Number= 955120
Name= BREWARRINA HOSPITAL
Country= AUSTRALIA
Lat=  -30.0
Long= -146.9
Height= 115
Start year= 1911
End year= 2007
First Good year= 1911
Source ID= 30
Source file= Jones+Anders
Jones data to= 2000
Normals source= Data
Normals source start year= 1961
Normals source end year= 1990
Normals=  28.2  27.9  25.0  20.2  15.9  12.3  11.4  13.2  16.8  21.1  24.1  27.2 
Standard deviations source= Data
Standard deviations source start year= 1941
Standard deviations source end year= 1990
Standard deviations=   1.9   1.7   1.2   1.3   1.1   1.2   1.0   0.9   1.5   1.4   1.6   1.3 
Obs:
1911  24.9  23.4  22.7  17.9  14.7  10.2  10.8  13.9  16.9  19.7  24.7  27.0 
1912  29.5  30.6  26.6  20.5  14.4  11.6   9.5  13.3  16.4  20.1  24.9  28.0 
1913  28.7  27.3  22.3  20.8  13.3  10.1  10.3  11.0  14.1  21.8  22.9  28.4 
1914  30.1  28.8  24.6  21.5  15.9  13.0  10.3  13.3  16.5  21.6  28.9  29.1 
1915  27.7  29.6  26.7  20.9  14.8  12.8  11.5  12.3  17.2  19.9  24.7  26.3 
1916  29.9  28.6  25.6  19.7  16.5  12.8  10.2  11.0  14.6  17.4  20.4  25.1 
1917 -99.0  25.1  26.2  22.2  16.1  11.6  10.4  11.8  16.0  20.5  21.6 -99.0 
1918 -99.0 -99.0 -99.0  20.7  16.0  11.8   9.8  13.0  16.4  20.1  25.0  28.4 
1919  30.3  28.6  24.9  23.3  18.3 -99.0  10.2  11.8  17.3  21.6  27.6  29.7 
1920  28.8  27.3  24.0  20.2  15.0  12.2  10.5  11.1  14.7  20.4  26.2  26.4 
1921  28.6  28.3  23.2  19.6  16.8  13.1  12.9  11.0  16.6  19.2  25.5  25.8 
1922  26.5  27.2  24.2  22.7  16.1  12.4  10.6  11.8  16.1  21.2  25.4  27.7 
1923  28.4  30.1  27.1  21.2  17.3  12.9  10.5  11.5  16.5  20.6  21.5  28.9 
1924  26.6  25.6  23.8  17.7  15.2  11.0  11.1  12.5  16.3  19.2  22.8  23.8 
1925  25.8  27.4  23.7  19.9  15.3  12.6  10.2  10.8  13.6  19.8  24.0  27.9 
1926  27.1  31.6  25.1  19.9  13.4  11.0  12.0  12.7  16.4  20.7  25.1  25.1 
1927  28.3  27.9  25.6  19.8  13.7  12.1  10.0  12.0  16.4  20.5  25.1  24.5 
1928  26.8  26.9  25.8  21.3  14.9  11.3  11.3  15.5  18.5  20.1  24.8  28.1 
1929  30.7  28.0  24.2  18.0  14.5  10.5   8.5  11.9  15.1  20.4  23.9  25.8 
1930  28.0  28.1  25.0  19.5  15.2  11.8  11.0  12.5  15.3  21.9  24.4  25.3 
1931  27.1  29.3  24.1  19.7  16.5  13.3   9.0  12.7  15.4  19.2  22.2  23.6 
1932  31.1  26.4  24.6  19.2  15.8  10.5  10.7  13.0  15.5  19.6  24.9  28.7 
1933  29.5  27.1  25.6  21.1  15.7  13.0  12.2  11.3  15.0  19.7  20.6 -99.0 
1934  28.3  26.7  27.0  19.3  15.7  10.8  11.0  11.7  14.9  16.3  20.0  23.8 
1935  28.1  27.7  24.8  17.7  13.8  11.8  10.2  13.4  14.8  19.7  24.0  26.5 
1936  27.2  27.5  23.2  18.5  16.4   9.7  12.0  13.4  14.5  20.5  24.7  26.5 
1937  28.2  25.8  22.9  18.7  15.3  11.3  10.6  13.7  17.2  21.8  25.0  29.3 
1938  28.2  27.8  27.5  20.6  17.8  11.7  10.1  11.3  16.4  23.0  26.7  29.4 
1939  32.8  28.6  24.0  20.0  17.2  12.1  10.1  11.5  14.8  18.7  23.1  26.7 
1940  29.6  27.7  25.9  20.6  14.2  11.4  10.4  12.7  15.5 -99.0 -99.0  28.0 
1941  23.4  25.4  22.7  21.0  15.6  11.4  11.4  11.9  16.9  20.2  23.6  27.0 
1942  28.5  25.5  25.2  21.0  17.2  14.5  11.6  13.3  16.0  20.0  23.9  25.5 
1943  25.5  27.4  27.1  19.6  14.8   9.5   9.6  10.4  15.7  20.8  22.9  27.5 
1944  30.0  27.4  25.6  17.5  13.6  12.2  11.3  12.1  17.1  20.6  26.7  27.5 
1945  29.1  27.0  24.1  19.8  16.0  14.0  10.7  13.2  15.8  19.8  24.3  28.0 
1946  30.4  29.4  22.7  19.2  15.7  10.0  11.3  12.9  15.4  19.2  26.5  27.2 
1947  30.4  25.9  23.5  18.7  17.3 -99.0  10.9  11.2  14.2  18.3  21.2  25.0 
1948  25.9  28.9  23.9  19.6  13.5  11.1   9.1  12.2  16.1  19.8  23.7  28.6 
1949  27.1  27.0  23.8  18.1  14.6   9.2  10.8  12.7  16.2  20.5  23.0  28.4 
1950  28.0  25.6  23.6  19.3  15.2  11.6  11.7  13.1  16.8  18.2  21.5  27.5 
1951  27.2  28.0  26.8  18.3  15.3  12.7  11.6  12.2  18.6 -99.0  22.9  25.5 
1952  30.1  26.9 -99.0  17.3  14.1  10.8   9.8  12.4  15.5  19.8  21.8  27.1 
1953  27.0  24.4  25.6  21.0  14.5  11.9  11.0  10.9  16.5  19.8  23.3  28.8 
1954  26.6  24.9  24.1  22.2  14.9  12.3  11.2  13.1  16.0  19.5  23.5  26.8 
1955  27.1  27.0  26.0  20.9  13.9  12.9   9.0  12.2  16.2  19.7  21.5  23.5 
1956  26.7  24.8  23.6  18.9  14.3  10.9  11.5  11.5  14.1  17.6  21.2  25.6 
1957 -99.0 -99.0 -99.0 -99.0 -99.0 -99.0 -99.0 -99.0 -99.0 -99.0 -99.0 -99.0 
1958 -99.0 -99.0 -99.0 -99.0 -99.0 -99.0 -99.0 -99.0 -99.0 -99.0 -99.0 -99.0 
1959 -99.0 -99.0 -99.0 -99.0 -99.0 -99.0 -99.0 -99.0 -99.0 -99.0 -99.0 -99.0 
1960 -99.0 -99.0 -99.0 -99.0 -99.0 -99.0 -99.0 -99.0 -99.0 -99.0 -99.0 -99.0 
1961 -99.0 -99.0 -99.0 -99.0 -99.0 -99.0 -99.0 -99.0 -99.0 -99.0 -99.0 -99.0 
1962 -99.0 -99.0 -99.0 -99.0 -99.0 -99.0 -99.0 -99.0 -99.0 -99.0 -99.0 -99.0 
1963 -99.0 -99.0 -99.0 -99.0 -99.0 -99.0 -99.0 -99.0 -99.0 -99.0 -99.0 -99.0 
1964 -99.0 -99.0 -99.0 -99.0 -99.0 -99.0 -99.0 -99.0 -99.0 -99.0 -99.0 -99.0 
1965  26.2  29.0  26.1  19.1  15.6  11.5  10.6  13.6  20.2  24.0  23.7  26.5 
1966  28.9  29.3  24.7  21.4  14.5  12.3  10.8  12.9  17.0  20.8  24.5  25.8 
1967  30.4  29.0  23.2  21.1  16.8  14.8 -99.0  12.2  16.7  24.4  25.6  25.5 
1968  28.2  28.3  26.6 -99.0 -99.0 -99.0 -99.0 -99.0  15.8 -99.0 -99.0  26.3 
1969  31.1  29.5  25.6  19.2  15.6  12.3  12.7 -99.0  14.0  22.4  22.9  26.7 
1970  27.3  27.6  23.7  19.9  13.8  13.1  10.8  12.4  15.2  21.1  23.6  26.4 
1971  27.8  26.4  25.2  20.2  15.7  11.9  10.6  14.3  16.4  21.4  22.4  27.1 
1972  25.5  26.0  25.0  19.8  16.2  13.0  11.0  14.6  19.0 -99.0 -99.0  29.5 
1973  30.4  26.9  25.4  22.4  16.7  13.4  14.0  13.9  17.2  21.6  23.7  26.8 
1974  25.9  26.5  25.0  20.9  15.9  11.8  11.5  12.2  14.2  19.4  21.5  26.8 
1975  27.0  26.1  23.7  19.5  16.3  12.4  13.2  13.4  17.9  19.9  25.4  27.6 
1976  26.0  24.2  23.7  18.9  15.3  12.1  11.4  12.6  15.7  17.8  23.2  27.4 
1977  27.9  28.1  23.9  20.0  15.4 -99.0  10.5  14.1  16.6  20.5 -99.0  28.5 
1978 -99.0  28.5 -99.0  19.3  16.3 -99.0  10.6 -99.0  15.3  20.9 -99.0 -99.0 
1979  31.3 -99.0  25.9 -99.0  15.0 -99.0 -99.0  12.8  17.1  21.5 -99.0 -99.0 
1980 -99.0 -99.0  26.5  22.2 -99.0 -99.0 -99.0 -99.0  18.2 -99.0  25.9 -99.0 
1981 -99.0  29.9 -99.0 -99.0 -99.0  11.5 -99.0 -99.0  18.4 -99.0 -99.0 -99.0 
1982  29.5  30.0  24.6  20.7  15.9  10.8  11.0 -99.0  17.2  20.4  27.0  29.0 
1983  29.2  30.4  26.0  18.1  16.0  11.4  10.6  12.8  19.1  21.6  22.7  26.1 
1984  26.2  26.1  23.3 -99.0  15.5  13.0  10.7  13.4  14.6  20.2  24.7 -99.0 
1985  29.1  28.0  26.1 -99.0  17.3  11.4  12.3  13.4 -99.0  20.4  23.4 -99.0 
1986  27.8  28.7 -99.0  21.5  17.5  11.9  12.1  12.8 -99.0 -99.0 -99.0 -99.0 
1987 -99.0 -99.0 -99.0 -99.0 -99.0 -99.0 -99.0 -99.0 -99.0 -99.0 -99.0 -99.0 
1988 -99.0 -99.0 -99.0 -99.0 -99.0 -99.0 -99.0 -99.0 -99.0 -99.0 -99.0 -99.0 
1989 -99.0 -99.0 -99.0 -99.0 -99.0 -99.0 -99.0 -99.0 -99.0 -99.0 -99.0 -99.0 
1990 -99.0 -99.0 -99.0 -99.0 -99.0 -99.0 -99.0 -99.0 -99.0  20.8  26.1  29.6 
1991  28.7  29.7  25.5  21.7  17.1  15.4  11.5  13.8  17.8 -99.0  25.7  26.1 
1992  28.1  26.9  26.0  21.8  16.0  12.1  11.8  12.8  15.7  21.1  22.4  25.5 
1993  30.1  28.8  24.7  21.9  16.9  11.8  12.9  13.8  16.0  19.5  24.8  25.8 
1994  28.9  27.0  22.5  20.2  15.5  12.8  11.5  12.0  15.6  20.8  24.1  28.6 
1995  26.3  25.9  23.7  17.7  15.8  12.6  10.6  15.5  16.9  21.0  24.8  26.2 
1996  28.0  26.1  24.5  18.6  16.2  13.6  11.0  12.8  16.2  20.9  23.2  26.9 
1997  26.6  29.1  23.9  20.4  16.2  12.3  10.9  12.6  17.5  21.2  26.2  28.6 
1998  28.9  28.1  26.9  19.7  14.8  12.0  10.5  13.9  17.4  19.8  22.8  26.6 
1999  29.6  26.0  24.1  17.8  16.5  12.8  12.4  13.5  18.0  22.1  21.0  23.7 
2000  25.8  26.7  25.1  20.1  14.9  11.5  11.6  12.9  19.3  20.1  23.6  27.5 
2001  30.1  29.0  24.2  21.0  14.7  13.3  11.5  12.7  18.3  19.4  23.0  27.0 
2002  28.7  27.2  26.0  22.5  15.5  12.6  11.3  13.9  18.1  21.9  28.8  27.7 
2003  30.6  28.7  24.3  20.6  16.4  13.0  11.9  13.4  17.7  19.5  25.3  29.4 
2004  29.5  29.9  25.6  21.9  14.3  12.4  10.9  13.5  16.9  21.9  23.6  27.0 
2005  29.4  28.2  24.6  24.0  16.3  13.9  12.6  13.3  17.4  22.3  25.5  29.2 
2006  31.4  30.7  26.5  19.0  13.6 -99.0 -99.0 -99.0 -99.0 -99.0 -99.0 -99.0 
2007 -99.0 -99.0 -99.0 -99.0 -99.0 -99.0 -99.0 -99.0 -99.0 -99.0 -99.0 -99.0 
