Number= 956770
Name= PARAFIELD AIRPORT
Country= AUSTRALIA
Lat=  -34.8
Long= -138.6
Height= 10
Start year= 1939
End year= 2007
First Good year= 1939
Source ID= 30
Source file= Jones+Anders
Jones data to= 1992
Normals source= Data
Normals source start year= 1961
Normals source end year= 1990
Normals=  22.9  23.1  21.1  17.5  14.5  11.4  11.0  11.9  13.7  16.1  19.2  21.5 
Standard deviations source= Data
Standard deviations source start year= 1941
Standard deviations source end year= 1990
Standard deviations=   1.6   1.6   1.4   1.2   0.9   0.8   0.7   0.8   0.8   0.9   1.1   1.2 
Obs:
1939 -99.0 -99.0 -99.0  18.1  15.3  11.8  10.4  10.5  12.2  16.0  18.0  18.6 
1940  21.5  20.7  24.8  16.5  12.9  10.9  11.0  11.3  13.7  18.3  17.0  22.1 
1941  20.5  21.4  19.1  20.0  14.2  12.8  12.1  11.9  13.4  14.4  19.8  22.8 
1942  22.5  21.7  22.2  18.0  15.5  12.6  11.2  12.2  14.0  17.1  18.6  22.7 
1943  22.9  23.1  22.6  16.1  13.2  11.8  10.9  10.1  13.1  14.8  17.7  19.6 
1944  21.8  21.7  21.4  15.9  13.2  11.0  10.7  11.7  16.0  16.5  19.9  20.6 
1945  21.1  20.5  18.8  17.9  14.9  13.5  10.3  12.6  13.6  15.8  18.5  22.9 
1946  23.1  20.8  19.0  15.2  14.9  11.0  12.1  11.5  12.7  14.2  18.3  20.8 
1947  22.6  24.8  20.6  17.8  16.2  13.1  11.2  11.7  13.0  15.1  17.3  20.2 
1948  21.5  21.9  19.0  17.2  14.0  11.4  10.7  12.9  14.6  14.6  17.5  20.0 
1949  21.1  18.8  19.6  17.0  13.3  10.5  11.2  12.6  13.2  15.7  17.0  20.0 
1950  21.0  21.6  20.0  18.6  16.0  12.0  11.9  11.9  14.5  15.5  19.2  23.1 
1951  25.9  23.0  22.1  16.2  14.6  12.6  10.9  10.7  14.1  15.5  18.3  21.8 
1952  22.1  20.4  21.4  15.6  13.8  12.3  10.2  10.9  13.4  14.9  16.6  19.0 
1953  21.8  22.4  22.8  18.7  14.7  12.7  11.4  10.7  13.3  15.7  17.4  19.5 
1954  23.2  19.1  19.2  18.7  15.1  11.8  11.2  12.0  14.3  16.4  18.4  22.0 
1955  24.0  25.5 -99.0 -99.0 -99.0 -99.0 -99.0 -99.0 -99.0 -99.0 -99.0 -99.0 
1956 -99.0 -99.0 -99.0 -99.0 -99.0 -99.0 -99.0 -99.0 -99.0 -99.0 -99.0 -99.0 
1957 -99.0 -99.0 -99.0 -99.0 -99.0 -99.0 -99.0 -99.0 -99.0 -99.0 -99.0 -99.0 
1958 -99.0 -99.0 -99.0 -99.0 -99.0 -99.0 -99.0 -99.0 -99.0 -99.0 -99.0 -99.0 
1959 -99.0 -99.0 -99.0 -99.0 -99.0 -99.0 -99.0 -99.0 -99.0 -99.0 -99.0 -99.0 
1960 -99.0 -99.0 -99.0 -99.0 -99.0 -99.0 -99.0 -99.0 -99.0 -99.0 -99.0 -99.0 
1961 -99.0 -99.0 -99.0 -99.0 -99.0 -99.0 -99.0 -99.0 -99.0 -99.0 -99.0 -99.0 
1962 -99.0 -99.0 -99.0 -99.0 -99.0 -99.0 -99.0 -99.0 -99.0 -99.0 -99.0 -99.0 
1963 -99.0 -99.0 -99.0 -99.0 -99.0 -99.0 -99.0 -99.0 -99.0 -99.0 -99.0 -99.0 
1964 -99.0 -99.0 -99.0 -99.0 -99.0 -99.0 -99.0 -99.0 -99.0 -99.0 -99.0 -99.0 
1965 -99.0 -99.0 -99.0 -99.0 -99.0 -99.0 -99.0 -99.0 -99.0 -99.0 -99.0 -99.0 
1966 -99.0 -99.0 -99.0 -99.0 -99.0 -99.0 -99.0 -99.0 -99.0 -99.0 -99.0 -99.0 
1967 -99.0 -99.0 -99.0 -99.0 -99.0 -99.0 -99.0 -99.0 -99.0 -99.0 -99.0 -99.0 
1968 -99.0 -99.0 -99.0 -99.0 -99.0 -99.0 -99.0 -99.0 -99.0 -99.0 -99.0 -99.0 
1969 -99.0 -99.0 -99.0 -99.0 -99.0 -99.0 -99.0 -99.0 -99.0 -99.0 -99.0 -99.0 
1970 -99.0 -99.0 -99.0 -99.0 -99.0 -99.0 -99.0 -99.0 -99.0 -99.0 -99.0 -99.0 
1971 -99.0 -99.0 -99.0 -99.0 -99.0 -99.0 -99.0 -99.0 -99.0 -99.0 -99.0 -99.0 
1972 -99.0 -99.0 -99.0 -99.0 -99.0 -99.0 -99.0 -99.0 -99.0 -99.0 -99.0  21.2 
1973  24.8  22.8  20.4  18.8  15.0  10.4  11.5  12.0  14.1  16.8  18.1  22.5 
1974  25.0  21.5  22.9  17.5  13.5  11.7  11.5  11.9  12.4  15.6  17.2  20.5 
1975  20.3  24.2  19.7  17.1  15.9  10.8  12.7  11.5  14.1  15.7  20.2  23.1 
1976  22.0  24.8  20.2  17.4  13.2  11.7  10.5  12.1  13.6  15.0  18.3  21.5 
1977  23.3  24.0  20.2  15.6  14.3  11.3  10.9  13.9  12.8  17.7  18.9  22.5 
1978  21.8  22.2  21.4  17.2  14.6  11.3  10.8  10.4  12.9  16.4  18.3  21.0 
1979  25.6  23.9  21.1  16.5  12.8  12.6  11.4  11.7  14.1  15.3  19.5  21.5 
1980  20.7  22.5  20.1  19.9  15.5  12.0  11.5  12.4  14.8  16.5  20.4  22.4 
1981  26.2  24.9  18.6  19.0  14.7  12.1  11.4  11.5  15.2  16.2  19.2  20.8 
1982  25.4  23.6  21.8  18.0  14.3  10.2  10.0  13.5  13.9  16.1  21.2  22.0 
1983  22.0  25.5  21.2  15.6  13.7  10.8  10.0  12.4  13.9  16.3  19.3  22.5 
1984  21.9  22.6  20.3  16.7  14.8  11.3  10.2  12.2  12.4  16.0  19.3  21.5 
1985  22.4  23.0  22.4  17.6  14.0  11.6  11.3  11.9  12.5  16.5  19.3  19.5 
1986  21.2  21.4  22.4  17.2  14.4  11.2  10.4  11.5  13.0  14.4  18.4  19.7 
1987  20.1  22.2  18.9  18.2  14.3  12.1  10.0  11.4  13.8  15.3  19.7  21.2 
1988  23.0  21.2  22.3  17.3  15.7  12.3  11.3  12.1  14.3  17.3  17.9  22.2 
1989  23.0  23.6  23.0  18.1  14.8  10.2  10.0  10.3  13.4  15.3  20.2  22.1 
1990  23.4  21.9  22.8  17.8  15.9  12.0  11.8  11.3  15.0  17.4  20.7  20.9 
1991  24.4  23.7  20.3  18.4  14.0  14.3  11.6  12.0  14.1  17.2  19.5  20.7 
1992  20.2  24.0  21.3  18.7  14.2  12.0  11.9  10.8 -99.0 -99.0 -99.0 -99.0 
1993 -99.0 -99.0 -99.0 -99.0 -99.0 -99.0 -99.0 -99.0 -99.0 -99.0 -99.0 -99.0 
1994 -99.0 -99.0 -99.0 -99.0 -99.0 -99.0 -99.0 -99.0 -99.0 -99.0 -99.0 -99.0 
1995 -99.0 -99.0 -99.0 -99.0 -99.0 -99.0 -99.0 -99.0 -99.0 -99.0 -99.0 -99.0 
1996 -99.0 -99.0 -99.0 -99.0 -99.0 -99.0 -99.0 -99.0 -99.0 -99.0 -99.0 -99.0 
1997 -99.0 -99.0 -99.0 -99.0 -99.0 -99.0 -99.0 -99.0 -99.0 -99.0 -99.0 -99.0 
1998 -99.0 -99.0 -99.0 -99.0 -99.0 -99.0 -99.0 -99.0 -99.0 -99.0 -99.0 -99.0 
1999 -99.0 -99.0 -99.0 -99.0 -99.0 -99.0 -99.0 -99.0 -99.0 -99.0 -99.0 -99.0 
2000  23.6  26.6  20.9  17.1  12.5  10.8  10.7  10.9  14.2  15.9  22.1  22.0 
2001  27.2  26.2  20.2  16.3  13.2  11.7  10.1  11.3  15.2  14.3  17.7  18.5 
2002  22.2  21.0  20.0  18.9  16.1  11.8  11.7  11.3  14.4  16.0  21.0  22.7 
2003  25.6  23.5  18.9  17.8  14.7  11.9  11.0  11.0  13.2  13.8  21.3  23.2 
2004  20.5  25.0  21.2  18.6  14.0  12.8  10.6  12.0  13.0  17.6  20.0  21.5 
2005  22.8  21.3  20.2  20.2  15.2  13.2  11.2  12.6  13.5  16.8  19.5  22.1 
2006  26.4  21.6  22.3  16.8  12.3 -99.0 -99.0 -99.0 -99.0 -99.0 -99.0 -99.0 
2007 -99.0 -99.0 -99.0 -99.0 -99.0 -99.0 -99.0 -99.0 -99.0 -99.0 -99.0 -99.0 
