Number= 956760
Name= BELAIR-(KALYRA)-----
Country= AUSTRALIA---
Lat=  -35.0
Long= -138.6
Height= 305
Start year= 1900
End year= 2007
First Good year= 1900
Source ID= 30
Source file= Jones+Anders
Jones data to= 1992
Normals source= Data
Normals source start year= 1961
Normals source end year= 1990
Normals=  21.1  21.5  19.2  16.6  13.2  10.9  10.0  10.7  12.3  14.9  17.2  19.0 
Standard deviations source= Data
Standard deviations source start year= 1941
Standard deviations source end year= 1990
Standard deviations=   1.7   1.2   1.1   1.3   1.0   0.7   0.8   1.1   1.1   1.2   1.2   1.5 
Obs:
1900  20.9  21.5  17.7  14.0  12.4  10.8   9.5  10.0  11.2  14.7  18.0  20.0 
1901  19.9  23.8  18.6  15.9  15.2   9.9   9.5  10.3  13.2  13.9  19.4  20.8 
1902  20.1  19.5  17.7  18.8  15.5  11.2  10.8  10.8  13.2  15.3  19.8  18.0 
1903  20.2  19.3  19.1  15.6  12.4  10.0   9.4  10.8  12.6  16.0  17.6  17.9 
1904  18.8  19.4  18.0  19.2  14.1  10.7   9.6  10.5  12.3  15.3  16.4  20.2 
1905  21.9  18.7  18.5  16.6  14.5  10.9 -99.0 -99.0 -99.0 -99.0  15.6  19.2 
1906  24.0  24.6  18.6  16.8  14.6  12.5  10.8  10.5  12.5  14.3  14.8  20.3 
1907  19.0  22.7 -99.0  14.7  14.4  10.4  10.3  11.6  14.4  14.7  18.1  18.1 
1908  26.2  22.1  18.0 -99.0 -99.0 -99.0   9.4  10.3  10.7  15.4  19.4  21.7 
1909  20.5  19.8  18.9  14.4  13.3  10.6   9.1  10.0  12.2  14.9  16.7 -99.0 
1910  23.0  23.8 -99.0  16.9  14.5  11.5  10.1  12.0  13.2  13.1 -99.0 -99.0 
1911  21.8  19.8  18.7  16.2  14.4  10.9   9.7  12.6  12.5  14.2  20.5  17.6 
1912  20.9  23.7  20.7  15.0  15.1  10.9  10.1  11.4  12.3  15.2  15.7  19.4 
1913  20.0  21.2  18.5  18.3  11.6 -99.0 -99.0  12.2  12.3  15.7 -99.0 -99.0 
1914 -99.0  24.4  21.5  16.6  14.2  12.4  10.7  14.3  13.6  19.8  20.4  20.8 
1915  21.1  22.8 -99.0 -99.0  12.9  12.0  11.1  11.4  12.7  14.1  15.5  19.0 
1916  19.2  22.1 -99.0 -99.0  14.4 -99.0 -99.0 -99.0 -99.0 -99.0 -99.0 -99.0 
1917  19.8  20.0  21.1  16.4  12.5  10.9  11.1  11.2  12.5  13.9  16.0  20.9 
1918  22.2  21.6  19.4  16.1  15.9  11.9   9.9  11.4  13.6  13.9  17.3  19.7 
1919  21.4  22.8  18.8  19.5  13.4  11.7  10.5  13.0  14.0  16.4  19.7  20.7 
1920  20.0  23.0  20.0  16.4  12.9  10.6  10.5  11.5  12.9  15.5  17.3  20.0 
1921  22.9  23.2  20.6  17.2  16.8  12.4  11.8  11.6  14.4  15.4  19.2  18.4 
1922  19.0  23.1  19.5  17.6  13.8  11.0  10.2  10.8  12.5  15.4  19.5  18.1 
1923  20.1  23.5  19.7  20.4  15.1  11.4  10.5  10.6  11.9  14.1  15.3 -99.0 
1924 -99.0 -99.0  18.6  14.2  13.8 -99.0  11.4  12.0  12.1  14.9  16.6  18.6 
1925  20.4  19.9  20.5  17.6  13.1  11.9  10.2  10.2  11.8  14.9  17.7  19.3 
1926  19.8  22.6  20.6  16.6  12.0  11.3  12.0  11.6  12.9  16.1  18.1  18.4 
1927  22.2  19.6  19.0  15.1  13.1  10.9  10.4  11.3  13.6  16.2  18.5  19.5 
1928  19.6  20.0  20.1  18.5  13.4  10.8  10.9  12.8  14.3  13.3  16.9  20.4 
1929  19.2  23.7  19.0  16.2  13.7  11.1   9.2  10.2  12.9  14.1  15.4  16.5 
1930  20.1  23.9  21.0  16.7  14.5  10.6  10.7  10.1  13.2  15.2  16.8  20.8 
1931  18.8  19.6  18.2  15.7  13.0  10.4   9.2  11.4  13.0  14.2  17.0  21.6 
1932  24.0  18.5  19.5  15.1  15.1  10.4   9.7  10.1  13.3  13.0  17.8  18.9 
1933  19.8  21.4  18.6  16.1  13.3  11.4   9.8  10.8  12.3  15.0  16.9  18.7 
1934  22.9  21.9  22.8  14.9  16.0  11.6  11.2  10.5  13.2  14.3  16.5  18.4 
1935  19.5  20.3  19.5  15.1  12.7  10.3  10.0  12.3  13.0  15.2  17.5  19.2 
1936  20.8  20.2  19.9  15.8  14.9   9.8   9.9  11.0  11.8  14.3  17.4  18.4 
1937  19.0  20.4  22.3  15.7  13.3   9.9 -99.0 -99.0 -99.0 -99.0  18.1  18.2 
1938  19.9  19.8  19.8  17.0  14.0   9.5   9.7   9.7  12.0  14.8  18.4  19.0 
1939  24.1  22.0  18.5  16.6  14.5 -99.0 -99.0 -99.0 -99.0 -99.0 -99.0 -99.0 
1940 -99.0 -99.0 -99.0 -99.0 -99.0 -99.0 -99.0 -99.0 -99.0 -99.0 -99.0 -99.0 
1941 -99.0 -99.0 -99.0 -99.0 -99.0 -99.0 -99.0 -99.0 -99.0 -99.0 -99.0 -99.0 
1942 -99.0 -99.0 -99.0 -99.0 -99.0 -99.0 -99.0 -99.0 -99.0 -99.0 -99.0 -99.0 
1943 -99.0 -99.0 -99.0 -99.0 -99.0 -99.0 -99.0 -99.0 -99.0 -99.0 -99.0 -99.0 
1944 -99.0 -99.0 -99.0 -99.0 -99.0 -99.0 -99.0 -99.0 -99.0 -99.0 -99.0 -99.0 
1945 -99.0 -99.0 -99.0 -99.0 -99.0 -99.0 -99.0 -99.0 -99.0 -99.0 -99.0 -99.0 
1946 -99.0 -99.0 -99.0 -99.0 -99.0 -99.0 -99.0 -99.0 -99.0 -99.0 -99.0 -99.0 
1947 -99.0 -99.0 -99.0 -99.0 -99.0 -99.0 -99.0 -99.0 -99.0 -99.0 -99.0 -99.0 
1948 -99.0 -99.0 -99.0 -99.0 -99.0 -99.0 -99.0 -99.0 -99.0 -99.0 -99.0 -99.0 
1949 -99.0 -99.0 -99.0 -99.0 -99.0 -99.0 -99.0 -99.0 -99.0 -99.0 -99.0 -99.0 
1950 -99.0 -99.0 -99.0 -99.0 -99.0 -99.0 -99.0 -99.0 -99.0 -99.0 -99.0 -99.0 
1951 -99.0 -99.0 -99.0 -99.0 -99.0 -99.0 -99.0 -99.0 -99.0 -99.0 -99.0 -99.0 
1952 -99.0 -99.0 -99.0 -99.0 -99.0 -99.0 -99.0 -99.0 -99.0 -99.0 -99.0 -99.0 
1953 -99.0 -99.0 -99.0 -99.0 -99.0 -99.0 -99.0 -99.0 -99.0 -99.0 -99.0 -99.0 
1954 -99.0 -99.0 -99.0 -99.0 -99.0 -99.0 -99.0 -99.0 -99.0 -99.0 -99.0 -99.0 
1955 -99.0 -99.0 -99.0 -99.0 -99.0 -99.0 -99.0 -99.0 -99.0 -99.0 -99.0 -99.0 
1956 -99.0 -99.0 -99.0 -99.0 -99.0 -99.0 -99.0 -99.0 -99.0 -99.0 -99.0 -99.0 
1957 -99.0 -99.0 -99.0 -99.0 -99.0 -99.0 -99.0 -99.0 -99.0 -99.0 -99.0 -99.0 
1958 -99.0 -99.0 -99.0 -99.0 -99.0 -99.0 -99.0 -99.0 -99.0 -99.0 -99.0 -99.0 
1959 -99.0 -99.0 -99.0 -99.0 -99.0 -99.0 -99.0 -99.0 -99.0 -99.0 -99.0 -99.0 
1960 -99.0 -99.0 -99.0 -99.0 -99.0 -99.0 -99.0 -99.0 -99.0 -99.0 -99.0 -99.0 
1961 -99.0 -99.0 -99.0 -99.0 -99.0 -99.0 -99.0 -99.0 -99.0 -99.0 -99.0 -99.0 
1962  22.0  20.6  20.4 -99.0  11.6  12.1  11.2  10.5  12.6  13.4  18.6  17.7 
1963  20.4 -99.0  18.9  15.8  12.5  10.6   9.5  10.6  13.4  16.7  18.0  19.9 
1964  20.5  19.4  19.0  16.4  13.4  10.6  10.0  10.7  12.6  13.3  16.6  15.7 
1965  19.4  22.6  19.6  14.4  13.7  11.3   9.6  11.1  13.5  17.1  16.7  22.0 
1966  22.6  20.4  19.5  15.6  13.0  11.4   8.9  10.3  11.7  14.1  18.8  17.9 
1967  19.3  21.7  18.7  19.2  14.3  12.5  10.4  10.0  12.8  16.8  17.9  18.2 
1968  23.6  23.5  20.2  17.8  11.4  10.3   8.6   9.2  12.1  14.9  15.2  18.1 
1969  22.7  19.9  18.3  16.5  12.2  10.4  11.0  12.1  10.2  15.7  16.1  16.9 
1970  19.0  22.3  18.9  17.0  12.4  11.6   9.9   9.1  10.9  14.3  17.0  18.5 
1971  20.3  22.4  21.6  18.3  12.4  10.3   9.7   9.9  11.6  13.6  15.0  17.6 
1972  19.7  21.9  18.4  16.8  14.7  11.4   9.6  10.5  13.4  14.8  17.0  20.2 
1973  23.0  21.3  18.5  16.8  14.1   9.6  10.9  11.3  13.1  15.5  16.7  20.3 
1974  22.3  19.9  21.7  15.5  13.1  10.9  10.3  11.0  11.4  14.4  16.0  17.5 
1975  19.7  23.4  18.4  16.4  14.6  10.6  11.9  10.4  13.0  13.8  18.1  20.6 
1976  19.4  22.0  18.6  15.9  12.4  10.7  10.4  10.6  11.8  12.5  16.5  20.8 
1977  21.5  22.5  18.7  15.0  13.1  10.2  10.5  13.4  11.8  16.9  17.1  21.3 
1978  19.6  20.3  19.9  16.7  13.3  10.6   9.5   9.8  11.1  15.5  16.3  17.5 
1979  23.6  22.5  19.4  14.6  12.2  12.0  10.3   9.9  11.6  14.3  16.6  19.3 
1980  19.3  21.5  19.3  19.1  15.0  11.4  10.2  11.7  13.6  15.2  19.5  20.3 
1981  23.7  21.7  17.1  18.0  13.4  10.3  10.0 -99.0  14.5  15.0  16.8  19.6 
1982  24.1  20.6  18.6  17.7  12.9   9.6   9.3  13.2  13.0  14.9  19.8  19.7 
1983  19.5  23.6  18.6  14.7  13.4  10.8 -99.0 -99.0  13.0  14.8  16.9  20.3 
1984  19.8  20.0  18.3  16.2  14.3  11.3   8.8  10.5  10.2  14.5  16.9  18.4 
1985  20.2  20.5  21.2 -99.0 -99.0  10.3  10.1  10.5  11.2  15.4  16.6  17.1 
1986 -99.0 -99.0 -99.0 -99.0 -99.0 -99.0   9.1 -99.0 -99.0 -99.0 -99.0 -99.0 
1987 -99.0 -99.0 -99.0 -99.0 -99.0 -99.0 -99.0 -99.0 -99.0 -99.0 -99.0 -99.0 
1988 -99.0 -99.0 -99.0 -99.0 -99.0 -99.0 -99.0 -99.0 -99.0 -99.0 -99.0 -99.0 
1989 -99.0 -99.0 -99.0 -99.0 -99.0 -99.0 -99.0 -99.0 -99.0 -99.0 -99.0 -99.0 
1990 -99.0 -99.0 -99.0 -99.0 -99.0 -99.0 -99.0 -99.0 -99.0  16.0  18.1  19.1 
1991  22.0  21.1  18.5  17.8  13.6  13.2  10.2  10.3  13.1  15.2  17.1  17.3 
1992  17.6  20.7  19.4 -99.0  13.3  10.7  11.0  10.2  10.3  15.5 -99.0 -99.0 
1993 -99.0 -99.0 -99.0 -99.0 -99.0 -99.0 -99.0 -99.0 -99.0 -99.0 -99.0 -99.0 
1994 -99.0 -99.0 -99.0 -99.0 -99.0 -99.0 -99.0 -99.0 -99.0 -99.0 -99.0 -99.0 
1995 -99.0 -99.0 -99.0 -99.0 -99.0 -99.0 -99.0 -99.0 -99.0 -99.0 -99.0 -99.0 
1996 -99.0 -99.0 -99.0 -99.0 -99.0 -99.0 -99.0 -99.0 -99.0 -99.0 -99.0 -99.0 
1997 -99.0 -99.0 -99.0 -99.0 -99.0 -99.0 -99.0 -99.0 -99.0 -99.0 -99.0 -99.0 
1998 -99.0 -99.0 -99.0 -99.0 -99.0 -99.0 -99.0 -99.0 -99.0 -99.0 -99.0 -99.0 
1999 -99.0 -99.0 -99.0 -99.0 -99.0 -99.0 -99.0 -99.0 -99.0 -99.0 -99.0 -99.0 
2000 -99.0 -99.0 -99.0 -99.0 -99.0 -99.0 -99.0 -99.0 -99.0 -99.0 -99.0 -99.0 
2001 -99.0 -99.0 -99.0 -99.0 -99.0 -99.0 -99.0 -99.0 -99.0 -99.0 -99.0 -99.0 
2002 -99.0 -99.0 -99.0 -99.0 -99.0 -99.0 -99.0 -99.0 -99.0 -99.0 -99.0 -99.0 
2003 -99.0 -99.0 -99.0 -99.0 -99.0 -99.0 -99.0 -99.0 -99.0 -99.0 -99.0 -99.0 
2004 -99.0 -99.0 -99.0 -99.0 -99.0 -99.0 -99.0 -99.0 -99.0 -99.0 -99.0 -99.0 
2005 -99.0 -99.0 -99.0 -99.0 -99.0 -99.0 -99.0 -99.0 -99.0 -99.0 -99.0 -99.0 
2006 -99.0 -99.0 -99.0 -99.0 -99.0 -99.0 -99.0 -99.0 -99.0 -99.0 -99.0 -99.0 
2007 -99.0 -99.0 -99.0 -99.0 -99.0 -99.0 -99.0 -99.0 -99.0 -99.0 -99.0 -99.0 
