Number= 957270
Name= DUNEDOO POST OFFICE
Country= AUSTRALIA
Lat=  -32.0
Long= -149.4
Height= 388
Start year= 1946
End year= 2007
First Good year= 1946
Source ID= 30
Source file= Jones+Anders
Jones data to= 2000
Normals source= Data
Normals source start year= 1961
Normals source end year= 1990
Normals=  24.3  24.1  21.3  17.0  12.9   9.7   8.5  10.1  12.9  16.8  19.9  23.0 
Standard deviations source= Data
Standard deviations source start year= 1946
Standard deviations source end year= 1990
Standard deviations=   1.6   1.3   1.1   1.1   1.3   1.1   1.1   0.9   1.2   1.3   1.6   1.4 
Obs:
1946 -99.0  25.5  19.6  16.0  12.1   7.1   8.8   9.5  13.0  16.1  23.4  23.7 
1947  26.0  24.0  21.5  16.0  14.2   8.6   8.2   9.1  12.3  14.8  17.5  20.9 
1948  20.5  24.3  18.9  14.9   7.7   9.4   6.6   9.7  13.0  15.9  19.6  24.5 
1949  22.3  23.2  21.2  15.2  12.2   7.8   7.9   9.9  13.3  17.9  19.2  23.2 
1950  24.1  22.6  21.7  15.8  12.8  10.7  10.5  10.1  13.4  15.6  17.9  23.2 
1951  21.9  23.1  22.2  14.2  11.9  11.0   7.9   7.7  13.9  14.0  18.4  21.5 
1952  25.9  23.9  21.0  15.9  10.8   8.4   7.6  10.0  11.5  16.0  17.2  22.0 
1953  22.3  20.5  20.9  17.2  11.5   8.0   8.2   8.6  13.4  15.7  19.3  24.0 
1954  22.4  21.4  19.8  18.4  11.7  10.1   8.9  10.7  13.2  16.8  19.8  22.7 
1955  24.1  22.7  22.8  17.9  12.2   9.7   7.4   9.9  13.3  16.5  18.1  20.1 
1956  22.5  22.7  21.6  15.7  12.1   8.9   8.2   8.5  11.6  13.8  17.2  22.1 
1957 -99.0 -99.0 -99.0 -99.0 -99.0 -99.0 -99.0 -99.0 -99.0 -99.0 -99.0 -99.0 
1958 -99.0 -99.0 -99.0 -99.0 -99.0 -99.0 -99.0 -99.0 -99.0 -99.0 -99.0 -99.0 
1959 -99.0 -99.0 -99.0 -99.0 -99.0 -99.0 -99.0 -99.0 -99.0 -99.0 -99.0 -99.0 
1960 -99.0 -99.0 -99.0 -99.0 -99.0 -99.0 -99.0 -99.0 -99.0 -99.0 -99.0 -99.0 
1961 -99.0 -99.0 -99.0 -99.0 -99.0 -99.0 -99.0 -99.0 -99.0 -99.0 -99.0 -99.0 
1962 -99.0 -99.0 -99.0 -99.0 -99.0 -99.0 -99.0 -99.0 -99.0 -99.0 -99.0 -99.0 
1963 -99.0 -99.0 -99.0 -99.0 -99.0 -99.0 -99.0 -99.0 -99.0 -99.0 -99.0 -99.0 
1964 -99.0 -99.0 -99.0 -99.0 -99.0 -99.0 -99.0 -99.0 -99.0 -99.0 -99.0 -99.0 
1965  22.5  24.9  21.5  16.3  12.0   8.9   7.7  11.0  16.0  18.7  19.8  22.3 
1966  23.8  23.6  20.5  17.3  11.3   9.2   7.0   9.4  12.7  15.6  19.0  22.4 
1967  24.3  24.0  19.2  17.4  13.0  12.8   8.4   8.8  12.6  18.8  21.1  22.0 
1968  24.0  25.0  22.5 -99.0 -99.0 -99.0   7.6   9.8  11.8  16.1  20.4  21.3 
1969  25.9  24.5  21.6  16.3  12.6   9.2   9.4  11.0   9.9  16.7  18.4  21.5 
1970  22.8  23.5  19.5  16.6 -99.0   9.9   7.3   8.8  11.3  17.7  18.9  22.3 
1971  22.7  22.8  21.9 -99.0  12.0   8.7   7.8  10.4  13.3  16.4  17.8  22.3 
1972  22.4  21.8  20.9  16.3  14.0  10.3   7.9  11.5  14.2  17.6  20.0  25.4 
1973  26.8  23.7  22.1  18.6  13.2  10.0  11.9  10.5  13.7  17.6  19.1  22.5 
1974  23.4 -99.0  22.2 -99.0 -99.0  10.3   9.6   9.2  11.6  15.7  17.8 -99.0 
1975  24.3  23.2  20.3  16.6  13.1   9.9  10.1  10.7  14.0  15.7  19.7  23.8 
1976  22.8  22.7  20.0  15.6  12.8   9.8   8.8   9.2  11.7  14.4  18.4  22.7 
1977  24.1  24.5  21.2  17.3  12.9   9.1   8.5  10.7  12.5  18.1  21.6  24.7 
1978  24.7  24.5  22.3  16.1  13.7   9.4   8.1   8.9  12.9  15.7  18.9  21.3 
1979  26.6  25.4  21.6  16.7  11.8  10.5   8.0   9.7  13.0  16.7  21.5  25.6 
1980  24.1  24.6  22.3  18.4  14.1  10.3   8.5  10.6  13.8  19.2  22.7  23.6 
1981  27.7  25.6  21.8  18.4  13.4   9.5   9.0   9.5  14.3  17.2  18.2  24.1 
1982  25.3  24.7  20.4  17.0  11.7   8.1   7.1  11.8  13.3  16.8  22.7  24.3 
1983  25.0  26.6  23.4  16.1  13.8   9.2   8.5  10.1  13.9  17.5  18.7  21.6 
1984  22.2  23.3  20.0  16.9  12.5  10.4   8.1  10.3  11.5  15.5  21.5  22.3 
1985  25.0  23.4  22.7  17.4  13.7   8.4   9.0  10.1 -99.0  16.4  19.7 -99.0 
1986 -99.0 -99.0 -99.0 -99.0  14.2 -99.0 -99.0 -99.0 -99.0 -99.0 -99.0  21.1 
1987 -99.0 -99.0 -99.0 -99.0 -99.0 -99.0 -99.0 -99.0 -99.0 -99.0 -99.0 -99.0 
1988 -99.0 -99.0 -99.0 -99.0 -99.0 -99.0 -99.0 -99.0 -99.0 -99.0 -99.0 -99.0 
1989 -99.0 -99.0 -99.0 -99.0 -99.0 -99.0 -99.0 -99.0 -99.0 -99.0 -99.0 -99.0 
1990 -99.0 -99.0 -99.0 -99.0 -99.0 -99.0 -99.0 -99.0 -99.0  15.9  20.8  25.8 
1991  24.9  26.1  21.8  16.8  14.5  12.3 -99.0 -99.0  12.4 -99.0  20.4 -99.0 
1992  24.7  22.7  21.0  18.3  13.1   9.3   8.9   9.6  12.2  15.8  18.4  21.3 
1993  26.2  24.7  20.5  18.8  14.1   9.0  11.8  11.2  12.6  15.8  19.9  21.8 
1994  24.7  24.6  19.4  17.4  12.9  10.1   8.5   9.9  12.9  17.3  21.2  24.6 
1995  23.3  23.4  21.1  16.2  14.5  11.1   8.3  12.0  13.8  17.7  21.0  21.9 
1996  23.8  21.5  21.1  15.6  14.3  11.2   9.0   9.9  13.7  16.5  18.8  22.2 
1997  22.6  24.9  21.5  17.7  14.4  10.3   8.4   9.5  13.4  17.3  23.7  25.1 
1998  25.5  25.8  23.7  18.8  13.0   9.8   8.7  11.9  14.5  15.0  18.1  23.7 
1999  26.4  22.5  21.2  14.9  14.6  10.6  10.5  10.7  14.6  18.2  17.5  21.5 
2000  22.0  24.2  21.9  17.1  12.4   8.7   8.6  10.1  14.4  16.0  20.2  23.4 
2001  26.6  25.6  20.9  17.8  12.3   9.9   9.6   9.3  14.7  16.0  19.9  23.2 
2002  24.5  23.3  21.2  18.7  12.8   9.5   8.2  11.7  14.5  18.5  24.2  23.5 
2003  26.4  24.9  20.7  16.8  13.8  11.0   9.4  10.2  12.9  14.8  19.5  23.9 
2004  25.6  26.6  21.8  18.9  11.9  10.0   8.6  10.4  13.0  17.8  20.5  23.1 
2005  24.9  24.8  21.0  20.3  13.1  11.7  10.2  10.3  13.7  17.8  20.9  24.9 
2006  27.2  26.2 -99.0  15.8  11.1 -99.0 -99.0 -99.0 -99.0 -99.0 -99.0 -99.0 
2007 -99.0 -99.0 -99.0 -99.0 -99.0 -99.0 -99.0 -99.0 -99.0 -99.0 -99.0 -99.0 
