Number= 959962
Name= KELLERBERRIN
Country= AUSTRALIA
Lat=  -31.6
Long= -117.7
Height= 250
Start year= 1910
End year= 2007
First Good year= 1910
Source ID= 30
Source file= Jones+Anders
Jones data to= 1992
Normals source= Data
Normals source start year= 1961
Normals source end year= 1990
Normals=  25.6  25.3  22.7  18.5  14.7  12.1  11.0  11.3  13.3  16.7  20.4  23.8 
Standard deviations source= Data
Standard deviations source start year= 1941
Standard deviations source end year= 1990
Standard deviations=   0.9   1.1   1.2   1.4   1.0   1.0   0.8   1.0   0.9   1.2   1.2   1.3 
Obs:
1910  25.0  24.5  22.5  19.5  13.9  12.1  10.1  10.8  13.7  13.3  18.7  21.5 
1911  25.0  23.6  20.6  17.7  12.7   9.9  10.3  10.0  12.1  16.1  20.9  22.1 
1912  25.3  25.8  23.8  19.0  14.9  11.2  10.6  11.6  12.0  16.3  19.3  24.1 
1913  23.9  24.6  22.2  19.0  13.6  12.4   9.9  10.8  13.2  15.2  20.6  22.5 
1914  26.0  24.4  22.6  17.1  13.2  11.4   9.6  12.7  15.5  19.7  20.6  24.5 
1915  25.5  25.3  21.6  19.2  15.1  13.4  11.3  11.5  12.3  16.0  21.6  25.1 
1916  23.6  24.6  22.9  17.1  14.8  10.9   9.3  10.6  14.1  14.7  20.1  22.5 
1917  24.4  22.7  20.0  17.0  12.7  11.6  11.1  10.3  12.5  14.9  19.0  21.2 
1918  25.8  24.0  21.2  20.5  14.8  13.1  10.6  11.2  14.4  15.3  21.9  23.9 
1919  25.0  25.0  24.6  17.8  13.4  11.9  12.1  10.7  11.3  14.4  20.1  23.4 
1920  25.9  24.2  22.8  17.5  14.3  11.9   9.6  10.3  13.3  16.5  21.6  23.0 
1921  25.3  28.4  24.1  18.5  15.7  12.9  12.3  11.2  12.1  15.5  19.2  24.0 
1922  23.5  23.6  23.1  18.2  12.9  11.1   9.3  11.4  12.5  16.0  20.2  20.3 
1923  23.9  25.5  23.7  19.7  15.1  11.6  10.1  11.0  11.6  15.3  20.4  21.8 
1924  23.0  23.2  20.4  19.6  14.3  11.3  10.5  10.2  12.7  14.4  19.1  23.4 
1925  22.2  22.0  21.7  18.3  14.7  12.4   9.2   9.9  12.9  14.8  22.1  23.6 
1926  26.2  24.1  20.7  17.4  13.4  11.3  10.6  10.4  13.1  16.3  21.3  22.0 
1927  22.7  23.0  20.0  19.6  13.3  10.9   9.9  11.5  13.5  16.3  21.2  24.3 
1928  23.8  23.5  21.8  19.2  14.2  12.1  10.6  11.8  13.1  14.6  21.0  23.6 
1929  23.6  24.6  20.1  17.6  13.5  10.9   9.8  10.5  12.8  16.2  19.1  23.1 
1930  25.2  25.0  24.1  18.2  16.1  13.9  10.8  11.5  13.7  16.1  20.0  23.1 
1931  24.7  23.0  22.7  18.1  12.0   8.9  11.2  11.1  12.2  15.9  18.4  25.1 
1932  27.0  25.0  21.1  17.8  15.4  11.3  11.0  10.0  13.0  14.7  19.7  22.7 
1933  23.8  26.9  22.2  19.0  14.4  13.1   9.6  10.7  13.2  15.6  20.0  23.8 
1934  27.1  26.8  23.0  16.7  16.2  11.6  10.1  11.2  13.4  15.2  17.6  22.5 
1935  24.6  23.5  21.5  18.1  15.5  11.7  10.8  10.9  12.5  14.5  19.6  22.1 
1936  24.8  24.4  24.4  18.1  13.8  11.2  10.2  12.0  14.3  16.3  21.8  23.8 
1937  23.9  25.3  22.3  19.8  14.6  11.0   9.2   9.6  12.0  16.7  20.0  22.2 
1938  24.9  22.9  23.3  20.0  15.3  11.3  11.4  12.4 -99.0 -99.0  23.1  23.4 
1939  24.6  24.5  22.7  18.8  14.2  11.7  11.0  11.3  13.6  16.6  19.2  24.0 
1940  24.2  25.9  23.5  17.5  14.5  14.0  11.4  12.1  14.3  17.2  20.4  22.3 
1941  25.1  24.9  21.5  17.9  14.6  13.4  12.0  12.4  12.7  16.0  20.5  24.3 
1942  24.8  24.3  21.5  18.4  14.4  11.8   9.7  11.7  13.0  15.7  20.5  22.9 
1943  23.8  23.5  22.6  17.2  13.7  12.2   9.5  10.4  12.8  15.9  20.8  22.7 
1944  26.3  25.6  22.2  17.8  13.0  12.1  11.1  11.9  13.6  18.3  21.4  20.9 
1945  24.7  25.3  22.0  21.7  16.0  13.4  10.9  12.3  12.5  16.3  20.4  23.5 
1946  24.4  22.8  21.2  19.4  15.1  11.6  11.8  10.7  14.7  17.3  18.3  23.5 
1947  24.7  25.8  22.8  18.5  14.0  14.0  10.8  10.8  12.8  15.1  19.2  22.5 
1948  26.1  25.9  24.8  16.9  14.5  11.9  11.6  12.6  13.6  16.5  19.2  22.0 
1949  25.8  24.5  21.7  20.3  14.2  13.2  12.6  13.4  13.3  15.6  19.6  24.8 
1950  25.7  24.6  24.2  20.6  15.6  11.8  11.2  11.7  13.2  15.5  18.7  22.8 
1951  24.9  24.8  23.6  17.8  13.6  12.4  10.5   9.9  14.5  16.9  20.3  22.6 
1952  25.9  25.1  22.7  19.0  14.0  13.4   9.9  11.4  12.9  15.5  19.2  20.3 
1953  25.8  24.5  24.5  18.7  14.7  12.0  10.7  10.3  13.0  15.7  18.8  23.1 
1954  26.5  24.9  23.1  16.8  13.9  10.9  11.1  11.0  13.8  17.4  18.9  23.9 
1955  25.5  25.6  23.1  17.7  13.7  10.5  10.2  11.7  12.9  14.1  19.4  22.1 
1956  27.4  26.1  23.9  16.7  13.6  10.4  10.7   9.4  13.0  15.1  19.5  22.8 
1957  26.0  24.5  22.4  18.5  15.2  13.7   9.8  11.9  13.3  18.1  22.4  24.9 
1958  27.4  25.6  23.1  19.2  15.7  12.1  10.7  10.5  11.9  15.0  20.4  24.9 
1959  25.5  24.9  24.8  19.4  16.6  13.4  12.3  12.4  13.3 -99.0  20.2  21.2 
1960  23.3  25.2  20.9  16.6  12.5  11.1  10.2  10.2  11.3  17.3  19.9  23.0 
1961  27.0  25.5  23.7  16.3  14.9  12.2  10.1  11.7  14.8  17.9  20.8  24.1 
1962  27.1  25.8  21.7  20.0  16.1  13.6  10.1  12.2  12.9  14.9  20.3  24.4 
1963  25.0  24.2  23.3  18.3  14.9  12.0  11.3  11.6  14.0  17.8  21.0  24.1 
1964  25.2  24.0  23.2  17.1  13.6  13.8  11.8  11.3  12.2  13.7  19.8  22.1 
1965  26.0  25.9  22.8  20.3  13.9  12.6  11.0  10.8  12.9  17.3  18.7  24.0 
1966  25.5  24.0  23.0  17.5  14.0  11.0  10.6  10.3  11.7  15.4  21.3  22.8 
1967  24.9  25.5  21.5  20.2  15.0  13.4  10.3  10.4  13.1  18.6  20.6  23.1 
1968  25.2  23.5  19.7  16.2 -99.0  11.9  10.7   9.4  11.7  15.0  19.0  22.7 
1969  24.8  24.9  21.4  18.4  14.0  12.2  10.1  11.0  12.2  18.9  21.7  23.1 
1970 -99.0  25.4  23.4  16.6  13.6  12.3  11.0  11.1  12.5  16.8  19.7  24.5 
1971  25.5  24.0  22.1  17.5  13.4  11.4  10.6  10.6  12.5  14.6  17.3  22.0 
1972  25.3  26.9  23.2  18.7  16.5  12.3  10.4  10.6  13.2  16.7  21.9  26.7 
1973  25.5  24.9  22.4  18.6  15.3  11.1  11.8  10.9  12.4  15.9  20.5  23.6 
1974  26.7  24.2  24.1  17.1  13.7  11.9  11.5  11.9  14.0  15.6  19.7  24.5 
1975  24.4  27.1  22.0  18.2  14.2  12.1  11.5  10.6  13.0  16.0  20.5  24.3 
1976  25.0  27.0  24.3  19.6  15.9  11.8  12.1  11.8  14.2  17.5  18.5  24.5 
1977  26.0  26.4 -99.0  19.3  13.8  12.4  13.0  12.7  13.3  17.7  21.2  26.8 
1978  26.8  26.0  24.0  21.6  14.6  11.8  11.2  11.2  12.0  17.2  21.4  23.4 
1979  25.8  25.2  23.5  18.2  13.3  12.6  11.2  10.5  12.7  18.1  21.0  24.7 
1980  26.8  24.8  24.3  17.4  15.7  11.7 -99.0  12.6  15.0  15.6  22.2 -99.0 
1981  25.4  22.6  22.9  22.0  15.4   9.9  11.4  11.5  14.8  16.8  18.7  22.2 
1982  24.2  26.9  20.9  19.1  14.4  11.8  10.6  13.3  13.6  17.5  23.1  24.8 
1983  26.1  24.6  23.5 -99.0  16.1  14.1  11.1  13.8  15.3  18.2  19.4  23.6 
1984  25.3  25.0  20.4  20.0  14.9  11.6  10.5  11.1  13.1  17.6  19.8 -99.0 
1985  25.3  28.4  24.3  17.8  14.6  13.8  12.0  11.9  14.5  16.9  21.7  21.4 
1986  26.8 -99.0  22.9  17.9  14.8 -99.0   9.9  10.3 -99.0 -99.0 -99.0 -99.0 
1987 -99.0 -99.0 -99.0 -99.0 -99.0 -99.0 -99.0 -99.0 -99.0  17.2  19.2 -99.0 
1988 -99.0 -99.0 -99.0 -99.0 -99.0 -99.0 -99.0 -99.0 -99.0 -99.0 -99.0 -99.0 
1989 -99.0 -99.0 -99.0 -99.0 -99.0 -99.0 -99.0 -99.0 -99.0 -99.0 -99.0 -99.0 
1990  23.8  24.1  22.9  18.3  15.1  10.4   9.7  11.2  14.0  16.2  20.9  23.4 
1991  25.4  25.9  23.2  20.0  16.0  13.6  11.7  11.8  14.3 -99.0  18.9  24.7 
1992  26.0  24.4  23.1  19.4  14.2  13.2  12.4  11.7  12.0 -99.0 -99.0 -99.0 
1993 -99.0 -99.0 -99.0 -99.0 -99.0 -99.0 -99.0 -99.0 -99.0 -99.0 -99.0 -99.0 
1994 -99.0 -99.0 -99.0 -99.0 -99.0 -99.0 -99.0 -99.0 -99.0 -99.0 -99.0 -99.0 
1995 -99.0 -99.0 -99.0 -99.0 -99.0 -99.0 -99.0 -99.0 -99.0 -99.0 -99.0 -99.0 
1996 -99.0 -99.0 -99.0 -99.0 -99.0 -99.0 -99.0 -99.0 -99.0 -99.0 -99.0 -99.0 
1997 -99.0 -99.0 -99.0 -99.0 -99.0 -99.0 -99.0 -99.0 -99.0 -99.0 -99.0 -99.0 
1998 -99.0 -99.0 -99.0 -99.0 -99.0 -99.0 -99.0 -99.0 -99.0 -99.0 -99.0 -99.0 
1999 -99.0 -99.0 -99.0 -99.0 -99.0 -99.0 -99.0 -99.0 -99.0 -99.0 -99.0 -99.0 
2000  23.2  24.0  21.1  18.4  13.2  12.4  12.3  10.6  13.2  16.6  20.3  24.4 
2001  26.4  23.3  20.4  19.1  15.2  11.8  10.4  10.4  13.0  15.0  19.7  21.2 
2002  24.3  23.5  23.2  18.8  16.1  12.0  11.2  10.3  12.6  17.4  21.1  23.5 
2003  25.3  25.7  24.1  19.8  15.9  11.3  10.8  10.2  12.0  16.1  20.6  23.3 
2004  25.7  27.5  21.3  19.5  13.9  13.6   9.7   9.5  12.3  17.8  19.5  24.4 
2005  25.3  25.4  24.9  18.5  16.2  11.1   9.9  10.1  11.4  15.3  19.7 -99.0 
2006  24.0 -99.0 -99.0 -99.0 -99.0 -99.0 -99.0 -99.0 -99.0 -99.0 -99.0 -99.0 
2007 -99.0 -99.0 -99.0 -99.0 -99.0 -99.0 -99.0 -99.0 -99.0 -99.0 -99.0 -99.0 
