Number= 025900
Name= Visby
Country= SWEDEN
Lat=   57.7
Long=  -18.3
Height= 42
Start year= 1859
End year= 2011
First Good year= 1859
Source ID= 34
Source file= Jones+Anders
Jones data to= 2001
Normals source= Data
Normals source start year= 1961
Normals source end year= 1990
Normals=  -1.2  -1.8   0.1   4.0   9.5  14.1  16.3  15.9  12.2   8.2   3.9   0.7 
Standard deviations source= Data
Standard deviations source start year= 1941
Standard deviations source end year= 1990
Standard deviations=   2.3   2.8   2.2   1.4   1.4   1.1   1.3   1.1   1.3   1.1   1.3   1.5 
Obs:
1859 -99.0 -99.0 -99.0 -99.0 -99.0 -99.0 -99.0  17.7  12.5   7.6   4.0   0.0 
1860  -0.2  -2.8  -2.0   3.9   7.7  14.1  16.2  15.4  12.5   5.8   2.0  -2.0 
1861  -4.1  -0.6   0.8   2.4   6.2  16.0  18.3  16.1  11.1   8.3   2.6   1.6 
1862  -4.0  -3.8  -2.1   3.1  10.3  13.3  14.3  14.6  11.5   8.1   2.1  -1.5 
1863   1.1   1.5   0.6   4.4   8.7  14.1  14.6  15.6  12.4   9.3   4.7   1.9 
1864  -1.3  -0.9   0.2   2.7   5.3  14.7  15.6  12.5  11.0   5.5   0.8   0.5 
1865  -0.7  -4.9  -2.5   3.7  10.7  10.4  18.5  14.1  12.3   6.4   4.9   1.7 
1866   2.6  -0.9  -2.3   4.1   7.4  15.8  14.3  14.8  14.1   7.6   2.2  -0.1 
1867  -3.7  -0.9  -3.5   2.1   4.1  10.8  13.0  14.2  11.1   7.8   1.8  -3.8 
1868  -2.9  -0.8   0.2   3.7   9.7  16.0  18.1  19.4  11.7   7.8   2.1   0.8 
1869  -1.0   0.8  -0.5   5.5   8.8  12.0  15.3  15.2  11.7   6.7   1.0   0.4 
1870  -0.4  -5.0  -1.5   4.9   8.8  12.9  16.6  15.4  11.7   6.2   4.2  -4.0 
1871  -2.7  -8.4   1.5   1.6   6.1   9.7  15.9  15.9  10.0   5.4   1.2  -0.4 
1872   0.2  -0.8   0.3   4.7  10.4  15.3  17.3  14.9  12.3   9.3   4.5   0.3 
1873   2.0  -1.4   0.6   2.5   7.3  14.4  17.5  15.8  12.1   7.4   4.0   2.5 
1874   1.9  -0.1   0.3   4.3   6.3  14.0  17.0  15.0  12.8   9.8   3.0  -1.3 
1875  -3.3  -3.6  -2.5   1.9   9.7  14.9  17.1  17.0  11.8   4.9   0.8  -2.2 
1876  -3.2  -2.7  -0.4   4.4   5.5  16.2  17.7  15.8  11.5   6.9   0.5  -4.1 
1877  -1.6  -2.4  -2.9   1.4   5.3  13.7  15.8  14.9   9.1   5.9   5.3   1.0 
1878  -0.4   0.9   0.3   5.0   9.4  14.2  15.0  16.0  13.7   9.2   3.5   0.3 
1879  -2.9  -3.0  -1.6   2.2   8.5  14.3  15.9  15.7  13.1   7.4   1.6  -0.6 
1880  -1.1  -0.5  -0.2   4.1   8.9  14.0  17.2  16.8  13.7   3.8   2.8  -0.5 
1881  -3.9  -3.8  -4.4   0.4   8.0  12.2  16.1  14.1  11.4   5.0   3.7   1.7 
1882   2.2   0.6   2.3   4.4   9.7  14.6  17.3  17.0  13.4   6.9   1.1  -2.1 
1883  -1.0  -0.4  -2.3   3.3   8.7  14.7  16.8  15.0  12.6   7.8   4.6   1.0 
1884   1.0   0.7   1.1   2.7   8.5  12.6  16.8  14.5  14.4   8.4   1.5   0.8 
1885  -0.7   0.2   0.6   5.5   7.4  13.9  16.5  13.2  10.8   6.4   2.6   0.8 
1886  -1.6  -3.5  -1.7   4.9   9.3  13.9  16.3  16.6  12.9   7.1   5.4   0.6 
1887   0.2   0.3   0.3   4.5   8.7  12.7  16.9  15.5  12.5   6.5   3.1   0.3 
1888  -1.4  -3.9  -5.2   0.8   7.6  12.0  14.4  14.5  11.7   6.1   2.1   0.9 
1889  -1.3  -3.4  -3.0   3.2  11.2  16.3  15.7  15.0  10.2   8.1   4.7  -0.4 
1890   1.4  -0.7  -0.3   5.1  12.0  13.4  15.4  15.8  12.3   6.3   3.1  -0.7 
1891  -1.8   0.3  -0.3   2.9   9.2  12.1  17.8  15.2  12.8   9.4   2.5   1.9 
1892  -1.8  -1.8  -0.5   3.3   8.4  12.8  14.6  15.3  12.9   6.8   3.8  -1.6 
1893  -5.7  -6.1  -0.1   3.4   7.7  14.0  16.2  16.1  10.5   8.0   2.8   1.5 
1894  -0.4   0.6   2.2   6.4   9.6  12.3  17.1  16.0   9.7   5.5   5.1   1.9 
1895  -2.2  -5.2  -1.1   4.5  11.7  15.1  16.2  15.5  12.3   6.7   3.5  -0.6 
1896  -0.6  -0.6   0.9   3.1   7.7  17.4  18.5  15.0  12.1   8.6   2.0  -0.6 
1897  -3.7  -2.2  -0.4   4.3   8.7  14.6  16.5  17.7  12.1   6.9   3.6   1.2 
1898   1.6  -0.9   0.0   2.9   9.3  13.6  14.6  15.6  12.0   6.6   4.9   2.8 
1899  -0.3  -0.3  -1.4   4.0   7.5  10.4  18.5  14.0  11.9   7.4   5.2  -1.4 
1900  -1.5  -3.5  -1.9   3.1   7.3  13.8  17.3  16.4  11.8   8.1   4.2   1.5 
1901  -0.9  -3.4  -0.8   4.6  10.1  14.4  19.1  18.5  13.0  10.1   2.4  -0.7 
1902   0.8  -2.4  -0.7   1.7   6.6  10.3  13.5  13.8  10.4   5.6   2.2  -1.2 
1903  -0.5   1.0   3.3   3.3   9.2  13.7  16.2  14.7  11.5   5.6   3.3   0.6 
1904   0.2  -2.3  -1.1   4.8   7.5  12.7  15.2  15.8  12.0   8.0   3.1   1.4 
1905  -1.5  -0.2   0.9   3.1  10.1  16.0  17.1  15.7  11.8   5.1   3.4   0.6 
1906   0.7   0.0  -0.5   6.1  11.1  13.2  16.7  15.1  12.1   7.8   5.6  -0.4 
1907  -1.4  -1.7   0.5   3.2   8.3  12.6  13.9  14.0  11.5  11.0   4.0  -1.4 
1908  -0.2   0.1  -0.5   3.3   8.0  13.3  16.3  15.5  12.0   8.1   2.0   0.2 
1909  -0.1  -3.3  -1.1   2.2   6.5  12.7  15.1  16.0  12.3  10.2   1.7   1.2 
1910   0.3   1.0   1.8   5.7  10.2  15.4  14.9  15.0  13.1   8.0   2.7   2.3 
1911   0.8  -0.8   0.7   4.9  10.2  13.0  15.6  17.5  13.2   7.7   5.0   2.0 
1912  -3.2  -2.4   1.8   3.5   7.5  13.8  18.2  16.4   9.8   5.3   2.8   2.9 
1913  -1.2   0.7   2.4   5.2  10.2  13.9  15.0  15.9  12.3   8.3   6.2   1.0 
1914  -0.8   1.8   1.0   6.0  10.3  15.2  21.2  16.0  12.2   6.4   3.1   3.2 
1915  -2.3  -1.0  -2.6   5.0   7.7  12.8  16.2  15.3  10.7   4.7   2.0  -2.3 
1916  -0.4  -1.1  -0.9   5.2   8.9  11.8  14.8  13.5  10.6   6.8   4.9   0.9 
1917  -2.5  -3.2  -4.6   1.8   8.2  15.9  15.6  18.0  13.0   7.9   4.2   0.2 
1918  -1.6  -1.0  -0.7   5.9   9.3  12.0  16.2  15.6  11.4   8.4   4.9   0.8 
1919   0.0  -1.6  -1.1   4.4   8.9  13.9  16.4  14.8  13.2   6.0  -0.6  -1.2 
1920  -1.1   0.6   3.0   6.1  10.8  13.4  17.8  14.8  11.9   6.9   4.4   0.4 
1921   0.9  -0.6   3.8   6.8  12.5  14.2  16.0  16.2  11.8   8.5   1.1   0.8 
1922  -3.1  -2.8  -0.6   3.2  10.0  14.1  15.5  15.0  11.6   5.4   2.5   1.2 
1923   0.8  -3.6  -0.1   2.3   8.7  10.8  16.9  14.7  11.8   8.5   3.1  -0.4 
1924  -2.5  -4.1  -2.0   2.0   9.8  13.4  16.0  16.6  13.1   8.7   4.7   2.8 
1925   2.4   2.0  -0.4   5.5  10.7  13.4  18.4  17.1  12.3   6.5   1.4  -0.9 
1926  -1.9  -1.9   0.3   4.5   8.5  14.5  17.9  15.8  12.1   5.9   5.0   0.2 
1927  -0.2  -0.7   2.2   3.8   6.7  13.3  18.0  17.8  12.7   7.3   1.3  -2.2 
1928  -0.5  -0.9  -0.4   3.9   7.7  10.9  15.4  14.4  11.6   7.9   5.2   0.6 
1929  -2.2  -6.6   0.0   1.1   9.6  12.4  15.3  15.7  12.7   8.8   5.0   3.5 
1930   2.5   0.0   1.6   6.3  10.7  15.7  16.9  16.7  11.0   8.8   4.7   0.9 
1931  -0.8  -2.2  -2.5   2.7  10.2  12.5  16.0  15.3   9.7   7.0   4.0   1.0 
1932   1.8  -1.6  -1.7   4.5   9.5  12.4  19.0  16.6  13.3   6.6   4.1   3.2 
1933  -1.4  -1.8   1.6   3.8   8.0  14.2  17.5  16.4  12.0   8.5   2.6  -0.1 
1934   1.0   1.5   1.7   6.2  12.6  14.5  15.7  17.4  15.1  10.0   5.2   2.6 
1935  -1.1   0.4   0.3   5.8   7.7  15.5  16.5  15.6  12.7   8.5   4.5   2.0 
1936   1.1  -2.5   1.3   4.4   9.6  16.6  19.0  16.5  11.6   5.8   4.7   3.6 
1937  -1.8  -0.9  -0.4   6.6  12.6  15.9  17.7  17.9  13.6   8.9   4.0  -1.5 
1938   0.3   1.2   3.7   4.7   9.1  14.1  16.4  17.8  13.9   9.5   6.5  -1.0 
1939   0.2   2.0   0.2   4.7   8.1  15.0  17.7  19.6  13.1   5.1   4.5  -0.3 
1940  -4.6  -8.4  -4.4   2.2   9.6  14.8  17.7  15.0  10.8   6.4   3.9  -0.4 
1941  -5.9  -4.2  -2.6   1.4   7.2  13.4  19.4  15.7  10.8   6.0   1.2   0.2 
1942  -7.9  -9.0  -7.5   2.3   6.9  12.5  15.7  17.0  12.8   8.5   3.0   1.4 
1943  -1.9   1.7   2.3   6.2   9.5  14.2  15.6  15.9  12.7   9.4   4.0   2.4 
1944   1.2  -0.5  -0.4   3.2   8.3  13.1  18.9  18.8  12.4   8.2   3.6   1.7 
1945  -1.5   0.0   1.8   4.9   9.2  13.6  18.3  17.1  11.8   7.8   3.9   0.0 
1946  -0.6  -2.3  -0.8   6.0   9.7  14.1  17.6  16.1  13.1   6.2   3.4   0.1 
1947  -4.1  -8.4  -4.0   4.1  10.3  15.6  17.8  16.8  14.7   8.2   2.9   0.8 
1948  -1.4  -2.6   1.2   6.0   9.4  14.0  17.2  15.8  13.1   7.5   3.6   3.2 
1949   1.2   1.5  -0.1   5.5  11.7  12.8  16.8  15.6  15.4   9.5   5.3   3.1 
1950  -3.2  -0.2   1.6   5.5  10.5  15.2  16.1  17.0  13.2   8.1   3.9   0.9 
1951  -1.4  -1.3  -2.0   4.8   7.0  13.7  15.8  17.5  13.8   8.9   5.3   3.6 
1952   0.3  -0.8  -2.6   5.8   7.8  13.0  15.9  15.1  10.0   6.1   1.9   0.4 
1953  -0.4  -2.3   1.8   5.9   9.5  15.9  17.1  16.0  12.0   9.8   5.1   2.1 
1954  -1.5  -5.0   0.4   2.6   9.7  14.4  15.7  15.5  12.5   7.3   3.0   2.6 
1955  -0.9  -2.2  -1.9   1.5   7.2  12.0  17.2  18.2  14.8   8.4   4.2  -0.4 
1956  -1.7  -6.3  -1.4   1.4   9.2  13.8  15.5  14.1  11.3   7.2   1.0   1.2 
1957   0.9   0.5  -0.6   2.9   7.7  13.2  17.4  15.5  10.4   8.2   4.6   1.0 
1958  -1.5  -3.3  -3.0   2.4   8.9  12.9  16.0  15.1  12.7   9.1   5.6   1.1 
1959  -0.9   0.0   1.9   5.8   9.7  14.5  19.0  18.5  12.2   8.6   4.9   0.1 
1960  -1.7  -2.8  -0.9   3.8   9.3  15.6  16.1  15.6  12.1   6.7   4.3   2.7 
1961  -0.3   1.6   3.4   6.1   9.6  15.6  15.6  15.2  13.2  11.1   4.9   0.3 
1962   0.9  -0.8  -2.2   4.7   7.7  12.7  14.5  14.2  10.8   8.5   3.7  -0.7 
1963  -3.9  -5.0  -3.3   3.2  11.3  14.0  16.9  16.5  13.5   7.5   4.2   0.4 
1964  -0.2  -2.9  -1.9   5.0  10.7  15.0  16.2  15.1  11.9   8.1   4.3   1.3 
1965  -0.1  -2.5  -0.6   4.3   6.9  14.2  14.2  14.7  13.3   8.9   0.8  -0.4 
1966  -4.0  -6.3  -0.4   1.2   8.7  15.9  17.0  14.8  11.5   8.0   3.6   0.9 
1967  -3.0  -0.1   3.0   3.9   9.5  12.7  17.2  16.9  13.7  10.3   5.0  -0.9 
1968  -2.8  -1.9   1.7   5.9   8.3  16.3  15.3  16.9  13.3   7.6   4.1   0.6 
1969  -2.3  -4.2  -2.8   4.0   8.1  14.7  18.1  17.7  12.5   8.3   3.9  -2.1 
1970  -3.8  -6.6  -1.3   2.5   8.4  14.7  15.3  16.1  12.1   7.7   2.8   1.1 
1971   0.5  -0.5  -1.5   3.6  11.0  13.1  16.3  16.6  11.4   8.5   3.0   2.5 
1972  -3.2  -0.8   0.7   4.0   8.7  15.2  18.9  15.6  11.6   7.5   5.1   3.8 
1973   1.2   1.0   3.0   4.0  10.2  15.7  18.9  16.4  11.0   6.3   2.5   0.1 
1974   0.6   1.0   1.5   4.7   8.0  13.3  15.2  16.0  13.4   7.2   4.9   3.3 
1975   2.6   1.2   1.5   4.4  10.0  13.6  17.3  18.5  14.8   8.6   4.6   3.1 
1976  -1.6  -1.2  -1.6   3.4   9.1  12.3  15.7  16.0  11.2   5.9   4.5  -0.6 
1977  -0.9  -2.5   0.8   2.9   8.1  14.2  13.9  14.9  10.6   8.5   5.5   1.6 
1978   0.0  -3.5   0.3   2.8   8.9  14.1  15.8  15.6  10.5   8.0   6.2  -2.9 
1979  -4.0  -3.9  -0.7   3.1  10.7  15.9  14.8  15.7  12.2   6.4   3.7   0.5 
1980  -2.3  -3.8  -2.3   3.6   7.1  14.8  16.2  15.4  13.0   7.3   2.4   1.3 
1981  -1.3  -1.1  -0.4   3.6  11.8  13.5  16.6  15.1  12.1   8.0   3.4  -2.3 
1982  -2.7  -2.0   1.4   3.8   9.7  12.2  17.0  17.3  12.7   8.2   5.8   2.2 
1983   2.8  -1.1   1.3   4.9  10.3  13.7  17.5  17.3  13.1   8.6   3.1   1.0 
1984  -0.2  -1.5  -0.5   5.4  11.3  13.6  15.4  16.7  11.3  10.0   4.3   1.7 
1985  -4.7  -7.3  -0.6   2.4   9.7  12.5  15.7  15.5  10.7   8.6   1.9  -0.2 
1986  -2.2  -6.0   0.5   3.3  11.3  14.2  16.9  14.9  10.2   7.9   5.9   0.7 
1987  -6.5  -2.2  -3.6   4.1   7.7  12.1  15.4  13.9  11.3   8.9   4.1   1.6 
1988   1.2   0.8  -0.4   3.5  11.1  14.4  17.7  15.9  13.5   7.1   1.6   0.2 
1989   3.1   3.0   3.2   5.2  11.4  14.3  17.0  15.3  13.1   9.0   4.1   0.9 
1990   2.6   4.3   4.3   7.0  10.6  14.5  15.3  16.9  11.1   8.2   4.2   2.0 
1991   1.5  -1.3   2.2   4.8   7.4  11.4  17.4  17.3  12.2   8.2   4.6   2.4 
1992   2.1   1.6   2.5   3.7  11.9  16.1  17.3  16.3  12.1   4.7   3.9   2.2 
1993   1.5   0.8   1.8   5.3  13.2  13.0  15.4  14.2   9.5   7.1   0.9   1.2 
1994   0.4  -4.5   1.0   6.0   8.1  13.1  19.4  17.4  12.7   7.0   4.2   2.8 
1995  -0.4   2.0   1.8   4.1   8.3  14.3  16.3  16.7  12.2  10.4   2.4  -1.4 
1996  -2.1  -4.0  -1.2   5.1   7.3  13.3  14.3  17.8   9.7   8.8   4.8  -1.1 
1997  -0.2   0.9   1.6   2.9   8.2  15.1  18.0  20.1  13.5   6.5   3.4   0.9 
1998   1.8   2.1   0.1   4.5   9.6  12.6  15.2  14.4  12.6   7.4   0.3   0.8 
1999   0.0  -0.7   1.9   6.1   8.5  15.2  18.6  16.4  15.3   8.7   4.6   1.5 
2000   1.2   1.4   1.8   7.3  11.0  14.1  15.1  15.7  11.1  10.7   6.7   3.3 
2001   1.3  -1.2   0.0   5.1  10.1  13.2  18.8  16.9  12.1  10.2   3.9  -0.2 
2002   1.0   2.4   2.2   5.4  11.8  16.1  18.4  20.0  13.9   5.2   2.9  -1.8 
2003  -1.2  -2.9   1.3   3.6  10.7  14.8  18.8  17.4  13.5   6.3   5.5   3.1 
2004  -2.2   0.0   1.7   6.0  10.2  13.6  15.9  18.1  13.5   8.5   3.1   2.9 
2005   2.0  -1.2  -1.7   5.3   9.8  13.6  18.1  15.9  13.9   9.4   5.1   1.0 
2006  -1.9  -1.6  -2.8   4.9  10.5  15.7  20.2  18.2  16.1  11.3   6.1   5.6 
2007   2.4  -1.7   4.4   6.3  11.2  16.6  16.4 -99.0  12.9   7.6   3.6   3.3 
2008   2.6   3.3   1.9   6.1  10.3  14.9  17.2  16.4  11.8   9.3   4.4   2.4 
2009   0.2  -1.2   1.0   6.7  10.1  13.1  17.1  16.6  14.0   6.5   5.6  -0.4 
2010  -4.9  -3.2   0.2   4.3   9.1  13.6  19.9  17.2  12.2   6.9   2.8  -3.6 
2011  -0.8  -4.2   0.7   6.7  10.5 -99.0 -99.0 -99.0 -99.0 -99.0 -99.0 -99.0 
