Number= 028450
Name= ROVANIEMI
Country= FINLAND
Lat=   66.6
Long=  -25.8
Height= -999
Start year= 1961
End year= 1970
First Good year= 1961
Source ID= 10
Source file= Jones
Jones data to= 1970
Normals= -99.0 -99.0 -99.0 -99.0 -99.0 -99.0 -99.0 -99.0 -99.0 -99.0 -99.0 -99.0 
Obs:
1961  -9.0  -6.7  -5.1  -2.9   4.3  14.7  16.3  12.5   7.2   5.9  -2.0 -11.6 
1962 -11.8  -9.3 -12.8   0.5   5.2   9.8  11.8  10.4   6.4   1.3  -2.5 -13.1 
1963 -13.8 -13.8 -11.4   0.0  10.6  10.6  13.3  13.1   9.3   1.6  -6.0  -9.3 
1964  -6.4 -12.8  -7.2  -1.6   6.2  10.3  14.4  12.0   5.8   3.6  -5.7  -9.2 
1965 -10.6 -11.4  -8.3  -0.5   2.8  11.6  12.6  10.9   8.4   0.8  -9.3 -12.5 
1966 -18.6 -20.8 -13.0  -3.4   5.4  14.3  14.7  11.6   4.3  -1.2  -2.1  -9.7 
1967 -17.4  -8.6  -2.8  -0.2   5.8  11.5  14.2  14.6   8.7   1.1  -0.3 -17.2 
1968 -17.9 -14.5  -6.6  -1.2   3.0  12.6  12.5  11.7   4.6  -5.3  -6.6  -5.4 
1969 -13.9 -16.6  -9.4  -2.0   3.1  11.9  15.0  14.9   6.0   1.7  -5.6  -9.5 
1970 -12.5 -17.5  -5.3  -3.4   5.3  15.2  15.7  13.6   6.9   0.8  -8.2  -7.9 
