Number= 029630
Name= JOKIOINEN OBSERVATOR
Country= FINLAND
Lat=   60.8
Long=  -23.5
Height= 104
Start year= 1957
End year= 2011
First Good year= 1957
Source ID= 30
Source file= Jones+Anders
Jones data to= 1991
Normals source= Data
Normals source start year= 1961
Normals source end year= 1990
Normals=  -7.0  -6.9  -3.2   2.7   9.6  14.4  15.8  14.3   9.4   4.9  -0.2  -4.4 
Standard deviations source= Data
Standard deviations source start year= 1957
Standard deviations source end year= 1990
Standard deviations=   4.5   4.1   2.8   1.4   1.5   1.6   1.3   1.1   1.5   1.6   2.1   3.1 
Obs:
1957  -2.0  -2.9  -6.2   1.6   8.4  11.8  16.8  14.0   8.8   5.3   0.8  -2.0 
1958  -8.2  -9.6  -7.8   0.9   8.2  13.1  15.0  13.7   9.8   6.0   3.2  -6.1 
1959  -5.0  -1.9   0.3   4.3   9.4  14.4  17.6  16.3   8.3   4.5   1.5  -4.9 
1960  -9.1  -8.9  -4.2   2.1  11.0  15.6  17.0  14.4   9.8   2.9  -0.8   0.1 
1961  -4.0  -0.4  -0.1   2.5   9.9  16.4  14.9  13.0   9.2   8.7   1.9  -4.8 
1962  -3.9  -5.0  -8.1   4.2   8.3  11.7  13.9  12.3   8.9   6.4   1.3  -6.3 
1963  -9.6 -10.9  -8.9   2.6  13.0  13.9  16.1  15.4  12.0   5.4  -0.9  -3.8 
1964  -2.4  -9.2  -5.5   2.8   9.0  13.7  15.2  13.7   9.5   6.6  -0.5  -1.8 
1965  -2.9  -7.2  -4.7   3.5   6.8  14.6  13.4  13.5  11.9   5.3  -4.9  -4.3 
1966 -12.8 -13.8  -3.0   0.2   9.5  16.6  16.9  13.5   8.3   4.6   2.0  -3.8 
1967 -11.2  -4.7   0.7   2.9   9.2  13.0  16.2  15.1  11.0   7.7   3.3  -9.9 
1968 -13.8  -4.8  -1.0   4.2   7.3  16.0  14.8  15.4   9.5   1.8  -1.4  -1.6 
1969  -8.8  -9.1  -6.7   3.2   8.9  15.5  16.6  16.1   9.1   5.1  -0.1  -7.4 
1970 -10.0 -12.6  -1.8   1.5   9.5  16.4  15.6  14.4   9.3   4.0  -1.1  -2.0 
1971  -2.0  -5.0  -5.0   2.0  10.3  13.4  16.1  14.8   8.3   4.3  -1.7  -1.8 
1972  -8.3  -4.1  -2.9   2.0   9.4  16.2  18.7  15.7   9.6   4.3   0.5   2.3 
1973  -1.2  -4.3  -0.2   2.8   9.8  16.1  19.0  13.9   6.5   2.0  -3.3  -6.7 
1974  -2.1   0.1  -1.5   2.6   7.4  14.0  14.9  14.0  11.6   5.0   2.3   1.2 
1975  -0.9  -2.4  -0.2   3.4  11.3  12.8  16.9  15.3  12.3   4.6   1.4  -1.5 
1976 -10.7  -6.2  -5.7   1.8  10.8  12.4  15.2  14.4   6.8   1.0   0.3  -5.2 
1977  -6.5  -9.1  -1.9   1.7   9.0  14.1  14.4  13.9   8.1   5.2   1.1  -4.1 
1978  -5.8 -11.7  -2.9   1.7  10.3  14.4  14.7  13.0   7.8   3.5   1.9 -12.8 
1979  -8.7  -9.8  -1.1   2.3  10.9  15.8  14.4  15.4   9.2   3.5   1.0  -4.9 
1980  -8.8  -8.9  -5.9   5.0   7.4  16.6  16.4  14.1  10.6   4.6  -3.6 -99.0 
1981  -5.1  -6.9  -6.9   0.9  11.2  12.8  16.2  13.5   9.5   5.5  -0.4  -7.2 
1982 -11.2  -6.3  -0.4   2.1   8.5  11.2  16.4  15.6   9.7   4.1   3.1  -1.0 
1983  -2.0  -8.9  -3.6   4.8  11.0  13.3  16.6  15.0  11.0   5.4  -2.4  -3.6 
1984  -5.4  -5.4  -5.4   4.2  12.6  13.1  14.8  13.8   9.2   6.6   0.8  -2.3 
1985 -16.5 -16.2  -2.6   0.5   8.6  13.2  15.3  15.5   8.9   6.4  -2.0  -7.0 
1986  -8.8 -12.6  -1.0   2.1  10.5  16.3  16.2  12.9   6.4   5.2   3.4  -8.3 
1987 -18.9  -7.9  -6.8   2.4   7.6  12.1  14.8  11.7   8.4   6.4  -0.7  -5.3 
1988  -3.1  -4.3  -3.5   0.9  11.4  16.5  19.0  14.1  10.8   4.2  -3.9  -7.0 
1989  -0.5   0.0   1.1   5.3  10.4  15.4  16.3  13.7  11.0   4.7  -0.1  -5.9 
1990  -4.0   0.9   1.0   5.6   9.3  14.4  15.2  15.0   8.0   4.9  -1.9  -1.6 
1991  -3.6  -7.5  -1.0   3.4   7.2  12.1  16.6  16.2   9.1   5.4   2.6  -1.6 
1992  -2.1  -2.7   0.4   1.3  11.4  15.7  16.0  14.3  11.3  -0.6  -1.8   0.1 
1993  -2.3  -3.4  -0.9   3.3  13.6  11.4  15.6  12.9   5.7   3.0  -3.6  -3.5 
1994  -4.8 -14.0  -3.2   5.0   7.8  12.1  19.0  15.1  10.0   4.4  -1.0  -0.4 
1995  -3.6  -1.0  -0.3   2.7   8.7  16.7  15.3  15.1  10.3   7.6  -2.8  -8.5 
1996  -6.2 -11.3  -4.5   2.6   8.8  13.1  13.9  17.0   8.3   6.4   2.5  -6.1 
1997  -4.6  -4.3  -1.1   1.2   7.7  16.1  17.8  17.8  10.0   2.4  -0.4  -3.5 
1998  -2.2  -4.7  -4.6   3.1   9.2  13.7  15.2  13.0  10.5   4.9  -3.9  -3.3 
1999  -6.3  -7.7  -1.8   5.0   7.5  17.4  17.5  14.1  11.6   5.8   1.5  -3.7 
2000  -3.5  -2.8  -1.9   5.7  10.3  13.5  15.6  14.1   8.5   8.1   3.9   0.7 
2001  -2.3  -8.4  -4.2   5.1   8.6  13.5  18.9  15.3  11.2   7.3  -0.7  -8.1 
2002  -4.5  -1.7  -0.6   5.2  11.3  15.4  18.2  17.9  10.1  -0.4  -3.9  -8.9 
2003 -10.5  -6.9  -1.2   2.2   9.7  12.9  19.9  15.0  10.7   2.7   2.1  -1.7 
2004  -7.5  -4.9  -1.8   4.9   9.5  12.2  15.5  15.7  11.5   4.8  -0.7  -0.8 
2005  -1.8  -5.5  -6.6   4.3   9.6  13.4  18.0  15.3  11.5   6.6   3.0  -5.1 
2006  -5.0  -9.1  -7.1   3.6  10.1  15.2  18.1  17.9  13.2   6.6   1.1   2.6 
2007  -3.3 -10.6   2.2   4.5  10.2  15.2  16.1  16.2  10.1   6.2  -0.4   1.2 
2008  -1.0  -0.4  -1.3   5.7  10.1  13.8  16.3  14.0   8.8   7.2   1.4  -0.2 
2009  -5.2  -5.3  -2.6   4.3  11.0  13.4  16.2  15.3  11.9   2.6   1.9  -6.2 
2010 -12.5  -9.3  -2.8   4.2  11.4  14.0  20.8  16.3  10.6   4.0  -3.0 -10.5 
2011  -6.0 -12.3  -2.1   5.5  10.0 -99.0 -99.0 -99.0 -99.0 -99.0 -99.0 -99.0 
