Number= 633340
Name= DEBRE MARCOS
Country= ETHIOPIA
Lat=   10.3
Long=  -37.7
Height= 251
Start year= 1964
End year= 1990
First Good year= 1964
Source ID= 10
Source file= Jones
Jones data to= 1990
Normals= -99.0 -99.0 -99.0 -99.0 -99.0 -99.0 -99.0 -99.0 -99.0 -99.0 -99.0 -99.0 
Obs:
1964 -99.0 -99.0  21.5 -99.0 -99.0  14.7  13.6  13.8 -99.0  14.5  14.8  14.3 
1965 -99.0  17.2 -99.0 -99.0  18.6  16.0  14.4  14.2  15.0  15.3 -99.0  15.2 
1966 -99.0 -99.0  17.5  18.0 -99.0  15.2  14.6  14.6  14.9  15.8 -99.0 -99.0 
1967 -99.0  18.4 -99.0  18.3  17.1 -99.0 -99.0  13.8  14.5 -99.0 -99.0  14.6 
1968  16.5  15.5 -99.0 -99.0 -99.0 -99.0 -99.0  14.4  14.8 -99.0  15.9  15.9 
1969 -99.0  16.3 -99.0 -99.0  18.0  15.6  14.3  14.0  15.4  16.0 -99.0  16.6 
1970  16.6 -99.0  17.4 -99.0 -99.0 -99.0 -99.0 -99.0 -99.0  15.8  15.3  15.8 
1971 -99.0 -99.0 -99.0 -99.0 -99.0 -99.0 -99.0 -99.0  14.4  14.8 -99.0  15.0 
1972 -99.0 -99.0 -99.0  17.2  17.6  15.7  14.8  14.7  14.8 -99.0  16.2  17.1 
1973  18.0  19.7  20.4  19.8  16.8  15.7  14.3  14.0  14.7  15.3  16.0  15.1 
1974  17.0  18.0  16.3  19.4  17.0  15.4  14.0  14.3  14.4  16.0  15.1  16.3 
1975 -99.0 -99.0 -99.0 -99.0 -99.0 -99.0 -99.0 -99.0 -99.0 -99.0 -99.0 -99.0 
1976 -99.0 -99.0 -99.0 -99.0 -99.0 -99.0 -99.0 -99.0 -99.0 -99.0 -99.0 -99.0 
1977 -99.0 -99.0 -99.0 -99.0 -99.0 -99.0 -99.0 -99.0 -99.0 -99.0 -99.0 -99.0 
1978 -99.0 -99.0 -99.0 -99.0 -99.0 -99.0 -99.0 -99.0 -99.0 -99.0 -99.0 -99.0 
1979 -99.0 -99.0 -99.0 -99.0 -99.0 -99.0  14.6  14.8 -99.0 -99.0 -99.0 -99.0 
1980 -99.0 -99.0 -99.0 -99.0 -99.0 -99.0 -99.0 -99.0 -99.0 -99.0 -99.0 -99.0 
1981  16.7  17.4  17.7  18.0  17.7  16.3  14.5  14.5  14.4  15.4  15.6  15.5 
1982  16.4  17.2  18.1  17.9  17.5  15.8  14.4  14.3  14.8  14.8  15.1  15.2 
1983  15.5  17.2  18.3  18.3  17.7  16.2  14.9  14.4  14.9  14.8  14.9  14.6 
1984  15.6  17.0  18.7  19.8  17.7  14.7  14.3  14.6  14.8  15.6  16.5  16.1 
1985  16.4  17.1  18.9  17.9  16.4  15.3  14.5  14.3  14.8  15.3  15.6  16.2 
1986  15.8  16.9  17.9  17.6  18.6  15.2  14.4  14.3  14.8  15.3  15.9  15.5 
1987  16.3  17.7  17.3  18.1  17.5  15.8  15.3  15.1  15.8  16.2  15.5  16.5 
1988  16.9  17.9  19.4  19.3  19.1  15.9  13.9  15.0  15.1  15.5  13.8  14.1 
1989  14.7  15.9  16.3  15.8  16.4  14.6  13.8  14.0  14.5  14.7  15.2  15.4 
1990  15.8  16.7  17.5  17.7  18.1  15.6  14.5  14.5  14.8  15.3  16.2  16.2 
