Number= 634710
Name= DIRE DANA
Country= ETHIOPIA
Lat=    9.6
Long=  -41.9
Height= 126
Start year= 1954
End year= 2010
First Good year= 1954
Source ID= 10
Source file= Jones+Anders
Jones data to= 2001
Normals source= Data
Normals source start year= 1961
Normals source end year= 1990
Normals=  22.1  23.2  25.4  25.9  27.6  28.4  27.0  26.5  26.7  25.8  23.4  21.9 
Standard deviations source= Data
Standard deviations source start year= 1954
Standard deviations source end year= 1990
Standard deviations=   0.8   1.3   1.5   1.4   1.1   0.5   0.8   0.7   0.6   0.8   0.7   0.9 
Obs:
1954 -99.0 -99.0 -99.0 -99.0 -99.0 -99.0 -99.0  25.8  26.6 -99.0 -99.0  24.7 
1955 -99.0  25.1  28.4  28.2  29.9  29.5  27.6  26.6 -99.0 -99.0 -99.0 -99.0 
1956  21.8  23.7  29.5  25.3  30.1  28.0  26.1  25.8  26.9  27.4  25.2  24.2 
1957  22.6  22.3 -99.0 -99.0  28.6  28.4 -99.0  27.3  26.4 -99.0  24.4  21.7 
1958  21.9  21.7  24.9  26.3  29.1  28.7  26.7  26.3  27.4 -99.0 -99.0 -99.0 
1959  23.9  25.8  24.3  27.3  27.8  29.2  25.8  24.6  25.7  26.3  23.5  21.8 
1960  21.2  22.1  22.6  25.3  25.8  28.5  25.8  26.0  25.8  25.7 -99.0 -99.0 
1961 -99.0  23.7 -99.0 -99.0 -99.0 -99.0  25.5 -99.0 -99.0 -99.0 -99.0 -99.0 
1962 -99.0 -99.0 -99.0 -99.0 -99.0 -99.0 -99.0 -99.0 -99.0 -99.0 -99.0 -99.0 
1963  22.3  24.2  26.9  25.0  26.7  27.9  27.3  26.3  26.4  27.6  24.7  22.7 
1964 -99.0 -99.0  25.3  26.2  27.9  28.4 -99.0 -99.0 -99.0 -99.0  23.4 -99.0 
1965  22.2  24.1  25.3  25.5  28.8  28.8  27.6  26.1  27.0  25.8  23.3  22.3 
1966  22.7  22.7 -99.0  23.5  29.7  27.9  27.8  27.3  26.8  26.3 -99.0 -99.0 
1967  21.2  24.1  25.2  25.4  26.8  28.1  25.4  25.2  25.8  24.2  22.2  20.7 
1968  21.1  20.7  23.9  23.7  28.0  27.7  26.2  26.1  26.8  25.9  22.7  22.6 
1969  23.2  21.5  24.6  26.0  27.8  28.5  27.0  26.4  27.5  26.0  23.8  22.2 
1970  22.3  23.9  23.2  27.3  29.3  29.0  26.5  25.9  26.6  26.1  22.9  21.3 
1971  21.6  23.4  24.9  26.5  27.2  28.3  27.0  26.5  26.3  26.9  23.1  21.4 
1972  22.7  22.3  26.0  26.0  27.9  28.3  27.0  26.7  26.5  25.8  24.4 -99.0 
1973  22.9  24.9  27.9  28.8  28.1  28.9  27.5  26.7  27.1  26.7  23.8  21.4 
1974  22.5  23.1 -99.0  28.0  26.9  27.1  26.5  26.4  26.0  26.7  22.7  22.0 
1975  22.5 -99.0 -99.0 -99.0  28.2  27.8  26.9  24.9  25.3  26.0  23.5  21.8 
1976  22.9  24.6  26.3  26.2  26.8  28.2  26.7  26.2  26.9  26.9  23.4  22.6 
1977  22.5  22.9  25.8 -99.0  27.5  28.9  27.7  26.6  26.9  25.2  22.9  23.0 
1978  23.0  23.3  24.9  27.6  28.1  29.2  26.1  26.4  26.3  25.4  23.9  22.6 
1979  21.2  23.2  25.0  27.6  26.8  28.5  27.4  26.4  26.4  25.8  23.6  23.0 
1980  22.6  25.1  27.5  27.2  29.1  29.0  27.3  26.7  27.0  25.9  24.3  22.0 
1981  22.7  23.2  24.0  24.5  27.9  29.4  27.0  26.4  26.0  25.4  23.4  20.9 
1982  22.7  23.8  25.4  25.2  26.4  28.9  28.0  26.3  26.9  23.4  22.9  21.9 
1983  21.1  20.7  25.5  25.5  26.5  28.3  28.1  26.2  26.7  25.7  23.1  20.9 
1984  20.7  21.0  26.5  27.9  26.9  28.3  27.5  28.0  26.6  25.5  23.4  21.6 
1985  21.9  21.9  26.2  25.6  26.8  28.5  27.2  26.8  26.4  26.1  23.6  21.5 
1986  20.6  23.7  25.1  24.9  27.3  27.8  27.0  27.2  26.8  25.6  23.6  21.6 
1987  20.7  23.6  24.8  24.5  25.6  28.2  28.7  27.6  28.5  26.5  23.6  21.9 
1988  22.4  24.5  26.0  26.5  29.0  29.1  26.4  25.9  26.0  24.9  21.8  20.7 
1989  22.3  22.3  24.4  23.7  27.0  28.5  26.8  26.8  27.0  25.8  23.0  22.6 
1990  22.0  22.7  23.8  25.1  28.7  28.9  27.2  27.1  27.6  25.8  24.4  21.6 
1991  23.0  24.1  25.3 -99.0  27.5  28.9  27.3  27.4 -99.0  25.6  23.0  22.2 
1992 -99.0  22.4  25.8 -99.0  28.7  29.3  27.3  26.1  25.9  25.3  23.0  23.0 
1993  21.8  21.6  25.6  25.5  26.1  28.6  27.8  27.0  27.2  26.0  23.5  21.8 
1994  21.3  22.9  25.7  27.6  28.1  29.3  26.6  25.9  25.7  24.8  21.7  20.8 
1995  20.9  23.8  24.6  26.0  28.5  29.5  27.2  26.9  27.6  26.4  23.7  23.3 
1996  22.8  23.7  25.9  26.0  26.4  26.8  26.7  26.8  27.8  25.6  23.0  21.4 
1997  22.8  22.2  25.9  25.5  27.7  27.9  27.5  26.9  27.1  24.1  23.1  21.8 
1998  22.6  23.7  26.1 -99.0 -99.0  30.4  27.4  26.6  25.9 -99.0  23.0  21.3 
1999  22.1  24.0  23.6  27.6  28.8  28.6  26.8  25.9 -99.0  24.7  22.8  21.4 
2000  21.7  24.0  25.2  27.8  28.2  29.4  28.0 -99.0  26.9  25.6  23.4  21.9 
2001 -99.0  23.3  25.4  27.7 -99.0  36.0  27.8  25.6  26.4  26.6  23.2  22.4 
2002  21.9  23.5  25.6  27.0  30.1  36.4  28.8  27.3  27.3  23.8  24.2 -99.0 
2003  22.6  25.2  25.9  27.4  29.8  29.8  27.1  26.7  24.2  26.0  24.2  21.8 
2004  23.3 -99.0  25.3  26.6  29.9  29.4  27.9  27.9  26.5  24.4  23.5  22.4 
2005  22.7  24.6  26.5  27.1  28.4  26.0  27.1  27.5  27.4  26.5  24.2  21.6 
2006  21.8  24.8  31.1  25.9  28.4  29.8  27.8  25.9  26.8  26.2  23.8  21.4 
2007  21.9  24.7  27.1  26.6  29.5  28.7  25.6  25.9  26.4  25.6  23.3  21.4 
2008  22.0  21.7 -99.0  27.0  28.6  28.1  27.4  26.7  27.7  26.1  22.7  21.5 
2009  21.9  24.2  26.3  27.8  29.6  29.9 -99.0  28.1  29.1  25.6  24.0  23.0 
2010  22.5 -99.0  24.5 -99.0 -99.0 -99.0 -99.0 -99.0 -99.0 -99.0  24.2 -99.0 
