Number= 637390
Name= NAIROBI/KABETE
Country= KENYA
Lat=   -1.3
Long=  -36.8
Height= 1820
Start year= 1929
End year= 1955
First Good year= 1929
Source ID= 10
Source file= Jones
Jones data to= 1955
Normals= -99.0 -99.0 -99.0 -99.0 -99.0 -99.0 -99.0 -99.0 -99.0 -99.0 -99.0 -99.0 
Obs:
1929  17.3  18.8  19.0  17.7  16.2  15.1  14.7  14.6  15.7  17.1  16.6  16.5 
1930  17.2  17.1  17.1  16.1  16.1  14.7  14.4  14.7  16.3  16.8  16.3  16.4 
1931  17.5  18.6  18.3  17.8  16.9  15.6  15.5  15.2  16.2  17.6  17.1  16.6 
1932  17.1  17.7  17.6  17.3  16.3  15.5  14.8  15.2  16.8  17.6  17.2  16.6 
1933  16.7  18.1  18.9  18.9  17.6  16.5  15.1  14.9  15.6  16.8  16.7  16.4 
1934  17.6  18.8  19.0  18.2  16.3  15.6  15.4  15.0  16.6  17.6  17.7  17.5 
1935  18.4  18.0  18.6  18.0  17.1  15.9  14.8  15.1  16.7  17.1  17.2  17.1 
1936  17.2  18.2  17.8  17.4  17.3  15.5  15.0  15.0  16.3  17.6  16.9  17.4 
1937  18.6  20.0  18.9  17.6  16.6  15.5  15.2  15.0  17.1  16.9  17.2  16.6 
1938  17.0  18.8  19.0  17.7  16.8  15.3  15.4  15.4  16.4  17.4  16.7  16.8 
1939  17.5  18.7  19.3  17.8  16.7  15.5  15.7  15.6  17.1  18.0  18.0  18.4 
1940  19.0  19.8  19.0  17.8  17.4  16.3  15.5  15.9  17.5  18.1  18.3  17.8 
1941  19.2  19.7  18.9  18.5  17.8  16.4  15.2  16.0  17.3  18.7  18.1  17.5 
1942  18.6  19.0  18.9  18.3  17.1  16.0  14.7  15.3  16.3  17.5  17.4  17.7 
1943  18.6  19.3  19.1  18.4  17.6  15.8  15.1  15.7  16.2  17.7  17.5  17.0 
1944  18.0  19.8  19.1  18.0  17.7  17.0  15.7  16.0  17.4  18.3  18.0  17.6 
1945  18.1  19.0  18.7  19.0  17.5  16.6  15.3  15.5  16.4  18.6  17.4  17.5 
1946  18.3  19.7  20.1  18.6  17.7  17.0  16.0  15.1  16.3  17.3  17.6  17.9 
1947  18.4  19.6  18.6  18.4  17.1  16.3  16.0  15.2  17.0  18.0  17.1  16.9 
1948  19.0  19.8  19.4  18.8  17.9  16.3  15.7  13.8  17.2  18.3  17.2  17.2 
1949  17.7  18.8  19.6  19.0  17.9  16.5  16.2  15.9  17.2  18.4  18.5  17.8 
1950  18.6  18.7  18.5  17.6  16.9  15.7  15.1  15.7  16.5  18.1  17.9  17.9 
1951  19.3  20.1  19.7  18.6  17.5  16.5  16.1  15.3  18.1  18.5  18.4  17.9 
1952  18.4  19.7  20.5  19.7  18.5  16.2  15.4  15.9  18.0  18.6  18.1  18.4 
1953  18.9  19.4  19.9  19.7  18.1  17.6  15.6  16.3  17.6  18.4  18.3  18.2 
1954  19.1  19.6  20.3  18.8  17.9  15.9  15.6  15.5  17.5  18.4  17.7  17.9 
1955  19.1  18.6  19.7  18.9  17.4  16.6  16.4  16.9  16.6  18.9  18.1  18.3 
