Number= 763820
Name= TORREON, COAH.
Country= MEXICO
Lat=   25.5
Long=  103.5
Height= 1124
Start year= 1949
End year= 2011
First Good year= 1949
Source ID= 37
Source file= Jones+Anders
Jones data to= 2001
Normals source= Data
Normals source start year= 1961
Normals source end year= 1990
Normals=  14.0  16.5  20.5  24.3  27.1  28.0  27.4  26.8  25.1  22.3  18.1  15.2 
Standard deviations source= Data
Standard deviations source start year= 1949
Standard deviations source end year= 1990
Standard deviations=   1.8   1.6   1.9   1.5   1.4   1.2   1.2   1.0   1.1   1.3   1.6   1.5 
Obs:
1949  15.8  19.1  23.9  22.8  27.8  26.8 -99.0  26.2 -99.0 -99.0  16.4 -99.0 
1950  18.1  18.4  21.2  25.3  27.7  27.0 -99.0  26.6 -99.0 -99.0  17.5  14.4 
1951  14.1  16.0 -99.0  23.6  26.7  28.7  27.7  27.7  25.0  22.7  17.8  17.6 
1952  17.2  16.2  22.3  22.4  26.4  27.1  27.6  28.0  25.5  20.0  17.9  14.3 
1953  14.9  17.1  22.8  24.4  27.2  29.9  28.7  26.9  24.0  21.0  18.8  12.4 
1954  17.0  15.4  21.4  24.8  27.8  29.7  27.1  27.7  26.6  24.1  17.6  15.2 
1955  14.4  16.6  22.4  25.5  28.2  28.3  26.9  26.9  24.7  23.6  18.6  15.4 
1956  15.5  18.5  21.1  24.5  26.7  28.2  27.7  27.8  24.7  23.7  17.5  14.5 
1957  18.3  19.9  18.9  23.5  26.7  29.4  30.1  28.4  25.7  22.9  17.9  15.7 
1958  12.0  16.5  14.0  23.0  25.9  29.1  29.0  28.0  25.6  20.3  18.1  13.5 
1959  15.5  13.4  18.4  23.7  26.2  29.0  26.7  27.1  26.5  21.8  17.2  14.2 
1960  15.1  14.7  20.9  24.3  28.4  29.4  27.2  26.8  25.1  23.2  19.9  13.7 
1961  12.0  14.7  21.5  24.4  27.8  27.1  26.3  27.3  26.4  22.5  18.5  17.1 
1962  13.3  20.5  20.2  23.9  27.7  27.9  29.5  28.8  27.0  24.5  18.9  15.0 
1963  14.9  16.2  22.5  26.6  26.1  28.2  28.3  27.5  25.0  22.2  17.9  13.8 
1964  12.5  14.3  20.3  27.5  27.5  26.8  27.7  27.8  25.6  21.0  18.6  15.1 
1965  15.1  15.0  19.8  25.4  27.9  28.5  28.0  26.8  26.1  20.8  20.0  15.0 
1966  11.9  15.4  19.6  24.0  26.1  27.8  28.1  26.0  25.1  22.3  18.9  13.8 
1967  12.9  16.4  22.4  27.2  28.0  28.9  27.5  25.4  23.4  20.6  18.2  16.5 
1968  13.5  16.1  16.9  23.7  27.4  28.4  26.3  25.5  22.6  23.8  18.4  15.4 
1969  15.2  17.6  18.3  25.3  27.1  29.8  29.6  28.1  25.8  24.5  17.6  13.9 
1970  13.1  15.3  19.6  21.4  26.0  27.2  27.5  28.2  24.5  21.6  17.7  18.4 
1971  16.5  17.9 -99.0  23.5  27.1  26.7  27.6 -99.0  24.4  21.9  20.2  15.9 
1972 -99.0 -99.0  22.0  24.6  26.6  26.7  28.6  26.6  25.5  23.8  18.1  17.1 
1973  14.3  15.0  20.8  23.2  26.4  27.2  27.7  24.0  25.6  23.2  21.5  14.9 
1974  18.0  18.0  23.0 -99.0  32.2 -99.0 -99.0 -99.0  25.7  21.6  18.6  14.1 
1975  15.2  17.7 -99.0  26.8  29.6  29.8  26.4  26.0  23.0  22.1  18.8 -99.0 
1976  12.8  16.8  21.1  22.9  25.0  27.0  24.0 -99.0 -99.0 -99.0  13.5 -99.0 
1977  13.8  14.6  17.8  21.7  26.4  26.1  25.9  26.7  25.2  22.2  15.0  14.5 
1978  12.9  13.9  19.4  23.8  26.5  27.3  27.3  25.4  22.5  19.6  18.2  15.0 
1979  13.9  16.4  20.2 -99.0  25.4  26.2  27.9  25.9  23.7  22.5  15.5  14.0 
1980  13.9  16.4  21.1  22.8  28.3  30.6  28.5  26.2  26.2  21.0  13.9  14.4 
1981  11.8  16.5  19.0  22.9  25.6  27.7  28.6  28.0  26.4  22.6  18.3  14.9 
1982  16.2  17.2  22.8  25.2  26.5  30.3  27.2  28.1  26.2  22.6  16.3  13.1 
1983  12.3  15.2  18.8  22.7  26.8  28.5  28.1  26.4  25.8  22.5  18.7  15.8 
1984  13.4  15.5  21.5  26.1  27.4  28.3  26.2  27.8  25.5  25.0  19.3  18.8 
1985  12.1  18.2  23.0  24.2  28.1  27.7  27.0  27.2  26.0  23.3  20.1  15.1 
1986  13.8  18.6  21.6  26.2  27.4  26.7  28.6  26.8  25.0  20.7  18.7  13.8 
1987  13.0  15.8  18.9  21.6  22.4  28.1  26.1  27.2  25.9  21.7  18.0  16.5 
1988  13.5  16.8  19.9  23.7  27.6  26.7  25.9  26.7  25.1  22.7  20.2  15.9 
1989  17.0  19.4  20.4 -99.0  28.5  29.6  28.6  28.0  25.5  22.9  17.7  12.3 
1990  16.0  17.5  21.7  25.3  28.3  29.6  26.9  25.9  24.2  21.4  19.0  16.5 
1991 -99.0 -99.0 -99.0 -99.0 -99.0 -99.0 -99.0 -99.0  23.6 -99.0  16.8 -99.0 
1992  11.9  14.8 -99.0 -99.0 -99.0 -99.0 -99.0 -99.0 -99.0 -99.0 -99.0 -99.0 
1993 -99.0  18.7 -99.0 -99.0 -99.0 -99.0  28.5 -99.0 -99.0 -99.0 -99.0 -99.0 
1994 -99.0 -99.0  20.9  24.8 -99.0  28.8  28.7  28.0  24.5  22.9  22.1  16.6 
1995  15.4  19.2  21.4  24.7  29.7  29.5  28.6  28.0  26.0  22.6  19.3  14.7 
1996  15.0  18.7  19.7  22.9  30.1  28.9 -99.0  27.4  26.8 -99.0  18.7 -99.0 
1997 -99.0 -99.0  20.4 -99.0 -99.0 -99.0 -99.0 -99.0  27.8 -99.0 -99.0 -99.0 
1998  15.5  16.8 -99.0 -99.0  30.1  31.4 -99.0 -99.0  26.4 -99.0  20.4  16.2 
1999  15.2  19.8  22.2  27.3 -99.0  28.2  28.2  28.2  27.2  22.1  18.1  13.7 
2000 -99.0  19.8 -99.0  25.9 -99.0  27.4 -99.0 -99.0  26.4  22.0 -99.0  14.3 
2001 -99.0 -99.0 -99.0 -99.0  27.9 -99.0 -99.0  29.0  26.4  23.2 -99.0  15.2 
2002  16.2  15.8  22.0  27.4  29.4  29.7 -99.0  28.8 -99.0  24.6 -99.0  15.1 
2003 -99.0 -99.0  21.1  25.4 -99.0  29.6  27.6 -99.0  25.3  22.3  20.3  14.3 
2004  14.3  17.5 -99.0  24.4 -99.0  27.8  28.0 -99.0 -99.0  24.3 -99.0 -99.0 
2005  16.8  16.9 -99.0  25.0  27.5  30.6  28.7  27.4  27.7  23.9 -99.0  15.3 
2006 -99.0  19.3  23.7  27.3  28.6  29.1 -99.0  27.8 -99.0 -99.0 -99.0 -99.0 
2007 -99.0  18.5  22.4  25.5  27.8 -99.0  27.5  28.3 -99.0  23.9  19.3  17.3 
2008 -99.0  19.4  21.6  26.1  28.4 -99.0  28.6  27.1 -99.0 -99.0 -99.0  17.2 
2009 -99.0 -99.0 -99.0 -99.0  28.8 -99.0  30.4 -99.0 -99.0  24.4 -99.0 -99.0 
2010  14.1 -99.0  19.5  25.1  29.1  30.1  27.5  30.0  26.8 -99.0 -99.0  16.4 
2011 -99.0  17.7  24.6  28.7 -99.0 -99.0 -99.0 -99.0 -99.0 -99.0 -99.0 -99.0 
