Number= 765750
Name= LEON (GTO)
Country= MEXICO
Lat=   21.1
Long=  101.7
Height= 1809
Start year= 1889
End year= 1970
First Good year= 1889
Source ID= 10
Source file= Jones
Jones data to= 1970
Normals source= Extrapolated
Normals source start year= 1951
Normals source end year= 1970
Normals=  15.0  16.4  19.5  21.8  23.5  22.3  20.8  20.6  20.4  19.1  17.4  15.5 
Standard deviations source= Data
Standard deviations source start year= 1941
Standard deviations source end year= 1970
Standard deviations=   1.3   0.9   1.1   0.8   0.7   1.2   0.9   0.5   0.6   1.1   1.1   0.9 
Obs:
1889  14.2  17.3  17.0  21.4  23.9  23.6  22.1  21.2  19.7  17.5  17.0  13.5 
1890  14.9  15.9  17.7  21.6  24.0  20.7  21.1  20.4  19.8  17.6  14.6  13.0 
1891 -99.0 -99.0 -99.0 -99.0 -99.0 -99.0 -99.0 -99.0 -99.0 -99.0 -99.0 -99.0 
1892  13.4  17.0  17.9  22.1  24.1  23.8  21.6  20.2  19.1  17.7  14.9  14.0 
1893  12.6  16.5  18.0  22.3  22.5  21.4  19.7  20.3  20.0  17.1  15.9  12.8 
1894  14.6  16.1  17.3  21.6  23.7  23.9  20.5  20.3  19.9  17.2  14.5  13.8 
1895  13.3  15.1  18.1  22.0  22.5  22.4  20.7  20.8  20.4  17.7  17.4  13.7 
1896  14.0  14.4  18.9  22.5  24.5  23.2  22.3  21.2  20.3  18.7  16.5  12.5 
1897  13.8  15.9  18.8  21.9  22.1  22.3  20.2  20.5  18.3  18.8  16.2  14.6 
1898  14.0  14.2  18.8  20.6  23.2  22.1  19.7  19.2  18.9  16.7  16.0  13.5 
1899  13.0  14.2  18.1  20.6  23.6  20.3  20.5  20.2  18.8  18.0  14.8  13.6 
1900  13.7  15.2  16.8  19.7  22.3  23.6  20.7  19.4  19.8  18.7  15.9  13.0 
1901  14.2  14.7  17.2  21.0  23.3  24.4  21.3  20.8  19.8  17.4  15.2  12.5 
1902  13.4  15.2  18.1  22.2  23.5  23.8  19.7  21.2  19.9  17.7  16.1  13.5 
1903  11.6  15.5  17.7  22.0  22.4  22.1  20.8  19.6  19.6  17.0  15.1  13.7 
1904 -99.0 -99.0 -99.0 -99.0 -99.0 -99.0 -99.0 -99.0 -99.0 -99.0 -99.0 -99.0 
1905  12.7  15.6  15.1  19.7  24.5  22.0  20.5  21.0  19.5  19.7  18.4  13.5 
1906  12.8  13.6  18.1  21.8  23.9  23.3  21.7  20.4  19.6  18.2  15.7  13.6 
1907  14.4  15.6  19.4  20.8  23.3  23.1  20.8  20.6  19.6  19.1  17.0  13.2 
1908  14.5  17.1  20.7  22.2  22.6  22.7  20.0  20.3  20.0  17.7  15.5  14.9 
1909  13.8  15.3  19.8  22.3  24.2  23.4  21.5  20.4  19.1  18.5  16.6  13.9 
1910  13.2  15.2  17.4  20.9  22.3  22.0  20.0  20.7  19.6  18.3  16.2  13.4 
1911  14.1  17.0  19.2  21.3  21.6  22.7  20.3  20.9  20.5  18.9  17.7  14.6 
1912  14.1  13.8  20.3  22.5  23.4  21.1  20.8  20.6  19.6  18.8  14.7  15.2 
1913  14.4  16.0  18.7  20.5  22.5  21.0  20.1  20.4  19.7  18.1  16.2  14.5 
1914  13.9  16.2  17.8  20.1  22.0  21.4  20.5  20.7  19.5  18.9  16.4  15.5 
1915 -99.0 -99.0 -99.0 -99.0 -99.0 -99.0 -99.0 -99.0 -99.0 -99.0 -99.0 -99.0 
1916 -99.0 -99.0 -99.0 -99.0 -99.0 -99.0 -99.0 -99.0 -99.0 -99.0 -99.0 -99.0 
1917 -99.0 -99.0 -99.0 -99.0 -99.0 -99.0 -99.0 -99.0 -99.0 -99.0 -99.0 -99.0 
1918 -99.0 -99.0 -99.0 -99.0 -99.0 -99.0 -99.0 -99.0 -99.0 -99.0 -99.0 -99.0 
1919 -99.0 -99.0 -99.0 -99.0 -99.0 -99.0 -99.0 -99.0 -99.0 -99.0 -99.0 -99.0 
1920 -99.0 -99.0 -99.0 -99.0 -99.0 -99.0 -99.0 -99.0 -99.0 -99.0 -99.0 -99.0 
1921  14.6  15.6  19.2  22.3  23.8  23.8  20.2  21.8  20.8  18.5  16.7  15.4 
1922  15.1  17.8  20.3  22.2  24.2  21.4  20.3  20.7  19.7  18.4  18.4  16.0 
1923  15.9  16.6  19.2  22.3  23.6  22.4  19.9  20.2  19.9  17.3  16.9  15.7 
1924  14.3  15.5  19.2  21.8  23.7  21.6  21.0  21.1  19.8  18.6  16.7  15.6 
1925  14.5  16.6  18.9  22.8  22.6 -99.0 -99.0  20.0  19.1  19.0  16.4  14.2 
1926  13.1  15.9  18.7  19.8  21.4  20.9  20.0  19.6  19.6  19.2  16.4  15.6 
1927  14.0  16.0  19.3  21.0  23.9  20.6  19.9  19.7  19.3  18.3  16.6  15.5 
1928  14.3  16.6  18.6  20.5  21.7  23.0  20.1  20.0  19.4  19.2  15.9  15.0 
1929  14.3  16.7  18.1  22.2  22.7  23.1  19.4  19.3  19.8  17.7  17.1  14.9 
1930  14.5  16.0  19.3  20.0  22.8  21.2  19.7  20.2  20.9  18.9  15.3  14.9 
1931  12.2  14.7  17.3  19.5  21.6  21.9  20.6  19.4  19.6  19.6  16.6  15.3 
1932  15.0  17.3  17.3  20.8  23.5  23.8  20.4  21.1  19.5  18.8  15.2  15.3 
1933  15.2  17.0  19.6  22.1  24.3  22.3  20.9  19.8  19.5  18.0  16.1  15.6 
1934  14.3  16.3  17.0  20.2  20.3  22.2  19.8  19.4  19.7  18.5  16.4  16.3 
1935  14.6  13.4  18.8  21.1  22.9  20.0  19.5  19.4  19.9  18.5  17.6  14.9 
1936  15.7  16.8  19.1  20.5  22.1  23.4  21.0  19.9  19.4  18.6  17.0  15.2 
1937  17.1  17.8  18.7  21.3  22.7  22.6  20.2  20.1  19.9  19.4  17.1  14.7 
1938  14.4  16.5  19.4  21.0  22.9  21.3  19.4  21.3  19.6  18.4  17.3  14.8 
1939  14.8  16.8  19.7  21.0  22.7  20.9  20.2  20.2  19.2  18.9  15.2  15.1 
1940  13.7  15.9  17.9  21.1  23.1  22.0  20.1  20.0  19.8  19.6  17.1  14.9 
1941  14.1  15.9  18.3  21.2  22.1  20.9  20.0  19.8  19.6  18.6  17.0  15.7 
1942  14.7  17.2  19.3  21.3  24.3  21.4  20.9  20.8  20.0  19.6  17.1  15.4 
1943  15.9  17.4  19.6  22.1  24.0  20.8  21.7  20.8  20.5  18.9  16.3  15.9 
1944  13.8  18.2  18.3  22.1  22.8  23.9  22.0  20.6  20.0  18.0  17.6  15.0 
1945  16.3  17.9  20.3  22.2  22.9  24.5  20.7  20.8  20.9  19.9  18.0  16.4 
1946  15.4  17.7  20.4  21.8  24.4  21.8  20.7  21.2  22.4  19.9  18.0  15.8 
1947  15.5  17.6  20.4  22.4  22.7  23.3  23.4  20.0  19.6  20.0  16.6  14.4 
1948  13.3  17.7  20.1  22.2  23.0  21.4  20.5  20.5  20.3  19.2  18.3  17.5 
1949  15.7  17.7  20.9  21.9  24.1  22.0  20.6  21.3  20.7  20.9  15.7  16.4 
1950  16.8  17.7  20.3  22.4  23.9  21.6  19.3  21.6  20.4  19.3  17.3  14.4 
1951  15.3  17.5  19.4  22.9  22.8  23.3  21.2  21.3  20.7  19.7  19.4  17.8 
1952  17.5  17.0  20.7  21.2  23.3  20.5  21.1  21.1  20.0  17.6  18.6  15.6 
1953  14.9  17.8  20.9  22.2  24.2 -99.0 -99.0 -99.0 -99.0  20.0  16.0  14.2 
1954  16.4  17.4  20.7  21.8  22.9  21.9  20.1  21.1  21.0  18.7  16.7  15.6 
1955  14.6  16.6  21.2  23.0  24.0  22.4  20.1  20.4  20.2  18.0  17.7  14.7 
1956  13.5  17.5  20.7  22.2  21.6  21.2  19.6  20.5  20.0  20.3  17.5  16.6 
1957  18.4  18.4  18.6  22.2  23.6  24.0  22.3  21.9  21.4  19.7  19.4  16.5 
1958  12.8  16.2  19.6  24.0  23.3  21.9  21.2  21.1  20.9  19.9  18.3  15.8 
1959  15.7 -99.0  20.0 -99.0 -99.0  21.2  20.3  20.7  20.4  19.8  17.8  16.4 
1960  17.2  15.8  20.1  21.6  24.2  25.0  21.9  21.4  20.1  21.4  19.5  15.6 
1961  14.6  15.7  18.0  21.7  23.7  21.5  20.2  20.3  20.1  18.8  17.1  14.8 
1962  14.6  17.9  19.5  20.1  23.8  23.2  21.3  21.3  20.1  19.1  16.2  15.6 
1963  15.9  15.5  20.0  23.2  22.4  22.0  20.2  20.4  20.1  17.4  16.4  14.5 
1964  14.4  16.9  19.3  22.5  22.8  21.9  20.9  20.4  20.1  17.2  16.6  14.3 
1965  14.0  15.2  19.3  21.6  23.7  22.9  19.8  19.9  20.2  17.1  17.5  15.3 
1966  13.7  15.6  17.8  20.1  23.1  21.7  21.1  20.3  20.6  18.2  15.3  13.8 
1967  13.7  16.0  18.9  21.7  23.1  21.5  20.7  20.0  19.3  17.6  16.4  15.2 
1968  15.1  15.6  16.3  21.0  23.1  21.9  20.0  20.1  19.6  19.1  16.9  15.5 
1969  15.7  17.7  19.5  22.1  23.4  24.2  21.7  20.9  20.4  19.8  17.6  15.4 
1970  15.1  16.3  19.2  23.3  23.3  21.8  20.9  20.8  19.4  20.0  16.2  16.0 
