Number= 766920
Name= VERACRUZ, VER.
Country= MEXICO
Lat=   19.2
Long=   96.1
Height= 13
Start year= 1951
End year= 2011
First Good year= 1951
Source ID= 10
Source file= Jones+Anders
Jones data to= 2001
Normals source= Data
Normals source start year= 1961
Normals source end year= 1990
Normals=  21.1  21.4  23.3  25.6  27.5  27.8  27.7  28.0  27.7  26.6  24.6  22.5 
Standard deviations source= Data
Standard deviations source start year= 1951
Standard deviations source end year= 1990
Standard deviations=   1.1   1.1   1.0   1.0   0.5   0.9   0.4   0.5   0.5   0.6   0.8   0.8 
Obs:
1951  21.8  21.6  23.5  25.0  27.6  28.4  27.4  28.6  27.3  26.6  24.0  23.0 
1952  23.2  22.4  24.7  25.2  26.5  27.4  27.8  28.3  27.0  24.9  24.0  21.8 
1953  21.3  22.3  25.0  26.9  27.5  28.5  28.0  28.6  27.8  26.1  23.7  21.4 
1954  22.3  22.2  23.1  26.0  27.0  27.6  27.5  28.3  27.3  25.9  24.0  22.1 
1955  22.2  21.3  23.9  25.6  27.7  28.5  26.5  28.3  27.0  26.0  24.4  22.5 
1956  22.0  22.9  23.8  26.1  27.0  26.8  27.0  27.8  27.0  26.6  23.7  22.9 
1957  22.8  24.4  24.2  26.5  28.2  29.0  27.9  28.4  28.0  26.4  24.6  22.0 
1958  20.1  21.7  23.1  25.8  27.1  28.4  27.5  28.9  27.8  26.6  24.8  21.6 
1959  20.4  22.6  22.7  24.7  27.6  28.2  27.7  28.3  28.2  27.0  23.0  22.0 
1960  21.6  20.5  22.2  24.6  26.6  28.5  27.8  28.1  27.5  27.8  25.8  22.1 
1961  20.1  21.1  24.3  25.5  27.7  27.8  27.3  28.2  27.9  26.0  24.5  23.4 
1962  20.7  23.9  23.5  26.2  27.1  28.4  28.1  28.8  28.1  27.7  24.9  23.2 
1963  21.1  21.2  24.5  26.6  27.6  28.4  27.9  28.4  28.0  26.4  24.8  20.9 
1964  20.5  21.3  23.6  26.7  27.8  27.8  28.2  28.6  28.3  26.0  25.3  22.7 
1965  22.1  21.8  22.7  26.4  27.7  27.9  27.7  27.5  28.1  26.4  25.3  23.1 
1966  20.6  20.1  22.0  26.0  27.2  27.7  27.6  28.5  27.7  26.4  23.5  21.4 
1967  20.6  21.3  24.1  26.6  27.1  28.2  28.0  28.0  27.2  25.8  24.3  23.4 
1968  21.9  21.5  21.4  25.5  27.6  28.0  27.7  28.0  28.1  27.3  24.7  22.4 
1969  21.7  23.2  21.5  26.3  27.8  28.9  28.6  27.3  27.6  27.6  23.9  23.0 
1970  20.9  21.1  22.7  25.8  26.0  27.8  27.6  28.5  27.7  26.8  22.7  23.2 
1971  23.5  19.5  23.9  24.9  27.3  28.1  27.2  27.5  28.1  27.8  25.6 -99.0 
1972  23.3  21.8  25.4  27.2  28.2  27.8  27.1  27.4  28.3  27.9  25.9  22.9 
1973  21.5  20.9  24.8  25.3 -99.0 -99.0  27.7 -99.0  28.0  26.8 -99.0  22.0 
1974 -99.0  20.0  23.7 -99.0  27.5  28.0 -99.0 -99.0  27.8 -99.0 -99.0 -99.0 
1975  19.0  23.0 -99.0  22.6  28.0  24.9  27.5 -99.0 -99.0 -99.0 -99.0 -99.0 
1976 -99.0  21.7  24.6  25.8  27.1  25.0  27.1 -99.0 -99.0 -99.0 -99.0 -99.0 
1977  19.7  20.4  23.1  24.5  27.5  27.5  27.8  28.3  28.1 -99.0  24.6  23.1 
1978  21.4  20.2  21.9  25.3  28.0  27.5  27.6  27.7  27.1  25.8  25.0 -99.0 
1979  19.5  20.7  23.3  26.5  26.8  27.6  27.6  26.9  26.7  26.5  23.4  22.0 
1980 -99.0  20.3  23.1  24.7  28.3  28.0  28.5  28.2  27.3  26.2  22.9 -99.0 
1981  20.3  21.1  23.5  26.1  28.3  27.7  27.6  27.8  27.1  27.0  24.4  23.4 
1982  22.6  22.0  24.2  26.5  27.5  29.0  28.0  28.0  27.6  26.5  24.3  22.3 
1983  20.4  21.4  23.5  23.5  27.4  29.2  27.7  28.4  27.7  26.3  25.1  22.7 
1984  20.3  20.8  22.8  25.8  26.9  27.1  27.0  27.0  26.2  26.8  24.1  23.4 
1985  20.4  21.0  23.8  25.5  28.0  27.8  27.2  28.0  27.7  27.0  25.5  22.9 
1986  20.7  22.9  22.9  26.0  27.5  27.9  27.4  28.2  27.1  26.4  24.6  21.7 
1987  19.9  22.0  22.4  22.8  27.4  28.1  27.5  28.4  27.7  26.4  24.2  22.9 
1988  20.7  20.6  22.5  25.6  27.3  27.7  28.2  28.0  28.0  26.1  25.6  22.6 
1989  23.6 -99.0 -99.0  25.4  27.8 -99.0 -99.0 -99.0 -99.0  26.0  24.9  19.6 
1990  21.7  22.5 -99.0 -99.0  28.4  28.2 -99.0 -99.0 -99.0  26.4  24.8  22.3 
1991 -99.0  21.4  24.8  26.5 -99.0 -99.0 -99.0 -99.0  27.3 -99.0 -99.0  22.5 
1992 -99.0 -99.0 -99.0 -99.0 -99.0 -99.0 -99.0 -99.0 -99.0 -99.0 -99.0 -99.0 
1993 -99.0 -99.0 -99.0 -99.0 -99.0 -99.0 -99.0 -99.0 -99.0 -99.0 -99.0 -99.0 
1994  21.0  22.0  23.1  25.5  28.0  28.0  27.7  26.9  26.9  26.9  25.7  23.6 
1995  22.1  22.8  24.0  25.7  28.4  28.3  27.5  27.6  27.4  26.7  24.8  23.6 
1996  20.2  21.2  23.2  24.5  27.9  27.7  27.4  27.3  28.4  26.5  23.9  22.0 
1997  21.1  22.2  24.7  25.5  27.4  28.6  27.7  28.0  27.4  25.7  24.1  22.0 
1998  22.7 -99.0  23.4  26.0  27.3  29.3  27.9  27.9  27.9  26.5  25.3  22.7 
1999  22.6  22.8  24.5  26.6  28.4  28.6  27.4  27.8  27.1  25.4  23.3  21.9 
2000  22.0  22.7  25.6  26.3  27.7  27.6  27.7  27.3  27.7  25.7  24.7  21.8 
2001  21.1  22.7  24.2 -99.0  27.0  27.8  27.8  27.5  27.6  26.0 -99.0  22.8 
2002 -99.0  20.8  23.1  26.4  27.7 -99.0  27.8  28.0  28.0  27.5 -99.0  22.3 
2003 -99.0 -99.0  25.1  25.8  28.8  28.5  27.9 -99.0 -99.0  26.6  24.5  21.3 
2004  21.8  21.7 -99.0  25.7  27.0  27.8  27.9  28.5  27.8  27.5  25.2  22.4 
2005  22.3  22.0  23.8 -99.0  27.7  28.5  28.3  27.5  27.8  26.4  23.8  22.4 
2006  22.2  22.5  24.9  26.9  27.8  28.0  27.3 -99.0  27.8  27.3  23.8  22.4 
2007  21.6  21.7  24.3  26.3  28.1  28.6  28.6  28.0  27.7  26.6  24.6  24.0 
2008  22.3  23.9  23.9  26.6  28.9 -99.0 -99.0  28.7  27.6  26.1  23.9  22.9 
2009  22.3  23.2  24.5  26.6  28.4 -99.0  28.6  28.0  28.0  27.7  24.3  22.4 
2010  19.9  20.1  22.2  25.6  28.3  29.1  27.9  28.1  27.5  26.0  24.4  21.8 
2011  22.1  21.5  24.8  27.8  28.4 -99.0 -99.0 -99.0 -99.0 -99.0 -99.0 -99.0 
