Number= 767460
Name= CD OBREGON, SON.
Country= MEXICO
Lat=   18.5
Long=   92.7
Height= 39
Start year= 1961
End year= 1990
First Good year= 1961
Source ID= 10
Source file= Jones
Jones data to= 1990
Normals source= Data
Normals source start year= 1961
Normals source end year= 1990
Normals=  15.4  16.0  17.5  21.7  25.5  28.9  30.2  29.8  29.2  25.7  20.3  16.1 
Standard deviations source= Data
Standard deviations source start year= 1961
Standard deviations source end year= 1990
Standard deviations=   1.5   1.3   1.2   1.3   1.0   1.3   0.6   0.8   0.6   1.3   1.2   1.5 
Obs:
1961  16.0  14.9  16.4  21.9  25.9  29.1  29.8  29.5  28.2  25.1  17.1  14.8 
1962  14.0  15.6  15.8  22.2  24.4  27.5  30.4  30.6  29.1  25.9  21.5  17.1 
1963  13.8  16.5  17.1  20.6  26.1  29.0  30.2  28.9  29.8  26.4  20.0  16.6 
1964  12.8  13.4  15.5  19.7  24.6  27.8  30.1  29.2  28.3  26.1  18.6  15.5 
1965  15.3  14.1  15.8  20.8  24.2  27.9  30.2  29.3  28.4  24.6  20.9  10.8 
1966  13.6  14.0  17.7  22.1  27.0  29.5  29.9  28.3  29.1  23.9  20.2  15.9 
1967  13.9  15.2  18.3  20.2  25.3  28.8  30.3  29.9  29.1  26.1  21.0  15.5 
1968  15.4  17.8  18.1  21.0  25.0  27.5  29.4  28.7  29.2  25.1  19.0  15.3 
1969  16.3  14.5  16.1  21.4  24.9  26.4  29.8  30.0  29.1  24.7  20.8  15.7 
1970  14.4  15.8  16.7  19.9  25.0  28.1  30.0  29.6  28.3  23.3  19.4  15.9 
1971 -99.0 -99.0 -99.0 -99.0 -99.0 -99.0 -99.0 -99.0 -99.0 -99.0 -99.0 -99.0 
1972 -99.0 -99.0 -99.0 -99.0 -99.0 -99.0 -99.0 -99.0 -99.0 -99.0 -99.0 -99.0 
1973 -99.0 -99.0 -99.0 -99.0 -99.0 -99.0 -99.0 -99.0 -99.0 -99.0 -99.0 -99.0 
1974 -99.0 -99.0 -99.0 -99.0 -99.0 -99.0 -99.0 -99.0 -99.0 -99.0 -99.0 -99.0 
1975 -99.0 -99.0 -99.0 -99.0 -99.0 -99.0 -99.0 -99.0 -99.0 -99.0 -99.0 -99.0 
1976 -99.0 -99.0 -99.0 -99.0 -99.0 -99.0 -99.0 -99.0 -99.0 -99.0 -99.0 -99.0 
1977 -99.0 -99.0 -99.0 -99.0 -99.0 -99.0 -99.0 -99.0 -99.0 -99.0 -99.0 -99.0 
1978 -99.0 -99.0 -99.0 -99.0 -99.0 -99.0 -99.0 -99.0 -99.0 -99.0 -99.0 -99.0 
1979 -99.0 -99.0 -99.0 -99.0 -99.0 -99.0 -99.0 -99.0 -99.0 -99.0 -99.0 -99.0 
1980 -99.0 -99.0 -99.0 -99.0 -99.0 -99.0 -99.0 -99.0 -99.0 -99.0 -99.0 -99.0 
1981  16.8  17.2  17.1  22.2  24.5  28.1  29.8  30.7  29.1  25.4  21.6  17.1 
1982  14.9  15.9  17.3  21.9  24.1  28.6  30.3  30.2  29.9  24.9  20.2  16.1 
1983  17.9  16.8  17.9  19.6  25.2  29.6  31.2  29.1  29.0  25.5  19.8  18.7 
1984  17.5  17.0  18.5  21.3  26.7  28.8  28.8  28.8  29.3  24.0  19.3  17.3 
1985  15.4  15.8  17.7  22.3  26.5  29.8  30.3  30.2  29.3  25.9  20.7  16.7 
1986  19.0  17.4  19.7  24.4  26.5  29.8  30.8  30.6  28.8  25.3  21.5  16.4 
1987  15.2  16.7  17.5  22.9  25.2  30.0  31.6  30.3  29.4  28.6  21.0  16.4 
1988  16.3  18.2  19.0  22.4  25.0  29.6  30.4  31.6  30.5  27.7  21.0  16.0 
1989  14.3  17.1  19.1  23.8  26.4  29.3  31.0  29.3  30.6  27.7  22.2  17.0 
1990  15.8  15.4  19.2  23.8  27.4  32.7  29.7  30.2  29.4  26.9  21.1  16.8 
