Number= 852230
Name= COCHABAMBA
Country= BOLIVIA
Lat=  -17.4
Long=   66.2
Height= 2548
Start year= 1941
End year= 2011
First Good year= 1941
Source ID= 10
Source file= Jones+Anders
Jones data to= 2001
Normals source= Data
Normals source start year= 1961
Normals source end year= 1990
Normals=  19.6  19.0  19.0  18.5  16.8  14.8  15.0  16.9  19.0  20.9  21.2  20.1 
Standard deviations source= Data
Standard deviations source start year= 1941
Standard deviations source end year= 1990
Standard deviations=   1.4   1.2   0.9   1.2   1.3   1.2   1.1   1.6   1.7   1.4   1.5   1.3 
Obs:
1941  17.9  17.0  19.2  17.3  15.2  13.6  13.3  14.9  17.4  19.3  19.8  20.1 
1942  19.5  18.1  18.6  17.6  15.2  13.2  14.2  15.7  16.5  17.7  18.9  18.0 
1943  18.6  16.4  18.6  14.9  14.7  12.7  13.5  12.9  17.5  17.6  16.8  16.0 
1944  15.1  15.5  19.4  16.8  13.3  16.9  13.6  15.3  13.4  19.7  18.5  17.7 
1945  19.6  19.5  19.9  18.8  13.8  14.4  15.2  17.8  19.0  18.8  20.8  19.3 
1946  20.3  19.5  20.6  20.2  17.2  12.3  11.7  14.6  16.7  18.2  18.6  18.2 
1947  17.5  16.6  17.5  16.8  14.0  11.5  12.0  13.6  16.1  18.2  18.2  18.8 
1948  18.3  18.0  16.7  16.4  14.2  12.4  14.8  14.1  15.7  18.6  18.5  18.7 
1949  17.2  17.8  17.8  16.7  14.2  12.7  12.7  12.4  14.0  18.0  18.4  17.6 
1950  17.8  18.2  17.6  16.4  14.4  12.7  12.3  14.6  17.0  16.7  17.8  18.7 
1951  18.2  17.3  18.5  17.0  14.1  12.2  12.8  12.7  16.4  18.6  19.6  18.6 
1952  17.8  17.5  19.5  17.7  15.9  14.4  14.1  16.1  17.6  20.9  20.5  19.0 
1953  19.4  18.4  18.6  18.3  15.9  14.1  14.1  16.8  19.4  21.2  21.0  19.6 
1954  18.9  17.7  18.1  19.2  17.0  15.6  15.8  17.4  19.8  20.8  20.9  21.3 
1955  18.8  18.9  18.5  17.8  15.9  15.4  14.6  15.5  18.1  19.8  21.1  18.8 
1956  18.5  18.8  20.5  19.1  16.0  13.9  13.6  15.6  13.5  16.2  18.2  19.1 
1957  18.2  18.7  18.6  17.9  17.3  14.1  14.6  17.2  19.0  20.8  19.7  21.4 
1958  19.7  20.6  19.1  19.6  17.0  14.9  14.2  17.4  19.5  20.8  20.5  21.6 
1959  20.1  18.7  17.6  18.8  16.8  14.2  15.3  16.9  18.8  20.5  20.7  19.4 
1960  17.9  18.2  19.0  17.1  15.9  14.5  14.7  16.1  18.2  19.1  20.0  19.3 
1961  19.9 -99.0  19.7  17.9  17.1  15.0 -99.0 -99.0 -99.0 -99.0  20.8 -99.0 
1962 -99.0  20.3 -99.0 -99.0 -99.0 -99.0 -99.0  16.1  20.0  21.0  22.1  18.0 
1963  18.5  17.0  18.2  17.3  16.4  14.7  15.1  17.7  18.8  21.7  22.4  19.8 
1964  20.1  19.4  18.5  19.1  16.6  15.0  14.0  16.6  18.7  20.8  20.7 -99.0 
1965 -99.0 -99.0 -99.0 -99.0 -99.0 -99.0 -99.0  16.9  18.7  21.3  21.0  20.1 
1966 -99.0 -99.0 -99.0 -99.0 -99.0  14.7  14.7  16.9  19.5  21.6  21.7  20.8 
1967  22.0  19.4  18.8 -99.0  17.8  15.4  15.6  17.6  19.3  21.2  22.6  18.9 
1968  19.5  17.8  19.2  17.8  15.9  14.7  14.9  17.2 -99.0  21.6  20.6 -99.0 
1969 -99.0  19.9 -99.0 -99.0  17.9  15.2  15.8  16.8  19.6  22.0  23.3  20.5 
1970  20.1  19.0  19.0  18.7  17.3  16.0  15.6  17.9  19.2  21.6  22.7  20.7 
1971  20.2  17.8  20.5  18.7  16.3  14.9  15.0  16.6  19.5  20.1  19.8  20.3 
1972  19.0  18.5  19.8  19.7  17.2  14.9  16.7  17.4  19.7  21.7  22.4  19.9 
1973  20.9  19.9  19.8  19.4  18.1  15.2  15.3  17.1  19.2  21.5  21.6  20.4 
1974  17.5  17.5  18.4  17.6  16.4  14.6 -99.0  14.8  18.1  19.2  17.9  19.9 
1975  18.2  18.2  18.9  18.0  16.1  14.6  13.1 -99.0 -99.0  20.2  21.0  19.7 
1976  18.1 -99.0  18.4 -99.0  15.6 -99.0  14.6  16.1 -99.0  21.2  20.3 -99.0 
1977  20.6 -99.0  18.6  19.0  15.0  13.4  14.9  15.9  18.6  20.5  20.2  19.1 
1978  18.9  19.1  18.5  18.3  15.6  14.3 -99.0  15.9  18.9  20.6 -99.0  18.5 
1979  17.0  19.1  17.9  17.4  15.5  14.0  13.8  16.0 -99.0  18.7  21.8  19.2 
1980  19.9  19.6  18.1  18.1  15.4  14.2  14.8 -99.0  17.7  20.2  22.0  20.4 
1981  19.2  17.9  17.9  17.3  16.0  12.9  13.4  15.0  17.1  19.7  21.4  20.3 
1982  18.5  19.5  17.6  16.7 -99.0  13.4  14.1  16.1  18.0  20.9  21.2  20.3 
1983  21.4  20.3  20.7  20.5  16.8  14.9  15.7  16.9  20.0  21.1  20.9  21.2 
1984  17.5  17.7  18.0 -99.0  18.3  15.8  15.8  17.2  19.1  21.2  20.0  20.2 
1985  18.9  18.3  19.8  18.6  17.7  15.4  14.9  18.0  19.1  21.1  19.9  19.4 
1986  20.4  18.0  18.3  19.0  17.7  16.1 -99.0  17.8  19.2  20.6  22.1  19.8 
1987  20.4  20.8  20.2  20.0  18.4  16.0  16.5  19.7  20.9  21.7  22.5  23.3 
1988  21.5  20.3  19.4  19.8  18.4 -99.0 -99.0  19.7  20.0  22.3  22.0  21.4 
1989  20.6  19.5  19.9  18.5  15.9  14.5  14.7  16.1  18.2  19.1  20.0  19.3 
1990 -99.0 -99.0 -99.0 -99.0 -99.0 -99.0 -99.0 -99.0 -99.0 -99.0 -99.0 -99.0 
1991 -99.0 -99.0 -99.0 -99.0 -99.0 -99.0 -99.0 -99.0 -99.0 -99.0 -99.0 -99.0 
1992 -99.0 -99.0 -99.0 -99.0 -99.0 -99.0 -99.0 -99.0 -99.0 -99.0 -99.0 -99.0 
1993 -99.0 -99.0 -99.0 -99.0 -99.0 -99.0 -99.0 -99.0 -99.0 -99.0 -99.0 -99.0 
1994 -99.0 -99.0 -99.0 -99.0 -99.0 -99.0 -99.0 -99.0 -99.0 -99.0 -99.0  20.3 
1995 -99.0 -99.0  18.6 -99.0 -99.0 -99.0 -99.0  16.6 -99.0 -99.0 -99.0 -99.0 
1996 -99.0  19.3 -99.0 -99.0  16.5 -99.0 -99.0  15.9  17.6 -99.0 -99.0  19.4 
1997 -99.0 -99.0 -99.0  16.8 -99.0 -99.0 -99.0  15.3  18.3 -99.0  21.0 -99.0 
1998  22.4  20.9 -99.0 -99.0 -99.0 -99.0 -99.0 -99.0 -99.0 -99.0  19.6 -99.0 
1999 -99.0 -99.0 -99.0  18.2 -99.0 -99.0 -99.0 -99.0 -99.0  27.8  19.8  20.4 
2000 -99.0 -99.0 -99.0 -99.0 -99.0  14.0 -99.0 -99.0 -99.0  19.8 -99.0 -99.0 
2001 -99.0  18.7  18.0  18.3 -99.0  14.5  14.3  18.0  18.5  20.0 -99.0 -99.0 
2002  20.8  19.7  19.4  18.6 -99.0  15.5  14.1  16.4  18.5  19.9  20.1  21.1 
2003  18.9  20.5  19.0  18.4  16.3  14.4  14.7  15.7  17.6  19.8  20.5  20.1 
2004  20.1  18.7  19.6 -99.0 -99.0 -99.0  14.4 -99.0  18.0 -99.0 -99.0  20.8 
2005  19.4 -99.0  20.6 -99.0 -99.0  14.1 -99.0 -99.0  17.0  19.1 -99.0  19.1 
2006  18.2 -99.0  19.4  17.6 -99.0 -99.0  14.2  14.7  17.6  17.6  20.2  20.6 
2007  20.1  19.5  18.9  18.7  16.6  15.6  14.3  16.6  18.0  19.4 -99.0  18.5 
2008  18.0  18.6  18.0  17.3  15.0  14.4 -99.0  16.4  18.0 -99.0 -99.0  19.3 
2009  18.9  18.9  18.4  17.2  16.3  13.6  15.0  15.8  18.3  19.8  21.3  20.4 
2010  19.7  20.4  20.0  19.2  17.3  15.6  15.1  16.9  18.5  19.8  20.8  20.9 
2011  19.8  17.7  18.4 -99.0  16.3 -99.0 -99.0 -99.0 -99.0 -99.0 -99.0 -99.0 
