Number= 854170
Name= IQUIQUE DIEGO ARACEN
Country= CHILE
Lat=  -20.5
Long=   70.2
Height= 52
Start year= 1900
End year= 1990
First Good year= 1900
Source ID= 10
Source file= Jones
Jones data to= 1990
Normals= -99.0 -99.0 -99.0 -99.0 -99.0 -99.0 -99.0 -99.0 -99.0 -99.0 -99.0 -99.0 
Obs:
1900  20.9  21.6  21.5  18.4  16.4  16.1  16.7  16.6  16.0  16.8  18.3  19.4 
1901  20.7  19.8  18.9  17.3  15.8  16.2  15.6  15.0  16.4  17.4  18.5  19.3 
1902  20.6  20.0  19.2  17.8  16.6  17.3  16.2  15.0  15.9  17.6  18.3  19.4 
1903  19.3  20.5  20.8  18.3  15.4  14.9  14.6  14.7  15.7  16.8  17.7  18.6 
1904  20.5  20.2  19.6  17.3  17.9  17.3  17.2  17.4  17.6  17.2  18.4  19.8 
1905  20.5  19.9  20.0  18.2  18.2  17.4  17.0  16.3  16.7  17.8  18.5  19.3 
1906  20.8  22.3  20.0  19.3  17.5  16.3  14.9  15.5  15.8  16.9  18.0  18.2 
1907  20.9  21.7  20.2  18.5  17.4  16.0  15.2  15.0  15.9  16.9  17.6  18.0 
1908  20.6  19.6  18.4  16.0  14.7  14.9  16.4  16.4  16.1  17.0  17.8  19.6 
1909  20.4  19.8  20.1  18.6  16.6  15.7  15.5  15.2  16.7  18.5  19.1  20.5 
1910  21.6  20.8  19.8  18.5  16.4  15.0  15.2  15.1  15.3  16.5  18.5  18.6 
1911  20.6  20.3  19.2  17.9  17.1  16.2  15.7  15.8  16.2  17.8  19.6  21.4 
1912  21.5  21.8  20.9  19.3  17.9  17.0  16.2  15.8  16.8  18.2  18.8  20.5 
1913  21.2  21.6  19.4  18.6  17.6  17.0  17.2  17.0  17.2  18.3  19.6  20.1 
1914  21.6  22.0  20.4  18.5  17.2  16.2  16.4  16.7  16.6  17.5  19.1  20.2 
1915  21.0  22.0  20.5  19.6  18.4  17.0  16.2  16.0  16.0  16.8  18.8  19.9 
1916  21.7  21.3  19.9  18.4  17.0  14.8  13.8  14.1  15.5  16.3  18.6  19.5 
1917  20.6  20.1  18.8  17.3  16.8  17.0  16.4  16.0  16.3  16.9  18.1  19.1 
1918  19.7  19.2  20.6  18.2  18.0  17.1  16.1  16.2  17.0  17.6  18.8  21.2 
1919  22.3  20.8  20.3  20.0  18.7  17.0  16.1  16.4  16.3  16.6  18.1  20.2 
1920  21.4  21.2  20.0  18.1  17.2  16.4  15.2  15.4  16.5  16.9  18.2  19.4 
1921  21.0  20.5  18.7  16.9  17.5  15.9  15.7  15.3  15.8  16.8  18.9  20.2 
1922  20.7  20.6  19.6  18.0  16.9  15.3  14.8  15.1  15.6  17.4  18.0  19.6 
1923  20.2  20.4  19.0  18.8  16.4  16.6  15.6  15.6  15.9  17.2  18.6  19.9 
1924  20.6  21.0  19.7  17.9  15.8  14.9  14.3  14.5  15.4  17.0  18.1  19.8 
1925  21.6  21.0  19.7  18.5  18.0  16.6  16.4  16.8  18.4  18.7  19.7  21.4 
1926  22.0  22.9  22.3  19.5  17.8  16.7  15.9  15.1  15.9  17.5  18.9  20.8 
1927  21.8  21.3  19.6  18.3  16.0  15.0  14.7  14.9  16.3  17.3  18.2  19.0 
1928  19.8  19.8  18.8  17.1  16.0  14.8  14.6  14.2  14.8  16.0  18.0  19.4 
1929 -99.0 -99.0 -99.0 -99.0 -99.0 -99.0 -99.0 -99.0 -99.0 -99.0 -99.0 -99.0 
1930 -99.0 -99.0 -99.0 -99.0 -99.0 -99.0 -99.0 -99.0 -99.0 -99.0 -99.0 -99.0 
1931 -99.0 -99.0 -99.0 -99.0 -99.0 -99.0 -99.0 -99.0 -99.0 -99.0 -99.0 -99.0 
1932 -99.0 -99.0 -99.0 -99.0 -99.0 -99.0 -99.0 -99.0 -99.0 -99.0 -99.0 -99.0 
1933 -99.0 -99.0 -99.0 -99.0 -99.0 -99.0 -99.0 -99.0 -99.0 -99.0 -99.0 -99.0 
1934 -99.0 -99.0 -99.0 -99.0 -99.0 -99.0 -99.0 -99.0 -99.0 -99.0 -99.0 -99.0 
1935  19.9  19.9  19.1  17.9  16.8  15.9  14.7  14.5  15.3  16.0  18.4  18.8 
1936  19.8  20.0  19.6  18.8  17.2  14.6  14.6  14.5  15.0  16.8  17.8  19.5 
1937  20.4  20.2  18.8  17.0  16.1  14.9  14.9  14.5  14.5  15.6  17.2  19.1 
1938  19.4  19.9  18.9  15.9  14.8  14.5  13.8  13.2  14.2  15.7  17.4  18.8 
1939  20.1  19.5  18.5  16.8  17.3  16.5  15.6  16.1  16.8  17.8  18.6  19.8 
1940  20.1  20.7  19.9  19.0  18.5  17.1  16.3  16.3  16.5  17.4  18.5  19.6 
1941 -99.0 -99.0 -99.0 -99.0 -99.0 -99.0 -99.0 -99.0 -99.0 -99.0 -99.0 -99.0 
1942 -99.0 -99.0 -99.0 -99.0 -99.0 -99.0 -99.0 -99.0 -99.0 -99.0 -99.0 -99.0 
1943 -99.0 -99.0 -99.0 -99.0 -99.0 -99.0 -99.0 -99.0 -99.0 -99.0 -99.0 -99.0 
1944 -99.0 -99.0 -99.0 -99.0 -99.0 -99.0 -99.0 -99.0 -99.0 -99.0 -99.0 -99.0 
1945 -99.0 -99.0 -99.0 -99.0 -99.0 -99.0 -99.0 -99.0 -99.0 -99.0 -99.0 -99.0 
1946 -99.0 -99.0 -99.0 -99.0 -99.0 -99.0 -99.0 -99.0 -99.0 -99.0 -99.0 -99.0 
1947 -99.0 -99.0 -99.0 -99.0 -99.0 -99.0 -99.0 -99.0 -99.0 -99.0 -99.0 -99.0 
1948 -99.0 -99.0 -99.0 -99.0 -99.0 -99.0 -99.0 -99.0 -99.0 -99.0 -99.0 -99.0 
1949 -99.0 -99.0 -99.0 -99.0 -99.0 -99.0 -99.0 -99.0 -99.0 -99.0 -99.0 -99.0 
1950 -99.0 -99.0 -99.0 -99.0 -99.0 -99.0 -99.0 -99.0 -99.0 -99.0 -99.0 -99.0 
1951 -99.0 -99.0 -99.0 -99.0 -99.0 -99.0 -99.0 -99.0 -99.0 -99.0 -99.0 -99.0 
1952 -99.0 -99.0 -99.0 -99.0 -99.0 -99.0 -99.0 -99.0 -99.0 -99.0 -99.0 -99.0 
1953 -99.0 -99.0 -99.0 -99.0 -99.0 -99.0 -99.0 -99.0 -99.0 -99.0 -99.0 -99.0 
1954 -99.0 -99.0 -99.0 -99.0 -99.0 -99.0 -99.0 -99.0 -99.0 -99.0 -99.0 -99.0 
1955 -99.0 -99.0 -99.0 -99.0 -99.0 -99.0 -99.0 -99.0 -99.0 -99.0 -99.0 -99.0 
1956 -99.0 -99.0 -99.0 -99.0 -99.0 -99.0 -99.0 -99.0 -99.0 -99.0 -99.0 -99.0 
1957 -99.0 -99.0 -99.0 -99.0 -99.0 -99.0 -99.0 -99.0 -99.0 -99.0 -99.0 -99.0 
1958 -99.0 -99.0 -99.0 -99.0 -99.0 -99.0 -99.0 -99.0 -99.0 -99.0 -99.0 -99.0 
1959 -99.0 -99.0 -99.0 -99.0 -99.0 -99.0 -99.0 -99.0 -99.0 -99.0 -99.0 -99.0 
1960 -99.0 -99.0 -99.0 -99.0 -99.0 -99.0 -99.0 -99.0 -99.0 -99.0 -99.0 -99.0 
1961 -99.0 -99.0 -99.0 -99.0 -99.0 -99.0 -99.0 -99.0 -99.0 -99.0 -99.0 -99.0 
1962 -99.0 -99.0 -99.0 -99.0 -99.0 -99.0 -99.0 -99.0 -99.0 -99.0 -99.0 -99.0 
1963 -99.0 -99.0 -99.0 -99.0 -99.0 -99.0 -99.0 -99.0 -99.0 -99.0 -99.0 -99.0 
1964 -99.0 -99.0 -99.0 -99.0 -99.0 -99.0 -99.0 -99.0 -99.0 -99.0 -99.0 -99.0 
1965 -99.0 -99.0 -99.0 -99.0 -99.0 -99.0 -99.0 -99.0 -99.0 -99.0 -99.0 -99.0 
1966 -99.0 -99.0 -99.0 -99.0 -99.0 -99.0 -99.0 -99.0 -99.0 -99.0 -99.0 -99.0 
1967 -99.0 -99.0 -99.0 -99.0 -99.0 -99.0 -99.0 -99.0 -99.0 -99.0 -99.0 -99.0 
1968 -99.0 -99.0 -99.0 -99.0 -99.0 -99.0 -99.0 -99.0 -99.0 -99.0 -99.0 -99.0 
1969 -99.0 -99.0 -99.0 -99.0 -99.0 -99.0 -99.0 -99.0 -99.0 -99.0 -99.0 -99.0 
1970 -99.0 -99.0 -99.0 -99.0 -99.0 -99.0 -99.0 -99.0 -99.0 -99.0 -99.0 -99.0 
1971 -99.0  19.4  18.6  17.5  16.0  15.0  14.3  14.8  15.8  16.3  18.3  19.5 
1972  20.1  21.3  19.1  16.7  17.7  17.2  16.2  16.6 -99.0  16.9 -99.0 -99.0 
1973  26.7  22.7 -99.0  17.6  16.3  15.9  15.2  14.6  15.1  15.8  17.4  18.4 
1974  20.9  20.4  18.9  18.1  16.8  15.4  15.0  14.4  17.2  16.1  16.9  16.2 
1975  20.9  21.4 -99.0 -99.0 -99.0 -99.0 -99.0 -99.0 -99.0 -99.0 -99.0 -99.0 
1976 -99.0 -99.0 -99.0 -99.0 -99.0 -99.0 -99.0 -99.0 -99.0 -99.0 -99.0 -99.0 
1977 -99.0 -99.0 -99.0 -99.0 -99.0 -99.0 -99.0 -99.0 -99.0 -99.0 -99.0 -99.0 
1978 -99.0 -99.0 -99.0 -99.0 -99.0 -99.0 -99.0 -99.0 -99.0 -99.0 -99.0 -99.0 
1979 -99.0 -99.0 -99.0 -99.0 -99.0 -99.0 -99.0 -99.0 -99.0 -99.0 -99.0 -99.0 
1980 -99.0 -99.0 -99.0 -99.0 -99.0 -99.0 -99.0 -99.0 -99.0 -99.0 -99.0 -99.0 
1981  21.1  21.0  20.9  19.8  17.5  16.0  14.5  15.5  16.0  17.2  18.5  20.3 
1982  21.6  21.8  20.1  19.1  17.9  15.9  15.8  16.0  17.2  18.6  20.8  22.7 
1983  24.8  24.9  23.9  22.0  20.5  19.0  17.5  17.0  16.6  17.3  18.7  20.9 
1984  22.2  21.6  20.3  18.6  16.8  15.4  15.2  15.1  16.3  18.0  18.8  20.6 
1985  21.8  20.9  21.4  18.1  16.5  16.3  15.2  14.3  15.8  17.3  18.3  20.3 
1986  21.2  21.6  20.3  18.7  17.6  16.0  14.8  15.5  15.9  17.4  19.0  20.8 
1987  22.4  23.3  22.3  19.5  17.8  16.8  16.3  16.2  16.7  17.9  19.5  21.0 
1988  21.4  21.6  21.0  19.3  17.4  15.0  14.3  15.0  15.9  17.0  18.8  20.1 
1989  21.1  22.9  20.9  19.1  16.0  16.3  15.3  15.7  15.4  17.2  18.6  20.5 
1990  22.5  21.3  20.8  19.0  16.8  15.7  15.0  15.3  16.4  16.8  18.4  20.3 
