Number= 856820
Name= CONCEPCION CARRIEL S
Country= CHILE
Lat=  -36.8
Long=   73.1
Height= 12
Start year= 1951
End year= 2011
First Good year= 1951
Source ID= 37
Source file= Jones+Anders
Jones data to= 1990
Normals source= Data
Normals source start year= 1961
Normals source end year= 1990
Normals=  16.5  15.8  14.1  12.1  10.7   9.2   8.7   9.1   9.7  11.6  13.6  15.6 
Standard deviations source= Data
Standard deviations source start year= 1951
Standard deviations source end year= 1990
Standard deviations=   0.8   0.9   0.9   0.7   0.9   1.2   1.0   0.8   0.7   0.8   0.8   0.7 
Obs:
1951  16.5  15.6  14.9  12.8  13.1  10.4  10.8  10.6  10.2  12.4  13.8  16.6 
1952  19.1  18.0  15.5  13.3  11.5   7.7   8.5   8.0  11.2  12.3  14.1  16.6 
1953  16.0  15.9  14.4  12.0  11.2   8.7   7.3   9.0  10.2  10.3  14.0  15.8 
1954  15.6  16.2  15.1  12.5   9.4   9.9   7.7   8.9   8.5  11.2  14.1  16.9 
1955  17.1  15.4  14.3  12.9  11.7 -99.0 -99.0 -99.0 -99.0 -99.0 -99.0 -99.0 
1956  16.1  17.1  14.1  10.9   8.8   8.1   9.4   9.9  11.0  13.1  15.9  15.9 
1957  17.3  17.4  16.4  13.1  12.3   9.0   8.6   9.0  10.3  10.7  13.6  14.9 
1958  15.9  16.3  15.5  12.5  12.2  10.0  10.9   8.1   9.3  12.5  14.0  14.8 
1959  16.5  16.2  14.8  12.0  10.2   8.5   9.2   8.6   9.8  11.6  14.0  16.3 
1960  18.0  17.9  15.4  13.4  10.9  10.2   7.5   8.8   9.9  11.6  14.8  16.4 
1961  15.9  16.5  15.0  12.2  11.3   7.7   9.5  10.6   9.8  12.6  14.0  16.1 
1962  17.2  16.2  15.7  11.5  10.3   9.5   7.2   9.5   9.3  12.3  15.6 -99.0 
1963  16.7  16.8  14.3  13.4   9.7   8.5   9.2  10.3   9.5  12.2  13.0  16.0 
1964  17.6  15.9  14.0  11.7  10.7   7.5   8.1   8.4   9.7  13.2  14.5  16.5 
1965  18.3  17.4  16.4  12.2   9.7  11.7   9.0   8.5   9.2  11.7  14.3  15.7 
1966  15.6  14.3  13.6  13.0  10.8  10.1   8.7   8.5   8.9  10.2  13.6  15.0 
1967  16.7  14.7  13.9  11.6  11.5   6.1   7.0   7.4   9.0  11.6  13.8  15.5 
1968  16.0  15.9  13.8  11.7  11.4  10.7   8.2   9.4  10.9  10.2  14.6  15.6 
1969  16.6  14.2  13.4  12.2  10.7   9.5   9.3   8.6   9.4  10.2  12.6  15.4 
1970  16.4  15.8  14.1  12.8  10.4   8.7   8.4   7.5   9.2  10.7  13.2  14.6 
1971  16.9  16.0  14.6  12.2  10.6   8.9   8.5   8.8   9.4  12.0  14.0  15.9 
1972  16.6  15.9  13.1  11.7  11.5  10.5   8.0   9.7   9.9  10.5  13.4  16.0 
1973  16.0  15.3  13.6  11.4   9.6   8.8   7.3   8.2   8.2  11.1  12.6  14.6 
1974  15.7  14.5  13.4  10.8  11.4   8.8   7.9   8.3   9.0  11.3  12.4  14.3 
1975  15.5  15.2  13.3  12.5  10.7  10.0   8.7   7.9   9.2  10.6  12.7  14.5 
1976  15.5  15.2  12.9  10.9  10.7   8.8   7.6   8.8   9.6  11.8  13.9  16.2 
1977  16.9  16.1  13.8  12.1  11.7  10.0   9.0   9.5  10.3  12.4  13.3  16.3 
1978  16.0  15.7  13.6  12.4  11.2   9.6  11.2   8.4  10.8  11.3  14.2  16.0 
1979  16.0  15.8  13.9  11.5  10.8   7.8   8.7  10.3   9.3  11.1  13.7  16.2 
1980  17.3  17.2  15.5  11.5  11.5   9.4   9.2  10.3   9.9  11.6  12.9  15.7 
1981  16.4  15.9  14.3  13.8  12.5   9.6   9.8   9.4   9.8  11.4  13.0  15.0 
1982  16.6  15.4  14.2  12.7  11.9   9.4   9.9   9.8  11.4  11.8  13.0  16.2 
1983  17.4  16.2  13.9  12.4   9.8   7.5   7.6   9.4   9.1  12.5  14.4  16.4 
1984  16.9  15.2  14.5  11.5   9.8   7.0   8.7   8.4  10.6  11.7  13.4  15.4 
1985  16.4  16.0  13.9  10.9  10.6  11.7   8.7   8.9 -99.0  11.5  13.9  15.2 
1986  16.0  15.7  13.3  12.0  11.3  10.0   9.3   9.8  10.2  13.4  13.3  15.3 
1987  16.0  16.5  15.9  12.8  10.2   9.9  10.4   9.7  10.0  12.4  14.6  15.6 
1988  15.8  16.4  14.6  12.8   9.4   9.5   8.0   8.9   9.6  11.2  13.8  15.3 
1989  16.9  16.4  13.5  11.9  10.2  10.2   9.0   9.0   9.9  11.8  14.2  16.4 
1990  16.5  15.7  13.5  12.2  10.4   8.7   8.7   9.6  10.4  11.1  13.0  15.1 
1991  16.1  15.6  14.2  13.2  11.2   9.5   9.2   8.8  10.5  11.3  13.8  15.2 
1992  17.0  15.4  15.7  12.2  11.2   8.9   7.8   9.7  10.4  11.1  14.1  15.4 
1993  16.9  17.0  15.9  12.7  10.7  10.7   8.3   9.0   9.8  11.9  13.9  15.3 
1994  16.4  15.3  14.8  12.2  11.3  10.9   9.4   7.8  11.4  12.7  14.0  16.4 
1995  16.4  15.6  13.6  13.5  11.1   9.8   7.4   6.5   9.7  11.8  13.8  16.6 
1996  16.6  15.9  15.2  12.1  11.0   7.6   9.6  10.6  10.9  12.5  14.7  16.4 
1997  18.0  15.8  14.6  14.2  12.9  12.0   9.8   9.9  11.3  12.1  14.0  15.8 
1998  16.7  16.1  14.5  12.4  13.1   9.8   8.7   8.7   9.4  11.9  13.2  15.8 
1999  16.2  15.7  13.9  12.2  10.9   9.1   8.1  10.2  10.9  12.6  15.0  15.7 
2000  16.1  16.1  13.5  11.9  10.8  10.9   8.0  10.0   9.9  12.2  13.5  15.7 
2001  15.8  15.8  13.7  10.8  10.5   9.2   9.0   9.2   9.5  12.0  13.2  16.0 
2002  16.0  14.9  14.0  11.1   9.9   7.4   8.5   9.5  10.1  11.8  13.4  15.4 
2003  17.2  15.7  15.0  11.7   9.8  11.4   8.0   9.2  10.1  12.0 -99.0  14.9 
2004  16.7  15.8  15.2  13.0  10.1  10.4   9.6   9.5  10.2  11.7  13.7  15.9 
2005  16.2  16.7  15.0  11.4  10.1   9.6   9.3   9.6   9.9  11.5  14.2  15.4 
2006  16.4  16.8  13.8  11.6  10.3  11.1   9.7   9.6  10.2  11.6  13.6  15.4 
2007  16.0  15.5  15.0  11.9   9.5   7.5   7.7   6.5   9.2  11.5  13.1  14.9 
2008  17.1  17.1  15.0  11.6  10.2   9.3  10.0   8.9  10.7  12.7  14.7  16.7 
2009  16.6  16.0  15.1  13.5  11.0   8.9   8.2  10.2   9.3  11.5  12.1  15.1 
2010  16.4  15.3  15.4  11.5   9.4  10.0   8.2   8.3   9.4  11.8  13.5  14.5 
2011  16.5  15.5  14.1  12.2  10.1 -99.0 -99.0 -99.0 -99.0 -99.0 -99.0 -99.0 
