Number= 857430
Name= TEMUCO MAQUEHUE
Country= CHILE
Lat=  -38.8
Long=   72.6
Height= 114
Start year= 1951
End year= 2011
First Good year= 1951
Source ID= 10
Source file= Jones+Anders
Jones data to= 1990
Normals source= Data
Normals source start year= 1961
Normals source end year= 1990
Normals=  16.0  15.6  13.6  11.1   9.6   7.5   7.4   7.8   8.9  10.7  12.7  15.0 
Standard deviations source= Data
Standard deviations source start year= 1951
Standard deviations source end year= 1990
Standard deviations=   1.2   0.9   1.0   1.0   1.1   1.2   1.2   0.8   0.8   0.8   1.0   1.3 
Obs:
1951  16.0 -99.0  14.0  12.5  11.8   8.5   8.7   9.1   9.4  11.7  13.1 -99.0 
1952 -99.0 -99.0 -99.0  13.2  10.8   7.4 -99.0 -99.0  11.4  11.6  14.3  17.2 
1953 -99.0 -99.0  15.4  12.2  11.4   8.8   7.0   8.8   8.8   9.8  13.6  16.8 
1954  15.9  16.4  16.4  12.2   9.0   9.2 -99.0 -99.0 -99.0 -99.0 -99.0 -99.0 
1955  18.0  15.2  14.1  10.7   7.9   7.9   5.8   6.2   8.9  11.6  15.5  15.9 
1956  14.8  16.2  14.0  10.0   8.1 -99.0 -99.0 -99.0 -99.0 -99.0 -99.0 -99.0 
1957 -99.0 -99.0 -99.0 -99.0 -99.0 -99.0 -99.0 -99.0 -99.0 -99.0 -99.0 -99.0 
1958 -99.0 -99.0 -99.0 -99.0   8.0   8.4   9.6 -99.0   8.7  11.9  12.9  14.4 
1959  16.3  16.7  14.5  10.2   8.9   7.2   8.2   7.4   8.2  10.8  13.2  15.6 
1960  18.3  17.3  15.1  11.6  10.0   8.6   6.0   7.6   8.9  10.8 -99.0  15.3 
1961  15.5  15.4  13.9  10.6   9.7   6.5   8.1 -99.0 -99.0 -99.0 -99.0 -99.0 
1962 -99.0 -99.0 -99.0 -99.0 -99.0 -99.0 -99.0 -99.0   8.8  11.7  14.5 -99.0 
1963  16.5  17.3  13.9  12.4   8.4   7.4   8.2   9.2   9.2  11.9  12.2  14.8 
1964  16.8  14.9  11.7  11.7   8.8   7.0   7.0   8.1   9.0  12.4  13.6  15.3 
1965  17.0  16.6  15.8  10.8   7.8  10.4   7.6   7.5   7.8  10.3  13.3  13.8 
1966  15.6  14.0  13.8  12.6   9.8   8.6   7.7   7.5   8.7   9.4  13.4  14.2 
1967  16.4  14.9  14.0  10.2  10.7   4.8   5.8   7.1   8.1  10.5  12.6  20.6 
1968  18.8  17.6  13.2  12.4  11.3   9.2  10.2   8.5  10.8   9.8  13.5  14.2 
1969  15.8  15.1  13.7  11.5  10.2   6.9   7.9   8.1   9.3   9.8  10.2  15.1 
1970  16.9  15.4  12.9  12.6   9.7   7.6   8.0   6.7   9.7  10.8  12.8  14.5 
1971  12.3  14.6  12.6   9.4   9.4   6.5   9.0   7.6   9.6  11.7  13.8  13.9 
1972  16.5  16.5  13.3  11.0  10.4   9.0   7.3   8.8   8.0  10.0  13.0  15.2 
1973  14.8  14.5  13.8  10.4   8.9   7.4   6.5   7.1   8.3  10.9  12.5  14.8 
1974  14.7  16.1  13.9  11.2  11.9   7.4   6.7   6.9   8.7  11.3  12.3  14.6 
1975  16.7  15.0  13.9  12.1   9.4   8.7   6.5   6.3   8.8   9.8  11.5  12.9 
1976  14.4  15.3  11.6   9.7  10.0   7.0   6.0   7.5   9.2  10.5  12.7  15.0 
1977  16.0  14.9  13.5  12.0  10.3   8.9   7.9   8.2   9.3  11.8  12.9  15.5 
1978  15.2  16.3  13.5  11.0  10.6   7.2  10.1   6.5   9.9  10.4  12.9  14.7 
1979  16.0  15.6  14.1  11.3   9.5   5.8   7.0   9.4   7.8  10.0  12.8  15.3 
1980  16.6  16.5  14.5   9.6   9.7   7.4   7.0   8.8   8.7  10.1  11.7  15.1 
1981  15.7  15.0  14.1  12.6  10.6   8.1   7.3   7.8   8.5  11.0  11.4  14.2 
1982  16.7  14.5  13.2  11.6  10.7   6.7   7.9   8.4  10.6  10.5  11.7  15.5 
1983  17.6  15.5  13.5  11.3   8.9   5.8   5.6   7.5   7.8  11.1  13.6  16.4 
1984  16.7  14.7  14.4   9.8   8.4   5.6   6.5   7.1  10.0  10.6  12.6  14.8 
1985  16.2  15.5  13.3   9.8   9.6  10.3   6.9   7.7   8.9  10.4  14.1  14.9 
1986  15.0  15.3  12.3  11.4   9.6   7.4   7.7   7.9   9.1  12.3  11.7  14.3 
1987  15.8  16.2  15.0  11.6   8.3   8.0   9.0   7.4   8.6  11.8  13.6  14.5 
1988  15.3  17.0  13.6  11.2   8.1   6.9   5.2   7.4   8.5   9.7  12.6  14.4 
1989  16.5  16.3  13.0  10.6   7.9   8.3   7.3   7.7   8.4  10.6  13.1  15.6 
1990  15.5  16.4  13.3  10.1   8.8   6.9   6.9   8.7   9.2  10.6  11.8  14.7 
1991  15.6  15.6  13.6  11.6   9.0   7.2   7.1   6.8   9.7  10.1  13.1  13.5 
1992  16.8  14.7  15.6  10.8   8.9   7.4   5.5   8.3   8.8   9.7  13.7  14.4 
1993  15.5  16.6  15.5  11.8   9.2   8.4   6.2   7.2   8.8  10.8  12.8  14.0 
1994  15.7  14.9  14.5  10.7  10.2   9.5   7.5   6.4   9.8  11.6  12.8  15.2 
1995  15.1  15.0  12.6  12.0   8.9   7.8   5.7   6.5   8.3  10.7  12.4  16.4 
1996  15.2  15.0  14.5  10.4   9.1   5.2   7.9   8.6   9.6  10.9  13.0  15.4 
1997  16.8  14.1  14.6  13.1  10.6   9.0   8.2   8.4   9.6  10.8  13.0  14.8 
1998  15.5  16.8  14.2  12.1  11.7   7.7   6.7   7.1   7.8  11.1  12.6  15.1 
1999  16.7  16.2  13.7  10.9   9.0   6.8   6.2   9.0   9.6  11.7  13.9  15.0 
2000  15.7  15.5  12.0  10.8   9.4   8.9   6.2   8.1   8.1  11.3  12.1  14.3 
2001  15.8  15.7  13.0   9.8  10.0   7.8   7.6   8.0   8.9  11.8  11.8  15.9 
2002  16.3  16.1  13.2  10.4   9.5   5.5   7.2   9.4   9.1  10.4  12.4  14.4 
2003  15.7  14.7  14.6  10.5   8.2   9.5   6.1   7.7   8.9  10.6  13.3  13.1 
2004  16.5  16.5  14.3  11.7   8.0   8.3   7.4   8.3   8.6  10.9  12.9  14.7 
2005  14.8  17.7  13.7   9.5   8.9   7.5   7.2   7.6   8.8  10.1  13.2  14.1 
2006  15.6  16.5  12.4  10.7   8.5   9.7   8.3   7.6   8.6  10.7  12.1  14.3 
2007  16.0  14.9  14.3  10.3   7.4   5.8   6.1   4.6   8.8  10.6  11.8  13.7 
2008  17.2  17.7  15.0  10.4   8.7   7.9  12.0   7.8   9.5  10.5  13.9  16.5 
2009  16.5  15.9  14.7  12.4   9.5   6.8   5.3   9.3   8.1  10.1  10.4  13.6 
2010  14.8  14.6  14.3  10.3   7.2   8.6   6.2   6.0   8.4  10.4  11.9  13.2 
2011  16.0  16.0  13.4  10.6   8.1 -99.0 -99.0 -99.0 -99.0 -99.0 -99.0 -99.0 
