Number= 858340
Name= ISLA HUAFO
Country= CHILE
Lat=  -43.6
Long=   74.8
Height= 140
Start year= 1910
End year= 1990
First Good year= 1910
Source ID= 10
Source file= Jones
Jones data to= 1990
Normals= -99.0 -99.0 -99.0 -99.0 -99.0 -99.0 -99.0 -99.0 -99.0 -99.0 -99.0 -99.0 
Standard deviations source= Data
Standard deviations source start year= 1941
Standard deviations source end year= 1990
Standard deviations=   0.7   0.7   1.1   0.9   0.7   0.8   0.7   0.7   0.8   0.5   0.5   0.7 
Obs:
1910  11.0  12.7  11.4   9.8   9.6   7.4   6.4   7.0   7.2   9.2  10.2  12.4 
1911  13.3  12.2  11.6  10.0   9.8   8.2   7.9   6.7   8.2   8.7   9.8  12.0 
1912  13.1  11.6  11.0  10.2   8.4   7.6   8.0   7.0   7.6   9.1   8.8  11.2 
1913  13.0  13.4  11.3  10.6   8.6   8.6   8.0   7.3   8.0   8.2   9.6  12.2 
1914  12.8  13.2  12.5  10.5   9.2   7.4   8.2   7.2   7.9   9.6   9.4  12.3 
1915  12.4  12.4  12.5   9.7   8.2   7.0   7.7   6.8   7.2   8.6   9.8  11.5 
1916  12.5  13.2  11.8  10.5   9.4   7.2   6.3   6.8   6.4   9.0   9.7  10.4 
1917  11.9  13.1  12.0  11.7   9.4   9.6   8.4   8.8   8.3   9.0   9.9  12.0 
1918  11.6  12.6  11.3   9.6   7.9   6.6   6.6   7.2   7.3   8.2   9.2  11.9 
1919  14.4  13.2  13.6  10.4  10.8   8.5   7.7   7.6   7.2   8.4   9.4  11.0 
1920  12.6  12.4  12.2  12.2  10.0   8.8   7.6   8.0   7.8   8.6   9.4  10.4 
1921  11.8  11.7  11.8  10.7   9.2   7.1   6.8   6.4   7.2   9.6  10.6  10.6 
1922  12.0  12.2  12.4  10.7   9.6   7.5   8.2   6.8   8.4   9.0  10.2  11.7 
1923  13.0  13.2  11.6   9.6   8.4   7.4   6.8   7.3   7.9   9.2   9.4  10.6 
1924  13.4  13.3  12.1  11.1   8.6   7.4   6.7   6.4   7.8   9.8   9.2  10.7 
1925  11.5  11.8  12.1   9.4   7.6   6.8   6.8   6.2   6.6   8.6   9.4  11.4 
1926  12.0  13.2  12.0  10.6   8.8   7.4   6.9   7.2   7.6   8.3   8.9  10.8 
1927  11.4  12.9  12.6  10.0   8.3   7.7   7.2   6.9   6.4   8.3   9.4  10.3 
1928  11.5  11.2  10.2   8.8   8.2   7.1   6.2   6.4   6.6   8.4   9.3   9.4 
1929  12.2  11.5  10.6  10.1   8.1   7.9   7.4   7.0   6.8   7.0   8.5   9.5 
1930  11.6  13.0  11.2  10.8   9.9   7.9   6.7   6.8   8.4   9.2  10.5  12.1 
1931  13.6  14.1  12.2  10.8   8.5   8.2   6.9   7.1   7.3   8.4   9.6  11.2 
1932  12.5  12.4  12.1  10.7   9.2   8.9   8.0   7.4   7.3   8.3   9.2  10.2 
1933  12.1  12.0  10.5  10.2   8.7   7.7   6.7   7.6   7.0   7.6   9.1  11.1 
1934  12.7  11.9  11.2  10.3   8.5   7.0   6.9   6.9   8.3   7.6   9.5  10.8 
1935  13.6  12.2  11.8  10.6  10.3   8.2   6.8   8.1   7.2   8.9  10.0  10.6 
1936  11.3  12.3  11.5  10.7   8.5   7.5   7.9   7.1   7.2   7.6   9.7  10.2 
1937  11.4  11.5  10.1   9.4   8.2   7.9   7.1   6.9   7.1   8.7   9.1  10.0 
1938  11.1  12.0  10.6   8.5   9.2   7.9   7.2   6.6   7.5   8.4  10.2  11.7 
1939  12.3  12.5  11.5   9.9   8.6   9.1   8.4   9.0   8.1   9.2   9.7  12.6 
1940  13.0  14.1  11.8  10.1   8.6   8.6   8.5   7.0   7.7   9.7   9.4  10.1 
1941  12.3  12.7  12.7   9.0   7.9   8.3   8.5   7.7   6.9   9.1   9.2  11.1 
1942  12.7  12.6  11.6  10.6   9.1   7.9   7.8   7.4   8.5   9.5  10.2  12.5 
1943  13.0  14.1  12.1  11.4  10.4   8.4   8.1   8.0   7.9   9.2  10.0  12.6 
1944  13.8  13.2  12.8  11.7   9.8   8.7   8.0   7.2   8.2   8.2  10.3 -99.0 
1945  14.4  14.4  13.0  11.7  10.0   8.6   7.1   7.9   8.9   8.9   9.8  11.1 
1946  12.0  11.8  11.8  10.8   9.3   8.6   8.2   7.5   8.6   8.4   9.3  11.0 
1947  11.8  12.2  12.3  10.0   9.0 -99.0 -99.0 -99.0   7.5   8.3  10.5  11.0 
1948  13.7  12.8  11.7  10.7 -99.0 -99.0   5.7   6.7   8.6   8.6   9.4  12.0 
1949  12.8  12.0  11.2  11.7 -99.0 -99.0 -99.0 -99.0   7.4   8.5   9.9  11.6 
1950  12.9  13.9  12.7   9.8 -99.0 -99.0 -99.0 -99.0   7.7   8.1   9.1  10.4 
1951 -99.0 -99.0 -99.0 -99.0 -99.0 -99.0 -99.0 -99.0 -99.0 -99.0 -99.0 -99.0 
1952 -99.0 -99.0 -99.0 -99.0 -99.0 -99.0 -99.0 -99.0 -99.0 -99.0 -99.0 -99.0 
1953 -99.0 -99.0 -99.0 -99.0 -99.0 -99.0 -99.0 -99.0 -99.0 -99.0 -99.0 -99.0 
1954 -99.0 -99.0 -99.0 -99.0 -99.0 -99.0 -99.0 -99.0 -99.0 -99.0 -99.0 -99.0 
1955 -99.0 -99.0 -99.0 -99.0 -99.0 -99.0 -99.0 -99.0 -99.0 -99.0 -99.0 -99.0 
1956 -99.0 -99.0 -99.0 -99.0 -99.0 -99.0 -99.0 -99.0 -99.0 -99.0 -99.0 -99.0 
1957 -99.0 -99.0 -99.0 -99.0 -99.0 -99.0 -99.0 -99.0 -99.0 -99.0 -99.0 -99.0 
1958 -99.0 -99.0 -99.0 -99.0 -99.0 -99.0 -99.0 -99.0 -99.0 -99.0 -99.0 -99.0 
1959 -99.0 -99.0 -99.0 -99.0 -99.0 -99.0 -99.0 -99.0 -99.0 -99.0 -99.0 -99.0 
1960 -99.0 -99.0 -99.0 -99.0 -99.0 -99.0 -99.0 -99.0 -99.0 -99.0 -99.0 -99.0 
1961  11.3  12.2  10.4   9.2   8.5   7.1   6.6   8.6   7.4   8.6   9.3  10.6 
1962  11.6  12.1  12.3  10.6  10.1   9.4 -99.0   8.2   8.4   8.3  11.0  12.6 
1963  11.6  12.2  11.4  10.3   9.1   8.0   8.8   8.0   7.8   9.4   9.6  11.5 
1964  13.1  11.6  11.0   9.5   8.5   6.0   6.8   6.1   6.8   8.1   9.2  10.3 
1965  12.8  12.2  15.8   9.6   7.7   8.8   7.4   7.0   4.9   7.5   8.9 -99.0 
1966  12.4  12.0 -99.0  11.1  10.1   8.2   7.3 -99.0   8.2   7.8   9.8  10.8 
1967  12.3 -99.0 -99.0  12.0   9.9   7.6   7.0   6.4   6.6   8.5 -99.0  11.1 
1968  12.2 -99.0 -99.0  11.0 -99.0   8.2 -99.0   8.3   7.9   8.3 -99.0 -99.0 
1969 -99.0 -99.0 -99.0 -99.0 -99.0 -99.0 -99.0 -99.0 -99.0 -99.0 -99.0 -99.0 
1970 -99.0 -99.0 -99.0 -99.0 -99.0 -99.0 -99.0 -99.0 -99.0 -99.0 -99.0 -99.0 
1971 -99.0 -99.0 -99.0 -99.0 -99.0 -99.0 -99.0 -99.0 -99.0 -99.0 -99.0 -99.0 
1972 -99.0 -99.0 -99.0 -99.0 -99.0 -99.0 -99.0 -99.0 -99.0 -99.0 -99.0 -99.0 
1973 -99.0 -99.0 -99.0 -99.0 -99.0 -99.0 -99.0 -99.0 -99.0 -99.0 -99.0 -99.0 
1974 -99.0 -99.0 -99.0 -99.0 -99.0 -99.0 -99.0 -99.0 -99.0 -99.0 -99.0 -99.0 
1975 -99.0 -99.0 -99.0 -99.0 -99.0 -99.0 -99.0 -99.0 -99.0 -99.0 -99.0 -99.0 
1976 -99.0 -99.0 -99.0 -99.0 -99.0 -99.0 -99.0 -99.0 -99.0 -99.0 -99.0 -99.0 
1977 -99.0  13.3 -99.0 -99.0   9.2   7.8   7.0 -99.0 -99.0 -99.0 -99.0 -99.0 
1978 -99.0 -99.0 -99.0 -99.0 -99.0 -99.0 -99.0 -99.0 -99.0 -99.0 -99.0 -99.0 
1979  12.7  13.1  12.7  11.1 -99.0   8.5   8.6   7.6 -99.0 -99.0 -99.0 -99.0 
1980 -99.0  12.9  12.9   9.1   9.6   8.2   7.5   8.3   8.0   9.0   9.1  11.3 
1981  12.1  13.2  12.2  12.1   9.7 -99.0   8.0   8.0   7.2   8.9   8.9  10.5 
1982 -99.0  11.5  10.1  10.2   9.6   6.8   6.7   8.8   9.1 -99.0 -99.0 -99.0 
1983 -99.0 -99.0 -99.0 -99.0 -99.0 -99.0 -99.0 -99.0 -99.0 -99.0 -99.0 -99.0 
1984 -99.0 -99.0 -99.0 -99.0   7.9 -99.0   6.8   6.8   8.2   8.5   9.8  11.3 
1985  13.1  13.0  12.1   9.3   9.1   9.8 -99.0 -99.0   8.0 -99.0 -99.0  10.7 
1986  12.4  12.4  11.4   9.5   9.2   7.4   7.6   7.1   7.4   9.4   9.4  10.8 
1987  12.2  13.1  12.8  11.3   9.3   8.5   7.2   7.6   7.9   9.6  10.3  10.8 
1988  11.6  12.3  12.3  10.7   9.3   8.6   7.0   6.5   7.6   8.1   9.5  10.6 
1989  12.2 -99.0  12.1  10.8   9.2   8.9   8.0   8.1   7.4   8.6  10.2  11.2 
1990  11.9  13.2  11.8 -99.0 -99.0 -99.0 -99.0 -99.0 -99.0 -99.0 -99.0 -99.0 
