Number= 710810
Name= Hall Beach A
Country= CANADA
Lat=   68.8
Long=   81.3
Height= 8
Start year= 1957
End year= 2007
First Good year= 1957
Source ID= 36
Source file= Jones+Anders
Jones data to= 2001
Normals source= Data
Normals source start year= 1961
Normals source end year= 1990
Normals= -31.5 -32.8 -29.8 -21.0  -9.6   0.2   5.8   4.5  -0.5 -10.1 -20.9 -27.7 
Standard deviations source= Data
Standard deviations source start year= 1957
Standard deviations source end year= 1990
Standard deviations=   3.9   4.1   3.7   2.2   2.5   1.9   1.3   1.0   1.3   3.3   3.0   3.5 
Obs:
1957 -37.6 -28.5 -22.0 -20.3 -11.5   0.4   6.3   4.0  -0.1 -11.8 -23.5 -28.5 
1958 -27.7 -31.3 -26.8 -24.7  -5.0   0.7   4.4   4.5   0.8  -8.5 -25.3 -25.1 
1959 -22.9 -35.4 -32.0 -21.3 -10.3  -1.1   6.0   4.8  -0.8 -16.0 -19.4 -24.0 
1960 -28.0 -28.3 -32.8 -22.3  -7.6   2.4   7.1   4.8  -0.2  -7.9 -19.5 -24.6 
1961 -32.0 -34.6 -38.3 -16.3 -12.8   1.8   7.1   3.6  -2.2 -13.3 -22.0 -25.0 
1962 -35.1 -36.9 -22.4 -20.5 -11.2   0.8   6.1   5.3  -0.2  -9.4 -23.0 -26.8 
1963 -27.4 -26.6 -35.3 -17.7 -11.1  -1.2   4.7   4.5  -1.5 -11.1 -17.1 -28.3 
1964 -33.3 -31.6 -35.1 -23.7 -11.3  -0.8   5.6   4.4   0.9 -13.3 -19.0 -26.9 
1965 -32.8 -30.5 -26.4 -21.5  -4.2  -0.6   4.7   3.3  -1.6 -13.9 -16.2 -26.7 
1966 -33.3 -29.4 -27.9 -20.9  -7.6   0.2   6.8   6.5   2.0  -6.7 -23.6 -26.0 
1967 -30.5 -37.3 -28.6 -21.2  -5.8  -0.7   5.2   4.5  -2.9 -10.4 -28.6 -25.0 
1968 -32.2 -31.6 -28.7 -18.2 -10.7  -0.7   2.9   4.4   1.3  -4.6 -19.9 -25.6 
1969 -26.2 -22.3 -31.7 -22.8 -10.4  -1.7   7.3   6.6  -0.3  -6.7 -20.9 -24.6 
1970 -30.8 -30.9 -27.0 -22.9 -14.2   0.2   5.9   5.1  -0.1  -6.9 -20.2 -31.5 
1971 -28.3 -31.1 -27.3 -19.3  -8.0   0.4   5.7   5.0  -1.1  -7.6 -23.8 -33.2 
1972 -38.8 -36.9 -31.7 -22.2 -11.4  -4.6   3.2   2.9  -2.7 -15.0 -24.1 -32.9 
1973 -33.9 -34.1 -29.8 -22.2  -9.5   2.5   6.8   6.0   1.4  -5.2 -15.3 -29.2 
1974 -34.5 -32.4 -30.6 -24.2  -9.2   0.2   7.0   4.9  -1.5 -12.1 -22.4 -29.3 
1975 -34.6 -29.1 -33.0 -19.6  -6.2   5.4   6.4   6.2  -1.8  -9.1 -22.4 -32.1 
1976 -28.9 -37.0 -31.3 -17.6 -10.7  -0.7   5.4   3.5  -0.7 -14.6 -24.0 -26.2 
1977 -21.9 -33.0 -24.2 -18.7  -7.1   1.5   4.9   4.6   0.3  -9.2 -16.7 -27.9 
1978 -32.0 -27.6 -34.1 -22.8 -12.0  -2.5   2.4   3.4  -1.0 -17.9 -27.2 -23.2 
1979 -27.4 -44.1 -27.3 -18.6  -8.0  -0.1   4.6   2.7  -1.5 -12.0 -22.7 -27.0 
1980 -30.0 -29.4 -25.5 -22.9  -5.0  -1.8   4.1   5.2  -1.3  -9.2 -19.0 -27.1 
1981 -26.9 -31.1 -23.7 -23.3 -10.7  -0.1   6.4   4.4   0.4  -5.8 -15.8 -23.1 
1982 -30.6 -35.6 -32.8 -21.8 -11.8   0.6   6.5   4.6  -1.7  -9.4 -20.9 -33.3 
1983 -34.3 -37.1 -31.8 -23.3 -11.7   1.6   7.0   4.0   1.2  -9.3 -19.3 -27.8 
1984 -36.2 -36.0 -30.5 -22.0  -8.5   2.1   7.8   4.5  -1.7  -7.8 -19.6 -28.7 
1985 -27.3 -34.5 -31.4 -23.6  -6.6   4.1   7.1   5.2   1.4  -7.4 -20.8 -18.4 
1986 -31.7 -28.6 -31.5 -21.1  -8.1  -2.4   5.9   3.2  -0.5 -15.7 -23.0 -31.2 
1987 -35.2 -33.1 -29.2 -22.3 -12.6   0.2   6.0   2.6   1.3 -10.3 -19.7 -21.1 
1988 -32.9 -29.0 -27.7 -17.2  -8.0   1.7   5.9   5.5   1.3  -5.8 -21.3 -32.2 
1989 -35.4 -34.9 -30.5 -18.9 -13.0   1.7   7.8   5.8  -1.0 -10.7 -19.7 -28.0 
1990 -31.8 -36.8 -27.7 -23.1  -9.2   0.2   6.9   4.0  -1.0 -12.4 -20.2 -31.2 
1991 -33.8 -30.7 -28.1 -20.5  -9.9   2.3   6.4   6.2  -0.2  -9.4 -20.5 -29.0 
1992 -29.6 -37.4 -29.7 -22.6 -12.5  -2.0   5.7   4.8  -0.7  -7.5 -23.6 -26.7 
1993 -32.1 -35.0 -31.4 -23.7  -5.9   2.7   7.0   3.8  -0.2  -5.7 -25.6 -27.1 
1994 -33.8 -32.4 -31.2 -20.4  -6.8   1.7   7.1   5.1  -0.2  -7.0 -19.9 -25.0 
1995 -27.7 -32.6 -27.7 -12.8  -7.6   1.9   4.2   6.0  -1.1  -7.7 -21.4 -27.0 
1996 -31.6 -29.9 -30.7 -15.6  -8.2  -0.6   7.4   4.4   1.4  -6.8 -17.7 -22.6 
1997 -31.4 -34.3 -26.5 -19.7  -6.4   1.9   6.9   4.2  -2.0  -9.7 -17.2 -26.7 
1998 -36.4 -32.5 -29.4 -17.0  -7.1   2.8   7.9   6.6   2.8  -4.9 -12.6 -23.1 
1999 -31.0 -30.5 -24.7 -17.2 -10.8  -0.3   5.5   4.4   0.5  -9.6 -18.3 -25.8 
2000 -33.4 -30.2 -26.1 -18.4  -8.0  -0.2   7.5   6.0   1.1  -8.8 -17.7 -24.1 
2001 -31.8 -30.3 -26.0 -22.1  -7.6   0.6   8.2   5.1   1.4  -7.8 -21.4 -20.6 
2002 -30.7 -37.3 -29.7 -20.1  -8.8   1.0   7.2   5.7   1.8  -5.7 -16.9 -25.3 
2003 -24.5 -35.4 -27.9 -20.9  -5.4   0.7   8.2   4.8   0.5 -99.0 -99.0 -24.1 
2004 -34.1 -32.9 -32.3 -99.0 -99.0 -99.0 -99.0 -99.0 -99.0 -99.0 -99.0 -99.0 
2005 -99.0 -99.0 -99.0 -99.0 -99.0 -99.0 -99.0 -99.0 -99.0 -99.0 -99.0 -99.0 
2006 -99.0 -99.0 -99.0 -99.0 -99.0 -99.0 -99.0 -99.0 -99.0 -99.0 -99.0 -99.0 
2007 -99.0 -99.0 -99.0 -99.0 -99.0 -99.0 -99.0 -99.0 -99.0 -99.0 -99.0 -99.0 
