Number= 710940
Name= Cape Dyer A
Country= CANADA
Lat=   66.6
Long=   61.6
Height= 393
Start year= 1959
End year= 2007
First Good year= 1959
Source ID= 36
Source file= Jones+Anders
Jones data to= 1993
Normals source= Data
Normals source start year= 1961
Normals source end year= 1990
Normals= -23.2 -23.7 -22.6 -15.3  -6.4   0.5   5.2   4.5  -1.0  -7.7 -14.5 -20.7 
Standard deviations source= Data
Standard deviations source start year= 1959
Standard deviations source end year= 1990
Standard deviations=   4.5   4.8   3.9   2.5   1.9   1.6   1.6   1.5   1.5   1.7   2.5   3.6 
Obs:
1959 -99.0 -99.0 -99.0 -99.0 -99.0 -99.0 -99.0   4.1  -0.9 -10.4 -13.4 -18.6 
1960 -18.3 -17.0 -23.4 -18.4  -4.9   1.8   8.5   4.8  -0.1  -3.2 -11.9 -20.0 
1961 -25.1 -28.3 -29.9 -10.8  -7.4   1.8   7.4   3.8  -1.7  -8.1 -17.5 -15.5 
1962 -22.6 -27.5 -10.7 -14.7  -6.4   1.0   8.1   4.8  -0.1  -6.3 -12.4 -18.7 
1963 -16.6 -14.0 -23.9 -11.5  -8.7  -0.6   4.0   6.3  -4.9  -8.9 -14.0 -18.0 
1964 -24.4 -21.4 -30.2 -15.7  -7.3  -0.8   3.2   4.7   1.3  -8.4 -13.9 -18.7 
1965 -23.4 -19.0 -19.6 -16.6  -1.8   0.9   6.4   2.7  -1.1  -9.3 -13.7 -21.5 
1966 -21.6 -19.5 -23.7 -14.0  -8.0  -0.5   5.0   8.6  -0.2  -5.1 -16.1 -19.4 
1967 -20.2 -27.2 -23.1 -18.3  -3.0  -1.2   4.2   3.4  -1.7  -9.4 -16.2 -20.2 
1968 -24.8 -22.2 -24.6  -9.7  -4.8   0.6   4.3   3.4   1.3  -4.6 -13.3 -17.6 
1969 -16.8 -15.0 -23.6 -17.5  -5.6  -0.3   5.4   5.8  -3.2  -7.5 -12.6 -20.7 
1970 -24.5 -20.7 -19.1 -15.4  -9.2  -1.3   2.4   2.9  -1.4  -6.3 -12.4 -20.9 
1971 -21.4 -26.5 -17.7 -15.6  -6.6   0.8   5.4   4.0  -1.4  -6.7 -15.1 -28.6 
1972 -29.0 -26.3 -25.6 -14.8  -6.6  -2.4   3.2   2.6  -2.4 -10.3 -18.1 -23.4 
1973 -21.0 -27.4 -23.1 -15.3  -7.4  -0.5   3.7   6.3   0.8  -5.3  -9.0 -19.0 
1974 -22.6 -20.4 -22.4 -16.8  -3.9   3.6   7.0   4.7  -2.7  -7.4 -14.4 -27.5 
1975 -28.0 -23.3 -25.0 -17.3  -4.6   4.3   7.3   6.0  -0.8  -7.3 -16.1 -22.8 
1976 -24.0 -26.2 -22.7 -14.3  -5.0   1.3   3.8   2.1  -0.6  -8.0 -13.0 -17.3 
1977 -15.7 -22.0 -17.8 -13.7  -4.8   0.4   5.3   4.8  -1.5  -7.8 -11.6 -22.3 
1978 -26.7 -20.0 -25.4 -15.7  -7.6  -2.6   3.5   3.7  -1.1  -8.4 -20.3 -11.7 
1979 -18.2 -26.2 -20.8 -11.2  -6.3  -1.0   3.2   4.0  -1.7  -7.2 -15.3 -20.8 
1980 -16.1 -18.9 -19.2 -18.2  -4.1   0.1   5.6   6.7  -0.4  -7.4 -12.7 -21.1 
1981 -23.1 -26.3 -16.7 -14.9  -8.0   0.7   6.3   4.7   0.8  -7.3 -14.6 -17.6 
1982 -18.6 -27.0 -23.6 -16.6  -7.8   1.8   5.4   3.9  -3.1  -8.0 -15.3 -24.2 
1983 -33.7 -29.4 -26.1 -16.2  -7.6   1.0   3.6   1.7   0.2  -8.7 -16.8 -23.1 
1984 -32.1 -34.6 -24.1 -19.7  -7.8   1.2   8.6   3.5  -2.2  -7.7 -12.2 -24.9 
1985 -17.1 -22.3 -21.9 -15.1  -4.4   3.7   6.4   6.0   0.9  -7.2 -11.9 -13.0 
1986 -21.9 -15.4 -25.7 -16.2  -5.8  -2.0   5.4   4.1   0.1 -12.2 -21.3 -24.7 
1987 -25.7 -26.4 -22.5 -19.9  -8.9   0.7   5.0   6.7   2.0  -7.9 -14.3 -20.7 
1988 -26.4 -18.9 -19.3 -12.7  -6.0   0.2   4.6   4.4  -1.0  -5.8 -14.0 -22.3 
1989 -28.4 -29.5 -27.6 -13.6  -9.8   0.3   5.0   3.9  -2.9  -8.0 -11.7 -19.9 
1990 -25.9 -27.7 -22.8 -17.5  -6.7   2.4   6.7   3.8  -0.7  -7.5 -15.2 -24.6 
1991 -26.2 -24.7 -21.2 -17.6  -8.8   5.0   8.5   4.4  -0.6  -8.6 -14.5 -20.6 
1992 -23.8 -30.6 -22.1 -17.3  -9.4  -1.5   5.6   3.8  -2.2  -5.7 -15.6 -22.7 
1993 -30.0 -29.5 -25.9 -99.0 -99.0 -99.0 -99.0 -99.0 -99.0 -99.0 -99.0 -99.0 
1994 -99.0 -99.0 -99.0 -99.0 -99.0 -99.0 -99.0 -99.0 -99.0 -99.0 -99.0 -99.0 
1995 -99.0 -99.0 -99.0 -99.0 -99.0 -99.0 -99.0 -99.0 -99.0 -99.0 -99.0 -99.0 
1996 -99.0 -99.0 -99.0 -99.0 -99.0 -99.0 -99.0 -99.0 -99.0 -99.0 -99.0 -99.0 
1997 -99.0 -99.0 -99.0 -99.0 -99.0 -99.0 -99.0 -99.0 -99.0 -99.0 -99.0 -99.0 
1998 -99.0 -99.0 -99.0 -99.0 -99.0 -99.0 -99.0 -99.0 -99.0 -99.0 -99.0 -99.0 
1999 -99.0 -99.0 -99.0 -99.0 -99.0 -99.0 -99.0 -99.0 -99.0 -99.0 -99.0 -99.0 
2000 -24.3 -23.7 -20.2 -10.7  -9.0  -1.2   4.1   3.6  -3.1  -9.2 -12.1 -14.3 
2001 -26.2 -23.2 -17.5 -13.8  -6.7  -1.7   6.5   3.2  -1.8  -7.0 -14.1 -15.8 
2002 -20.8 -30.0 -23.8 -17.5  -9.0  -0.7   3.0   6.4   6.4 -99.0 -99.0 -99.0 
2003 -99.0 -99.0 -99.0 -99.0 -99.0 -99.0 -99.0 -99.0 -99.0 -99.0 -99.0 -99.0 
2004 -99.0 -99.0 -99.0 -99.0 -99.0 -99.0 -99.0 -99.0 -99.0 -99.0 -99.0 -99.0 
2005 -99.0 -99.0 -99.0 -99.0 -99.0 -99.0 -99.0 -99.0 -99.0 -99.0 -99.0 -99.0 
2006 -99.0 -99.0 -99.0 -99.0 -99.0 -99.0 -99.0 -99.0 -99.0 -99.0 -99.0 -99.0 
2007 -99.0 -99.0 -99.0 -99.0 -99.0 -99.0 -99.0 -99.0 -99.0 -99.0 -99.0 -99.0 
