Number= 710920
Name= Dewar Lakes
Country= CANADA
Lat=   68.7
Long=   71.2
Height= 518
Start year= 1958
End year= 2007
First Good year= 1958
Source ID= 36
Source file= Jones+Anders
Jones data to= 1993
Normals source= Data
Normals source start year= 1961
Normals source end year= 1990
Normals= -27.3 -28.2 -27.2 -19.3  -9.5  -0.5   5.5   3.7  -3.0 -10.8 -18.6 -24.6 
Standard deviations source= Data
Standard deviations source start year= 1958
Standard deviations source end year= 1990
Standard deviations=   4.0   4.4   4.1   2.4   2.4   2.3   2.1   1.7   1.7   2.6   2.5   3.7 
Obs:
1958 -99.0 -25.9 -22.1 -23.0  -4.9   1.8   6.7   3.6  -3.1 -10.8 -24.6 -22.4 
1959 -18.9 -31.7 -28.0 -18.9  -8.8  -0.6   6.6   3.6  -3.3 -15.6 -17.1 -23.6 
1960 -24.9 -20.4 -26.8 -21.1  -6.1   0.7   8.1   6.0  -2.7  -6.3 -17.2 -24.0 
1961 -30.4 -32.2 -35.6 -14.1 -12.5   1.4   8.2   1.7  -5.6 -12.3 -20.8 -20.8 
1962 -29.3 -33.3 -14.9 -18.1 -11.0   0.4   9.2   4.3  -3.3 -11.5 -17.1 -22.7 
1963 -23.7 -19.0 -28.8 -15.9 -10.9  -1.6   3.5   4.2  -5.6 -11.3 -14.8 -22.4 
1964 -31.1 -26.8 -36.4 -21.6  -9.8  -1.7   3.8   3.8  -0.9 -12.6 -18.5 -25.4 
1965 -29.8 -27.6 -23.8 -20.6  -4.0  -1.3   5.2   2.1  -3.3 -12.9 -16.8 -23.6 
1966 -27.6 -23.4 -26.6 -18.3  -9.6  -2.4   6.4   8.3  -0.6  -5.8 -19.0 -23.5 
1967 -24.4 -32.7 -27.3 -21.5  -5.1  -2.3   6.0   2.9  -6.3 -12.7 -22.9 -20.4 
1968 -26.0 -27.2 -27.3 -15.4  -9.5  -2.3   2.5   3.5  -1.4  -6.9 -17.2 -22.4 
1969 -21.5 -19.6 -28.7 -21.7 -10.3  -0.8   7.7   7.5  -3.8  -9.6 -18.7 -22.9 
1970 -29.2 -25.9 -25.3 -21.5 -14.0  -2.9   3.2   2.3  -1.6  -8.8 -17.6 -28.9 
1971 -25.2 -30.6 -23.5 -18.5  -9.9   0.8   6.5   3.2  -3.5  -9.7 -20.0 -30.8 
1972 -33.3 -31.8 -30.4 -19.1 -10.4  -5.3   2.4   2.2  -4.2 -13.6 -20.9 -28.6 
1973 -28.5 -32.0 -27.8 -20.5  -9.8  -0.7   4.1   6.1  -1.1  -7.9 -13.2 -24.9 
1974 -29.5 -24.9 -26.4 -22.2  -8.4  -0.1   6.5   4.7  -3.0 -10.8 -19.1 -29.7 
1975 -31.4 -25.6 -29.6 -19.4  -7.6   5.9   6.3   5.2  -4.2  -9.6 -20.3 -27.3 
1976 -26.6 -31.4 -27.8 -17.5  -9.4  -1.7   2.9   0.8  -4.3 -13.3 -19.7 -22.1 
1977 -18.4 -25.8 -23.3 -16.0  -7.7  -1.1   6.1   5.9  -4.5 -11.0 -17.7 -29.3 
1978 -28.9 -25.1 -30.6 -22.6 -12.2  -5.3   0.9   2.3  -4.4 -15.1 -23.9 -15.7 
1979 -23.1 -36.4 -26.6 -16.2  -7.9  -1.9   3.2   1.8  -2.9 -10.4 -20.0 -25.6 
1980 -21.8 -24.3 -22.2 -21.1  -5.5  -0.9   5.4   6.4  -1.1  -9.3 -16.7 -24.2 
1981 -23.8 -27.3 -18.1 -18.1  -9.9   1.5   6.1   2.7  -2.1  -9.0 -14.1 -19.3 
1982 -22.0 -29.1 -28.5 -20.6 -10.9   2.3   6.9   3.5  -5.1 -11.0 -18.6 -28.7 
1983 -33.2 -33.3 -29.9 -20.3 -12.1  -0.2   4.4   1.6  -0.3 -12.6 -19.8 -27.1 
1984 -31.8 -32.7 -28.3 -22.1  -9.4   0.8   9.8   2.5  -4.3  -8.7 -18.2 -27.5 
1985 -22.9 -28.0 -27.8 -19.8  -6.5   4.4   8.1   3.9  -0.1  -9.6 -16.6 -16.1 
1986 -27.0 -21.6 -30.9 -18.8  -8.8  -3.1   5.1   2.4  -3.1 -17.5 -22.2 -28.4 
1987 -29.9 -30.2 -27.8 -22.7 -12.2  -0.3   6.4   4.2  -0.1  -9.1 -18.5 -20.8 
1988 -28.1 -23.7 -24.7 -15.8  -8.1   0.4   6.5   3.4  -1.2  -7.3 -18.5 -27.1 
1989 -32.8 -31.5 -29.7 -17.0 -13.5  -0.1   5.5   4.3  -4.3 -11.4 -16.3 -23.1 
1990 -27.4 -33.3 -26.4 -21.6  -9.1   1.8   7.6   3.4  -3.1 -13.4 -19.3 -28.5 
1991 -29.8 -27.6 -25.8 -19.8 -10.6   2.1   8.8   2.8  -2.4 -11.7 -18.0 -26.4 
1992 -27.6 -33.5 -26.0 -20.3 -12.7  -2.0   3.7   2.5  -3.7  -8.0 -21.5 -26.8 
1993 -29.4 -31.0 -30.1 -99.0 -99.0 -99.0 -99.0 -99.0 -99.0 -99.0 -99.0 -99.0 
1994 -99.0 -99.0 -99.0 -99.0 -99.0 -99.0 -99.0 -99.0 -99.0 -99.0 -99.0 -99.0 
1995 -99.0 -99.0 -99.0 -99.0 -99.0 -99.0 -99.0 -99.0 -99.0 -99.0 -99.0 -99.0 
1996 -99.0 -99.0 -99.0 -99.0 -99.0 -99.0 -99.0 -99.0 -99.0 -99.0 -99.0 -99.0 
1997 -99.0 -99.0 -99.0 -99.0 -99.0 -99.0 -99.0 -99.0 -99.0 -99.0 -99.0 -99.0 
1998 -99.0 -99.0 -99.0 -99.0 -99.0 -99.0 -99.0 -99.0 -99.0 -99.0 -99.0 -99.0 
1999 -99.0 -99.0 -99.0 -99.0 -99.0 -99.0 -99.0 -99.0 -99.0 -99.0 -99.0 -99.0 
2000 -99.0 -99.0 -99.0 -99.0 -99.0 -99.0 -99.0 -99.0 -99.0 -99.0 -99.0 -99.0 
2001 -99.0 -99.0 -99.0 -99.0 -99.0 -99.0 -99.0 -99.0 -99.0 -99.0 -99.0 -99.0 
2002 -99.0 -99.0 -99.0 -99.0 -99.0 -99.0 -99.0 -99.0 -99.0  -7.4 -14.5 -19.8 
2003 -21.7 -30.5 -24.1 -19.4  -7.0   0.8   6.7   2.6  -1.7  -6.5 -16.0 -99.0 
2004 -99.0 -99.0 -99.0 -99.0 -99.0 -99.0 -99.0 -99.0 -99.0 -99.0 -99.0 -99.0 
2005 -99.0 -99.0 -99.0 -99.0 -99.0 -99.0 -99.0 -99.0 -99.0 -99.0 -99.0 -99.0 
2006 -99.0 -99.0 -99.0 -99.0 -99.0 -99.0 -99.0 -99.0 -99.0 -99.0 -99.0 -99.0 
2007 -99.0 -99.0 -99.0 -99.0 -99.0 -99.0 -99.0 -99.0 -99.0 -99.0 -99.0 -99.0 
