Number= 711010
Name= Sandspit A
Country= CANADA
Lat=   53.3
Long=  131.8
Height= 6
Start year= 1948
End year= 2011
First Good year= 1948
Source ID= 36
Source file= Jones+Anders
Jones data to= 2001
Normals source= Data
Normals source start year= 1961
Normals source end year= 1990
Normals=   2.8   3.7   4.5   6.2   8.8  11.6  14.1  14.9  13.0   9.1   5.4   3.5 
Standard deviations source= Data
Standard deviations source start year= 1948
Standard deviations source end year= 1990
Standard deviations=   2.4   1.7   1.2   0.9   0.9   1.1   1.0   1.0   0.9   1.0   1.6   1.7 
Obs:
1948 -99.0 -99.0 -99.0 -99.0 -99.0 -99.0 -99.0  15.4  11.9   7.9   4.5   1.0 
1949   2.2   0.6   4.0   5.7   8.9  10.7  12.9  12.8  13.3   9.1   7.2   1.1 
1950  -4.6   1.7   3.1   4.8   7.9  12.2  12.9  13.6  12.1   7.2   2.8   4.1 
1951   1.3   2.7   1.5   5.9   8.7  13.2  15.0  15.3  13.4   8.3   6.0   2.6 
1952   0.6   2.9   3.6   5.2   8.2  10.6  14.3  15.7  13.1  10.5   6.6   4.5 
1953   0.4   4.1   4.4   6.1   9.3  11.9  14.4  14.7  12.2   9.4   6.2   5.0 
1954  -0.3   2.2   3.0   4.4   9.0  10.5  11.8  15.2  13.6   8.9   7.8   4.0 
1955   5.0   3.5   2.3   4.8   6.9  10.9  13.3  13.2  11.9   7.8   2.2   0.2 
1956   1.4   1.4   2.5   5.9   9.8  10.6  13.7  14.9  12.7   6.9   5.6   3.9 
1957   0.6   1.7   4.0   6.0  10.2  11.8  13.6  14.7  15.1   9.8   7.7   3.5 
1958   5.7   5.8   5.2   7.9  10.9  15.2  17.5  15.5  12.5   9.5   4.6   4.6 
1959   3.1   3.3   4.5   6.2   9.1  12.0  14.3  13.9  11.8  10.0   5.8   4.7 
1960   3.8   4.2   3.9   6.6   8.7  10.8  13.3  14.5  12.7  10.2   5.9   5.3 
1961   4.8   4.6   4.8   7.3   9.6  11.7  15.5  16.3  13.3   9.1   4.5   3.3 
1962   4.4   3.6   2.6   5.8   7.9  11.0  14.3  14.5  12.9   9.4   5.7   5.3 
1963   4.1   6.9   4.6   6.7   9.3  11.6  14.5  16.3  14.3   8.9   3.9   4.9 
1964   3.2   4.7   4.3   5.5   7.8  11.9  12.9  13.4  12.0   8.3   4.4  -0.7 
1965   1.2   3.3   4.6   6.1   7.6  11.0  13.6  14.7  14.6   8.8   5.0   2.1 
1966   1.2   3.5   4.5   6.1   7.8  10.9  14.7  14.1  12.3   7.9   5.4   4.3 
1967   2.5   4.4   2.7   6.0   9.3  13.2  13.9  15.9  12.8   8.9   6.4   3.9 
1968   1.0   3.3   5.1   5.5  10.0  11.2  14.6  15.0  12.1   8.2   6.0   0.1 
1969  -3.5   1.1   3.7   5.6   9.5  14.0  14.0  13.1  12.1   9.5   7.1   6.0 
1970   2.3   6.0   5.9   5.9   8.3  11.6  12.7  13.9  12.1   9.0   4.9   1.5 
1971   0.1   2.7   2.9   5.2   7.4  10.4  15.0  14.6  11.8   7.9   5.8   1.1 
1972  -0.9   0.4   3.4   3.8   8.7  10.8  14.2  15.1  12.3   9.0   6.5   3.0 
1973   2.6   4.0   4.3   6.2   8.0  10.0  12.6  13.6  12.1   7.7   1.9   3.9 
1974   0.9   3.1   3.7   6.1   8.1  10.1  12.8  15.3  14.1   9.7   5.6   4.8 
1975   1.7   0.7   2.7   5.1   7.8  10.3  13.1  12.8  13.1   8.1   4.2   3.8 
1976   4.4   2.4   3.0   5.7   7.6  10.5  12.5  13.3  12.3   9.2   6.8   5.7 
1977   4.3   6.3   4.6   6.5   8.5  11.8  13.4  16.3  13.2   8.8   3.9   0.7 
1978   2.5   5.2   5.1   7.0   8.9  13.3  15.1  15.0  12.2   9.9   5.6   3.3 
1979   1.7   1.7   5.5   6.8   9.2  11.5  14.7  15.9  13.8  10.4   6.7   4.8 
1980   1.6   5.2   4.9   6.9   9.6  13.0  14.8  15.6  13.9  10.2   6.9   3.0 
1981   6.9   5.3   6.0   6.5   9.7  11.3  15.4  15.8  13.3   9.1   7.3   3.3 
1982   1.5   2.1   4.2   4.9   8.2  12.8  14.0  14.1  13.4   9.5   4.7   4.2 
1983   5.1   6.4   6.3   8.1  10.7  12.5  14.3  14.6  12.4   9.5   6.4   2.5 
1984   5.2   5.1   6.6   6.6   8.6  11.5  13.5  14.1  12.0   8.4   4.9   2.6 
1985   6.1   3.8   4.4   5.5   8.6  10.6  14.7  14.9  13.1   7.8   0.3   3.4 
1986   4.5   1.9   6.0   5.5   8.2  11.4  13.7  15.6  13.8  11.9   6.6   5.4 
1987   5.0   5.6   4.6   6.4   9.1  11.8  14.1  15.6  13.3   9.8   7.5   4.2 
1988   3.8   4.9   5.6   6.4   8.8  11.2  13.5  14.8  12.9  10.0   6.1   4.1 
1989   2.7   1.3   3.5   7.4  10.4  13.5  14.8  15.8  15.4   9.6   6.5   7.3 
1990   3.9   2.1   5.8   7.6  10.6  12.7  15.7  16.3  13.7   8.1   3.7   2.6 
1991   1.7   5.0   3.3   5.8   9.1  11.6  13.9  14.7  13.3   9.1   7.1   5.7 
1992   4.9   5.2   5.6   6.7   9.7  12.7  14.6  14.9  12.0   8.8   6.8   2.8 
1993   2.2   4.2   4.5   7.1  11.1  12.5  14.7  16.1  14.6  10.8   6.8   5.4 
1994   6.2   2.0   5.3   7.5   9.5  11.7  15.0  15.6  13.6   9.2   3.5   3.6 
1995   4.5   4.1   4.5   7.5  10.6  12.6  14.5  15.4  13.6   9.5   5.5   4.4 
1996   1.3   3.5   4.8   6.9   9.0  11.4  14.0  15.0  12.1   8.6   4.2   1.0 
1997   3.5   5.6   4.0   6.8  10.9  12.5  14.5  16.4  14.1   9.7   7.3   5.9 
1998   3.6   6.1   6.5   6.9  10.1  13.9  15.6  14.8  12.6   9.9   6.1   3.6 
1999   3.6   3.3   3.8   6.1   7.5  10.9  13.7  13.8  11.9   9.1   5.7   4.7 
2000   2.5   3.8   5.7   6.6   8.7  12.3  14.7  15.2  13.2   9.7   6.9   4.8 
2001   6.0   4.3   4.9   6.3   7.9  11.0  13.6  14.2  11.9   8.2   5.4   3.6 
2002   4.4   3.7   2.3   5.7   8.5  11.8  13.6  15.7  13.3  10.7 -99.0 -99.0 
2003 -99.0 -99.0 -99.0   6.7   9.4  12.9  14.6  15.4  13.7  10.5   5.4   4.6 
2004   4.0   5.7   5.6   8.3  11.1  14.1  16.0  17.2  13.4   9.7   6.5   5.1 
2005   3.5   4.5   6.0   7.6  11.3  13.7  15.1  15.9  13.6   9.2   5.9   6.1 
2006   4.7   4.0   3.1   6.1   9.4  12.8  14.7  14.8  13.7  10.3   3.2   4.8 
2007   3.5   4.6   3.8   6.5   8.5  11.4  14.3  15.0  13.5   8.8   5.7   2.4 
2008   2.8   4.9   4.5   5.3   9.0  10.0  12.8  13.5  12.5   8.6   6.7   2.0 
2009   3.1   2.6   2.8   6.2   9.2  12.8  16.0  15.8  12.5   9.7   5.2   4.0 
2010   5.6   4.8   3.9   6.8   9.4 -99.0 -99.0 -99.0 -99.0 -99.0   6.2   3.9 
2011   3.9   2.9   4.1   5.6   9.0 -99.0 -99.0 -99.0 -99.0 -99.0 -99.0 -99.0 
