Number= 711277
Name= WANLESS
Country= CANADA
Lat=   54.2
Long=  101.4
Height= 273
Start year= 1955
End year= 1980
First Good year= 1955
Source ID= 10
Source file= Jones
Jones data to= 1980
Normals source= Data
Normals source start year= 1961
Normals source end year= 1980
Normals= -24.3 -19.0 -11.3   0.5   8.8  14.3  16.9  15.4   9.4   3.2  -8.1 -19.2 
Standard deviations source= Data
Standard deviations source start year= 1955
Standard deviations source end year= 1980
Standard deviations=   3.0   3.2   3.3   2.7   2.2   1.5   1.3   1.6   2.0   2.0   2.4   3.9 
Obs:
1955 -99.0 -99.0 -99.0 -99.0 -99.0 -99.0 -99.0 -99.0 -99.0   4.7 -11.8 -23.3 
1956 -21.2 -20.9 -13.5  -3.6   6.5  17.1  15.4  15.9   8.5   4.7  -9.3 -18.1 
1957 -24.6 -19.8  -9.8  -1.0   8.6  13.8 -99.0  14.6  10.6   4.3  -7.3 -99.0 
1958 -17.6 -19.7  -6.6   2.3 -99.0  10.8  15.7  14.4   9.1   5.1  -5.8 -21.5 
1959 -27.9 -19.9  -8.3  -1.5   6.2  13.1  17.1  13.7 -99.0   0.4 -13.1 -11.0 
1960 -23.8 -18.8 -15.3  -1.1   9.2  13.5  16.6  15.3 -99.0   4.3 -10.2 -99.0 
1961 -99.0 -99.0  -8.6  -2.5   8.2  15.3 -99.0  17.4 -99.0   3.0  -8.4 -24.5 
1962 -26.9 -22.7 -10.6  -2.7   7.9 -99.0  15.3  15.1 -99.0   5.4  -5.4 -18.2 
1963 -26.6 -21.9 -11.8   1.5   7.5 -99.0  19.0  17.0  11.5   9.0  -6.6 -19.0 
1964 -99.0 -13.3 -18.2   2.4   9.8  12.7  18.4  13.5   8.1   3.1  -8.5 -23.3 
1965 -24.4 -23.5 -16.9   2.7   7.7  15.1  16.7  14.7   5.5   4.7  -9.8 -13.1 
1966 -29.5 -20.3  -9.5  -1.5   6.3  14.9  17.6  16.1  11.7   3.0 -15.1 -18.8 
1967 -22.2 -22.5 -13.1  -5.3   6.5  14.0  16.6  16.1  14.0   2.3  -6.9 -16.2 
1968 -23.3 -17.9  -6.0   0.8   8.8  13.3  16.1 -99.0  11.5   3.3  -7.2 -19.8 
1969 -28.2 -16.8 -10.6   4.3   6.7  11.3  15.9  17.2   9.1  -1.5  -6.6 -13.8 
1970 -22.2 -17.5 -13.3  -1.3   7.4  16.4  18.5  16.3   9.3   2.9  -8.9 -24.0 
1971 -24.5 -14.8 -10.5   1.5  10.3  15.1  14.9  16.7  10.7   3.7  -9.2 -20.4 
1972 -27.7 -24.1 -10.9  -0.2  12.0  16.0  14.7  16.0   5.8 -99.0  -8.8 -23.9 
1973 -17.9 -18.6  -4.1 -99.0   9.8  14.0  16.6  18.0   9.2   3.5 -11.1 -20.3 
1974 -26.9 -20.3 -15.7   0.4   5.3  14.0  17.9  14.2   6.2   2.7  -6.0 -11.6 
1975 -22.6 -18.7 -12.5  -0.3   7.0  14.0  18.5  13.7   8.6   3.0  -5.9 -17.8 
1976 -21.1 -15.9 -11.0   4.0  10.6  14.9  17.4  16.2  10.5   0.3  -7.1 -20.5 
1977 -23.1 -12.0  -7.3   4.1  13.6  15.0  15.8  11.3   9.5 -99.0  -7.2 -21.5 
1978 -23.2 -17.7 -10.3  -1.0  11.7  13.3  15.3  13.6   9.4 -99.0 -99.0 -19.2 
1979 -23.0 -25.3 -11.7  -2.7   5.6  13.8  18.6  13.6   9.3   2.1  -7.4 -99.0 
1980 -23.3 -16.8 -13.9   5.4  12.3 -99.0 -99.0 -99.0 -99.0 -99.0 -99.0 -99.0 
