Number= 711380
Name= YORKTON A
Country= CANADA
Lat=   51.3
Long=  102.5
Height= 1635
Start year= 1951
End year= 1990
First Good year= 1951
Source ID= 10
Source file= Jones
Jones data to= 1990
Normals source= Data
Normals source start year= 1961
Normals source end year= 1990
Normals= -18.5 -15.0  -8.2   2.7  10.6  15.8  18.2  17.0  10.7   4.6  -6.1 -15.2 
Standard deviations source= Data
Standard deviations source start year= 1951
Standard deviations source end year= 1990
Standard deviations=   4.3   3.9   3.7   2.9   2.0   1.6   1.2   1.8   1.8   1.9   3.3   3.9 
Obs:
1951 -20.9 -16.3 -14.9   0.8  12.1  13.0  17.3  15.0   9.7   2.1  -9.1 -18.2 
1952 -21.4 -13.2 -10.0   8.0  11.1  14.6  17.1  16.5  12.2   4.3  -3.5 -11.0 
1953 -16.6 -12.4  -9.4   0.2   8.8  14.9  17.6  17.8  11.0   7.8  -0.5 -10.1 
1954 -24.5  -5.7 -10.0  -3.2   7.2  13.7  18.2  15.8   9.9   4.3  -1.2  -8.2 
1955 -16.3 -17.4 -14.6   5.2  10.7  15.8  19.0  18.4   9.9   5.5 -12.7 -19.3 
1956 -19.2 -17.3 -11.6  -2.1  10.1  17.8  17.2  16.6   9.8   4.9  -5.2 -15.0 
1957 -21.3 -16.4  -9.5   0.5  11.3  14.2  20.3  15.9  11.3   4.5  -4.9 -11.8 
1958 -12.5 -16.7  -5.7   5.1  12.1  13.5  17.7 -99.0  11.1   5.3  -6.3 -14.9 
1959 -22.0 -16.1  -3.6   2.9   9.0  16.1  19.2  17.2  10.0   0.6  -8.4  -7.0 
1960 -19.7 -15.7 -11.8   1.6  11.2  14.7  20.1  18.5  12.9   5.1  -6.2 -12.9 
1961 -15.9 -11.7  -4.6   1.1  10.3  18.1  18.6  20.8   9.1   5.2  -5.7 -19.6 
1962 -18.7 -20.5 -10.2   1.5   9.7  17.5  17.2  17.8  10.8   7.3  -1.3 -11.8 
1963 -20.3 -15.4  -6.0   4.2   9.1  15.4  19.5  18.5  14.1  10.4  -4.6 -15.1 
1964 -15.2 -10.9 -14.3   3.7  11.6  15.2  19.8  15.4   8.8   5.9  -6.3 -19.4 
1965 -21.4 -18.8 -15.0   2.2   9.1  16.1  18.1  17.0   5.7   6.8  -8.8 -11.8 
1966 -27.6 -18.7  -7.4  -0.4   9.0  15.5  19.3  16.6  12.8   4.2 -11.4 -15.2 
1967 -19.2 -19.0 -11.3  -2.8   8.7  15.5  18.3  17.8  15.5   3.5  -4.7 -13.5 
1968 -18.6 -14.9  -3.6   3.7   9.4  14.5  17.4  14.3  12.8   4.5  -3.8 -17.7 
1969 -25.1 -15.4 -11.0   5.4  10.0  12.7  17.5  19.3  11.4   1.0  -4.0 -10.1 
1970 -19.7 -14.3 -12.8   0.9   8.8  18.4  18.8  17.6  11.3   3.8  -6.9 -19.8 
1971 -22.7 -13.3  -9.3   2.4  10.8  15.6  15.6  18.2  11.1   4.3  -6.4 -17.0 
1972 -23.3 -20.9  -9.3   2.1  12.6  16.7  15.1  18.4   7.1   1.6  -6.0 -19.9 
1973 -13.6 -15.1  -1.1   1.4  10.4  15.4  17.5  18.7  10.8   6.2 -10.9 -16.5 
1974 -23.4 -16.5 -13.2   0.5   6.5  16.4  19.4  14.6   8.8   5.7  -3.9  -8.2 
1975 -15.3 -16.3 -11.9  -0.6   9.5  15.0  20.4  14.9  10.3   5.0  -3.5 -14.3 
1976 -15.9 -11.8 -11.0   4.5  12.0  16.1  18.3  17.5  12.4   1.5  -5.7 -15.2 
1977 -21.2  -8.8  -5.8   7.3  15.7  16.2  17.6  13.0  10.5   6.3  -6.5 -19.3 
1978 -23.4 -17.1  -7.3   3.0  13.4  16.3  17.3  15.6  12.3   6.1  -9.7 -16.8 
1979 -22.9 -24.6 -10.3  -2.8   7.4  16.0  20.2  16.1  12.2   4.6  -5.5 -11.3 
1980 -19.3 -14.9 -10.5   8.0  14.5  15.0  18.2  15.0  10.6   4.7  -2.2 -15.7 
1981 -12.2  -9.1  -0.3   3.7  10.6  14.8  18.6  18.9  12.0   3.3   0.4 -13.2 
1982 -26.4 -15.4  -8.3   2.0   9.9  13.8  17.8  15.5  11.0   5.0  -8.1 -12.9 
1983 -13.8 -12.6  -9.3  -1.0   7.0  15.3  19.4  20.5  10.5   5.0  -2.7 -22.4 
1984 -13.6  -5.2  -7.6   6.3   9.0  16.0  18.6  19.8   8.0   2.7  -8.3 -19.9 
1985 -17.3 -17.3  -5.4   5.4  12.2  12.4  17.3  14.4   8.1   4.0 -14.9 -15.3 
1986 -11.4 -15.1  -3.8   2.5  12.3  15.2  17.2  16.3   9.3   5.4  -9.9 -10.1 
1987 -10.1  -7.8  -4.1   7.9  13.4  17.4  17.4  14.9  12.5   2.9  -1.7  -8.6 
1988 -18.2 -14.1  -5.8   4.1  13.0  20.5  18.8  16.8  10.1   3.3  -5.5 -12.6 
1989 -15.4 -18.5 -11.1   3.6  12.5  15.0  20.0  17.4  11.4   4.3  -7.7 -18.4 
1990 -12.6 -15.3  -5.6   2.1  10.1  16.6 -99.0 -99.0 -99.0 -99.0 -99.0 -99.0 
