Number= 714322
Name= Welland
Country= CANADA
Lat=   43.0
Long=   79.3
Height= 175
Start year= 1874
End year= 2007
First Good year= 1874
Source ID= 36
Source file= Jones+Anders
Jones data to= 1999
Normals source= Data
Normals source start year= 1961
Normals source end year= 1990
Normals=  -5.1  -4.7   0.7   7.1  13.2  18.5  21.5  20.6  16.5  10.4   4.8  -1.7 
Standard deviations source= Data
Standard deviations source start year= 1941
Standard deviations source end year= 1990
Standard deviations=   2.5   2.1   2.3   1.6   1.6   1.2   1.0   1.3   1.3   1.7   1.5   2.3 
Obs:
1874  -3.2  -4.9  -1.2   0.6  12.1  18.9  20.4  19.7  18.3   9.2   2.2  -2.5 
1875  -8.7 -11.5  -3.4   3.7  12.1  17.8  19.8  19.2  12.9   6.4  -1.3  -2.7 
1876  -2.3  -4.7  -3.1   3.6  12.0  20.1  20.8  21.1  13.8   5.3   2.0  -8.9 
1877  -8.2  -2.9  -3.4   5.8  12.7  18.1  21.3  21.1  17.0  10.3   2.6   0.8 
1878  -5.3  -3.6   2.1  10.0  13.4  18.6  23.6  21.5  16.0   9.6   3.0  -1.2 
1879  -4.2  -4.8  -0.6   5.4  14.8  18.6  22.2  19.8 -99.0 -99.0 -99.0 -99.0 
1880 -99.0 -99.0 -99.0 -99.0 -99.0 -99.0 -99.0 -99.0 -99.0   8.8  -1.2  -5.9 
1881  -9.0  -7.2  -1.3   3.9  15.4  15.6  21.3 -99.0  21.6  11.2   3.5 -99.0 
1882  -5.0 -99.0   0.7 -99.0 -99.0 -99.0 -99.0 -99.0 -99.0  12.0   2.3 -99.0 
1883  -8.1  -6.2  -5.8   4.2  10.5  18.7  19.0  17.8  13.1   7.8   4.2  -2.8 
1884  -9.8  -4.4  -2.2   5.2  11.2  18.8 -99.0  19.5  17.4   9.8   1.9  -3.6 
1885  -7.5 -12.3  -7.9   3.9  11.9  16.4 -99.0  17.6  14.1   8.5   3.4  -3.0 
1886  -6.9  -7.2  -1.4   7.4  11.7  16.6  19.4 -99.0  16.5   9.6   1.8 -99.0 
1887 -99.0 -99.0 -99.0 -99.0 -99.0 -99.0 -99.0 -99.0 -99.0 -99.0 -99.0 -99.0 
1888 -99.0 -99.0 -99.0 -99.0 -99.0 -99.0 -99.0 -99.0 -99.0 -99.0 -99.0 -99.0 
1889 -99.0 -99.0 -99.0 -99.0 -99.0 -99.0 -99.0 -99.0 -99.0 -99.0 -99.0 -99.0 
1890 -99.0 -99.0 -99.0 -99.0 -99.0 -99.0 -99.0 -99.0 -99.0 -99.0 -99.0 -99.0 
1891 -99.0 -99.0 -99.0 -99.0 -99.0 -99.0 -99.0 -99.0 -99.0 -99.0 -99.0 -99.0 
1892 -99.0 -99.0  -2.4   6.2  12.1  19.9  21.1  21.0  16.3   9.3   2.1  -3.9 
1893  -9.8  -7.0  -0.3   5.0  11.3  19.7  20.7  19.9  14.7  10.1   2.3  -4.3 
1894  -1.9  -7.2   2.9   7.0  12.6  19.3  21.9  19.4  17.9  11.3   1.2  -0.7 
1895  -6.7  -9.9  -3.8   7.5  13.9  20.7  19.6  19.9  17.5   6.7   3.5  -0.7 
1896  -5.2  -5.3  -4.9   8.9  16.1  19.3  21.5  20.3  14.7   7.0   4.8  -2.4 
1897  -5.2  -4.7   0.5   6.9  12.2  16.8  23.3  18.7  16.4  10.1   3.9  -2.1 
1898  -3.1  -4.2   3.7   6.1  13.9  19.7  22.6  21.4  18.4  11.1   2.6  -2.9 
1899  -5.8  -7.6  -1.5   7.9  13.4  19.4  21.4  21.5  14.5  11.1   4.7  -1.9 
1900  -3.6  -6.7  -4.0   7.2  13.6  19.9  21.8  23.3  18.6  14.6   4.3  -1.6 
1901  -4.2  -9.5  -0.7   7.5  12.6  19.5  24.1  21.3  16.6  10.1   1.6  -3.5 
1902  -6.4  -7.5   2.5   7.3  13.3  16.7  21.3  19.0  16.9   9.7   7.2  -3.5 
1903  -5.4  -4.1   4.3   6.8  14.9  16.8  21.1  18.5  16.9  10.5   1.1  -5.0 
1904  -9.6  -9.3  -0.4   4.1  14.4  17.9  20.5  20.6  17.1  10.3   3.8  -2.6 
1905  -4.4  -8.6  -1.1   5.9  12.8  18.1  21.8  19.9  16.8  10.1   2.5  -0.4 
1906  -0.6  -5.0  -3.2   6.8  12.7  19.1  21.8  22.9  18.9   9.9   3.0  -4.2 
1907  -4.5  -7.4   1.9   3.8  10.1  17.3  21.1  19.2  17.1   8.1   3.6  -0.4 
1908  -3.5  -6.4   1.1   6.8  15.0  20.1  22.8  19.5  18.0  11.1   3.8  -1.7 
1909  -2.8  -2.3  -1.4   6.1  12.7  18.8  20.5  20.9  16.2   7.5   5.7  -3.6 
1910  -3.6  -6.8   4.0   9.0  11.5  17.5  21.3  20.1  16.1  11.0   2.3  -6.0 
1911  -2.7  -3.6  -1.2   6.2  16.3  18.8  22.1  20.9  16.4   9.5   2.1   1.4 
1912 -10.3  -7.3  -3.6   6.5  13.6  16.6  21.3  18.0  17.7  10.7   4.8   1.5 
1913  -0.1  -5.9   1.1   7.8  12.7  18.0  20.9  20.4  15.6  11.3   6.0   0.8 
1914  -2.9  -8.8  -0.6   5.4  14.3  19.3  22.8  21.4  16.2  11.0   2.3  -5.2 
1915  -4.3  -1.8  -0.9   9.9  10.7  17.1  20.1  19.6  18.3  11.0   5.3  -2.3 
1916  -1.3  -7.0  -4.5   7.0  12.8  16.6  24.0  21.9  16.1  10.3   3.5  -3.3 
1917  -5.9  -8.2   0.5   5.7   9.5  16.4  21.4  20.5  14.8   6.9   1.2  -6.7 
1918 -10.7  -6.3   1.2   6.8  14.8  17.1  20.9  21.8  13.5  10.9   5.4   0.6 
1919  -2.0  -2.7   0.7   5.5  10.6  21.8  21.8  19.1  16.5  11.6   3.2  -5.8 
1920 -10.3  -7.2   1.2   4.4  11.8  18.5  18.4  20.5  16.6  12.5   2.5  -0.1 
1921  -2.5  -2.3   4.4   9.7  14.0  18.8  24.8  19.4  18.6   9.6   1.8  -2.4 
1922  -6.2  -3.6   0.7   7.0  14.7  17.7  20.1  19.4  17.2  10.4   4.3  -2.9 
1923  -5.3  -7.6  -2.9   4.5  10.6  18.5  19.9  18.6  16.0   8.5   3.5   2.0 
1924  -5.4  -7.2  -0.8   5.6   9.4  16.8  19.2  19.1  14.1  10.1   3.4  -4.7 
1925  -6.9  -2.6   1.4   7.6   9.5  19.2  19.4  20.1  16.4   5.4   2.7  -3.1 
1926  -4.6  -6.0  -3.2   2.5  11.1  15.2  19.6  20.2  15.7   9.0   3.5  -4.7 
1927  -5.6  -1.8   2.2   6.3  11.6  15.3  19.7  17.4  16.9  11.5   5.3  -1.5 
1928  -3.9  -4.2  -0.9   5.1  11.7  15.9  20.7  21.3  14.2  10.9   4.9   0.1 
1929  -5.4  -5.6   2.8   7.3  11.5  17.1  20.3  18.2  16.4   9.2   2.6  -3.2 
1930  -5.1  -2.7  -1.3   6.2  13.4  18.7  20.8  19.8  17.6   9.6   5.4  -2.0 
1931  -4.6  -3.3   0.9   7.5  13.2  18.2  22.7  20.6  18.7  12.1   7.6   1.1 
1932   2.0  -0.8  -2.0   4.9  12.4  18.5  19.8  20.4  16.6  11.3   2.8  -0.8 
1933   1.1  -2.8  -0.3   7.8  14.1  19.7  22.3  20.6  17.3   9.3   0.3  -3.4 
1934  -2.9 -12.5  -2.0   5.7  14.0  19.9  22.1  18.6  17.9   9.3   5.9  -3.3 
1935  -5.1  -5.7   2.3   5.9  10.2  17.3  23.0  20.6  14.9  10.0   4.5  -4.8 
1936  -5.9  -9.0   0.9   3.8  13.6  18.3  21.3  20.8  17.2  10.3   1.0   0.2 
1937  -0.5  -2.6  -2.0   6.3  13.5  18.3  21.4  22.3  15.5   8.0   3.6  -3.4 
1938  -5.8  -2.4   2.7   7.9  12.9  18.1  21.8  22.1  14.1  10.9   4.9  -1.2 
1939  -5.0  -4.4  -1.3   5.0  13.8  19.1  21.5  22.1  16.6   9.8   2.3  -0.3 
1940  -8.2  -4.7  -3.4   4.8  12.3  17.5  21.0  20.0  15.0   8.2   3.2  -0.6 
1941  -4.3  -5.6  -2.9   9.2  13.8  19.6  22.3  19.6  17.8  11.2   5.6   0.4 
1942  -4.5  -6.8   1.7   9.3  14.0  18.7  20.8  20.4  16.4  10.8   4.0  -3.9 
1943  -6.5  -4.0  -1.2   3.6  11.7  20.0  21.3  20.6  15.7   9.2   3.0  -2.8 
1944  -1.8  -4.2  -1.2   4.6  16.0  19.3  22.3  22.2  17.2  10.2   5.7  -4.0 
1945  -9.5  -4.0   5.9   9.2   9.8  16.9  20.8  20.9  17.6   9.5   4.2  -4.6 
1946  -3.1  -5.0   5.7   6.6  12.0  17.3  20.7  18.4  17.4  12.7   6.3  -0.7 
1947  -1.9  -6.4  -1.5   5.4  10.6  17.6  20.5  23.5  17.4  14.3   2.9  -2.2 
1948  -7.9  -5.0   0.2   8.7  11.3  17.8  21.7  20.7  18.9   8.7   7.2  -0.3 
1949  -1.1  -1.7  -0.1   6.8  13.5  21.2  22.8  22.0  14.6  12.6   2.7  -0.3 
1950  -0.1  -4.9  -3.0   3.6  12.5  17.4  19.8  19.9  15.0  11.6   3.0  -3.0 
1951  -2.6  -3.3   1.1   6.9  13.4  18.4  20.4  19.4  15.7  11.9   0.9  -2.3 
1952  -2.9  -2.6   0.7   8.6  12.0  18.9  22.8  20.0  16.7   7.5   5.6   0.7 
1953  -1.2  -1.1   2.2   6.1  13.0  19.3  21.9  21.4  16.8  12.0   6.5   1.1 
1954  -5.2  -0.1  -0.5   7.6  12.1  19.8  20.9  19.7  16.7  11.9   4.8  -1.8 
1955  -4.5  -3.1   0.4  10.1  15.1  18.8  24.1  23.0  16.4  11.7   3.4  -3.8 
1956  -4.5  -2.8  -1.6   5.2  10.9  18.4  20.0  20.1  14.5  12.2   5.1   1.0 
1957  -7.4  -1.8   1.4   8.2  12.0  19.8  21.0  19.8  16.9   9.5   5.0   1.0 
1958  -3.9  -7.1   1.5   8.2  12.0  16.4  21.7  20.1  16.5  10.8   5.2  -5.9 
1959  -6.4  -5.3  -0.8   7.2  14.8  19.2  22.6  23.9  19.3  11.1   3.1  -0.1 
1960  -3.4  -3.5  -6.3   8.5  14.0  18.4  20.3  20.6  18.5  10.6   6.1  -4.4 
1961  -7.0  -2.6   1.9   5.3  11.8  17.1  21.6  21.2  20.1  12.7   4.7  -1.7 
1962  -5.5  -5.8   0.7   7.4  16.0  18.8  20.2  20.6  15.3  11.5   3.7  -3.8 
1963  -7.3  -8.0   1.8   7.4  11.8  18.9  21.6  18.5  14.4  13.4   6.8  -5.6 
1964  -2.5  -4.8   0.7   7.7  14.1  18.3  22.6  18.6  16.1   9.2   6.0  -1.1 
1965  -5.2  -3.9  -1.3   4.8  14.8  17.5  19.1  19.5  17.6   8.9   4.5   0.9 
1966  -6.4  -3.8   1.9   6.0  10.8  19.4  22.4  20.7  15.3   9.8   5.5  -1.3 
1967  -1.1  -5.9  -0.1   7.2   9.7  21.3  20.6  19.5  15.5  10.7   2.7   0.2 
1968  -6.2  -6.5   1.8   9.2  11.5  17.8  21.0  20.7  18.3  11.8   4.7  -2.6 
1969  -4.0  -3.3  -0.5   8.0  12.6  17.6  21.6  21.6  17.0  10.4   4.4  -4.0 
1970  -8.9  -5.3  -1.1   8.1  13.8  18.6  21.8  21.4  17.6  12.4   5.9  -2.4 
1971  -6.8  -3.2  -1.3   5.4  12.0  19.6  20.7  20.0  18.5  14.0   4.2   0.7 
1972  -3.9  -5.5  -1.8   4.7  14.2  16.7  21.3  20.0  17.2   7.8   2.3  -0.3 
1973  -2.6  -5.6   5.0   7.5  12.0  20.1  22.1  22.6  16.9  12.2   5.2  -2.0 
1974  -3.5  -5.8   0.3   7.6  11.4  17.7  20.5  21.2  15.0   8.9   4.8  -0.1 
1975  -1.3  -2.3  -0.9   3.9  16.5  19.8  22.4  21.1  14.8  11.9   8.5  -2.2 
1976  -6.7  -0.6   2.4   8.0  11.9  20.1  20.1  19.5  15.5   8.2   1.1  -5.6 
1977 -10.6  -4.3   3.6   7.8  15.0  17.5  21.9  19.9  17.2   9.5   5.6  -2.3 
1978  -7.3 -10.0  -2.9   5.8  13.9  18.7  21.4  21.3  16.8   9.6   4.5  -1.0 
1979  -6.2  -9.7   3.3   6.5  13.4  18.6  21.9  20.1  16.9  10.6   6.1   1.1 
1980  -3.4  -5.9  -0.6   7.5  14.2  16.3  21.9  22.7  17.0   8.5   3.4  -4.5 
1981  -8.4  -1.3   1.1   8.5  12.7  19.2  21.8  20.6  15.7   8.3   4.4  -1.7 
1982  -7.8  -5.6  -0.1   5.1  15.2  16.2  21.4  18.1  15.8  11.7   5.6   2.5 
1983  -2.5  -1.8   2.1   6.6  11.2  19.1  22.7  21.8  17.7  10.9   5.0  -4.2 
1984  -7.2  -0.5  -3.0   8.2  11.3  19.8  20.8  22.0  15.5  12.4   4.8   2.0 
1985  -6.1  -4.1   1.7   9.2  14.5  16.9  20.9  20.7  17.7  11.4   5.5  -3.5 
1986  -4.1  -5.3   1.8   8.5  14.8  17.8  21.4  19.4  16.1  10.4   3.1   0.3 
1987  -3.5  -4.5   2.6   9.4  14.7  20.2  23.2  20.1  16.6   8.1   5.1   0.9 
1988  -4.1  -5.3   0.8   6.8  14.6  17.7  23.1  22.0  15.9   7.8   5.9  -1.7 
1989  -1.2  -5.7  -0.7   5.2  12.7  19.3  22.3  20.6  16.3  10.5   3.5  -8.3 
1990  -0.2  -2.6   1.6   8.5  12.2  18.5  21.4  20.6  15.8   9.8   5.5   0.7 
1991  -4.5  -0.9   2.7   9.4  17.2  20.6  22.2  21.6  16.8  12.0   4.1  -0.2 
1992  -2.3  -3.4   0.2   6.2  13.7  17.0  19.1  18.7  16.4   8.9   4.4  -0.2 
1993  -2.0  -6.8  -1.3   7.9  13.5  18.4  22.7  22.0  15.0   8.9   4.2  -1.8 
1994  -9.7  -7.1  -0.9   7.5  11.1  19.1  22.3  19.4  16.1  10.3   6.5   0.7 
1995  -1.6  -6.6   2.2   4.5  13.0  20.3  22.2  22.8  15.3  11.8   2.0  -1.8 
1996  -5.5  -4.9  -2.1   5.3  12.3  19.4  20.2  21.0  16.5  10.0   0.3  -0.3 
1997  -5.9  -2.4  -0.5   4.3   9.0  18.1  19.7  18.5  14.8   9.2   2.1  -0.5 
1998  -0.6   1.2   3.1   8.9  17.3  18.9  21.3  22.3  18.5  11.7   5.9   1.8 
1999  -4.3  -0.3   0.4   8.5  15.7  20.5  23.7  19.7  17.5   9.7   6.1   0.3 
2000 -99.0 -99.0 -99.0 -99.0 -99.0 -99.0 -99.0 -99.0 -99.0 -99.0 -99.0 -99.0 
2001 -99.0 -99.0 -99.0 -99.0 -99.0 -99.0 -99.0 -99.0 -99.0 -99.0 -99.0 -99.0 
2002 -99.0 -99.0 -99.0 -99.0 -99.0 -99.0 -99.0 -99.0 -99.0 -99.0 -99.0 -99.0 
2003 -99.0 -99.0 -99.0 -99.0 -99.0 -99.0 -99.0 -99.0 -99.0 -99.0 -99.0 -99.0 
2004 -99.0 -99.0 -99.0 -99.0 -99.0 -99.0 -99.0 -99.0 -99.0 -99.0 -99.0 -99.0 
2005 -99.0 -99.0 -99.0 -99.0 -99.0 -99.0 -99.0 -99.0 -99.0 -99.0 -99.0 -99.0 
2006 -99.0 -99.0 -99.0 -99.0 -99.0 -99.0 -99.0 -99.0 -99.0 -99.0 -99.0 -99.0 
2007 -99.0 -99.0 -99.0 -99.0 -99.0 -99.0 -99.0 -99.0 -99.0 -99.0 -99.0 -99.0 
