Number= 714323
Name= WOODSTOCK
Country= CANADA
Lat=   43.1
Long=   80.8
Height= 282
Start year= 1872
End year= 1980
First Good year= 1872
Source ID= 10
Source file= Jones
Jones data to= 1980
Normals source= Data
Normals source start year= 1961
Normals source end year= 1980
Normals=  -7.2  -6.6  -0.6   6.0  12.6  17.8  20.0  19.2  15.4   9.3   3.2  -3.7 
Standard deviations source= Data
Standard deviations source start year= 1941
Standard deviations source end year= 1980
Standard deviations=   2.5   2.2   2.6   1.9   1.8   1.2   1.0   1.3   1.4   1.8   1.6   2.0 
Obs:
1872  -7.5  -7.8  -7.0   5.9  12.0  18.0 -99.0 -99.0 -99.0 -99.0 -99.0 -99.0 
1873 -99.0  -8.2  -3.6   4.6  11.8  18.1  20.3  19.1  13.7   6.8  -2.8  -1.7 
1874  -4.5  -5.9  -1.6   0.8  12.5  18.2  19.8  18.8  17.0   8.0   1.3  -4.4 
1875 -11.0 -13.6  -5.9   2.6  11.3  17.3  18.6  18.1  12.8   6.3  -1.0  -2.6 
1876  -1.8  -5.4  -3.9   3.9  11.6  19.4  20.5  20.1  13.0   5.6   2.5  -9.7 
1877  -9.0  -3.0  -4.2   6.5  12.1  17.7  20.7  20.7  16.5   9.7   2.4   1.0 
1878  -4.8  -4.0   3.1   9.7  11.1  16.0  21.9  19.9  15.6   9.1   1.9  -5.7 
1879  -8.2  -9.1  -1.7   4.5  12.4  16.7  20.6  19.0  12.9  13.0   0.9  -3.6 
1880   0.4  -2.5  -1.0   5.4  15.9  18.7  19.6  18.5  14.8   7.1  -2.8  -7.7 
1881 -11.4  -8.9  -2.6   3.5  15.4  14.4  21.1  21.0  20.1   9.6   2.7   0.9 
1882  -5.1  -1.0  -0.3   4.8   8.5  16.2  18.7  19.3  15.5  10.5   0.1  -5.6 
1883 -10.6  -8.3  -7.0   4.0   9.7  17.3  18.8  17.2  12.3   7.1   2.6  -4.0 
1884 -10.4  -5.7  -2.9   4.6  11.3  18.9  17.5  17.8  16.8   9.3   0.3  -4.8 
1885  -9.4 -13.7  -9.5   4.7  12.1  15.9  20.0  16.4  13.7   7.2   2.9  -3.5 
1886  -8.2  -8.3  -2.0   7.4  12.0  16.6  18.8  18.6  15.3   9.3   0.8  -8.1 
1887  -9.1  -6.4  -4.2   4.5  15.8  18.3  23.2  18.4  13.2   6.3   1.1  -3.7 
1888 -10.7  -7.1  -5.9   4.1  10.9  18.2  18.8  18.9  13.6   5.8   3.1  -2.3 
1889  -3.9  -9.5   0.5   6.0  12.4  16.1  19.9  18.6  15.4   5.5   2.9   1.0 
1890  -1.6  -2.4  -3.3   6.2  10.5  19.1  19.4  17.3  13.9   8.2   2.1  -5.6 
1891  -4.6  -2.9  -3.3   6.6  10.9  18.3  17.2  18.2  16.9   7.8   1.6   0.2 
1892  -8.6  -4.5  -3.2   5.3  11.0  19.3  20.3  19.1  15.1   8.3   1.0  -5.3 
1893 -11.1  -8.6  -2.4   4.2  10.9  19.2  20.2  19.3  14.2   8.7   1.5  -4.3 
1894  -2.9  -7.1   2.6   6.7  11.7  18.6  20.5  18.2  16.4   9.2  -0.3  -1.3 
1895  -8.2 -10.4  -6.0   6.7  13.5  19.4  17.9  18.2  15.3   4.7   2.0  -3.8 
1896  -6.2  -6.6  -5.7   8.8  16.2  18.2  20.3  18.0  12.9   5.4   3.4  -3.6 
1897  -6.6  -5.1  -1.1   5.9  11.3  15.8  21.5  17.2  15.6   9.5   2.5  -3.2 
1898  -5.3  -5.0   2.7   5.7  12.7  18.3  20.6  19.5  16.2   8.9   1.1  -4.5 
1899  -6.1  -9.1  -3.0   7.3  13.2  18.3  20.0  20.0  13.0  10.5   3.4  -3.6 
1900  -4.4  -7.9  -5.9   7.0  13.2  17.6  20.0  22.0  16.6  12.7   3.0  -2.7 
1901  -5.5 -10.2  -2.3   7.3  12.3  17.7  22.2  19.6  15.7   8.8   0.9  -4.6 
1902  -6.7  -7.3   2.4   6.1  12.1  14.9  21.0  18.2  14.8   8.2   6.0  -4.5 
1903  -6.0  -4.9   3.8   6.2  13.7  15.4  19.3  16.6  14.9   9.2  -0.1  -6.2 
1904 -10.8 -12.2  -2.9   3.1  13.3  17.4  18.8  17.2  14.3   6.9   1.6  -6.3 
1905  -8.5 -10.0  -1.4   5.4  11.7  17.0  19.9  18.8  15.8   8.3   1.1  -1.7 
1906  -1.4  -6.6  -4.6   6.6  12.0  17.7  19.3  20.5  17.0   8.0   1.7  -5.1 
1907  -6.2  -8.7   0.2   2.6   8.6  16.6  19.2  17.4  15.1   6.6   1.8  -2.4 
1908  -5.5  -8.4  -1.2   5.1  13.2  18.1  20.5  18.0  17.1   9.6   2.6  -3.7 
1909  -4.4  -3.8  -2.7   4.7  11.6  18.1  19.5  19.6  14.5   7.2   5.2  -5.1 
1910  -5.0  -7.5   3.7   7.8  10.7  17.0  20.5  19.1  14.5   9.9   1.3  -6.8 
1911  -3.8  -3.7  -2.1   5.4  15.9  18.5  20.7  19.3  15.1   8.3   0.7   0.1 
1912 -11.6  -9.4  -5.3   5.7  13.9  16.0  19.6  16.6  17.2   9.7   3.8  -1.3 
1913  -2.1  -7.4  -0.5   7.8  11.8  17.9  20.1  19.0  14.9   9.3   4.2  -1.2 
1914  -3.9 -10.8  -1.4   5.0  14.0  16.7  19.9  19.0  14.8  10.9   2.1  -5.1 
1915  -7.6  -4.6  -2.6   9.4  10.3  15.4  19.0  17.9  16.5   9.6   3.3  -4.1 
1916  -2.1  -8.3  -5.2   6.5  12.6  15.4  23.0  20.8  15.3   8.7   2.4  -4.6 
1917  -7.3 -10.0  -0.4   4.9   8.6  15.2  20.1  18.7  13.4   5.4   0.1  -7.8 
1918 -12.3  -7.0   0.9   5.8  14.6  16.0  19.1  20.8  11.8  10.5   4.1  -0.8 
1919  -2.8  -3.4   0.6   5.0  11.8  20.8  21.3  18.5  16.3  10.9   1.6  -7.1 
1920 -12.2  -8.4   0.4   3.5  11.7  18.0  17.6  18.9  15.7  12.4   1.3  -1.6 
1921  -3.7  -3.8   3.1   9.6  13.8  18.5  23.4  18.4  17.9   9.1   1.1  -3.5 
1922  -6.8  -4.8   0.3   6.6  14.7  17.7  19.4  18.5  16.2   9.8   3.9  -3.9 
1923  -6.6  -9.5  -3.7   4.7  10.6  19.0  19.6  18.0  15.4   8.3   2.6   1.0 
1924  -6.9  -7.5  -2.0   5.6   8.7  16.6  18.5  18.0  12.7  10.3   2.2  -6.2 
1925  -8.3  -3.6   0.4   7.8   9.5  19.0  19.2  19.2  16.0   4.4   1.4  -4.8 
1926  -5.7  -7.2  -4.9   2.3  11.2  14.8  19.2  19.3  14.7   7.7   1.5  -6.1 
1927  -7.5  -3.3   1.2   6.2  11.0  15.0  19.1 -99.0  16.8  10.8   3.9  -3.2 
1928  -5.6 -99.0  -2.4   4.6  11.6  15.4  19.9  20.1  13.1  10.0   3.6  -1.5 
1929  -7.2  -7.5   2.2   7.2  10.9  16.3  19.6  17.7  16.1   8.3   1.5  -5.1 
1930  -7.4  -3.9  -1.7   6.0  13.3  18.1  20.1  19.7  16.6   8.4   3.8  -3.4 
1931  -5.4  -4.2  -1.1   6.2  12.6  17.8  21.8  19.6  18.0  11.2   6.9   0.1 
1932   1.2  -2.0  -3.1   4.3  12.2  18.3  19.0  19.5  15.5   9.7   0.6  -2.9 
1933  -0.3  -4.9  -1.8   6.5  13.6  19.8  22.0  20.1  17.7   8.4  -0.8  -4.9 
1934  -4.0 -13.9  -3.6   4.5  13.9  20.0  22.0  18.2  17.0   8.4   4.7  -5.2 
1935  -6.8  -6.7   1.3   5.0   9.7  16.9  22.4  19.9  14.2   8.8   2.7  -6.1 
1936  -7.3 -10.8   0.4   3.4  14.4  17.7  22.0  20.4  16.5   8.6  -0.2  -1.9 
1937  -2.7  -4.0  -2.9   5.2  13.1  18.0  20.7  21.3  14.3   7.1   2.1  -4.7 
1938  -7.3  -3.4   1.8   7.1  12.2  17.7  21.0  21.7  14.0  10.4   3.2  -3.3 
1939  -5.6  -5.1  -2.7   4.4  13.9  18.2  20.0  20.8  16.1   9.1   1.7  -1.1 
1940  -9.7  -5.6  -5.1   4.3  11.5  17.6 -99.0  19.3  14.8   8.1   2.0  -2.7 
1941  -5.8  -6.3  -3.1   9.9  14.3  19.5  21.6  18.6  16.8  10.4   4.2  -0.8 
1942  -5.2  -7.3 -99.0 -99.0  13.5  18.3  19.6 -99.0  14.3   9.3   2.6  -6.4 
1943  -8.8  -5.9  -2.9   1.9  10.4  19.1  19.2  18.7  13.7   8.2   1.7  -4.4 
1944  -3.1  -5.5  -2.9   4.5  15.6  18.8  20.4  20.6  15.8   8.9   3.7  -5.5 
1945 -10.3  -5.2   5.7   7.9   9.7  16.2  19.7  19.7  15.7   8.1   3.1  -6.3 
1946  -5.0  -6.2   5.2   5.9 -99.0  16.8  19.5  17.6  15.9  11.8   4.2  -2.5 
1947  -3.8  -7.7  -3.0   4.5  10.3  17.0  19.7  22.2  16.0  13.5   1.4  -4.8 
1948  -9.9  -7.1  -1.4   7.5  10.7  16.9  20.3  19.5  16.9   7.6   5.3  -2.1 
1949  -2.6  -3.5  -1.2   6.3  13.4  20.4  21.5  20.8  13.3  11.6   1.3  -1.6 
1950  -1.8  -6.4  -4.6   2.7  12.1  17.0  18.6  18.6  14.0  10.9   1.2  -4.9 
1951  -4.6  -4.7  -0.3   6.1  13.2  17.2  19.9  18.6  14.7  10.1  -0.7  -3.9 
1952  -4.0  -4.2  -1.0   8.0  11.1  18.6  21.6  19.0  16.0   6.2   4.3  -1.1 
1953  -3.2  -2.3   0.5   5.2  12.2  18.1  20.3  20.4  15.3  10.9 -99.0  -1.2 
1954  -7.3  -1.3  -2.6 -99.0  10.3  18.5  19.3  18.1  15.4  10.6   3.6  -3.5 
1955  -5.9  -4.9  -0.9   9.5  14.4  17.7  23.6  22.5  15.3  10.4   1.3  -5.4 
1956  -5.1  -4.7  -2.5   4.8  10.6  17.7  18.6  19.0  13.0  10.7   3.4  -1.1 
1957  -8.9  -3.5   0.8   7.8  11.4  18.5  19.4  17.7  14.8   8.4   3.2  -0.9 
1958  -6.0  -7.8   0.5   7.3  11.3  14.9  19.8  18.4 -99.0 -99.0 -99.0 -99.0 
1959 -99.0  -6.2  -1.9   7.2  14.2  18.3  20.5  22.5  17.4   9.6   1.4  -1.3 
1960  -4.5  -4.6  -6.8   7.5  12.9  17.1  19.0  19.4  17.0   9.1   4.5  -6.3 
1961  -8.2  -3.3   0.9   4.2  11.1  17.6  20.3  19.8  18.7  11.5   3.2  -3.3 
1962  -7.8  -7.4  -0.5   7.0  15.6  17.7  18.8  19.1  13.9  10.3   2.7  -5.4 
1963  -9.8 -10.0   0.5   7.0  11.2  17.8  20.1  17.6  13.5  12.8   5.5  -7.3 
1964  -4.4  -5.4  -0.2   6.3  14.2  18.0  21.2  17.0  15.1   7.7   4.3  -3.0 
1965  -6.9  -5.6  -3.0   3.5  14.5  16.9  17.6  18.4  16.7   7.9   3.5  -0.6 
1966  -7.7  -4.8   0.9   4.9   9.8  18.5  21.4  19.0  13.4   8.5   3.8  -3.2 
1967  -3.0  -7.9  -1.5   6.8   9.1  20.3  19.1  18.2  14.1   9.2   1.0  -1.7 
1968  -7.6  -7.8   1.4   8.5  10.6  17.5  19.9  19.7  17.2  10.3   3.2  -4.6 
1969  -6.0  -4.9  -2.0   7.6  12.3  16.5  20.7  21.0  16.2   8.8   2.9  -5.6 
1970 -11.1  -6.5  -2.9   7.2  13.6  17.9  20.9  20.2  15.9  11.1   4.0  -4.2 
1971  -8.5  -4.9  -3.1   4.5  11.8  19.3  19.6  18.9  17.9  13.5   2.6  -0.7 
1972  -6.0 -99.0  -3.3   3.9  14.1  15.9  20.2  19.2  16.4   7.2   1.7  -2.1 
1973  -4.1  -6.6   4.0   7.3  11.5  19.6  20.8  21.3  16.0  11.4   3.8  -3.6 
1974  -4.6  -7.0  -0.5   7.6  10.8  17.6  20.1  19.7  13.7   8.1 -99.0  -1.8 
1975  -3.3  -3.8  -2.7   3.2  16.0  18.9  20.3  19.4  13.3  10.3   6.9  -3.9 
1976  -9.2  -2.4   1.8   7.6  11.2  19.2  19.5  18.5  14.5   7.1  -0.3  -7.3 
1977 -11.8  -5.9   3.0   8.2  15.2  16.7  21.0  18.6  15.9   8.4   3.9  -4.3 
1978  -9.2 -11.5  -4.5   4.4  13.5  17.5  19.5  19.7  15.2   8.3   2.8  -3.5 
1979  -8.3 -11.1   1.5   5.0  11.9  17.6  19.6  18.3  15.0   8.2   3.4  -1.9 
1980  -5.8  -8.2  -2.4   5.8  13.4  15.2  19.9  20.7  14.6   6.0   1.3  -6.8 
