Number= 715050
Name= Haines Junction YTG
Country= CANADA
Lat=   60.8
Long=  137.5
Height= 596
Start year= 1944
End year= 2007
First Good year= 1944
Source ID= 36
Source file= Jones+Anders
Jones data to= 1999
Normals source= Data
Normals source start year= 1961
Normals source end year= 1990
Normals= -20.8 -15.3  -8.4  -0.6   5.4  10.1  12.6  11.0   6.0  -0.9 -13.0 -19.1 
Standard deviations source= Data
Standard deviations source start year= 1944
Standard deviations source end year= 1990
Standard deviations=   6.3   4.5   3.3   2.0   1.1   1.5   1.0   1.2   1.2   2.1   4.8   5.5 
Obs:
1944 -99.0 -99.0 -99.0 -99.0 -99.0 -99.0 -99.0 -99.0 -99.0   1.5  -9.6 -11.3 
1945 -12.7 -12.4  -5.2  -2.9   6.5   9.0  11.2  10.3   5.3   0.7 -17.3 -17.6 
1946 -18.1 -11.8  -8.4  -0.8   7.5  13.2  12.6  10.2   5.5  -0.7 -13.6 -26.2 
1947 -25.0 -17.6  -3.0  -0.6   6.3  10.1  12.9   9.3   6.4  -0.7  -6.2 -13.9 
1948 -15.4 -20.5 -13.2  -5.4   6.8  11.8  12.8  10.4   5.3   1.1 -12.2 -23.5 
1949 -15.9 -21.6  -4.1   0.9   5.6   8.5  12.4  10.2   7.3  -0.6  -8.2 -23.1 
1950 -20.6 -22.6  -8.6  -4.4   5.5  13.1  11.8  11.9   6.6  -3.2 -19.2 -17.5 
1951 -24.5 -20.5 -12.8   1.7   7.3  10.9  15.1  11.9   8.3  -5.4 -14.5 -23.0 
1952 -27.4 -15.3  -8.3  -1.0   4.3  10.3  13.4  11.0   6.2   1.8  -3.4 -14.9 
1953 -26.1 -10.0 -10.3   1.1   6.8  13.2  14.1  11.1   5.1  -0.9 -14.6 -13.2 
1954 -18.6 -18.1  -7.5  -5.7   5.8  11.0  11.4  11.0   5.6   2.1  -5.5 -20.1 
1955 -14.6 -13.0 -10.2  -2.7   3.7   9.1  13.1   9.0   4.9  -3.3 -21.8 -24.7 
1956 -23.3 -18.1 -10.4   0.6   5.9   9.1  13.5  10.9   5.3  -3.1  -4.8 -22.2 
1957 -22.0 -15.4  -7.0  -1.0   6.5  13.2  12.1  13.1   9.6   0.1  -7.1 -20.4 
1958 -16.0 -15.8  -9.0   2.1   7.0  13.4  14.2  10.2   5.3  -4.3 -11.3 -18.4 
1959 -28.0 -12.7 -11.5  -1.0   6.0  13.4  11.7  10.3   6.6  -2.1  -9.3 -12.8 
1960 -19.4 -12.8  -9.6  -0.6   7.1  10.4  12.2  10.9   6.8   0.1 -13.3 -11.2 
1961 -18.2 -14.6 -10.0  -1.4   6.1  10.1  13.6  10.6   6.0  -2.6 -15.7 -26.0 
1962 -17.1 -16.1 -11.6  -0.5   4.4   9.6  13.5  11.9   5.0   1.5  -9.3 -17.8 
1963 -16.8 -11.5 -10.6  -2.7   6.3   8.4  12.7  12.4   7.4   1.2 -19.1 -13.9 
1964 -19.9  -8.2 -14.7  -1.4   3.2  11.8  11.9  10.0   6.3  -0.1 -12.2 -26.4 
1965 -22.4 -19.7  -1.9   0.1   4.4   8.7  12.3  10.8   8.4  -1.8 -15.8 -18.8 
1966 -34.1 -15.7 -11.5  -0.5   4.6  11.1  13.7  10.1   6.5  -3.8 -16.4 -18.1 
1967 -22.0 -16.7 -12.5  -1.5   6.0  12.5  11.6  11.5   6.6   0.2  -8.0 -17.9 
1968 -19.5 -10.8  -5.3  -1.6   5.8  10.2  13.0  11.6   5.5  -2.7 -12.3 -27.1 
1969 -32.9 -18.9  -7.1   0.6   6.1  13.5  11.6   8.0   6.1   0.9 -11.1 -13.2 
1970 -20.2  -7.4  -5.1  -0.3   5.2   8.5  10.3   9.7   5.0  -3.9 -11.9 -21.9 
1971 -28.8 -11.8 -12.6  -1.2   3.6  10.3  13.6  11.2   4.9  -2.4 -13.6 -22.1 
1972 -30.2 -22.6 -12.1  -5.4   5.1   9.5  13.8  11.6   4.0  -2.3 -11.6 -20.7 
1973 -26.4 -18.5  -7.0   0.5   5.0   8.8  11.7   9.2   5.5  -1.3 -19.8 -21.2 
1974 -28.6 -15.8 -12.1  -0.6   6.3   9.1  11.5  11.0   6.6   0.1  -9.5 -12.5 
1975 -21.0 -18.0 -10.5  -1.3   5.0   9.0  12.6  10.4   7.1  -1.5 -18.1 -24.5 
1976 -19.9 -19.8 -10.2   0.7   4.5  10.7  12.2  11.2   6.1   0.1  -2.8 -14.7 
1977 -10.4  -6.4  -7.4   1.1   5.1   9.9  12.8  14.0   6.0   0.6 -16.4 -30.4 
1978 -22.3 -14.7  -7.7   0.1   5.6   9.9  12.1  11.9   7.4   2.5 -11.4 -15.0 
1979 -23.5 -26.9  -4.1   0.7   5.8  10.0  12.8  12.6   6.4   2.5  -6.9 -21.0 
1980 -19.5  -8.2  -7.9   1.4   5.7  11.3  12.6  10.4   5.6   2.1  -7.5 -28.9 
1981  -6.3 -11.6  -2.7  -1.6   7.8   9.2  13.2  11.7   5.1   0.6  -7.9 -21.9 
1982 -32.5 -18.3 -10.0  -2.6   4.3  10.9  13.1  10.6   7.0  -4.1 -13.8 -15.4 
1983 -23.1 -15.1  -9.5   1.4   6.5  11.8  12.3  10.4   2.7  -1.9 -14.5 -26.9 
1984 -14.5 -10.0  -0.6   2.0   5.7   9.8  11.2  10.7   5.0  -3.5 -14.4 -21.3 
1985  -7.6 -19.6  -7.0  -2.1   5.0   8.1  12.5  10.1   5.6  -4.2 -22.1  -9.4 
1986 -10.2 -16.4  -7.1  -4.6   4.2   9.7  13.1   9.6   5.4   1.0 -14.7  -8.6 
1987 -12.4 -10.5 -11.0  -0.1   5.1   9.0  13.9  10.7   6.4   1.3  -6.2 -12.3 
1988 -20.9 -13.1  -3.7   0.7   5.8  10.5  11.2  11.0   4.8  -0.2 -11.2 -14.1 
1989 -23.1 -20.6 -12.2   1.8   7.8  11.6  14.9  13.7   7.4  -1.7 -15.0 -10.2 
1990 -20.2 -21.1  -5.0   1.2   6.9  10.8  13.9  12.8   7.8  -3.2 -20.9 -21.2 
1991 -20.9  -9.4  -8.5   1.0   6.9  11.5  12.5  10.6   7.2  -2.3 -11.7 -15.0 
1992 -11.0 -13.6  -4.6  -1.0   4.4  11.8  13.4  10.9   1.8  -3.2  -7.3 -23.1 
1993 -21.4 -15.7  -6.4   2.3   8.4  11.6  13.3  11.5   7.3   1.1  -9.6 -12.9 
1994 -18.1 -21.0  -4.9   2.1   6.6  11.7  14.3  15.2   5.8   0.4 -14.7 -18.2 
1995 -19.5 -14.1 -11.1   2.2   9.0  12.4  13.9  10.3   9.3  -0.2 -14.6 -19.3 
1996 -32.2 -12.9 -10.6 -99.0 -99.0 -99.0 -99.0 -99.0 -99.0 -99.0 -18.3 -21.3 
1997 -20.7  -8.9 -11.8   0.7 -99.0 -99.0  13.3 -99.0 -99.0 -99.0  -8.6 -11.4 
1998 -20.7 -12.5 -99.0   2.0 -99.0 -99.0 -99.0 -99.0 -99.0 -99.0 -12.5 -17.8 
1999 -23.8 -20.8  -8.6 -99.0 -99.0 -99.0 -99.0 -99.0 -99.0 -99.0 -99.0 -99.0 
2000 -99.0 -99.0 -99.0 -99.0 -99.0 -99.0 -99.0 -99.0 -99.0 -99.0 -99.0 -99.0 
2001 -99.0 -99.0 -99.0 -99.0 -99.0 -99.0 -99.0 -99.0 -99.0 -99.0 -99.0 -99.0 
2002 -99.0 -99.0 -99.0 -99.0 -99.0 -99.0 -99.0 -99.0 -99.0 -99.0 -99.0 -99.0 
2003 -99.0 -99.0 -99.0 -99.0 -99.0 -99.0 -99.0 -99.0 -99.0 -99.0 -99.0 -99.0 
2004 -99.0 -99.0 -99.0 -99.0 -99.0 -99.0 -99.0 -99.0 -99.0 -99.0 -99.0 -99.0 
2005 -99.0 -99.0 -99.0 -99.0 -99.0 -99.0 -99.0 -99.0 -99.0 -99.0 -99.0 -99.0 
2006 -99.0 -99.0 -99.0 -99.0 -99.0 -99.0 -99.0 -99.0 -99.0 -99.0 -99.0 -99.0 
2007 -99.0 -99.0 -99.0 -99.0 -99.0 -99.0 -99.0 -99.0 -99.0 -99.0 -99.0 -99.0 
