Number= 715270
Name= PORT DOVER
Country= CANADA
Lat=   42.8
Long=   80.2
Height= 186
Start year= 1876
End year= 1983
First Good year= 1876
Source ID= 10
Source file= Jones
Jones data to= 1983
Normals source= Data
Normals source start year= 1961
Normals source end year= 1983
Normals=  -5.7  -5.0   0.3   6.2  12.5  17.8  20.7  20.1  16.2   9.9   4.1  -2.2 
Standard deviations source= Data
Standard deviations source start year= 1941
Standard deviations source end year= 1983
Standard deviations=   2.4   2.0   2.2   1.5   1.5   1.2   1.0   1.2   1.1   1.5   1.3   2.1 
Obs:
1876  -0.6  -3.7  -2.7   4.7  11.6  19.6  21.6  21.6  14.5   6.4   3.4  -8.0 
1877  -7.5  -2.0  -3.5   6.3  12.3  17.6  21.1  21.4  17.1  10.7   3.6   1.8 
1878  -3.9  -3.3   3.4  10.5  12.1  17.3  22.7  21.2  17.0  10.4   2.9  -4.0 
1879  -6.9  -7.6  -0.7   4.7  13.1  16.8  21.4  19.5  13.9  13.6   2.3  -2.3 
1880   1.2  -2.3  -0.8   5.8  15.8  19.4  20.6  20.3  16.0   8.4  -1.4  -6.2 
1881  -9.5  -7.6  -1.7   3.8  15.1  16.2  21.6  21.8  21.3  11.0   3.6   1.6 
1882  -4.1  -0.5   0.6   5.0   9.5  17.1  19.7  20.5  17.1  11.8   2.2  -3.6 
1883  -7.9  -6.3  -5.3   4.5   9.6  17.4  19.3  18.7  13.9   8.5   4.0  -2.6 
1884  -8.8  -3.8  -1.7   5.1  11.6  18.8  18.3  19.4  18.0  10.5   1.8  -3.3 
1885  -7.8 -11.5  -7.4   3.7  12.0  16.4  21.2  18.4  15.2   8.5   3.9  -2.2 
1886  -6.5  -6.4  -1.1   7.2  12.6  17.2  19.9  19.5  16.3  10.1   2.3  -6.2 
1887  -7.3  -4.5  -2.3   4.7  16.1  18.8  22.6  19.2  14.5   7.8   2.5  -0.8 
1888  -8.7  -5.4  -3.9   4.2  11.4  17.9  19.2  19.6  14.5   7.3   4.6  -1.1 
1889  -2.0  -7.8   1.9   7.2  12.8  16.5  20.9  19.1  16.8   7.1   5.4   2.9 
1890   0.3  -0.8  -1.5   6.8  11.1  18.8  20.6  19.2  14.9  10.1   4.9  -3.2 
1891  -3.6  -2.0  -1.8   7.5  11.3  17.6  17.9  19.5  18.0  10.1   3.1   2.1 
1892  -5.9  -3.3  -2.2   5.9  11.2  19.1  20.0  20.4  16.1  10.0   2.9  -3.3 
1893  -9.9  -7.2  -0.8   5.5  11.5  19.2  20.9  19.8  15.2  10.3   3.2  -3.3 
1894  -1.3  -6.3   3.5   6.8  12.5  19.0  21.0  19.2  18.1  11.1   2.0   1.2 
1895  -6.5  -9.7  -4.0   7.2  13.4  20.6  20.0  19.2  16.9   7.8   3.5  -0.7 
1896  -4.5  -5.1  -4.8   8.7  16.5  18.7  21.2  20.3  15.3   8.0   5.6  -2.1 
1897  -5.4  -3.8   0.3   6.2  12.1  16.7  23.0  18.5  16.5  12.6   4.3  -1.6 
1898  -3.7  -4.6   3.0   6.9  13.1  19.6  23.4  22.6  20.0  12.2   3.2  -3.2 
1899  -6.7  -8.3  -2.0   7.7  12.0  18.2  21.1  22.4  15.4  12.2   5.9  -1.3 
1900  -4.4  -7.3  -5.1   6.9  13.4  19.3  21.2  23.5  18.3  13.8   4.9   0.4 
1901  -1.7  -5.4  -0.9   5.7   9.6  17.8  23.7  21.3  17.1  11.0   2.5  -4.1 
1902  -6.3  -7.3   2.5   6.6  12.7  16.7  21.0  18.9  16.2  10.3   6.9  -3.5 
1903  -4.8  -4.6   4.5   6.7  14.4  16.1  21.0  18.6  16.4  10.8   1.8  -5.3 
1904  -9.8 -10.6  -1.3   2.8  12.6  18.3  20.0  19.0  16.3   8.0   3.1  -5.4 
1905  -8.1  -9.9  -1.9   4.6  11.4  17.2  20.3  19.4  15.7   9.0   2.9  -0.5 
1906  -0.9  -6.4  -3.4   6.3  11.8  17.8  20.2  22.1  18.0   9.3   3.1  -4.0 
1907  -5.6  -9.0   0.9   2.7   8.3  16.1  19.6  18.2  15.7   6.6   2.5  -2.1 
1908  -4.7  -8.6  -0.9   4.5  13.0  18.2  21.3  19.2  17.2  10.8   3.6  -2.5 
1909  -3.9  -3.9  -1.7   4.9  11.4  17.7  19.1  19.8  15.0   7.2   5.8  -4.1 
1910  -5.0  -8.5   3.6   7.4  10.1  16.8  21.2  19.8  15.5  10.5   1.4  -7.0 
1911  -3.4  -4.7  -2.3   4.7  15.2  18.1  21.2  20.1  16.1   9.0   0.9   0.7 
1912 -12.5 -10.0  -4.5   5.3  12.7  15.8  20.7  17.4  17.2  10.1   4.4  -0.3 
1913  -1.2  -7.2  -0.9   6.8  11.4  17.0  20.8  20.1  15.0  10.2   4.8   0.4 
1914  -4.4 -10.5  -0.9   5.3  14.2  17.5  21.1  20.0  15.7  10.8   3.0  -5.1 
1915  -6.2  -2.5  -1.7   9.3  10.6  16.0  19.6  18.0  17.2  10.0   3.7  -3.7 
1916  -3.0  -8.9  -6.0   5.6  11.4  14.9  23.7  21.5  15.5   8.7   2.0  -4.8 
1917  -7.5  -9.9  -1.0   4.2   8.3  15.3  20.1  18.8  13.8   5.8  -0.1  -8.8 
1918 -12.3  -8.4  -0.8   5.2  13.6  15.3  19.8  20.3  11.9   9.6   4.3  -1.2 
1919  -3.1  -3.6   0.1   5.0  11.7  21.8  21.8  19.2  16.4  10.8   1.7  -6.9 
1920 -99.0 -99.0   0.8   3.6  11.7  17.8  18.3  20.1  16.6  12.1   2.0  -0.8 
1921  -3.0 -99.0   4.2  10.3  14.8  19.4  25.0  20.2  19.9  10.3   2.1  -2.2 
1922  -5.4  -2.9   0.9   7.3  15.1  18.3  21.2  22.3  17.5  10.9   4.8  -2.5 
1923  -4.6  -6.9  -2.0   5.3  11.4  19.0  20.4  19.1  16.6   9.6   3.8   2.0 
1924  -5.2  -6.1  -0.6   5.8   9.5  16.9  19.5  19.3  14.3  10.5   3.7  -4.4 
1925 -99.0 -99.0 -99.0 -99.0 -99.0 -99.0 -99.0 -99.0 -99.0 -99.0 -99.0 -99.0 
1926  -3.8 -99.0 -99.0   4.0 -99.0 -99.0 -99.0 -99.0 -99.0 -99.0 -99.0 -99.0 
1927 -99.0 -99.0 -99.0 -99.0 -99.0 -99.0 -99.0 -99.0 -99.0 -99.0 -99.0 -99.0 
1928 -99.0 -99.0 -99.0   6.6 -99.0 -99.0 -99.0  22.0  15.6  12.3   5.8   0.9 
1929  -4.4  -4.3   4.4   8.4  12.2  18.7  22.2  21.4  18.7  11.6   4.7  -2.0 
1930  -4.3  -1.5   1.2   8.3 -99.0 -99.0 -99.0 -99.0 -99.0 -99.0 -99.0 -99.0 
1931 -99.0 -99.0 -99.0 -99.0  12.2  16.1  21.1  19.6  17.5  12.7   8.6   1.3 
1932   1.3   0.7 -99.0   4.4  12.5  18.0  20.3  20.1  16.4  10.8   2.0  -1.9 
1933   1.0  -3.2  -0.5   6.6  13.9  19.9  23.1  21.6  18.1  11.3   1.9  -2.1 
1934  -2.1 -10.0  -1.9   6.3  14.5  20.1  22.2  19.2  17.8   9.5   4.9  -4.2 
1935  -5.8  -5.2   3.0   5.0   9.7  16.3  22.4  20.3  15.8  10.0   4.3 -99.0 
1936  -8.9  -9.7   1.1   4.2  13.2  18.5  21.8  21.5  17.9  10.1   1.4  -1.0 
1937  -1.4  -2.8  -1.6   5.9  12.7  18.0  20.5  21.3  15.4   9.4   2.8  -4.4 
1938  -6.1  -2.3   1.8   7.3  12.2  16.5  20.7  21.1  14.8  10.6   4.2  -1.7 
1939  -4.5  -3.3  -1.0   4.5  13.6  17.7  20.0  21.0  17.2  10.5   2.7   0.5 
1940  -7.9  -4.7  -3.5   4.2  11.9  17.9  19.7  19.2  14.8   8.4   3.5  -0.8 
1941  -4.2  -5.8  -2.4   8.8  13.9  17.9  21.2  18.4  16.9  11.0   5.1   0.6 
1942  -4.6  -6.2   1.5   9.3  13.5  17.5  19.3  19.2  15.9  10.5   3.8  -4.0 
1943  -6.5  -3.0  -0.7   4.0  11.6  19.4  20.7  20.1  15.2   9.0   3.3  -2.6 
1944  -2.1  -3.6  -1.6   4.3  14.5  18.5  19.8  20.4  16.6  10.6   5.0  -3.9 
1945  -9.0  -3.5   6.5   9.1   9.8  16.1  19.6  19.8  16.8   8.3   4.7  -4.7 
1946  -2.8  -4.1   5.3   6.1  11.9  17.1  19.1  18.2  16.6  11.6   6.0   0.2 
1947  -2.1  -5.6  -1.7   5.7  10.9  16.7  19.6  22.4  18.0  12.7   3.5  -3.5 
1948  -8.0  -4.9   0.2   7.7  11.0  16.9  21.0  20.1  17.2   8.0   6.2  -1.2 
1949  -1.5  -1.5   0.3   6.9  13.5  21.0  23.2  21.9  16.4  12.4   3.1   0.4 
1950  -0.7  -4.8  -2.9   3.7  12.5  17.3  19.4  19.9  15.1  11.2   2.1  -3.4 
1951  -3.9  -3.4   0.9   6.3  13.4  18.0  20.7  19.4  15.8  10.8   0.9  -2.8 
1952  -2.9  -3.2   0.2   8.5  11.8  19.4  22.5  20.4  16.5   7.3   5.3   0.5 
1953  -2.0  -1.5   1.8   5.9  12.4  18.9  20.9  20.8  16.3  10.7   5.1   0.2 
1954  -5.7  -0.7  -0.6   7.3  11.4  19.3  20.1  19.2  16.4  10.9   4.4  -2.1 
1955  -4.5  -3.7   0.3   9.5  14.1  18.3  23.6  22.9  15.8  11.2   2.7  -3.7 
1956  -4.3  -3.3  -1.6   4.9  10.6  17.4  19.9  19.8  14.6  11.0   4.5   0.4 
1957  -7.3  -2.6   1.3   7.1  12.2  19.1  20.4  19.2  15.8   9.1   4.6   0.6 
1958  -4.1  -7.4   1.3   7.8  11.6  16.1  20.0  19.2  16.1  10.3   4.5  -6.4 
1959  -7.2  -5.6  -1.3   6.8  13.8  18.5  21.2  23.1  18.2  10.3   2.2  -0.5 
1960  -3.4  -3.7  -5.1   6.9  13.3  17.6  19.6  20.0  18.2  10.2   5.2  -4.8 
1961  -7.3  -3.1   1.2   4.5  11.2  16.8  20.4  20.6  19.3  12.1   4.5  -2.1 
1962  -6.1  -5.9   0.3   6.9  15.5  18.3  19.6  19.8  14.8  11.0   3.3  -4.7 
1963  -8.0  -8.3   0.7   6.7  11.9  18.1  20.7  18.3  14.0  12.4   6.2  -5.9 
1964  -3.2  -4.0  -0.1   6.3  14.0  17.7  21.7  17.8  15.7   8.6   5.1  -2.0 
1965  -5.7  -4.4  -1.7   4.3  14.1  16.9  18.5  18.8  16.9   8.9   4.4   0.5 
1966  -6.9  -4.0   1.0   5.1   9.7  18.3  21.5  19.7  15.2   8.8   4.2  -2.0 
1967  -1.5  -6.5  -0.5   6.6   9.1  20.0  19.9  19.2  14.9   9.6   2.0  -0.7 
1968  -6.7  -6.7   0.9   8.0  10.9  17.2  20.4  20.7  17.9  11.2   4.2  -3.2 
1969  -4.5  -3.4  -0.7   7.5  12.3  16.8  20.9  21.5  16.7   9.8   4.0  -4.2 
1970  -8.4  -5.0  -1.1   7.5  13.3  18.0  21.1  21.3  16.9  11.0   5.1  -2.3 
1971  -6.6  -3.7  -1.5   4.9  11.5  19.0  20.1  19.6  18.0  13.1   3.5   0.5 
1972  -4.4  -5.7  -2.1   4.5  13.6  16.0  20.2  19.5  17.0   7.7   2.4  -0.6 
1973  -2.9  -5.9   4.4   7.2  11.5  19.2  21.9  21.9  16.7  11.4   4.4  -2.7 
1974  -3.7  -5.9   0.3   7.2  11.3  17.7  20.4  20.9  14.6   8.8   4.1  -0.4 
1975  -1.6  -2.5  -1.0   3.8  15.7  19.3  21.5  20.6  14.6  10.8   7.4  -2.8 
1976  -7.0  -0.9   2.1   7.5  11.9  19.8  20.2  19.4  15.3   7.6   0.9  -5.7 
1977 -10.5  -4.7   2.9   7.6  14.6  17.1  21.3  19.5  17.0   9.2   4.9  -2.9 
1978  -7.7  -9.9  -3.1   5.6  12.9  17.4  20.2  20.7  16.2   9.2   3.7  -1.4 
1979  -6.2  -8.7   2.3   5.6  12.3  17.5  20.6  19.4  16.0   9.5   4.7   0.1 
1980  -4.0  -5.8  -1.0   6.8  13.8  15.8  21.3  22.3  16.8   8.1   2.7  -4.7 
1981  -7.8  -2.1   1.2   7.8  12.2  18.4  21.6  20.7  16.0   8.1   4.1  -1.5 
1982  -7.9  -6.1  -0.4   4.9  14.7  15.9  20.9  18.5  15.1  10.3   5.3   2.1 
1983  -2.6  -2.0   1.9   6.2  10.4  17.9  21.8  21.1  17.1  10.4   4.3  -4.8 
