Number= 716236
Name= GODERICH TOWNSHIP
Country= CANADA
Lat=   43.7
Long=   81.7
Height= 221
Start year= 1866
End year= 1970
First Good year= 1866
Source ID= 10
Source file= Jones
Jones data to= 1970
Normals source= Extrapolated
Normals source start year= 1951
Normals source end year= 1970
Normals=  -6.7  -6.0  -1.0   6.1  11.5  17.2  19.8  19.1  15.7   9.5   3.7  -2.6 
Standard deviations source= Data
Standard deviations source start year= 1941
Standard deviations source end year= 1970
Standard deviations=   2.2   1.8   2.6   2.0   1.8   1.4   1.3   1.3   1.4   1.5   1.5   1.9 
Obs:
1866 -99.0 -99.0 -99.0 -99.0 -99.0 -99.0 -99.0 -99.0 -99.0 -99.0 -99.0  -2.7 
1867  -6.3  -1.0  -3.0   4.9   6.6  18.7  18.4  19.2  14.9  10.2   5.2  -4.0 
1868  -5.8  -8.1   0.0   3.2  10.3  15.3  23.0  19.1  13.8   6.3   3.0  -4.0 
1869  -1.8  -3.8  -5.3   3.6   9.9  13.8  18.4  17.5  16.0   6.1   0.4  -2.0 
1870  -4.2  -6.0  -3.1   7.4  13.5  18.6  19.8  18.8  16.2  10.8   3.7  -2.2 
1871  -4.9  -4.9   1.9   6.8  12.2  16.1  17.5  18.2  11.9  10.0  -0.6  -5.9 
1872  -6.1  -6.4  -7.3   4.5  10.4  17.2  19.5  19.8  15.1   7.2   0.0  -7.4 
1873  -9.6  -8.8  -4.2   3.1  10.7  17.7  19.1  19.6  13.6   7.2  -1.1  -1.0 
1874  -3.6  -4.5  -1.0   0.9  12.2  18.2 -99.0 -99.0 -99.0 -99.0 -99.0 -99.0 
1875  -9.9 -13.0  -5.5   2.4  11.0  16.8  18.5  18.7  14.1   7.3   0.7  -1.0 
1876  -0.4  -3.5  -3.0   4.0  11.1  19.5  20.3  20.9  14.8   7.6   3.9  -6.8 
1877  -7.2  -1.3  -4.8   5.8  12.1  17.2  20.5  19.6  17.4  11.0   3.6   2.4 
1878  -3.2  -2.1   4.1   9.5  11.0  16.0  21.8  20.3  16.6  11.0   3.5  -3.2 
1879  -6.2  -8.1  -1.2   4.3  12.8  16.4  20.9  17.8  13.9  14.4   2.7  -2.7 
1880   1.1  -1.6  -1.7   6.1  15.8  18.3  19.8  18.5  16.0   8.8  -0.6  -5.4 
1881  -9.0  -6.8  -1.9   3.2  14.8  14.7  20.8  20.6  20.0  10.8   4.0   1.7 
1882  -4.6  -0.4  -0.3   4.8  10.4  16.7  19.6  20.5  16.6  12.3   3.1  -3.0 
1883  -8.0  -7.0  -5.7   4.5   9.8  17.5  18.7  18.1  13.9   7.8   4.0  -2.6 
1884  -8.8  -5.0  -2.2   4.8  11.6  20.3  18.2  19.3  17.8  10.4   1.8  -3.3 
1885  -8.1 -12.4  -9.0   4.2  11.7  16.2  20.1  16.6  14.8   8.5   3.7  -2.0 
1886  -6.8  -7.1  -1.8   7.9  10.9  15.8  17.9  18.7  16.3  10.6   2.2  -6.2 
1887  -7.8  -6.3  -5.1   4.4  16.0  18.4  21.8  17.8  13.8   7.5   2.5  -1.7 
1888 -99.0 -99.0 -99.0 -99.0 -99.0 -99.0 -99.0 -99.0 -99.0 -99.0 -99.0 -99.0 
1889 -99.0 -99.0 -99.0 -99.0 -99.0 -99.0 -99.0 -99.0 -99.0 -99.0 -99.0 -99.0 
1890 -99.0 -99.0 -99.0 -99.0 -99.0 -99.0 -99.0 -99.0 -99.0 -99.0 -99.0 -99.0 
1891 -99.0 -99.0 -99.0 -99.0 -99.0 -99.0 -99.0 -99.0 -99.0 -99.0 -99.0 -99.0 
1892 -99.0 -99.0 -99.0 -99.0 -99.0 -99.0 -99.0 -99.0 -99.0 -99.0 -99.0 -99.0 
1893 -99.0 -99.0 -99.0 -99.0 -99.0 -99.0 -99.0 -99.0 -99.0 -99.0 -99.0 -99.0 
1894 -99.0 -99.0 -99.0 -99.0 -99.0 -99.0 -99.0 -99.0 -99.0 -99.0 -99.0 -99.0 
1895 -99.0 -99.0 -99.0 -99.0 -99.0 -99.0 -99.0 -99.0 -99.0 -99.0 -99.0 -99.0 
1896 -99.0 -99.0 -99.0 -99.0 -99.0 -99.0 -99.0 -99.0 -99.0 -99.0 -99.0 -99.0 
1897 -99.0 -99.0 -99.0 -99.0 -99.0 -99.0 -99.0 -99.0 -99.0 -99.0 -99.0 -99.0 
1898 -99.0 -99.0 -99.0 -99.0 -99.0 -99.0 -99.0 -99.0 -99.0 -99.0 -99.0 -99.0 
1899 -99.0 -99.0 -99.0 -99.0 -99.0 -99.0 -99.0 -99.0 -99.0 -99.0 -99.0 -99.0 
1900 -99.0 -99.0 -99.0 -99.0 -99.0 -99.0 -99.0 -99.0 -99.0 -99.0 -99.0 -99.0 
1901 -99.0 -99.0 -99.0 -99.0 -99.0 -99.0 -99.0 -99.0 -99.0 -99.0 -99.0 -99.0 
1902 -99.0 -99.0 -99.0 -99.0 -99.0 -99.0 -99.0 -99.0 -99.0 -99.0 -99.0 -99.0 
1903 -99.0 -99.0 -99.0 -99.0 -99.0 -99.0 -99.0 -99.0 -99.0 -99.0 -99.0 -99.0 
1904 -99.0 -99.0 -99.0 -99.0 -99.0 -99.0 -99.0 -99.0 -99.0 -99.0 -99.0 -99.0 
1905 -99.0 -99.0 -99.0 -99.0 -99.0 -99.0 -99.0 -99.0 -99.0 -99.0 -99.0 -99.0 
1906 -99.0 -99.0 -99.0 -99.0 -99.0 -99.0 -99.0 -99.0 -99.0 -99.0 -99.0 -99.0 
1907 -99.0 -99.0 -99.0 -99.0 -99.0 -99.0 -99.0 -99.0 -99.0 -99.0 -99.0 -99.0 
1908 -99.0 -99.0 -99.0 -99.0 -99.0 -99.0 -99.0 -99.0 -99.0 -99.0 -99.0 -99.0 
1909 -99.0 -99.0 -99.0 -99.0 -99.0 -99.0 -99.0 -99.0 -99.0 -99.0 -99.0 -99.0 
1910 -99.0 -99.0 -99.0 -99.0 -99.0 -99.0 -99.0 -99.0 -99.0 -99.0 -99.0 -99.0 
1911 -99.0 -99.0 -99.0 -99.0 -99.0 -99.0 -99.0 -99.0 -99.0 -99.0 -99.0 -99.0 
1912 -99.0 -99.0  -7.1   4.9  12.3  15.7  19.6  16.5  16.4  10.0   3.6  -1.6 
1913  -2.8  -7.5  -1.6   5.8  10.9  16.6  19.7  19.5  15.3  10.4   4.3   0.1 
1914  -4.0 -10.6  -2.7   4.4  12.8  16.2  19.2  19.0  15.2  11.3   2.3  -4.3 
1915  -6.3  -3.7  -3.0   8.5   9.5  15.4  18.7  17.1  15.9   9.9   4.1  -3.7 
1916  -2.5  -8.6  -6.1   5.3  10.9  15.0  22.9  21.1  16.0   9.0   2.7  -3.3 
1917 -99.0 -10.5 -99.0   3.7   7.4  15.1  19.5  18.2  13.9   5.9  -0.1  -7.2 
1918 -12.6  -8.7  -0.6   5.3  13.1  15.3  18.4  20.7  11.7  10.0   4.7  -0.3 
1919  -2.7  -3.8  -0.2   4.9  10.8  21.8  20.9 -99.0  15.7  10.8   2.5 -99.0 
1920 -99.0 -10.1  -1.5   3.6  10.7  17.6 -99.0 -99.0 -99.0  12.6 -99.0  -0.8 
1921 -99.0  -4.3 -99.0  10.3  13.5 -99.0  24.2 -99.0  18.5   9.7   2.1  -2.5 
1922  -6.6  -4.6  -0.4   5.8  14.9  17.4  19.1  18.1  15.7   9.5   4.2  -3.0 
1923  -5.6  -9.4  -4.6   2.9  10.4  18.8  19.6  18.0  15.6   8.4   2.8   1.5 
1924  -6.8  -7.6  -2.1   4.6   8.8  16.4  18.1  17.8  13.2  10.2   3.1  -5.2 
1925  -8.1  -4.6  -0.9   6.2   9.3 -99.0 -99.0  19.5  15.8   5.5   1.6  -3.8 
1926  -5.3  -6.2  -5.7   0.6   9.8  14.6  18.9  19.0  14.9   8.0   2.1  -5.2 
1927  -7.1  -3.5   0.8   5.7  10.9  14.6  19.2  16.8  17.2  11.4   4.4  -2.7 
1928  -5.1  -6.1  -2.6   3.8  10.3  16.0  20.1  20.2  14.0  10.6   3.8  -0.5 
1929  -6.3  -8.2   1.2   6.7  10.0  15.8  19.3  17.8  17.2   8.4   2.5  -4.4 
1930  -6.5  -3.4  -1.8   5.2  13.3  18.4  19.3  19.1  17.4   8.2   4.2  -2.8 
1931  -3.5  -2.5   0.0   6.3  12.1  17.4  22.0  19.8  17.9  11.2   7.4   0.4 
1932   0.9  -1.5  -2.7   3.8  12.5  17.5  18.9  19.5  15.2  10.1   1.0  -2.0 
1933   0.0  -4.5  -1.7   6.7  12.4  19.1  21.4  19.5  17.4   9.4   0.4  -3.4 
1934  -3.2 -13.4  -4.4   4.3  12.8  18.7  20.1  17.1  17.1   9.0   5.4  -3.6 
1935  -5.7  -5.9   2.1   5.1   8.9  16.5  22.2  19.8  13.9   9.3   4.2  -4.7 
1936  -6.0 -10.7   0.7   2.8  13.1  15.7  20.0  19.4  15.7   8.5   0.3  -1.6 
1937  -2.8  -4.0  -3.6   4.6  11.5  16.2  20.3  20.5  13.9   7.3   2.5  -3.6 
1938  -6.0  -3.3   2.0   6.1  11.6  16.7  20.3  20.9  13.1   9.9   4.1  -2.2 
1939  -4.9  -5.2  -3.0   3.7  12.3  17.4  19.8  20.0  15.0   9.0   1.4  -1.3 
1940  -8.7  -5.3  -4.7   2.9  10.6  16.1  18.9  18.5  14.2   7.7   2.3  -2.8 
1941  -5.8  -6.7  -5.1   7.9  12.2  17.7  20.0  17.3  16.2  10.0   4.1  -0.7 
1942  -6.0  -7.0   0.6   7.6  11.7  16.7  18.6  18.5  13.3   8.4   2.2  -5.3 
1943  -8.3  -5.7  -3.4   1.3  10.1  17.9  18.8  18.3  13.3   6.8   1.6  -4.2 
1944  -3.2  -5.1  -3.4   2.8  13.9  17.5  18.6  19.4  15.1   8.3   3.1  -4.9 
1945 -10.1  -5.5   4.5   7.0   8.0  14.3  18.5  17.6  14.6   7.6   3.3  -5.6 
1946  -4.9  -6.7   4.6   4.3  10.1  17.6  18.4  16.5  15.5  10.9   4.5  -2.7 
1947  -4.4  -8.1  -4.2   2.9   8.4  15.5  17.9  21.1  15.3  12.0   1.1  -4.5 
1948  -9.0  -8.0  -2.9   6.8   8.9  14.7  19.1  18.7  15.6   7.5   5.1  -2.7 
1949  -3.4  -4.5  -2.3   4.1  11.6  19.0  20.4  18.9  12.7  10.6   0.2  -2.8 
1950  -2.9  -6.8  -5.2   0.7  10.1  15.9  18.8  18.0  14.1  11.2   1.8  -3.5 
1951  -5.0  -4.5   0.3   6.0  12.6  16.7  19.7  17.4  14.7  10.5  -0.3  -2.5 
1952  -3.2  -3.7  -1.3   7.0  10.3  18.0  21.9  18.7  16.0   6.6   4.8  -0.1 
1953  -2.8  -2.3   0.4   4.5  11.4  17.1  19.6  19.9  16.2  10.4 -99.0  -0.4 
1954  -6.5  -1.6 -99.0   6.6   9.5  18.3  17.5  17.6  14.8   9.9   3.9  -3.4 
1955  -4.8  -5.0  -1.4   8.7  12.7  17.0  22.2  21.9  15.8  10.6   2.0  -4.6 
1956  -5.4  -4.3  -3.0   3.9   9.4  16.9  18.7  18.5  12.9  10.9   4.1  -1.3 
1957  -8.5  -3.7  -0.9   7.5  10.3  17.7  18.7 -99.0  14.8   8.1   3.4  -0.6 
1958 -99.0  -8.5 -99.0   6.9   9.9  13.7  19.2  17.7  14.6   8.9   3.7  -7.6 
1959  -8.3  -7.4  -3.2   5.4  12.8  16.7  19.7  21.5  17.0   8.5   0.3  -1.7 
1960  -5.0  -5.0  -6.8 -99.0  11.0  15.5  17.5  18.2  15.8   9.0   4.0 -99.0 
1961  -8.9  -4.6  -0.4   4.2  10.2  16.9  20.2  19.5  18.8  11.6   4.2 -99.0 
1962 -99.0  -7.7  -0.5   6.2  15.4  17.7  18.8  19.6 -99.0  10.8   3.3 -99.0 
1963 -99.0 -99.0 -99.0 -99.0 -99.0 -99.0 -99.0 -99.0 -99.0 -99.0 -99.0  -5.2 
1964 -99.0  -3.8   0.5   7.1 -99.0  17.7  21.6  17.8  15.4   8.5   5.5  -2.8 
1965  -6.1  -5.5  -2.7   3.0  13.3  16.5  17.7  18.6  16.7   8.8   3.9  -0.2 
1966  -6.9  -4.0   0.7   4.7   8.6  18.4  21.6  19.4  15.3   8.9   4.4  -2.5 
1967  -2.4  -7.7  -1.5   6.0   8.7  20.3  18.5  17.6  14.3   9.8   1.7  -0.9 
1968  -7.0  -7.5   0.7   7.9  10.3  16.9  19.4  19.6  17.8  11.4   3.7  -3.8 
1969  -4.5  -4.7  -1.7   6.7  11.3  15.5  20.2  20.8  17.0   9.3   3.6  -4.0 
1970  -8.4  -6.7  -3.4   6.9  13.3  18.0  20.5  20.1  16.4  12.0   4.5  -3.0 
