Number= 716243
Name= BARRIE
Country= CANADA
Lat=   44.4
Long=   79.7
Height= 229
Start year= 1866
End year= 2001
First Good year= 1866
Source ID= 10
Source file= Jones
Jones data to= 1958
Normals= -99.0 -99.0 -99.0 -99.0 -99.0 -99.0 -99.0 -99.0 -99.0 -99.0 -99.0 -99.0 
Obs:
1866 -99.0  -7.1  -3.7   6.9   9.1  17.2  22.1  15.8  13.0  10.4   3.2  -4.5 
1867  -9.7  -3.5  -3.3   3.4   7.5  18.6  19.7  19.7  14.7  10.0   1.7  -7.9 
1868  -9.6 -11.8  -1.1   1.9  11.1  17.4  24.5  19.2  13.0 -99.0   1.6  -6.8 
1869  -2.7  -5.2  -4.3   4.7  11.6  14.6  19.6  18.9  17.1   6.0  -0.3  -3.0 
1870  -6.7  -7.7  -4.4 -99.0 -99.0 -99.0 -99.0 -99.0 -99.0 -99.0 -99.0  -4.2 
1871  -7.6  -7.1   0.9   6.8  13.3  18.0  19.8  20.4  13.6  10.1  -1.5  -8.9 
1872  -7.0  -6.7  -8.7   3.6  11.8  18.8  20.1  20.5  15.7   7.8  -0.5 -10.2 
1873 -10.2  -8.7  -4.4   2.9  10.8  18.5  19.8  18.8  13.6   7.1  -3.6  -2.8 
1874  -6.9  -8.7  -4.0 -99.0 -99.0 -99.0 -99.0 -99.0 -99.0 -99.0 -99.0 -99.0 
1875 -99.0 -99.0 -99.0 -99.0 -99.0 -99.0 -99.0 -99.0 -99.0 -99.0 -99.0 -99.0 
1876 -99.0 -99.0 -99.0 -99.0 -99.0 -99.0 -99.0 -99.0 -99.0 -99.0 -99.0 -99.0 
1877  -9.7  -3.5  -5.0   4.9  11.5  16.8  20.3  20.3  16.4   9.7   1.8  -0.4 
1878  -7.4  -4.9   2.0   9.4  10.9  16.0  21.4  19.1  15.2   9.1   0.9  -5.9 
1879  -9.8 -12.0  -4.8   2.4  11.7  15.5  19.7  17.5  13.0  12.8   0.2  -5.6 
1880  -1.9  -4.9  -4.1   4.2  14.6  17.3  19.1  18.3  14.8   7.3  -1.9  -8.3 
1881 -12.8  -9.6  -2.4   2.8  14.9  14.8  20.9  20.8  19.2   8.9   1.9   0.1 
1882  -8.4  -2.8  -2.5   3.3   9.3  15.9  19.2  19.5  16.3  11.0   1.0  -5.2 
1883 -11.4  -9.3  -7.7   2.5   9.2  17.2  18.4  17.8  12.8   6.8   2.1  -5.2 
1884 -11.6  -6.7  -4.0   3.4  10.6  18.9  17.5  18.0  16.4   9.1   1.1  -5.7 
1885 -10.3 -14.1 -10.8   2.1  11.2  15.6  19.6  16.5  13.7   7.7   2.9  -4.5 
1886 -10.2 -10.4  -2.9   6.4  11.8  17.0  19.7  19.3  15.2   9.3   0.5  -8.2 
1887 -11.2  -9.2  -7.4   3.4  15.2  18.6  23.6  18.8  13.7   7.2   0.8  -3.7 
1888 -99.0 -99.0 -99.0 -99.0 -99.0 -99.0 -99.0 -99.0 -99.0 -99.0 -99.0 -99.0 
1889 -99.0 -99.0 -99.0 -99.0 -99.0 -99.0 -99.0 -99.0 -99.0 -99.0 -99.0 -99.0 
1890 -99.0 -99.0 -99.0 -99.0 -99.0 -99.0 -99.0 -99.0 -99.0 -99.0 -99.0 -99.0 
1891 -99.0 -99.0 -99.0 -99.0 -99.0 -99.0 -99.0 -99.0 -99.0 -99.0 -99.0 -99.0 
1892 -99.0 -99.0 -99.0 -99.0 -99.0 -99.0 -99.0 -99.0 -99.0 -99.0 -99.0 -99.0 
1893 -99.0 -10.4  -4.2   3.1  10.6  19.2  18.8  19.1  13.7   9.6   2.0  -7.4 
1894  -5.0  -8.7   1.2   6.9  10.9  18.6  20.2  17.9  16.8   9.9  -0.7  -2.4 
1895  -8.7 -10.5  -7.4   5.4  13.1  18.8  17.8  17.9  15.6   5.5   1.6  -3.1 
1896  -8.8  -8.0  -7.5   7.8  15.0  17.5  20.0  19.3  13.6   6.9   3.5  -4.3 
1897  -7.2  -7.0  -2.9   5.4  10.5  14.6  21.6  17.5  16.0  10.4   1.4  -4.6 
1898  -7.2  -6.3   1.8   5.2  12.3 -99.0  21.0  19.9  17.2   9.6   1.3  -6.1 
1899  -8.3 -10.1  -4.8   6.1  12.3  17.5  19.0  20.6  12.9   9.5   3.3  -4.1 
1900  -5.9  -8.7  -7.1   5.9  12.5  17.6  20.0  22.0  17.1  13.3   1.8  -4.2 
1901  -7.8 -10.8  -4.1   6.7  12.4  18.5 -99.0 -99.0 -99.0 -99.0 -99.0 -99.0 
1902 -99.0 -99.0 -99.0 -99.0 -99.0 -99.0  19.8 -99.0 -99.0 -99.0 -99.0 -99.0 
1903 -99.0 -99.0 -99.0 -99.0 -99.0 -99.0 -99.0 -99.0 -99.0 -99.0 -99.0 -99.0 
1904 -99.0 -99.0 -99.0 -99.0 -99.0 -99.0 -99.0 -99.0 -99.0 -99.0 -99.0 -99.0 
1905 -99.0 -99.0 -99.0 -99.0 -99.0 -99.0 -99.0 -99.0 -99.0 -99.0 -99.0 -99.0 
1906 -99.0 -99.0 -99.0 -99.0 -99.0 -99.0 -99.0 -99.0 -99.0 -99.0 -99.0 -99.0 
1907  -8.6 -11.4  -1.4   1.5   7.9  17.3 -99.0 -99.0 -99.0 -99.0 -99.0 -99.0 
1908 -99.0 -99.0 -99.0 -99.0 -99.0 -99.0  20.4  18.2  17.9   9.6   3.0  -4.5 
1909  -6.5  -5.7  -4.3   2.6  10.3  17.4  18.6  19.0  13.3   6.4   2.8  -5.6 
1910  -6.6  -9.1   0.8   6.9  10.0  16.7  20.3  18.4  13.5   8.6  -0.3  -9.3 
1911  -7.5  -7.8  -4.5   4.4  15.0  17.3  20.8  19.5  13.9   7.7  -0.1  -2.0 
1912 -14.0 -10.3  -7.4   3.4  12.2  15.4  19.4  16.2  15.5   9.1   2.1  -2.4 
1913  -4.2 -10.2  -2.5   6.3  10.4  17.0  19.7  19.3  14.1   9.2   4.2  -1.2 
1914  -6.9 -12.7  -3.8   3.8  13.4  16.4  19.9  18.6  14.4  10.2   1.1  -5.6 
1915  -7.8  -6.8  -4.7   8.5   9.8  15.5  19.4  17.8  16.0   9.7   3.5  -5.2 
1916  -3.6  -9.7  -6.5   5.7  11.0  15.0  24.2  21.8  15.6   9.0   1.7  -5.0 
1917  -8.3 -11.9  -2.5   3.6   8.5  15.3  20.4  18.8  14.5   6.0  -0.2 -99.0 
1918 -99.0 -99.0 -99.0 -99.0 -99.0 -99.0 -99.0 -99.0  11.8   9.8   4.2  -3.0 
1919  -4.4  -5.5  -2.1   3.8  11.2  20.9  20.5  18.0  15.7   9.7   0.3  -8.8 
1920 -14.8 -10.2  -1.7   2.9  10.9  17.2  17.3  19.0  15.6  11.6   0.8  -3.0 
1921  -5.8  -5.0   2.0   8.6  13.3  17.7  23.5  18.1  17.3   8.2   0.3  -4.8 
1922 -99.0 -99.0 -99.0 -99.0 -99.0 -99.0 -99.0 -99.0 -99.0 -99.0 -99.0 -99.0 
1923 -99.0 -99.0 -99.0 -99.0 -99.0 -99.0 -99.0 -99.0  14.6   7.9   1.6  -0.4 
1924  -8.0 -10.5 -99.0 -99.0 -99.0 -99.0 -99.0 -99.0 -99.0 -99.0 -99.0 -99.0 
1925 -99.0 -99.0 -99.0 -99.0 -99.0 -99.0 -99.0 -99.0 -99.0 -99.0 -99.0 -99.0 
1926 -99.0 -99.0 -99.0 -99.0 -99.0 -99.0 -99.0 -99.0 -99.0 -99.0 -99.0 -99.0 
1927  -9.8  -6.2  -1.1   4.6   9.8 -99.0 -99.0 -99.0 -99.0 -99.0 -99.0 -99.0 
1928 -99.0 -99.0 -99.0 -99.0 -99.0 -99.0 -99.0 -99.0 -99.0 -99.0   1.4  -2.2 
1929  -8.5  -9.9   0.1 -99.0 -99.0 -99.0 -99.0 -99.0 -99.0 -99.0 -99.0 -99.0 
1930  -8.0  -6.4 -99.0 -99.0 -99.0 -99.0 -99.0 -99.0 -99.0 -99.0 -99.0 -99.0 
1931  -7.9  -6.1  -2.3   4.8  12.0  16.8  21.1  18.9  17.2  10.2   5.8  -2.4 
1932  -1.3  -5.1  -4.7   2.3  11.3  17.2  18.0  19.1  14.1   9.0  -0.6  -3.7 
1933  -2.5  -6.8  -2.8   5.8  12.6  18.1  20.8  18.9  15.8   7.3  -3.0  -8.3 
1934  -7.3 -15.8  -4.9   3.6  12.9  18.2  19.8  16.6  16.1   7.3   3.7  -7.4 
1935 -10.3  -8.6  -0.8   4.9   9.0  16.1  21.4  18.8  12.7   8.3   2.1  -8.5 
1936  -9.3 -11.5  -1.9   1.9  13.0  16.2  20.6 -99.0 -99.0 -99.0 -99.0 -99.0 
1937 -99.0 -99.0 -99.0 -99.0 -99.0 -99.0 -99.0 -99.0 -99.0 -99.0 -99.0 -99.0 
1938 -99.0 -99.0 -99.0 -99.0 -99.0 -99.0 -99.0 -99.0 -99.0 -99.0 -99.0 -99.0 
1939 -99.0 -99.0 -99.0 -99.0 -99.0 -99.0 -99.0 -99.0 -99.0 -99.0 -99.0 -99.0 
1940 -99.0 -99.0 -99.0 -99.0 -99.0 -99.0 -99.0 -99.0 -99.0 -99.0 -99.0 -99.0 
1941 -99.0 -99.0 -99.0 -99.0 -99.0 -99.0 -99.0 -99.0 -99.0 -99.0 -99.0 -99.0 
1942 -99.0 -99.0 -99.0 -99.0 -99.0 -99.0 -99.0 -99.0 -99.0 -99.0 -99.0 -99.0 
1943 -99.0 -99.0 -99.0 -99.0 -99.0 -99.0 -99.0 -99.0 -99.0 -99.0 -99.0 -99.0 
1944 -99.0 -99.0 -99.0 -99.0 -99.0 -99.0 -99.0 -99.0 -99.0 -99.0 -99.0 -99.0 
1945 -99.0 -99.0 -99.0 -99.0 -99.0 -99.0 -99.0 -99.0 -99.0 -99.0 -99.0 -99.0 
1946 -99.0 -99.0 -99.0 -99.0 -99.0 -99.0 -99.0 -99.0 -99.0 -99.0 -99.0 -99.0 
1947 -99.0 -99.0 -99.0 -99.0 -99.0 -99.0 -99.0 -99.0 -99.0 -99.0 -99.0 -99.0 
1948 -99.0 -99.0 -99.0 -99.0 -99.0 -99.0 -99.0 -99.0 -99.0 -99.0 -99.0 -99.0 
1949 -99.0 -99.0 -99.0 -99.0 -99.0 -99.0 -99.0 -99.0 -99.0 -99.0 -99.0 -99.0 
1950 -99.0 -99.0 -99.0 -99.0 -99.0  16.1  18.0  17.7 -99.0 -99.0   1.1  -6.9 
1951  -8.3  -7.2  -2.4 -99.0  11.2  15.6  18.1  15.8 -99.0 -99.0  -0.3 -99.0 
1952 -99.0 -99.0 -99.0 -99.0 -99.0  17.7  20.8  18.1  15.3   7.0   4.3 -99.0 
1953  -4.9  -4.0  -0.1   5.4 -99.0 -99.0 -99.0 -99.0  13.9   9.1 -99.0  -2.3 
1954 -10.5 -99.0  -2.6   6.0  10.3  19.6  19.9  18.7  15.3  10.1   3.7  -5.2 
1955  -7.5  -7.2  -3.2   8.0  12.5  16.9  21.7  20.4  12.5   9.1   0.5  -8.5 
1956  -8.7  -7.0  -5.4   3.1   8.9  16.5  17.4  18.2  11.7   9.7   2.5  -3.1 
1957 -10.5  -5.4  -1.3   6.3  10.7  17.5  18.8  17.4  13.8   7.2   3.0  -2.6 
1958  -8.0 -11.0  -0.8   6.3  10.7  14.0 -99.0 -99.0 -99.0 -99.0 -99.0 -99.0 
1959 -99.0 -99.0 -99.0 -99.0 -99.0 -99.0 -99.0 -99.0 -99.0 -99.0 -99.0 -99.0 
1960 -99.0 -99.0 -99.0 -99.0 -99.0 -99.0 -99.0 -99.0 -99.0 -99.0 -99.0 -99.0 
1961 -99.0 -99.0 -99.0 -99.0 -99.0 -99.0 -99.0 -99.0 -99.0 -99.0 -99.0 -99.0 
1962 -99.0 -99.0 -99.0 -99.0 -99.0 -99.0 -99.0 -99.0 -99.0 -99.0 -99.0 -99.0 
1963 -99.0 -99.0 -99.0 -99.0 -99.0 -99.0 -99.0 -99.0 -99.0 -99.0 -99.0 -99.0 
1964 -99.0 -99.0 -99.0 -99.0 -99.0 -99.0 -99.0 -99.0 -99.0 -99.0 -99.0 -99.0 
1965 -99.0 -99.0 -99.0 -99.0 -99.0 -99.0 -99.0 -99.0 -99.0 -99.0 -99.0 -99.0 
1966 -99.0 -99.0 -99.0 -99.0 -99.0 -99.0 -99.0 -99.0 -99.0 -99.0 -99.0 -99.0 
1967 -99.0 -99.0 -99.0 -99.0 -99.0 -99.0 -99.0 -99.0 -99.0 -99.0 -99.0 -99.0 
1968 -99.0 -99.0 -99.0 -99.0 -99.0 -99.0 -99.0 -99.0 -99.0 -99.0 -99.0 -99.0 
1969 -99.0 -99.0 -99.0 -99.0 -99.0 -99.0 -99.0 -99.0 -99.0 -99.0 -99.0 -99.0 
1970 -99.0 -99.0 -99.0 -99.0 -99.0 -99.0 -99.0 -99.0 -99.0 -99.0 -99.0 -99.0 
1971 -99.0 -99.0 -99.0 -99.0 -99.0 -99.0 -99.0 -99.0 -99.0 -99.0 -99.0 -99.0 
1972 -99.0 -99.0 -99.0 -99.0 -99.0 -99.0 -99.0 -99.0 -99.0 -99.0 -99.0 -99.0 
1973 -99.0 -99.0 -99.0 -99.0 -99.0 -99.0 -99.0 -99.0 -99.0 -99.0 -99.0 -99.0 
1974 -99.0 -99.0 -99.0 -99.0 -99.0 -99.0 -99.0 -99.0 -99.0 -99.0 -99.0 -99.0 
1975 -99.0 -99.0 -99.0 -99.0 -99.0 -99.0 -99.0 -99.0 -99.0 -99.0 -99.0 -99.0 
1976 -99.0 -99.0 -99.0 -99.0 -99.0 -99.0 -99.0 -99.0 -99.0 -99.0 -99.0 -99.0 
1977 -99.0 -99.0 -99.0 -99.0 -99.0 -99.0 -99.0 -99.0 -99.0 -99.0 -99.0 -99.0 
1978 -99.0 -99.0 -99.0 -99.0 -99.0 -99.0 -99.0 -99.0 -99.0 -99.0 -99.0 -99.0 
1979 -99.0 -99.0 -99.0 -99.0 -99.0 -99.0 -99.0 -99.0 -99.0 -99.0 -99.0 -99.0 
1980 -99.0 -99.0 -99.0 -99.0 -99.0 -99.0 -99.0 -99.0 -99.0 -99.0 -99.0 -99.0 
1981 -99.0 -99.0 -99.0 -99.0 -99.0 -99.0 -99.0 -99.0 -99.0 -99.0 -99.0 -99.0 
1982 -99.0 -99.0 -99.0 -99.0 -99.0 -99.0 -99.0 -99.0 -99.0 -99.0 -99.0 -99.0 
1983 -99.0 -99.0 -99.0 -99.0 -99.0 -99.0 -99.0 -99.0 -99.0 -99.0 -99.0 -99.0 
1984 -99.0 -99.0 -99.0 -99.0 -99.0 -99.0 -99.0 -99.0 -99.0 -99.0 -99.0 -99.0 
1985 -99.0 -99.0 -99.0 -99.0 -99.0 -99.0 -99.0 -99.0 -99.0 -99.0 -99.0 -99.0 
1986 -99.0 -99.0 -99.0 -99.0 -99.0 -99.0 -99.0 -99.0 -99.0 -99.0 -99.0 -99.0 
1987 -99.0 -99.0 -99.0 -99.0 -99.0 -99.0 -99.0 -99.0 -99.0 -99.0 -99.0 -99.0 
1988 -99.0 -99.0 -99.0 -99.0 -99.0 -99.0 -99.0 -99.0 -99.0 -99.0 -99.0 -99.0 
1989 -99.0 -99.0 -99.0 -99.0 -99.0 -99.0 -99.0 -99.0 -99.0 -99.0 -99.0 -99.0 
1990 -99.0 -99.0 -99.0 -99.0 -99.0 -99.0 -99.0 -99.0 -99.0 -99.0 -99.0 -99.0 
1991  -5.7  -2.4   1.7   8.7  16.3  20.0  22.7  21.1  14.9  10.4   2.5  -2.4 
1992  -4.2  -3.9  -1.2   5.6  12.3  16.4  18.0  17.9  14.7   7.4   2.8  -1.7 
1993  -4.0  -8.4  -2.1   6.2  12.1  17.0  21.6  21.1  13.6   7.9   3.1  -2.5 
1994  12.4  -8.2  -0.9   7.2  11.8  19.1  21.7  18.7  15.9  10.0   5.9  -0.4 
1995  -3.1  -7.2   1.9   4.6  13.3  20.0  21.9  21.8  14.0  11.0   1.0  -5.1 
1996  -6.8  -5.8  -2.8   4.4  11.8  18.6  19.6  20.8  16.5   9.2   0.9  -0.4 
1997  -6.5  -3.2  -1.4   5.7   9.7  19.7  20.9  19.0  15.3   9.5   2.1  -0.9 
1998  -2.2  -0.3   2.1   8.6  17.0  18.9  21.3  21.7  18.3  10.8   4.9   0.7 
1999 -99.0  -1.6   0.3   8.1  15.5  20.6  24.3  20.3  17.9   9.4   5.8  -0.7 
2000  -5.8  -3.1   4.4   6.7  14.3  18.2  20.1  20.6  15.9  11.2   3.6 -99.0 
2001  -4.1  -3.0  -0.3   8.3  14.8  19.7  21.0  23.2  16.7 -99.0 -99.0 -99.0 
