Number= 716303
Name= GRAVENHURST
Country= CANADA
Lat=   44.9
Long=   79.4
Height= 248
Start year= 1878
End year= 1921
First Good year= 1878
Source ID= 10
Source file= Jones
Jones data to= 1921
Normals= -99.0 -99.0 -99.0 -99.0 -99.0 -99.0 -99.0 -99.0 -99.0 -99.0 -99.0 -99.0 
Obs:
1878  -8.1  -5.5   1.6   9.0  10.4  15.4  21.7  19.1  14.8   8.9   0.8  -6.8 
1879 -11.6 -10.9  -5.6   2.2  12.0  16.0  19.5  17.3  12.3  12.7  -0.3  -7.3 
1880  -2.9  -6.1  -5.0   3.4  14.5  17.3  18.7  17.6  14.3   6.4  -3.0  -8.9 
1881 -12.7  -9.6  -2.5   2.1  14.7  14.6  20.4  20.0  18.3   7.7   0.2  -1.8 
1882  -8.8  -4.5  -3.3   2.4   8.9  15.4  18.6  20.0  14.6   9.9   0.2  -7.0 
1883 -11.6 -10.3  -8.9   1.5   8.6  16.9  17.9  17.3  12.3   5.8   1.4  -6.1 
1884 -13.3  -8.1  -4.8   3.8  11.1  19.0  17.8  18.2  16.0   8.5   0.2  -7.3 
1885 -11.4 -14.9 -12.3   1.0  11.0  15.6  19.7  15.9  12.7   7.1   2.0  -5.7 
1886 -10.8 -10.8  -3.5   6.2  11.1  16.1  18.5  17.9  13.9   8.4   0.3  -8.9 
1887 -12.4  -9.6  -7.6   2.1  15.9  18.2  22.2  17.6  12.6   7.3   1.2  -4.6 
1888 -14.0  -9.3  -7.5   1.7  10.5  18.3  18.5  17.6  13.0   4.4   1.0  -3.9 
1889  -5.5 -12.6  -2.1   5.2  12.4  14.8  19.7  17.2  16.0   5.0   2.2  -1.8 
1890  -5.0  -6.1  -4.5   4.6   9.5  18.7  19.5  17.7  14.3   8.6   0.9  -9.6 
1891  -7.8  -6.8  -4.9   4.2  10.5  17.9  17.6  17.3  16.8   9.1   2.6  -0.8 
1892 -10.3  -7.5  -5.5   3.3  10.7  17.8  19.3  19.9  15.1   8.0  -0.5  -7.7 
1893 -14.5 -11.5  -4.6   2.5  10.0  19.6  19.2  18.6  12.7   8.9   1.4  -8.9 
1894  -6.9 -10.3   0.5   6.4  11.2  18.1  20.3  17.3  16.0   9.6  -1.6  -3.7 
1895  -9.4 -11.0  -7.9   4.9  13.2  19.5  18.3  18.2  15.3   4.9   0.7  -3.8 
1896 -11.2  -9.1  -8.6   6.9  14.4  17.7  19.7  19.0  13.0   6.5   2.7  -6.2 
1897  -8.2  -7.5  -3.9   4.4  11.1  14.9  22.0  17.4  15.0   9.5   0.1  -6.1 
1898  -8.5  -6.7   0.8   4.7  12.9  18.4  21.4  19.1  15.7   8.5   1.2  -6.5 
1899  -9.6 -11.6  -5.8   5.6  12.1  16.9  18.2  19.4  12.4   8.6   2.1  -5.0 
1900  -7.5  -9.9  -8.5   5.9  11.9  17.1  19.0  20.9  16.3  12.2   1.1  -5.9 
1901  -9.4 -13.0  -4.5   7.2  12.8  19.1  21.3  19.4  14.9   8.4  -1.4  -6.0 
1902  -8.8  -8.8   1.3   6.0  10.7  14.3  19.6  16.8  14.7   6.8   3.8  -7.9 
1903  -8.9  -7.6   2.1   5.9  12.8  15.4  19.0  16.2  14.4   8.6  -0.3 -10.1 
1904 -14.0 -15.3  -4.9   1.9  12.6  16.9  18.7  16.7  12.8   6.2  -0.1 -10.3 
1905 -13.0 -13.4  -4.8   3.3  10.2  16.9  20.0  17.6  15.2   7.8  -0.6  -4.0 
1906  -5.0  -9.7  -6.4   4.6  10.7  17.4  19.3  20.1  16.4   8.0   0.6  -8.9 
1907 -10.6 -13.7  -2.7   1.4   7.5  16.9  18.3  16.6  14.1   5.0  -0.1  -5.0 
1908 -10.5 -12.2  -4.7   2.4  12.2  17.2  19.6  17.1  15.8   8.5   2.5  -7.0 
1909  -7.6  -8.3  -5.6   1.2   9.6  16.6  17.9  17.9  12.6   5.7   2.2  -5.8 
1910  -7.7 -10.8  -0.3   7.2   9.3  15.6  19.0  17.3  11.9   7.6  -0.7 -10.9 
1911  -9.3  -8.8  -6.6   2.8  14.0  16.8  20.0  18.6  13.0   6.9  -1.1  -3.4 
1912 -16.9 -12.4  -8.8   2.3  11.3  14.0  18.8  15.2  14.2   8.0   0.9  -3.9 
1913  -5.6 -12.2  -3.4   5.8   9.6  15.7  18.8  17.8  13.2   8.7   3.3  -2.4 
1914  -8.6 -15.2  -4.8   2.9  12.0  15.3  19.4  17.7  13.7   8.9  -0.6  -7.3 
1915  -9.2  -7.4  -5.6   7.3   9.0  14.7  17.5  16.8  14.4   8.4 -99.0  -6.7 
1916  -5.8 -11.4  -7.7   5.5 -99.0 -99.0 -99.0 -99.0 -99.0 -99.0 -99.0 -99.0 
1917 -99.0 -99.0 -99.0 -99.0 -99.0 -99.0 -99.0 -99.0 -99.0 -99.0 -99.0 -99.0 
1918 -99.0 -10.9  -2.6   5.2  12.8  15.3  19.6  20.0  11.5   9.1   3.5  -4.4 
1919  -6.1  -6.9  -2.6   4.4  11.9  21.6  20.6  18.4  15.5   9.3  -0.4 -10.3 
1920 -17.2 -11.4  -1.9   3.2  11.4  17.4  18.1  19.9  16.4  11.7   0.5  -4.4 
1921  -6.6  -6.6 -99.0   8.8 -99.0  18.8 -99.0 -99.0 -99.0 -99.0 -99.0 -99.0 
