Number= 716307
Name= LINDSAY
Country= CANADA
Lat=   44.4
Long=   78.8
Height= 267
Start year= 1881
End year= 1971
First Good year= 1881
Source ID= 10
Source file= Jones
Jones data to= 1971
Normals source= Extrapolated
Normals source start year= 1951
Normals source end year= 1970
Normals=  -9.2  -8.0  -1.9   5.6  11.9  17.1  19.7  18.6  14.5   8.3   2.2  -5.8 
Standard deviations source= Data
Standard deviations source start year= 1941
Standard deviations source end year= 1971
Standard deviations=   2.8   2.2   2.5   1.9   1.9   1.3   1.2   1.4   1.4   1.8   1.5   2.5 
Obs:
1881 -13.2  -9.9  -2.1   3.3  14.9  14.9  20.6  20.6  18.9   7.8   0.7  -1.3 
1882  -8.8  -3.6  -2.8   3.3   9.6  15.4  18.7  19.1  14.9   9.9  -0.9  -7.2 
1883 -12.6 -10.0  -8.8   2.5   9.4  17.3  17.7  16.8  12.1   5.6   1.1  -6.9 
1884 -13.0  -7.6  -4.9   4.4  11.0  19.1  17.6  18.3  15.9   8.0  -0.4  -7.3 
1885 -10.9 -14.9 -10.8   2.2  11.7  16.1  20.0  16.2  12.9   6.7   1.8  -5.8 
1886 -10.6 -10.5  -3.2   7.4  11.7  16.4  18.7  18.3  14.2   8.5   0.1  -9.6 
1887 -12.0  -9.5  -6.9   3.1  16.3  18.1  22.9  18.3  12.4   5.9  -0.6  -5.3 
1888 -14.3  -9.1  -7.6   3.0  11.0  18.7  18.8  18.6  12.8   4.5   1.1  -4.0 
1889  -4.9 -12.2  -1.3   6.3  12.5  15.6  19.7  17.2  14.8   4.0   1.6  -1.9 
1890  -5.7  -5.8  -5.3   5.2   9.7  18.9  19.4  17.1  13.7   7.7   0.4  -9.3 
1891  -8.2  -5.5  -4.1   5.9  11.5  18.1  17.1  18.4  16.9   7.4   0.7  -1.3 
1892  -9.6  -7.4  -4.8   4.7  11.2  18.6  19.8  19.6  14.8   7.6  -0.3  -6.7 
1893 -13.4 -10.5  -3.6   3.5  11.4  19.8  19.8  19.2  13.1   8.8   1.1  -8.4 
1894  -5.5  -9.3   0.9   7.2  11.7  19.0  20.7  17.9  16.1   9.4  -0.8  -3.6 
1895  -9.3 -10.7  -7.2   6.1  13.8  20.2  18.9  18.8  15.8   4.3   1.4  -3.9 
1896 -10.2  -9.1  -7.5   7.9  15.9  18.3  20.2  20.4  13.4   6.3   2.6  -5.5 
1897  -7.6  -6.8  -2.5   5.9  11.9  15.6  22.3  17.6  15.0   8.9   0.2  -5.6 
1898  -7.7  -6.6   1.6   5.8  13.5  18.6  21.3  20.2  16.3   8.8   1.0  -6.2 
1899  -8.3 -10.0  -4.5   7.1  13.1  18.1  19.7  20.6  12.6   9.1   2.6  -4.7 
1900  -6.9  -9.5  -7.5   7.0  13.2  18.1  20.1  21.6  16.3  12.3   1.3  -4.8 
1901  -8.6 -11.6  -3.8   7.7  13.3  18.7  22.1  19.7  15.5   8.4  -1.2  -5.9 
1902  -8.5  -8.6   1.6   6.7  12.2  14.9  19.9  17.5  14.8   7.3   4.0  -7.8 
1903  -8.1  -5.7   3.1   6.6  13.8  16.5  19.7  16.7  15.3   9.0  -0.8  -8.7 
1904 -13.3 -14.3  -4.6   3.5  14.0  17.8  19.2  17.5  13.4   6.6   0.1  -9.6 
1905 -11.2 -12.2  -4.3   4.9  11.8  17.6  20.8  19.0  16.0   8.7   0.0  -3.7 
1906  -3.7  -8.0  -4.9   6.4  12.3  18.4  20.3  20.9  17.1   8.7   0.8  -9.2 
1907  -8.7 -11.5  -1.0   2.9   9.1  18.1  19.7  17.5  15.3   6.0   0.9  -4.2 
1908  -8.6 -11.1  -3.4   4.2  13.6  18.7  21.2  18.8  17.4  10.0   2.5  -5.3 
1909  -6.5  -6.4  -3.4   3.6  11.6  18.6  19.0  19.3  14.2   6.8   3.8  -5.7 
1910  -6.4  -8.5   1.6   8.1  11.3  18.0  20.6  18.5  13.3   9.4  -0.1 -10.0 
1911  -7.6  -7.3  -4.2   5.0  16.3  18.0  21.4  20.4  14.7   8.3  -0.1  -2.4 
1912 -14.2 -10.5  -7.1   3.8  12.9  16.2  20.1  16.4  15.2   9.0   2.3  -2.8 
1913  -4.1  -9.9  -2.0   7.6  11.7  17.8  20.2  19.3  14.4   9.7   5.3  -1.8 
1914  -7.9 -12.0  -3.5   4.4  14.3  16.9  20.4  19.1  14.4  10.7   1.0  -6.3 
1915  -8.1  -6.4  -3.6   9.2  10.5  16.4  19.2  17.6  15.7   9.2   3.1  -5.9 
1916  -4.6 -10.2  -6.8   6.7  11.5  15.3  23.6  21.1  15.0   8.8   0.7  -6.5 
1917  -9.8 -12.8  -2.8   4.4   9.1  15.7  20.5  18.6  13.5   5.3  -1.0 -11.5 
1918 -14.6  -9.8  -1.6   6.0  13.8  15.5  20.0  19.7  11.4   9.1   3.4  -4.5 
1919  -5.6  -5.9  -1.2   4.9  12.4  22.5  21.8  18.3  15.7   9.5   0.3  -8.8 
1920 -15.2 -10.5  -1.4   3.9  12.3  17.9  17.6  19.9  15.8  11.3   0.5  -4.2 
1921  -5.8  -5.0   2.1   9.6  14.2  18.9  24.0  18.1  17.3   8.2  -0.4  -5.5 
1922  -9.7  -7.2  -1.6   5.9  15.1  18.3  19.5  18.7  16.3   7.6   2.6  -5.2 
1923 -10.5 -11.1  -6.6   4.4  10.7  18.7  20.3  18.3  15.7   7.7   1.8  -0.4 
1924  -8.8 -10.9  -2.5   4.8   9.3  16.6  18.7  18.1  13.0   9.3   1.6  -8.4 
1925 -10.9  -5.2  -0.5   6.4   9.2  18.3  18.1  19.9  14.7   3.8   1.2  -6.5 
1926  -7.5  -9.6  -7.1   0.6  10.8  14.3  19.2  18.8  13.5 -99.0   0.4  -7.8 
1927  -9.9  -6.0   0.1 -99.0  11.3  15.1  19.0  16.6  16.1  10.0   2.5  -5.0 
1928  -7.8  -8.5  -4.4   3.7 -99.0  16.1  20.0  19.9  12.6   9.1   1.4  -2.7 
1929  -8.9  -9.5   0.3   6.0  10.7  16.9  19.1  17.0  16.1   7.8   0.8  -7.2 
1930  -8.1  -6.8  -3.1   4.6  13.1  19.1  19.6  18.9  15.6   8.2   2.8  -4.7 
1931  -8.5  -6.7  -1.2   6.0  13.0  17.9  21.9  19.5  17.7  10.4   5.6  -2.9 
1932  -1.3  -4.8  -3.9   3.4  12.6  18.1  18.8  19.5  15.0   9.6  -0.2  -3.6 
1933  -2.5  -7.2  -2.5   7.0  13.8  19.1  21.7 -99.0 -99.0 -99.0 -99.0 -99.0 
1934 -99.0 -99.0 -99.0 -99.0 -99.0 -99.0 -99.0 -99.0 -99.0 -99.0 -99.0 -99.0 
1935 -99.0 -99.0 -99.0 -99.0   9.9  16.7  22.2  19.9  12.9   7.8   2.1  -9.6 
1936  -9.7 -12.6  -1.8   2.8  14.2 -99.0  21.1  19.1  15.1   7.0  -2.2  -4.2 
1937  -3.7  -5.7  -5.0   4.2  13.1  18.5  21.3  21.6  13.7   6.4   1.5  -6.4 
1938  -9.7  -6.1  -0.9   6.1 -99.0 -99.0 -99.0 -99.0  12.6   9.0   2.8  -4.7 
1939  -8.9  -8.2  -4.6   2.6  13.1  17.7  20.3  20.3  14.2   7.2  -0.7  -4.2 
1940 -13.5  -9.0  -6.8   3.0  11.8  16.1  19.5  18.6  14.0   6.1  -0.1  -5.6 
1941 -10.5  -9.1  -7.0   8.4  13.1  19.2  20.9  17.5  14.9   8.3   2.9  -4.4 
1942  -8.9 -10.0  -0.3   8.2  12.3  17.5  19.0  18.6  13.7   8.2   1.1  -8.4 
1943 -12.4  -7.7  -5.6   1.0  10.9  19.4  20.0  18.1  13.0   7.0   0.2  -7.6 
1944  -5.5  -8.0  -5.4   3.2  14.8  17.5  20.0  20.2  14.3   7.4   1.6  -8.9 
1945 -14.9  -7.9   3.1   7.0   8.8  16.0  18.8  18.8  14.3   6.9   1.3  -9.0 
1946  -8.7 -10.8   3.5   4.8  10.8  16.2  19.6  17.2  15.0   9.6   2.2  -6.4 
1947  -7.9 -10.7  -4.7   2.9   8.9  15.6  19.1  20.9  14.8  12.8   0.2  -8.5 
1948 -13.1 -11.2  -3.4   7.5  10.6  16.4  19.7  19.7  16.3   6.7   4.5  -3.7 
1949  -5.9  -5.1  -3.6   5.5  12.6  20.0  21.0  20.2  12.9  11.1  -0.3  -3.6 
1950  -2.5  -9.1  -6.0   2.5  12.0  16.6  19.0  18.3  13.7  10.6   1.9  -6.0 
1951  -7.1  -6.4  -0.5   6.2  13.4  16.8  19.3  17.7  14.6   9.7  -0.8  -5.4 
1952  -7.0  -5.4  -2.9   7.4  10.6  17.4  21.0  18.2  15.0   5.6   3.2  -2.4 
1953  -5.3  -4.9  -0.4   4.6  12.0  16.5  19.0  17.9  14.5   9.6   3.9  -2.5 
1954 -11.0  -3.2  -3.2   6.4  10.9  18.1  18.1  17.4  13.8   9.8   2.8  -5.5 
1955  -9.3  -7.1  -3.0   8.8  13.8  17.9  22.6  21.6  14.2  10.0   0.6  -8.3 
1956  -7.1  -6.8  -4.9   3.8   9.7  17.4  18.2  18.1  12.1   9.6   2.4  -4.2 
1957 -11.3  -5.4  -0.6   7.1  11.3  17.9  19.2  17.2  14.2   7.8   2.6  -3.2 
1958  -7.9 -10.6   0.0   6.9  10.2  13.8  18.9  18.0  14.3   8.3   2.6 -11.2 
1959 -10.6 -11.4  -4.9   5.8  12.6  18.7  20.5  22.2  17.0   7.8   0.7  -3.7 
1960  -7.9  -6.3  -6.4   6.8  13.9  17.1  19.1  16.8  15.1   7.8   3.2  -8.3 
1961 -12.6  -5.6  -1.3   4.5  11.0  17.8  20.3  20.1  19.1  11.4   2.4  -4.3 
1962  -8.9  -9.6  -1.3   6.2  15.5  18.3  18.7  19.3  13.9   9.6   1.4  -5.6 
1963  -9.9 -10.5  -1.2   6.3  10.9  18.1  20.5  17.4  12.9  12.7   5.2 -10.2 
1964  -5.5  -6.7  -1.7   5.5  14.3  17.2  21.6  16.5  14.6   7.4   3.4  -4.5 
1965  -9.2  -7.6  -3.1   3.2  14.0  16.7  17.4  18.0  15.5   7.1   1.1  -2.0 
1966  -9.9  -6.7  -0.5   4.9   9.1  18.4  22.0  19.6  14.1   8.1   3.4  -5.4 
1967  -4.5  -9.9  -2.1   5.4   7.4  19.1  18.1  17.5  13.8   7.6  -1.0  -4.2 
1968 -10.6 -10.4  -0.8   7.5  10.2  16.3  20.0  18.6  16.6   9.7   0.9  -7.8 
1969  -8.4  -6.3  -3.7   6.5  11.2  15.5  19.5  20.5  15.4   8.0   2.5  -8.4 
1970 -12.5  -8.7  -4.2   5.6  12.2  17.5  20.1  19.4  14.8   9.9   2.7  -8.4 
1971 -11.0  -6.7  -4.8   3.4 -99.0 -99.0 -99.0 -99.0  16.7  11.8 -99.0 -99.0 
