Number= 717140
Name= Quebec A
Country= CANADA
Lat=   46.8
Long=   71.4
Height= 73
Start year= 1895
End year= 2007
First Good year= 1895
Source ID= 36
Source file= Jones+Anders
Jones data to= 1995
Normals source= Data
Normals source start year= 1961
Normals source end year= 1990
Normals= -11.8 -10.2  -4.1   3.4  10.9  16.3  19.3  17.8  12.9   6.9  -0.3  -8.8 
Standard deviations source= Data
Standard deviations source start year= 1941
Standard deviations source end year= 1990
Standard deviations=   2.3   2.5   2.1   1.6   1.5   1.0   1.1   1.3   1.3   1.4   1.6   2.7 
Obs:
1895 -11.8 -11.8  -7.5   3.2  12.4  18.1  17.9  16.2  13.2   2.8  -1.5  -7.8 
1896 -13.2 -11.7  -8.1   2.6  12.1  16.3  19.0  17.1  11.3   4.1  -1.8 -11.1 
1897 -11.3  -9.6  -6.2   2.3   9.1  13.8  19.9  15.7  12.0   6.8  -2.5  -9.3 
1898 -13.7  -8.3  -1.4   3.2  11.5  15.6  19.1  17.5  12.8   6.4  -1.2  -9.4 
1899 -12.4 -12.1  -6.8   3.2  10.9  16.1  18.0  17.8  11.6   7.0  -1.2  -6.5 
1900 -11.1 -10.6  -8.7   3.5   8.3  16.3  17.7  17.3  12.9   9.1  -1.6 -10.2 
1901 -12.5 -12.5  -6.1   4.0  11.2  17.5  19.1  18.0  13.5   6.2  -2.6  -8.1 
1902 -11.9  -9.3  -1.1   4.6   9.1  13.4  17.7  16.1  13.6   4.6   0.1 -12.1 
1903 -12.4 -10.7  -1.5   3.5  11.1  14.8  17.4  14.7  13.7   6.3  -2.2 -12.6 
1904 -15.1 -15.0  -6.2   1.7  12.0  16.0  19.2  16.3   9.9   4.7  -3.9 -15.1 
1905 -15.3 -13.8  -5.6   3.1   9.4  15.4  19.7  16.9  12.0   5.4  -2.6  -9.4 
1906  -9.5 -11.1  -8.4   1.6   9.0  16.2  19.6  18.5  12.6   7.2  -1.8 -12.0 
1907 -15.0 -15.3  -5.0   1.1   6.7  15.3  18.3  15.7  11.6   3.9  -1.3  -6.4 
1908 -12.8 -12.8  -6.6  -0.8  10.5  17.4  20.4  16.7  14.7   7.5  -1.5 -11.7 
1909 -12.4 -12.5  -5.6   1.1   9.1  16.0  17.7  17.1  12.4   6.6  -0.3  -8.3 
1910  -9.5 -12.5  -3.4   4.7  10.4  14.9  19.0  16.7  11.6   5.9  -0.8 -11.5 
1911 -13.8 -14.2  -7.2   1.5  13.9  16.6  20.6  18.4  10.9   6.1  -3.0  -6.1 
1912 -17.2 -12.0  -7.7   1.0  10.9  13.6  19.3  14.7  11.6   7.0  -1.7  -8.2 
1913  -9.1 -13.9  -4.6   4.2  10.0  14.5  18.3  16.4  12.1   8.7   0.7  -6.4 
1914 -12.7 -16.3  -4.1  -0.1  12.3  14.0  18.5  16.4  12.8   6.5  -3.5 -10.5 
1915 -10.2  -8.0  -4.9   4.7   9.5  16.4  18.3  17.1  13.2   7.4  -0.3  -6.5 
1916 -11.3 -12.5  -9.1   3.9  10.2  15.8  20.8  18.4  12.8   5.8  -2.7  -8.7 
1917 -14.0 -14.9  -4.7   1.7   7.4  15.0  19.0  18.2  11.1   4.9  -4.0 -14.3 
1918 -14.9 -14.2  -6.5   3.2  11.2  13.9  18.6  16.4  10.4   6.3  -0.4  -8.1 
1919 -10.7  -8.6  -3.6   1.4  10.2  18.2  19.5  16.5  12.0   5.1  -1.3 -13.0 
1920 -17.0 -10.1  -3.9   1.8  11.5  16.2  17.4  18.4  13.0   9.1  -3.2  -7.5 
1921 -10.6 -10.4  -2.2   3.9  12.5  16.7  21.9  16.3  13.6   5.9  -3.0 -10.1 
1922 -13.0 -10.9  -3.4   3.9  12.3  16.8  19.0  16.8  13.7   5.1  -0.9 -10.6 
1923 -14.3 -15.1  -9.6   0.1   9.8  16.3  17.7  15.8  12.8   7.5   0.1  -3.8 
1924 -12.7 -13.7  -2.6   1.8   8.7  16.2  18.9  17.2  12.2   7.1   0.4 -12.4 
1925 -15.5  -7.9  -3.0   2.9   8.8  16.5  17.9  18.1  11.0   2.8  -1.7  -9.1 
1926 -12.0 -11.4  -6.9  -0.8   9.0  15.0  18.0  16.9  11.8   6.1  -1.3 -10.4 
1927 -10.6 -10.4  -2.7   4.0   8.7  14.6  19.1  16.3  13.1   8.0   0.5  -6.8 
1928 -12.5 -12.2  -6.0   0.5   9.7  15.3  18.9  18.4  11.1   5.9  -2.1  -5.5 
1929 -13.3  -9.7  -4.0   1.5   9.7  15.8  18.0  15.7  13.1   5.9  -1.7 -10.9 
1930 -11.1 -10.8  -5.4   1.5  10.7  17.5  18.2  16.7  12.6   7.1   0.5  -7.6 
1931 -12.8 -10.3  -1.2   4.9  11.1  15.9  19.3  16.9  12.4   7.6   2.5  -7.8 
1932  -6.6 -12.4  -7.5   1.6  10.9  15.6  17.2  18.2  13.1   6.9  -3.8  -7.4 
1933  -7.3  -8.6  -6.2   2.5  10.5  17.0  18.4  17.1  12.9   6.2  -5.7 -14.6 
1934 -13.0 -16.8  -7.0   3.1  11.3  15.4  19.1  15.7  14.9   4.8  -0.1 -12.0 
1935 -15.7 -12.5  -5.9   3.2   9.0  15.9  19.1  18.1  10.9   5.8   0.5 -10.1 
1936 -12.1 -13.2  -1.2   2.4   9.1  16.4  17.4  16.0  13.0   5.3  -4.5  -7.9 
1937  -8.7  -7.2  -6.8   3.9  12.2  16.5  20.3  20.0  12.8   6.2  -0.2  -8.9 
1938 -12.1 -10.9  -5.3   3.9  10.2  17.6  18.8  18.3  11.8   8.0   0.7  -6.7 
1939 -12.5 -12.0  -7.9   0.7  10.0  15.5  19.4  19.7  12.2   6.1  -1.8  -7.7 
1940 -13.2 -10.1  -5.5   1.6   9.9  14.4  18.6  17.8  13.0   5.4  -1.3  -9.1 
1941 -12.8  -8.5  -5.1   5.9  11.7  16.4  19.6  15.8  12.6   5.8  -1.0  -6.8 
1942 -12.7  -9.4  -1.8   4.1  13.1  16.6  18.3  17.4  13.9   7.9  -0.7 -11.8 
1943 -13.7  -8.9  -6.3  -0.6  10.3  16.2  20.0  17.6  13.1   7.6  -0.1 -12.1 
1944  -9.8 -11.8  -7.0   1.5  13.3  16.6  19.5  20.0  14.7   6.7   1.7 -10.5 
1945 -14.6  -9.0  -0.8   6.6   9.9  15.5  19.5  17.9  13.7   5.2  -1.0  -9.9 
1946 -12.1 -13.4  -0.3   2.5  10.1  15.5  18.2  16.8  14.9   8.5  -0.8  -9.1 
1947 -12.1 -11.2  -3.3  -0.9   7.8  15.6  20.4  20.0  13.2  10.2  -0.5 -10.3 
1948 -13.6 -14.0  -6.5   2.9  10.7  15.4  19.2  19.2  14.5   6.8   3.0  -5.8 
1949  -9.1 -10.1  -5.0   5.2  10.9  17.7  20.2  18.6  12.7   9.0  -2.7  -6.7 
1950  -9.3 -12.8  -7.7   2.4  11.5  15.6  18.8  17.0  11.0   7.1   1.8  -7.1 
1951 -10.7  -9.2  -3.8   4.2  11.3  15.7  18.6  16.5  12.8   7.1  -2.7  -9.1 
1952 -12.0  -7.7  -3.3   3.5  10.0  16.8  21.4  18.2  12.9   4.6  -0.2  -6.2 
1953  -9.5  -8.4  -3.9   5.3  11.6  17.2  19.0  17.7  13.5   7.7   2.7  -4.8 
1954 -14.0  -5.9  -4.9   2.7   9.6  15.9  17.5  16.5  11.9   7.5   1.0  -7.0 
1955 -12.0 -10.0  -6.3   3.6  11.8  17.3  20.3  19.5  11.6   7.1  -0.5 -12.1 
1956  -7.1  -9.0  -7.5   2.6   7.5  15.1  17.0  16.7  10.7   7.1  -0.4  -8.9 
1957 -15.8  -8.5  -3.2   3.9  10.4  16.0  18.2  15.7  13.2   7.7   1.5  -6.3 
1958  -8.3 -11.3  -0.3   4.5   9.4  12.8  18.1  17.2  13.3   5.7  -0.2 -15.0 
1959 -12.3 -14.4  -6.9   3.3  13.1  15.5  21.8  18.2  14.7   6.1  -1.1  -7.5 
1960 -11.9  -6.3  -5.6   2.7  13.4  17.0  18.4  18.5  13.6   6.5   1.8  -9.7 
1961 -14.5  -9.1  -4.4   3.5  10.0  15.9  19.3  18.2  16.0   8.4   1.8  -6.3 
1962 -13.0 -13.3  -1.5   3.4  11.1  17.1  16.8  18.0  12.4   7.3  -0.6  -9.2 
1963 -10.8 -13.7  -5.8   3.2  10.2  17.3  19.9  15.5  11.4   9.6   2.0 -12.9 
1964  -9.4  -9.5  -3.8   3.7  11.8  16.3  19.3  16.1  12.1   5.8  -1.2  -7.3 
1965 -12.9 -11.4  -3.5   3.5  10.7  16.5  17.1  16.7  13.1   5.4  -2.6  -7.0 
1966  -9.5  -8.2  -2.6   3.9   9.7  17.0  19.6  17.4  11.8   6.8   1.9  -6.7 
1967  -9.0 -15.0  -7.9   1.5   7.6  17.2  20.1  18.3  13.3   6.9  -1.2  -7.6 
1968 -14.9 -13.3  -3.7   4.8  10.4  14.9  18.8  15.5  15.8   9.2  -1.5  -8.8 
1969  -7.9  -6.2  -3.8   1.8   9.9  16.2  18.3  19.2  12.4   6.4   1.5  -6.9 
1970 -14.8 -10.8  -3.7   3.3  10.4  16.1  20.6  18.7  12.2   9.0   1.4 -10.8 
1971 -14.3  -9.2  -3.9   2.5  11.0  16.0  18.3  17.0  14.9   9.1  -1.1 -10.2 
1972 -11.4 -13.0  -6.9   1.2  11.4  15.6  19.1  16.3  13.2   4.3  -1.7 -10.6 
1973 -10.4 -10.9  -0.4   3.8   9.8  18.3  20.9  19.9  12.2   7.9  -1.2  -6.2 
1974 -12.2 -11.8  -5.9   1.8   7.8  16.9  19.4  18.1  11.6   4.0  -0.1  -5.5 
1975 -10.7  -9.6  -5.0   1.8  12.6  17.7  21.4  18.4  12.8   7.5   1.2 -11.2 
1976 -14.6  -9.4  -5.7   3.4  11.0  18.0  18.1  17.7  12.3   5.4  -2.3 -13.7 
1977 -13.4  -8.9  -0.1   2.6  13.0  15.3  18.4  16.9  12.1   6.9   1.3  -8.6 
1978 -11.8 -11.0  -6.4   1.7  13.3  16.0  19.1  18.1  10.7   5.9  -2.3  -9.5 
1979  -9.8 -13.9  -1.3   4.9  12.1  17.0  20.4  16.8  12.4   7.1   1.6  -7.4 
1980 -10.6 -10.9  -4.7   4.7  11.6  14.9  18.5  19.3  11.6   4.8  -1.7 -13.6 
1981 -15.6  -3.8  -2.0   4.5  10.7  16.2  19.6  17.7  13.3   5.3   0.1  -5.2 
1982 -16.5 -11.1  -4.6   1.2  12.1  15.1  19.0  15.5  14.0   8.2   1.1  -5.3 
1983  -9.0  -7.3  -2.0   3.8   9.1  17.1  20.0  19.4  15.4   7.4   0.9  -9.8 
1984 -12.6  -4.5  -7.4   4.2  10.2  16.3  20.0  20.1  11.9   8.0   0.8  -6.9 
1985 -14.0  -7.6  -4.5   2.3  10.6  15.2  19.1  18.0  14.8   7.6  -1.1  -9.8 
1986 -11.4 -10.4  -4.4   5.5  11.8  14.1  17.7  16.9  11.6   6.1  -2.6  -7.4 
1987 -10.5 -10.7  -1.0   7.2  11.1  16.8  19.7  17.3  12.9   6.5  -1.6  -5.6 
1988 -10.9  -9.6  -4.8   3.9  13.0  16.0  20.7  18.9  12.4   5.2   1.5 -10.3 
1989 -10.3 -11.6  -6.8   3.2  12.8  16.8  19.5  18.5  14.6   7.6  -2.7 -16.9 
1990  -6.3  -9.9  -3.9   4.2  10.2  16.3  19.5  19.4  13.1   7.5  -0.3  -7.0 
1991 -13.2  -8.6  -2.3   4.8  12.8  17.9  19.7  19.4  11.6   7.3   0.7  -9.6 
1992 -12.9 -11.6  -6.2   3.1  12.1  16.3  16.7  17.4  13.9   5.2  -0.6  -6.2 
1993 -11.8 -14.5  -5.2   4.6  11.6  16.6  20.0  19.4  13.1   4.7  -1.4  -8.3 
1994 -18.1 -12.5  -3.1   2.4  10.6  17.9  20.1  17.0  13.0   8.8   1.7  -5.5 
1995  -8.1 -11.9  -2.7   1.8  11.4  18.1  21.1  19.0 -99.0 -99.0 -99.0 -99.0 
1996 -99.0 -99.0 -99.0 -99.0 -99.0 -99.0 -99.0 -99.0 -99.0 -99.0 -99.0 -99.0 
1997 -99.0 -99.0 -99.0 -99.0 -99.0 -99.0 -99.0 -99.0 -99.0 -99.0 -99.0 -99.0 
1998 -99.0 -99.0 -99.0 -99.0 -99.0 -99.0 -99.0 -99.0 -99.0 -99.0 -99.0 -99.0 
1999 -99.0 -99.0 -99.0 -99.0 -99.0 -99.0 -99.0 -99.0 -99.0 -99.0 -99.0 -99.0 
2000 -99.0 -99.0 -99.0 -99.0 -99.0 -99.0 -99.0 -99.0 -99.0 -99.0 -99.0 -99.0 
2001 -99.0 -99.0 -99.0 -99.0 -99.0 -99.0 -99.0 -99.0 -99.0 -99.0 -99.0 -99.0 
2002 -99.0 -99.0 -99.0 -99.0 -99.0 -99.0 -99.0 -99.0 -99.0 -99.0 -99.0 -99.0 
2003 -99.0 -99.0 -99.0 -99.0 -99.0 -99.0 -99.0 -99.0 -99.0 -99.0 -99.0 -99.0 
2004 -99.0 -99.0 -99.0 -99.0 -99.0 -99.0 -99.0 -99.0 -99.0 -99.0 -99.0 -99.0 
2005 -99.0 -99.0 -99.0 -99.0 -99.0 -99.0 -99.0 -99.0 -99.0 -99.0 -99.0 -99.0 
2006 -99.0 -99.0 -99.0 -99.0 -99.0 -99.0 -99.0 -99.0 -99.0 -99.0 -99.0 -99.0 
2007 -99.0 -99.0 -99.0 -99.0 -99.0 -99.0 -99.0 -99.0 -99.0 -99.0 -99.0 -99.0 
