Number= 718091
Name= Deer Lake A
Country= CANADA
Lat=   49.2
Long=   57.4
Height= 22
Start year= 1933
End year= 2007
First Good year= 1933
Source ID= 36
Source file= Jones+Anders
Jones data to= 1999
Normals source= Data
Normals source start year= 1961
Normals source end year= 1990
Normals=  -7.9  -9.0  -4.6   1.2   6.9  12.2  16.6  15.7  11.2   5.8   1.0  -4.5 
Standard deviations source= Data
Standard deviations source start year= 1941
Standard deviations source end year= 1990
Standard deviations=   2.5   3.2   2.6   1.7   1.4   1.3   1.4   1.3   1.2   1.0   1.4   2.1 
Obs:
1933 -99.0 -99.0  -5.1   2.3   4.5  10.4  14.8  15.0  11.1   7.2  -2.2  -8.8 
1934 -14.1 -12.1  -7.8   3.3   6.6  10.5  16.0  15.0  13.0   6.0   1.8  -5.7 
1935  -9.1 -11.8  -7.3   0.4   4.0  14.8  15.2  16.2  10.0   6.2   0.4  -2.7 
1936  -5.5  -9.9  -0.3   1.1   5.1  15.7  16.1  15.1  10.1   6.0   0.7  -5.4 
1937  -9.8  -7.4  -4.5   0.3   9.1  14.0  16.1  17.4  13.3   6.8   1.5  -3.8 
1938  -8.7 -14.9  -8.3   0.2   5.9  13.8  17.0  16.5  13.2   7.1   0.7  -3.9 
1939  -7.3 -12.5  -9.8  -0.1   4.5  10.5  16.8  15.8  10.2   5.5   0.3  -2.2 
1940  -7.9  -9.0  -2.0   1.4   6.9  11.8  17.2  15.8  13.0   5.2   1.3  -6.3 
1941  -8.4  -5.0  -5.9   0.9   7.4  10.2  15.0  13.1   9.1   4.3  -0.2  -2.8 
1942  -7.8  -5.3  -1.1   1.0   7.5  12.6  17.3  16.6  13.2   7.7   1.7  -7.6 
1943  -9.7  -7.3  -6.2   1.0   5.1   9.5  16.1  13.9  13.8   8.1   2.3  -4.1 
1944  -7.8  -8.2  -5.3   0.4   6.0  12.0  15.5  16.9  13.5   5.9   2.3  -3.8 
1945  -5.1 -10.4  -5.3   1.4   7.3  10.2  15.9  17.0  11.3   6.3   0.6  -4.5 
1946  -8.8  -7.8  -3.1   0.9   6.2  10.9  15.0  16.8  13.2   6.8  -0.3  -5.2 
1947  -9.5  -4.6  -3.1  -3.0   5.4  11.1  19.0  14.2  10.9   6.0   1.5  -4.2 
1948  -6.3 -11.8  -9.4  -0.7   7.7  11.0  15.2  15.6  11.1   6.7   2.3  -3.7 
1949  -6.7 -11.0  -2.0   2.0   5.5  11.7  16.0  14.1  11.3   6.1   0.5  -2.7 
1950  -9.7 -12.9  -7.4   1.8   6.5  13.0  15.4  15.1   9.7   5.4   2.8  -1.5 
1951  -5.1  -4.9  -1.7   4.2   6.5  12.9  16.7  16.0  12.0   5.7   1.6  -5.5 
1952  -6.5  -5.8  -1.6   1.2   7.0  12.6  18.0  17.0  11.8   4.9   1.5  -4.0 
1953  -5.4  -6.6  -4.3   3.9   6.1  11.9  16.9  14.6  12.0   4.7   1.8  -4.2 
1954  -8.8  -4.3  -4.0  -0.9   6.5  13.4  16.2  14.1  11.2   5.1   1.9  -2.4 
1955  -2.6  -5.5  -4.4  -0.8   6.3  12.6  15.6  14.5  10.6   6.2   1.1  -5.1 
1956  -1.4  -6.6  -7.0   1.5   3.9  10.3  14.5  14.2   9.8   6.4   2.6  -7.1 
1957 -14.4 -10.6  -3.8  -1.5   3.6   9.6  15.5  15.2  10.9   6.8   0.7  -1.5 
1958  -3.0  -3.1  -1.0   3.3   8.7  10.6  14.7  15.0  10.7   4.7   0.5  -7.3 
1959  -7.7 -14.4  -8.8   1.7   5.7  10.0  17.4  14.8  11.2   4.9   1.2  -4.0 
1960  -6.2  -2.5  -4.7  -0.1   7.9  12.8  15.9  16.6  12.0   6.1   1.3  -3.6 
1961 -10.1 -15.2  -6.8   1.5   7.2  12.8  16.2  16.4  13.2   7.1   3.7  -2.1 
1962  -7.9 -11.3  -0.3   0.6   5.7  11.3  13.4  15.1  10.3   5.6   1.8  -5.3 
1963  -3.7  -9.9  -5.8   0.7   7.2   9.4  15.1  13.4  10.0   6.1   1.8  -5.6 
1964  -9.0  -6.4  -6.4   0.6   5.7  10.1  15.3  13.8  10.9   5.9   0.3  -4.0 
1965  -6.1  -7.9  -2.2   0.7   5.6  12.7  15.7  15.5  10.3   5.2  -0.8  -5.0 
1966  -5.2  -7.1  -0.3   1.7   6.3  12.5  17.3  15.8  10.5   6.7   2.2  -2.2 
1967  -7.1 -10.7  -9.7  -2.3   5.0  13.3  19.7  19.3  12.4   7.3   3.8  -2.7 
1968  -7.3  -8.7  -3.7   2.4   6.1   9.8  15.9  13.0  13.2   7.6  -0.6  -2.2 
1969  -3.5  -2.8  -2.0  -1.7   5.9  13.2  15.8  16.6  10.7   4.0   2.9   1.3 
1970  -8.8  -5.7  -1.9   0.7   7.2  12.2  17.5  17.1  10.1   7.4   3.0  -6.5 
1971  -8.1  -9.2  -1.9   2.6   9.7  11.8  16.3  16.5  11.9   5.9   2.3  -8.8 
1972 -10.5 -12.5  -6.7  -0.2   4.8  12.6  16.3  14.6  11.0   5.2  -0.9 -11.1 
1973  -9.1  -7.6  -5.2   1.0   7.1  12.4  19.5  14.7  11.0   5.3   0.8  -0.4 
1974 -13.1  -8.9  -7.0  -0.4   4.4  13.3  14.8  15.6  10.6   4.4   0.7  -3.9 
1975 -10.8 -13.2  -4.2  -0.1   6.3  12.0  19.7  15.2  12.0   5.9   1.0  -6.9 
1976  -8.8 -11.0  -6.7   1.9   7.9  12.3  16.7  16.3  12.5   5.3  -0.2  -6.5 
1977  -7.7 -10.2  -1.6   1.2   5.3  13.9  16.0  16.1   9.8   6.4   3.8  -4.8 
1978  -7.4  -6.6  -7.0  -0.2   6.8  13.6  16.5  15.0   8.7   6.1  -2.3  -4.6 
1979  -4.5  -9.1   0.3   3.1  10.3  14.5  17.2  16.3  11.5   6.6   2.2  -3.0 
1980  -7.4  -9.4  -4.9   2.6   6.0  11.0  14.2  13.4   9.9   4.6   1.2  -5.7 
1981  -6.3  -2.5  -1.5   1.2   7.8  11.8  15.5  15.4  12.7   6.6   1.5  -1.5 
1982  -7.7 -11.5  -7.0   0.5   6.4  10.4  16.5  14.8  11.0   4.6   1.5  -5.6 
1983  -5.9  -8.1  -2.8   5.1   7.1  13.9  16.9  15.1  12.1   6.8   1.0  -4.7 
1984 -10.7  -6.7  -4.6   0.4   8.7  10.4  18.8  17.4  10.6   4.2   0.9  -4.6 
1985  -8.6  -7.9  -6.4  -0.5   5.6  12.0  18.4  16.0  11.7   4.9  -1.1  -4.8 
1986  -5.3  -8.2  -6.8   4.2   7.8  11.6  15.4  16.2   9.4   4.2  -1.9  -5.3 
1987  -9.3  -6.6  -4.3   3.6   7.2  12.5  17.6  15.4  11.7   7.3  -0.6  -3.8 
1988  -8.0 -10.0  -2.7   2.5   9.4  11.6  16.5  16.6  11.3   6.3   2.5  -5.8 
1989  -9.9 -11.1  -7.5   2.8  10.0  14.4  17.3  16.6  12.1   5.5  -0.3  -6.4 
1990  -9.2 -14.7  -9.5   0.7   5.4  13.4  16.0  18.0  11.4   6.1   1.0  -3.4 
1991 -13.3 -11.2  -3.1  -1.2   5.1  10.2  15.1  14.5  10.9   6.4   1.8  -8.7 
1992  -9.1 -12.1  -6.1  -0.7   6.4  11.3  13.2  15.6  12.5   6.7  -1.9  -6.4 
1993 -11.2 -14.5  -6.7   1.4   6.1  10.7  14.1  15.7  11.8   4.4   0.3  -2.4 
1994  -8.4 -13.4  -5.1   0.2   6.0  12.4  16.7  16.3  11.3   7.5   2.0  -6.5 
1995  -8.2 -12.9  -5.8  -0.1   6.2  11.9  16.7  14.9  11.6   7.6   1.1  -4.8 
1996  -7.5  -5.4  -3.2   3.8   6.1  12.6  16.5  17.6  10.2   5.4   0.6  -0.7 
1997  -6.9 -10.4  -8.4   1.0   5.9  11.2  16.9  15.4  13.4   5.1   0.1  -3.3 
1998  -7.2  -6.0  -2.3   2.3   9.3  13.2  17.2  15.7  11.7   6.0   0.9  -3.7 
1999  -6.8  -4.4   0.6   2.5  10.5  14.6  17.2  16.6  14.2   4.9   1.6  -1.6 
2000 -99.0 -99.0 -99.0 -99.0 -99.0 -99.0 -99.0 -99.0 -99.0 -99.0 -99.0 -99.0 
2001 -99.0 -99.0 -99.0 -99.0 -99.0 -99.0 -99.0 -99.0 -99.0 -99.0 -99.0 -99.0 
2002 -99.0 -99.0 -99.0 -99.0 -99.0 -99.0 -99.0 -99.0 -99.0 -99.0 -99.0 -99.0 
2003 -99.0 -99.0 -99.0 -99.0 -99.0 -99.0 -99.0 -99.0 -99.0 -99.0 -99.0 -99.0 
2004 -99.0 -99.0 -99.0 -99.0 -99.0 -99.0 -99.0 -99.0 -99.0 -99.0 -99.0 -99.0 
2005 -99.0 -99.0 -99.0 -99.0 -99.0 -99.0 -99.0 -99.0 -99.0 -99.0 -99.0 -99.0 
2006 -99.0 -99.0 -99.0 -99.0 -99.0 -99.0 -99.0 -99.0 -99.0 -99.0 -99.0 -99.0 
2007 -99.0 -99.0 -99.0 -99.0 -99.0 -99.0 -99.0 -99.0 -99.0 -99.0 -99.0 -99.0 
