Number= 718130
Name= Natashquan A
Country= CANADA
Lat=   50.2
Long=   61.8
Height= 7
Start year= 1914
End year= 2011
First Good year= 1914
Source ID= 36
Source file= Jones+Anders
Jones data to= 2001
Normals source= Data
Normals source start year= 1961
Normals source end year= 1990
Normals= -13.0 -12.5  -7.1  -0.7   4.9  10.4  14.1  13.5   9.2   3.8  -1.6  -9.6 
Standard deviations source= Data
Standard deviations source start year= 1941
Standard deviations source end year= 1990
Standard deviations=   3.0   3.3   2.7   1.7   1.2   1.0   1.1   1.0   1.1   1.0   1.5   2.5 
Obs:
1914 -99.0 -99.0 -99.0 -99.0 -99.0 -99.0 -99.0 -99.0 -99.0   3.1  -4.9 -14.2 
1915 -14.1 -13.8  -3.5  -1.3   5.2   9.2  13.4  14.1   8.3   4.3  -0.6  -5.9 
1916 -16.1 -15.4 -10.0   0.1   5.9  10.8  14.3  13.4  10.2   4.1  -4.8  -4.6 
1917 -16.0 -15.9  -9.2   1.2   4.4  10.8  13.7  14.8   6.4   3.7  -3.8 -11.7 
1918  -9.3 -18.6 -13.4  -3.1   3.1   7.7  13.4  12.4   9.4   3.4  -3.1 -11.6 
1919 -15.2  -7.1  -6.6   0.1   4.1  10.5  12.7  13.9   9.0   1.0  -2.5 -14.1 
1920 -15.0 -12.6  -9.5  -0.5   4.5  11.0  14.2  13.3   8.4   5.1  -5.1  -9.0 
1921 -15.2 -16.1  -8.9  -2.7   5.5  10.0  14.3  11.1   8.5   3.4  -3.3 -10.0 
1922 -12.9 -18.3 -11.9  -0.3   4.1   8.8  13.5  13.8   9.8   4.1  -3.3 -15.9 
1923 -13.3 -18.1 -13.6  -3.3   4.3   8.9  13.4  12.5   9.9   5.1  -0.1  -6.1 
1924 -17.6 -14.6  -9.4  -1.8   5.8  10.7  13.7  13.8  10.9   5.2  -0.9 -11.5 
1925 -20.6 -11.7  -6.3  -1.5   5.2  10.5  14.3  14.3   8.2   2.1  -2.2  -8.9 
1926 -16.3 -15.0 -10.1  -2.8   4.5   9.8  13.0  13.1   9.7   5.4  -1.9 -10.2 
1927 -11.9 -17.0  -8.7  -1.1   4.1   8.8  15.1  15.0  10.6   6.3  -2.0 -16.1 
1928 -14.6 -16.3  -8.3  -2.1   6.5   9.8  14.6  14.7   9.0   4.2  -5.1  -8.7 
1929 -11.8 -13.2  -9.8  -3.7   3.1   9.8  12.8  13.4  10.1   4.6  -3.4 -16.4 
1930 -17.2 -13.8  -5.6  -1.0   4.8  11.8  15.6  14.4  10.7   5.3  -0.2  -9.0 
1931 -12.4  -9.5  -1.7   1.2   6.7  11.5  15.5  14.6  10.5   5.6   0.1 -10.0 
1932 -12.9 -17.9  -3.7   1.2   6.2  10.7  14.9  16.2  12.0   5.8  -2.8 -11.8 
1933 -11.7  -8.8  -6.6   0.6   4.4  10.1  14.8  12.4   8.4   4.7  -7.6 -18.8 
1934 -16.9 -18.1 -10.7  -0.1   3.3   9.6  14.4  12.0  11.5   3.8  -2.5 -11.9 
1935 -16.2 -16.3 -11.3  -0.4   4.4  11.5  13.7  15.5   9.7   4.3  -2.6  -6.3 
1936 -10.9 -12.4  -2.7  -0.2   4.4  11.4  14.8  13.6   9.6   4.5  -4.6 -10.5 
1937 -13.2 -12.8  -7.0  -0.3   4.9  10.5  14.7  13.9  10.0   4.4  -3.4 -10.9 
1938 -13.3 -12.1  -9.5  -1.7   5.4  12.3  15.1  14.7  10.1   4.6  -3.3  -8.9 
1939 -12.0 -15.8 -12.9  -2.3   3.1   9.5  15.2  14.3   9.3   4.0  -3.4  -5.7 
1940 -11.5 -11.8  -4.6   0.2   5.6  10.8  14.9  13.2  10.2   2.8  -2.7 -12.7 
1941 -13.4  -7.5  -7.2  -0.2   5.7   9.0  13.4  13.5   9.6   4.0  -3.7  -9.8 
1942 -16.0  -8.8  -3.5  -0.2   5.8   9.8  14.7  12.8   8.5   4.6  -1.4 -14.0 
1943 -13.8 -12.3 -11.2  -2.5   2.6   9.4  14.5  13.2  11.3   5.1  -1.6 -11.1 
1944 -12.2 -12.1  -9.5  -1.4   3.5   9.8  13.7  14.3  11.5   2.8  -0.4 -10.1 
1945  -9.9 -12.4  -8.0  -0.2   4.3   9.9  14.1  13.1   7.8   3.5  -2.7 -10.5 
1946 -15.1 -14.7  -7.9  -1.9   3.4   8.9  12.6  13.7   9.6   4.8  -4.2 -12.2 
1947 -15.4  -7.2  -6.3  -5.4   1.9   9.3  15.8  12.5   7.0   4.3   0.3  -7.3 
1948 -12.0 -17.0 -12.3  -2.1   4.6   9.3  13.2  14.3  10.0   5.0  -0.1  -8.7 
1949 -12.5 -15.9  -6.1  -0.9   4.3  10.0  13.6  13.0   9.7   4.8  -3.3  -9.3 
1950 -16.3 -17.8  -9.7  -1.1   5.2   9.7  12.6  13.0   7.1   3.2  -1.5  -9.2 
1951 -12.1 -10.6  -4.6   2.8   5.7  12.0  14.5  13.8   9.6   3.2  -1.5 -11.6 
1952 -12.6  -9.3  -4.3   0.6   4.3  10.7  16.0  14.0   8.7   3.5  -1.1  -8.3 
1953 -11.0 -10.0  -7.0   2.6   5.4   9.2  14.0  11.4  10.1   4.2  -0.1  -7.8 
1954 -15.5  -8.7  -6.6  -2.9   4.8  10.9  13.1  12.8   8.5   4.5  -1.5  -6.8 
1955  -6.6  -9.8  -7.4  -0.1   5.8  12.3  14.4  13.7   8.7   5.0  -0.3  -9.5 
1956  -4.2 -11.4 -10.1   0.2   2.6   8.8  13.8  12.2   7.8   4.8  -1.8 -11.6 
1957 -20.3 -13.5  -4.3  -1.5   3.4   8.9  13.8  12.3   8.6   4.4  -1.3  -6.8 
1958  -7.0  -5.9  -1.3   1.8   5.9   9.0  13.9  13.0   8.9   3.0  -2.5 -14.9 
1959 -10.5 -16.9 -10.4  -0.4   5.3  10.1  15.1  12.7   8.8   4.2  -1.1  -8.9 
1960 -10.5  -4.6  -7.3  -0.8   6.8  11.0  13.1  12.2   8.8   4.3  -1.1  -8.8 
1961 -16.2 -16.6  -9.4   1.5   4.2  10.0  13.6  12.2  10.8   4.7   0.6  -4.9 
1962 -14.9 -16.4  -1.3  -1.0   4.7  10.4  12.3  13.3   9.5   4.2  -1.5  -9.0 
1963 -10.0 -15.4  -9.7  -0.4   4.6  10.5  13.3  12.8   8.1   4.5   0.4 -11.7 
1964 -13.6  -9.3  -9.1  -1.2   3.7   9.6  12.7  12.7   8.5   3.0  -2.0  -9.8 
1965 -12.3 -12.3  -4.9  -0.6   4.4  10.2  12.1  12.4   8.1   2.6  -3.8  -9.6 
1966  -8.3 -12.1  -4.1   0.4   4.4  10.0  12.4  13.9   9.0   4.3   0.3  -6.1 
1967 -13.2 -15.1 -12.3  -3.5   3.2  10.7  16.5  14.4   9.8   4.6  -0.2  -7.9 
1968 -14.2 -11.4  -8.8  -0.1   5.7   9.6  13.5  10.0  11.3   6.3  -3.3  -7.3 
1969  -8.3  -7.7  -5.9  -4.4   4.2  10.5  12.2  13.6   7.0   2.4   1.5  -4.3 
1970 -14.2 -11.0  -5.7  -1.0   4.4   9.6  15.3  15.1   8.7   5.8  -0.3 -12.5 
1971 -12.3 -12.8  -4.5   1.1   6.1  10.3  14.8  13.2   9.5   3.8  -1.6 -14.0 
1972 -14.9 -16.3 -10.4  -3.5   2.1   9.7  13.9  12.3   9.4   2.5  -3.2 -16.3 
1973 -13.7 -12.2  -7.1  -1.1   4.7  11.2  16.2  14.4   8.5   3.6  -2.0  -5.1 
1974 -19.2 -13.1  -9.8  -3.0   3.8  10.9  13.6  12.9   7.9   1.1  -2.4  -8.1 
1975 -16.4 -15.6  -6.6  -0.1   5.1  11.0  16.3  13.8   9.7   4.3  -1.9 -11.1 
1976 -13.6 -13.8  -9.4  -0.7   5.1  11.2  15.0  13.6  10.1   3.3  -2.6 -12.0 
1977 -11.4 -11.7  -4.5  -1.3   5.4  11.4  13.3  13.3   8.4   4.7   0.5  -8.5 
1978 -13.3  -8.0  -9.8  -1.6   4.6  10.4  15.0  12.1   7.5   3.1  -4.7 -10.2 
1979  -8.2 -12.0  -3.3   1.5   8.7  12.6  14.7  13.5   9.3   4.1  -1.0  -7.9 
1980 -10.9 -12.4  -5.6   0.1   5.2  10.8  13.3  14.8   8.5   3.4  -0.2 -11.9 
1981 -11.6  -6.0  -1.6   0.6   6.1  11.1  14.5  14.1  11.4   5.3  -0.5  -5.0 
1982 -12.7 -15.3  -8.8  -2.0   4.7   9.0  14.4  12.3   8.6   3.2  -1.7  -9.9 
1983 -11.9 -12.0  -5.0   1.2   5.1  11.0  14.3  13.3  10.9   4.5  -1.6  -9.9 
1984 -16.7  -9.2  -7.4  -1.3   5.4   9.6  14.8  15.0   9.9   2.8  -1.9 -10.6 
1985 -13.6 -10.7  -7.4  -1.5   4.0   9.7  15.1  14.1  10.0   3.6  -2.8 -10.7 
1986 -12.0 -10.9 -10.3   0.5   6.2   8.1  13.1  14.1   7.7   2.7  -5.2  -9.7 
1987 -13.0  -8.6  -5.5   1.6   5.6  10.6  15.1  13.7   9.5   5.1  -2.6  -8.7 
1988 -11.7 -14.3  -6.1   1.3   6.5  10.0  15.0  13.4   8.8   4.3   0.6 -12.2 
1989 -14.7 -14.4  -9.6  -0.2   5.6  12.5  14.2  14.3  10.3   2.9  -3.6 -11.8 
1990 -14.0 -17.3  -9.4  -1.0   4.7  10.1  13.1  15.0   9.8   4.3  -1.8  -9.9 
1991 -19.9 -14.3  -5.0  -2.4   5.0  10.3  13.5  13.7   9.2   5.7  -0.4 -14.3 
1992 -13.8 -15.6  -8.6  -1.3   4.8  10.3  12.2  13.2  10.1   4.2  -4.7 -11.1 
1993 -16.0 -17.5 -10.2  -1.1   5.5  10.2  13.1  14.4   9.2   2.2  -3.5  -7.3 
1994 -15.4 -16.6  -7.7  -2.5   4.9  11.1  14.6  12.3   9.6   6.1  -0.5  -9.7 
1995 -14.3 -15.9  -7.9   0.1   6.3  11.1  15.6  13.7   9.2   6.0  -1.6  -9.2 
1996 -13.6  -9.2  -6.2   1.6   4.8  11.7  14.1  15.3   9.5   4.1  -1.4  -4.8 
1997 -12.1 -15.1 -11.3  -0.7   4.5  11.6  16.8  13.2  11.0   4.6  -1.7  -7.3 
1998 -11.6  -9.4  -5.7   1.6   6.8  11.7  15.0  13.1  11.1   4.9  -1.8  -8.5 
1999 -12.5  -8.7  -2.5   1.3   8.4  12.7  15.3  15.0  13.4   4.0  -1.1  -6.9 
2000 -11.2 -12.3  -4.6  -0.9   4.6  10.6  14.9  16.0   9.2   3.7   0.7  -9.0 
2001 -12.8 -13.0  -4.9  -0.5   7.2 -99.0  14.6  15.2  10.6   5.4  -1.0  -5.1 
2002 -15.8 -13.2  -7.9  -1.2   5.1  10.0  14.6  14.9  10.4   3.1  -3.3  -8.5 
2003 -11.7 -14.2 -11.1  -3.7   5.5  11.7  14.9  15.4  12.0   6.4  -0.7  -5.8 
2004 -11.5 -11.1  -7.4   0.8   4.8  10.6  15.5  15.1   8.8   6.1  -1.8  -9.3 
2005 -16.5 -10.9  -5.7   0.1   7.0  12.0  15.9  13.6  11.4   5.6   0.6  -8.0 
2006 -10.1 -11.8  -2.7   2.4   8.5  14.5  16.3  13.4  10.2   5.6   0.8  -8.1 
2007 -11.7 -11.8  -7.8  -1.9   4.6  11.0  15.6  14.2  10.4   5.8  -1.5 -12.5 
2008 -12.6 -12.8 -10.0   0.2   6.7  11.5  16.8  16.3  10.8   5.5   0.4 -10.1 
2009 -15.2 -10.2  -8.7   0.2   4.9  12.1  15.3  14.7   9.3   3.0   0.6  -5.6 
2010  -8.1  -3.5  -3.3   3.2   7.2  10.7  15.8  15.4  11.5   5.5   0.1  -0.4 
2011  -7.9 -13.3  -6.6  -1.4   5.3 -99.0 -99.0 -99.0 -99.0 -99.0 -99.0 -99.0 
