Number= 718460
Name= LANSDOWNE HOUSE
Country= CANAD
Lat=   52.2
Long=   87.9
Height= 256
Start year= 1941
End year= 2007
First Good year= 1941
Source ID= 10
Source file= Jones+Anders
Jones data to= 1989
Normals source= Data
Normals source start year= 1961
Normals source end year= 1989
Normals= -22.5 -19.4 -12.2  -1.9   6.6  13.4  17.1  15.4   9.2   2.7  -7.4 -18.3 
Standard deviations source= Data
Standard deviations source start year= 1941
Standard deviations source end year= 1989
Standard deviations=   2.9   2.9   3.0   2.4   2.5   1.6   1.3   1.6   1.7   2.2   2.5   3.3 
Obs:
1941 -99.0 -99.0 -12.2   0.4   9.1  14.7  18.7  14.3   8.7   2.0  -8.9 -16.5 
1942 -21.1 -17.9  -8.3   0.4   6.5  16.0  14.6  15.2   8.7   4.0 -11.0 -23.1 
1943 -24.2 -17.6 -15.8  -3.4   5.9  11.6  19.1  15.0   9.1   4.6  -7.2 -18.9 
1944 -13.9 -21.0 -14.5  -2.8   7.5  11.7  17.0  16.7  10.7   2.6  -5.9 -16.5 
1945 -24.5 -16.1  -6.4  -5.1   2.4  10.6  16.8  16.3   8.9   0.9  -9.6 -18.7 
1946 -21.9 -22.8  -6.2  -1.9   3.9  13.3  16.7  14.6  11.1   2.2  -8.9 -17.1 
1947 -22.1 -19.5 -11.7  -7.3   1.3  12.9  18.5  17.5   9.4   8.5  -6.7 -18.1 
1948 -22.1 -21.0 -12.8  -2.3   5.9  13.6  17.6  17.0  14.3   6.0  -3.5 -14.1 
1949 -20.8 -23.1 -14.8  -1.2   5.7  15.1  16.3  15.2   7.5   2.4  -8.6 -18.0 
1950 -28.2 -21.3 -16.1  -7.8   4.5  10.1  15.8  13.5   9.9   2.6  -7.4 -19.3 
1951 -23.2 -17.7 -11.8  -2.1   8.8  14.1  16.0  14.7   8.5   1.2 -10.5 -19.3 
1952 -22.5 -18.7 -12.4   1.5   8.0  13.2  16.9  16.0   9.5  -0.1  -5.7 -10.4 
1953 -20.7 -17.9  -9.1  -1.4   4.6  13.0  16.7  17.9   8.3   5.3  -3.4 -17.0 
1954 -26.3 -12.6 -13.8  -5.1   2.6  14.5  17.5  15.3   8.8   3.5  -5.7 -14.2 
1955 -21.5 -19.7 -16.6   2.0   8.1  17.6  19.0  17.6   8.4   3.7  -6.8 -19.2 
1956 -19.3 -18.7 -15.7  -5.1   0.8  14.3  15.7  14.6   6.4   4.9  -6.7 -21.8 
1957 -26.1 -17.7 -11.1  -2.7   5.5  12.1  18.2  14.7  10.3   4.7  -8.9 -16.6 
1958 -18.0 -21.8  -8.8  -1.2   3.4  10.8  16.2  13.4   9.7   3.2  -5.8 -21.2 
1959 -24.6 -20.4 -11.1  -4.2   4.6  13.1  18.0  15.6  10.9  -0.5 -12.6 -14.7 
1960 -19.5 -17.6 -15.6  -4.4   7.8  14.4  16.4  16.7   9.9   2.6  -7.5 -19.8 
1961 -23.2 -17.2 -11.3  -2.7   5.3  13.0  18.6  16.4   9.5   2.5  -5.9 -18.4 
1962 -25.5 -23.6  -9.8  -4.7   6.3  15.2  16.7  14.6   8.7   4.8  -6.1 -19.5 
1963 -25.6 -21.9 -14.5  -1.5   4.9  14.1  19.1  15.0   8.7   9.0  -5.8 -19.4 
1964 -19.0 -16.6 -17.9  -2.1   8.2  12.5  17.6  12.7   8.7   2.8  -7.6 -21.6 
1965 -23.3 -22.8 -15.8  -1.7   6.2  13.1  13.9  12.4   7.1   2.4  -9.4 -15.0 
1966 -23.8 -18.1 -11.0  -2.9   3.7  14.0  17.8  14.8  10.7   1.1 -13.0 -19.3 
1967 -23.0 -25.0 -13.1  -5.6   2.1  13.9  16.4  15.5  12.5   2.0  -8.2 -15.6 
1968 -22.9 -20.4  -8.9  -0.8   8.1  12.8  14.6  13.4  13.7   3.4  -7.5 -16.5 
1969 -19.9 -16.4 -15.2  -0.2   4.3   8.8  17.3  17.8   7.3  -0.1  -6.9 -13.8 
1970 -23.0 -23.0 -11.3  -3.1   4.0  14.3  18.2  16.2   9.5   5.3  -6.3 -21.4 
1971 -22.8 -16.5 -12.5  -1.8   5.5  14.6  14.7  14.9  10.7   5.1  -7.4 -17.6 
1972 -26.5 -24.1 -14.7  -3.4   8.0  14.7  15.3  15.7   7.5  -0.3 -10.0 -23.9 
1973 -18.8 -19.6  -6.5  -3.9   5.3  13.0  17.0  18.3   9.2   5.7  -7.0 -20.8 
1974 -26.5 -21.6 -16.4  -4.1   2.8  12.7  18.2  14.2   6.2  -0.1  -5.0 -12.8 
1975 -22.0 -17.6 -12.9  -3.3   9.0  15.6  17.3  15.1   8.7   3.5  -4.9 -19.7 
1976 -23.9 -17.2 -15.3  -0.2   5.9  15.4  17.6  16.4   9.5   1.4  -8.5 -25.7 
1977 -22.5 -17.7  -7.1   0.6  11.0  13.4  16.3  12.6   9.7   5.3  -5.0 -18.9 
1978 -22.7 -18.0 -14.0  -3.3   8.1  11.2  16.4  14.1   7.9   2.2  -9.3 -21.3 
1979 -23.4 -24.1 -12.0  -1.7   5.9  13.9  17.6  13.2   7.8   0.5  -7.8 -13.6 
1980 -21.9 -20.7 -12.6  -0.4   9.5  12.5  17.6  16.5   7.0  -0.6  -7.9 -20.2 
1981 -17.8 -13.7  -7.2  -4.4   5.8  12.6  19.3  17.8   8.8   1.9  -1.7 -16.2 
1982 -26.8 -19.8 -12.2  -5.2   9.3  10.6  17.3  13.2   9.7   3.7  -7.7 -16.3 
1983 -19.3 -17.7 -12.3  -2.6   2.6  15.0  19.3  18.7  11.4   4.3  -4.1 -22.7 
1984 -24.5 -12.3 -14.0   3.5   6.4  14.2  18.0  18.9   7.9   4.5  -6.5 -19.6 
1985 -22.3 -20.4  -9.7  -2.8   6.5  12.0  15.7  15.2   9.4   3.2 -11.7 -20.6 
1986 -21.8 -18.8 -10.6   0.6  10.2  12.1  17.0  15.3   7.5   1.6 -13.7 -12.3 
1987 -15.3 -14.0  -7.6   3.5   9.4  14.9  17.0  14.6  11.6   0.5  -5.6 -10.8 
1988 -23.5 -22.1 -11.6   0.6   8.9  15.1  18.3  16.8   9.6   1.3  -5.5 -19.9 
1989 -21.1 -20.6 -15.1  -2.7   9.1  13.5 -99.0 -99.0 -99.0 -99.0 -99.0 -99.0 
1990 -99.0 -99.0 -99.0 -99.0 -99.0 -99.0 -99.0 -99.0 -99.0 -99.0 -99.0 -99.0 
1991 -99.0 -99.0 -99.0 -99.0 -99.0 -99.0 -99.0 -99.0 -99.0 -99.0 -99.0 -99.0 
1992 -99.0 -99.0 -99.0 -99.0 -99.0 -99.0 -99.0 -99.0 -99.0 -99.0 -99.0 -99.0 
1993 -99.0 -99.0 -99.0 -99.0 -99.0 -99.0 -99.0 -99.0 -99.0 -99.0 -99.0 -99.0 
1994 -99.0 -99.0 -99.0 -99.0 -99.0 -99.0 -99.0 -99.0 -99.0 -99.0 -99.0 -99.0 
1995 -99.0 -99.0 -99.0 -99.0 -99.0 -99.0 -99.0 -99.0 -99.0 -99.0 -99.0 -99.0 
1996 -99.0 -99.0 -99.0 -99.0 -99.0 -99.0 -99.0 -99.0 -99.0 -99.0 -99.0 -99.0 
1997 -99.0 -99.0 -99.0 -99.0 -99.0 -99.0 -99.0 -99.0 -99.0 -99.0 -99.0 -99.0 
1998 -99.0 -99.0 -99.0 -99.0 -99.0 -99.0 -99.0 -99.0 -99.0 -99.0 -99.0 -99.0 
1999 -99.0 -99.0 -99.0 -99.0 -99.0 -99.0 -99.0 -99.0 -99.0 -99.0 -99.0 -99.0 
2000 -99.0 -99.0 -99.0 -99.0 -99.0 -99.0 -99.0 -99.0 -99.0 -99.0 -99.0 -99.0 
2001 -99.0 -99.0 -99.0 -99.0 -99.0 -99.0 -99.0 -99.0 -99.0 -99.0 -99.0 -99.0 
2002 -99.0 -99.0 -99.0 -99.0 -99.0 -99.0 -99.0 -99.0 -99.0 -99.0 -99.0 -99.0 
2003 -99.0 -99.0 -99.0 -99.0 -99.0 -99.0 -99.0 -99.0 -99.0 -99.0 -99.0 -99.0 
2004 -99.0 -99.0 -99.0 -99.0 -99.0 -99.0 -99.0 -99.0 -99.0 -99.0 -99.0 -99.0 
2005 -99.0 -99.0 -99.0 -99.0 -99.0 -99.0 -99.0 -99.0 -99.0 -99.0 -99.0 -99.0 
2006 -99.0 -99.0 -99.0 -99.0 -99.0 -99.0 -99.0 -99.0 -99.0 -99.0 -99.0 -99.0 
2007 -99.0 -99.0 -99.0 -99.0 -99.0 -99.0 -99.0 -99.0 -99.0 -99.0 -99.0 -99.0 
