Number= 718920
Name= VANCOUVER INT'L A, B
Country= CANADA
Lat=   49.2
Long=  123.2
Height= 3
Start year= 1951
End year= 2007
First Good year= 1951
Source ID= 10
Source file= Jones+Anders
Jones data to= 2001
Normals source= Data
Normals source start year= 1961
Normals source end year= 1990
Normals=   3.0   4.7   6.3   8.8  12.1  15.2  17.2  17.4  14.3  10.0   6.0   3.5 
Standard deviations source= Data
Standard deviations source start year= 1951
Standard deviations source end year= 1990
Standard deviations=   2.0   1.5   1.2   0.9   0.9   1.1   1.0   1.0   1.0   0.8   1.5   1.7 
Obs:
1951   2.5   3.4   3.3   8.9  12.4  16.3  18.0  16.6  14.3   9.7   5.6   1.4 
1952   1.7   4.3   5.6   9.0  12.0  13.8  17.7  17.2  14.8  11.0   5.1   5.2 
1953   5.9   4.9   6.3   9.2  13.0  14.3  17.8  17.4  14.6  10.7   8.0   5.3 
1954   0.4   5.1   4.5   7.7  12.6  13.6  15.6  16.1  14.3   9.3   8.8   4.8 
1955   3.6   3.0   3.5   7.5  10.6  14.0  15.8  16.2  13.7   9.7   3.0   2.2 
1956   3.0   1.7   4.9   9.6  13.6  14.1  18.3  17.7  13.9   9.4   5.0   4.1 
1957  -1.1   2.2   6.6   9.9  14.6  16.0  16.4  16.9  16.0   9.9   6.0   5.7 
1958   6.0   7.6   6.9   9.7  15.2  18.0  20.6  18.7  14.6  10.3   5.4   5.2 
1959   3.8   4.0   6.5   9.1  12.2  15.8  18.1  16.4  13.7  10.3   5.3   4.3 
1960   2.7   4.9   5.9   9.9  12.0  15.2  18.6  16.7  13.6  11.1   6.4   4.1 
1961   4.9   6.5   7.7   9.3  12.8  16.8  18.8  19.0  13.7   8.9   5.1   3.7 
1962   2.9   5.4   4.9   9.8  11.4  15.3  17.2  16.6  14.6  11.2   7.8   5.3 
1963   0.7   6.9   5.9   9.1  12.7  15.0  16.2  17.6  16.0  11.4   6.3   4.4 
1964   4.5   4.2   5.8   7.9  11.0  14.5  16.1  16.3  13.0   9.6   4.8   0.7 
1965   2.1   4.5   4.5   9.1  10.7  14.8  17.6  17.2  12.9  11.0   7.2   3.2 
1966   2.9   4.4   6.1   8.4  11.5  14.0  16.0  17.2  15.0   9.6   6.5   5.9 
1967   4.5   5.1   5.2   7.4  12.2  16.8  17.5  19.1  15.7  11.0   6.7   3.9 
1968   3.8   5.5   7.6   8.4  12.5  15.0  17.9  16.3  13.7   9.7   6.7   1.2 
1969  -2.9   3.0   6.0   8.4  13.2  17.3  17.1  15.8  14.0   9.7   6.5   5.3 
1970   3.1   5.3   6.2   7.9  11.5  16.0  17.1  16.5  12.6   8.6   5.1   2.9 
1971   2.1   4.0   4.4   8.2  11.8  13.5  17.2  18.4  13.1   9.0   6.4   0.7 
1972   0.7   3.9   7.0   7.0  12.6  14.6  16.9  17.8  12.4   7.9   6.1   1.8 
1973   2.3   4.8   6.3   8.6  12.1  14.3  16.8  15.7  14.8   9.7   4.2   5.3 
1974   2.6   4.6   6.1   9.0  10.6  14.5  15.9  17.3  15.7  10.3   6.4   5.4 
1975   2.4   2.5   5.1   7.2  11.7  14.3  18.0  15.8  14.1   9.6   5.6   3.0 
1976   4.3   4.3   4.4   8.7  11.6  13.7  16.9  15.9  14.8  10.1   6.0   5.5 
1977   2.3   6.8   6.0   9.6  11.4  15.3  16.6  18.8  13.2   9.5   5.0   3.0 
1978   3.5   5.6   7.3   9.2  11.8  16.3  18.1  17.3  13.7  10.4   4.1   2.0 
1979   0.1   3.9   7.2   8.9  12.8  15.1  17.9  17.7  15.5  10.5   4.8   5.9 
1980   0.5   5.7   5.7  10.0  12.3  14.2  16.6  16.4  13.9  10.8   7.0   4.9 
1981   5.5   5.2   7.8   8.7  12.5  13.9  17.1  18.8  15.0   9.3   7.6   3.9 
1982   1.9   4.2   5.5   7.7  12.1  16.7  17.0  16.8  14.6  10.2   4.2   4.1 
1983   6.2   6.4   8.2   9.3  13.7  15.3  16.7  17.7  13.5   9.5   7.6   0.7 
1984   4.4   6.2   7.9   8.8  11.3  14.7  17.2  17.5  13.9   8.8   6.0   0.7 
1985   1.5   3.3   5.2   8.6  12.2  14.9  19.3  17.0  13.1   9.6   0.1   1.8 
1986   6.1   3.7   7.9   8.0  12.5  15.8  16.1  18.7  14.4  10.8   6.2   4.6 
1987   4.4   6.5   8.0  10.4  13.0  16.0  17.5  17.7  15.8  11.0   8.3   3.6 
1988   3.5   5.6   6.8   9.6  12.3  15.1  17.6  17.7  14.5  11.3   7.0   4.8 
1989   3.5   0.8   5.8  10.4  12.8  16.1  17.4  17.2  15.3  10.5   7.0   5.0 
1990   4.3   2.1   6.5  10.3  12.7  15.4  18.7  19.0  16.0   9.9   7.0   0.8 
1991   1.6   7.1   5.4   8.8  12.3  14.5  17.8  18.0  14.9   9.2   7.1   5.6 
1992   5.8   6.6   8.5  10.6  13.6  17.2  18.4  17.8  13.9  11.3   6.4   1.9 
1993  -0.4  -0.4   7.4  10.0  14.7  15.8  16.4  17.6  14.8  11.4   4.5   6.3 
1994   6.3   3.7   7.2  10.9  13.8  15.0  18.5  18.5  15.7  10.2   4.9   4.4 
1995   4.6   5.3   7.1   9.6  14.2  16.7  18.5  16.5  16.6  10.4   8.0   4.8 
1996   2.9   4.2   6.8  10.4  11.8  15.2  18.2  18.2  13.7   9.6   5.1   1.9 
1997   3.9   5.1   6.3   9.0  14.1  15.6  17.6  19.0  16.0  10.4   7.4   4.9 
1998   4.8   7.1   7.9   9.7  13.4  16.5  19.2  19.1  16.1  10.8   7.9   3.7 
1999   5.0   5.5   6.4   8.7  11.1  14.5  16.6  18.3  14.6   9.6   7.7   4.9 
2000   3.5   5.0   7.0   9.7  11.7  15.6  17.5  17.1  15.0  10.5   5.5   3.5 
2001   5.1   3.9   6.7   8.8  12.3  14.7  17.2  17.5  14.8 -99.0 -99.0 -99.0 
2002 -99.0 -99.0 -99.0 -99.0 -99.0 -99.0 -99.0 -99.0 -99.0 -99.0 -99.0 -99.0 
2003 -99.0 -99.0 -99.0 -99.0 -99.0 -99.0 -99.0 -99.0 -99.0 -99.0 -99.0 -99.0 
2004 -99.0 -99.0 -99.0 -99.0 -99.0 -99.0 -99.0 -99.0 -99.0 -99.0 -99.0 -99.0 
2005 -99.0 -99.0 -99.0 -99.0 -99.0 -99.0 -99.0 -99.0 -99.0 -99.0 -99.0 -99.0 
2006 -99.0 -99.0 -99.0 -99.0 -99.0 -99.0 -99.0 -99.0 -99.0 -99.0 -99.0 -99.0 
2007 -99.0 -99.0 -99.0 -99.0 -99.0 -99.0 -99.0 -99.0 -99.0 -99.0 -99.0 -99.0 
