Number= 718980
Name= Prince Rupert A
Country= CANADA
Lat=   54.3
Long=  130.4
Height= 34
Start year= 1908
End year= 2011
First Good year= 1908
Source ID= 36
Source file= Jones+Anders
Jones data to= 1999
Normals source= Data
Normals source start year= 1961
Normals source end year= 1990
Normals=   1.0   2.5   3.6   5.6   8.4  10.9  12.9  13.2  11.3   8.0   3.8   1.6 
Standard deviations source= Data
Standard deviations source start year= 1941
Standard deviations source end year= 1990
Standard deviations=   3.1   1.9   1.3   1.0   1.0   0.9   0.7   0.8   0.8   1.1   2.1   2.2 
Obs:
1908 -99.0 -99.0 -99.0 -99.0 -99.0 -99.0 -99.0  12.5   9.8   6.0   4.6   2.0 
1909  -5.7  -0.4   3.3   3.8   7.5  10.5  12.2  11.3  11.5   7.3   1.9  -0.9 
1910  -0.7  -0.3   2.9   5.3   8.3  10.5  12.6  13.0  11.5   7.3   2.8   3.6 
1911  -4.2   0.6   2.1   2.7   7.1   9.1  13.0  13.0  12.2   8.2   1.8   1.9 
1912   0.4   4.4   4.1   5.4  10.5  10.6  13.5  11.9  11.8   8.3   4.0   3.0 
1913  -2.4   2.1   2.3   5.5   8.5  12.5  12.8  13.5  11.0   6.4   4.9   4.4 
1914   1.0   3.8   5.4   7.5   9.1  11.8  12.1  12.5  10.2  10.0   4.0   0.9 
1915   4.0   3.5   7.3   6.7  10.9  11.4  13.8  14.6  11.7   7.2   2.9   2.3 
1916  -7.5   1.5   2.5   5.5   7.4  10.6  12.1  13.4  10.7   7.5   3.5  -0.1 
1917  -1.7  -0.4   1.4   5.5   8.0   9.6  11.7  13.3  11.1   6.9   6.6  -1.3 
1918   2.1  -0.2   0.7   4.4   6.6  10.4  13.6  12.5  12.2   7.8   3.5   1.5 
1919   2.1   0.3   1.2   5.9   6.5   9.0  12.0  13.2  12.4   6.1   2.8   1.3 
1920  -0.7   2.8   2.0   3.7   7.7   9.6  12.0  12.3   9.5   5.6   4.1   1.8 
1921  -0.3   1.5   1.8   4.9   7.1  10.2  12.0  12.4  10.6   8.1   2.4   0.9 
1922   0.4  -2.1   2.1   4.5   7.8  10.7  12.1  13.2  10.6   8.0   5.9  -0.4 
1923   0.1   1.2   2.9   6.1   8.3  11.7  13.5  14.4  12.4  10.0   6.7   2.1 
1924   2.4   3.4   4.6   4.8   9.3  11.3  12.9  12.7  11.3   7.9   3.8   0.4 
1925   0.6   1.4   2.7   5.7   9.4  11.1  13.1  13.4  11.1   7.2   4.8   5.6 
1926   5.1   4.1   6.2   7.4   8.5  11.7  13.2  14.0  10.9   8.3   5.8   3.0 
1927   1.0   2.7   3.5   4.2   8.3  11.9  14.1  14.1  11.4   6.9   0.6  -0.9 
1928   2.2   2.7   4.4   6.0   9.1  12.0  13.8  12.8  11.1   7.4   5.5   3.4 
1929   0.7   0.6   3.3   4.8   8.3  11.3  12.2  13.2  12.4   8.9   5.5   0.5 
1930  -2.7   2.3   2.7   5.6   7.3  10.5  12.8  15.3  11.5   6.5   4.7   5.5 
1931   4.9   3.4   4.1   6.8   8.5  11.6  12.7  13.4  11.1   7.8   2.2   2.3 
1932  -0.2   0.9   4.0   7.0   8.4  10.8  11.7  12.9  10.1   8.2   3.7   0.3 
1933   0.2   0.2   2.9   4.8   8.2   9.5  11.1  14.3   9.6   5.7   5.5  -4.3 
1934   1.8   4.5   4.5   6.5   8.9  10.5  12.3  13.2  10.6   7.6   5.3   1.5 
1935  -1.4   3.6   0.6   4.2   7.5  10.1  12.8  12.3  10.8   5.8   3.1   4.2 
1936   0.3  -5.7   0.4   4.8   8.0  12.0  12.6  13.7  10.7   8.7   5.7   0.7 
1937  -1.8  -1.1   5.5   5.6   8.3  11.6  13.1  12.3  12.4   9.9   5.0   1.7 
1938   3.0   1.8   4.0   6.5   8.4  10.1  12.7  12.9  12.7   9.0   4.1   2.8 
1939   3.2   0.6   3.0   5.3   8.5  10.3  12.8  12.4  10.7   7.2   5.3   4.9 
1940   4.2   2.8   5.2   7.7   9.1  10.5  13.4  12.5  12.5   9.0   3.6   3.4 
1941   3.2   2.8   5.6   7.7   9.1  12.5  14.1  14.8  11.0   8.4   5.1   1.6 
1942   5.1   3.4   4.0   6.1  10.1  11.9  14.8  13.6  11.9   8.2   2.9   2.3 
1943  -2.1   3.1   2.4   6.2   7.6  10.5  11.9  12.8  12.0   9.3   7.2   4.8 
1944   3.9   3.3   2.9   6.5   8.7  11.8  13.0  12.7  11.7  10.2   5.7   2.6 
1945   3.9   2.7   3.2   4.9  10.2  10.4  12.4  12.6  10.5   7.9   2.1   1.6 
1946   2.2   2.3   3.0   4.8  10.7  12.1  12.3  13.4  10.9   6.4   2.0   1.0 
1947  -1.3   2.6   4.8   6.3   9.2  10.9  12.8  12.7  11.2   7.6   4.4   3.4 
1948   2.1  -0.6   2.6   3.7   9.5  12.3  13.0  12.1  10.3   6.9   3.3  -1.4 
1949  -1.1  -1.1   3.8   4.7   8.5   9.2  11.4  12.3  11.9   7.5   7.2  -1.0 
1950  -8.4   1.6   3.1   4.4   6.7  11.0  12.4  13.0  11.3   6.3   1.1   3.6 
1951  -0.4   0.8  -0.2   5.1   8.2  11.3  13.4  13.3  11.4   6.4   4.1  -0.4 
1952  -1.1   1.3   2.1   4.4   8.4   9.6  13.5  13.4  11.8   9.8   4.2   3.4 
1953  -0.8   3.1   3.3   6.5   9.8  10.8  13.0  13.4  11.0   8.7   5.1   3.7 
1954  -2.5   1.3   2.3   3.0   9.1  10.6  12.1  13.8  12.0   7.8   7.3   2.2 
1955   2.8   1.1   0.9   4.6   6.7  10.1  12.0  11.5  10.5   6.1  -0.4  -2.0 
1956  -0.5  -1.0   1.9   4.9   9.0   9.5  12.8  13.0  10.2   5.8   4.0   2.4 
1957  -2.8  -0.1   3.5   5.5   9.2  11.0  12.1  14.0  13.0   7.8   5.3   2.3 
1958   4.5   3.8   4.1   6.8   9.9  13.8  14.4  13.6  10.6   8.3   2.8   2.9 
1959   0.8   1.4   3.5   5.5   8.4  11.0  13.4  11.9  10.5   8.4   3.7   3.8 
1960   1.7   3.0   3.2   6.8   8.7  10.2  13.0  12.4  10.8   8.8   4.5   4.2 
1961   3.8   3.4   4.8   5.9   9.5  11.3  14.2  13.9  10.9   6.8   2.7   1.6 
1962   3.1   2.3   2.3   6.1   6.7   9.9  11.9  12.5  11.0   8.4   5.2   4.0 
1963   1.6   6.1   2.7   5.7   8.9  10.0  12.4  13.4  13.1   8.8   2.7   3.1 
1964   2.3   3.7   2.8   4.7   7.1  11.3  12.5  12.7  10.9   8.2   2.8  -3.3 
1965   0.1   2.1   2.7   5.6   6.9  10.0  12.5  13.0  10.7   8.8   3.3   0.5 
1966  -1.3   3.1   3.9   4.6   7.0  10.6  12.8  12.6  11.7   6.9   3.7   3.0 
1967   1.6   3.8   1.3   4.2   8.3  11.7  12.7  14.3  12.9   8.6   4.6   1.7 
1968  -0.1   2.7   5.1   4.7   9.6  10.7  13.7  13.3  10.9   7.4   5.4  -2.6 
1969  -9.0   0.7   3.1   5.5   9.7  12.3  12.3  11.7  11.5   8.4   6.6   4.9 
1970  -0.4   5.3   4.8   4.8   7.7  10.9  11.8  11.9  10.8   8.2   1.9  -0.9 
1971  -1.2   1.3   2.1   5.2   7.0  10.3  13.0  13.7  11.0   6.6   4.7  -2.1 
1972  -3.9  -0.6   3.3   3.0   8.6  10.4  12.9  13.7   9.6   6.9   5.6   0.1 
1973   0.4   2.1   3.6   5.7   8.2  10.2  12.4  11.7  11.0   6.8  -1.3   2.5 
1974  -2.1   2.5   2.8   5.9   7.6   9.8  11.7  13.6  12.2   8.7   5.0   4.5 
1975   0.6  -1.6   1.7   4.6   8.0   9.4  13.1  11.8  11.3   7.5   3.0   3.1 
1976   3.1   1.0   1.8   5.7   7.7   9.8  12.9  12.4  11.5   7.0   4.6   4.0 
1977   1.7   6.0   3.3   6.2   7.8  10.9  12.2  14.3  10.1   7.3   2.0  -1.8 
1978  -0.6   3.2   3.3   6.4   8.0  11.7  12.7  13.6  10.6   8.9   3.0   0.9 
1979  -1.4   0.3   4.1   5.7   8.6  10.3  13.8  14.0  12.4   7.9   3.9   3.6 
1980  -1.0   4.1   3.2   7.0   9.0  11.9  13.5  12.6  10.6   9.5   6.5   0.6 
1981   6.4   3.0   5.5   5.7  10.4  10.9  13.7  14.0  12.1   7.8   5.6   2.4 
1982  -1.3   0.7   2.8   4.1   7.6  11.6  12.8  12.5  12.0   7.8   2.2   2.6 
1983   4.5   5.5   5.1   6.9   9.9  12.1  13.3  13.9  10.7   8.2   4.7  -1.7 
1984   4.1   4.7   6.3   6.0   8.2  10.7  12.7  13.6  11.1   6.7   2.9  -0.2 
1985   4.7   2.0   3.0   4.8   7.9  10.3  13.1  12.6  10.4   6.9  -3.1   2.8 
1986   4.6   0.2   6.5   5.6   8.4  11.3  12.8  13.5  11.1  10.9   4.8   3.9 
1987   3.9   4.8   4.5   6.3   8.8  11.0  13.0  14.1  12.0   8.7   6.8   3.7 
1988   1.0   3.4   5.0   5.8   9.1  10.9  12.5  13.4  11.0   9.2   5.3   1.7 
1989   1.9  -1.9   3.0   7.0   9.1  11.6  14.0  13.8  12.3   8.0   5.3   6.2 
1990   2.4   0.6   4.8   7.1   9.9  12.3  14.2  15.1  11.9   6.8   3.1   0.6 
1991  -1.4   4.4   1.7   5.8   8.6  11.1  13.1  13.3  12.1   6.8   6.2   5.3 
1992   4.7   4.6   5.3   6.8   8.8  11.9  13.1  13.6  10.1   7.3   6.0   0.5 
1993  -0.9   3.1   4.0   7.6  11.2  12.2  13.7  13.7  11.1   8.9   4.6   4.6 
1994   5.1  -0.1   5.1   7.1   9.0  11.7  13.5  14.5  11.8   7.7   2.8   1.9 
1995   1.6   2.1   4.3   7.4   9.1  11.6  13.3  13.8  11.4   8.1   4.2   3.1 
1996  -2.5   2.7   3.9   7.0   8.0  11.0  12.7  13.5  10.7   7.7   1.7  -1.0 
1997   1.8   4.4   3.2   6.6  10.3  12.2  14.4  15.2  13.0   8.2   5.1   5.6 
1998   0.6   5.7   5.2   6.2   9.5  11.8  14.2  13.7 -99.0   8.9   4.6   2.3 
1999   2.0   2.7   4.1   5.6   7.3  10.7  12.3  13.4  10.7   7.9   5.5   4.1 
2000  -0.2   2.1 -99.0   5.8   7.7  11.5  13.7  13.3  11.4   8.1   6.0   1.8 
2001 -99.0 -99.0 -99.0 -99.0 -99.0 -99.0 -99.0 -99.0 -99.0 -99.0 -99.0 -99.0 
2002 -99.0 -99.0 -99.0 -99.0 -99.0 -99.0 -99.0 -99.0 -99.0 -99.0 -99.0 -99.0 
2003 -99.0 -99.0 -99.0 -99.0 -99.0 -99.0 -99.0 -99.0 -99.0 -99.0 -99.0 -99.0 
2004 -99.0 -99.0 -99.0 -99.0 -99.0 -99.0 -99.0 -99.0 -99.0 -99.0 -99.0 -99.0 
2005 -99.0 -99.0 -99.0 -99.0 -99.0 -99.0 -99.0 -99.0 -99.0 -99.0 -99.0 -99.0 
2006 -99.0 -99.0 -99.0   6.2   9.8  12.8  14.2  13.6  12.6   8.3   1.2   5.0 
2007   2.7   3.8   3.5   6.3   9.3  12.1  14.9  14.8  12.1   8.3   4.5   0.9 
2008   1.2   3.1   4.0   5.1   9.5  10.7  12.5  13.6  12.0   8.3   6.3  -0.5 
2009   1.7   1.0   2.2   6.2   9.2  12.6  14.1  14.3  12.5   8.5   5.1   0.5 
2010   4.7   5.5   5.3   6.7   9.9  11.7  13.3 -99.0 -99.0 -99.0 -99.0 -99.0 
2011 -99.0  -2.2   4.3   5.4   9.0 -99.0 -99.0 -99.0 -99.0 -99.0 -99.0 -99.0 
