Number= 719011
Name= INDIAN HOUSE LAKE
Country= CANADA
Lat=   56.2
Long=   64.7
Height= 306
Start year= 1944
End year= 1964
First Good year= 1944
Source ID= 10
Source file= Jones
Jones data to= 1964
Normals= -99.0 -99.0 -99.0 -99.0 -99.0 -99.0 -99.0 -99.0 -99.0 -99.0 -99.0 -99.0 
Standard deviations source= Data
Standard deviations source start year= 1944
Standard deviations source end year= 1964
Standard deviations=   4.4   5.2   4.2   3.6   2.1   2.1   0.8   0.6   1.1   1.5   2.4   3.9 
Obs:
1944 -99.0 -99.0 -99.0 -99.0 -99.0 -99.0 -99.0 -99.0   7.8  -3.1 -10.5 -19.0 
1945 -24.6 -99.0 -17.5  -8.2   2.0   8.4  11.3  10.6   3.7 -99.0  -9.9 -20.2 
1946 -99.0 -99.0 -99.0 -99.0 -99.0 -99.0 -99.0 -99.0 -99.0 -99.0 -99.0 -99.0 
1947 -99.0 -99.0 -99.0 -99.0 -99.0 -99.0 -99.0 -99.0   4.6   1.3  -5.3 -12.5 
1948 -25.7 -27.0 -22.0 -12.3  -0.5   7.4  13.4  11.5   7.0   1.7  -6.5 -17.7 
1949 -22.9 -99.0 -99.0 -99.0  -1.6   9.1  12.1  10.0   6.7  -0.2 -12.1 -16.6 
1950 -29.1 -29.2 -15.0  -7.1   2.2   6.9  11.9  10.6   4.3  -2.4  -8.7 -14.2 
1951 -25.5 -19.7 -13.7  -2.9  -0.6  10.2  12.4  11.2   5.8  -2.5 -11.3 -20.5 
1952 -24.8 -23.0 -12.9  -7.9   4.1   8.3  13.8  10.6   5.3  -2.4  -9.4 -12.0 
1953 -25.1 -23.2 -15.8  -0.5   1.0   6.7  12.5   9.8   4.7  -1.7  -6.7 -23.5 
1954 -29.2 -20.3 -14.1 -13.7   1.8  11.4  12.3  10.9   6.2  -0.5 -11.8 -17.7 
1955 -18.8 -22.3 -17.0  -8.8   2.0  10.4  11.5  11.5   5.5   1.2  -3.1 -14.1 
1956 -17.0 -21.1 -18.4  -8.2  -4.3   3.0  11.9  10.0   4.3  -0.4 -10.8 -27.2 
1957 -31.2 -23.3  -9.1  -7.9  -2.8   7.6  12.4   9.9   6.2  -0.6  -8.4 -15.8 
1958 -15.7 -13.7  -9.5  -9.7   1.5   5.9  11.7   9.8   5.3  -3.4  -9.1 -21.0 
1959 -15.9 -27.7 -19.6  -7.6   1.8   7.4  13.7  11.6   5.9  -1.6 -11.5 -17.5 
1960 -20.3  -8.7 -20.2 -10.9   1.9   9.1  11.3  11.0   4.8   0.0  -8.6 -18.1 
1961 -25.7 -24.5 -17.9  -2.6   1.1 -99.0  12.4  11.7   5.9  -0.8  -5.2  -9.8 
1962 -27.4 -29.4  -8.9 -14.4  -1.1   5.9  12.1  11.1   5.8  -0.8  -8.2 -19.3 
1963 -22.3 -21.1 -20.4  -5.6  -2.0   5.5  11.1  10.5   3.4  -1.6  -6.8 -19.3 
1964 -23.4 -21.4 -21.9 -10.0  -0.7   5.5  12.1  10.0   5.2  -3.0 -10.3 -18.7 
