Number= 719090
Name= Iqaluit A
Country= CANADA
Lat=   63.8
Long=   68.5
Height= 34
Start year= 1946
End year= 2007
First Good year= 1946
Source ID= 36
Source file= Jones+Anders
Jones data to= 2001
Normals source= Data
Normals source start year= 1961
Normals source end year= 1990
Normals= -25.9 -26.9 -23.6 -14.8  -4.3   3.4   7.7   6.8   2.3  -5.0 -12.8 -22.2 
Standard deviations source= Data
Standard deviations source start year= 1946
Standard deviations source end year= 1990
Standard deviations=   4.6   4.7   4.3   2.7   2.2   1.3   1.2   0.9   1.2   2.5   2.9   4.3 
Obs:
1946 -30.6 -24.7 -20.6 -15.2  -2.4   2.8   7.0   7.0   0.8  -5.6  -8.7 -20.9 
1947 -24.5 -14.8 -18.7 -12.8  -4.8   3.0   7.0   5.8   2.0  -3.9  -7.4 -15.5 
1948 -27.4 -26.4 -25.7 -14.2  -4.0   4.7  10.6   8.3   4.3  -2.6  -9.3 -23.9 
1949 -28.5 -33.5 -22.9 -17.2  -5.9   5.3   8.3   8.5   2.0  -3.7 -12.6 -19.7 
1950 -32.6 -30.0 -17.7 -12.4  -2.7   4.1   7.8   6.2   2.5  -6.5 -13.3 -14.5 
1951 -30.0 -28.8 -17.6 -11.0  -3.9   4.9   7.7   6.3   3.5  -5.8 -13.5 -24.9 
1952 -28.5 -27.9 -20.1 -13.7   0.4   5.0   8.7   6.3   2.4  -7.8 -10.7 -15.9 
1953 -27.9 -24.6 -23.2  -4.3  -1.6   3.1   6.4   7.4   1.7  -5.3 -14.8 -29.8 
1954 -30.8 -28.9 -18.6 -16.1  -0.5   3.6   9.9   8.9   3.6  -4.8 -17.2 -22.3 
1955 -22.3 -23.2 -20.4 -13.7   0.5   6.1   9.2   8.0   1.6   0.6 -10.9 -16.2 
1956 -25.5 -21.1 -22.6 -10.7  -6.3   3.2   7.2   6.9   1.6  -5.8 -16.9 -27.1 
1957 -33.8 -25.9 -18.3 -15.5  -5.2   3.4   9.0   6.8   4.1  -6.2 -14.8 -20.7 
1958 -21.8 -22.4 -17.4 -14.9  -1.6   4.0   7.6   6.1   3.0  -4.8 -17.2 -18.0 
1959 -18.7 -31.0 -27.4 -15.5  -2.7   2.2   7.1   6.5   2.2  -9.0 -11.2 -19.5 
1960 -21.4 -15.1 -26.4 -18.2  -1.4   3.9   8.2   7.0   2.8  -1.8 -11.3 -22.1 
1961 -29.2 -29.8 -29.6 -11.0  -5.6   4.3  10.0   6.3   1.3  -4.3 -14.8 -15.5 
1962 -26.7 -32.9 -12.9 -16.0  -6.1   2.7   6.5   6.4   2.5  -5.3 -11.0 -20.3 
1963 -20.6 -19.9 -26.8 -11.2  -4.6   1.5   6.7   7.2  -0.1  -6.1 -12.7 -19.8 
1964 -26.8 -25.3 -31.2 -17.3  -4.2   2.5   7.7   7.5   4.1  -7.3 -13.6 -19.2 
1965 -27.4 -23.3 -19.7 -16.5   0.2   4.0   8.2   5.3   2.3  -8.0 -10.9 -21.6 
1966 -24.2 -21.1 -23.0 -11.3  -4.7   2.8   8.3   8.4   4.8  -1.0 -11.1 -20.9 
1967 -23.5 -35.6 -26.5 -17.4  -0.8   2.9   7.7   7.2   1.1  -6.2 -14.6 -19.5 
1968 -27.5 -24.2 -26.9 -10.5  -4.2   2.8   6.3   6.7   3.3  -0.1 -12.1 -18.9 
1969 -19.8 -16.9 -23.0 -19.5  -3.6   3.7   9.8   6.9   1.9  -5.4 -10.5 -20.3 
1970 -24.2 -26.2 -18.5 -16.7  -6.9   1.6   5.9   6.5   2.2  -3.2  -9.9 -23.1 
1971 -22.4 -27.0 -17.8 -12.9  -4.0   3.8   6.6   7.1   1.4  -3.2 -11.9 -29.9 
1972 -32.4 -31.1 -27.5 -15.3  -6.9  -0.1   5.7   5.2   0.8  -7.1 -15.6 -28.6 
1973 -29.1 -29.8 -25.5 -14.3  -3.3   3.6   7.3   8.0   4.3  -2.9  -7.5 -22.8 
1974 -30.7 -26.3 -25.0 -17.2  -2.7   5.5   8.6   7.0   1.7  -5.1 -13.9 -27.9 
1975 -29.7 -24.8 -25.6 -16.2  -3.2   6.8   7.6   8.3   2.7  -2.9 -12.6 -22.6 
1976 -25.4 -29.4 -25.7 -14.7  -2.7   3.4   6.0   5.1   1.8 -10.4 -13.3 -22.2 
1977 -16.2 -24.9 -16.3 -14.1  -2.5   4.4   8.1   7.0   2.5  -3.8  -7.0 -22.8 
1978 -30.7 -22.2 -27.6 -15.9  -6.3   0.6   5.8   6.8   1.9 -10.0 -21.9 -15.1 
1979 -21.6 -32.2 -21.7 -11.2  -0.5   2.7   7.5   6.3   2.0  -3.5 -15.3 -23.5 
1980 -20.4 -25.3 -19.5 -15.8  -1.0   4.4   7.4   7.7   1.5  -3.5 -10.1 -22.4 
1981 -21.1 -22.1 -13.2 -13.3  -4.8   3.8   9.0   7.5   4.0  -2.2 -11.4 -16.8 
1982 -18.8 -28.9 -27.3 -16.5  -5.6   3.9   7.5   6.6  -0.2  -5.9 -13.8 -27.7 
1983 -33.9 -31.5 -26.4 -13.3  -6.1   3.8   7.7   5.9   1.9  -5.7 -16.2 -26.2 
1984 -33.3 -31.7 -23.0 -15.7  -5.1   3.6   9.0   6.0   1.6  -4.5 -13.8 -24.6 
1985 -17.9 -24.9 -23.8 -17.4  -4.0   6.3   8.9   8.2   3.6  -3.4  -9.6 -11.8 
1986 -25.9 -20.1 -26.0 -12.9  -3.5   1.8   8.8   5.9   2.5 -10.8 -17.3 -26.4 
1987 -28.3 -29.2 -24.6 -16.2  -7.7   3.5   7.6   6.0   4.2  -4.1 -14.1 -21.4 
1988 -28.2 -26.5 -21.0 -12.6  -4.4   2.9   7.2   7.8   3.4  -1.2 -12.7 -25.6 
1989 -31.6 -30.7 -28.5 -13.2  -7.6   3.8   8.6   7.0   0.6  -6.9 -11.7 -21.3 
1990 -29.4 -31.9 -22.8 -17.4  -5.2   3.3   8.3   6.1   2.0  -6.5 -12.3 -27.4 
1991 -32.1 -29.0 -22.5 -17.8  -7.1   6.2   9.3   8.2   2.2  -5.0  -9.8 -21.9 
1992 -25.4 -33.4 -27.1 -19.2  -8.3   0.6   7.4   6.8   1.7  -2.8 -18.4 -25.7 
1993 -31.5 -34.6 -27.2 -18.9  -4.1   3.8   6.2   6.3   1.9  -3.9 -16.7 -26.3 
1994 -26.4 -27.1 -26.1 -13.4  -2.8   3.6   7.3   6.0   1.9  -3.6 -13.5 -22.1 
1995 -23.6 -28.8 -24.8  -9.6  -1.0   4.8   7.2   7.9   1.8  -3.5  -5.7 -21.8 
1996 -26.7 -22.8 -23.2  -8.7  -3.9   2.2   8.9   6.2   2.8  -5.0 -11.8 -15.9 
1997 -25.1 -31.1 -21.2 -15.6  -1.1   5.6   8.3   7.3   2.4  -2.7 -10.7 -19.2 
1998 -29.4 -30.6 -25.6 -12.8  -2.8   5.9   7.2   8.4   4.3  -3.2  -8.3 -18.1 
1999 -26.8 -29.7 -19.4 -11.3  -4.5   2.2   7.6   6.9   3.0  -5.1 -15.6 -14.9 
2000 -27.4 -28.7 -21.1 -12.4  -5.9   2.4   9.1   8.7   3.1  -5.1  -9.1 -12.9 
2001 -28.9 -27.9 -17.0 -13.0  -3.2   3.6   9.8   7.0   3.1  -1.8 -13.0 -15.4 
2002 -28.7 -29.9 -25.9 -15.3  -4.2   4.1   8.5   7.5   3.0  -1.5 -11.0 -17.6 
2003 -20.9 -31.2 -23.8 -13.4  -0.7   3.5   8.9   7.8   4.6  -1.3  -8.7 -16.6 
2004 -25.8 -99.0 -99.0 -99.0 -99.0 -99.0 -99.0 -99.0 -99.0 -99.0 -99.0 -99.0 
2005 -99.0 -99.0 -99.0 -99.0 -99.0 -99.0 -99.0 -99.0 -99.0 -99.0 -99.0 -99.0 
2006 -99.0 -99.0 -99.0 -99.0 -99.0 -99.0 -99.0 -99.0 -99.0 -99.0 -99.0 -99.0 
2007 -99.0 -99.0 -99.0 -99.0 -99.0 -99.0 -99.0 -99.0 -99.0 -99.0 -99.0 -99.0 
