Number= 719380
Name= Coppermine A
Country= CANADA
Lat=   67.8
Long=  115.1
Height= 22
Start year= 1930
End year= 2007
First Good year= 1930
Source ID= 36
Source file= Jones+Anders
Jones data to= 2001
Normals source= Data
Normals source start year= 1961
Normals source end year= 1990
Normals= -29.3 -29.2 -26.9 -17.5  -5.6   4.6  10.6   9.0   2.6  -6.9 -20.2 -25.9 
Standard deviations source= Data
Standard deviations source start year= 1941
Standard deviations source end year= 1990
Standard deviations=   3.1   3.7   2.9   3.2   2.7   1.9   1.5   1.9   1.5   2.8   2.9   3.3 
Obs:
1930 -99.0 -99.0 -99.0 -99.0 -99.0 -99.0 -99.0 -99.0 -99.0  -6.5 -19.7 -24.7 
1931 -28.1 -28.4 -30.2 -15.7  -5.8   6.7  13.6   6.4   4.6  -3.7 -19.0 -26.4 
1932 -28.5 -30.7 -26.6 -17.9  -6.8   6.3  11.0  10.5   3.9  -8.5 -24.0 -25.5 
1933 -28.2 -31.6 -27.9 -19.7  -6.2   2.5   8.8  11.2   2.8  -9.6 -26.0 -31.7 
1934 -32.8 -25.0 -26.0 -18.9  -5.3   2.2  10.3   6.7  -1.1  -8.3 -19.8 -23.0 
1935 -30.1 -24.6 -27.6 -19.5  -7.4   5.8  12.0   9.6   2.4  -8.2 -24.2 -29.2 
1936 -32.5 -33.9 -27.8 -19.5  -8.3   4.6  10.1   8.0   0.3 -14.2 -20.6 -30.1 
1937 -26.9 -27.8 -23.7 -14.2  -6.4   5.3  10.1   5.9   2.5  -5.1 -19.1 -29.0 
1938 -26.3 -27.5 -23.6 -18.4  -4.1   3.9  11.4   8.2   7.5  -4.9 -16.4 -22.6 
1939 -28.1 -30.9 -28.9 -11.2  -2.2   4.1   9.1   9.1   0.2 -10.7 -20.5 -21.5 
1940 -20.4 -24.4 -22.0 -12.9  -5.7   1.2  10.1   8.7   6.5  -4.6 -18.4 -28.8 
1941 -28.1 -24.4 -27.8 -20.1  -5.1   4.8  13.5   8.3  -0.3 -12.0 -23.2 -26.6 
1942 -23.6 -31.7 -23.7 -19.4  -2.8   3.0  10.7   8.0   2.2  -2.9 -19.9 -26.2 
1943 -26.8 -26.3 -25.5 -13.2  -5.8   6.7   9.3  11.7   2.9  -2.7 -13.4 -26.1 
1944 -23.8 -28.4 -23.8 -10.5  -6.3   6.8   8.8   9.0   2.5  -4.5 -18.1 -20.7 
1945 -26.0 -26.6 -25.3 -22.5  -6.6   4.4  10.2   9.8   0.7  -4.5 -20.6 -27.4 
1946 -30.5 -35.2 -22.1 -15.2  -3.3   4.6  10.7  11.7   0.9  -9.8 -20.2 -29.5 
1947 -30.0 -29.9 -22.9 -17.6  -8.4   1.5   7.8   5.9   1.8  -4.3 -20.1 -24.9 
1948 -26.6 -28.0 -26.6 -19.5  -4.2   5.1  11.8  10.5   3.2  -6.4 -20.3 -30.5 
1949 -28.8 -32.2 -23.6 -15.9  -8.0   0.2   7.7  10.9   5.5  -5.8 -15.4 -22.8 
1950 -31.7 -30.6 -22.7 -17.6  -5.3   3.9   9.1   7.4   3.9  -8.4 -19.9 -26.1 
1951 -28.7 -30.4 -29.9 -19.1  -3.6   4.4   8.8  10.7   3.4  -7.7 -21.3 -27.7 
1952 -31.4 -34.9 -26.3 -11.3   0.1   5.3   9.5   6.8   0.5  -6.1 -17.5 -21.6 
1953 -30.7 -27.1 -22.6 -12.5  -3.7   4.5  10.6  11.1   4.2  -4.8 -17.5 -25.9 
1954 -29.9 -28.8 -22.0 -21.0  -6.1   2.2   9.7  14.4   4.0  -7.9 -16.7 -27.9 
1955 -28.5 -34.0 -30.9 -14.9  -6.2   4.9  11.9   8.9   2.9  -3.3 -23.9 -28.4 
1956 -27.3 -32.2 -26.3 -16.6  -8.8   4.3  11.0   7.4   1.0 -10.4 -20.5 -27.5 
1957 -25.6 -32.9 -23.7 -17.8  -6.8   1.5   7.6  11.5   3.2  -5.3 -20.9 -32.8 
1958 -24.1 -34.3 -26.8 -21.6  -5.4   2.1   9.6  11.0   4.2  -5.8 -20.2 -24.1 
1959 -29.8 -26.1 -27.9 -17.5  -9.3   1.6   8.2   6.1   1.6  -9.7 -20.3 -21.7 
1960 -30.2 -30.9 -28.2 -16.9  -4.6   5.8  10.6   9.8   2.4  -7.5 -23.0 -23.2 
1961 -31.9 -30.3 -35.4 -20.2  -6.1   7.1  13.4   9.5   0.5 -10.7 -20.1 -32.0 
1962 -27.4 -34.2 -25.4 -16.8 -10.7   6.7  10.8  10.5   3.4  -4.8 -21.1 -23.5 
1963 -30.5 -29.7 -29.7 -13.5  -3.9   4.2  11.0  10.7   1.8  -5.4 -19.6 -21.3 
1964 -32.5 -30.2 -30.2 -22.0  -5.4   3.6   9.7  10.7   2.5  -5.4 -17.3 -28.5 
1965 -30.7 -36.1 -23.9 -15.6  -7.4   1.1   9.4   8.8  -0.3  -8.5 -21.0 -26.1 
1966 -34.1 -30.1 -25.1 -21.8  -1.8   5.9  12.1  10.1   5.0  -9.8 -21.4 -23.4 
1967 -29.7 -32.4 -26.9 -17.6  -5.6   2.3   8.9   7.3   1.3  -4.6 -18.8 -21.2 
1968 -31.4 -28.0 -23.4 -18.7  -5.9   5.1   9.9   8.3   2.7  -4.3 -18.2 -25.5 
1969 -31.5 -26.8 -26.5 -14.6  -6.3   2.6  11.6   9.2   3.6  -1.8 -19.0 -18.4 
1970 -28.3 -31.5 -25.2 -18.1  -7.5   5.7  11.0   9.6   1.2  -7.0 -17.9 -29.6 
1971 -29.9 -30.2 -23.0 -17.3  -3.1   5.3  11.9   9.2   3.1  -3.7 -21.9 -27.7 
1972 -31.1 -32.7 -24.6 -21.4  -8.0   2.9   9.8   9.1  -1.2  -9.7 -20.3 -26.1 
1973 -26.6 -29.6 -31.7 -16.9  -2.1   6.2  13.0  10.6   5.5  -2.9 -17.3 -23.4 
1974 -28.2 -31.7 -29.7 -21.7  -5.7   3.9  11.1   6.8   0.3 -12.9 -20.7 -29.6 
1975 -33.5 -27.4 -28.2 -10.9  -1.7   7.9  11.3  10.8   3.1  -8.4 -22.4 -28.0 
1976 -29.9 -30.1 -27.8 -12.3  -4.0   3.7  11.5   9.0   3.8  -4.9 -16.5 -28.7 
1977 -27.5 -25.9 -26.3 -15.7  -3.0   7.1  10.9   9.8   5.1  -4.7 -19.7 -29.3 
1978 -26.0 -19.8 -26.7 -17.4  -9.5  -0.1   8.1   5.8   3.6 -13.7 -19.8 -25.9 
1979 -25.6 -33.5 -32.0 -18.4  -7.2   2.8  10.1   7.7   1.5 -10.2 -14.8 -25.4 
1980 -30.0 -22.4 -25.8 -18.2  -3.7   4.8   8.0   9.9   0.6  -2.7 -19.1 -28.4 
1981 -16.7 -25.9 -26.4 -19.5  -2.3   5.0  10.9  11.2   2.8  -6.2 -17.7 -20.9 
1982 -33.1 -26.7 -26.4 -20.3  -6.4   3.6  10.5   7.1   2.0  -7.7 -25.4 -29.2 
1983 -30.7 -34.3 -29.8 -19.9 -13.3   5.0   9.1   8.9   3.8  -9.3 -12.0 -22.6 
1984 -30.7 -28.1 -26.4 -13.1   0.3   5.0  10.8   8.5   1.6  -7.2 -22.4 -30.8 
1985 -25.7 -34.7 -27.4 -22.5  -1.7   5.3   7.8   6.1   3.3  -8.8 -22.6 -23.4 
1986 -32.4 -26.3 -27.7 -19.9  -5.4   2.6   9.3   6.8   2.9  -7.4 -23.7 -25.8 
1987 -25.0 -27.1 -26.0 -19.3  -9.2   2.6  10.0   6.6   4.6  -4.6 -20.1 -19.9 
1988 -27.8 -27.9 -21.6 -13.6  -7.8   6.9  10.5  11.0   3.6  -6.8 -24.4 -25.3 
1989 -31.0 -19.3 -27.2 -14.2  -8.6   7.4  13.4  12.4   2.7  -6.1 -27.6 -27.9 
1990 -30.5 -33.4 -20.9 -13.2  -6.3   5.2  11.4   6.5   3.3  -8.2 -24.5 -30.1 
1991 -29.0 -32.0 -28.2 -16.0  -2.8   5.7   9.4   8.7   1.9  -9.1 -20.7 -26.7 
1992 -29.6 -27.7 -21.0 -19.4  -5.1   5.5  11.6   8.8  -1.6  -8.3 -17.6 -22.4 
1993 -23.7 -26.5 -21.2 -19.3  -4.0   5.6   9.9   9.9   1.6  -5.0 -19.2 -27.6 
1994 -30.6 -29.6 -23.5 -18.4  -1.2   6.0  14.6  11.0   3.2  -3.1 -18.1 -22.8 
1995 -23.2 -27.3 -26.3 -12.2  -5.2   7.5   9.2   8.8   2.8  -8.0 -17.6 -30.5 
1996 -28.3 -24.7 -23.2 -16.7  -5.8   9.4  14.1   7.4   3.8 -10.2 -18.8 -25.2 
1997 -27.5 -26.8 -27.1 -17.8  -5.7   4.7  12.1   9.3   4.5  -8.1 -12.3 -22.7 
1998 -32.2 -26.7 -21.2 -12.5  -1.0   6.9  14.3  12.2   5.8  -3.0 -11.0 -17.6 
1999 -26.1 -22.6 -20.0 -14.0  -6.2   5.9   8.7   8.8   4.0  -6.7 -17.1 -24.4 
2000 -24.3 -25.3 -25.0 -15.6  -4.6   5.3  13.2   9.2   2.6  -6.3 -18.7 -26.8 
2001 -25.9 -26.3 -26.9 -16.7  -5.7   2.5  11.4   8.7   6.6  -7.2 -17.7 -21.0 
2002 -28.2 -31.8 -24.1 -19.6  -8.0   5.8  10.5   7.8   3.9  -6.0 -16.3 -18.6 
2003 -25.0 -30.0 -26.5 -14.8  -5.1   4.7  11.5   8.1   5.5  -4.4 -16.8 -26.4 
2004 -30.5 -32.5 -29.8 -19.4 -10.1   5.7  11.0   7.6   2.2  -8.3 -19.8 -26.1 
2005 -26.7 -30.8 -25.4 -12.8  -5.3 -99.0 -99.0 -99.0 -99.0 -99.0 -99.0 -99.0 
2006 -99.0 -99.0 -99.0 -99.0 -99.0 -99.0 -99.0 -99.0 -99.0 -99.0 -99.0 -99.0 
2007 -99.0 -99.0 -99.0 -99.0 -99.0 -99.0 -99.0 -99.0 -99.0 -99.0 -99.0 -99.0 
