Number= 719361
Name= SNARE RAPIDS
Country= CANADA
Lat=   63.5
Long=  112.0
Height= 216
Start year= 1950
End year= 1975
First Good year= 1950
Source ID= 10
Source file= Jones
Jones data to= 1975
Normals= -99.0 -99.0 -99.0 -99.0 -99.0 -99.0 -99.0 -99.0 -99.0 -99.0 -99.0 -99.0 
Standard deviations source= Data
Standard deviations source start year= 1950
Standard deviations source end year= 1975
Standard deviations=   3.9   3.5   3.2   3.3   2.2   2.2   1.2   2.2   1.6   2.4   3.4   4.3 
Obs:
1950 -35.4 -29.2 -19.6  -9.9   5.5  12.3  16.0   9.9   8.4  -4.6 -20.5 -24.8 
1951 -30.4 -27.6 -23.3  -8.7   5.2  10.1  15.6  16.6   7.5  -6.4 -19.6 -28.3 
1952 -33.3 -26.0 -18.3  -4.0   8.5  13.7  14.0  12.2   4.5  -2.6 -11.4 -17.6 
1953 -30.9 -21.7 -16.5  -6.1   4.5  11.3  15.3  15.8   8.1  -1.2 -10.7 -22.7 
1954 -33.4 -24.3 -17.1 -17.5   4.5  13.1  17.3  18.0   8.0  -1.7 -10.0 -23.3 
1955 -27.6 -29.9 -25.8  -7.1   5.4  16.5  17.5  13.4   6.2  -0.4 -21.6 -28.1 
1956 -28.3 -29.2 -17.3 -10.9   2.5  12.0  18.0  12.3   4.1  -8.1 -14.6 -28.5 
1957 -23.8 -30.1 -16.9  -8.6   2.1  10.5  14.7  15.9   6.8  -2.6 -16.7 -26.2 
1958 -22.9 -31.5 -17.5  -7.6   4.9  11.6  15.9  14.3   7.2  -1.5 -99.0 -99.0 
1959 -99.0 -99.0 -18.7  -9.8  -0.7   9.0  15.5   9.4   5.5  -6.2 -16.3 -18.8 
1960 -29.0 -25.1 -22.9  -6.3   3.7  14.2  14.6  13.4   6.0  -3.7 -20.0 -22.6 
1961 -27.2 -25.5 -21.5 -12.9  -0.5  15.4  17.7  14.4   4.0  -5.9 -17.1 -32.4 
1962 -29.4 -29.4 -21.2  -8.9   1.2  13.7  15.5  13.8   7.2  -0.4 -17.8 -23.1 
1963 -32.3 -26.1 -23.3  -5.4   3.9  14.2  15.5  15.1   5.9   1.1 -14.8 -23.9 
1964 -30.5 -23.0 -28.9 -11.3   3.8  11.9  17.7  13.8   5.0  -1.6 -14.8 -27.2 
1965 -29.5 -35.0 -17.7  -5.4   6.2  10.1  16.0 -99.0   2.9  -3.1 -17.2 -25.1 
1966 -39.2 -99.0 -19.4 -99.0   4.6  15.3 -99.0 -99.0 -99.0 -99.0 -99.0 -99.0 
1967 -99.0 -99.0 -99.0 -99.0 -99.0 -99.0 -99.0 -99.0 -99.0 -99.0 -99.0 -99.0 
1968 -34.3 -99.0 -18.1 -11.1   0.8  11.8 -99.0 -99.0 -99.0 -99.0 -13.9 -99.0 
1969 -99.0 -22.6 -18.9  -4.4   3.8   8.7  16.6 -99.0   4.7  -2.4 -99.0 -15.2 
1970 -99.0 -99.0 -21.5 -99.0   5.4 -99.0 -99.0 -99.0 -99.0 -99.0 -99.0 -99.0 
1971 -99.0 -99.0 -99.0 -99.0 -99.0 -99.0 -99.0 -99.0 -99.0 -99.0 -99.0 -99.0 
1972 -99.0 -99.0 -99.0 -99.0 -99.0 -99.0 -99.0 -99.0 -99.0 -99.0 -99.0 -99.0 
1973 -99.0 -99.0 -99.0 -99.0 -99.0 -99.0 -99.0 -99.0 -99.0 -99.0 -99.0 -99.0 
1974 -99.0 -99.0 -99.0 -99.0 -99.0  13.8  15.9 -99.0 -99.0 -99.0 -99.0 -99.0 
1975 -99.0 -99.0 -99.0 -99.0 -99.0  16.2  18.3  14.5 -99.0 -99.0 -99.0 -99.0 
