Number= 719340
Name= Fort Smith A
Country= CANADA
Lat=   60.0
Long=  112.0
Height= 203
Start year= 1913
End year= 2007
First Good year= 1913
Source ID= 36
Source file= Jones+Anders
Jones data to= 2001
Normals source= Data
Normals source start year= 1961
Normals source end year= 1990
Normals= -25.4 -21.2 -14.0  -1.4   8.1  14.1  16.4  14.4   7.7   0.5 -12.3 -21.7 
Standard deviations source= Data
Standard deviations source start year= 1941
Standard deviations source end year= 1990
Standard deviations=   4.7   4.1   3.6   3.9   1.9   1.5   1.2   1.6   1.6   2.1   3.9   4.3 
Obs:
1913 -99.0 -99.0 -99.0 -99.0 -99.0 -99.0  15.7  14.9   6.8  -3.9 -12.1 -17.0 
1914 -25.0 -27.8 -17.1  -2.2   6.7  13.8  15.5  14.2   7.3   2.0 -12.0 -25.2 
1915 -25.0 -18.8 -10.3   5.8   7.9   8.6  16.1  16.9   6.2  -0.7 -10.6 -17.3 
1916 -31.7 -23.7 -19.5  -0.3   6.8  13.4  15.5  11.9   8.1  -2.1  -9.7 -27.7 
1917 -32.4 -27.3 -15.8  -3.9   6.4   9.5  15.3  12.3   8.8  -2.1  -4.4 -32.9 
1918 -28.5 -27.1 -17.3  -4.6   2.1  10.5  12.9  13.1   8.3  -1.4  -9.8 -18.7 
1919 -21.8 -25.1 -22.8   0.7   4.9  11.7  14.2  15.8   9.0  -7.3 -16.7 -21.6 
1920 -25.3 -12.9 -15.5  -6.4   6.5  11.3  18.8  14.3   7.6   0.8 -10.1 -22.2 
1921 -24.5 -20.9 -20.9   0.1   7.6  14.6  17.0  12.6   8.1   3.1 -15.4 -19.1 
1922 -23.4 -27.7 -19.4  -4.2   6.5  10.7  16.2  14.2   7.0  -1.7  -9.8 -26.3 
1923 -25.3 -24.3 -23.1  -6.9   3.5  15.6  15.4  11.9   9.3   3.8  -6.7 -22.5 
1924 -29.4 -17.6  -9.8  -8.4   6.7  10.2  15.8  12.9   7.6   2.5 -12.8 -25.9 
1925 -30.9 -30.2 -17.6  -0.2   8.9  12.7  17.0  15.5   7.1  -4.3 -14.4 -18.6 
1926 -22.2 -18.3 -13.4  -2.2   7.8  11.9  15.7  13.2   5.9  -1.1 -13.7 -23.8 
1927 -24.8 -23.6 -11.4  -3.8   6.4  13.1  17.9  14.9   7.8   0.6 -20.7 -30.1 
1928 -21.7 -17.7 -13.2 -11.3   6.9  14.1  16.0  10.8   7.9  -0.1  -5.9 -15.0 
1929 -28.9 -24.6 -17.8  -4.8   5.2  11.2  15.5  14.7   7.3   4.6  -9.9 -23.0 
1930 -24.8 -22.7 -12.2  -3.3   6.6  14.2  17.4  15.4   7.8  -1.4 -11.1 -13.2 
1931 -20.1 -10.5 -17.4  -1.4   6.2  12.2  16.0  14.8   9.5   3.8  -9.3 -18.9 
1932 -22.7 -24.4 -20.8  -0.1   8.1  13.2  17.2  17.5   7.3  -2.9 -16.0 -23.1 
1933 -29.9 -27.5 -13.3  -5.3   8.6  11.8  15.0  16.7   8.3  -2.3 -15.0 -33.1 
1934 -26.2 -17.8 -16.6  -2.2   7.6  12.4  14.7  10.1   4.0  -0.9 -10.6 -22.0 
1935 -30.6 -13.0 -19.1  -6.0   8.6  12.7  17.0  12.0   7.7  -2.3 -17.0 -20.5 
1936 -32.6 -33.5 -14.6  -8.0   8.2  12.2  16.6  14.9   6.4  -2.9  -7.4 -23.3 
1937 -27.3 -21.7 -11.8   2.3  10.5  15.9  16.5  13.9   9.1   0.8 -12.0 -24.0 
1938 -24.4 -23.5 -12.7  -5.0   6.8  14.2  17.9  14.0  13.4   3.0 -11.0 -17.0 
1939 -24.2 -29.3 -18.6  -1.9   8.8  12.9  16.0  15.4   5.2  -3.7  -7.8 -13.1 
1940 -21.9 -20.0 -12.7   0.2   7.2   9.7  15.9  15.5  11.7   2.4 -13.9 -18.5 
1941 -24.6 -19.6 -11.3   1.5   6.2  16.3  20.1  13.5   5.8  -0.7 -12.2 -20.6 
1942 -16.6 -18.5 -10.5  -5.4   9.2  14.3  16.8  15.3   7.2   3.4 -14.3 -23.9 
1943 -25.0 -15.3 -16.4   0.7   6.1  12.3  17.2  15.3   8.1   4.9  -4.9 -15.6 
1944 -15.5 -22.9 -13.8   3.6   9.7  14.1  16.0  14.5   9.0   3.6 -11.0 -15.7 
1945 -22.3 -19.3  -8.4  -9.8   4.5  13.5  16.6  15.6   7.2   1.8 -16.3 -23.8 
1946 -25.8 -26.3  -8.0   1.6   6.6  12.1  16.4  16.0   8.2  -1.2 -14.5 -27.2 
1947 -26.1 -25.7 -13.3  -7.4   4.9  12.3  16.6  12.3   7.7   4.2 -11.2 -18.7 
1948 -19.9 -24.1 -18.2  -9.7  10.1  14.6  17.6  15.3  10.0   3.6  -9.5 -24.5 
1949 -24.2 -27.2 -10.8   2.7   5.3  11.9  15.5  15.8   9.5  -2.0  -6.0 -25.4 
1950 -34.9 -22.9 -15.0  -3.2   8.4  13.2  16.6  11.7  10.5  -0.9 -15.1 -20.8 
1951 -26.6 -21.7 -18.3  -2.3   7.5  11.1  15.5  15.8   8.8  -3.6 -14.0 -26.9 
1952 -30.9 -19.9 -12.2   2.9  10.5  13.4  15.0  12.9   7.1   2.0  -7.3 -14.8 
1953 -28.7 -16.0 -11.1  -2.7   8.3  11.6  15.8  17.3   9.4   2.4  -6.3 -18.3 
1954 -31.9 -19.5 -13.4 -13.9   6.7  15.0  16.8  16.0   8.5   1.4  -5.4 -15.5 
1955 -24.1 -23.8 -21.3  -2.1   8.1  17.1  17.1  14.9   7.4   1.9 -18.4 -24.9 
1956 -25.1 -22.9 -12.8  -5.0   7.6  14.3  17.0  14.6   6.1  -2.3  -8.7 -24.3 
1957 -24.2 -25.9 -13.3  -4.1   6.1  11.2  15.3  15.0   9.0  -1.3 -10.0 -21.5 
1958 -17.3 -25.4  -9.4   1.1   8.3  12.0  16.6  15.5   7.8   0.9  -9.4 -21.4 
1959 -28.7 -19.8 -12.2  -2.3   3.7  10.8  16.9  11.3   7.5  -2.6 -11.9 -13.5 
1960 -25.3 -18.9 -16.6  -0.2   7.3  13.5  16.7  15.2   8.5   0.1 -14.3 -18.3 
1961 -23.9 -19.9 -14.8  -7.0   7.5  17.1  18.0  15.3   4.7  -2.5 -12.1 -28.6 
1962 -25.6 -26.8 -16.3  -3.3   5.5  14.6  16.2  14.8   8.9   2.4 -11.2 -19.3 
1963 -29.6 -21.9 -16.3  -0.7   6.5  15.1  18.0  16.8   9.0   4.8 -12.3 -21.3 
1964 -24.4 -16.3 -23.5  -4.2   7.7  14.3  18.0  14.6   6.9   2.5 -11.7 -25.3 
1965 -28.0 -29.4 -14.9   0.3   8.1  13.1  17.1  14.6   4.2   1.7 -12.9 -19.3 
1966 -33.6 -22.2 -12.4  -6.9   8.4  13.8  16.3  14.8  10.2  -1.4 -20.5 -19.2 
1967 -24.6 -24.3 -20.8  -5.5   5.8  11.6  16.1  15.2   9.9   0.6  -9.0 -18.1 
1968 -28.4 -18.7  -9.6  -3.4   6.8  12.5  13.5  12.4   7.2   1.4 -10.6 -24.1 
1969 -32.0 -17.8 -13.4   1.6   6.3  11.0  15.5  14.5   6.5  -0.4 -10.8 -12.3 
1970 -25.6 -21.4 -14.6   0.1   8.3  15.6  16.6  14.1   6.9   0.7 -13.0 -23.8 
1971 -29.6 -20.2 -13.9   0.9  10.5  15.2  15.7  15.6   8.2   1.5 -12.4 -26.1 
1972 -30.3 -27.5 -12.7  -5.1   9.2  15.1  15.0  15.5   3.2  -2.5 -12.7 -24.7 
1973 -21.3 -22.6  -9.9  -0.6  13.1  15.8  17.3  14.6   8.7   1.8 -14.8 -22.7 
1974 -29.4 -22.3 -18.9  -1.8   6.8  14.3  15.6  12.1   4.7  -1.9  -7.1 -15.1 
1975 -27.9 -21.7 -15.5   0.6   8.4  14.8  17.7  13.0   9.0  -0.6 -14.5 -23.4 
1976 -25.1 -22.8 -16.3   4.2  10.7  13.4  16.4  15.5   9.8  -1.1  -9.7 -23.7 
1977 -23.3 -11.7 -10.4   1.0  10.6  13.7  14.2  10.4   8.9   1.9 -11.7 -26.7 
1978 -23.8 -15.5 -13.3  -2.4   7.6  13.1  13.6  13.0   8.2   1.2 -12.6 -23.2 
1979 -23.4 -31.9 -16.7  -6.4   6.4  13.1  18.6  12.9   9.3   2.6  -3.5 -15.4 
1980 -24.4 -16.7 -13.6   5.7   9.6  15.3  16.1  14.9   5.9   3.5  -8.3 -27.9 
1981 -12.2 -17.6  -7.9  -4.8   9.9  13.3  17.0  17.9   8.7  -1.9  -7.0 -19.3 
1982 -35.7 -23.1 -17.1  -2.6   7.4  12.9  16.2  12.1   8.9   1.5 -17.2 -22.3 
1983 -23.3 -21.9 -13.7  -0.3   3.5  14.0  16.8  15.5   6.8   1.1  -5.8 -24.6 
1984 -24.8 -16.0 -11.8   4.6   8.0  14.2  17.1  16.5   6.4  -1.9 -16.1 -27.0 
1985 -20.6 -27.8  -9.7  -1.6   9.4  13.5  15.1  12.2   6.0  -1.8 -16.6 -18.3 
1986 -21.6 -19.9 -12.4  -2.7   9.7  12.3  15.8  14.0   8.2   0.4 -17.0 -14.9 
1987 -16.0 -13.9 -13.6   2.0   9.2  13.7  16.4  11.9  10.6   1.0  -8.4 -13.6 
1988 -24.4 -22.6  -8.6  -0.8   5.5  15.5  15.9  15.3   8.2   0.4 -12.7 -20.5 
1989 -24.4 -17.7 -19.1  -2.2   7.8  14.8  17.9  16.7   7.6   0.7 -17.4 -23.7 
1990 -24.4 -24.7  -8.4  -0.9   8.8  14.9  17.1  14.0   8.6  -2.2 -18.7 -26.5 
1991 -24.0 -17.9 -13.8   0.9  10.9  14.7  17.1  16.9   7.6  -5.1 -14.3 -20.2 
1992 -20.9 -18.8  -9.7  -2.1   7.5  12.9  15.5  13.8   5.4   0.4  -6.9 -22.0 
1993 -19.8 -18.1  -5.6   2.5   7.3  13.0  15.7  13.3   6.6   0.3 -11.2 -17.7 
1994 -30.5 -27.8  -8.1  -1.2   9.6  15.7  18.4  15.6   9.0   2.5 -11.6 -17.4 
1995 -17.0 -20.5 -13.6  -2.1   8.7  16.2  14.6  13.2   9.4   0.5 -14.9 -19.4 
1996 -28.1 -18.3 -17.5  -1.6   6.6  15.0  17.8  15.2   9.7  -2.0 -13.9 -21.0 
1997 -23.9 -15.9 -15.4  -1.4   6.1  14.6  18.5  15.2  10.4  -2.0  -6.3 -12.5 
1998 -25.3 -12.3 -10.3   5.5  11.4  16.5  18.8  17.0   8.7   3.4  -6.7 -16.7 
1999 -24.2 -13.4  -5.5   2.3   8.4  13.9  15.3  16.3   9.8   1.2  -7.2 -16.9 
2000 -22.7 -13.3  -7.7  -1.7   7.0  13.6  18.9  13.4   6.6   0.9  -8.1 -24.8 
2001 -13.6 -20.1 -11.2  -0.2   7.8  15.3  18.7  15.6  11.5  -0.1  -7.9 -19.2 
2002 -22.3 -17.2 -18.0  -7.7   2.6  15.5  17.2  13.7   8.3  -3.8  -9.7 -12.5 
2003 -22.7 -23.9 -14.5   0.9   8.6  13.8  17.5  15.6   8.5   3.6 -11.1 -15.7 
2004 -25.5 -16.8 -13.1 -99.0 -99.0 -99.0 -99.0 -99.0 -99.0 -99.0 -99.0 -99.0 
2005 -99.0 -99.0 -99.0 -99.0 -99.0 -99.0 -99.0 -99.0 -99.0 -99.0 -99.0 -99.0 
2006 -99.0 -99.0 -99.0 -99.0 -99.0 -99.0 -99.0 -99.0 -99.0 -99.0 -99.0 -99.0 
2007 -99.0 -99.0 -99.0 -99.0 -99.0 -99.0 -99.0 -99.0 -99.0 -99.0 -99.0 -99.0 
