Number= 719590
Name= TUKTOYAKTUK
Country= CANADA
Lat=   69.5
Long=  133.0
Height= 18
Start year= 1950
End year= 1980
First Good year= 1950
Source ID= 10
Source file= Jones
Jones data to= 1980
Normals source= Data
Normals source start year= 1961
Normals source end year= 1980
Normals= -28.3 -29.1 -26.5 -17.1  -4.6   5.1  10.8   9.1   2.5  -7.7 -19.2 -25.3 
Standard deviations source= Data
Standard deviations source start year= 1950
Standard deviations source end year= 1980
Standard deviations=   3.2   3.5   3.0   3.0   1.9   1.6   1.5   2.3   1.9   2.5   3.3   3.1 
Obs:
1950 -25.0 -34.0 -23.3 -18.3  -2.8   6.0  10.0   8.1   3.3  -7.6 -16.3 -23.5 
1951 -31.6 -29.7 -30.0 -17.1  -5.9   3.1   9.8  14.0   4.9  -7.2 -15.3 -23.1 
1952 -99.0 -99.0 -99.0 -16.0  -6.6   2.8  11.0   8.0   1.3  -5.3 -13.9 -23.1 
1953 -31.3 -27.5 -25.1 -12.9  -4.0   4.8   9.0   7.2   3.5  -6.7 -20.3 -28.3 
1954 -30.3 -29.9 -22.1 -21.6  -8.0   3.5  11.7  15.0   4.1  -6.7 -17.4 -27.5 
1955 -27.3 -34.9 -28.6 -99.0 -99.0 -99.0 -99.0 -99.0 -99.0 -99.0 -99.0 -29.1 
1956 -29.3 -34.1 -99.0 -99.0 -99.0 -99.0 -99.0 -99.0 -99.0 -99.0 -99.0 -99.0 
1957 -99.0 -99.0 -99.0 -99.0 -99.0 -99.0 -99.0 -99.0   3.0  -6.3 -22.9 -99.0 
1958 -26.2 -33.7 -24.5 -17.3  -4.5   6.8  11.5  12.7   5.9  -7.3 -19.4 -24.9 
1959 -29.6 -24.0 -29.6 -17.2  -7.3   3.1   8.7   5.9   1.2  -9.9 -22.1 -26.4 
1960 -32.5 -99.0 -26.0 -18.6  -4.8   4.9   7.6   7.9   1.8  -7.5 -23.9 -22.8 
1961 -28.3 -30.7 -29.5 -22.1  -4.2   6.1  11.9   8.2   1.8 -10.1 -22.6 -30.2 
1962 -99.0 -23.6 -27.5 -16.7  -8.2   5.8  10.7  12.2   2.7  -3.9 -19.3 -21.3 
1963 -30.0 -28.5 -27.2 -12.4  -2.1   5.7  11.8   9.6   1.6  -7.7 -22.3 -20.1 
1964 -29.1 -29.7 -30.3 -23.1  -6.6   2.6   8.4   8.2   1.1  -7.0 -18.5 -28.1 
1965 -30.3 -34.6 -20.3 -13.6  -4.5   2.7  11.6   9.9   1.7  -9.5 -16.2 -24.5 
1966 -34.0 -30.2 -25.3 -21.2  -3.0   6.0  11.1   7.0   4.5  -7.9 -21.1 -23.2 
1967 -26.7 -30.9 -25.2 -14.8  -3.9   4.8   9.7   7.5   0.9  -8.7 -18.7 -22.6 
1968 -28.8 -30.7 -21.5 -17.2  -3.4   5.4  11.9   8.6   2.8  -5.4 -19.9 -26.6 
1969 -29.2 -29.6 -25.3 -12.2  -3.9   4.4   9.4   5.5   2.6  -3.2 -23.8 -19.5 
1970 -27.5 -29.8 -24.8 -16.9  -5.2   4.5  11.6  11.1   0.5 -12.2 -18.0 -28.7 
1971 -32.5 -33.5 -27.7 -20.2  -3.8   8.7  11.5   6.9   3.4  -7.3 -21.4 -28.9 
1972 -28.7 -30.4 -26.0 -18.4  -7.1   4.7  11.6  10.5   0.6  -6.4 -20.1 -22.0 
1973 -25.6 -27.7 -30.2 -15.3  -1.9   7.3  11.8   9.4   5.9  -7.3 -18.2 -21.7 
1974 -24.5 -32.6 -28.8 -21.5  -5.7   1.8   9.0   8.0   0.3 -13.9 -22.3 -30.3 
1975 -35.1 -27.8 -22.6 -16.1  -2.7   5.7  10.4   8.7   0.7  -9.4 -24.8 -28.7 
1976 -29.5 -30.9 -27.7 -11.8  -3.4   5.0  11.7  10.4   5.6  -7.3 -13.9 -29.5 
1977 -25.7 -24.6 -29.6 -16.7  -2.8   6.3  10.5  10.9   5.0  -4.8 -19.5 -24.5 
1978 -23.3 -23.1 -22.0 -17.5  -8.6   2.7  10.2   7.6   5.6 -11.9 -15.7 -24.0 
1979 -20.7 -30.4 -31.2 -15.2  -3.7   4.6  14.2  12.0   4.0  -5.0 -10.9 -24.5 
1980 -27.4 -22.4 -26.3 -18.5  -6.6   7.4   7.8   8.9  -0.6  -4.1 -17.7 -27.3 
