Number= 719650
Name= Mayo A
Country= CANADA
Lat=   63.6
Long=  135.9
Height= 504
Start year= 1924
End year= 2007
First Good year= 1924
Source ID= 36
Source file= Jones+Anders
Jones data to= 1999
Normals source= Data
Normals source start year= 1961
Normals source end year= 1990
Normals= -27.0 -19.5 -10.5   0.1   7.9  13.6  15.6  12.8   6.5  -2.2 -16.6 -23.6 
Standard deviations source= Data
Standard deviations source start year= 1941
Standard deviations source end year= 1990
Standard deviations=   8.0   5.7   3.8   2.5   1.5   1.3   0.9   1.4   1.3   2.6   6.2   7.1 
Obs:
1924 -99.0 -99.0 -99.0 -99.0 -99.0 -99.0 -99.0 -99.0 -99.0  -4.6 -14.2 -31.5 
1925 -37.5 -28.6 -15.0  -2.4   8.6  14.1  14.6  11.9   6.8  -0.9  -9.8 -15.8 
1926 -10.6 -17.7  -3.8   2.2   8.5  13.8  14.7  12.3   6.2  -1.2 -13.7 -22.2 
1927 -29.1 -17.4  -7.4  -5.4   7.2  13.9  16.7  13.6   5.6  -3.6 -25.5 -30.0 
1928 -20.9 -16.7 -15.0  -4.8   7.1  14.3  14.9  11.1   4.7  -3.8  -8.2 -15.4 
1929 -22.8 -17.6 -12.8  -3.0   6.2  13.8  13.6  11.4   8.3   2.2 -11.1 -26.4 
1930 -36.1 -23.0 -12.7  -1.5   8.1  12.4  15.5  13.2   6.8  -5.3 -16.2 -15.8 
1931 -16.8 -11.4 -14.2  -1.2   5.3  12.7  14.1  11.2   5.9  -1.1 -16.6 -23.3 
1932 -27.9 -32.7 -13.2   2.1   7.7  11.4  13.8  12.7   5.0  -2.9 -23.3 -29.5 
1933 -33.4 -24.6 -12.9  -1.9   8.7  10.3  13.2  11.6   4.6  -4.6 -12.6 -42.4 
1934 -30.0 -12.0 -12.9   1.1   7.8  12.3  15.1  12.5   5.0   0.2 -13.9 -22.6 
1935 -31.3 -11.8 -16.6  -1.7   6.1  11.9  14.9   9.8   5.1  -7.0 -19.5 -20.6 
1936 -27.8 -35.7 -11.7  -2.4   8.1  15.5  16.1  14.3   5.1  -0.3 -10.1 -28.9 
1937 -22.0 -22.0  -7.9   1.0   7.7  14.8  13.1  11.1   8.3   1.3 -10.6 -25.3 
1938 -24.9 -25.1  -7.2   1.5   8.2  12.1  15.0  13.3   9.8   3.9 -12.9 -22.1 
1939 -21.3 -24.5 -15.3  -1.1   8.1  13.5  16.0  11.8   4.5  -5.9 -11.4 -11.9 
1940 -18.8 -16.7  -8.9   4.0   7.9  13.5  16.5  11.6   8.4   1.3 -16.9 -15.2 
1941 -23.1 -14.7  -6.2   5.8   8.7  14.7  15.1  13.9   4.9  -3.2 -17.3 -25.0 
1942 -11.8 -12.0  -8.6   0.9  10.4  15.0  16.2  12.7   7.5   1.7 -19.5 -33.1 
1943 -30.7 -18.2 -15.0   0.5   8.1  13.8  14.8  12.0   7.3  -0.1  -5.1 -10.1 
1944 -16.9 -15.1 -11.2  -0.7   8.8  14.6  15.5  12.1   6.7   1.1 -11.8 -18.6 
1945 -19.4 -14.9  -8.3  -4.7   8.1  12.5  14.4  12.3   5.3  -0.8 -22.1 -19.7 
1946 -22.0 -16.4 -10.9  -0.4   9.9  16.1  14.9  12.0   6.8  -2.4 -22.1 -32.1 
1947 -31.0 -22.4  -3.6  -0.6   8.8  11.8  16.1   9.7   6.0   1.4  -7.7 -13.0 
1948 -16.4 -25.5 -14.5  -4.7   9.2  13.4  14.5  11.1   5.6   0.7 -17.2 -30.7 
1949 -24.4 -29.8  -7.6   1.0   5.5  11.1  14.7  13.2   8.7  -2.0  -7.2 -28.8 
1950 -31.8 -27.6  -8.3  -1.9   8.3  16.1  15.4  12.6   8.1  -3.2 -29.8 -20.2 
1951 -29.8 -26.0 -15.9   0.7   8.5  11.1  16.7  13.5   8.9  -8.0 -12.8 -28.2 
1952 -34.2 -15.7 -10.5  -1.0   6.4  13.4  15.8  11.9   5.7   0.9  -6.4 -16.5 
1953 -30.4 -13.1 -11.5   2.1   9.9  15.1  15.8  12.7   6.4  -1.7 -13.8 -17.3 
1954 -29.7 -25.0  -9.0  -6.9   7.7  13.8  15.4  13.9   5.4  -0.2  -7.5 -23.2 
1955 -16.8 -21.3 -14.4  -0.4   6.1  12.1  17.0  11.5   5.9  -1.3 -25.2 -29.6 
1956 -28.6 -23.8 -13.6  -0.8   8.0  13.3  15.2  13.2   5.6  -6.1 -11.4 -31.6 
1957 -28.5 -20.2  -8.2  -0.9   7.5  14.2  14.7  15.4   7.9  -2.9 -10.4 -24.5 
1958 -14.5 -24.1 -11.3   3.0   7.9  14.8  15.7  12.5   5.1  -6.3 -13.7 -21.1 
1959 -37.4 -19.4 -14.6  -2.9   6.7  13.6  13.5   9.8   6.3  -6.4 -15.8 -16.4 
1960 -22.3 -14.6 -13.6   1.2   9.8  13.0  14.1  12.7   6.4  -1.3 -15.5 -14.3 
1961 -22.0 -19.7 -11.3  -2.2   7.1  13.8  15.4  12.7   6.8  -3.3 -20.4 -33.4 
1962 -26.1 -18.1 -14.0   0.6   7.1  12.6  15.4  14.5   5.2   1.3 -12.4 -20.1 
1963 -24.0 -13.9 -14.6  -1.5   8.2  11.3  14.9  13.7   8.1   0.7 -23.4 -13.7 
1964 -25.9 -14.8 -19.6  -3.4   2.9  14.1  14.3  12.3   6.1   0.8 -15.5 -35.4 
1965 -30.5 -26.8  -8.0  -0.8   6.4  11.5  15.8  11.7   6.4  -3.8 -20.8 -23.3 
1966 -42.7 -17.3 -12.5  -2.0   6.2  13.9  15.5  10.9   6.8  -4.5 -24.1 -26.3 
1967 -28.5 -20.9 -17.1  -2.1   6.3  14.0  14.3  13.6   7.6  -0.7 -14.8 -20.5 
1968 -29.0 -17.6  -4.6  -1.4   7.7  13.5  15.6  13.0   5.1  -2.5 -12.7 -31.2 
1969 -40.6 -19.6  -9.6   3.3   7.7  17.1  13.4   8.7   7.5   0.2 -15.0 -14.3 
1970 -27.5 -13.5  -3.2   0.5   7.8  12.3  15.3  11.4   4.3  -5.3 -15.7 -24.7 
1971 -40.2 -17.7 -12.0  -0.8   7.1  14.5  16.3  12.5   6.0  -4.1 -16.9 -29.1 
1972 -35.1 -27.4 -15.1  -4.9   7.4  13.9  16.0  13.4   3.6  -6.1 -12.0 -26.8 
1973 -32.4 -21.9  -8.8   2.2   7.6  12.8  14.3  11.4   6.7  -2.7 -27.1 -22.0 
1974 -36.6 -22.9 -14.8   0.2   6.4  12.1  14.2  11.9   6.8  -2.8 -11.1 -16.4 
1975 -29.2 -21.6  -9.2   0.6   8.9  13.9  16.2  12.0   6.9  -3.1 -21.6 -28.8 
1976 -23.4 -25.2 -11.8   2.7   7.8  13.5  16.3  14.2   8.8  -1.5  -5.5 -18.9 
1977 -17.2  -7.3 -10.2   0.6   8.7  13.4  15.3  15.6   7.1   0.8 -21.1 -33.0 
1978 -21.9 -14.1  -6.9   0.9   8.2  12.9  16.0  14.2   9.1  -2.1 -17.9 -21.1 
1979 -28.4 -37.0  -9.2  -0.2   7.7  12.8  16.3  14.6   8.6   2.1  -7.2 -24.0 
1980 -28.9 -12.0  -8.3   3.7  10.1  14.9  15.5  12.2   4.5   2.7  -9.2 -38.8 
1981  -7.6 -16.8  -3.7  -2.0  11.5  12.1  15.0  12.9   6.4  -1.2  -8.1 -21.0 
1982 -41.4 -25.0 -14.8  -1.5   6.5  14.2  16.7  12.8   7.5  -6.2 -17.6 -19.1 
1983 -25.1 -15.6 -11.5   2.6   8.1  14.6  15.8  12.1   4.1  -3.1 -12.1 -35.9 
1984 -24.0 -13.9  -4.0   3.4   8.3  14.1  14.4  12.6   6.9  -4.4 -16.8 -27.7 
1985  -9.4 -24.8  -9.5  -1.5   7.2  12.4  15.5  11.1   5.7  -5.4 -26.4 -12.0 
1986 -13.7 -17.9 -10.2  -4.2   7.3  13.8  17.0  11.6   7.1  -1.2 -20.9 -16.5 
1987 -16.7 -13.3 -12.8   1.2   8.5  14.3  16.3  12.8   6.6   1.6  -8.3 -14.9 
1988 -25.1 -15.6  -5.4   3.0   9.9  14.4  15.8  12.9   6.1  -4.2 -15.5 -16.3 
1989 -29.9 -23.0 -16.5   3.3  10.2  14.9  17.8  16.1   6.9  -2.8 -20.5 -14.5 
1990 -27.2 -29.3  -6.6   2.9  10.7  14.8  16.8  14.2   7.0  -3.7 -26.6 -27.6 
1991 -24.7 -14.2 -10.9   3.2  10.0  15.3  15.6  11.5   7.8  -6.1 -15.7 -19.9 
1992 -14.9 -17.4  -5.4  -0.7   6.0  13.5  16.2  12.4   0.4  -6.1  -9.1 -26.3 
1993 -25.8 -18.0  -6.7   4.2  10.2  14.7  16.9  13.1   6.2   0.2 -14.5 -16.3 
1994 -26.9 -27.6  -6.3   2.7   8.7  14.1  17.3  16.5   5.9  -0.1 -18.7 -22.5 
1995 -21.0 -16.3 -12.5   6.0  10.6  16.1  16.5  13.2   6.0  -2.8 -17.6 -18.7 
1996 -36.5 -18.3 -12.6   1.0   6.9  12.7  15.9  11.5   6.1  -7.7 -23.0 -25.7 
1997 -27.4 -12.1 -14.0   1.2   8.3  13.8  17.2  13.9   9.1  -6.2  -9.8 -10.9 
1998 -26.2 -11.2  -7.7   3.5  11.1  15.4  17.3  12.5   6.8  -2.0 -14.8 -22.0 
1999 -26.9 -19.5  -7.0   1.8   7.9  16.3  15.2  15.0   6.9  -1.4 -13.5 -16.4 
2000 -25.1 -10.9  -4.3  -1.2   6.9  15.1  15.6  11.1   5.2  -3.2 -10.1 -20.9 
2001 -99.0 -99.0 -99.0 -99.0 -99.0 -99.0 -99.0 -99.0 -99.0 -99.0 -99.0 -99.0 
2002 -99.0 -99.0 -99.0 -99.0 -99.0 -99.0 -99.0 -99.0 -99.0 -99.0 -99.0 -99.0 
2003 -99.0 -99.0 -99.0 -99.0 -99.0 -99.0 -99.0 -99.0 -99.0 -99.0 -99.0 -99.0 
2004 -99.0 -99.0 -99.0 -99.0 -99.0 -99.0 -99.0 -99.0 -99.0 -99.0 -99.0 -99.0 
2005 -99.0 -99.0 -99.0 -99.0 -99.0 -99.0 -99.0 -99.0 -99.0 -99.0 -99.0 -99.0 
2006 -99.0 -99.0 -99.0 -99.0 -99.0 -99.0 -99.0 -99.0 -99.0 -99.0 -99.0 -99.0 
2007 -99.0 -99.0 -99.0 -99.0 -99.0 -99.0 -99.0 -99.0 -99.0 -99.0 -99.0 -99.0 
