Number= 719671
Name= CARCROSS
Country= CANADA
Lat=   61.7
Long=  137.5
Height= 663
Start year= 1907
End year= 1979
First Good year= 1907
Source ID= 10
Source file= Jones
Jones data to= 1979
Normals= -99.0 -99.0 -99.0 -99.0 -99.0 -99.0 -99.0 -99.0 -99.0 -99.0 -99.0 -99.0 
Obs:
1907 -99.0 -19.2 -12.7  -1.3   8.6  10.4  12.2  10.4   6.7   3.0  -5.7 -10.3 
1908 -99.0 -99.0 -99.0 -99.0 -99.0 -99.0 -99.0 -99.0 -99.0 -99.0 -99.0 -99.0 
1909 -30.0 -22.0  -7.8  -3.5   6.0   9.9  11.7  10.0   6.7  -0.1 -16.3 -14.9 
1910 -14.5 -20.9  -7.7  -2.5   5.4   9.1  11.7  10.6   8.4   2.2  -9.5 -18.6 
1911 -23.5 -14.7 -11.6  -4.6   4.5   9.5 -99.0 -99.0   7.2   3.0  -9.9  -9.0 
1912 -19.0  -9.2  -7.3   0.9   7.1   8.4  12.9   9.8   7.9   2.8  -5.1  -9.6 
1913 -20.9 -11.9 -99.0 -99.0   4.7  12.0  11.8  10.5   8.0  -0.3  -6.3  -8.3 
1914 -22.7 -11.7  -7.2  -0.7   5.2  10.4  10.3  10.3   5.9   3.4  -6.3 -16.7 
1915 -13.1 -16.3  -2.5   2.4   7.3  11.6  16.2  12.1   8.9  -1.2  -8.0 -12.7 
1916 -24.3 -13.1 -14.8   1.6   5.3  10.7  12.2  11.1   8.1   3.3  -6.6 -19.2 
1917 -18.0 -15.6  -8.9  -1.6   5.1   9.5  10.2  11.0   7.6   0.3  -5.8 -34.9 
1918 -18.7 -17.9 -15.5  -3.0   3.5   9.7  13.8  10.2   8.3  -0.2  -5.7 -12.8 
1919 -14.1 -18.2 -15.7   0.8   4.1   9.4  12.3  12.1   8.1  -2.5 -12.3 -17.4 
1920 -22.9  -8.3 -11.0  -5.8   3.3  10.3  13.9  10.6   5.4  -1.4  -6.7 -16.5 
1921 -22.5 -15.5 -10.9   0.3   5.6  10.9  11.6  11.2   6.6   1.8 -13.4  -8.7 
1922 -12.3 -20.8 -11.7  -0.3   5.0  10.5  13.2  10.3   6.5   1.4  -6.5 -23.4 
1923 -24.6 -10.3 -10.2   0.3   6.5  12.5  16.2  18.7   8.0   1.8  -4.6 -14.3 
1924 -20.2 -10.9  -4.2  -2.2   5.7  10.9  11.4  11.8   5.5   0.9  -5.4 -20.0 
1925 -26.2 -21.7  -8.2  -0.9   6.6  10.0  13.2  11.7   8.0   2.5  -2.9  -6.7 
1926  -5.6 -11.1  -0.9   2.6   6.4  12.5  13.0  12.9   7.3   3.1  -8.5 -12.6 
1927 -22.7 -14.4  -7.4  -5.9   3.8  10.7  14.9  13.1   5.0 -99.0 -99.0 -99.0 
1928 -21.8 -14.6 -10.8 -99.0 -99.0 -99.0 -99.0 -99.0 -99.0 -99.0 -99.0 -99.0 
1929 -99.0 -99.0 -99.0 -99.0 -99.0 -99.0 -99.0 -99.0 -99.0 -99.0 -99.0 -99.0 
1930 -99.0 -99.0 -99.0 -99.0 -99.0 -99.0 -99.0 -99.0 -99.0 -99.0 -99.0 -99.0 
1931 -99.0 -99.0 -99.0 -99.0 -99.0 -99.0 -99.0 -99.0 -99.0 -99.0 -99.0 -99.0 
1932 -99.0 -99.0 -99.0 -99.0 -99.0 -99.0 -99.0 -99.0 -99.0 -99.0 -99.0 -99.0 
1933 -99.0 -99.0 -99.0 -99.0 -99.0 -99.0 -99.0 -99.0 -99.0 -99.0 -99.0 -99.0 
1934 -99.0 -99.0 -99.0 -99.0 -99.0 -99.0 -99.0  13.0   6.3   1.9  -7.2 -15.7 
1935 -22.4  -7.4 -13.2  -1.0 -99.0 -99.0 -99.0   9.5   6.2  -2.4 -10.1 -14.0 
1936 -21.5 -30.0  -7.9   0.0   6.1  13.6  13.0  12.0   5.4   4.1   0.4 -16.6 
1937 -13.5 -17.0  -7.0  -1.1   4.8  10.7  10.6  10.1   7.9   2.5  -9.9 -18.0 
1938 -18.4 -18.8  -8.8  -0.4   5.2   8.6  11.1  10.9   9.3   3.2  -6.7 -13.3 
1939 -14.4 -17.1 -11.6  -2.6   5.2   9.6  11.0   7.0   5.3  -1.2  -6.0  -5.7 
1940 -14.5 -16.0  -7.3   0.7   6.5   9.9  14.6  10.2   8.8   3.4  -9.5 -10.6 
1941 -99.0 -99.0 -99.0 -99.0 -99.0 -99.0 -99.0 -99.0 -99.0 -99.0 -99.0 -99.0 
1942 -99.0 -99.0 -99.0 -99.0 -99.0 -99.0 -99.0 -99.0 -99.0 -99.0 -99.0 -99.0 
1943 -99.0 -99.0 -99.0 -99.0 -99.0 -99.0 -99.0 -99.0 -99.0 -99.0 -99.0 -99.0 
1944 -99.0 -99.0 -99.0 -99.0 -99.0 -99.0 -99.0 -99.0 -99.0 -99.0 -99.0 -99.0 
1945 -99.0 -99.0 -99.0 -99.0 -99.0 -99.0 -99.0 -99.0 -99.0 -99.0 -99.0 -99.0 
1946 -99.0 -99.0 -99.0 -99.0 -99.0 -99.0 -99.0 -99.0 -99.0 -99.0 -99.0 -99.0 
1947 -99.0 -99.0 -99.0 -99.0 -99.0 -99.0 -99.0 -99.0 -99.0 -99.0 -99.0 -99.0 
1948 -99.0 -99.0 -99.0 -99.0 -99.0 -99.0 -99.0 -99.0 -99.0 -99.0 -99.0 -99.0 
1949 -99.0 -99.0 -99.0 -99.0 -99.0 -99.0 -99.0 -99.0 -99.0 -99.0 -99.0 -99.0 
1950 -99.0 -99.0 -99.0 -99.0 -99.0 -99.0 -99.0 -99.0 -99.0 -99.0 -99.0 -99.0 
1951 -99.0 -99.0 -99.0 -99.0 -99.0 -99.0 -99.0 -99.0 -99.0 -99.0 -99.0 -99.0 
1952 -99.0 -99.0 -99.0 -99.0 -99.0 -99.0 -99.0 -99.0 -99.0 -99.0 -99.0 -99.0 
1953 -99.0 -99.0 -99.0 -99.0 -99.0 -99.0 -99.0 -99.0 -99.0 -99.0 -99.0 -99.0 
1954 -18.3 -15.6  -7.7  -5.6   5.5 -99.0  11.1  12.0   7.3   2.7 -99.0 -13.4 
1955 -99.0 -12.7 -99.0 -99.0 -99.0 -99.0  14.0   8.6   4.2 -99.0 -99.0 -99.0 
1956 -99.0 -99.0 -99.0 -99.0 -99.0 -99.0 -99.0 -99.0 -99.0 -99.0 -99.0 -99.0 
1957 -99.0 -99.0 -99.0 -99.0 -99.0 -99.0 -99.0 -99.0 -99.0 -99.0 -99.0 -99.0 
1958 -99.0 -99.0 -99.0 -99.0 -99.0 -99.0 -99.0 -99.0 -99.0 -99.0 -99.0 -99.0 
1959 -99.0 -99.0 -99.0 -99.0 -99.0  11.5 -99.0 -99.0 -99.0 -99.0 -99.0 -99.0 
1960 -99.0 -99.0 -99.0 -99.0 -99.0 -99.0 -99.0 -99.0 -99.0 -99.0 -99.0 -99.0 
1961 -99.0 -99.0 -99.0 -99.0 -99.0 -99.0 -99.0 -99.0 -99.0 -99.0 -99.0 -99.0 
1962 -99.0 -99.0 -99.0 -99.0 -99.0   9.5 -99.0 -99.0 -99.0 -99.0 -99.0 -99.0 
1963 -99.0 -99.0 -99.0 -99.0 -99.0 -99.0 -99.0 -99.0   8.9   3.0 -15.8 -99.0 
1964 -99.0 -99.0 -99.0 -99.0 -99.0 -99.0 -99.0 -99.0 -99.0 -99.0 -99.0 -99.0 
1965 -99.0 -99.0 -99.0 -99.0 -99.0 -99.0 -99.0 -99.0 -99.0 -99.0 -99.0 -99.0 
1966 -99.0 -99.0 -99.0 -99.0 -99.0 -99.0 -99.0 -99.0 -99.0 -99.0 -99.0 -99.0 
1967 -99.0 -99.0 -99.0 -99.0 -99.0 -99.0 -99.0 -99.0 -99.0 -99.0 -99.0 -99.0 
1968 -99.0 -99.0 -99.0 -99.0 -99.0 -99.0 -99.0 -99.0 -99.0 -99.0 -99.0 -99.0 
1969 -99.0 -99.0 -99.0 -99.0 -99.0 -99.0 -99.0 -99.0 -99.0 -99.0 -99.0 -99.0 
1970 -99.0 -99.0 -99.0 -99.0 -99.0 -99.0 -99.0 -99.0 -99.0 -99.0 -99.0 -99.0 
1971 -99.0 -99.0 -99.0 -99.0 -99.0 -99.0 -99.0 -99.0 -99.0 -99.0 -99.0 -99.0 
1972 -99.0 -99.0 -99.0 -99.0 -99.0 -99.0 -99.0 -99.0 -99.0 -99.0 -99.0 -99.0 
1973 -99.0 -17.0  -5.7   0.3 -99.0   8.8  11.4   9.5   6.2   0.1 -99.0 -99.0 
1974 -28.1 -13.1 -11.7   0.0   5.4   8.8  11.2  11.1   7.9   2.2  -4.2  -7.9 
1975 -19.5 -17.3 -11.1   0.0   5.9   8.6  12.3  10.6   8.2  -0.7 -13.7 -21.4 
1976 -15.4 -18.5  -6.9   1.1   4.6  10.7  12.0  11.7   7.2   2.0   0.2 -10.9 
1977  -7.4  -3.3  -6.0   1.6   5.5  11.0  12.8  14.5   7.3   2.3 -13.5 -26.3 
1978 -99.0 -11.6 -99.0   0.3   5.2  10.6  12.6  11.8   7.0   4.1  -8.4 -11.7 
1979 -21.9 -25.9  -3.8   0.9   5.7  10.0 -99.0 -99.0 -99.0 -99.0 -99.0 -99.0 
