Number= 719969
Name= Sprague
Country= CANADA
Lat=   49.0
Long=   95.6
Height= 327
Start year= 1915
End year= 2007
First Good year= 1915
Source ID= 36
Source file= Jones+Anders
Jones data to= 1998
Normals source= Data
Normals source start year= 1961
Normals source end year= 1990
Normals= -18.2 -14.8  -6.6   3.5  10.9  16.1  18.9  17.4  11.6   5.4  -4.7 -14.4 
Standard deviations source= Data
Standard deviations source start year= 1941
Standard deviations source end year= 1990
Standard deviations=   3.8   3.5   3.6   2.3   2.1   1.5   1.3   1.5   1.3   1.8   2.5   3.2 
Obs:
1915 -99.0 -99.0 -99.0 -99.0 -99.0 -99.0 -99.0 -99.0  11.7   5.0  -4.1 -15.0 
1916 -21.7 -15.0 -10.6   2.7  10.0  14.7  22.4  17.3  10.4   2.1  -3.6 -19.1 
1917 -23.2 -23.1  -7.5   1.3   9.4  14.2  20.8  17.0  13.1  -0.8  -1.5 -19.9 
1918 -21.0 -15.3  -1.5   5.3  11.3  16.4  19.4  17.5   8.0   4.6  -1.1  -9.1 
1919  -9.3  -8.3 -10.0   4.6  13.8  16.9  19.6  16.8  12.0  -0.9 -10.7 -18.2 
1920 -20.8 -15.4  -7.1  -1.4  10.3  15.2  16.0  17.1  12.6   7.7  -3.9 -10.7 
1921 -13.9 -13.0  -9.8   3.5  10.7  18.0  19.2  15.5  11.9   6.2  -8.9 -13.6 
1922 -17.3 -18.3  -5.4   4.5  13.8  16.7  17.0  17.8  13.0   6.2  -0.4 -17.2 
1923 -17.6 -19.0 -15.7   0.3  10.8  17.9  20.3  14.7  13.6   4.8   0.2  -8.4 
1924 -20.9 -12.1  -6.1   1.8   6.0  12.8  16.7  15.7  10.1   9.1  -6.4 -20.5 
1925 -18.1 -14.8  -6.5   5.9   9.8  15.3  17.7  17.9  12.8  -0.3  -4.8 -13.2 
1926 -14.2 -10.6  -9.2   2.1  12.1  13.4  18.0  16.3   9.0   2.9  -8.2 -15.0 
1927 -18.5 -14.7  -3.8   2.8   8.1  15.1  16.3  14.3  12.4   6.3  -8.6 -19.3 
1928 -15.2 -13.2  -7.8  -0.1  11.3  13.8  17.9  15.3  10.1   4.3  -1.7  -8.6 
1929 -24.8 -19.3  -6.0   3.3   7.7  14.7  18.2  17.1   9.5   5.2  -8.0 -14.8 
1930 -22.4 -10.7  -8.4   4.8   9.0  15.5  19.6  17.6  10.4   3.7  -4.0 -11.1 
1931 -13.4  -8.4  -6.8   3.8   8.6  17.4  17.9  16.5  13.5   7.3  -1.0  -7.9 
1932 -14.5 -15.6 -13.6   2.9  11.6  19.0  18.2  17.6  12.3   2.5  -8.5 -15.6 
1933 -16.1 -19.0  -8.6   2.4  12.1  19.1  19.5  18.2  13.4   1.8  -8.7 -20.2 
1934 -13.1 -16.7 -10.4   2.6  12.1  15.8  17.6  15.7  10.0   7.2  -0.9 -15.1 
1935 -20.7  -9.2  -7.0   2.3   8.9  13.8  21.4  17.7  11.2   4.5 -10.0 -13.5 
1936 -23.8 -24.6  -8.3  -1.8  13.0  15.2  22.5  17.7  12.9   1.7  -6.8 -13.3 
1937 -24.5 -16.3  -8.6   2.4  11.8  17.0  19.9  20.8  11.9   6.0  -3.2 -14.9 
1938 -20.1 -13.2  -1.4   2.5   9.9  15.7  20.3  20.1  14.1   9.5  -6.8 -11.7 
1939 -14.1 -21.8  -8.8   2.7  12.7  15.9  19.8  18.5  12.5   3.5   0.3  -5.7 
1940 -17.2 -11.7  -9.3   1.9   9.8  14.1  19.0  17.9  14.6   7.7  -6.6 -11.0 
1941 -16.5 -16.1  -7.8   6.3  12.7  17.0  19.5  16.8  12.4   6.3  -3.4 -10.1 
1942 -11.8 -13.7  -1.8   6.9   9.1  15.4  17.9  17.3  10.8   6.1  -5.6 -16.2 
1943 -22.2 -15.9 -12.9   3.8   9.0  15.0  20.5  17.9  11.2   7.1  -3.8 -11.0 
1944 -10.2 -14.7 -10.5   3.3  12.3  15.3  17.8  17.1  12.4   6.4  -1.6 -12.3 
1945 -15.7 -13.7  -1.2   1.2   6.8  14.1  17.9  17.1  10.7   4.3  -5.4 -16.1 
1946 -16.6 -17.7  -0.4   6.2   9.5  15.3  18.4  16.2  11.6   4.3  -5.8 -15.5 
1947 -14.1 -17.6  -8.0   1.9   7.1  14.7  19.7  19.2  10.5  10.2  -6.8 -15.6 
1948 -19.8 -17.8  -9.2   3.4  10.7  14.9  19.0  18.4  14.2   7.1  -2.9 -13.6 
1949 -17.2 -19.6  -9.3   5.7  10.5  16.4  18.7  19.5  10.7   5.2  -1.6 -16.3 
1950 -26.3 -16.6 -12.3  -2.5   8.7  14.8  17.7  15.3  12.7   6.8  -7.5 -16.3 
1951 -19.6 -13.4 -10.2   2.6  12.1  14.3  17.5  15.8  10.8   4.4  -7.9 -15.0 
1952 -18.0  -9.8  -7.4   7.3  10.3  16.4  17.9  15.9  13.4   2.9  -3.1  -8.6 
1953 -16.0 -13.5  -5.3   1.8  10.0  15.5  17.9  18.6  11.1   9.1  -0.4 -12.2 
1954 -21.8  -5.9  -8.8   0.8   7.6  15.5  18.6  15.6  10.7   4.8  -1.3  -9.1 
1955 -18.4 -17.5 -14.3   7.1  12.7  16.3  20.4  18.9  10.8   5.7  -4.4 -12.5 
1956 -15.5 -16.6 -11.4  -0.2   8.6  18.3  17.0  16.7   9.7   8.0  -2.5 -12.8 
1957 -20.5 -15.8  -7.0   3.5  10.7  13.5  20.7  17.1  10.7   6.4  -3.8 -10.0 
1958 -11.4 -14.1  -2.6   5.4  10.7  13.1  17.2  16.0  12.1   6.5  -4.4 -17.4 
1959 -20.1 -18.4  -6.2   3.1  10.7  17.3  19.3  18.4  11.8   2.6  -9.4  -7.9 
1960 -15.2 -14.2 -11.6   2.6  10.9  16.3  18.6  18.6  12.2   5.9  -3.4 -16.0 
1961 -19.1 -10.7  -3.8   1.0  10.0  18.2  18.8  19.4  10.9   5.6  -4.0 -14.9 
1962 -20.4 -18.9  -6.7   0.5  10.8  17.2  17.3  17.7  10.9   7.6  -1.7 -12.6 
1963 -21.2 -17.3  -4.5   4.1   9.7  18.5  20.3  18.2  13.6  11.1  -1.9 -17.3 
1964 -13.8 -13.6 -11.5   4.0  12.6  15.3  20.0  15.7  10.6   5.5  -3.7 -17.5 
1965 -21.1 -17.7 -13.4   3.4  10.6  15.6  17.3  16.5   7.7   6.3  -6.4  -9.1 
1966 -24.9 -18.5  -4.3   0.9   8.3  17.2  20.5  16.8  12.6   4.5  -8.5 -15.0 
1967 -16.6 -20.6  -7.8   1.3   7.3  15.1  18.0  16.4  13.8   4.0  -4.3 -13.0 
1968 -19.0 -17.4  -4.6   3.7   9.4  15.0  17.3  15.7  12.6   5.3  -2.9 -13.8 
1969 -19.5 -13.2  -9.1   5.4  10.5  11.9  17.6  19.8  12.5   2.5  -2.6 -10.2 
1970 -18.8 -16.0 -11.0   1.2   8.1  17.8  20.2  17.3  11.8   5.5  -4.5 -17.1 
1971 -23.1 -14.0  -6.6   3.8   9.6  17.0  16.0  17.2  11.8   6.4  -4.9 -14.6 
1972 -21.9 -18.8  -8.1   2.1  13.4  16.0  16.0  17.8   9.8   3.4  -4.9 -17.6 
1973 -13.6 -12.9   0.5   3.2  10.8  15.9  17.9  19.3  11.4   8.3  -5.6 -14.3 
1974 -20.6 -15.7 -10.0   3.1   8.1  16.0  20.7  15.7   9.2   6.1  -2.5  -8.4 
1975 -14.8 -15.9 -10.4   0.3  11.6  15.8  20.8  16.4  10.0   6.5  -2.6 -14.0 
1976 -17.3 -10.2  -8.5   5.4  10.4  17.5  18.4  18.1  11.9   2.5  -6.9 -18.7 
1977 -21.3 -11.8  -2.7   6.5  17.3  16.6  19.2  14.0  11.7   6.5  -5.9 -16.8 
1978 -20.0 -16.7  -7.9   2.6  12.8  15.3  18.0  17.3  13.6   6.3  -7.9 -18.6 
1979 -23.5 -20.0  -7.7  -0.1   7.2  14.8  19.4  15.8  13.0   3.8  -6.4  -9.7 
1980 -17.6 -15.3 -10.9   6.8  14.1  15.9  19.7  16.4  11.1   3.5  -2.3 -15.1 
1981 -14.0 -10.2  -1.5   4.8  10.6  15.2  19.2  18.5  11.8   4.8   0.7 -13.3 
1982 -25.5 -15.3  -8.5   2.0  11.9  12.7  18.8  16.0  11.8   6.5  -6.6  -9.8 
1983 -12.0  -9.3  -3.1   3.5   8.6  16.3  21.0  20.7  12.3   5.4  -2.1 -20.2 
1984 -16.5  -6.7  -7.6   6.5  10.0  16.5  18.5  19.9   9.9   6.9  -5.0 -16.3 
1985 -17.1 -15.7  -2.7   6.3  12.3  13.0  17.7  15.2  10.0   4.8 -11.4 -18.0 
1986 -13.9 -14.3  -3.1   4.8  12.8  15.9  19.1  15.9  11.0   4.8  -8.8 -10.4 
1987 -13.7  -5.7  -3.7   8.1  13.1  17.4  19.2  16.9  13.0   3.2  -1.8  -9.0 
1988 -19.0 -17.2  -5.8   4.3  14.0  20.0  20.0  19.1  11.9   3.6  -3.6 -13.1 
1989 -15.4 -19.7 -10.1   1.8  12.6  15.5  21.2  18.5  12.4   5.4  -7.6 -18.9 
1990 -10.9 -14.6  -4.1   3.7   9.9  17.0  18.0  18.8  13.3   4.8  -3.3 -15.7 
1991 -15.8  -9.5  -4.6   6.6  14.2  18.5  18.8  19.8  11.4   2.6  -7.9 -11.7 
1992 -11.8  -8.9  -4.6   2.1  12.5  14.5  15.2  15.6  11.2   4.7  -4.4 -15.1 
1993 -16.6 -14.8  -4.7   4.1  11.0  14.6  17.2  17.6   9.7   3.0  -5.5 -11.8 
1994 -22.4 -15.5  -2.6   3.8  12.2  17.2  17.8  16.1  13.8   8.3  -0.9  -8.8 
1995 -13.6 -15.4  -3.8   1.0  10.5  19.7  18.7  19.1  11.7   5.0  -5.5 -13.3 
1996 -22.5 -14.0 -10.4  -1.1   9.5  17.4  18.2  18.8  12.7   5.3  -9.6 -16.7 
1997 -18.6 -12.4  -8.0   1.1   8.1  17.8  19.1  17.4  14.1   5.8  -5.4  -5.7 
1998 -13.0  -3.4  -3.4 -99.0 -99.0 -99.0 -99.0 -99.0 -99.0 -99.0 -99.0 -99.0 
1999 -99.0 -99.0 -99.0 -99.0 -99.0 -99.0 -99.0 -99.0 -99.0 -99.0 -99.0 -99.0 
2000 -99.0 -99.0 -99.0 -99.0 -99.0 -99.0 -99.0 -99.0 -99.0 -99.0 -99.0 -99.0 
2001 -99.0 -99.0 -99.0 -99.0 -99.0 -99.0 -99.0 -99.0 -99.0 -99.0 -99.0 -99.0 
2002 -99.0 -99.0 -99.0 -99.0 -99.0 -99.0 -99.0 -99.0 -99.0 -99.0 -99.0 -99.0 
2003 -99.0 -99.0 -99.0 -99.0 -99.0 -99.0 -99.0 -99.0 -99.0 -99.0 -99.0 -99.0 
2004 -99.0 -99.0 -99.0 -99.0 -99.0 -99.0 -99.0 -99.0 -99.0 -99.0 -99.0 -99.0 
2005 -99.0 -99.0 -99.0 -99.0 -99.0 -99.0 -99.0 -99.0 -99.0 -99.0 -99.0 -99.0 
2006 -99.0 -99.0 -99.0 -99.0 -99.0 -99.0 -99.0 -99.0 -99.0 -99.0 -99.0 -99.0 
2007 -99.0 -99.0 -99.0 -99.0 -99.0 -99.0 -99.0 -99.0 -99.0 -99.0 -99.0 -99.0 
