Number= 719975
Name= Mine Centre
Country= CANADA
Lat=   48.8
Long=   92.6
Height= 343
Start year= 1915
End year= 2007
First Good year= 1915
Source ID= 36
Source file= Jones+Anders
Jones data to= 1999
Normals source= Data
Normals source start year= 1961
Normals source end year= 1990
Normals= -16.9 -13.3  -5.5   3.5  11.0  15.9  19.0  17.4  11.9   5.6  -3.7 -13.4 
Standard deviations source= Data
Standard deviations source start year= 1941
Standard deviations source end year= 1990
Standard deviations=   3.4   3.3   3.1   2.3   2.1   1.5   1.3   1.5   1.4   1.9   2.4   3.2 
Obs:
1915 -99.0 -12.7  -6.7   9.1   8.5  11.5  19.7  17.9   9.6   7.5  -4.3  -6.0 
1916 -19.0 -15.7  -6.5   1.4   7.5  14.2  22.4  17.3  11.3   3.5  -3.6 -17.7 
1917 -20.9 -21.8  -6.6  -0.1   8.2  13.6  19.3  15.1  12.4  -0.7  -1.6 -19.3 
1918 -20.2 -16.0  -2.3   3.2   9.8  15.1  17.7  18.0   8.5   5.2  -0.8  -9.6 
1919 -11.7 -12.6  -8.0   4.1  13.1  19.5  20.1  18.0  12.0   1.2  -8.5 -18.0 
1920 -20.5 -14.4  -5.8  -0.8  11.6  16.7  18.0  18.2  14.4   9.4  -3.7  -9.5 
1921 -12.8 -10.0  -7.5   4.9  12.0  19.3  21.5  16.9  13.1   6.6  -7.9 -12.9 
1922 -17.0 -15.9  -5.2   3.7  15.0  17.2  17.8  17.9  13.6   5.3  -0.3 -16.0 
1923 -16.8 -18.2 -13.4   1.2  11.8  19.1  20.5  14.5  13.6   5.2   0.7  -8.0 
1924 -21.2 -11.1  -6.5   2.3   7.0  13.4  17.4  15.9  10.7   9.4  -5.5 -19.4 
1925 -17.1 -14.3  -6.7   6.0   9.2  15.1  18.0  18.5  12.6   0.3  -4.2 -14.7 
1926 -14.0 -10.7  -8.6   0.8  12.3  13.7  18.5  17.1  10.0   3.5  -8.4 -15.2 
1927 -16.7 -11.7  -2.7   2.8   8.4  14.4  17.3  16.0  14.2   6.7  -7.1 -18.2 
1928 -14.5 -12.6  -7.0  -0.9  12.2  14.2  17.7  17.5  10.6   5.2  -1.8  -8.2 
1929 -22.5 -16.4  -4.3   3.8   8.5  14.8  18.7  16.9  10.9   5.9  -6.5 -14.2 
1930 -21.5  -8.8  -6.1   4.8  10.5  16.9  19.0  19.3  12.1   5.5  -2.3 -10.0 
1931 -11.1  -7.2  -4.8   4.5   9.7  17.8  18.8  17.7  14.9   9.5   0.4  -5.9 
1932 -10.4 -13.4 -11.2   3.0  11.2  18.8  18.3  18.1  12.0   3.9  -6.8 -16.5 
1933 -14.3 -17.3  -7.5   2.1  12.2  18.8  20.2  17.1  13.3   2.3  -8.2 -19.0 
1934 -12.9 -17.2 -10.0   1.6  12.3  15.1  18.2  15.2  10.6   7.0  -0.1 -14.5 
1935 -19.1 -10.6  -6.9   1.0   9.4  13.2  21.6  18.7  11.0   5.0  -8.1 -11.4 
1936 -19.8 -22.2  -6.1  -1.4  12.2  14.5  23.0  18.5  13.8   1.5  -7.2 -11.6 
1937 -22.1 -15.2  -7.4   2.2  12.2  16.4  20.3  20.7  12.4   4.2  -3.8 -14.5 
1938 -17.5 -11.9  -1.1   2.9  11.1  16.1  19.7  19.7  13.5   9.1  -6.3 -13.0 
1939 -14.2 -20.0  -8.5   1.3  11.9  15.9  20.5  19.7  12.7   3.5  -0.5  -5.8 
1940 -19.0 -12.1  -8.1   1.7   9.6  15.2  19.0  18.1  14.9   7.8  -4.7 -10.3 
1941 -13.9 -12.0  -6.1   8.4  13.7  17.4  19.9  17.6  13.0   6.5  -2.9  -7.8 
1942 -12.3 -12.9  -2.6   7.5   9.3  16.4  17.4  17.5  10.8   7.8  -3.8 -14.5 
1943 -19.6 -13.2 -10.4  -0.1   8.9  15.9  20.9  18.5  11.8   7.9  -4.0 -11.1 
1944  -7.9 -15.0  -8.0   2.7  12.0  16.1  19.2  17.4  12.8   7.2   0.4 -11.0 
1945 -15.5 -12.5  -1.0   1.8   7.1  14.5  17.7  17.6  10.7   4.8  -5.7 -15.4 
1946 -16.7 -17.4  -0.3   4.6   9.6  15.1  19.4  17.2  12.4   6.4  -3.9 -13.3 
1947 -13.6 -14.9  -7.1   0.7   7.9  13.5  19.4  19.9  11.0   9.6  -6.4 -14.0 
1948 -17.1 -16.5  -7.2   3.7   8.6  14.7  18.7  18.7  14.4   7.2  -1.7 -13.3 
1949 -15.1 -18.0  -9.4   4.8  10.5  16.7  18.6  19.7  10.3   6.6  -1.8 -14.5 
1950 -23.1 -15.1 -10.3  -2.0   8.3  14.2  17.3  14.6  12.6   7.2  -7.0 -15.8 
1951 -17.9 -12.2  -8.9   2.3  12.1  14.6  17.6  15.5  10.3   4.2  -7.0 -13.7 
1952 -16.4  -8.3  -6.4   6.7  10.9  16.8  18.8  16.8  13.3   3.3  -2.2  -7.1 
1953 -14.0 -11.2  -3.8   2.0   9.2  15.5  17.4  18.6  11.3   9.1  -0.3 -11.9 
1954 -20.2  -6.0  -8.3   0.8   6.6  15.9  18.4  15.7  10.9   5.2  -0.6  -8.5 
1955 -15.8 -15.1 -11.7   7.7  11.8  16.5  20.5  19.2  11.6   6.2  -6.7 -15.5 
1956 -12.6 -15.0  -9.2   0.2   7.3  17.1  15.6  15.3   9.1   9.0  -2.4 -12.6 
1957 -20.8 -14.4  -7.3   2.0   9.9  13.8  19.4  16.4  10.5   6.4  -3.3 -10.9 
1958 -11.3 -13.6  -1.7   5.5   9.2  11.5  16.8  15.4  13.0   7.0  -3.1 -17.6 
1959 -21.1 -16.4  -5.3   2.8  11.2  17.9  20.1  19.6  12.4   3.8  -9.7  -8.3 
1960 -14.6 -12.4  -9.8   2.5  11.1  14.6  18.7  19.6  12.6   6.7  -1.2 -15.2 
1961 -17.7  -9.4  -1.9   1.9   9.9  17.2  19.5  19.0  11.4   6.7  -2.9 -11.6 
1962 -19.6 -16.2  -3.3   1.2  11.8  16.3  17.3  17.4  11.3   7.5  -1.0 -12.7 
1963 -21.0 -17.6  -4.1   4.1   9.3  17.7  20.5  17.9  14.1  12.2  -0.7 -16.5 
1964 -11.9 -11.5  -9.2   3.7  13.1  15.4  21.1  15.7  11.0   5.2  -2.9 -16.7 
1965 -18.5 -16.9 -10.9   3.5  11.8  15.3  17.3  17.5   8.3   6.6  -4.3  -7.9 
1966 -21.8 -14.7  -3.7   0.9   7.8  17.7  21.5  16.9  12.8   4.7  -6.8 -13.8 
1967 -16.0 -19.6  -6.2   1.6   7.7  15.6  18.1  16.5  13.8   4.7  -4.4 -11.7 
1968 -15.9 -14.8  -2.6   3.6   9.4  15.0  18.6  16.6  13.9   6.8  -2.5 -13.0 
1969 -16.3 -11.2  -7.1   5.5  10.0  11.8  17.8  19.9  12.4   3.0  -3.4  -9.7 
1970 -19.3 -15.3  -8.5   2.1   8.0  17.3  20.8  18.5  13.3   6.5  -3.9 -14.1 
1971 -20.4 -11.5  -6.6   3.4   9.4  17.8  16.9  17.6  13.1   7.5  -4.5 -13.0 
1972 -21.4 -16.8  -7.7   1.4  13.9  15.8  16.8  17.6  10.1   3.9  -4.4 -16.3 
1973 -12.7 -12.6   0.1   3.1  10.7  15.7  18.1  19.1  11.4   8.3  -3.9 -13.9 
1974 -18.5 -14.4  -8.1   3.1   8.1  15.4  20.4  16.3   8.5   5.5  -2.8  -8.5 
1975 -14.2 -13.1  -8.7   0.6  13.1  16.3  21.1  16.9  10.5   6.7  -2.1 -13.7 
1976 -16.7  -9.5  -7.3   5.4  10.6  17.9  18.8  18.5  11.8   2.6  -6.8 -19.3 
1977 -20.7 -11.8  -1.2   5.6  16.1  16.2  19.2  14.4  11.9   6.7  -3.7 -15.1 
1978 -18.9 -15.1  -6.7   2.5  12.6  15.3  17.4  16.9  13.4   6.6  -5.5 -17.1 
1979 -21.7 -17.5  -6.2   1.0   7.9  14.4  19.3  15.9  12.2   3.8  -4.4  -9.0 
1980 -16.4 -14.0  -9.4   6.2  13.7  15.5  19.1  17.3  11.0   3.7  -3.2 -12.8 
1981 -13.3  -8.1  -2.6   4.0  11.7  17.1  21.4  19.9  12.5   4.7   1.4  -9.9 
1982 -19.6 -12.7  -5.1   3.6  12.7  15.0  18.9  17.1  13.3   7.6  -5.2  -8.6 
1983 -11.7  -8.8  -3.2   3.5   9.7  15.2  19.2  19.0  12.4   5.2  -1.1 -19.2 
1984 -17.7  -5.5  -7.9   6.6   9.4  16.4  18.4  19.9  10.1   6.0  -3.1 -13.4 
1985 -16.8 -14.4  -2.1   5.4  11.2  11.9  17.1  13.9  10.4   5.4 -10.1 -17.0 
1986 -13.0 -12.7  -3.8   6.0  12.9  14.5  18.9  15.8  11.2   4.8  -6.8 -10.0 
1987 -12.7  -5.4  -1.9   7.7  12.1  17.0  18.8  16.3  12.4   2.9  -1.5  -8.2 
1988 -18.1 -17.3  -6.2   3.2  14.0  18.6  19.6  17.6  11.9   3.0  -3.4 -14.1 
1989 -13.8 -18.4  -9.3   1.8  11.1  14.6  19.7  17.9  12.5   6.0  -6.0 -18.6 
1990 -10.9 -12.5  -3.5   3.3   9.1  16.4  18.1  18.2  12.7   4.3  -1.9 -15.2 
1991 -18.3 -10.5  -4.1   6.3  13.8  18.1  18.4  19.5  11.2   3.5  -6.8 -11.1 
1992 -12.0  -9.3  -5.0   1.5  12.4  14.1  14.9  15.4  12.0   4.4  -4.2 -12.5 
1993 -15.3 -13.5  -4.1   2.5  10.2  14.3  17.7  18.1   8.9   3.1  -5.6 -11.2 
1994 -22.7 -15.8  -2.7   2.4  11.3  17.0  17.5  15.9  13.7   8.2  -0.9  -7.8 
1995 -12.7 -14.9  -3.1   0.5  10.2  19.1  18.5  19.1  11.2   5.1  -9.7 -12.6 
1996 -21.2 -14.2  -9.8  -0.5   9.0  16.9  17.7  18.4  12.7   5.0  -7.2 -13.6 
1997 -16.3 -11.2  -6.6   2.3   8.1  17.6  18.6  16.9  14.1   5.7  -4.6  -6.6 
1998 -11.0  -2.4  -3.1   6.6  13.2  15.6  18.4  19.6  14.5   7.1  -2.1 -10.6 
1999 -16.0  -7.2  -3.1   5.6  12.2  16.7  19.9  17.0  11.7   4.8   0.2  -9.2 
2000 -99.0 -99.0 -99.0 -99.0 -99.0 -99.0 -99.0 -99.0 -99.0 -99.0 -99.0 -99.0 
2001 -99.0 -99.0 -99.0 -99.0 -99.0 -99.0 -99.0 -99.0 -99.0 -99.0 -99.0 -99.0 
2002 -99.0 -99.0 -99.0 -99.0 -99.0 -99.0 -99.0 -99.0 -99.0 -99.0 -99.0 -99.0 
2003 -99.0 -99.0 -99.0 -99.0 -99.0 -99.0 -99.0 -99.0 -99.0 -99.0 -99.0 -99.0 
2004 -99.0 -99.0 -99.0 -99.0 -99.0 -99.0 -99.0 -99.0 -99.0 -99.0 -99.0 -99.0 
2005 -99.0 -99.0 -99.0 -99.0 -99.0 -99.0 -99.0 -99.0 -99.0 -99.0 -99.0 -99.0 
2006 -99.0 -99.0 -99.0 -99.0 -99.0 -99.0 -99.0 -99.0 -99.0 -99.0 -99.0 -99.0 
2007 -99.0 -99.0 -99.0 -99.0 -99.0 -99.0 -99.0 -99.0 -99.0 -99.0 -99.0 -99.0 
