Number= 719961
Name= Pennant
Country= CANADA
Lat=   50.5
Long=  108.2
Height= 723
Start year= 1923
End year= 2007
First Good year= 1923
Source ID= 36
Source file= Jones+Anders
Jones data to= 1996
Normals source= Data
Normals source start year= 1961
Normals source end year= 1990
Normals= -13.6 -10.1  -4.0   4.8  11.5  16.2  18.8  18.2  11.9   5.9  -4.0 -11.3 
Standard deviations source= Data
Standard deviations source start year= 1941
Standard deviations source end year= 1990
Standard deviations=   5.4   4.0   4.2   2.9   1.7   1.7   1.3   1.9   2.2   2.1   3.7   4.0 
Obs:
1923 -99.0 -99.0 -99.0 -99.0 -99.0 -99.0 -99.0 -99.0 -99.0   4.8   0.2  -7.7 
1924 -16.4  -6.6  -5.4   4.6  10.8  15.6  19.1  17.3  12.3   7.1  -5.6 -18.9 
1925 -14.1 -12.6  -6.5   5.7  10.4  15.1  18.9  16.7  11.1   4.0  -2.8  -7.8 
1926  -7.8  -7.8  -2.6   6.3  12.8  14.5  20.7  16.1   7.2   5.4  -6.0 -13.4 
1927 -13.4 -13.1  -3.3   3.9   8.4  15.2  18.0  16.3  11.6   8.3 -10.1 -20.0 
1928 -12.3  -7.7  -1.8   2.2  14.4  14.1  18.1  16.1  11.2   3.8  -3.6  -7.0 
1929 -11.8 -16.6  -1.0   2.3   8.4  15.5  19.8  19.7  10.1   7.5  -2.4 -12.3 
1930 -20.0  -4.9  -3.2   8.0  10.1  15.5  19.7  20.1  11.7   2.1  -1.7  -3.2 
1931  -2.9  -0.6  -2.7   6.7  12.1  17.7  18.9  18.8  12.4   7.2  -4.9  -6.7 
1932 -14.0 -12.2  -9.0   7.4  12.3  17.1  18.7  17.7  12.7   2.4  -4.7 -10.4 
1933 -10.5 -13.0  -0.9   3.8  11.7  19.2  20.3  18.7  11.2   3.1  -0.3 -16.2 
1934  -7.2  -4.7  -4.3   6.4  15.7  14.7  20.0  17.8   8.2   7.8  -0.4 -11.7 
1935 -18.6  -6.6  -7.9   1.8   9.2  14.0  20.6  16.3  12.8   3.8 -10.8  -8.4 
1936 -18.6 -28.3  -6.5   3.9  15.1  16.5  23.2  18.9  12.4   5.4  -1.5 -13.0 
1937 -24.1 -16.3  -4.2   6.6  12.5  17.6  21.4  18.6  13.4   6.4  -5.2 -11.9 
1938 -10.4 -16.1  -2.8   4.6  10.9  17.3  20.3  17.5  17.6   8.7  -4.2  -8.1 
1939  -9.0 -19.4  -5.3   6.0  12.6  12.8  19.1  18.7  12.6   2.9   3.9  -2.6 
1940 -17.2 -12.3  -5.3   0.6  14.0  15.8  19.4  19.1  16.1   9.0  -9.9  -6.4 
1941 -12.2 -10.3  -3.4   6.0  12.2  17.1  21.2  18.7   8.7   7.4   0.5  -6.9 
1942  -7.2 -11.0  -1.0   6.4   9.8  14.1  18.1  17.3  11.7   6.3  -4.1  -9.1 
1943 -15.6  -7.0  -8.0   8.0   9.7  13.8  20.2  18.2  13.0   8.5  -0.8  -4.8 
1944  -6.7 -10.5  -9.5   6.8  13.0  14.8  17.9  16.8  12.0  10.1  -4.8  -8.9 
1945 -11.8 -11.0  -1.0   0.3   8.1  13.5  19.7  18.2   9.6   6.4  -9.5 -12.5 
1946 -10.5 -11.4   0.6   8.5   9.5  14.7  20.7  16.4  11.1   2.8  -8.2 -12.7 
1947 -11.0 -16.1  -9.0   5.1   9.9  14.7  21.8  18.3  11.3   8.6  -6.7  -9.1 
1948  -8.7 -14.7  -9.1   1.3  12.7  17.0  19.3  19.5  14.6   7.8  -2.4 -14.9 
1949 -17.0 -17.5  -3.6   9.6  13.3  16.0  19.1  20.0  12.8   3.4   3.5 -15.2 
1950 -29.0 -10.6  -7.8   1.7   9.9  15.6  18.4  15.8  12.8   5.6  -7.8 -11.1 
1951 -16.7 -14.8 -14.0   1.4  12.6  12.3  18.2  15.5   9.5   1.8  -5.0 -14.9 
1952 -17.4 -10.3  -9.5   8.3  11.7  14.4  16.9  17.0  13.3   5.7  -2.6  -6.6 
1953 -12.6  -8.5  -5.0   0.5   9.4  14.5  18.2  18.3  12.9   8.8   1.1  -5.8 
1954 -21.7  -2.3  -7.2  -1.8   8.9  12.8  18.6  16.4  10.6   6.0   2.9  -4.6 
1955 -10.9 -13.2 -10.8   4.2   9.5  15.4  18.0  18.1  10.7   6.3 -13.3 -14.8 
1956 -15.8 -15.0  -7.0   2.6  11.5  17.0  18.1  17.5  11.2   5.4  -1.8 -10.7 
1957 -17.8 -12.2  -4.4   3.3  13.1  15.2  19.0  16.6  12.5   2.7  -2.6  -5.8 
1958  -6.4 -13.3  -6.9   5.7  14.0  14.2  17.9  19.8  11.5   6.9  -4.1  -9.3 
1959 -16.6 -13.1   1.4   4.4   8.3  16.5  19.1  16.8  10.3   2.4  -6.8  -4.8 
1960 -14.5 -11.7  -6.5   4.4  11.2  14.8  21.2  18.0  13.7   6.9  -5.5  -8.1 
1961  -8.3  -6.8  -0.1   2.7  11.9  19.2  19.2  21.9  10.0   5.2  -4.5 -15.6 
1962 -12.9 -14.4  -9.1   7.5  10.7  16.9  17.3  17.6  11.7   7.8   1.6  -7.3 
1963 -18.3  -8.3  -0.8   5.2  10.4  15.9  20.3  19.5  16.9  10.7  -2.5 -10.7 
1964  -9.2  -5.2  -7.2   5.4  12.2  15.4  20.9  17.3   9.7   7.6  -4.1 -19.4 
1965 -16.9 -12.5 -13.3   2.5  10.6  15.0  19.1  18.7   5.8   8.3  -7.9  -9.5 
1966 -20.8 -12.1  -1.4   1.3  12.5  14.0  18.6  16.4  15.3   5.0  -8.7 -10.3 
1967 -14.7 -12.1  -9.3  -1.0   9.6  14.6  19.1  19.4  15.7   5.8  -2.7 -11.3 
1968 -13.7  -8.0   0.9   4.6   9.8  15.5  18.5  15.2  12.4   6.0  -1.4 -14.0 
1969 -25.2 -13.3  -9.6   7.0  11.6  14.4  17.7  20.0  12.8   0.3  -0.8  -6.8 
1970 -17.7  -9.5  -8.5   2.8  10.0  18.4  19.1  18.5  11.0   3.8  -7.0 -14.7 
1971 -18.3 -10.3  -6.6   4.6  12.5  15.6  16.8  21.5  10.6   3.9  -3.3 -15.5 
1972 -18.4 -15.9  -4.7   4.6  12.2  17.3  15.7  19.7   7.4   2.5  -2.6 -14.7 
1973  -8.1  -8.8   1.3   2.9  11.6  16.6  19.0  19.7  11.7   7.2 -10.1 -11.3 
1974 -16.1  -9.8  -9.5   4.6   8.8  16.9  19.1  15.1  10.2   7.6  -1.4  -4.9 
1975 -11.3 -15.6  -8.1  -1.4   9.9  15.1  21.1  15.3  12.2   5.4  -2.7 -10.1 
1976 -12.1  -6.2  -6.3   7.8  13.6  14.5  18.8  19.4  14.4   3.7  -3.6  -9.0 
1977 -16.3  -2.5  -1.2   8.5  13.2  17.0  18.0  14.3  11.2   6.5  -5.4 -14.7 
1978 -19.4 -14.2  -3.0   5.0  11.6  16.6  18.4  16.9  12.5   6.6  -8.6 -13.4 
1979 -20.0 -18.3  -3.4   1.3   9.0  16.5  19.5  18.4  14.7   7.3  -2.9  -4.9 
1980 -14.7 -11.0  -5.7   9.5  13.6  15.6  17.7  14.4  11.7   5.8  -1.0 -12.7 
1981  -5.2  -7.8   1.1   5.6  11.6  12.8  18.7  20.9  14.2   4.8   0.9 -10.0 
1982 -22.6 -13.1  -6.4   2.2   8.9  15.7  17.9  17.3  11.9   6.1  -6.0  -8.1 
1983  -8.0  -4.9  -2.4   4.8  10.0  16.1  19.1  21.5  11.0   7.4  -2.4 -21.2 
1984  -9.2  -1.7  -2.9   7.6  10.8  16.4  20.2  20.8   9.0   3.2  -4.9 -15.8 
1985 -12.1 -12.5  -1.7   6.9  13.8  13.8  20.3  17.0   8.5   5.4 -13.9  -9.8 
1986  -4.0 -11.2   2.8   4.9  12.4  17.8  17.3  18.4   9.3   7.8  -6.3  -5.0 
1987  -5.4  -2.7  -0.7   9.6  14.4  18.8  18.7  15.0  14.5   6.4   1.7  -5.7 
1988 -13.1  -9.5   0.8   6.8  15.8  21.6  20.5  18.1  12.4   7.0  -3.0  -7.9 
1989 -10.5 -17.0  -7.0   5.3  11.4  16.4  20.5  18.1  12.4   5.7  -2.6 -10.1 
1990  -6.2  -8.2   0.6   4.6  11.1  16.7  17.8  18.8  15.4   5.1  -4.1 -14.2 
1991 -13.2  -1.0  -1.9   6.6  11.4  16.1  19.0  20.7  12.8   2.6  -4.7  -6.2 
1992  -5.1  -3.3   2.6   6.7  11.3  16.4  16.7  16.5  11.5   6.4  -1.5 -13.3 
1993 -14.5 -10.6  -0.2   6.4  12.9  14.7  15.8  16.5  10.9   6.3  -4.2  -5.9 
1994 -14.3 -17.4   1.2   6.9  12.7  16.0  19.3  18.7  15.6   6.9  -2.3  -6.4 
1995 -11.3  -7.0  -2.0   2.7  11.0  17.2  18.3  17.5  13.3   6.1  -4.1  -8.4 
1996 -19.3  -8.3  -7.1   5.8   9.4  17.8  19.7 -99.0 -99.0 -99.0 -99.0 -99.0 
1997 -99.0 -99.0 -99.0 -99.0 -99.0 -99.0 -99.0 -99.0 -99.0 -99.0 -99.0 -99.0 
1998 -99.0 -99.0 -99.0 -99.0 -99.0 -99.0 -99.0 -99.0 -99.0 -99.0 -99.0 -99.0 
1999 -99.0 -99.0 -99.0 -99.0 -99.0 -99.0 -99.0 -99.0 -99.0 -99.0 -99.0 -99.0 
2000 -99.0 -99.0 -99.0 -99.0 -99.0 -99.0 -99.0 -99.0 -99.0 -99.0 -99.0 -99.0 
2001 -99.0 -99.0 -99.0 -99.0 -99.0 -99.0 -99.0 -99.0 -99.0 -99.0 -99.0 -99.0 
2002 -99.0 -99.0 -99.0 -99.0 -99.0 -99.0 -99.0 -99.0 -99.0 -99.0 -99.0 -99.0 
2003 -99.0 -99.0 -99.0 -99.0 -99.0 -99.0 -99.0 -99.0 -99.0 -99.0 -99.0 -99.0 
2004 -99.0 -99.0 -99.0 -99.0 -99.0 -99.0 -99.0 -99.0 -99.0 -99.0 -99.0 -99.0 
2005 -99.0 -99.0 -99.0 -99.0 -99.0 -99.0 -99.0 -99.0 -99.0 -99.0 -99.0 -99.0 
2006 -99.0 -99.0 -99.0 -99.0 -99.0 -99.0 -99.0 -99.0 -99.0 -99.0 -99.0 -99.0 
2007 -99.0 -99.0 -99.0 -99.0 -99.0 -99.0 -99.0 -99.0 -99.0 -99.0 -99.0 -99.0 
