Number= 719966
Name= Great Falls
Country= CANADA
Lat=   50.5
Long=   96.0
Height= 249
Start year= 1922
End year= 2007
First Good year= 1922
Source ID= 36
Source file= Jones+Anders
Jones data to= 1999
Normals source= Data
Normals source start year= 1961
Normals source end year= 1990
Normals= -18.3 -15.0  -6.8   3.4  11.4  16.8  19.8  18.3  12.4   6.0  -4.1 -14.4 
Standard deviations source= Data
Standard deviations source start year= 1941
Standard deviations source end year= 1990
Standard deviations=   3.6   3.4   3.3   2.5   2.4   1.7   1.3   1.6   1.5   2.0   2.6   3.4 
Obs:
1922 -99.0 -99.0 -99.0 -99.0 -99.0 -99.0 -99.0 -99.0  14.6   5.0  -1.5 -17.4 
1923 -17.8 -19.8 -15.2  -0.7  11.3  20.1  21.8  16.0  14.4   6.9   0.9  -8.9 
1924 -21.0 -10.8  -5.1   1.4   6.2  14.6  19.0  17.2  12.6  10.8  -5.9 -19.7 
1925 -18.5 -17.9  -8.4   5.7   9.4  15.8  18.7  19.2  13.3   1.2  -3.6 -11.8 
1926 -14.3 -11.2  -8.9   1.7  13.4  13.7  19.2  17.6  10.7   6.3  -7.2 -15.6 
1927 -17.1 -14.8  -2.7   3.4   9.0  14.8  18.0  16.7  15.1   7.7  -7.0 -17.9 
1928 -14.2 -12.8  -6.7   0.2  11.8  14.4  18.5  16.8  11.3   5.4   0.5  -7.2 
1929 -23.3 -18.1  -5.1   2.7   7.3  16.1  19.0  18.5  10.3   6.3  -7.0 -15.8 
1930 -23.0 -12.1  -7.8   5.0   9.7  16.8  20.3  20.5  11.7   3.8  -3.8 -10.3 
1931 -12.6  -8.2  -6.4   4.2   9.6  17.8  19.1  18.0  15.2   9.0  -0.5  -7.0 
1932 -14.0 -14.7 -13.5   2.7  12.8  20.2  19.2  19.9  13.6   2.4  -7.6 -17.0 
1933 -16.6 -19.8  -8.5   1.9  12.6  19.7  20.7  19.2  13.5   2.6  -9.2 -21.2 
1934 -15.0 -17.1 -10.9   2.2  11.9  16.2  19.3  15.9   9.9   7.0  -0.5 -14.2 
1935 -22.2  -9.6  -8.1   1.9  10.5  14.2  22.0  18.0  10.7   4.6  -8.6 -12.7 
1936 -23.5 -23.7  -7.6  -2.8  12.3  15.6  23.6  18.9  13.0   1.5  -6.4 -12.6 
1937 -24.9 -15.9  -8.6   2.4  12.2  17.0  21.1  21.0  11.8   4.3  -4.3 -15.4 
1938 -19.0 -13.9  -3.0   2.5  11.0  16.7  20.0  19.1  14.2   9.1  -6.3 -11.6 
1939 -14.7 -21.8  -9.4   2.5  12.4  15.7  21.1  19.8  12.2   2.4  -0.2  -6.8 
1940 -16.5 -12.6  -7.7   2.1  11.1  14.4  20.8  19.6  15.8   8.5  -6.2 -10.8 
1941 -15.9 -14.3  -6.9   6.6  14.2  18.9  20.7  17.6  12.2   6.0  -3.9  -9.3 
1942 -12.2 -13.3  -1.7   5.1   9.6  16.7  18.4  18.2  11.0   7.8  -6.2 -17.0 
1943 -21.7 -15.2 -12.0   3.2   9.8  14.7  21.0  18.4  11.8   8.8  -2.9 -10.7 
1944  -9.4 -16.2 -10.0   3.6  13.3  15.7  19.2  17.8  13.3   7.6  -1.1 -10.9 
1945 -15.5 -13.2  -1.5   0.2   6.9  15.0  18.8  18.8  10.6   4.7  -6.2 -16.1 
1946 -17.1 -18.2  -1.2   5.8   9.8  15.6  19.9  17.3  11.9   4.3  -5.5 -14.9 
1947 -14.9 -17.6  -8.5   0.6   7.7  15.8  20.7  20.0  11.6   9.8  -5.3 -14.6 
1948 -17.7 -17.7  -9.4   1.8  11.6  16.2  19.9  19.7  16.2   8.4  -2.5 -13.3 
1949 -17.3 -20.4  -8.8   5.7  11.2  17.1  19.6  21.2  11.2   4.7  -1.2 -16.4 
1950 -26.2 -15.8 -10.1  -1.6   9.0  14.1  18.1  16.0  13.1   6.4  -6.7 -17.4 
1951 -19.1 -13.0  -9.0   1.8  12.6  15.0  18.2  16.1  11.1   4.5  -6.4 -15.6 
1952 -18.7 -10.8  -7.2   7.8  11.1  16.9  19.2  17.8  13.3   3.8  -2.4  -8.2 
1953 -16.3 -14.2  -5.5   1.6  10.6  16.2  18.8  20.0  11.3  10.1   0.8 -11.6 
1954 -23.2  -7.2  -9.1  -0.7   7.6  16.1  19.8  17.2  11.3   5.5  -0.2  -7.9 
1955 -17.5 -17.0 -13.2   8.3  12.4  17.6  21.4  19.8  11.8   6.2  -8.2 -17.2 
1956 -15.1 -15.9  -9.4  -1.0   7.8  19.4  17.6  17.5   9.6   8.3  -2.8 -14.4 
1957 -21.2 -15.8  -7.1   2.6  11.7  14.0  21.4  18.1  11.3   6.9  -4.5 -11.4 
1958 -13.4 -15.5  -2.4   5.7  10.2  13.7  17.9  16.5  12.1   6.5  -3.8 -18.2 
1959 -21.0 -16.5  -5.7   1.9   9.1  16.4  19.4  19.3  11.1   1.9  -8.4  -7.5 
1960 -15.6 -13.1 -10.2   1.2  12.0  15.6  19.5  19.0  13.4   7.3  -2.8 -14.3 
1961 -17.5 -11.0  -4.0   0.5  10.4  18.0  19.7  20.7  11.3   5.9  -3.5 -15.9 
1962 -20.5 -18.8  -6.1   0.2  10.5  18.4  18.5  17.9  11.9   8.5  -1.7 -13.2 
1963 -22.2 -18.4  -5.9   3.9   9.8  17.8  21.4  19.3  14.0  12.9  -0.8 -15.7 
1964 -13.5 -12.3 -12.4   4.1  12.3  15.9  20.9  16.7  11.2   6.9  -3.5 -16.8 
1965 -20.3 -18.5 -12.7   3.2  10.3  16.3  17.8  17.6   8.7   6.9  -5.3  -9.1 
1966 -25.0 -17.2  -4.0   1.0   8.2  17.1  20.8  18.5  13.7   5.6  -8.1 -15.6 
1967 -17.4 -20.2  -8.2  -0.4   7.5  15.9  19.3  17.6  15.6   4.5  -4.6 -12.6 
1968 -19.3 -18.0  -5.1   3.2   9.7  15.4  17.9  16.0  14.2   6.0  -2.3 -13.3 
1969 -19.4 -12.5  -8.9   5.8  10.3  12.3  18.6  20.7  13.2   2.8  -2.5  -9.3 
1970 -19.1 -17.2 -11.7   1.9   9.2  18.7  20.7  18.9  13.0   6.5  -3.9 -17.2 
1971 -21.9 -13.4  -7.2   2.8  11.0  17.9  17.1  18.8  13.6   7.3  -4.1 -14.2 
1972 -22.4 -19.6  -7.5   3.1  14.7  17.8  17.3  18.6  10.7   3.4  -5.4 -18.6 
1973 -14.3 -14.0   0.5   3.1  11.3  16.0  19.2  20.6  12.0   8.5  -5.4 -15.0 
1974 -21.9 -16.6 -10.1   2.3   8.2  16.5  21.1  16.7   9.6   6.0  -2.3  -7.7 
1975 -15.3 -16.0  -9.8   2.0  11.4  17.0  21.8  17.2  11.2   7.2  -1.3 -13.7 
1976 -17.5 -12.0  -9.1   5.9  12.3  19.1  20.2  19.6  13.1   3.4  -6.3 -18.5 
1977 -20.5 -11.8  -2.1   6.7  17.6  17.2  19.7  14.5  12.7   7.6  -3.7 -17.0 
1978 -20.5 -15.8  -8.0   2.8  14.8  15.4  18.8  17.3  14.1   6.5  -7.0 -18.1 
1979 -22.2 -20.5  -8.3  -0.6   7.0  15.8  21.2  16.7  12.5   4.5  -4.6  -9.4 
1980 -17.8 -15.8 -10.5   7.6  15.6  16.6  20.1  17.6  11.7   4.1  -1.5 -16.1 
1981 -14.7 -10.8  -2.1   4.1  11.1  16.7  21.0  20.4  12.5   5.0   1.8 -12.7 
1982 -24.1 -16.0  -8.2   1.7  13.1  13.6  19.7  16.7  12.7   6.7  -6.0 -10.7 
1983 -13.0 -10.0  -3.9   3.0   7.6  16.6  22.0  22.4  13.2   6.6  -1.0 -19.4 
1984 -16.9  -7.3  -8.0   7.2   9.4  17.0  19.8  21.0  10.6   6.7  -4.3 -16.7 
1985 -17.9 -17.0  -3.5   5.7  12.8  13.4  18.2  15.8  10.1   5.7 -10.1 -17.6 
1986 -13.5 -13.7  -3.7   4.4  13.3  15.7  19.8  17.3  11.1   4.8  -9.2  -9.8 
1987 -12.7  -5.7  -3.6   8.3  14.3  18.8  19.5  16.9  14.2   4.3  -0.8  -8.2 
1988 -18.9 -17.2  -6.0   4.1  14.3  21.2  20.7  19.3  12.0   3.9  -3.0 -13.4 
1989 -15.4 -18.5  -9.7   1.3  12.8  17.0  22.2  19.5  13.3   5.8  -7.8 -18.9 
1990 -12.3 -14.9  -3.6   2.3  10.7  17.9  19.2  19.6  13.4   5.2  -3.6 -16.2 
1991 -19.3  -9.9  -4.9   6.8  14.6  19.2  19.6  20.7  11.8   2.5  -7.5 -11.7 
1992 -11.5 -10.2  -4.8   1.8  12.1  14.6  15.7  16.5  10.8   6.4  -4.1 -15.5 
1993 -16.3 -13.8  -4.9   4.1  10.9  15.6  17.3  18.0   9.8   2.8  -4.8 -12.3 
1994 -23.7 -17.3  -2.8   3.5  12.1  18.4  18.6  17.1  14.5   8.2  -1.1  -8.9 
1995 -14.9 -16.0  -4.5   0.7  10.8  20.8  19.4  19.6  12.9   5.5  -5.2 -13.2 
1996 -21.7 -14.3 -11.5  -0.7   8.7 -99.0  19.6  20.1  13.5   5.8  -8.9 -16.8 
1997 -18.4 -12.4  -8.9  -0.2   7.7  18.7  20.3 -99.0  14.5   5.6  -4.5  -5.8 
1998 -13.3  -3.3  -3.9 -99.0  13.1  16.4  19.6  20.7  14.8   7.3  -1.8 -11.2 
1999 -16.2  -7.0  -1.6   6.9  12.7  16.4  19.7  18.1  11.4   4.6   1.0  -9.1 
2000 -99.0 -99.0 -99.0 -99.0 -99.0 -99.0 -99.0 -99.0 -99.0 -99.0 -99.0 -99.0 
2001 -99.0 -99.0 -99.0 -99.0 -99.0 -99.0 -99.0 -99.0 -99.0 -99.0 -99.0 -99.0 
2002 -99.0 -99.0 -99.0 -99.0 -99.0 -99.0 -99.0 -99.0 -99.0 -99.0 -99.0 -99.0 
2003 -99.0 -99.0 -99.0 -99.0 -99.0 -99.0 -99.0 -99.0 -99.0 -99.0 -99.0 -99.0 
2004 -99.0 -99.0 -99.0 -99.0 -99.0 -99.0 -99.0 -99.0 -99.0 -99.0 -99.0 -99.0 
2005 -99.0 -99.0 -99.0 -99.0 -99.0 -99.0 -99.0 -99.0 -99.0 -99.0 -99.0 -99.0 
2006 -99.0 -99.0 -99.0 -99.0 -99.0 -99.0 -99.0 -99.0 -99.0 -99.0 -99.0 -99.0 
2007 -99.0 -99.0 -99.0 -99.0 -99.0 -99.0 -99.0 -99.0 -99.0 -99.0 -99.0 -99.0 
