Number= 719991
Name= Kentville CDA
Country= CANADA
Lat=   45.1
Long=   64.5
Height= 49
Start year= 1913
End year= 2007
First Good year= 1913
Source ID= 36
Source file= Jones+Anders
Jones data to= 1996
Normals source= Data
Normals source start year= 1961
Normals source end year= 1990
Normals=  -5.4  -5.4  -1.0   4.5  10.7  16.0  19.3  18.7  14.3   9.2   3.9  -2.5 
Standard deviations source= Data
Standard deviations source start year= 1941
Standard deviations source end year= 1990
Standard deviations=   2.0   2.1   1.6   1.4   1.2   1.0   1.1   1.1   1.1   1.0   1.3   2.5 
Obs:
1913 -99.0 -99.0 -99.0   5.6   8.1  14.1  18.8  17.8  12.8  13.8   3.8  -2.9 
1914  -6.6  -9.5  -0.5   2.8  10.7  13.8  17.4  17.6  14.7   9.4   2.6  -4.9 
1915  -4.8  -3.1  -2.7   4.3   8.2  14.1  18.0  18.1  14.4   9.7   4.1  -1.5 
1916  -5.1  -7.0  -5.4   4.5  10.0  15.5  19.2  18.7  15.3   9.6   2.4  -2.3 
1917  -7.1  -7.2  -1.8   3.7   6.8  16.0  19.0  20.2  12.5   9.5   0.7  -6.8 
1918  -7.4  -7.2  -4.0   3.9  12.5  14.6  18.8  16.9  15.1   9.4   2.3  -2.5 
1919  -4.1  -3.3   1.0   4.9  10.2  15.6  18.6  17.7  14.8   7.5   3.1  -6.1 
1920 -11.9  -5.3  -0.3   3.6   9.5  14.8  19.2  20.4  15.1  10.7   1.3  -2.6 
1921  -5.7  -7.3   2.4   6.5  10.9  15.2  21.0  17.2  15.5   9.6   1.2  -4.3 
1922  -7.5  -6.4  -0.4   4.5  10.8  18.0  18.6  19.6  13.8   8.7   1.4  -5.6 
1923  -8.4 -11.4  -6.1   2.7   9.9  14.6  17.5  16.3  14.0   9.3   4.8  -0.4 
1924  -5.1  -7.8  -0.6   3.1  10.8  15.2  19.9  18.7  13.6   8.8   3.9  -5.0 
1925 -10.2  -2.1   1.4   4.0  10.0  16.5  18.9  18.6  13.0   5.4   2.4  -4.6 
1926  -5.9  -7.8  -4.2   1.7   8.8  15.3  18.1  17.9  12.9   9.0   3.8  -4.6 
1927  -2.5  -7.6  -1.3   4.1   9.8  14.6  20.5  17.9  14.9  10.8   5.8  -1.1 
1928  -5.3  -6.6  -1.9   5.3  11.2  15.1  20.2  19.6  13.4   8.6   1.9  -0.2 
1929  -5.9  -5.7  -0.7   3.8  11.2  16.0  19.1  17.9  15.7   8.6   2.4  -5.3 
1930  -5.5  -5.8  -0.5   3.8   9.8  20.9  19.6  18.0  15.3   9.5   3.0  -3.3 
1931  -5.8  -4.6   0.6   6.4  11.7  15.0  21.0  18.9  14.1   9.9   6.1  -2.6 
1932  -2.7  -7.7  -1.8   4.5  10.9  15.3  18.5  19.2  15.3  10.6   2.9  -0.9 
1933  -2.2  -2.8  -2.5   4.6  10.8  16.2  18.0  18.8  14.9   9.5  -1.2  -7.9 
1934  -8.5 -10.3  -1.8   6.7  11.4  14.6  19.4  17.6  17.4   8.4   4.5  -6.1 
1935  -7.9  -8.1  -3.1   4.0   9.9  16.7  20.5  19.7  13.2   8.4   5.7  -3.6 
1936  -5.4  -8.1   3.8   4.7  11.0  17.2  17.8  18.0  13.8   8.5   2.0  -2.4 
1937  -3.1  -3.6  -2.0   4.4  12.2  16.9  20.4  21.1  15.1   8.6   3.3  -2.9 
1938  -6.0  -8.0  -3.6   5.8   9.6  17.8  19.6  19.7  14.4   9.7   4.3  -2.0 
1939  -6.1  -5.8  -4.1   2.8   9.0  14.6  19.3  20.5  14.8   9.4   1.3  -2.7 
1940  -8.6  -6.3  -1.9   3.2  10.8  14.6  19.1  17.4  15.0   6.8   3.3  -3.5 
1941  -7.9  -5.0  -3.6   4.9   9.4  14.8  19.5  16.5  13.4   8.2   3.5  -2.9 
1942  -6.7  -6.4   1.0   5.1  12.4  15.6  19.4  18.8  16.2   9.2   1.8  -6.2 
1943  -9.2  -3.9  -1.7   2.9   9.7  13.4  18.8  17.1  14.6   9.8   3.9  -5.0 
1944  -5.2  -7.2  -3.5   3.0  12.0  15.4  19.3  20.3  15.2   8.9   4.1  -3.0 
1945  -5.6  -6.1   0.8   6.8   9.5  13.8  19.7  18.8  15.7   8.5   3.3  -4.4 
1946  -6.0  -7.3   1.9   2.9  11.1  14.8  18.0  17.9  15.1   9.7   2.6  -3.7 
1947  -5.6  -3.4  -0.6   3.6  11.4  14.2  22.0  18.7  15.1  10.3   3.5  -4.2 
1948  -6.4  -8.6  -3.4   3.6  10.4  14.7  19.4  19.3  14.4   9.1   5.4  -1.1 
1949  -3.8  -4.0   0.1   6.2  10.8  17.3  20.8  19.9  14.9  10.4   3.4  -0.1 
1950  -3.9  -7.5  -2.9   3.9   9.8  15.4  18.5  17.9  12.4   8.7   6.5   1.3 
1951  -2.7  -2.3   1.0   7.0  11.5  15.0  20.0  19.2  15.6   9.4   4.3  -2.7 
1952  -4.1  -3.1  -0.9   6.3   9.5  16.1  21.1  19.7  14.5   8.8   3.8  -1.4 
1953  -1.8  -2.0   0.8   7.3  10.8  16.3  19.7  17.9  15.5   9.9   6.1   1.5 
1954  -6.0  -1.2  -0.3   4.8  10.4  16.4  18.6  17.4  14.3  10.8   4.3   1.1 
1955  -3.7  -3.6  -0.9   4.5  11.3  15.8  20.0  19.9  14.1   9.4   3.3  -5.1 
1956  -0.9  -4.9  -4.3   3.6   8.5  16.5  18.0  16.9  13.2   8.9   4.4  -1.9 
1957  -9.1  -3.5  -0.3   4.9  10.9  16.8  18.4  17.3  15.6  10.1   6.0   2.0 
1958  -1.0  -4.4   1.5   7.0  11.1  14.6  19.4  19.2  14.5   8.3   3.8  -7.4 
1959  -5.7  -8.2  -1.4   5.3  11.9  14.8  20.9  19.1  16.0   9.4   5.7  -0.9 
1960  -5.1  -1.2  -1.8   4.8  13.1  17.2  19.4  19.6  15.1   8.1   4.9  -2.4 
1961  -7.8  -6.3  -3.1   2.9  10.7  16.8  18.4  18.9  16.9  11.1   5.5  -0.5 
1962  -5.2  -9.0  -0.5   5.1   9.9  15.6  16.3  18.1  13.6   9.3   4.0  -2.4 
1963  -2.8  -6.6  -2.1   2.8  10.7  15.9  20.5  17.3  12.9  10.5   5.6  -7.0 
1964  -4.7  -5.0  -1.7   3.9  11.1  14.9  18.6  16.8  13.2   9.2   2.2  -1.9 
1965  -6.5  -6.0  -1.9   2.9   9.4  15.7  18.8  18.7  13.7   8.5   2.1  -2.9 
1966  -3.4  -4.9   1.0   3.5   9.9  16.2  18.9  18.7  13.2   9.4   6.1  -0.4 
1967  -3.7  -7.7  -4.4   1.4   7.7  16.7  21.2  20.1  14.9   9.7   3.8  -2.1 
1968  -7.8  -7.9   0.1   5.9   9.2  14.6  20.4  17.4  15.9  11.6   2.3  -1.3 
1969  -3.3  -2.6  -0.9   4.8  10.0  16.9  18.2  19.4  14.8   8.2   5.5   0.5 
1970  -9.0  -4.3  -1.1   3.8  11.7  16.5  20.0  19.5  13.8  10.4   4.2  -6.1 
1971  -7.8  -4.7  -0.2   4.8  11.5  15.3  19.6  18.6  15.7  10.3   3.1  -3.9 
1972  -5.1  -7.0  -2.8   1.6  11.0  16.8  19.1  18.3  14.9   7.4   1.8  -4.3 
1973  -4.6  -6.0   1.2   5.0   9.7  17.6  21.1  19.6  13.6   8.9   2.9   2.1 
1974  -5.5  -6.3  -1.2   5.2   7.9  16.1  17.5  19.1  14.5   6.4   4.0  -0.8 
1975  -4.6  -6.2  -2.0   2.9  10.5  15.9  21.3  18.3  14.5   8.4   5.5  -3.9 
1976  -5.3  -2.8  -0.6   5.4  11.7  17.9  18.8  19.3  14.5   8.3   2.6  -4.3 
1977  -7.0  -4.3   1.2   4.2  10.7  15.0  19.2  19.0  13.6   9.4   4.9  -1.9 
1978  -5.3  -6.5  -2.2   3.1  12.0  15.9  18.7  19.2  11.8   8.3   1.4  -3.0 
1979  -3.4  -7.9   1.5   4.9  12.6  16.3  19.3  17.4  14.2   9.0   5.6  -2.3 
1980  -5.2  -6.2  -1.9   6.1  10.1  14.6  18.2  18.6  13.7   8.8   2.9  -5.3 
1981  -8.0  -0.6   0.8   6.1  12.1  15.9  18.9  18.0  14.2   8.6   4.2   1.2 
1982  -8.0  -5.3  -0.7   5.1   9.9  14.6  19.4  17.0  15.1   8.5   5.9  -0.1 
1983  -3.2  -4.0   0.7   6.4  11.4  16.5  19.7  18.8  16.4   9.9   4.6  -2.0 
1984  -5.7  -0.9  -1.9   4.5  11.6  16.2  21.1  21.0  13.8   9.2   4.6  -0.4 
1985  -8.1  -4.5  -1.6   4.1  10.4  15.1  20.0  18.0  15.3   9.2   3.3  -4.7 
1986  -3.4  -6.0  -0.6   6.8  10.6  15.0  17.6  17.4  12.4   8.3   2.1  -2.4 
1987  -6.2  -6.6  -1.7   6.8  11.3  15.6  19.7  18.2  14.9   9.9   2.6  -2.4 
1988  -5.1  -4.4  -0.4   4.3  12.3  14.7  19.8  19.9  13.1   8.1   5.3  -3.8 
1989  -4.1  -5.9  -2.7   4.9  14.2  16.5  18.5  19.7  14.8   8.9   3.3  -8.6 
1990  -1.8  -4.4  -0.5   6.1   9.4  17.3  20.6  20.7  14.6  11.7   4.4   0.6 
1991  -6.8  -3.8   0.8   5.2  12.1  16.7  19.9  19.8  14.6  10.7   5.5  -3.1 
1992  -6.0  -5.7  -3.1   3.3  10.5  16.0  16.9  19.2  15.7   8.8   2.3  -1.9 
1993  -6.0  -9.0  -2.5   5.2  10.9  14.9  18.4  19.1  15.5   7.5   3.9  -0.9 
1994  -8.8  -7.1  -0.2   7.2  10.2  18.0  21.4  19.1  13.9   9.2   5.3  -2.1 
1995  -2.7  -6.3  -0.3   3.5   9.5  16.7  20.3  18.3  13.5  11.8   4.0  -3.8 
1996  -5.4  -3.9  -1.6   5.5   9.6  16.4 -99.0 -99.0 -99.0 -99.0 -99.0 -99.0 
1997 -99.0 -99.0 -99.0 -99.0 -99.0 -99.0 -99.0 -99.0 -99.0 -99.0 -99.0 -99.0 
1998 -99.0 -99.0 -99.0 -99.0 -99.0 -99.0 -99.0 -99.0 -99.0 -99.0 -99.0 -99.0 
1999 -99.0 -99.0 -99.0 -99.0 -99.0 -99.0 -99.0 -99.0 -99.0 -99.0 -99.0 -99.0 
2000 -99.0 -99.0 -99.0 -99.0 -99.0 -99.0 -99.0 -99.0 -99.0 -99.0 -99.0 -99.0 
2001 -99.0 -99.0 -99.0 -99.0 -99.0 -99.0 -99.0 -99.0 -99.0 -99.0 -99.0 -99.0 
2002 -99.0 -99.0 -99.0 -99.0 -99.0 -99.0 -99.0 -99.0 -99.0 -99.0 -99.0 -99.0 
2003 -99.0 -99.0 -99.0 -99.0 -99.0 -99.0 -99.0 -99.0 -99.0 -99.0 -99.0 -99.0 
2004 -99.0 -99.0 -99.0 -99.0 -99.0 -99.0 -99.0 -99.0 -99.0 -99.0 -99.0 -99.0 
2005 -99.0 -99.0 -99.0 -99.0 -99.0 -99.0 -99.0 -99.0 -99.0 -99.0 -99.0 -99.0 
2006 -99.0 -99.0 -99.0 -99.0 -99.0 -99.0 -99.0 -99.0 -99.0 -99.0 -99.0 -99.0 
2007 -99.0 -99.0 -99.0 -99.0 -99.0 -99.0 -99.0 -99.0 -99.0 -99.0 -99.0 -99.0 
