Number= 171950
Name= KAYSERI/ERKILET
Country= TURKE
Lat=   38.6
Long=  -35.5
Height= 1070
Start year= 1951
End year= 2007
First Good year= 1951
Source ID= 10
Source file= Jones+Anders
Jones data to= 1988
Normals source= Data
Normals source start year= 1961
Normals source end year= 1988
Normals=  -2.1   0.3   4.6  10.4  14.9  18.6  22.0  21.3  16.4  10.9   4.8   0.6 
Standard deviations source= Data
Standard deviations source start year= 1951
Standard deviations source end year= 1988
Standard deviations=   3.5   3.2   2.3   1.4   1.2   1.2   1.2   1.4   1.5   1.9   2.2   3.1 
Obs:
1951   0.4   1.7   8.5  12.1  15.1  18.9  22.5  23.5  18.3   9.0   6.2  -3.6 
1952  -1.3   0.9   3.4  11.1  14.3  17.7  22.2  23.0  20.7  14.6   6.7   4.3 
1953   2.7   1.4  -1.4  10.9  14.5  19.1  22.4  22.7  16.7  11.9   0.9  -8.7 
1954  -4.3  -1.5   4.9   8.3  16.0  20.3  24.7  24.2  18.3  13.6   7.4   2.1 
1955  -0.9   6.6   6.6  10.6  15.9  21.9  23.8  22.5  18.9  15.2   6.2   1.6 
1956   1.0   1.0   1.6  11.8  13.5  20.0  22.3  23.2  15.1  10.1   4.0  -5.1 
1957  -6.7  -1.8   5.6  11.7  14.4  19.1  23.6  24.3  20.9  13.6   4.8   2.2 
1958   1.7   3.0   7.2  11.5  16.0  18.5  22.1  22.4  17.4  10.7   5.8   2.2 
1959   1.6  -7.6   3.0  11.7  16.0  18.9  23.4  21.6  15.3   9.1   5.5   3.4 
1960   0.3  -0.7   5.4  10.2  17.1  18.9  23.4  21.5  18.5  14.2   8.5   3.8 
1961  -0.9   1.4   3.8  12.4  18.0  20.0  22.8  23.1  14.5  12.0   6.3   3.3 
1962   0.0   1.0   8.4  10.7  16.6  21.4  25.2  24.8  19.0  13.4   9.2   4.5 
1963   3.3   4.0   2.0  10.5  14.2  19.2  22.5  22.5  18.0  13.0   5.9   0.9 
1964  -7.1  -1.4   6.6   9.6  14.5  18.7  22.6  21.4  16.7  12.1   6.5   2.8 
1965  -1.0   0.9   6.8  10.0  14.0  19.0  21.7  22.9  16.4   7.4   3.7   2.1 
1966   3.6   4.4   5.6  11.7  14.1  19.0  22.9  23.2  16.5  12.3   8.1   1.7 
1967  -3.8  -5.7   2.1   8.6  14.4  16.8  20.4  20.5  15.7  11.3   3.8   1.1 
1968  -4.1  -1.7   3.1  12.1  16.1  17.1  22.2  19.6  16.1  11.3   6.2   3.2 
1969  -0.9  -1.6   6.2   7.4  15.8  20.3  20.8  22.0  17.4  10.5   3.3   3.1 
1970   2.1   4.1   7.4  12.9  14.8  19.3  23.2  20.4  15.5   9.3   6.4  -1.9 
1971   1.4   1.3   6.0   9.1  15.0  17.7  22.5  20.5  17.4   8.8   4.9  -1.0 
1972  -9.4  -5.7   3.9  12.7  14.1  17.9  22.7  21.9  17.0  11.8   2.2  -5.7 
1973  -3.5   3.4   3.3   9.5  15.0  17.1  21.6  20.5  17.1  11.7   1.4  -2.0 
1974  -8.8  -2.5   6.8   8.3  14.9  20.6  21.9  20.6  14.6  14.4   5.0  -0.2 
1975  -7.4  -2.4   5.5  12.2  14.3  19.0  23.1  20.2  16.0   9.7   1.5  -3.8 
1976  -4.7  -5.5   3.3  10.0  14.2  18.2  20.6  19.7  15.0  11.4   5.6   0.4 
1977  -4.2   4.5   3.9  10.1  14.6  18.3  21.5  21.5  16.8   7.4   6.5  -3.7 
1978  -0.5   4.3   6.1   8.9  14.7  18.3  22.4  19.5  16.1  11.7   0.4   1.9 
1979  -0.1   2.8   6.0   9.8  15.5  17.6  20.3  22.3  17.0  12.0   7.2  -0.2 
1980  -5.2  -1.7   3.6   9.7  14.3  19.4  23.7  19.6  14.8  10.6   5.0   1.9 
1981   2.4   2.9   7.3   9.3  12.5  19.2  22.9  20.8  17.1  12.5   3.5   4.8 
1982   1.5  -0.1   3.9  11.8  15.0  18.7  19.6  20.9  17.0  10.7   3.6  -0.1 
1983  -5.5   0.8   4.4  10.2  14.9  18.2  21.9  19.1  15.5   9.3   7.1   1.7 
1984 -99.0 -99.0 -99.0 -99.0 -99.0 -99.0 -99.0 -99.0 -99.0 -99.0 -99.0 -99.0 
1985   1.2  -3.2   0.8  11.9  16.9  19.7  19.8  22.4  15.2   8.6   6.8   0.0 
1986  -0.3   1.7   4.4  10.9  11.6  17.0  22.4  22.8  17.3  10.3   0.8  -0.5 
1987  -1.0   2.8   0.0 -99.0  15.3  18.1  22.2  21.6  16.9  10.4   3.4   1.0 
1988  -2.7   0.3   3.1  10.9  15.9  17.7  21.4  21.7  16.7 -99.0 -99.0 -99.0 
1989 -99.0 -99.0 -99.0 -99.0 -99.0 -99.0 -99.0 -99.0 -99.0 -99.0 -99.0 -99.0 
1990 -99.0 -99.0 -99.0 -99.0 -99.0 -99.0 -99.0 -99.0 -99.0 -99.0 -99.0 -99.0 
1991 -99.0 -99.0 -99.0 -99.0 -99.0 -99.0 -99.0 -99.0 -99.0 -99.0 -99.0 -99.0 
1992 -99.0 -99.0 -99.0 -99.0 -99.0 -99.0 -99.0 -99.0 -99.0 -99.0 -99.0 -99.0 
1993 -99.0 -99.0 -99.0 -99.0 -99.0 -99.0 -99.0 -99.0 -99.0 -99.0 -99.0 -99.0 
1994 -99.0 -99.0 -99.0 -99.0 -99.0 -99.0 -99.0 -99.0 -99.0 -99.0 -99.0 -99.0 
1995 -99.0 -99.0 -99.0 -99.0 -99.0 -99.0 -99.0 -99.0 -99.0 -99.0 -99.0 -99.0 
1996 -99.0 -99.0 -99.0 -99.0 -99.0 -99.0 -99.0 -99.0 -99.0 -99.0 -99.0 -99.0 
1997 -99.0 -99.0 -99.0 -99.0 -99.0 -99.0 -99.0 -99.0 -99.0 -99.0 -99.0 -99.0 
1998 -99.0 -99.0 -99.0 -99.0 -99.0 -99.0 -99.0 -99.0 -99.0 -99.0 -99.0 -99.0 
1999 -99.0 -99.0 -99.0 -99.0 -99.0 -99.0 -99.0 -99.0 -99.0 -99.0 -99.0 -99.0 
2000 -99.0 -99.0 -99.0 -99.0 -99.0 -99.0 -99.0 -99.0 -99.0 -99.0 -99.0 -99.0 
2001 -99.0 -99.0 -99.0 -99.0 -99.0 -99.0 -99.0 -99.0 -99.0 -99.0   5.9   2.8 
2002  -6.7   2.2   7.7   9.9  14.3  19.3  23.2  21.8  18.3  12.6   5.4  -3.6 
2003 -99.0 -99.0 -99.0 -99.0 -99.0 -99.0 -99.0 -99.0 -99.0 -99.0 -99.0 -99.0 
2004 -99.0 -99.0 -99.0 -99.0 -99.0 -99.0 -99.0 -99.0 -99.0 -99.0 -99.0 -99.0 
2005 -99.0 -99.0 -99.0 -99.0 -99.0 -99.0 -99.0 -99.0 -99.0 -99.0 -99.0 -99.0 
2006 -99.0 -99.0 -99.0 -99.0 -99.0 -99.0 -99.0 -99.0 -99.0 -99.0 -99.0 -99.0 
2007 -99.0 -99.0 -99.0 -99.0 -99.0 -99.0 -99.0 -99.0 -99.0 -99.0 -99.0 -99.0 
