Number= 172800
Name= DIYARBAKIR
Country= TURKEY
Lat=   37.9
Long=  -40.2
Height= 686
Start year= 1929
End year= 2011
First Good year= 1929
Source ID= 10
Source file= Jones+Anders
Jones data to= 2001
Normals source= Data
Normals source start year= 1961
Normals source end year= 1990
Normals=   1.7   3.7   8.6  14.0  19.4  26.2  31.1  30.2  24.9  17.0   9.4   4.2 
Standard deviations source= Data
Standard deviations source start year= 1941
Standard deviations source end year= 1990
Standard deviations=   2.8   2.7   2.0   1.5   1.5   1.3   0.9   0.9   1.0   1.6   1.6   2.0 
Obs:
1929   0.4   2.2   6.4  15.0  21.3  25.0  29.7  31.5  24.2  17.2  11.9   4.7 
1930   3.0   5.5  10.8  14.3  19.0  26.4  30.5  29.9  23.2  16.6  11.6   8.1 
1931   4.2   5.1  10.0  14.3  19.5  22.3  30.0  31.9  24.7  16.0   8.1   2.2 
1932   0.1   3.1   9.4  14.8  20.0  28.1  30.7  31.5  24.7  20.0  10.1   1.2 
1933  -4.4   1.4   6.7  11.4  20.0  23.5  30.3  30.2  23.8  16.4  11.9   3.5 
1934   0.1   3.3   9.6  14.4  17.9  24.6  29.9  29.4  23.1  17.3  10.2   4.4 
1935   2.4   5.2   9.0  13.6  22.1  27.8  31.3  31.6  27.1  17.3   8.3   6.7 
1936   4.0   5.9   9.6  14.6  17.3  23.7  30.7  31.1  22.9  18.2  10.8   2.5 
1937  -4.4   1.4  11.7  15.3  20.4  25.6  34.1  31.6  27.5  17.9  11.3   4.8 
1938   2.7   2.8   6.1  14.2  18.4  27.1  31.4  30.5  24.9  17.7   9.5   6.8 
1939   3.5   4.1   6.9  13.5  20.5  25.2  30.7  29.4  24.9  20.0   9.3   4.8 
1940   2.8   5.8   6.4  15.2  17.6  25.9  32.0  31.3  25.4  17.2  10.9   6.6 
1941   3.0   6.8   8.6  14.2  22.0  28.1  31.2  29.3  24.8  13.8   9.5  -1.8 
1942  -1.3   4.6   6.8  14.2  22.2  28.5  31.5  30.6  24.8  16.5  10.0   3.0 
1943   2.8   1.5   3.1  11.5  18.5  24.5  30.1  30.9  24.4  19.0  11.6   5.0 
1944   0.9   4.8   9.6  12.9  17.5  25.8  31.1  29.5  25.1  17.4  10.2   4.2 
1945   2.5   1.1   5.0  12.2  20.6  25.6  31.1  30.5  25.7  17.7   9.1   3.9 
1946   2.6   3.9   7.8  13.1  17.3  24.1  28.8  29.5  25.3  14.5  11.3   5.0 
1947   4.5   4.2  12.1  15.4  20.4  27.5  31.7  29.9  24.2  16.1  11.0   4.6 
1948   4.3   4.7   4.9  11.7  17.1  25.2  31.8  30.8  24.1  15.7   7.5   0.9 
1949  -0.9  -0.8   5.7  10.6  20.6  27.5  31.2  29.8  22.7  17.5  11.2   4.5 
1950  -3.9  -2.1   8.2  16.1  17.8  24.0  30.4  29.6  25.4  15.1  10.8   5.0 
1951   2.4   4.2  11.1  15.0  18.7  25.5  30.4  30.4  24.5  13.8  10.1   0.9 
1952  -1.2   5.0   7.3  14.1  17.5  23.6  31.1  30.5  26.7  19.2   8.8   6.2 
1953   3.5   4.6   4.8  14.0  19.3  25.8  31.3  30.7  25.0  17.9   6.8  -3.1 
1954  -1.0   2.4   8.4  12.6  19.0  26.6  32.2  31.6  25.6  18.4  11.0   7.0 
1955   4.5   8.0   9.6  13.3  18.9  27.2  30.6  29.5  25.6  19.6   9.3   5.7 
1956   2.7   5.5   6.1  13.4  18.5  26.0  31.0  31.1  23.8  15.9   7.1   1.1 
1957  -4.8   2.3   9.3  14.6  17.1  24.9  30.4  31.0  26.5  18.0   9.7   3.7 
1958   4.1   3.4   9.0  14.5  20.8  25.0  30.0  30.8  24.9  18.0   9.5   3.6 
1959   4.6  -0.1   5.1  15.4  18.3  25.0  30.9  30.1  22.9  16.0   9.5   4.9 
1960   4.6   5.8   8.1  13.4  21.0  26.1  30.9  29.2  26.0  18.9  11.4   6.5 
1961   2.9   4.2   6.8  15.5  21.0  27.5  32.1  31.7  24.1  18.4   9.1   6.1 
1962   3.8   5.0  10.7  13.4  20.3  27.8  32.7  31.4  25.7  18.3  12.2   6.6 
1963   6.0   7.0   6.6  13.2  16.4  24.8  30.6  31.3  25.0  18.4   9.7   3.9 
1964  -3.4   1.7   9.1  13.0  18.9  27.1  32.0  29.3  24.9  17.9  10.3   3.5 
1965   1.7   3.3   9.1  12.2  19.9  27.1  31.5  31.3  25.8  13.3   7.8   5.0 
1966   6.6   8.0   9.1  14.4  18.7  26.7  31.5  31.2  24.0  17.0  12.2   5.9 
1967   1.6  -1.6   6.2  12.4  18.1  24.3  30.0  30.4  24.2  16.1   8.5   4.7 
1968  -0.6  -0.6   7.9  16.0  19.5  24.3  30.8  28.0  24.7  18.2  10.6   5.6 
1969   2.6   1.9  10.5  12.1  20.1  26.5  29.9  31.2  25.1  17.3   9.1   5.2 
1970   4.6   6.9  11.5  16.8  20.7  29.0  32.0  31.4  26.3  16.4  11.8   2.3 
1971   3.4   2.9   9.7  12.7  20.8  26.0  31.6  29.8  26.7  16.1   9.9   2.1 
1972  -5.5  -3.0   8.6  14.8  17.2  24.1  30.7  29.3  25.0  18.9   8.6   3.3 
1973  -2.9   5.5   9.0  13.5  21.5  25.8  30.8  31.4  26.3  18.9   6.7   3.1 
1974   0.7   2.5  10.0  12.8  21.5  28.2  30.9  29.3  23.3  20.6  10.5   4.8 
1975   3.0   3.2   9.1  16.1  19.5  27.2  31.8  30.6  24.9  16.7   9.9   2.9 
1976   1.2   0.9   6.9  13.0  18.2  25.9  29.2  29.6  24.1  17.2  10.9   6.3 
1977   0.0   8.4   9.9  14.2  19.4  25.6  31.3  31.4  26.4  13.9   9.6   4.4 
1978   3.9   7.0  10.3  13.7  21.0  25.1  31.9  29.4  24.2  18.5   6.7   6.0 
1979   4.6   7.2  10.5  14.9  19.9  26.0  30.0  30.9  26.7  17.0  11.0   3.3 
1980   0.2   3.5   7.9  12.9  19.0  26.7  32.9  30.4  23.6  16.9   9.8   5.6 
1981   3.3   5.6  10.0  13.0  16.8  25.6  31.3  30.2  25.2  18.5   7.2   6.6 
1982   2.9   2.0   6.7  14.6  18.0  24.9  28.6  28.9  25.0  16.6   7.5   0.7 
1983  -2.0   1.7   7.7  13.8  20.1  24.9  30.0  28.7  24.8  16.3  11.4   4.6 
1984   3.2   5.7   9.3  12.6  18.9  27.2  31.3  28.8  25.2  16.3   9.0   2.2 
1985   4.3  -0.4   4.8  15.4  21.2  27.3  30.2  30.9  24.8  15.4  11.6   3.1 
1986   3.3   6.2   9.7  15.8  16.5  25.6  32.1  30.4  26.3  17.3   7.6   3.6 
1987   2.9   5.7   4.6  12.8  20.6  26.7  31.2  29.0  24.6  15.4   8.0   4.6 
1988   1.5   4.4   7.6  12.7  18.4  24.4  30.6  29.6  23.4  15.7   6.0   3.7 
1989  -1.8   2.3   9.9  17.9  21.2  27.0  32.0  30.4  23.8  15.9   8.5   3.0 
1990  -0.8   3.4   8.9  12.4  19.2  25.7  31.4  29.2  24.2  17.2   9.7   4.4 
1991   0.7   1.9   8.9  14.5  18.1  26.6  31.3  30.9  24.4  17.0   9.6   3.0 
1992  -1.7  -2.4   4.4  12.5  17.0  23.4  28.3  29.4  23.4  18.1   7.0  -5.1 
1993   0.1  -0.3   7.4  12.8  16.3  24.4  31.0  30.0  24.8  17.4   6.4   5.0 
1994   4.7   4.2   9.3  15.6  19.4  26.6  31.8  30.0  25.7  17.9   8.7   1.4 
1995   3.8   5.8   9.5  12.8  19.5  26.0  30.2  30.1  23.7  15.2   7.1   2.3 
1996   3.5   4.8   8.0  12.2  20.7  26.3  32.1  30.2  23.6  15.4   9.4   7.3 
1997   3.5   0.6   4.9  11.7  19.9  26.5  30.0  29.4  22.4  16.5   9.1   4.3 
1998   0.5   3.0   7.5  13.6  18.5  27.1  31.9  31.3  24.5  18.1  12.5   5.6 
1999   4.5   5.1   8.1  13.5  21.3  27.3  31.4  30.6  24.4  16.7   9.8   4.8 
2000   1.3   2.5   7.0  14.4  20.5  28.1  33.4  30.4  24.7  16.7   9.4   4.3 
2001   4.0   5.0  11.4  14.3  16.7  26.7  31.6  30.2  24.7  16.3   7.0   5.1 
2002   0.7   5.6   9.4  12.2  17.9  26.3  31.0  29.8  25.0  18.6  10.2   0.0 
2003   4.0   2.5   6.5  13.4  20.4  26.4  31.5  31.5  25.0  19.0   8.8   4.0 
2004   3.3   2.7   9.6  12.8  18.0  26.4 -99.0  30.0  25.1  18.2   8.2   1.4 
2005   2.3   3.0   8.4  14.1  19.6 -99.0  32.4  31.8  25.0  16.2   7.5   7.5 
2006   5.3   4.3   9.2  14.5  19.4  28.5  31.4  32.6  25.0  17.6   7.8   0.7 
2007  -5.4   3.0   8.8  10.3  20.6  27.2  31.8  31.5  25.1  18.2   8.6   2.4 
2008  -2.1   1.7  11.6  16.8  18.7  27.4  31.8  32.0  24.1  16.8  10.1   2.2 
2009   1.4   5.6   7.9  11.8  18.2  25.9  29.5  28.6 -99.0  18.5   9.8   7.1 
2010   5.4   6.6  11.1  14.2  20.4  27.2  32.3  32.0  26.6  18.1  11.1   6.5 
2011   3.5   4.7   9.0  13.0  17.7 -99.0 -99.0 -99.0 -99.0 -99.0 -99.0 -99.0 
