Number= 742000
Name= MILES-CITY-FCWOS----
Country= USA---------
Lat=   46.4
Long=  105.9
Height= 801
Start year= 1877
End year= 1990
First Good year= 1877
Source ID= 30
Source file= New
Normals source= Data
Normals source start year= 1961
Normals source end year= 1990
Normals=  -8.9  -4.9   0.7   7.8  13.8  19.5  23.7  22.5  15.5   8.9   0.0  -7.0 
Standard deviations source= Data
Standard deviations source start year= 1941
Standard deviations source end year= 1990
Standard deviations=   5.0   4.0   3.3   2.3   1.8   2.1   1.5   1.9   2.1   1.8   2.9   3.8 
Obs:
1877 -99.0 -99.0 -99.0 -99.0 -99.0 -99.0 -99.0 -99.0 -99.0 -99.0 -99.0  -4.8 
1878  -5.3  -0.7   3.8   9.2  11.3  20.7  24.7  25.1  17.3   6.9   3.3  -6.6 
1879  -8.1  -8.7   0.7  12.4  15.8  20.1  25.2  23.8  18.0   9.7   0.0 -15.7 
1880  -7.2  -5.9  -3.3   4.7  15.2  21.7  24.1  22.0  16.3   6.5  -6.4 -14.6 
1881 -17.2  -8.6   2.3   7.1  15.1  21.4  25.5  24.8  13.4   5.3  -2.0  -1.6 
1882  -9.4  -4.0   0.7   6.6  11.8  18.1  21.7  23.7  15.9   7.7  -0.1  -5.7 
1883 -14.2 -11.8   0.8   6.2  10.6  19.0  19.6  17.9  13.0   2.8  -3.6  -6.1 
1884 -10.9 -13.6  -3.4   4.4  14.5  21.6  19.9  21.4  12.6   8.9   0.7 -14.8 
1885 -13.2  -8.2   3.2   8.4  14.4  19.3  22.8  19.4  14.6   8.7   3.8  -1.3 
1886 -17.1  -1.9   1.1  10.7  18.1  21.8  28.0  24.4  14.3   9.2  -0.4  -7.2 
1887 -13.0 -21.9   2.3   9.2  16.5  21.2  23.4  22.3  17.6   6.8  -0.5  -9.6 
1888 -18.9  -7.0  -6.3  10.3  12.1  18.3  23.2  21.0  20.8  10.3  -2.3  -3.5 
1889 -10.0  -7.9   2.2  10.7  12.0 -99.0 -99.0  22.3  12.7  10.6  -1.4  -4.9 
1890 -17.5 -12.0  -0.8   7.9  12.4  18.3  22.9  20.3  13.1   6.8   2.2  -5.2 
1891  -3.9 -15.0  -9.0   9.3  13.7  17.3  21.1  21.8  17.4   9.1  -1.1  -1.6 
1892 -10.4  -6.9   1.4   6.1   9.7  16.6  23.1  22.1  17.7  10.6  -0.7  -9.4 
1893  -7.3 -12.7  -3.9   4.6  12.8  18.4  23.1  22.0  15.9   6.9  -2.4  -5.1 
1894 -12.6 -11.8  -1.8   9.3  14.8  20.2  23.7  24.1  14.8   8.6   1.9  -4.7 
1895 -13.7 -11.2   0.2  10.6  12.7  15.9  21.8  20.7  14.4   8.6  -1.7  -5.0 
1896 -10.9  -1.9  -3.3   6.4  12.9  20.0  22.3  20.9  12.9   7.8 -10.6  -0.3 
1897  -9.5  -9.3  -9.2   8.7  17.5  19.4  22.5  22.1  19.2   9.4  -3.8  -7.4 
1898  -6.0  -2.3  -5.7   8.6  13.1  18.7  22.4  23.2  15.3   5.4  -1.9  -6.1 
1899  -7.3 -15.4  -8.9   5.2  11.7  17.8  22.1  21.1  16.9   6.9   5.3  -5.9 
1900  -1.4  -8.4   1.2  11.6  17.4  23.4  23.1  22.2  14.3  10.3  -2.3  -0.6 
1901  -5.7  -8.0   2.0   9.4  19.8  16.9  25.8  22.2  13.5  10.8   2.9  -4.3 
1902  -5.2  -5.1   0.8   7.9  15.6  17.1  21.9  21.9  14.7  10.0   0.9  -9.0 
1903  -4.4 -11.6  -1.4   8.7  13.2  20.2  22.1  21.4  13.8  10.5  -0.4  -1.1 
1904  -5.3 -11.1  -4.8   8.7  13.5  18.2  22.3  21.1  16.3  10.8   4.9  -3.3 
1905  -9.3  -9.5   6.1   8.3  11.4  17.5  22.3  23.7  18.4   7.0   3.1  -4.8 
1906  -4.1  -2.3  -3.4  10.5  12.2  16.6  21.9  20.5  18.3  10.0  -0.2  -6.3 
1907 -16.2  -6.0   2.3   4.9   9.7  17.7  20.9  20.0  14.9  10.5   2.9  -3.1 
1908  -2.8  -6.3  -1.2   8.8  12.0  16.9  23.1  19.4  17.4   7.3   2.7  -3.2 
1909 -11.5  -4.4  -0.6   3.6  12.3  18.9  22.6  23.4  17.4   9.2   1.7 -10.6 
1910  -6.7 -10.7   8.5  12.8  13.4  20.1  24.0  19.9  14.8  11.4   0.8  -4.4 
1911 -11.1 -11.1   4.4   7.8  14.2  20.6  20.3  18.7  15.6   8.2  -4.0  -5.7 
1912 -12.0  -4.2  -7.5   8.6  12.5  19.0  20.1  19.6  11.3   7.5   3.9  -0.1 
1913 -11.5  -7.7  -4.3  10.0  13.0  19.9  21.4  22.7  16.7   6.5   4.3  -2.4 
1914  -2.2  -8.9   1.5   8.2  13.5  18.5  24.7  19.6  16.4  10.3   4.5  -9.3 
1915  -8.0  -5.8  -2.2  13.3  12.9  15.6  18.8  21.1  13.5  11.0   3.2  -2.5 
1916 -21.3  -7.8   2.6   7.4  12.9  16.6  24.2  21.0  15.7   6.9   1.5 -12.2 
1917  -9.6 -11.6  -4.5   5.4  11.7  17.0  25.3  20.8  15.8   6.8   6.2 -10.4 
1918 -11.8  -7.5   4.4   6.1  12.7  22.0  22.5  21.5  14.6  11.0  -1.0  -0.6 
1919   0.3  -6.2  -3.0   8.9  15.4  23.3  24.9  23.5  17.0   2.4  -4.0  -9.1 
1920  -8.8  -5.0  -1.8   2.7  13.6  18.4  24.3  23.7  17.5  10.4   0.3  -4.2 
1921  -1.1   0.4   2.4   7.5  13.8  22.6  24.1  23.4  14.9  11.8  -1.0  -5.5 
1922 -10.1 -15.3  -2.5   6.9  13.7  20.5  22.3  24.2  18.4   9.9   1.5 -10.0 
1923  -3.6  -7.9  -0.5   6.3  13.8  19.8  25.0  20.3  16.5   7.9   4.6  -1.9 
1924 -11.9  -1.1  -2.2   6.2  11.0  16.3  22.0  19.8  14.7  10.8   1.5 -11.7 
1925  -7.8  -2.6   1.0  10.0  13.9  18.2  22.4  21.8  15.3   1.7   1.7  -3.6 
1926  -3.9   0.9   1.4   8.7  15.3  18.9  24.4  21.1  12.0   9.8  -1.6  -8.6 
1927  -8.7  -6.3   1.3   6.3  10.5  17.4  21.7  20.0  14.4  10.2  -2.3 -16.2 
1928  -6.3  -4.4   2.8   5.5  16.2  15.6  21.8  20.2  14.3   7.7   1.8  -4.7 
1929 -16.1 -12.9   2.0   6.5  11.3  17.7  24.1  24.0  12.7   9.8  -0.5  -7.9 
1930 -15.7   0.8   0.2  11.5  12.4  18.6  25.0  23.9  15.7   5.3   1.0  -0.9 
1931  -0.5   2.4   0.5   8.5  13.8  22.2  23.7  22.7  17.7   9.4  -0.5  -5.5 
1932  -9.3  -4.8  -4.1   9.1  14.6  19.9  23.9  22.5  15.2   5.2   1.0  -8.3 
1933  -6.4  -9.2   2.3   6.1  12.7  22.8  25.9  21.7  17.0   8.9   3.1  -6.4 
1934  -2.4  -0.1   1.0   9.5  18.8  19.8  25.3  22.0  12.3  11.2   4.2  -5.3 
1935 -10.3   0.7  -1.2   5.2  11.0  17.8  25.5  21.3  15.8   7.8  -1.3  -3.2 
1936 -11.8 -20.9   0.7   5.9  17.5  22.0  28.7  23.3  16.6   8.8   1.1  -6.3 
1937 -18.8  -9.7  -0.7   7.6  15.2  19.2  24.5  23.6  17.0  10.3  -0.3  -7.3 
1938  -4.6 -10.3   3.2   8.6  13.5  21.1  23.3  23.1  20.4  12.0  -0.6  -2.7 
1939  -1.7 -10.7   1.3   8.8  16.3  16.4  25.4  22.3  17.1   8.7   4.0  -0.4 
1940 -13.7  -5.9   1.7   5.4  15.6  19.8  24.9  23.8  20.2  11.9  -3.8  -2.7 
1941  -5.8  -2.9   0.6   7.3  15.8  18.8  24.4  22.3  13.2   7.4   1.9  -3.3 
1942  -5.6  -6.4   1.0   9.5  11.5  16.3  22.8  21.2  14.8   9.2   0.0  -4.4 
1943 -14.4  -3.6  -3.8  11.0  12.1  16.9  23.0  22.6  14.8  10.9   1.2  -1.8 
1944  -2.9  -7.7  -4.6   8.4  15.3  16.1  21.2  19.9  15.8  11.9  -1.1  -5.6 
1945  -7.1  -4.4   2.5   5.5  11.1  14.7  23.3  22.1  13.8  10.2  -0.7  -7.9 
1946  -3.5  -3.7   5.3  11.8  11.6  18.4  24.4  21.4  15.2   5.4  -1.3  -5.5 
1947  -5.1  -8.0  -4.4   6.5  12.4  16.3  25.1  24.1  15.5  11.8  -1.6  -4.3 
1948  -5.4  -8.3  -1.8   8.9  14.5  18.4  22.0  23.3  18.6   9.8   0.6 -10.0 
1949 -16.6 -13.8  -3.2  11.4  16.1  18.8  23.1  24.3  15.2   6.5   6.1  -9.1 
1950 -20.3  -5.8  -4.1   4.2  10.6  16.6  20.8  20.1  14.9  10.7  -2.6  -3.9 
1951  -9.2  -5.4  -6.4   4.8  14.6  15.2  23.2  20.8  12.0   6.7  -1.1 -12.3 
1952 -14.2  -6.1  -5.3  11.3  14.6  20.3  22.1  22.1  17.9   8.8  -0.7  -3.1 
1953  -2.6  -2.1   2.2   3.8  10.5  18.4  23.3  22.6  16.8  12.3   4.4  -1.4 
1954 -12.3   2.9  -2.9   5.7  12.3  16.8  25.4  22.2  15.3   8.5   5.3  -1.4 
1955  -5.7  -8.2  -2.7   8.8  13.4  17.8  24.4  24.7  15.6  11.0  -7.2  -9.1 
1956 -11.9  -7.9   1.6   5.3  14.4  22.8  22.8  21.6  16.6  10.6   1.3  -2.0 
1957 -14.3  -6.7   0.4   6.1  14.5  17.7  25.8  22.4  15.2   7.9   1.3   0.7 
1958  -0.8  -7.0   0.0   8.0  18.2  17.0  20.3  24.4  17.2  10.5   0.4  -6.0 
1959 -11.3 -12.6   2.7   6.7  11.5  20.8  24.3  23.4  14.8   6.3  -3.2  -0.8 
1960  -8.1  -7.7  -1.6   7.6  14.8  19.3  26.8  22.1  17.2  10.8   0.4  -4.9 
1961  -4.2  -0.2   4.5   5.6  14.6  23.4  24.3  25.7  11.4   8.3  -1.2  -8.0 
1962  -8.5  -6.3  -3.3   9.6  13.6  19.7  21.6  21.8  14.8  10.6   3.9  -2.4 
1963 -13.6  -1.9   4.6   6.7  13.7  19.3  24.2  23.3  19.6  13.2   3.2  -6.8 
1964  -4.1  -2.5  -2.1   8.1  14.3  19.1  25.7  20.6  13.6  10.2  -3.6 -13.6 
1965 -10.3  -7.7  -8.2   7.0  12.5  18.3  23.4  21.8   8.9  11.5   0.4  -3.7 
1966 -14.4 -10.2   1.7   5.1  15.1  19.0  25.7  20.6  18.7   8.9  -3.5  -6.0 
1967  -4.8  -3.5  -1.6   5.1  11.4  17.4  23.5  23.3  18.1   9.5   0.4  -7.7 
1968  -9.8  -4.4   4.5   6.4  11.8  17.2  23.1  20.5  16.3   9.3   1.4 -10.9 
1969 -18.2  -8.6  -3.6  10.6  14.5  15.9  22.1  25.3  18.9   4.6   3.1  -3.5 
1970 -11.3  -2.6  -2.4   4.2  13.6  20.9  24.8  24.6  14.5   6.7  -0.3  -7.9 
1971 -11.6  -6.4  -0.2   8.0  13.8  20.0  22.3  26.2  14.4   7.1   1.4 -11.0 
1972 -12.7  -8.1   2.2   7.7  13.9  20.3  20.1  22.3  13.5   6.5   0.8 -10.4 
1973  -6.5  -2.9   4.7   5.8  13.4  19.2  22.7  23.8  14.7  10.2  -1.3  -5.1 
1974  -7.3  -0.4   1.2   8.9  11.3  20.6  25.4  19.1  14.1  10.1   1.7  -2.7 
1975  -5.4  -8.7  -2.4   3.8  12.4  17.8  24.9  20.8  14.7   8.5  -0.6  -5.2 
1976  -7.4   0.2   0.3   9.2  15.1  18.7  24.7  23.4  17.2   6.8  -1.4  -3.6 
1977 -13.5  -0.2   2.3  10.7  16.3  21.7  23.6  18.8  15.1   9.5  -1.9  -9.9 
1978 -16.3 -11.4  -0.3   8.2  13.7  18.9  21.9  21.3  17.2   9.2  -5.2 -10.7 
1979 -17.7 -13.3  -1.2   5.2  12.1  19.6  23.7  22.2  18.7  10.4  -1.2  -1.6 
1980 -10.3  -4.4  -0.2  11.7  16.8  20.0  24.7  19.7  16.0   9.6   3.6  -4.2 
1981  -0.6  -2.3   4.8  10.7  13.9  17.7  23.9  23.7  17.7   7.2   2.8  -5.6 
1982 -16.7  -8.2  -0.7   5.5  11.4  17.6  22.8  23.4  15.2   8.2  -2.0  -5.9 
1983  -2.4   1.6   2.5   7.2  12.1  18.7  24.5  26.9  14.6   9.9   1.1 -17.3 
1984  -3.6   1.7   1.3   8.2  13.6  19.0  24.9  25.1  12.9   6.3   0.6 -12.8 
1985 -11.1  -8.3   1.0  10.7  16.9  17.8  24.7  20.2  12.8   8.3  -9.8  -7.8 
1986  -2.4  -7.3   6.7   7.7  13.7  21.7  22.6  22.2  12.7   9.6  -1.8  -3.2 
1987  -2.6   0.5   2.3  11.8  16.6  20.7  22.4  19.3  16.0   8.2   3.7  -2.6 
1988  -8.6  -4.4   2.7   8.8  16.4  26.1  25.6  23.4  14.9   9.7   1.1  -4.2 
1989  -7.5 -13.7  -3.2   6.9  13.4  18.0  25.2  22.9  17.0   9.2   2.9 -99.0 
1990  -2.7  -1.9   3.3   8.4  13.4  19.3  23.4  23.8  19.5   9.1   3.1  -9.8 
