Number= 742074
Name= RITZVILLE
Country= USA
Lat=   47.1
Long=  118.4
Height= 557
Start year= 1916
End year= 1980
First Good year= 1916
Source ID= 10
Source file= Jones
Jones data to= 1980
Normals source= Data
Normals source start year= 1961
Normals source end year= 1980
Normals=  -3.0   1.5   4.3   8.0  12.3  16.9  20.7  20.3  15.8   9.6   2.6  -1.0 
Standard deviations source= Data
Standard deviations source start year= 1941
Standard deviations source end year= 1980
Standard deviations=   3.6   2.3   1.5   1.6   1.7   1.5   1.3   1.7   1.9   1.5   1.7   1.9 
Obs:
1916  -9.6  -1.1   5.1   9.1  10.8  14.8  18.9  21.6  15.8   7.9  -0.5  -4.4 
1917  -5.2  -1.1   1.3   6.8  12.3  15.1  22.2  22.1  17.0  11.1   6.3   2.3 
1918   0.7   0.3   5.8   9.8  11.4  20.0  22.6  19.0  19.3  11.2   3.2  -0.6 
1919  -0.7   0.2   5.2  10.0  16.4  15.7  22.0  21.3  15.6   7.6   1.8  -6.8 
1920  -5.2  -1.0   1.3   6.8  12.3  15.1  22.2  22.1  17.0  11.1   6.3   2.3 
1921   0.0   1.3   5.5   8.0  13.7  19.1  20.4  21.5  13.0  10.9   2.5  -2.4 
1922  -8.3  -5.1   2.8   6.6  12.9  20.8  22.8  22.0  17.6  11.0   1.1  -6.1 
1923   0.0  -5.1   4.8  10.4  13.6  16.4  22.3  22.1  17.8  10.7   4.9   0.0 
1924  -4.3   5.1   4.7   9.1  17.2  18.7  21.7  20.3  16.3   9.8   1.9  -5.1 
1925  -1.7   4.1   5.8  10.9  15.0  18.6  23.4  20.8  15.6   8.5   1.5   1.7 
1926  -1.4   4.3   7.3  12.4  13.2  18.8  23.2  20.6  12.6  10.0   4.4  -2.1 
1927  -3.2   1.8   4.3   8.0  11.6  17.8  22.0  21.1  13.8   9.9   4.2  -4.8 
1928  -3.6   0.4   6.2   7.8  16.2  17.6  23.0  20.1  16.3   9.8   3.3  -2.3 
1929  -8.4  -8.3   5.3   7.2  13.7  16.7  20.8  22.5  15.1  11.8   1.6   1.0 
1930  -9.7   3.4   6.6  12.3  13.1  16.7  22.9  22.6  16.7   8.3   2.4  -2.8 
1931   0.7   2.1   5.4   9.6  15.8  17.6  20.9  21.7  15.9  10.1   0.5  -2.4 
1932  -3.1  -0.8   4.7  10.3  13.2  19.2  19.8  20.7  17.1  10.0   5.4  -3.4 
1933  -0.6  -5.4   4.9   8.9  11.0  17.6  22.1  21.9  13.8  11.8   4.2   3.2 
1934   3.3   4.7   9.2  14.1  16.0  18.2  21.5  22.0  14.5  11.6   5.9   0.1 
1935  -0.4   2.3   3.5   7.6  13.9  17.1  21.7  20.1  18.9   9.2   0.3  -0.8 
1936   0.0  -7.9   4.2  11.3  16.9  18.6  22.1  21.3  15.7  12.0   1.6   0.3 
1937 -11.9  -2.5   6.7   7.9  14.2  17.9  22.6  18.9  17.4  12.1   5.1   0.9 
1938   0.0   0.6   5.1   9.6  13.4  18.9  23.4  19.8  20.3  10.9   1.8   0.0 
1939   1.4  -1.0   6.0  10.7  15.0  16.2  22.4  22.6  16.8   9.6   4.9   2.7 
1940  -1.4   2.4   7.2  10.0  15.7  19.2  21.7  21.0  18.0  11.9  -0.4   0.1 
1941  -1.6   3.6   7.9  11.2  12.9  16.6  23.9  20.9  13.2   8.7   4.6   0.6 
1942  -5.3   0.2   4.4   9.9  11.9  15.6  22.3  22.6  17.6  10.7   1.5  -1.3 
1943  -6.8   0.1   2.7  10.1  10.8  15.2  21.3  19.8  18.3  10.3   3.1  -1.6 
1944  -1.9  -0.3   3.2   9.3  14.2  17.1  21.9  19.8  17.7  13.7   1.9  -2.4 
1945   0.6   1.9   3.3   7.2  14.2  16.6  22.1  21.7  14.8  11.3   2.4  -1.8 
1946  -1.2   2.2   5.1   9.3  14.7  16.4  21.7  21.6  16.0   6.9   1.3   0.1 
1947  -4.3   2.4   7.0   9.8  16.4  17.0  21.7  20.0  17.2  10.3   2.3   0.3 
1948  -1.4  -0.8   3.8   7.3  11.7  19.1  19.3  19.6  15.9  10.1   2.7  -5.1 
1949 -12.1  -2.9   6.1  11.1  16.0  17.2  20.8  20.8  18.2   8.1   6.3  -0.8 
1950 -11.9  -2.4   3.4   7.5  12.0  16.8  21.3  21.8  17.9   9.0   3.1   1.9 
1951  -1.6   0.6   2.2   9.6  13.2  16.8  22.1  20.7  17.0   9.1   2.3  -4.4 
1952  -5.1   0.9   4.1  10.4  13.7  17.2  21.8  20.9  18.6  13.7   0.4  -0.6 
1953   4.0   2.9   5.7   8.3  12.0  15.2  20.9  20.6  17.6  11.4   5.2   1.2 
1954  -3.1   0.9   3.2   7.4  13.8  14.7  20.1  18.5  15.6   9.3   6.3  -0.8 
1955  -2.7  -1.1   1.2   5.8  10.7  18.1  20.1  21.0  16.2   9.9  -1.6  -2.4 
1956  -1.0  -6.0   4.1  10.7  15.1  16.0  22.8  20.7  17.1   8.7   0.7  -0.7 
1957  -9.7  -1.9   4.7   9.4  15.5  18.2  19.8  19.1  18.0   8.6   2.9   2.3 
1958   0.9   6.1   4.8   7.9  17.1  19.7  23.7  23.2  15.5  10.8   2.7   0.3 
1959  -1.0  -0.1   5.0   9.2  11.3  17.2  21.8  18.7  14.3   9.0   0.8  -0.5 
1960  -6.0   1.2   4.7   8.7  11.5  17.4  24.0  18.9  16.9  10.8   3.6  -1.7 
1961   0.0   4.3   5.6   8.9  12.8  20.4  23.1  24.2  14.4   9.1   0.6  -1.4 
1962  -3.2   1.7   3.4  10.9  10.8  16.3  20.2  18.8  17.2   9.9   4.2   1.4 
1963  -5.4   2.6   5.8   7.9  13.5  17.6  19.4  21.2  20.2  11.8   4.3  -2.7 
1964   0.2   1.8   3.5   7.8  12.6  16.9  21.3  18.3  14.9  10.8   2.1  -3.3 
1965  -2.1   2.2   3.7  10.4  12.7  17.2  21.8  21.4  14.4  12.6   5.3  -0.3 
1966  -0.6   2.1   4.8   8.1  13.9  15.3  19.7  20.7  17.7   9.2   4.4   1.6 
1967   1.8   3.4   3.7   6.2  11.4  18.2  21.6  23.8  19.6   9.6   3.2  -1.5 
1968  -0.7   3.6   6.5   6.3  12.3  16.3  22.1  18.7  16.2   8.4   3.1  -1.8 
1969  -8.4  -2.2   4.3   9.0  14.4  19.1  19.2  17.8  15.4   8.2   2.9  -0.9 
1970  -2.5   3.2   4.2   5.7  11.7  19.2  21.2  20.3  12.0   7.6   2.2  -2.4 
1971  -0.9   0.9   0.9   6.8  13.7  14.1  21.1  23.1  12.8   7.8   2.4  -3.2 
1972  -3.5  -0.8   5.3   6.2  13.1  16.5  19.8  21.3  12.3   9.2   3.4  -4.2 
1973  -2.2   1.7   5.2   8.2  13.4  16.3  21.1  19.9  15.6   8.9   1.2   1.6 
1974  -4.6   2.8   4.1   7.9  10.0  17.6  19.6  20.2  17.1  10.2   3.6   0.7 
1975  -3.1  -2.1   3.1   5.7  11.4  14.9  22.5  17.7  17.2   8.8   2.1   0.2 
1976  -0.3   0.9   2.6   7.4  11.9  14.2  20.1  18.3  17.8   9.4   2.5  -1.3 
1977  -6.1   2.2   3.3  10.0  10.1  18.5  18.9  22.6  13.3   8.7   1.3  -0.8 
1978  -1.6   1.9   6.1   8.1  10.8  17.1  20.7  18.9  14.1   9.6  -0.3  -4.8 
1979 -10.9  -1.1   5.9   8.0  13.4  17.2  21.3  20.9  17.7  11.4   0.5   1.4 
1980  -5.7   0.8   3.8  10.1  12.7  14.2  19.8  17.7  15.1   9.8   3.3   1.3 
