Number= 743200
Name= BRUNSWICK/NAS-------
Country= USA---------
Lat=   43.9
Long=   69.9
Height= 24
Start year= 1945
End year= 1990
First Good year= 1945
Source ID= 30
Source file= New
Normals source= Data
Normals source start year= 1961
Normals source end year= 1990
Normals=  -7.2  -5.8  -0.3   5.7  11.5  16.8  20.1  19.6  15.0   9.1   3.1  -4.1 
Standard deviations source= Data
Standard deviations source start year= 1945
Standard deviations source end year= 1990
Standard deviations=   2.5   2.3   1.9   1.4   1.5   1.1   1.0   1.2   1.1   1.2   1.3   2.7 
Obs:
1945 -99.0  -6.1   2.4   7.0   8.8  15.4  19.0  18.9  15.7   7.5   2.4  -6.7 
1946  -8.8  -8.6   2.9   4.0  10.1  15.7  18.5 -99.0 -99.0 -99.0 -99.0 -99.0 
1947 -99.0 -99.0 -99.0 -99.0 -99.0 -99.0 -99.0 -99.0 -99.0 -99.0 -99.0 -99.0 
1948 -99.0 -99.0 -99.0 -99.0 -99.0 -99.0 -99.0 -99.0 -99.0 -99.0 -99.0 -99.0 
1949 -99.0 -99.0 -99.0 -99.0 -99.0 -99.0 -99.0 -99.0 -99.0 -99.0 -99.0 -99.0 
1950 -99.0 -99.0 -99.0 -99.0 -99.0 -99.0 -99.0 -99.0 -99.0 -99.0 -99.0 -99.0 
1951 -99.0 -99.0 -99.0 -99.0 -99.0 -99.0 -99.0 -99.0 -99.0 -99.0 -99.0 -99.0 
1952 -99.0  -4.0 -99.0   5.7  10.3  17.9  21.6  19.5  15.3   8.2   3.0  -2.1 
1953  -3.3  -3.6   0.3   6.3  11.5  16.9  20.3  19.0  15.5   9.8   4.8  -0.1 
1954  -9.2  -2.7  -0.8   5.6  10.4  16.0  18.7  18.0  13.9  10.7   3.4  -3.4 
1955  -7.4  -4.7  -2.0   5.3  12.5  16.6  21.5  20.1  14.2   8.8   2.3  -8.6 
1956  -4.0  -4.9  -4.4   3.3   8.0  15.9  18.0  18.3  12.6   8.6   3.1  -4.1 
1957 -11.5  -4.3  -0.1   5.4  11.5  16.7  18.9  17.0  15.0   9.0   4.6  -0.7 
1958  -4.5  -8.1   0.8   5.4   9.5  13.8  18.7  18.6  14.4   7.2   2.5  -9.6 
1959  -7.9  -9.5  -2.2   4.9  12.3  14.1  20.1  19.9  15.6   8.4   2.6  -2.6 
1960  -6.2  -3.3  -3.3   4.6  12.0  16.9  19.8  19.1  14.8   7.8   4.0  -6.3 
1961 -10.6  -5.1  -1.5   5.0  10.2  16.9  18.9  19.6  18.2  10.4   3.9  -3.4 
1962  -7.3  -9.0  -0.2   4.5  10.0  16.1  18.3  18.1  14.2   8.8   1.8  -5.2 
1963  -5.7  -9.1  -0.6   7.1  10.0  16.8  20.5  17.2  12.7  10.8   4.5  -9.7 
1964  -5.4  -6.3  -1.3   4.5  13.1  17.2  19.3  16.1  13.6   9.0   2.1  -5.3 
1965  -8.6  -7.1  -0.6   4.0  11.4  16.6  18.4  18.0  13.8   7.1   1.2  -4.1 
1966  -6.6  -6.4   0.0   3.7   9.7  16.8  19.9  19.8  14.2   8.5   4.0  -4.0 
1967  -5.2  -9.6  -4.1   3.7   8.4  17.1  19.6  19.3  14.5   9.4   0.5  -4.1 
1968  -9.5  -7.9  -0.7   6.3  10.0  14.6  19.7  17.8  15.3   9.9   1.0  -5.5 
1969  -6.6  -5.8  -2.3   5.1  10.8  16.9  19.1  20.7  14.8   8.9   4.1  -3.7 
1970 -11.5  -6.8  -1.9   5.2  12.8  16.1  20.7  20.1  14.8  10.6   3.5  -8.3 
1971 -12.0  -6.4  -1.4   2.9  10.5  17.8  19.8  20.3  16.7  12.0   1.0  -3.7 
1972  -6.6  -8.1  -3.4   3.8  10.8  15.0  19.9  19.4  15.2   7.0   1.2  -5.5 
1973  -6.4  -7.4   1.6   6.3   9.0  17.4  20.9  20.9  14.3   9.1   1.8  -0.6 
1974  -7.1  -6.2  -1.6   5.0   8.4  16.0  19.9  19.9  14.4   5.4   2.6  -3.3 
1975  -5.9  -6.5  -2.5   3.2  13.0  16.3  20.2  19.4  13.6   9.3   5.1  -6.4 
1976 -10.1  -3.7  -1.2   7.1  11.5  18.7  19.0  19.7  15.5   8.7   2.3  -6.2 
1977  -9.9  -5.4   2.9   6.0  13.0  15.8  20.1  19.2  14.1   8.3   3.9  -3.6 
1978  -7.1  -7.3  -1.6   5.0  12.5  16.6  19.9  19.9  13.3   8.3   2.3  -3.7 
1979  -4.5  -8.7   2.5   6.3  13.4  17.7  21.5  19.0  14.9   9.1   6.0  -1.6 
1980  -5.5  -6.7  -0.5   6.9  12.4  16.4  21.1  21.3  15.6   9.1   2.2  -7.2 
1981 -10.7   0.1   2.0   7.7  13.9  18.4  20.9  19.4  15.5   8.8   3.3  -2.2 
1982 -10.1  -6.0  -0.3   5.5  12.8  15.4  20.8  18.3  15.5   9.1   5.1  -0.5 
1983  -4.1  -3.0   2.7   7.4  11.2  18.2  20.7  20.4  17.6   9.3   4.5  -3.7 
1984  -7.7  -0.2  -2.4 -99.0  11.6  17.7  21.2  21.8  14.5   9.3   4.0  -0.9 
1985  -8.4  -2.4   2.3   7.4  11.8  15.5  19.8  18.8  15.1   9.3   3.0  -5.5 
1986  -4.7  -5.8   0.5   8.3  13.0  16.1  20.0  19.4  14.4   9.0   2.2  -1.4 
1987  -6.2  -4.9   1.4   8.3  13.2  18.1  19.7  19.4  15.5   9.1   3.3  -1.5 
1988  -6.7  -4.0   1.1   6.5  12.2  17.0  21.4  21.5  15.3   8.4   5.1  -3.7 
1989  -3.6  -4.9  -0.1   6.0 -99.0  17.9  20.8  20.1  15.6  10.0   2.6 -10.1 
1990  -1.8  -4.2   1.5   7.5  12.1  17.3  21.4  21.7  16.1  11.9   5.5   0.2 
