Number= 744920
Name= BLUE HILL, MASSACHUS
Country= UNITED STATES
Lat=   42.2
Long=   71.1
Height= 192
Start year= 1811
End year= 2011
First Good year= 1811
Source ID= 10
Source file= Jones+Anders
Jones data to= 2000
Normals source= Data
Normals source start year= 1961
Normals source end year= 1990
Normals=  -3.7  -2.6   2.1   7.8  13.6  18.5  21.8  20.9  16.6  11.1   5.4  -1.1 
Standard deviations source= Data
Standard deviations source start year= 1941
Standard deviations source end year= 1990
Standard deviations=   2.4   2.0   1.8   1.4   1.3   1.1   1.0   1.0   1.1   1.4   1.5   2.3 
Obs:
1811  -4.1  -5.3   3.6   7.1  13.2  18.9  20.8  18.7  14.9  10.3   4.4  -2.5 
1812  -7.2  -5.6  -2.1   5.6   9.8  16.8  19.3  17.6  12.9   8.3   1.6  -2.6 
1813  -6.5  -4.2  -2.3   6.1  11.2  17.7  18.7  19.2  15.6   7.8   2.9  -4.0 
1814  -6.8  -2.4  -0.6   7.1  13.2  16.9  18.0  17.9  15.0   6.7   2.8  -4.0 
1815  -6.3  -5.6   1.9   6.7  11.1  17.1  22.3  18.4  14.0   7.7   2.6  -4.1 
1816  -6.1  -3.8  -1.5   5.9  11.6  16.0  18.1  18.3  12.8   9.1   4.3  -2.4 
1817  -6.2  -9.4  -1.9   6.6  12.4  15.3  19.7  19.2  14.8   7.3   3.8  -2.8 
1818  -6.5  -9.5  -0.4   3.9  12.0  20.3  21.8  18.8  13.1   8.9   4.3  -5.6 
1819  -2.2  -2.4  -3.4   5.7  12.9  19.6  21.3  20.6  17.8   7.9   3.4  -3.8 
1820  -6.8  -1.4  -0.7   7.6  12.6  19.7  23.9  19.8  16.3   7.7   0.6  -6.2 
1821  -8.1  -1.3  -1.1   5.1  13.3  20.0  19.9  20.2  16.2   7.8   2.2  -4.3 
1822  -8.2  -4.8   1.3   7.1  15.3  19.1  21.8  19.8  17.3   8.9   4.3  -3.6 
1823  -5.1  -8.4  -0.8   8.4  12.7  18.6  21.8  19.8  13.4   6.8  -0.4  -1.9 
1824  -3.3  -4.2  -0.3   7.6  12.8  19.7  19.8  17.9  15.1   7.0   1.4  -1.1 
1825  -4.9  -2.8   2.4   7.8  14.1  21.1  23.8  20.4  14.7  10.4   1.7  -1.8 
1826  -3.7  -3.3   0.7   4.8  18.3  20.5  21.7  20.9  17.1  10.1   2.7  -3.1 
1827  -8.7  -3.6   0.7   8.9  14.1  18.6  20.8  19.2  15.5   9.6  -0.9  -1.6 
1828  -2.1   0.6   1.8   4.9  14.6  22.1  20.7  21.7  15.9   7.8   3.6   0.3 
1829  -6.3  -8.3  -2.0   6.3  15.6  19.3  20.4  19.6  12.1   8.8   2.2   1.4 
1830  -6.3  -6.1   1.1   9.7  13.1  17.8  22.4  19.9  14.4   9.4   6.2  -0.7 
1831  -8.1  -6.3   4.0   8.2  16.0  21.7  19.9  21.3  15.8  11.3   3.4  -9.1 
1832  -3.9  -3.8   1.3   4.2  10.5  16.4  18.2  19.9  14.8  10.3   4.4  -2.1 
1833  -1.8  -6.9  -0.3   8.6  13.9  15.2  19.7  17.7  14.4   9.1   2.2  -1.8 
1834  -6.0  -0.3   1.3   7.5  10.7  16.2  21.7  18.7  16.3   8.3   2.4  -3.1 
1835  -3.7  -5.4  -1.1   5.4  11.7  17.1  19.9  18.6  12.9  11.9   3.3  -6.3 
1836  -4.4  -7.9  -1.2   5.7  12.2  14.6  18.7  16.6  15.1   6.6   1.3  -2.1 
1837  -6.9  -4.9  -0.8   6.0  10.9  16.5  17.8  17.5  14.1   8.6   3.4  -2.3 
1838  -0.3  -8.1   1.4   3.9  12.3  19.4  22.2  19.7  15.3   8.6   1.4  -3.4 
1839  -3.4  -2.7   0.8   6.9  11.8  14.5  20.6  18.7  15.1   9.3   2.0  -1.6 
1840  -8.6  -0.7   1.2   8.2  12.2  17.1  20.2  19.6  13.8   8.9   3.4  -3.7 
1841  -1.9  -4.6   1.0   4.7  10.8  18.6  18.8  18.9  16.2   6.2   2.4  -0.7 
1842  -2.6  -0.3   2.6   6.3  10.2  15.7  20.9  19.6  13.4   8.2   1.7  -3.2 
1843  -0.3  -7.3  -3.1   6.6  11.9  16.4  19.0  20.4  15.5   8.7   1.9  -1.8 
1844  -8.1  -4.1   1.2   8.8  13.5  16.8  18.8  18.7  14.8   9.1   2.9  -1.3 
1845  -2.7  -2.9   2.2   6.0  11.9  17.3  19.5  20.5  13.6  10.4   6.1  -3.6 
1846  -3.1  -5.5   2.4   8.2  12.3  16.7  20.1  19.9  18.2   8.8   5.4  -2.6 
1847  -2.7   0.7  -1.0   5.1  10.7  17.0  21.0  18.4  15.2   8.6   6.3   1.6 
1848  -2.1  -3.9  -0.2   6.1  13.7  16.8  19.4  18.9  14.0   9.3   1.9   1.3 
1849  -5.8  -6.7   1.1   5.3  10.3  17.4  20.1  19.2  14.6   9.0   6.9  -1.9 
1850  -2.8  -1.5  -0.6   4.3   9.5  17.8  20.1  18.1  15.2  10.4   4.8  -3.7 
1851  -3.3  -1.5   2.1   5.7  11.8  15.6  19.0  17.9  14.8  11.2   1.7  -5.2 
1852  -6.1  -3.6   0.2   4.1  12.0  17.5  20.7  17.7  15.1   9.5   2.8   1.3 
1853  -3.6  -2.1   1.3   6.0  12.6  17.6  19.6  18.8  15.6   9.0   5.1  -2.9 
1854  -4.5  -5.1  -0.3   5.0  13.9  16.8  21.3  18.4  15.3  10.7   4.6  -4.1 
1855  -2.3  -6.7  -0.4   5.4  10.8  16.6  20.9  17.6  15.2  10.7   4.2  -1.4 
1856  -8.2  -6.3  -3.5   6.6  10.5  18.2  20.7  18.8  15.8   9.4   3.3  -4.6 
1857  -9.7  -0.2  -0.5   3.8  11.4  15.9  20.3  18.8  15.3   9.1   4.1   0.0 
1858  -1.3  -5.8  -0.7   6.0   9.9  18.3  19.4  17.6  15.2  10.5   1.0  -2.7 
1859  -4.3  -2.6   2.6   4.2  12.3  16.1  18.7  18.5  13.5   6.7   4.7  -4.3 
1860  -3.5  -4.1   1.8   5.1  11.2  16.3  18.1  19.6  14.1   9.7   4.9  -3.9 
1861  -6.1  -1.1   0.2   5.1   9.9  16.6  19.8  19.4  15.2  11.4   2.9  -1.7 
1862  -5.0  -4.9  -0.2   5.6  12.7  16.3  19.0  19.1  15.7  10.6   4.7  -2.9 
1863  -1.6  -3.1  -2.3   5.4  12.3  15.6  21.2  20.9  14.2  10.5   5.4  -3.6 
1864  -4.1  -2.4   0.4   4.6  12.7  17.3  20.0  21.0  14.2   8.0   4.2  -2.2 
1865  -7.1  -5.6   3.0   8.1  13.0  19.6  19.9  19.3  17.7   8.0   3.9  -1.0 
1866  -5.7  -3.1  -0.1   7.8  10.6  17.6  21.3  16.6  15.8   8.9   4.9  -3.3 
1867  -7.7  -0.6  -0.8   6.2  10.6  17.2  18.9  19.9  14.7   9.4   3.3  -5.5 
1868  -6.3  -7.3   0.2   4.3  10.6  16.7  21.8  19.5  14.8   7.0   2.2  -4.6 
1869  -2.6  -2.6  -2.3   6.6  11.4  16.7  20.4  17.8  15.8   8.2   1.5  -2.0 
1870  -0.3  -3.9  -1.4   6.2  12.2  19.4  21.3  21.0  15.8  10.5   4.2  -1.9 
1871  -5.4  -4.4   3.7   6.7  11.8  16.4  19.2  20.3  12.4   9.8   0.7  -4.3 
1872  -4.9  -5.4  -5.6   5.4  12.8  17.8  21.1  20.3  15.8   8.7   1.7  -6.9 
1873  -6.2  -5.6  -1.6   4.9  10.9  16.7  20.3  18.0  14.5   9.6  -0.9  -1.6 
1874  -2.7  -4.0  -0.4   2.0  11.1  16.8  19.4  16.4  15.2   9.2   2.2  -2.3 
1875  -8.5  -8.2  -2.8   3.3  11.5  16.7  18.8  19.4  13.7   8.4  -0.2  -2.4 
1876  -2.4  -4.3  -0.7   4.7  11.4  19.0  21.7  19.1  13.7   6.7   3.6  -6.9 
1877  -7.0  -2.2   0.1   5.4  11.4  17.6  19.8  20.1  15.7   9.0   4.7  -0.2 
1878  -4.2  -3.3   2.6   8.4  11.6  16.2  21.3  18.8  16.0  11.1   2.5  -3.2 
1879  -6.4  -6.4  -0.3   4.4  13.9  16.3  19.2  18.2  14.6  12.3   2.6  -0.9 
1880  -0.4  -2.3  -0.6   6.3  15.3  17.7  19.8  18.4  15.8   8.8   0.8  -5.4 
1881  -8.1  -4.6   0.0   3.8  12.3  13.8  18.7  19.3  17.6  10.3   3.8   0.8 
1882  -5.2  -3.3  -0.1   4.1   8.4  16.8  19.7  18.9  15.8  10.9   1.6  -3.7 
1883  -7.1  -5.4  -4.3   3.8  11.9  19.0  19.8  18.2  13.9   7.1   3.3  -3.7 
1884  -6.6  -1.5  -0.8   4.4  11.4  17.6  18.6  18.9  17.1   9.7   3.1  -1.6 
1885  -4.4  -8.7  -4.6   6.8  10.7  17.4  20.9  18.2  14.1   9.3   4.9  -1.3 
1886  -5.0  -5.0  -0.8   7.7  12.1  16.2  20.4  18.7  15.8   9.7   4.6  -3.8 
1887  -5.7  -3.8  -2.6   5.1  14.3  17.0  21.4  17.8  13.7   8.9   3.5  -1.8 
1888  -8.7  -3.9  -2.1   4.3  10.3  17.6  18.4  19.0  13.3   6.6   4.4  -1.0 
1889  -0.4  -5.6   1.3   7.1  14.1  18.2  18.9  17.8  15.3   7.7   5.1   1.6 
1890  -0.9  -1.0  -0.6   6.1  12.0  16.0  19.8  18.7  15.2   8.5   3.4  -5.1 
1891  -2.2  -1.5  -0.8   7.2  11.7  16.4  18.2  19.3  17.3   8.7   3.2   2.9 
1892  -3.6  -3.9  -1.6   7.0  11.3  18.7  20.7  19.2  15.1   9.1   2.9  -3.4 
1893  -8.1  -4.8  -1.0   5.1  11.7  16.8  19.7  19.3  13.3  10.6   3.4  -2.1 
1894  -2.7  -5.2   3.7   6.3  12.9  18.4  21.7  18.2  17.1  10.3   1.3  -1.6 
1895  -3.8  -6.3  -0.9   6.0  14.0  18.2  18.6  19.9  17.1   7.5   4.7   0.2 
1896  -5.9  -3.6  -2.2   7.4  14.2  16.7  20.2  19.8  14.8   7.9   6.6  -3.2 
1897  -3.9  -2.8   0.7   7.4  12.4  14.9  20.0  18.7  15.2  10.6   3.4  -1.1 
1898  -3.8  -1.6   4.3   4.3  11.6  17.1  20.3  20.6  17.3  10.4   3.8  -2.3 
1899  -3.5  -5.6  -0.8   7.1  12.7  19.2  20.5  18.9  15.0  10.3   3.7   0.1 
1900  -2.6  -3.4  -1.0   6.9  11.3  18.2  21.2  20.4  17.2  12.1   5.2  -1.3 
1901  -4.5  -6.8   0.1   5.0  11.2  18.6  21.2  20.1  16.9  10.7   0.6  -1.5 
1902  -4.7  -3.7   4.6   7.4  12.7  16.2  18.2  18.2  15.7  10.2   6.2  -3.5 
1903  -3.6  -2.1   5.7   7.1  13.8  14.2  19.9  16.4  16.2  10.1   2.2  -4.3 
1904  -7.4  -7.4  -0.4   5.5  14.5  15.8  19.9  18.6  15.1   8.2   1.4  -5.6 
1905  -5.8  -7.1   0.7   6.2  12.6  16.7  20.7  18.5  15.1  10.1   3.1  -0.4 
1906  -0.2  -3.1  -2.0   6.9  12.9  17.2  19.6  20.7  16.7   9.9   3.2  -3.8 
1907  -4.6  -7.9   1.1   3.9   9.1  16.2  20.3  18.9  15.9   7.4   3.7   0.2 
1908  -2.7  -4.8   1.6   6.7  13.5  18.9  21.7  18.6  16.9  12.3   3.7  -1.6 
1909  -2.9  -1.8   0.0   6.6  11.6  18.2  19.7  19.0  15.0   9.4   5.7  -3.5 
1910  -2.1  -3.8   3.4   9.2  12.0  16.4  21.9  19.1  15.6  11.0   2.4  -4.9 
1911  -2.1  -5.1  -0.4   5.7  15.2  16.7  22.7  18.6  15.0   9.1   3.2   1.7 
1912  -8.2  -5.4  -0.4   6.6  12.9  17.9  20.6  17.9  15.4  11.8   5.2   1.4 
1913   2.0  -4.6   3.8   6.7  11.0  17.1  20.9  19.7  14.4  11.4   5.5   0.9 
1914  -3.9  -6.5   0.1   5.1  13.8  17.0  17.6  18.7  16.1  11.7   3.5  -2.9 
1915  -1.9  -2.0  -1.2   8.5  11.8  16.3  19.5  18.7  17.4  10.6   4.5  -2.2 
1916  -2.5  -6.3  -4.2   4.6  12.1  14.7  19.9  20.1  16.5  11.3   4.1  -1.9 
1917  -3.3  -5.5   0.4   4.3   7.8  16.6  20.6  21.0  13.8   8.6   2.0  -6.6 
1918  -8.2  -4.7   0.7   7.2  15.0  15.6  19.6  19.6  13.8  10.9   4.1  -1.8 
1919  -2.2  -3.2   1.7   5.9  13.7  17.4  20.6  17.9  14.3   9.9   3.2  -4.9 
1920  -9.2  -6.2   1.3   4.9  11.4  15.6  19.3  19.9  15.6  11.7   1.9  -1.3 
1921  -3.6  -3.4   5.1   8.6  12.1  18.3  21.3  18.5  18.1   9.9   2.4  -2.8 
1922  -5.6  -3.2   1.3   7.2  14.8  18.7  20.5  19.9  16.9  10.6   3.6  -3.2 
1923  -6.2  -8.3  -2.1   6.2  12.6  18.8  19.3  19.3  16.8  10.3   4.1   2.1 
1924  -2.9  -6.1  -0.4   5.8  11.3  17.2  21.3  20.4  15.6  10.6   5.1  -3.7 
1925  -5.5   0.6   3.2   7.6  11.9  20.2  20.8  20.7  16.4   7.9   4.6  -1.2 
1926  -2.6  -4.5  -1.4   4.7  11.3  15.6  20.2  19.6  15.4   9.9   4.9  -3.5 
1927  -3.0  -1.7   3.2   7.1  11.2  16.2  20.2  17.8  16.2  12.2   7.1  -0.1 
1928  -2.2  -3.7   0.1   5.9  11.2  16.3  20.7  21.4  14.5  11.4   4.4   1.2 
1929  -4.0  -2.8   2.7   6.3  13.4  18.3  20.9  19.2  17.1   9.6   4.3  -2.4 
1930  -2.9  -0.8   1.5   6.7  13.5  20.2  20.7  19.1  18.5   8.6   3.9  -1.5 
1931  -3.6  -3.7   0.7   7.4  13.1  17.0  21.7  20.1  17.7  12.8   7.6  -0.4 
1932   1.7  -3.3  -0.9   6.3  13.1  16.8  19.9  20.7  15.8  11.1   3.5   1.0 
1933   1.0  -1.6  -0.6   5.7  14.2  18.4  19.4  19.4  16.2   9.6   1.4  -4.7 
1934  -3.2 -10.3  -0.7   7.2  14.1  17.8  21.3  18.0  17.1   8.0   5.7  -3.4 
1935  -6.1  -4.1   2.1   5.9  11.6  16.9  20.9  19.9  14.7  10.4   5.6  -4.8 
1936  -4.4  -7.2   4.5   5.2  13.9  17.2  19.3  19.4  15.3  10.2   2.1   0.1 
1937   1.4  -0.9  -1.1   5.5  13.6  17.7  21.1  21.8  15.1   9.4   4.5  -2.4 
1938  -3.8  -2.2   2.4   8.1  11.8  17.5  20.3  21.3  15.1  11.9   6.1  -0.7 
1939  -3.7  -1.6  -1.1   4.7  12.6  17.2  20.5  21.9  15.7  10.3   2.7  -0.9 
1940  -7.5  -3.3  -1.6   4.9  12.3  16.8  20.4  18.4  15.4   8.0   3.9  -0.2 
1941  -5.4  -3.5  -1.3   9.3  13.9  18.1  20.2  19.4  16.8  11.4   6.6   0.2 
1942  -4.1  -4.8   2.8   8.2  14.4  17.8  20.1  19.4  16.4  11.3   4.3  -3.9 
1943  -5.1  -2.6   0.4   4.5  13.1  20.0  21.6  19.8  15.4  10.4   4.1  -3.7 
1944  -2.6  -2.8  -0.6   5.3  16.1  17.8  21.8  21.6  16.9  10.0   4.5  -2.7 
1945  -6.7  -3.1   5.9   9.7  11.3  17.6  20.4  19.7  17.7   9.8   5.2  -3.8 
1946  -3.7  -4.3   6.4   5.8  12.7  17.5  19.9  17.8  17.3  13.2   6.8  -0.6 
1947  -1.4  -3.5   0.7   6.7  12.4  16.5  21.6  20.7  16.1  14.7   2.9  -2.8 
1948  -6.7  -4.9   1.5   7.0  11.3  15.8  20.9  21.2  17.2  10.2   8.0   0.2 
1949   0.0  -0.6   2.1   8.7  13.7  19.8  23.1  21.8  15.5  12.8   4.2   0.4 
1950   1.0  -4.3  -0.8   6.5  12.0  18.7  21.0  19.6  14.3  11.6   6.8  -0.3 
1951  -0.5   0.0   2.5   9.1  14.1  17.7  22.0  20.3  17.2  11.6   4.1   0.3 
1952  -1.0  -1.2   1.3   9.2  13.0  19.9  24.3  21.3  17.9  10.6   6.1   0.2 
1953   0.0   0.3   3.0   8.2  14.1  19.8  21.4  20.8  17.8  12.4   7.8   2.7 
1954  -4.8   1.4   2.4   8.8  12.2  17.9  20.7  19.3  15.6  13.4   5.4  -0.3 
1955  -3.8  -1.3   1.7   8.3  15.7  17.7  23.5  22.3  16.3  11.7   3.7  -4.8 
1956  -2.7  -1.4  -0.8   5.8  11.8  19.2  20.2  20.7  14.9  11.9   6.4   0.8 
1957  -6.7  -0.1   2.3   8.9  14.3  20.3  22.2  19.8  18.3  10.8   6.9   2.7 
1958  -1.9  -5.4   1.9   8.3  12.0  16.6  21.3  20.6  16.6  10.1   6.2  -5.2 
1959  -3.3  -4.7   1.4   8.3  15.7  16.5  21.6  21.9  18.7  10.8   4.9   0.2 
1960  -2.6   0.2  -1.7   8.0  14.4  19.1  20.8  20.5  16.1  10.8   7.4  -3.4 
1961  -5.7  -1.3   1.7   6.0  12.5  19.3  21.3  20.9  19.4  12.7   5.4  -1.3 
1962  -3.4  -4.3   2.1   8.6  13.2  18.6  19.7  19.8  15.4  10.7   3.9  -2.9 
1963  -3.3  -5.2   2.2   8.0  13.8  19.0  22.2  19.7  14.4  14.2   7.2  -5.2 
1964  -1.4  -3.2   2.6   6.9  15.5  18.5  21.2  18.6  16.0  10.9   6.1  -0.9 
1965  -5.1  -3.2   0.8   6.3  15.3  18.6  21.5  21.2  16.7  10.7   3.8   0.3 
1966  -4.0  -2.1   2.8   6.1  12.5  19.2  22.4  20.9  15.8  11.1   6.9  -0.6 
1967   0.2  -4.7  -0.6   6.3  10.3  19.0  21.8  20.6  16.2  11.5   2.9   0.0 
1968  -5.2  -5.1   2.8   9.3  12.6  17.2  22.5  20.4  17.7  12.7   4.5  -2.8 
1969  -3.1  -2.9   0.4   9.4  13.7  19.2  20.4  22.3  16.5  10.9   5.4  -1.7 
1970  -7.9  -1.9   0.8   8.4  14.5  18.2  22.3  21.8  17.0  12.1   6.3  -3.6 
1971  -6.3  -2.1   1.3   6.2  12.9  19.3  22.1  21.6  18.7  14.1   3.8  -0.2 
1972  -1.9  -3.7   0.2   5.6  13.2  17.2  21.4  20.0  16.7   8.8   3.3  -0.4 
1973  -1.5  -2.8   5.2   9.1  13.0  19.9  21.9  22.6  16.6  11.6   5.3   1.8 
1974  -1.9  -3.0   2.5   9.3  11.9  17.8  21.3  21.8  16.4   8.7   5.3   1.0 
1975  -0.6  -1.9   1.2   5.9  15.6  18.1  22.8  20.7  15.5  12.4   8.9  -0.8 
1976  -5.6   1.1   3.1  10.8  13.9  20.7  21.1  20.3  16.3   8.9   2.9  -4.3 
1977  -7.5  -2.5   5.5   9.0  15.3  17.7  21.9  21.6  16.3  10.7   6.4  -1.7 
1978  -4.7  -5.4   0.3   6.8  13.7  18.6  21.4  21.1  15.0  10.2   4.9  -0.4 
1979  -2.1  -7.5   4.0   7.7  14.9  18.0  22.7  20.4  16.7  10.4   8.2   1.2 
1980  -3.0  -4.2   1.6   8.7  14.0  17.4  22.8  21.7  17.8   9.5   3.4  -3.5 
1981  -7.9   1.4   2.3   9.3  14.7  19.6  22.1  20.8  15.6   9.2   4.9  -1.2 
1982  -7.2  -2.5   1.9   6.9  13.5  16.2  22.1  18.9  16.5  10.9   7.1   1.9 
1983  -2.5  -1.2   3.2   8.2  12.2  19.3  23.1  21.1  18.7  10.7   6.4  -1.5 
1984  -4.5   1.8  -1.1   7.2  13.4  19.8  21.4  21.6  15.7  12.0   5.6   2.4 
1985  -6.3  -1.1   3.2   8.6  14.1  16.7  21.8  20.3  17.2  11.7   6.2  -2.2 
1986  -1.8  -3.6   3.7   8.4  14.1  17.2  20.2  19.6  15.8  10.5   4.1   0.2 
1987  -3.4  -3.3   2.7   7.4  14.3  19.0  21.7  20.1  16.7  10.3   5.3   0.5 
1988  -4.0  -1.4   2.7   7.1  13.8  18.9  22.7  22.9  16.4   8.8   6.7  -1.4 
1989  -0.4  -2.6   1.7   7.1  14.8  18.7  21.2  20.8  17.3  11.9   4.3  -7.8 
1990   1.2  -0.4   3.4   7.9  12.0  18.6  21.7  21.7  16.7  13.3   7.1   2.7 
1991  -2.8   0.6   3.9 -99.0  16.7  19.3  22.3  21.7  12.3   5.7   5.7   0.2 
1992  -2.3  -1.6   0.3   6.7  12.9  18.5  19.9  20.1  16.2   9.6   4.3  -0.5 
1993  -2.3  -5.3   0.4   7.7  14.7  19.1  22.4  22.3  16.7   9.7   5.9  -7.1 
1994  -7.1  -4.6   2.0   9.7  13.3  20.5  24.1  20.6  16.1  11.5   7.7   1.9 
1995   0.2  -3.4   2.9   7.2  13.1  19.2  23.4  21.3  16.2  13.5   3.4  -3.0 
1996  -3.3  -2.6   0.9   8.1  13.5  19.2  21.0  20.8  16.7  10.8   3.1   2.6 
1997  -3.3   0.7   1.5   7.3  12.3  19.2  22.4  20.9  16.8  10.6   3.9   0.2 
1998  -0.1   1.3   4.1   9.2  15.5  17.6  22.2  21.8 -99.0  11.2   5.1   2.7 
1999  -2.3   0.2   3.1   8.8  15.1  21.0  23.7  21.4  19.0  10.7   7.7   1.6 
2000  -3.9   0.0   5.4   7.4  13.9  18.8  19.9  20.3  16.4  11.1   5.1  -3.3 
2001 -99.0 -99.0 -99.0 -99.0 -99.0 -99.0 -99.0 -99.0 -99.0 -99.0 -99.0 -99.0 
2002 -99.0 -99.0 -99.0 -99.0 -99.0 -99.0 -99.0 -99.0 -99.0 -99.0 -99.0 -99.0 
2003 -99.0 -99.0 -99.0 -99.0 -99.0 -99.0 -99.0 -99.0 -99.0 -99.0 -99.0 -99.0 
2004 -99.0 -99.0 -99.0 -99.0 -99.0 -99.0 -99.0 -99.0 -99.0 -99.0 -99.0 -99.0 
2005 -99.0 -99.0 -99.0 -99.0 -99.0 -99.0 -99.0 -99.0 -99.0 -99.0 -99.0 -99.0 
2006 -99.0 -99.0 -99.0 -99.0 -99.0 -99.0 -99.0 -99.0 -99.0 -99.0 -99.0 -99.0 
2007  -1.0  -4.6   2.2   6.9  15.5  19.0  22.4  22.2  18.9  14.4   4.7  -1.3 
2008  -1.1  -1.3   2.0   9.5  13.1  20.4  23.4  20.2  17.5  10.6   5.6   0.3 
2009  -5.8  -0.9   2.2   9.8  14.6  16.5  20.3  22.3 -99.0 -99.0 -99.0 -99.0 
2010 -99.0 -99.0 -99.0 -99.0 -99.0 -99.0 -99.0 -99.0 -99.0 -99.0 -99.0 -99.0 
2011 -99.0  -2.1   2.5   9.1  14.6 -99.0 -99.0 -99.0 -99.0 -99.0 -99.0 -99.0 
