Number= 745501
Name= SALINA/FAA-AIRPORT--
Country= USA---------
Lat=   38.8
Long=   97.7
Height= 384
Start year= 1952
End year= 1990
First Good year= 1952
Source ID= 30
Source file= New
Normals source= Data
Normals source start year= 1961
Normals source end year= 1990
Normals=  -2.3   0.5   6.8  12.7  18.1  23.8  27.1  25.8  20.8  14.1   6.3   0.0 
Standard deviations source= Data
Standard deviations source start year= 1952
Standard deviations source end year= 1990
Standard deviations=   3.1   3.3   2.3   1.8   1.7   1.6   1.4   1.6   1.7   1.6   1.6   2.6 
Obs:
1952  -0.7   3.1   3.0  10.4  17.4  27.4  27.0  26.1  21.2  11.6   3.9  -2.2 
1953   0.5   3.3   7.4   9.7  17.0  27.1  25.7  25.2  21.6  15.7   6.8   1.0 
1954  -3.0   6.4   4.4  15.0  14.9  24.7  30.1  28.5  24.4  14.4   8.3   1.2 
1955 -99.0 -99.0 -99.0 -99.0 -99.0 -99.0 -99.0 -99.0 -99.0 -99.0 -99.0 -99.0 
1956 -99.0 -99.0 -99.0 -99.0 -99.0 -99.0 -99.0 -99.0 -99.0 -99.0 -99.0 -99.0 
1957 -99.0 -99.0 -99.0 -99.0 -99.0 -99.0 -99.0 -99.0 -99.0 -99.0 -99.0 -99.0 
1958 -99.0 -99.0 -99.0 -99.0 -99.0 -99.0 -99.0 -99.0 -99.0 -99.0 -99.0 -99.0 
1959 -99.0 -99.0 -99.0 -99.0 -99.0 -99.0 -99.0 -99.0 -99.0 -99.0 -99.0 -99.0 
1960 -99.0 -99.0 -99.0 -99.0 -99.0 -99.0 -99.0 -99.0 -99.0 -99.0 -99.0 -99.0 
1961 -99.0 -99.0 -99.0 -99.0 -99.0 -99.0 -99.0 -99.0 -99.0 -99.0 -99.0 -99.0 
1962 -99.0 -99.0 -99.0 -99.0 -99.0 -99.0 -99.0 -99.0 -99.0 -99.0 -99.0 -99.0 
1963  -7.5   1.5   8.7  14.3  19.1  25.4  27.2  26.4  21.6  19.1   7.5  -4.5 
1964   1.1   0.7   4.1  13.2  20.3  23.6  29.0  23.8  20.4  13.6   6.9 -99.0 
1965  -0.1  -1.5   0.8  14.2  19.8  22.6  26.2  25.1  18.3  14.7   7.8   3.1 
1966  -3.4   0.0   8.2  10.1  18.5  24.2  29.4  24.0  19.8  14.2   6.4  -0.8 
1967  -0.5   1.4   8.7  14.4  16.4  22.6  23.7  23.6  18.4  13.5   5.9   0.8 
1968  -2.0   0.2   8.9  12.4  15.2  24.1  26.8  26.0  20.2  14.8   4.5  -2.1 
1969  -2.7   0.6 -99.0  13.4  18.2  21.9  28.0  25.9  22.0  12.0   6.5   0.2 
1970  -3.5   3.2   3.5  11.9  20.6  23.3  26.6  28.2  20.3  11.8   5.0   1.9 
1971  -4.0  -2.7   5.3  13.1  16.2  25.3  24.8  25.3  21.3  15.4   6.6   1.9 
1972  -2.7   1.2   8.8  12.2  17.4  24.0  24.9  24.8  20.8  12.0   4.3  -3.0 
1973  -2.4   1.7   8.2  11.0  16.3  24.5  26.7  26.5  19.0  15.8   7.3  -0.9 
1974  -4.3   3.1   8.3  13.2  19.3  22.7  29.6  23.4  16.9 -99.0   6.0   0.9 
1975  -0.2  -2.2   3.0  11.8  18.2  22.9  27.0  27.4  18.4  15.9   6.0   2.2 
1976  -0.7   6.7   6.8  13.5  15.8  23.3  26.7  26.8  21.2  10.8   2.9   0.7 
1977  -5.9   4.0   9.1  14.5  20.6  24.7  28.0  24.3  21.5  14.3   6.5   0.2 
1978  -7.2  -6.2   5.5  14.0  17.6  25.0  28.3  27.0  23.8  14.3   6.4  -0.6 
1979  -9.9  -6.0   7.1  11.8  16.9  23.5  26.1  26.0  22.7  15.9   5.3   2.9 
1980  -1.1  -2.5   4.5  12.3  18.2 -99.0 -99.0 -99.0  22.8  14.4   8.4   1.8 
1981   1.1   3.7   8.3  17.1  16.4  25.3  27.0  25.0  21.5  13.2   8.0   0.9 
1982  -4.9  -1.9   6.6  11.1  18.3  20.9  26.8  26.3  20.7  14.2   5.1   1.8 
1983  -0.5   1.7   6.0   8.2  15.4  22.2  28.7  30.6  22.6  14.8   6.9  -9.5 
1984  -3.2   4.9   3.7  10.1  17.2  24.3  27.1  27.6  20.1  13.2   6.9   1.6 
1985  -5.8  -2.9   8.2  14.4  19.2  21.9  27.2  24.4  20.0  13.7   2.2  -3.0 
1986   3.1   2.0  10.8  14.2  18.6  25.7  28.2  24.4  22.5  13.7   4.2   1.8 
1987  -0.9   5.3   7.6  13.4  20.4  24.3  27.2  25.2  20.9  12.5   8.3   1.5 
1988  -3.2   0.1   6.7  11.9  20.1  26.1  26.7  27.5  21.7  12.9   7.9   2.9 
1989   3.3  -3.9   7.1 -99.0  19.2  22.3  26.8  25.6  19.2  15.5   7.1 -99.0 
1990   3.7   2.8   8.5  11.7  16.6  26.6  26.9  26.7  23.2  14.6   9.3  -1.9 
