Number= 747200
Name= LEMOORE/REEVES-NAS--
Country= USA---------
Lat=   36.3
Long=  120.0
Height= 73
Start year= 1961
End year= 1990
First Good year= 1961
Source ID= 30
Source file= New
Normals source= Data
Normals source start year= 1961
Normals source end year= 1990
Normals=   7.6  10.7  12.9  15.9  20.3  24.3  26.9  26.2  23.1  18.2  11.7   7.4 
Standard deviations source= Data
Standard deviations source start year= 1961
Standard deviations source end year= 1990
Standard deviations=   1.7   1.6   1.8   2.2   1.5   1.4   1.3   1.2   1.5   1.4   1.1   1.7 
Obs:
1961 -99.0 -99.0 -99.0 -99.0 -99.0 -99.0  27.7  27.6  21.7  17.5  10.7   6.7 
1962   4.5   9.1  11.4  17.5  18.5  24.1  26.0  25.6  22.1  16.2  13.1   8.5 
1963   6.0  14.0  12.2  13.9  20.1  21.9  24.9  24.6  23.2  16.7   9.6   3.0 
1964   5.4   7.5  10.1  15.0  17.8  22.8  27.1  26.2  21.3  19.8  10.0   8.9 
1965   7.2   9.0  11.9  16.7  20.1  21.9  27.0  26.6  20.2  18.6  12.4   5.1 
1966   6.6   7.8  12.9  17.9  21.3  23.8  25.0  27.2  22.4  18.0  12.0   8.0 
1967   8.2   9.9  11.5   9.9  19.2  22.8  29.5  30.1  25.1  18.3  13.2 -99.0 
1968   5.6  12.8  13.5  16.7  20.5  25.6  28.9  25.5  23.1  17.5  10.8   5.8 
1969   7.0   9.0  11.5  14.6  20.5  21.9  28.0  26.2  23.3  16.2  11.7   7.9 
1970   9.4  10.8  11.7  12.2  19.6  24.6  28.2  26.2  22.1  16.7  11.6   7.3 
1971   6.9   8.2  12.1  14.5  18.2  23.6  27.1  27.0  23.5  16.1  10.0   6.2 
1972   4.9  12.7  16.2  16.3  21.0  25.1  27.0  26.0  22.8  18.1  10.8   6.0 
1973   7.7  11.2   9.7  14.9  22.3  25.3  26.2  25.7  22.1  16.8  11.0   7.3 
1974   8.4   9.9  13.5  15.4  20.7  25.4  27.7  26.8  25.8  19.9  12.1   7.7 
1975   7.1  11.0  12.1  13.1  20.8  24.7  26.9  26.1  25.8  17.4  10.7   7.5 
1976   7.7  11.2  12.0  14.3  21.5  24.0  27.5  23.9  23.5  19.8  13.6   8.0 
1977   6.3  11.4  10.6  17.5  16.9  26.0  27.0  26.8  23.2  19.2  12.2  10.2 
1978  10.3  10.7  14.9  14.3  20.0  24.2  27.2  26.3  21.6  20.1  10.4   5.2 
1979   7.8   9.4  13.0  15.6  21.5  24.7  26.6  24.7  24.2  18.9  11.2   8.9 
1980   9.0  11.4  10.5  15.3  17.9  21.4  26.6  24.8  22.0  18.9  12.5   8.4 
1981  10.6  12.0  13.4  17.4  21.1  27.6  27.5  27.0  24.9  17.2  13.8   9.9 
1982   6.5  11.3  12.4  15.4  21.0  23.1  26.4  26.2  23.1  17.8  10.7   7.3 
1983   7.4  12.0  14.4  14.2  20.5  24.3  25.1  27.2  25.4  20.1  12.6  10.8 
1984   9.5  11.2  15.8  17.0  23.9  25.3  28.5  26.3  25.3  16.5  12.6   8.1 
1985   6.7  11.3  12.0  19.5  20.4  26.7  27.6  24.7  21.2  17.8  11.5   6.2 
1986  12.1  13.2  16.3  17.1  21.6  25.5  26.0  27.0  20.7  18.8  12.7 -99.0 
1987   6.7  10.6  12.3  18.7  21.5  24.2  23.0  24.8  23.6 -99.0  12.1 -99.0 
1988 -99.0 -99.0  15.1  17.3 -99.0  24.5 -99.0  27.4 -99.0  20.7 -99.0 -99.0 
1989   6.8  10.1  15.0  20.1 -99.0  24.7  26.4  25.2  23.2  18.3 -99.0 -99.0 
1990   9.2  10.8  15.8  19.0  20.0  24.3  27.5  25.9  23.9  20.5  12.2   5.4 
