Number= 071800
Name= NANCY/ESSEY
Country= FRANCE
Lat=   48.7
Long=   -6.2
Height= 212
Start year= 1951
End year= 2007
First Good year= 1951
Source ID= 10
Source file= Jones+Anders
Jones data to= 2001
Normals source= Data
Normals source start year= 1961
Normals source end year= 1990
Normals=   1.3   2.3   5.2   8.7  12.8  16.1  18.1  17.5  14.4   9.9   4.9   2.1 
Standard deviations source= Data
Standard deviations source start year= 1951
Standard deviations source end year= 1990
Standard deviations=   2.3   3.1   1.8   1.3   1.3   1.1   1.5   1.1   1.3   1.3   1.5   1.9 
Obs:
1951   3.8   3.6   4.2   8.2  12.2  15.8  17.7  17.1  15.2   7.9   7.5   2.1 
1952   1.4   0.8   6.3  11.1  14.0  16.9  20.4  18.7  11.7   8.6   3.8   1.7 
1953  -0.9   1.1   5.5  10.1  15.1  16.0  17.9  17.3  14.6  10.6   4.4   3.9 
1954  -1.5  -1.0   6.3   7.4  12.2  16.6  16.1  16.4  14.7  10.6   5.8   4.7 
1955   0.8   1.0   2.9   8.7  11.8  16.2  18.2  17.2  13.9   7.8   4.2   4.3 
1956   2.7  -9.3   5.0   7.3  13.7  14.0  17.5  15.0  15.2   8.8   3.2   3.8 
1957   0.1   6.1   8.3   8.9  10.8  17.2  18.6  16.1  13.9   9.4   5.6   1.4 
1958   1.4   4.8   1.8   6.5  14.1  15.7  17.9  17.9  15.4   9.6   4.9   3.7 
1959   1.4   0.3   7.3   9.9  13.8  17.2  20.6  18.0  15.1   8.9   4.5   4.1 
1960   1.7   3.2   6.6   9.1  13.7  17.1  15.8  16.8  12.7  10.3   7.6   1.8 
1961   1.3   6.3   7.0  12.0  11.7  16.0  16.4  17.3  17.9  11.4   4.3   2.3 
1962   3.4   1.9   1.9   9.3  10.9  15.8  16.9  17.9  13.8   9.7   3.0  -1.5 
1963  -4.4  -3.9   4.9  10.2  12.1  15.5  17.8  16.0  14.5   8.9   8.6  -2.0 
1964  -1.6   3.9   3.4   9.8  14.4  17.4  19.7  17.2  15.0   7.7   5.9   1.0 
1965   2.6  -0.3   4.8   7.8  12.4  16.0  15.9  16.1  12.6   8.5   4.0   4.5 
1966  -1.3   7.0   4.5  10.4  13.5  17.2  16.0  16.2  14.7  12.5   2.7   3.5 
1967   1.8   4.1   6.9   7.9  12.6  15.4  19.7  17.0  14.0  12.2   4.6   0.6 
1968   1.0   3.1   5.7   9.5  11.6  15.8  16.9  16.4  13.8  11.5   4.0   0.2 
1969   3.1   0.0   4.4   8.3  13.6  14.8  19.3  17.3  14.6   9.7   5.8  -1.8 
1970   0.9   2.2   3.1   7.0  12.5  17.7  16.8  17.7  14.3   9.7   7.2   0.9 
1971  -0.3   2.4   2.2  10.3  14.6  14.6  19.3  17.7  12.9   9.3   3.7   2.8 
1972   0.3   4.1   6.3   8.6  11.8  14.5  17.9  16.2  11.3   7.7   4.9   0.8 
1973   0.0   1.7   4.4   6.8  13.6  16.9  17.7  19.1  15.4   8.6   4.8   1.1 
1974   5.1   4.4   7.2   9.0  12.1  15.3  16.7  18.2  13.7   6.5   6.1   6.2 
1975   5.6   2.7   4.3   8.7  12.3  15.9  18.9  19.6  15.9   8.2   4.8   0.8 
1976   2.8   2.0   3.7   8.4  14.3  19.7  20.7  17.8  13.8  10.9   5.7   0.4 
1977   2.9   5.5   8.0   6.9  12.3  15.7  17.7  16.5  12.8  10.7   6.0   2.9 
1978   1.7   0.8   6.4   7.7  12.2  15.1  16.8  16.0  13.6   9.4   3.7   2.9 
1979   2.6   2.0   6.0   8.0  12.4  17.0  17.7  15.9  14.2  10.3   4.7   4.9 
1980  -0.2   4.7   5.3   7.7  11.6  14.8  15.5  17.8  15.0   8.8   3.2   0.9 
1981   0.2   0.2   8.8   9.3  13.1  15.6  17.2  17.4  14.6   9.4   5.2   1.6 
1982  -0.5   1.7   5.2   8.0  13.5  17.4  19.8  17.4  16.6  10.2   6.9   3.4 
1983   4.4   0.4   5.6   9.1  10.9  17.4  22.3  19.9  14.8  10.0   3.7   1.8 
1984   2.5   1.5   3.1   7.8  10.4  15.1  18.0  18.0  13.7  10.7   6.4   2.3 
1985  -3.8   0.1   4.1   9.5  13.3  14.6  19.1  17.2  15.4   9.0   2.1   4.7 
1986   2.1  -5.0   3.9   6.7  14.2  17.2  18.2  17.1  12.6  10.7   6.6   3.3 
1987  -3.5   1.3   2.6  10.3  10.6  15.3  18.3  17.6  17.2  10.9   5.7   2.8 
1988   5.1   3.0   5.3   9.5  14.6  16.4  17.4  18.3  14.2  11.0   3.4   5.2 
1989   2.3   3.2   8.5   7.5  15.1  15.8  19.2  18.5  14.8  11.6   2.7   3.3 
1990   2.6   7.3   7.9   8.1  14.7  15.8  18.5  19.6  13.3  11.4   5.9   1.7 
1991   2.0  -1.0   8.1   8.1  11.4  14.8  20.4  20.5  16.8   9.2   4.9   1.2 
1992   1.2   3.3   6.6   9.2  15.2  17.3  19.7  20.4  14.4   7.9   7.6   3.4 
1993   4.8   0.3   5.4  11.3  14.7  17.7  18.0  18.0  13.5   8.7   1.7   5.3 
1994   4.0   2.9   9.2   8.4  13.4  17.7  22.3  19.1  14.2   9.7   9.1   5.6 
1995   3.1   6.6   4.9   9.4  13.4  15.7  21.5  19.3  13.1  13.3   5.5   1.1 
1996   0.5   1.2   3.6   9.7  12.1  17.5  17.8  18.1  12.6  10.5   5.7   0.3 
1997  -2.3   5.6   8.2   8.3  13.9  16.5  18.4  20.9  15.3   9.2   5.8   3.9 
1998   3.6   3.3   7.1   9.3  14.9  17.6  18.3  19.1  14.7  10.2   2.4   2.8 
1999   4.2   2.5   7.0   9.9  15.2  16.2  20.2  18.7  17.3   9.9   4.2   3.7 
2000   2.8   5.5   6.8  10.1  15.3  18.5  16.7  19.5  15.8  11.5   7.8   6.0 
2001   3.4   4.6   7.9   8.4  15.7  16.1  20.0  19.8  12.8  13.6   4.5   1.2 
2002   1.4   7.0   6.9   9.6  13.8  19.3  19.1  18.8  14.1  10.7   8.2   5.0 
2003 -99.0 -99.0 -99.0 -99.0 -99.0 -99.0 -99.0 -99.0 -99.0 -99.0 -99.0 -99.0 
2004 -99.0 -99.0 -99.0 -99.0 -99.0 -99.0 -99.0 -99.0 -99.0 -99.0 -99.0 -99.0 
2005 -99.0 -99.0 -99.0 -99.0 -99.0 -99.0 -99.0 -99.0 -99.0 -99.0 -99.0 -99.0 
2006 -99.0 -99.0 -99.0 -99.0 -99.0 -99.0 -99.0 -99.0 -99.0 -99.0 -99.0 -99.0 
2007 -99.0 -99.0 -99.0 -99.0 -99.0 -99.0 -99.0 -99.0 -99.0 -99.0 -99.0 -99.0 
