Number= 071900
Name= STRASBOURG
Country= FRANCE
Lat=   48.6
Long=   -7.6
Height= 151
Start year= 1801
End year= 2011
First Good year= 1801
Source ID= 10
Source file= Jones+Anders
Jones data to= 2001
Normals source= Data
Normals source start year= 1961
Normals source end year= 1990
Normals=   0.9   2.1   5.6   9.4  13.7  16.9  18.9  18.3  15.0  10.1   4.9   1.8 
Standard deviations source= Data
Standard deviations source start year= 1941
Standard deviations source end year= 1990
Standard deviations=   2.4   3.2   1.9   1.3   1.3   1.1   1.5   1.0   1.3   1.3   1.5   2.0 
Obs:
1801   3.3   3.3   7.9  10.4  15.2  16.5  19.1  18.7  17.4  11.7   6.6   4.5 
1802  -2.9   3.3   6.5   9.9  14.3  18.1  17.5  21.6  16.2  11.7   5.3   2.7 
1803  -2.2  -0.8   4.5  12.3  11.9  17.2  20.3  20.4  13.4   9.4   5.8   3.7 
1804   5.0   0.4   3.5   9.1  16.4  18.7  18.1  17.8  15.7  11.0   5.5  -0.4 
1805  -2.1   2.3   4.5   8.4  12.5  15.9  17.6  17.2  15.6   7.8   1.4   1.2 
1806   5.1   5.3   9.6   7.8  16.9  17.7  18.0  18.1  15.7   9.4   7.4   4.6 
1807  -0.2   4.2   2.7   8.8  16.4  16.7  21.8  22.8  12.5  11.8   6.3   0.3 
1808   1.0   0.6   1.2   7.9  17.3  16.2  20.6  19.8  14.6   8.0   5.1  -2.9 
1809   1.6   6.2   5.7   5.9  15.1  16.0  18.1  18.1  14.6   8.0   3.0   3.7 
1810  -4.2  -1.6   8.8   9.6  12.7  16.2  17.9  17.2  16.9  10.6   6.3   3.7 
1811  -2.9   4.5   7.7  12.1  18.7  19.9  20.6  18.3  15.0  13.7   6.9   2.3 
1812  -2.4   4.1   5.0   6.3  16.2  16.8  16.9  17.1  14.4  11.2   2.1  -5.0 
1813  -2.1   4.2   4.6  10.6  14.8  15.7  16.8  16.5  13.1  10.0   4.8   0.1 
1814  -2.1  -2.8   2.8  11.5  12.5  15.8  19.4  17.2  13.5   8.7   5.7   4.8 
1815  -3.3   5.2   7.9  10.3  15.9  17.0  17.2  17.0  15.0  10.5   2.4   0.3 
1816   1.0   0.5   4.9   9.1  12.3  14.9  16.0  15.7  14.1   9.1   2.4   1.7 
1817   3.9   5.4   5.1   5.9  13.3  18.5  17.3  16.5  16.4   6.7   6.8   1.3 
1818   2.6   3.0   5.9  11.0  13.4  18.8  19.8  17.8  14.0   8.9   7.4  -0.6 
1819   1.9   3.3   5.9  10.8  16.2  17.5  19.5  19.2  15.3   9.5   3.8   1.6 
1820  -2.3   1.9   3.2  11.4  14.5  14.9  18.2  19.6  12.9   8.7   1.8   1.0 
1821   1.3  -1.1   6.0  11.4  12.5  17.5  16.8  18.7  15.5   9.9   8.4   6.0 
1822   1.9   4.6   9.3  10.7  16.8  21.4  19.1  17.9  14.8  12.0   7.7  -1.9 
1823  -4.3   4.4   5.2   8.8  15.6  15.7  17.3  19.2  15.1   9.0   4.2   4.5 
1824   0.1   3.2   4.2   8.0  13.1  16.0  18.0  19.3  15.8  10.3   8.5   6.4 
1825   1.6   1.9   3.3  11.6  14.3  17.0  19.4  18.8  16.3   9.9   6.9   5.2 
1826  -6.3   3.6   6.3   9.6  12.5  18.2  20.7  20.9  16.0  11.5   4.4   2.7 
1827  -1.1  -4.8   6.8  11.4  15.6  18.5  20.2  18.3  16.3  10.8   2.9   5.5 
1828   3.2   2.9   6.2  10.2  14.6  18.3  19.6  17.0  15.4  10.1   4.1   3.8 
1829  -3.5   0.4   4.8  10.2  14.3  16.7  19.0  16.7  13.9   8.5   2.4  -4.8 
1830  -8.2  -1.2   8.5  11.1  15.0  16.4  19.8  18.2  13.3   9.0   6.5   1.4 
1831  -1.3   2.9   7.5  11.4  13.7  15.4  19.1  18.8  13.6  13.4   5.5   3.5 
1832  -0.6   0.9   4.8  10.3  13.4  16.4  19.9  17.9  13.9   9.7   4.3   2.4 
1833  -3.8   5.2   3.9   8.6  18.2  18.6  17.4  15.8  13.6   9.2   5.5   7.2 
1834   6.6   2.4   5.6   8.2  17.3  18.6  22.4  20.0  17.0  10.3   5.5   1.5 
1835   1.8   4.3   5.3   9.3  14.7  18.0  19.6  19.0  15.7   9.0   1.3  -3.9 
1836   0.2   2.4   9.2   9.3  11.1  18.0  19.6  18.6  13.3  10.6   5.4   3.6 
1837   0.5   2.7   2.1   6.6  11.7  18.7  17.6  19.8  12.9  10.1   5.1   1.8 
1838  -6.1  -0.4   5.3   6.9  14.8  17.1  18.5  16.5  15.6  10.1   6.3   1.7 
1839   0.8   3.0   4.2   7.2  13.7  19.7  19.6  17.0  15.0  11.8   8.7   4.4 
1840   1.6   1.8   2.4  12.2  14.7  16.3  17.8  19.1  14.5   8.3   7.4  -4.5 
1841   0.7   0.0   8.2  10.8  19.0  16.8  17.3  18.1  16.9  11.4   6.4   4.3 
1842 -99.0 -99.0 -99.0 -99.0 -99.0 -99.0 -99.0 -99.0 -99.0 -99.0 -99.0 -99.0 
1843 -99.0 -99.0 -99.0 -99.0 -99.0 -99.0 -99.0 -99.0 -99.0 -99.0 -99.0 -99.0 
1844 -99.0 -99.0 -99.0 -99.0 -99.0 -99.0 -99.0 -99.0 -99.0 -99.0 -99.0 -99.0 
1845  -0.6  -5.9  -2.6   9.5  12.2  18.2  19.8  17.0  15.0   9.5   5.8   3.7 
1846   1.3   4.7   7.6  10.2  14.6  21.7  22.4  21.8  18.2  10.6   3.9  -3.0 
1847  -1.3   0.0   3.8   6.8  17.5  16.5  21.6  20.1  13.7   9.1   4.6  -0.9 
1848  -6.7   4.1   6.2  11.2  16.0  18.2  19.8  19.5  14.4  10.3   3.4   1.6 
1849   1.2   3.9   3.8   7.9  15.0  19.7  20.1  17.8  15.5  10.1   1.8  -1.4 
1850  -5.6   4.2   1.6  10.5  13.8  19.9  20.0  18.0  13.3   7.6   6.4   0.5 
1851   1.5   0.6   4.2   9.4  10.0  17.9  17.5  18.0  11.8  10.5   1.4   0.0 
1852   3.7   2.9   2.5   7.5  14.4  15.8  21.2  17.4  14.0   8.7   9.5   6.3 
1853   4.5  -0.6   0.8   7.3  12.4  16.1  19.0  17.7  13.4   9.7   3.5  -4.9 
1854   0.2  -0.4   5.7  10.2  13.8  15.1  18.2  16.7  14.3   9.9   2.4   3.3 
1855  -4.2  -2.5   4.3   8.4  12.3  16.8  17.4  18.8  14.2  11.8   2.7  -2.4 
1856   1.4   3.5   3.5  10.6  11.8  17.7  17.2  20.1  13.4   9.9   1.2   2.0 
1857   0.2  -0.3   4.7   9.0  15.6  18.2  21.2  20.2  16.4  11.2   3.6   1.5 
1858  -3.2  -1.6   3.5  10.6  12.0  21.7  16.6  17.4  17.1   9.9  -0.9   1.9 
1859  -0.1   4.3   7.8   9.9  14.0  18.2  23.4  21.2  15.0  11.5   3.8  -0.3 
1860   3.2  -0.5   3.4   7.6  15.1  17.2  16.8  16.2  13.1   8.5   1.4   1.2 
1861  -4.4   4.8   6.1   8.7  12.9  18.5  18.7  20.2  14.6  11.9   5.6   1.3 
1862   0.6   2.6   7.8  12.5  16.0  16.5  18.9  17.8  15.6  11.7   4.5   2.8 
1863   3.4   2.7   5.7  11.2  15.2  17.4  18.4  20.2  13.0  10.9   5.5   3.7 
1864  -5.2   0.8   6.8   9.1  13.9  16.6  18.3  16.4  14.4   8.8   3.5  -3.3 
1865   1.8  -0.7   1.0  14.1  18.2  17.2  20.6  17.7  17.1  11.3   6.6  -0.5 
1866   4.7   5.3   5.5  11.8  12.3  19.9  18.8  16.4  15.5   8.3   5.7   4.3 
1867   0.1   6.3   4.6  10.1  14.2  16.9  16.6  18.4  15.0   8.4   2.7  -0.3 
1868  -0.6   4.4   4.8   9.3  18.2  18.6  19.9  18.5  15.9  10.2   2.7   7.6 
1869   0.3   6.4   2.1  11.7  14.6  14.3  19.4  15.9  15.7   7.2   4.8  -0.6 
1870   0.7  -1.6   3.8   9.7  14.5  17.5  20.6  15.9  12.3   9.4   5.0  -3.5 
1871  -3.5   3.6   6.2  10.3  12.2  14.8  19.5  18.8  16.2   7.0   1.7  -4.5 
1872   2.1   2.7   6.3  10.5  14.2  17.4  20.0  17.1  15.0  10.0   7.5   3.7 
1873   3.2   1.7   6.8   8.6  12.1  18.0  20.2  18.5  13.3  10.3   4.9   0.8 
1874   1.6   1.2   5.0  11.3  11.1  17.3  20.9  16.0  15.1   9.1   2.0   0.4 
1875   3.2  -1.4   3.5   9.1  15.4  18.4  18.0  18.9  14.8   8.4   4.8  -1.1 
1876  -2.7   3.3   6.2  10.2  11.3  17.6  19.4  18.8  13.1  11.6   3.6   5.1 
1877   3.9   5.1   4.1   8.9  12.1  19.6  18.3  18.6  11.7   7.6   7.1   2.2 
1878   0.5   3.0   5.0  10.1  15.2  17.0  17.9  18.0  14.6  10.3   3.6  -0.7 
1879   0.0   3.5   4.8   7.9  11.2  17.2  16.0  18.5  14.7   7.9   1.9  -9.6 
1880  -4.2   1.5   6.4  10.0  13.1  16.1  19.4  17.4  14.9   9.1   5.0   5.8 
1881  -3.2   2.5   5.9   8.5  13.3  17.1  20.0  17.9  12.9   5.7   6.7   1.1 
1882   0.0   1.3   6.8   9.4  13.9  15.9  17.4  16.6  13.7  10.3   6.1   3.0 
1883   1.2   4.0   1.3   9.4  15.1  18.2  18.6  18.1  15.2   9.9   6.3   2.3 
1884   4.2   3.5   6.6   8.8  15.1  15.4  20.6  19.4  15.3   9.4   3.7   3.1 
1885  -2.3   5.3   4.9  11.0  12.1  19.1  19.0  16.5  14.1   8.9   5.0   0.8 
1886   0.5  -0.5   3.1  11.3  13.8  15.5  18.4  18.2  16.1  10.4   5.8   2.0 
1887  -2.9  -0.5   1.8   8.4  10.8  16.9  19.7  16.7  12.3   5.7   2.9  -0.1 
1888  -2.3  -0.8   3.7   7.1  13.7  16.5  15.2  15.7  13.4   6.7   5.1  -0.8 
1889  -1.5  -0.5   2.1   8.3  15.2  18.1  17.3  16.3  12.4   8.7   3.3  -1.0 
1890   3.2  -1.6   5.1   8.8  14.8  16.0  16.9  17.7  14.2   7.7   5.3  -5.0 
1891  -3.9  -0.2   5.2   8.1  13.9  16.9  17.5  16.7  15.0  11.3   3.5   2.8 
1892  -1.0   2.1   2.5   9.5  14.6  16.9  18.1  18.9  15.2   8.4   5.4  -1.6 
1893  -5.9   4.0   6.6  12.0  14.3  17.9  18.6  18.1  14.4  10.8   3.8   0.9 
1894  -1.2   3.1   6.3  11.7  12.2  15.7  18.6  16.5  12.6   9.6   5.8   0.7 
1895  -3.7  -6.8   3.1  10.3  13.3  16.9  18.0  17.1  16.7   8.7   7.0   2.2 
1896  -0.1   0.3   7.9   7.3  12.8  17.5  18.0  15.4  14.1   9.4   2.9   0.7 
1897  -0.9   4.5   7.9   9.1  12.2  18.7  18.2  17.8  13.5   8.4   3.2   1.7 
1898 -99.0 -99.0 -99.0 -99.0 -99.0 -99.0 -99.0 -99.0 -99.0 -99.0 -99.0 -99.0 
1899 -99.0 -99.0 -99.0 -99.0 -99.0 -99.0 -99.0 -99.0 -99.0 -99.0 -99.0 -99.0 
1900 -99.0 -99.0 -99.0 -99.0 -99.0 -99.0 -99.0 -99.0 -99.0 -99.0 -99.0 -99.0 
1901 -99.0 -99.0 -99.0 -99.0 -99.0 -99.0 -99.0 -99.0 -99.0 -99.0 -99.0 -99.0 
1902 -99.0 -99.0 -99.0 -99.0 -99.0 -99.0 -99.0 -99.0 -99.0 -99.0 -99.0 -99.0 
1903 -99.0 -99.0 -99.0 -99.0 -99.0 -99.0 -99.0 -99.0 -99.0 -99.0 -99.0 -99.0 
1904 -99.0 -99.0 -99.0 -99.0 -99.0 -99.0 -99.0 -99.0 -99.0 -99.0 -99.0 -99.0 
1905 -99.0 -99.0 -99.0 -99.0 -99.0 -99.0 -99.0 -99.0 -99.0 -99.0 -99.0 -99.0 
1906 -99.0 -99.0 -99.0 -99.0 -99.0 -99.0 -99.0 -99.0 -99.0 -99.0 -99.0 -99.0 
1907 -99.0 -99.0 -99.0 -99.0 -99.0 -99.0 -99.0 -99.0 -99.0 -99.0 -99.0 -99.0 
1908 -99.0 -99.0 -99.0 -99.0 -99.0 -99.0 -99.0 -99.0 -99.0 -99.0 -99.0 -99.0 
1909 -99.0 -99.0 -99.0 -99.0 -99.0 -99.0 -99.0 -99.0 -99.0 -99.0 -99.0 -99.0 
1910 -99.0 -99.0 -99.0 -99.0 -99.0 -99.0 -99.0 -99.0 -99.0 -99.0 -99.0 -99.0 
1911 -99.0 -99.0 -99.0 -99.0 -99.0 -99.0 -99.0 -99.0 -99.0 -99.0 -99.0 -99.0 
1912 -99.0 -99.0 -99.0 -99.0 -99.0 -99.0 -99.0 -99.0 -99.0 -99.0 -99.0 -99.0 
1913 -99.0 -99.0 -99.0 -99.0 -99.0 -99.0 -99.0 -99.0 -99.0 -99.0 -99.0 -99.0 
1914 -99.0 -99.0 -99.0 -99.0 -99.0 -99.0 -99.0 -99.0 -99.0 -99.0 -99.0 -99.0 
1915 -99.0 -99.0 -99.0 -99.0 -99.0 -99.0 -99.0 -99.0 -99.0 -99.0 -99.0 -99.0 
1916 -99.0 -99.0 -99.0 -99.0 -99.0 -99.0 -99.0 -99.0 -99.0 -99.0 -99.0 -99.0 
1917 -99.0 -99.0 -99.0 -99.0 -99.0 -99.0 -99.0 -99.0 -99.0 -99.0 -99.0 -99.0 
1918 -99.0 -99.0 -99.0 -99.0 -99.0 -99.0 -99.0 -99.0 -99.0 -99.0 -99.0 -99.0 
1919 -99.0 -99.0 -99.0 -99.0 -99.0 -99.0 -99.0 -99.0 -99.0 -99.0 -99.0 -99.0 
1920 -99.0 -99.0 -99.0 -99.0 -99.0 -99.0 -99.0 -99.0 -99.0 -99.0 -99.0 -99.0 
1921 -99.0 -99.0 -99.0 -99.0 -99.0 -99.0 -99.0 -99.0 -99.0 -99.0 -99.0 -99.0 
1922 -99.0 -99.0 -99.0 -99.0 -99.0 -99.0 -99.0 -99.0 -99.0 -99.0 -99.0 -99.0 
1923 -99.0 -99.0 -99.0 -99.0 -99.0 -99.0 -99.0 -99.0 -99.0 -99.0 -99.0 -99.0 
1924 -99.0 -99.0 -99.0 -99.0 -99.0 -99.0 -99.0 -99.0 -99.0 -99.0 -99.0 -99.0 
1925 -99.0 -99.0 -99.0 -99.0 -99.0 -99.0 -99.0 -99.0 -99.0 -99.0 -99.0 -99.0 
1926 -99.0 -99.0 -99.0 -99.0 -99.0 -99.0 -99.0 -99.0 -99.0 -99.0 -99.0 -99.0 
1927 -99.0 -99.0 -99.0 -99.0 -99.0 -99.0 -99.0 -99.0 -99.0 -99.0 -99.0 -99.0 
1928 -99.0 -99.0 -99.0 -99.0 -99.0 -99.0 -99.0 -99.0 -99.0 -99.0 -99.0 -99.0 
1929 -99.0 -99.0 -99.0 -99.0 -99.0 -99.0 -99.0 -99.0 -99.0 -99.0 -99.0 -99.0 
1930 -99.0 -99.0 -99.0 -99.0 -99.0 -99.0 -99.0 -99.0 -99.0 -99.0 -99.0 -99.0 
1931 -99.0 -99.0 -99.0 -99.0 -99.0 -99.0 -99.0 -99.0 -99.0 -99.0 -99.0 -99.0 
1932 -99.0 -99.0 -99.0 -99.0 -99.0 -99.0 -99.0 -99.0 -99.0 -99.0 -99.0 -99.0 
1933 -99.0 -99.0 -99.0 -99.0 -99.0 -99.0 -99.0 -99.0 -99.0 -99.0 -99.0 -99.0 
1934 -99.0 -99.0 -99.0 -99.0 -99.0 -99.0 -99.0 -99.0 -99.0 -99.0 -99.0 -99.0 
1935 -99.0 -99.0 -99.0 -99.0 -99.0 -99.0 -99.0 -99.0 -99.0 -99.0 -99.0 -99.0 
1936 -99.0 -99.0 -99.0 -99.0 -99.0 -99.0 -99.0 -99.0 -99.0 -99.0 -99.0 -99.0 
1937 -99.0 -99.0 -99.0 -99.0 -99.0 -99.0 -99.0 -99.0 -99.0 -99.0 -99.0 -99.0 
1938 -99.0 -99.0 -99.0 -99.0 -99.0 -99.0 -99.0 -99.0 -99.0 -99.0 -99.0 -99.0 
1939 -99.0 -99.0 -99.0 -99.0 -99.0 -99.0 -99.0 -99.0 -99.0 -99.0 -99.0 -99.0 
1940 -99.0 -99.0 -99.0 -99.0 -99.0 -99.0 -99.0 -99.0 -99.0 -99.0 -99.0 -99.0 
1941 -99.0 -99.0 -99.0 -99.0 -99.0 -99.0 -99.0 -99.0 -99.0 -99.0 -99.0 -99.0 
1942 -99.0 -99.0 -99.0 -99.0 -99.0 -99.0 -99.0 -99.0 -99.0 -99.0 -99.0 -99.0 
1943 -99.0 -99.0 -99.0 -99.0 -99.0 -99.0 -99.0 -99.0 -99.0 -99.0 -99.0 -99.0 
1944 -99.0 -99.0 -99.0 -99.0 -99.0 -99.0 -99.0 -99.0 -99.0 -99.0 -99.0 -99.0 
1945 -99.0 -99.0 -99.0 -99.0 -99.0 -99.0 -99.0 -99.0 -99.0 -99.0 -99.0 -99.0 
1946 -99.0 -99.0 -99.0 -99.0 -99.0 -99.0 -99.0 -99.0 -99.0 -99.0 -99.0 -99.0 
1947 -99.0 -99.0 -99.0 -99.0 -99.0 -99.0 -99.0 -99.0 -99.0 -99.0 -99.0 -99.0 
1948 -99.0 -99.0 -99.0 -99.0 -99.0 -99.0 -99.0 -99.0 -99.0 -99.0 -99.0 -99.0 
1949 -99.0 -99.0 -99.0 -99.0 -99.0 -99.0 -99.0 -99.0 -99.0 -99.0 -99.0 -99.0 
1950 -99.0 -99.0 -99.0 -99.0 -99.0 -99.0 -99.0 -99.0 -99.0 -99.0 -99.0 -99.0 
1951   3.6   4.0   4.6   9.0  13.1  16.6  18.6  18.1  15.7   8.3   7.1   1.3 
1952   1.7   0.8   6.2  11.8  14.4  18.0  21.3  19.8  12.4   9.0   3.9   1.5 
1953  -0.7   1.4   6.6  10.9  15.6  16.5  18.8  18.2  15.1  10.6   4.3   3.0 
1954  -1.5  -1.0   6.9   7.8  13.1  17.5  16.7  16.9  15.4  10.8   5.4   4.5 
1955   0.2   1.2   3.4   9.4  12.8  16.6  18.6  17.9  14.5   8.4   3.2   3.9 
1956   2.5  -9.4   4.9   8.0  14.4  15.0  18.2  16.2  15.6   9.3   3.5   2.9 
1957   0.0   6.3   9.2   9.8  11.7  17.8  19.5  17.0  14.4   9.6   5.4   1.1 
1958   1.2   4.8   2.2   7.2  15.3  16.4  19.0  18.9  16.2   9.7   5.3   3.7 
1959   1.1   0.3   8.1  10.8  14.5  17.7  21.8  18.9  16.3   9.5   3.8   3.9 
1960   1.1   3.1   7.1   9.9  14.4  18.0  16.4  17.7  13.3   9.9   7.5   1.9 
1961   1.2   5.9   7.7  12.4  12.5  16.8  17.2  17.7  18.2  11.2   4.1   1.5 
1962   3.0   1.5   2.1  10.0  11.6  16.4  17.6  18.9  14.5   9.6   2.0  -2.7 
1963  -5.4  -5.0   4.5  10.6  13.1  16.8  19.6  17.5  15.4   8.9   8.5  -2.5 
1964  -2.4   2.9   3.1  10.5  15.5  18.3  20.8  18.0  15.4   8.4   6.3   1.3 
1965   2.3  -0.6   4.9   8.7  13.0  16.9  17.0  16.8  13.2   8.2   3.8   4.7 
1966  -1.8   6.9   5.1  11.1  14.5  17.8  16.8  16.7  15.2  12.9   2.3   3.5 
1967   1.0   4.1   7.2   8.6  13.5  16.1  20.1  17.8  14.6  12.5   4.3   0.7 
1968   0.8   3.0   6.0  10.4  12.6  17.0  17.9  17.5  14.5  11.4   4.1   0.0 
1969   1.4  -0.3   4.2   8.8  14.6  15.3  20.1  18.0  15.3   9.5   6.1  -2.6 
1970  -0.5   2.4   3.4   7.9  13.0  18.1  17.7  18.6  14.9   9.8   6.8   0.2 
1971  -2.1   2.5   2.6  11.4  15.8  15.7  20.2  19.3  13.7  10.1   4.2   2.8 
1972   0.0   3.0   6.8   9.3  12.7  15.4  19.0  17.5  11.9   7.8   5.2   0.2 
1973  -0.2   2.2   5.1   7.6  14.8  18.0  18.8  19.9  16.3   8.8   4.6   1.2 
1974   4.8   5.1   7.8  10.2  13.3  16.3  18.0  19.3  14.8   6.3   6.1   5.9 
1975   4.9   2.6   5.2   9.2  13.1  16.2  19.5  19.8  16.6   8.4   4.9   0.4 
1976   2.8   1.3   3.8   9.2  15.0  20.1  21.3  17.9  13.8  10.9   5.7   0.2 
1977   2.5   6.0   8.3   7.5  13.0  16.4  18.5  17.6  13.7  10.9   6.4   2.4 
1978   2.1   0.5   7.0   9.1  12.7  15.9  17.7  16.7  14.2   9.6   3.9   2.6 
1979   2.3   2.1   6.7   8.4  13.3  17.8  18.3  16.6  14.9  10.5   5.2   5.2 
1980  -0.3   4.0   6.0   8.0  12.6  15.8  16.6  18.7  15.7   9.3   3.7   1.1 
1981   0.4   0.9   9.4  10.4  14.0  16.8  18.4  18.5  15.5  10.0   6.0   0.9 
1982  -1.1   1.2   5.8   8.6  14.1  17.9  20.7  18.3  17.1  10.5   7.1   4.2 
1983   4.8   0.9   6.3  10.2  12.1  18.2  22.8  20.2  15.7  10.4   3.8   1.7 
1984   2.9   1.6   3.7   8.6  11.2  15.8  18.4  18.6  14.1  11.3   6.3   2.2 
1985  -4.0  -0.8   5.1  10.1  14.3  15.6  19.9  18.2  16.0   9.3   2.1   4.4 
1986   2.6  -5.3   4.6   7.8  15.6  18.2  18.8  18.1  13.4  10.5   6.3   3.0 
1987  -3.8   1.1   3.1  10.6  11.4  15.8  18.9  18.2  17.8  10.7   5.8   2.6 
1988   4.9   3.6   5.5  10.2  15.6  17.3  18.6  19.3  14.8  11.3   3.3   4.6 
1989   2.2   3.8   9.1   8.5  16.2  17.0  19.8  19.3  15.5  11.1   2.6   2.4 
1990   2.4   7.2   8.3   8.6  15.9  16.5  19.0  20.1  13.8  11.4   5.6   1.7 
1991   2.5  -0.9   8.0   9.0  11.9  15.7  21.3  20.7  16.9   9.7   5.1   0.9 
1992   1.1   3.5   7.0  10.2  16.6  18.0  20.6  21.5  14.8   8.4   7.4   2.5 
1993   4.7   0.5   5.8  12.4  15.7  17.9  18.7  18.6  14.1   9.1   1.8   5.6 
1994   3.8   2.7   9.8   9.3  14.4  18.6  22.7  19.7  15.1   9.4   9.1   5.6 
1995   2.3   6.6   5.2  10.5  14.3  16.3  21.8  19.2  13.3  13.2   4.4   0.9 
1996  -0.4   0.7   3.9  10.4  12.9  18.2  18.3  18.6  12.7  10.6   5.9  -0.3 
1997  -2.7   5.7   8.6   9.3  15.1  17.2  18.6  21.1  15.5   9.6   4.7   3.6 
1998   3.3   3.6   7.4  10.1  16.3  18.5  18.9  19.2  14.9  10.9   3.0   2.5 
1999   4.0   1.8   7.1  10.9  16.3  17.4  20.8  19.1  18.0  10.1   4.1   3.6 
2000   2.6   5.5   7.5  11.6  16.5  19.3  17.4  20.0  16.1  12.0   7.2   5.3 
2001   3.1   4.7   8.0   8.9  17.1  16.8  20.4  20.8  13.2  13.9   4.1   1.5 
2002   1.1   7.1   7.6  10.5  14.8  20.1  19.2  19.4  14.3  10.9   8.0   4.3 
2003   1.0   0.2   8.3  11.0  16.2  22.6  21.0  23.9  15.9   8.1   6.7   2.6 
2004   2.2   4.1   5.9  11.5  14.1  18.1  19.3  20.0  16.3  11.8   5.6   1.3 
2005   2.9   0.7   6.3  11.2  15.4  20.1  20.0  17.7  16.9  11.8   4.8   1.8 
2006  -1.0   1.4   4.6  10.2  15.3  19.4  24.2  16.8  18.1  13.3   8.1   4.4 
2007   6.0   5.9   7.3  14.7  16.8  19.2  18.8  18.5  13.9  10.4   4.7   1.8 
2008   4.3   4.6   6.4   9.4  17.2  18.9  19.9  18.9  13.7  10.6   6.0   1.9 
2009  -1.7   2.2   6.2  13.4  16.7  18.2  19.9  20.7  16.4  10.3   8.5   2.6 
2010  -0.8   2.5   6.2  11.4  12.9  19.0  21.5  18.6  14.1   9.1   6.9  -1.0 
2011   2.5   3.8   7.9  14.1  16.7 -99.0 -99.0 -99.0 -99.0 -99.0 -99.0 -99.0 
