Number= 074700
Name= LE PUY
Country= FRANCE
Lat=   45.0
Long=   -3.9
Height= 714
Start year= 1856
End year= 1868
First Good year= 1856
Source ID= 10
Source file= Jones
Jones data to= 1868
Normals= -99.0 -99.0 -99.0 -99.0 -99.0 -99.0 -99.0 -99.0 -99.0 -99.0 -99.0 -99.0 
Obs:
1856   4.2   2.7   7.1   9.7 -99.0  15.6  17.9  19.8  13.3   9.9   3.7   2.7 
1857  -0.1   1.2   5.4   7.8  10.6  16.9  21.0  22.5  17.5  12.6   7.7   2.6 
1858  -2.4   4.1   3.6  12.1  11.4  18.2  17.0  16.9  16.9  10.3   4.6   1.1 
1859   0.2   2.3   7.0   9.1  14.6  17.3  25.9  20.8  15.1  11.1   3.7  -0.1 
1860   4.4  -0.7   4.3   7.2  13.8  17.0  17.4  17.4  13.9  10.3   5.8   2.5 
1861  -0.7   4.6   6.3   9.1  12.8  18.0  17.4  20.7  15.9  12.9   5.8   2.1 
1862   2.0   3.2   8.0  12.1  16.2  17.8  20.4  18.3  14.6  12.3   4.9   2.9 
1863 -99.0   2.5   4.9  10.1  13.5  18.9  21.9  21.0  12.9  11.8   5.3   1.6 
1864   1.1   0.8   6.9  10.2  14.6  15.5  18.4  16.6  14.3   9.5   3.4  -0.9 
1865   2.8   1.4   5.4  13.0  16.2  18.3  19.8  17.5  17.2  10.5   5.5  10.0 
1866   4.4   6.2   5.5  11.2  12.9  18.3  19.2  16.4 -99.0   9.9   4.1   4.1 
1867   1.0   6.1   6.2   9.4  13.9  16.7  17.7 -99.0  15.5   8.6   3.2 -99.0 
1868  -1.7   2.7   4.6   8.3  17.0  16.8  19.9  19.0  18.2   9.2   3.4   7.8 
