Number= 076500
Name= MARSEILLE/MARIGNANE
Country= FRANCE
Lat=   43.5
Long=   -5.2
Height= 5
Start year= 1838
End year= 2011
First Good year= 1838
Source ID= 10
Source file= Jones+Anders
Jones data to= 2001
Normals source= Data
Normals source start year= 1961
Normals source end year= 1990
Normals=   6.3   7.6   9.9  13.0  17.0  20.7  23.6  22.9  19.9  15.6  10.4   7.0 
Standard deviations source= Data
Standard deviations source start year= 1941
Standard deviations source end year= 1990
Standard deviations=   1.8   2.3   1.3   1.0   1.2   1.1   1.2   1.1   1.2   1.3   1.3   1.7 
Obs:
1838   5.2   6.9   9.9  10.2  15.4  19.2  21.3  20.2  18.5  14.8  12.6   6.8 
1839 -99.0 -99.0 -99.0 -99.0 -99.0 -99.0 -99.0 -99.0 -99.0 -99.0 -99.0 -99.0 
1840 -99.0 -99.0 -99.0 -99.0 -99.0 -99.0 -99.0 -99.0 -99.0 -99.0 -99.0 -99.0 
1841   5.5   8.9  10.9  12.1  18.6  19.6  20.9  20.5  19.8  15.7  11.0   8.8 
1842 -99.0 -99.0 -99.0 -99.0 -99.0 -99.0 -99.0 -99.0 -99.0 -99.0 -99.0 -99.0 
1843 -99.0 -99.0 -99.0 -99.0 -99.0 -99.0 -99.0 -99.0 -99.0 -99.0 -99.0 -99.0 
1844 -99.0 -99.0 -99.0 -99.0 -99.0 -99.0 -99.0 -99.0 -99.0 -99.0 -99.0 -99.0 
1845 -99.0 -99.0 -99.0 -99.0 -99.0 -99.0 -99.0 -99.0 -99.0 -99.0 -99.0 -99.0 
1846 -99.0 -99.0 -99.0 -99.0 -99.0 -99.0 -99.0 -99.0 -99.0 -99.0 -99.0 -99.0 
1847   9.2   6.3   8.8  12.2  18.7  19.5  23.6  22.4  17.9  16.2  11.4   8.0 
1848   3.4   9.3  10.2  14.4  17.7  20.3  22.8  22.1  19.5  16.1   8.2   9.1 
1849   8.4   9.8   9.3  11.2  17.4  22.8  23.4  22.5  20.7  17.2   9.9   5.9 
1850   4.0  10.4   9.4  14.7  15.0  22.4  21.7  21.8  18.2  12.8   9.7   7.5 
1851   8.4   7.7   8.4  13.4  14.7  20.9  21.2  22.0  17.6  15.2   5.6   5.4 
1852   8.2   6.9   8.8  12.9  17.2  19.6  23.5  21.9  19.5  14.8  13.6  11.0 
1853   9.5   4.8   6.0  12.1  16.1  18.5  22.7  23.1  18.5  15.3  11.0   5.5 
1854   8.0   5.7  10.3  13.2  16.6  19.5  22.6  22.2  20.1  15.6   8.5   6.7 
1855   4.7   8.7   8.7  13.1  15.1  19.1  22.6  23.0  20.7  16.9   9.9   5.5 
1856   9.7   8.3  10.2  13.7  14.8  19.8  22.4  24.2  18.5  15.9   8.2   6.9 
1857   4.0   7.6   9.5  11.7  15.5  20.0  22.9  21.9  20.6  16.0  11.8   8.5 
1858   4.2   7.8   8.7  14.8  15.5  22.1  21.2  21.1  19.8  15.5   9.2   7.8 
1859   6.4   7.9  11.0  13.3  16.7  19.9  25.5  25.1  19.3  16.4  10.6   4.8 
1860   9.0   3.9   8.0  11.0  17.0  19.4  21.3  20.7  19.0  14.9  10.4   7.4 
1861   6.9   9.6  10.5  13.2  16.6  21.2  22.1  23.3  19.6  17.6  10.9   8.7 
1862   6.6   7.9  12.0  14.3  18.5  20.3  22.9  21.4  19.2  15.8   9.7   7.7 
1863   8.1   7.6   8.9  14.4  16.6  20.5  24.4  23.0  18.5  16.6  11.0   7.8 
1864   5.1   5.9  11.1  13.2  18.0  20.7  23.5  22.1  19.3  14.7  10.3   7.1 
1865   7.3   5.0   5.6  14.3  18.8  22.0  23.3  22.5  21.9  15.8  11.0   7.8 
1866   8.7  10.6   9.5  13.4  16.3  21.7  22.7  21.1  19.1  15.1  10.0  10.4 
1867   7.1  10.8  11.6  14.1  17.4  20.5  21.7  22.2  20.5  14.2   9.7   4.9 
1868   4.7   8.6   9.5  12.9  18.8  21.4  22.3  22.1  20.5  14.8   8.4  11.4 
1869   7.2  10.7   6.6  12.7  17.6  18.5  22.3  20.7  20.3  13.3   9.4   6.5 
1870   6.1   8.2   8.6  12.8  17.3  20.9  22.9  20.6  18.9  15.4  10.3   3.5 
1871   3.0   8.9  10.5  14.4  16.4  17.3  21.6  21.8  21.1  15.1   8.4   3.6 
1872   7.7  10.2  11.0  13.5  16.1  19.1  22.7  21.2  19.8  15.1  11.6  10.0 
1873   9.2   7.0  12.0  11.9  15.7  19.4  23.3  23.1  18.3  15.7  11.1   7.7 
1874   7.4   6.9  10.0  12.7  14.6  20.9  22.4  20.9  19.8  15.5   9.8   4.7 
1875   8.8   5.2   8.9  11.6  18.2  20.4  20.9  22.6  21.0  14.5   9.6   5.2 
1876   7.5   8.4  10.2  12.4  14.9  19.3  23.0  22.6  18.1  18.0  10.8  10.9 
1877   8.8   8.6   8.9  13.6  15.2  21.7  23.1  23.8  18.8  13.9  12.2   7.1 
1878   5.9   8.7  10.0  13.8  16.8  20.1  22.6  23.1  19.8  16.2   8.4   4.7 
1879   7.5   7.8  10.5  11.3  13.5  19.9  20.2  23.3  19.5  15.1   9.7   3.9 
1880   6.0   9.4  11.4  13.6  15.2  18.3  23.1  21.2  20.0  17.0  11.4  10.6 
1881   6.2  10.0  11.5  14.0  16.0  19.3  23.0  23.0  17.8  12.8  12.3   7.8 
1882   9.1   8.5  11.6  13.5  17.0  19.8  21.1  21.3  17.1  14.6  10.2   8.7 
1883   7.7  10.1   7.2  11.9  15.9  19.0  21.2  21.0  18.6  14.5  11.1   7.1 
1884   8.3  10.7  11.3  13.0  17.2  17.3  22.4  21.9  19.6  13.1   9.0   7.4 
1885   5.9  10.0  10.7  12.3  15.6  19.9  23.7  23.1  18.8  13.0  11.5   8.1 
1886   6.1   7.5   9.6  13.3  16.7  18.6  21.8  21.0  20.5  16.6  11.1   7.1 
1887   5.4   6.9   9.7  11.6  14.8  20.2  23.1  21.8  17.9  10.6   9.6   5.6 
1888   5.8   4.5   8.1  11.6  17.3  19.6  20.0  20.0  19.5  13.0  11.6   9.7 
1889   6.9   5.8   8.1  11.5  16.3  21.0  21.6  20.7  18.4  14.9  10.5   5.0 
1890   9.3   7.5   9.7  12.5  16.4  19.2  20.0  21.3  17.9  12.8   8.9   6.4 
1891   3.6   7.4   9.3  11.7  15.5  18.9  21.8  20.6  19.6  17.1  11.5   9.2 
1892   7.8   8.5   8.2  13.2  16.5  20.2  22.2  22.1  19.7  14.8  12.4   6.2 
1893   3.0   9.3  11.4  14.8  16.7  20.2  22.7  22.5  20.6  16.3  10.1   7.6 
1894   6.2   8.2   9.9  13.8  15.7  19.3  22.9  22.0  18.8  15.2  12.7   6.9 
1895   3.6   5.1   9.1  14.2  16.2  20.1  23.0  22.0  21.6  15.0  14.1   8.3 
1896   6.1   7.4  12.3  12.0  15.5  19.8  22.9  19.2  18.4  13.6   9.0   7.0 
1897   7.3   9.6  11.6  13.0  15.4  21.1  23.9  21.9  17.9  13.7  11.9   8.4 
1898   9.4   7.5   9.6  12.9  15.8  19.3  21.9  22.1  20.3  16.4  14.0   8.3 
1899   9.2  10.5  10.4  13.1  16.7  19.6  22.1  23.1  16.4  17.5  11.7   6.5 
1900   7.8   9.9   7.6  12.5  16.4  20.5  22.2  21.2  21.2  15.7  10.6   8.8 
1901   6.9   3.8   8.4  13.6  16.0  21.3  22.5  21.6  19.2  14.6   8.8   6.4 
1902   7.3   8.1  11.4  14.9  13.8  18.6  22.3  22.1  18.8  14.2  10.7   8.2 
1903   7.5   8.8  10.6  10.9  16.7  18.7  21.6  21.8  19.3  15.9  10.3   7.5 
1904   7.3   8.3  10.1  14.8  17.5  21.3  24.6  23.1  17.8  14.8   9.2   8.1 
1905   5.1   6.5  10.5  13.6  15.0  20.4  24.9  22.3  19.1  11.0   9.9   7.3 
1906   6.9   5.6   8.7  12.2  16.0  20.7  22.1  22.9  15.6  16.6  11.1   5.3 
1907   5.4   5.2   9.4  11.7  15.8  19.4  21.0  22.6  20.4  15.8  12.8  10.4 
1908   6.8   7.4   9.0  11.7  18.3  20.3  22.1  21.1  18.2  16.0  11.1   8.2 
1909   5.7   4.9   8.3  13.8  16.2  17.8  20.4  21.7  17.9  16.3   8.7   9.2 
1910   7.0   7.8  10.1  12.0  14.8  19.8  20.4  21.4  17.4  15.5   9.7   8.9 
1911   5.3   7.8  10.3  11.5  16.6  19.9  24.4  25.0  20.8  15.7  12.6  10.1 
1912   8.8  10.5  12.2  12.0  17.0  19.3  21.6  19.8  15.8  14.5   7.5   8.0 
1913   9.7   8.4  11.1  11.7  16.3  20.4  20.3  21.6  19.0  16.8  12.6   6.9 
1914   3.5   9.5  10.1  14.4  15.3  18.3  21.0  21.0  18.5  14.2  10.2   9.0 
1915   5.8   7.2   9.5  11.7  17.8  21.3  21.5  21.4  17.9  13.0   9.0   9.7 
1916   8.6   8.5  10.0  13.4  17.4  19.2  22.0  22.4  18.0  14.3  11.3   8.5 
1917   4.9   6.9   8.3  11.0  18.1  20.9  22.6  21.5  20.5  13.0   9.3   5.6 
1918   7.6   8.0   9.7  11.9  16.7  18.9  22.3  21.8  20.4  13.0  11.8   9.5 
1919   6.4   7.7  10.1  12.0  16.7  20.6  20.1  22.8  20.2  12.4   8.3   8.7 
1920   8.3  10.0  11.3  13.7  19.7  20.1  22.1  21.2  19.3  15.5  11.3   7.0 
1921   8.0   7.0   9.6  11.9  17.2  20.3  23.8  22.5  21.4  18.0  10.1   6.8 
1922   6.8   8.0  10.9  11.9  18.5  20.8  21.0  23.3  17.3  14.7   8.3   6.3 
1923   4.7   9.1  10.2  13.3  15.9  17.7  25.1  24.4  19.5  17.4  11.0   6.2 
1924   6.7   4.9  10.1  13.3  18.5  20.3  24.0  20.0  19.5  15.1  12.2   8.4 
1925   8.0   8.0   6.8  12.8  16.4  21.6  22.3  22.1  18.0  15.7   9.1   6.7 
1926   6.3  11.1  11.0  13.6  15.0  19.0  22.6  22.8  21.7  17.4  13.0   5.1 
1927   6.4   7.2  10.3  13.1  17.5  20.5  23.0  22.3  19.2  14.9  11.1   8.0 
1928   7.0   8.6  10.5  12.7  14.6  19.7  24.6  23.5  20.4  15.1  10.8   6.0 
1929   3.4   3.2   9.1  11.7  16.1  21.1  23.3  22.3  21.8  15.4  10.1   8.1 
1930   9.2   7.0  10.7  12.4  15.4  21.4  22.3  22.0  20.5  15.5  11.9   7.2 
1931   5.7   5.0  10.3  12.0  17.1  21.8  22.5  21.8  16.1  14.8  11.4   4.6 
1932   7.4   3.4   9.2  11.0  15.2  18.3  19.8  24.0  21.7  14.8  11.5  11.0 
1933   4.9   6.4  10.9  12.8  16.6  18.3  22.9  23.6  21.2  20.9   9.2   3.8 
1934   5.2   5.5   9.5  12.5  17.2  20.3  23.6  21.5  19.5  14.4   9.3  10.1 
1935   3.8   7.6   9.3  12.5  14.6  20.4  23.8  20.8  20.2  14.3  11.4   6.8 
1936   9.4   8.3  10.6  11.9  15.6  19.6  22.4  22.5  20.5  11.2  10.9   7.6 
1937   9.0   9.8   9.4  12.9  17.0  21.4  24.0  23.3  19.8  15.8  10.3   5.4 
1938   5.1   6.1  10.4  11.0  15.1  20.4  22.7  22.3  19.2  15.3  12.8   6.9 
1939   8.0   7.6   7.9  12.9  14.5  19.6  21.8  22.0  19.0  15.5  12.2   6.7 
1940   3.0   7.8  10.2  12.7  16.8  19.4  21.5  21.6  19.6  14.6  10.6   2.2 
1941   3.8   7.5  10.5  11.2  14.2  19.6  23.5  21.2  18.3  14.1  10.1   4.9 
1942   2.4   3.4  12.0  14.1  17.1  21.6  22.8  23.1  21.5  17.3   9.0   7.7 
1943   8.0   8.6  11.6  14.9  18.1  21.1 -99.0 -99.0 -99.0 -99.0 -99.0 -99.0 
1944 -99.0 -99.0 -99.0 -99.0 -99.0 -99.0 -99.0 -99.0 -99.0 -99.0 -99.0 -99.0 
1945 -99.0 -99.0 -99.0 -99.0 -99.0 -99.0 -99.0 -99.0  20.3  15.9   9.6   7.5 
1946   6.0   8.8   9.4  14.6  16.5  19.5  23.2  23.0  20.3  15.4   9.9   4.6 
1947   3.4   6.9  11.0  13.1  18.2  22.0  24.4  24.1  20.6  16.3  11.6   5.1 
1948   8.0   8.0  11.4  13.3  17.4  20.0  21.1  22.6  18.7  15.3  10.4   8.8 
1949   6.8   4.5   7.9  14.1  15.9  20.0  23.8  18.5  23.3  17.0   8.7   8.0 
1950   5.5   8.8   9.5  11.2  17.1  22.3  25.6  23.5  19.1  15.0  10.5   4.2 
1951   7.1   7.8   9.3  12.9  15.1  20.7  23.0  22.5  20.5  14.5  12.1   7.5 
1952   4.4   4.8  11.8  14.1  17.3  23.3  25.4  23.4  18.8  15.2   9.3   6.6 
1953   2.3   4.1   9.1  13.4  18.5  19.7  23.3  23.2  20.3  15.9  10.0  10.8 
1954   4.0   5.3  10.4  11.7  15.5  21.3  21.9  21.3  20.2  14.7  11.5   8.2 
1955   9.2   7.8   8.5  13.4  16.9  20.5  23.8  22.7  19.2  13.8  10.4   8.6 
1956   7.4  -1.2   9.5  11.8  17.5  19.0  22.4  22.8  20.8  13.7   8.1   6.3 
1957   4.9   9.7  11.4  12.7  15.3  19.8  23.3  22.1  18.9  14.7  10.2   7.2 
1958   6.2   8.4   8.4  11.4  18.0  20.2  22.4  23.2  21.4  15.2   9.8   8.8 
1959   6.3   8.4  12.3  13.0  17.1  21.0  25.0  22.8  20.0  15.3   9.5   8.7 
1960   5.1   8.4  11.2  12.9  18.2  22.1  22.6  21.8  18.1  15.1  11.1   6.2 
1961   5.7   9.8  10.7  15.5  16.8  21.3  23.2  22.5  22.2  16.3  10.5   8.1 
1962   8.6   6.4   7.8  13.1  16.0  20.3  23.3  23.6  19.8  16.0   8.4   3.9 
1963   3.4   3.9  10.0  13.5  16.8  20.5  24.6  21.4  19.1  15.1  13.6   6.1 
1964   5.1   8.4  10.0  13.7  18.9  22.2  24.5  22.7  20.8  13.7  10.5   7.0 
1965   6.5   3.9  10.0  13.2  17.3  20.8  22.2  22.0  18.0  17.3  11.2   8.0 
1966   6.1  10.4   9.5  14.0  17.1  21.6  21.6  21.5  20.3  17.3   8.1   7.2 
1967   6.1   8.2  11.5  13.4  17.3  19.9  25.0  23.6  19.4  17.4  12.3   4.2 
1968   4.9   8.9  10.5  14.0  16.8  20.4  23.2  21.6  19.2  16.9  10.6   7.3 
1969   6.7   5.4  10.2  13.2  17.1  18.7  23.0  22.8  19.6  16.5  10.7   3.2 
1970   7.9   7.4   8.0  11.7  16.5  22.2  23.2  23.1  21.0  15.1  12.1   5.7 
1971   5.6   6.9   6.8  14.4  17.7  20.4  24.3  25.2  20.4  16.4   8.4   8.2 
1972   7.3  10.0  11.4  12.7  16.2  19.2  22.9  20.9  17.6  15.3  12.0   8.5 
1973   6.3   5.9   8.7  11.2  18.1  21.8  24.1  24.8  21.0  14.0  10.4   6.5 
1974   8.8   8.4  11.1  12.4  17.0  20.5  23.1  23.6  19.0  10.5  10.5   8.7 
1975   8.5   8.5   9.2  12.8  16.6  20.1  24.0  23.8  20.6  13.9  10.4   6.6 
1976   6.2   8.7   9.6  12.3  17.9  22.5  24.1  22.5  18.7  14.7   8.9   8.2 
1977   7.9   9.7  11.7  12.7  16.0  19.8  22.1  21.3  18.5  17.3  10.5   8.0 
1978   6.2   7.3  10.7  11.3  15.7  19.8  22.4  22.2  19.8  14.1   9.8   8.8 
1979   6.0   7.8  10.8  12.1  17.6  22.2  24.4  22.6  19.2  16.6   9.1   7.5 
1980   6.6   9.8  10.0  11.8  15.5  19.7  21.3  24.0  21.2  15.0   9.8   4.4 
1981   5.0   5.6  11.5  14.4  16.9  21.8  22.6  24.0  21.3  15.4   9.4   7.7 
1982   9.1   8.5   9.4  12.8  17.4  22.4  26.0  22.9  21.6  14.9  11.9   7.2 
1983   6.6   4.8   9.5  13.2  16.2  20.7  26.5  23.2  20.5  15.0  11.7   6.8 
1984   6.4   5.6   8.5  12.2  14.3  19.9  23.6  22.1  18.0  14.7  13.0   6.9 
1985   2.0   8.4   8.5  13.6  15.5  19.9  24.5  22.2  20.9  16.8   7.3   8.0 
1986   6.0   4.2   9.9  11.8  18.7  20.5  23.5  23.1  20.5  17.0  10.9   7.2 
1987   2.3   6.8   8.0  13.2  15.2  20.4  24.0  23.2  21.5  16.9   9.8   8.1 
1988   9.3   7.1   9.3  12.8  17.0  19.9  22.8  23.2  19.3  17.3   9.7   6.3 
1989   6.5   8.5  12.4  12.9  19.3  22.0  25.6  24.0  19.6  15.0  11.2  10.2 
1990   6.7  12.1  11.8  13.2  19.2  20.9  23.5  23.5  19.4  17.0   9.8   4.0 
1991   5.3   6.4  13.0  12.3  15.3  20.3  25.0  25.2  22.2  14.5  10.7   6.6 
1992   6.1   7.9  11.2  13.6  18.9  19.3  23.8  25.2  20.1  14.1  10.6   9.6 
1993   7.5   7.0   9.9  14.1  18.3  22.1  23.0  24.6  19.9  15.8   9.4   8.0 
1994   7.0   8.5  12.8  12.0  18.4  21.9  26.6  26.1  19.7  15.6  13.3   8.8 
1995   6.3  10.2   9.7  13.6  16.9  20.5  25.9  24.1  18.5  18.1  11.2   8.7 
1996  10.6   6.6   9.7  13.8  17.6  22.3  23.7  22.7  17.5  15.0  10.8   9.5 
1997   8.1   9.2  12.4  14.1  18.7  21.0  23.5  24.8  21.5  17.0  12.5   7.9 
1998   7.8   8.6  10.9  13.2  18.5  22.5  25.3  24.3  20.0  15.2   7.5   6.5 
1999   7.5   6.5  11.4  13.6  19.3  21.6  25.0  24.8  22.1  16.6   9.2   6.8 
2000   5.9   9.3  11.3  14.2  19.5  22.7  23.2  24.8  20.8  15.9  11.6  10.7 
2001   9.5   8.5  13.3  13.3  18.6  22.1  24.6  25.1  18.7  19.2   9.3   4.2 
2002   6.4   9.8  12.7  14.8  17.3  22.8  23.8  23.1  19.3  16.4  13.2   9.1 
2003   5.4   6.3  11.1  14.1  19.4  26.1  26.3  27.9  20.1  15.3  12.1   8.5 
2004   6.6   7.1   9.8  13.9  17.0  22.7  24.3  24.6  21.2  18.1   9.4   8.0 
2005   6.0   5.1   9.4  13.6  19.0  24.0  24.9  23.6  20.2  17.7  10.1   4.3 
2006   6.3   6.5  10.5  15.0  19.1  22.9  27.9  23.3  21.7  18.8  13.9   8.3 
2007   8.6   9.6  11.2  16.6  19.2  22.5  24.2  23.2  19.9  15.4   9.5   6.8 
2008   9.1   9.3  10.7  14.1  18.6  22.3  24.4  24.3  19.8  16.0  10.3   7.1 
2009   5.1   7.6  10.8  14.5  20.3  22.9  25.4  25.7  21.2  16.1  12.9   7.9 
2010   4.8   6.9   9.7  14.3  16.9  21.6  26.1  24.0  19.4  15.5  10.5   6.5 
2011   6.6   8.3  11.0  15.8  19.9 -99.0 -99.0 -99.0 -99.0 -99.0 -99.0 -99.0 
