Number= 990050
Name= SHIP STATION E
Country= OCEANIA
Lat=   34.0
Long=   52.0
Height= -999
Start year= 1945
End year= 1973
First Good year= 1945
Source ID= 10
Source file= Jones
Jones data to= 1973
Normals source= Extrapolated
Normals source start year= 1951
Normals source end year= 1970
Normals=  17.5  16.8  16.8  17.4  19.0  21.8  24.7  25.4  24.6  22.7  20.5  18.8 
Standard deviations source= Data
Standard deviations source start year= 1945
Standard deviations source end year= 1973
Standard deviations=   0.8   0.8   0.6   0.7   0.8   0.7   0.6   0.6   0.6   0.8   0.8   0.8 
Obs:
1945 -99.0 -99.0 -99.0 -99.0 -99.0  22.1  25.9  27.2  26.2  23.3  20.8  19.3 
1946  18.2  16.2  17.7  18.3 -99.0 -99.0 -99.0 -99.0 -99.0  23.5  21.2 -99.0 
1947 -99.0 -99.0 -99.0 -99.0 -99.0 -99.0 -99.0 -99.0 -99.0 -99.0 -99.0 -99.0 
1948 -99.0 -99.0 -99.0 -99.0 -99.0 -99.0 -99.0 -99.0 -99.0  22.4  20.9  19.6 
1949  17.4  17.1  18.2  19.0  21.0  22.7  25.3  26.3  24.4  21.8  21.8  19.5 
1950  16.8  17.5  16.5  18.1  19.9  22.3  24.7  26.4  25.9 -99.0  21.3  19.7 
1951  18.6  18.5  17.2  18.1  19.8  21.6  24.8  26.3  25.4 -99.0  21.4  19.7 
1952  19.2  17.1  17.1  18.4  19.5  21.9  24.7  26.1  24.5  23.8  20.8  18.2 
1953  17.1  16.7 -99.0  18.6  19.9  22.8  25.4  26.2  25.4  23.0  21.9  20.4 
1954  18.2  18.2  18.4  17.3  18.8  22.4  24.9  26.1  25.4  22.8 -99.0 -99.0 
1955  17.9  16.3  16.8  16.8  19.1  22.5  25.4  26.3  25.7  22.6  21.0  18.6 
1956  17.4  16.1  17.4  18.2  19.9  22.4  25.0  25.9  24.8  21.7  19.0  18.8 
1957  17.4  16.8  16.9  16.4  18.8  20.8  24.8  26.1  24.8  23.1  20.6  19.3 
1958  17.8  17.1  16.7  17.4  18.4  21.5  25.3  26.2  24.8  23.3  20.2  19.2 
1959  17.4  16.2  17.1  18.2  18.9  22.0  23.0  24.8  24.1  23.2  21.1  19.9 
1960  17.4  16.7  16.6  17.3  18.9  22.2  25.1  25.9  25.2  24.1  21.3  20.9 
1961  19.6  16.2  16.0  17.8  18.7  23.3  25.1  26.2  25.0  23.5  21.4  18.5 
1962  18.1  18.1  16.3  17.9  18.7  22.7  24.8  24.9  25.0  23.6  21.5  18.4 
1963  17.4  17.3  16.9  17.3  20.0  22.2  24.4  25.6  24.7  23.1  20.4  19.4 
1964  16.6  17.1  15.7  17.2  19.0  21.9  25.0  25.7  24.4  22.8  19.4  18.5 
1965  17.7  15.4  16.3  17.4  18.3  21.4  24.4 -99.0  24.7  23.1  20.8  19.3 
1966  16.7  16.6  16.0  16.6  19.0  21.9  24.0 -99.0  24.1  23.4  20.6  19.3 
1967  17.5  17.4  17.3  16.6  16.6  20.9  24.5  26.0  25.2  22.9  21.8  18.2 
1968  16.4  17.5  17.6 -99.0  18.6  19.8 -99.0  24.0  23.4  21.0  19.9  18.3 
1969  16.5  15.9  16.2  17.2  18.2  21.8  26.1  26.1  24.8  23.2  20.0  19.6 
1970  16.6  17.2  16.7  16.5  18.5  20.7  23.9  25.5  24.6  21.5  20.3  18.3 
1971  16.8  16.1  17.2  18.3  19.4  21.8  25.2 -99.0  24.5  21.1  19.3  17.4 
1972  17.3  17.6  16.7  17.6  19.4  21.9  24.5  25.6  25.6  22.8  20.5 -99.0 
1973  16.7  18.1  17.0  17.7  19.7  21.6 -99.0 -99.0 -99.0 -99.0 -99.0 -99.0 
