Number= 990160
Name= SHIP STATION P
Country= OCEANIA
Lat=   49.0
Long=  148.0
Height= -999
Start year= 1945
End year= 1980
First Good year= 1945
Source ID= 10
Source file= Jones
Jones data to= 1980
Normals source= Data
Normals source start year= 1961
Normals source end year= 1980
Normals=   5.1   4.8   4.6   5.1   6.6   8.5  10.9  12.7  12.5   9.9   7.3   5.7 
Standard deviations source= Data
Standard deviations source start year= 1945
Standard deviations source end year= 1980
Standard deviations=   1.1   0.8   0.7   0.8   0.8   0.8   0.9   0.9   1.0   1.1   1.0   0.8 
Obs:
1945 -99.0 -99.0 -99.0 -99.0   7.4 -99.0 -99.0  13.8  14.4  11.4   7.1   6.2 
1946   5.5   5.1   4.7 -99.0 -99.0 -99.0 -99.0 -99.0 -99.0 -99.0 -99.0 -99.0 
1947 -99.0 -99.0 -99.0 -99.0 -99.0 -99.0 -99.0 -99.0 -99.0 -99.0 -99.0 -99.0 
1948 -99.0 -99.0 -99.0 -99.0 -99.0 -99.0 -99.0 -99.0 -99.0   9.8   7.8   5.7 
1949   5.9   5.1   6.1   5.7   7.1   9.9  12.5  13.4  13.8 -99.0   7.9 -99.0 
1950   4.7   3.7   4.7   4.6   6.4   8.2  10.1  11.9  11.7   9.1   5.9   5.7 
1951 -99.0 -99.0 -99.0 -99.0 -99.0 -99.0 -99.0 -99.0 -99.0 -99.0 -99.0 -99.0 
1952 -99.0 -99.0 -99.0 -99.0 -99.0 -99.0 -99.0 -99.0 -99.0 -99.0 -99.0 -99.0 
1953 -99.0 -99.0 -99.0 -99.0 -99.0 -99.0 -99.0 -99.0 -99.0 -99.0 -99.0 -99.0 
1954   4.2 -99.0 -99.0   4.9 -99.0 -99.0  10.4 -99.0 -99.0 -99.0 -99.0   5.1 
1955   5.6   5.1   4.9   8.4   6.7   7.2   9.7  11.7  11.5   8.6 -99.0   4.8 
1956 -99.0 -99.0   3.8   5.9   7.1   8.2  11.2  13.6  13.1   8.6 -99.0   6.8 
1957   5.4   5.9   5.4   6.7   8.4   9.9  11.5  13.7  14.2  12.6  10.3   5.9 
1958   6.1   6.3   5.8   6.3   8.0  10.9  13.4  12.9  12.1  10.5   6.7   6.9 
1959   5.9   5.1   5.1   6.1   7.3   9.8  11.3  12.2  12.4  11.7   9.8   5.9 
1960   6.2   5.8   4.5   4.6   6.5   8.2  10.6  12.8  12.9  11.0   7.4   6.3 
1961   5.5   4.4   4.1   5.2   6.4   8.6  11.8  14.3  13.6  11.7   7.4   5.9 
1962   6.1   5.6   5.4   5.2   6.9   8.7  11.8  13.1  12.9   9.9   7.3   6.1 
1963   7.2   6.0   4.7   5.1   7.2   9.1  11.5  14.2  13.8   9.4   6.2   6.4 
1964   5.1   5.2   4.9   5.1   6.3   8.4  10.5  12.1  12.9   9.2   6.2   4.4 
1965   5.2   4.7   6.0   5.0   6.5   8.7  11.2  12.5  13.8   9.7   7.3   5.1 
1966   5.0   5.0   4.0   5.5   8.0   9.1  11.9  12.7  11.9   8.9   6.8   5.9 
1967   4.4   5.4   4.2   5.1   7.1   9.7  11.9  14.1  12.7   9.8   7.8 -99.0 
1968   4.0   5.1   5.0   5.4   9.2   9.3  11.5 -99.0  11.5   8.7   7.5   4.3 
1969   2.9   3.3   4.3   4.4   6.1   8.5  10.6  12.0  12.2  10.6   7.6   6.7 
1970   4.6   5.4   5.1   5.0   6.1   7.8   9.4  11.1  12.1  10.4   7.9   5.5 
1971   4.2   5.0   3.2   4.2 -99.0   7.5  10.3  12.0  10.2   8.7   7.1   5.3 
1972   3.3   3.8   4.0 -99.0   6.4   8.5  11.6  13.2  12.8  10.9   8.2   5.4 
1973 -99.0 -99.0   4.9   5.8   6.1 -99.0  10.3  11.9  12.1   8.5   6.3 -99.0 
1974   4.2   4.3   4.0   5.2   6.0   7.6   9.8  12.3  13.6  11.2   7.3 -99.0 
1975 -99.0   4.2   3.9   4.6   6.1   7.9  10.3  11.3  12.7   9.0   6.1   5.7 
1976   6.1   4.4   4.3   4.6   5.7   7.9  10.0  11.9  11.5 -99.0 -99.0   6.4 
1977   7.0   5.9 -99.0 -99.0   5.8   8.3  10.3  12.5  12.9  10.8 -99.0   4.3 
1978   5.8   4.7 -99.0   5.2   6.2 -99.0  11.6  12.5  11.2  10.3   8.0   7.1 
1979   6.8   3.8   5.6   5.8   7.6   9.0 -99.0  13.9  13.5 -99.0   9.1   5.9 
1980   4.6   5.3   5.1   5.5   6.5   8.7  11.1  13.5 -99.0  10.5   7.7   6.5 
