Number= 991220
Name= MOGADOR
Country= MOROCCO
Lat=   31.5
Long=    9.8
Height= 17
Start year= 1878
End year= 1960
First Good year= 1878
Source ID= 10
Source file= Jones
Jones data to= 1960
Normals= -99.0 -99.0 -99.0 -99.0 -99.0 -99.0 -99.0 -99.0 -99.0 -99.0 -99.0 -99.0 
Standard deviations source= Data
Standard deviations source start year= 1941
Standard deviations source end year= 1960
Standard deviations=   0.9   0.7   0.9   0.8   0.7   0.7   0.7   0.7   0.5   0.7   1.0   1.2 
Obs:
1878 -99.0  15.8  17.1  18.9  20.7  20.6  20.4  20.8  20.9  19.4  17.8  18.4 
1879  15.8  15.3  15.3  16.3  17.9  18.4  19.7  20.2  20.1  18.7  19.4  13.9 
1880 -99.0 -99.0 -99.0 -99.0 -99.0 -99.0 -99.0 -99.0 -99.0 -99.0 -99.0 -99.0 
1881 -99.0 -99.0 -99.0 -99.0 -99.0 -99.0 -99.0 -99.0 -99.0 -99.0 -99.0 -99.0 
1882 -99.0 -99.0 -99.0 -99.0 -99.0 -99.0 -99.0 -99.0 -99.0 -99.0 -99.0 -99.0 
1883 -99.0 -99.0 -99.0 -99.0 -99.0 -99.0 -99.0 -99.0 -99.0 -99.0 -99.0 -99.0 
1884 -99.0 -99.0 -99.0 -99.0 -99.0 -99.0 -99.0 -99.0 -99.0 -99.0 -99.0 -99.0 
1885 -99.0 -99.0 -99.0 -99.0 -99.0 -99.0 -99.0 -99.0 -99.0 -99.0 -99.0 -99.0 
1886 -99.0 -99.0 -99.0 -99.0 -99.0 -99.0 -99.0 -99.0 -99.0 -99.0 -99.0 -99.0 
1887 -99.0 -99.0 -99.0 -99.0 -99.0 -99.0 -99.0 -99.0 -99.0 -99.0 -99.0 -99.0 
1888 -99.0 -99.0 -99.0 -99.0 -99.0 -99.0 -99.0 -99.0 -99.0 -99.0 -99.0 -99.0 
1889 -99.0 -99.0 -99.0 -99.0 -99.0 -99.0 -99.0 -99.0 -99.0 -99.0 -99.0 -99.0 
1890 -99.0 -99.0 -99.0 -99.0 -99.0 -99.0 -99.0 -99.0 -99.0 -99.0 -99.0 -99.0 
1891 -99.0 -99.0 -99.0 -99.0 -99.0 -99.0 -99.0 -99.0 -99.0 -99.0 -99.0 -99.0 
1892 -99.0 -99.0 -99.0 -99.0 -99.0 -99.0 -99.0 -99.0 -99.0 -99.0 -99.0 -99.0 
1893 -99.0 -99.0 -99.0 -99.0 -99.0 -99.0 -99.0 -99.0 -99.0 -99.0 -99.0 -99.0 
1894 -99.0 -99.0 -99.0 -99.0  17.1  18.9  19.5  19.5  19.3  19.3  17.1  15.2 
1895  13.9  16.8  15.0  17.5  18.5  19.8  20.1  19.6  21.5  20.8  19.2  17.3 
1896  14.8  15.4  15.7  17.4  18.6  20.1  20.3  20.2  19.5  17.6  15.3  14.5 
1897  13.4  14.3  16.4  16.7  18.8  20.4  20.3  20.0  19.5  20.2  17.8  15.0 
1898  13.9  15.6  15.8  16.5  18.2  19.7  20.5  20.5  21.2  19.6  16.6  14.3 
1899  14.2  15.4  16.5  18.4  18.8  20.3  21.0  21.5  21.5  21.6  18.2  15.9 
1900  13.9  16.2  16.2  17.5  18.3  18.7  20.5  20.4  20.6  19.5  16.1  14.4 
1901  14.7  15.3  15.7  18.5  18.7  20.3  20.6  20.2  19.9  17.3  18.2  14.6 
1902  15.1  15.7  16.4  17.9  18.1  18.9  19.8  20.3  19.7  18.6  17.1  14.8 
1903  14.1  15.1  15.7  17.4  17.4  19.5  20.6  19.8  19.8  18.6  16.3  14.2 
1904  12.8  13.4  14.2  16.3  17.9  19.7  19.4  19.3  20.3  20.3  18.1  15.5 
1905  13.9  14.4  15.9  17.8  18.5  20.1  20.7  20.5  19.9  19.4  16.9  14.3 
1906  13.9  13.1  15.5  16.5  18.1  20.2  19.6  19.5  20.5  19.4  16.4  13.1 
1907  12.5  12.4  15.3  17.0  18.0  19.3  19.5  21.1  21.0  18.2  16.0  14.9 
1908 -99.0 -99.0 -99.0 -99.0 -99.0 -99.0 -99.0 -99.0 -99.0 -99.0 -99.0 -99.0 
1909  12.1  13.6  14.7  16.7  18.4 -99.0  19.3  19.1  19.2  18.4  17.5  15.4 
1910 -99.0 -99.0 -99.0 -99.0 -99.0 -99.0 -99.0 -99.0 -99.0 -99.0 -99.0 -99.0 
1911 -99.0 -99.0 -99.0 -99.0 -99.0 -99.0 -99.0  20.9  22.1  20.0  16.1  15.8 
1912 -99.0 -99.0 -99.0 -99.0 -99.0 -99.0 -99.0 -99.0 -99.0 -99.0 -99.0 -99.0 
1913 -99.0 -99.0 -99.0 -99.0 -99.0 -99.0 -99.0 -99.0 -99.0 -99.0 -99.0 -99.0 
1914 -99.0 -99.0 -99.0 -99.0 -99.0 -99.0 -99.0 -99.0 -99.0 -99.0 -99.0 -99.0 
1915 -99.0 -99.0 -99.0 -99.0 -99.0 -99.0 -99.0 -99.0 -99.0 -99.0 -99.0 -99.0 
1916 -99.0 -99.0 -99.0 -99.0 -99.0 -99.0 -99.0 -99.0 -99.0 -99.0 -99.0 -99.0 
1917 -99.0 -99.0 -99.0 -99.0 -99.0 -99.0 -99.0 -99.0 -99.0 -99.0 -99.0 -99.0 
1918 -99.0 -99.0 -99.0 -99.0 -99.0 -99.0 -99.0 -99.0 -99.0 -99.0 -99.0 -99.0 
1919 -99.0 -99.0 -99.0 -99.0 -99.0 -99.0 -99.0 -99.0 -99.0 -99.0 -99.0 -99.0 
1920 -99.0 -99.0 -99.0 -99.0 -99.0 -99.0 -99.0 -99.0 -99.0 -99.0 -99.0 -99.0 
1921 -99.0 -99.0 -99.0 -99.0 -99.0 -99.0 -99.0 -99.0 -99.0 -99.0 -99.0 -99.0 
1922 -99.0 -99.0 -99.0 -99.0 -99.0 -99.0 -99.0 -99.0 -99.0 -99.0 -99.0 -99.0 
1923 -99.0 -99.0 -99.0 -99.0  17.0  19.6  20.8  21.2  19.0  20.0  12.8  12.8 
1924   5.5  14.8  16.9  17.2  19.7  21.2  24.0  21.3  22.6 -99.0  16.2  14.6 
1925 -99.0  13.8  14.2  15.3  16.2 -99.0  18.8  19.6  19.7  18.9  16.6  17.6 
1926  15.9  16.1  15.8  16.2  16.8  17.6  19.6  20.4  26.0  20.4  15.3  14.8 
1927 -99.0 -99.0 -99.0 -99.0 -99.0 -99.0 -99.0 -99.0 -99.0 -99.0 -99.0 -99.0 
1928  12.7  13.8  14.5  15.5  16.0  18.3  19.6  20.7  19.2  17.6  15.3  13.3 
1929  14.8  14.8  16.0  15.9  16.6  17.9  17.8  16.1  19.1  19.1  16.2  14.1 
1930  14.7  13.5  15.6  15.1  16.6  17.7  19.0  20.5  19.1 -99.0  18.0  15.1 
1931  12.6  13.2  14.9  16.0  16.3  18.4  18.2  18.3  19.1  19.6  17.3  13.8 
1932  13.5  14.7  15.9  15.3  16.7  17.5  18.3  19.0  19.1  16.9  16.9  14.0 
1933  13.2  14.2  14.3  16.6  17.7  17.8  18.2  20.0  18.7  19.1  15.1  13.5 
1934  12.0  13.8  13.1  15.3  16.6  18.0  18.9  18.0  18.3  18.0  15.8  14.9 
1935  12.6  11.6  14.8  16.2  16.0  17.3  19.1  18.5  18.1  15.9  15.5  14.4 
1936  15.1  15.9  15.4  16.4  16.2  17.4  18.1  19.5  19.9  17.2  14.7  13.8 
1937  13.4  14.5  14.5  16.3  16.8  17.6  18.8  19.6  19.7  19.7  19.0  15.2 
1938  13.0  14.6  16.0  17.4  17.2  18.0  18.0  18.5  18.1  18.2  17.3  14.2 
1939  13.9  13.9  14.6  15.4  16.5  18.8  19.7  19.2  20.0  18.6  16.3  14.6 
1940  15.0  16.2  18.0  16.9  17.0  18.5  18.9  22.8  19.3  18.0  16.2  13.4 
1941  13.7  14.5  15.3  16.1  16.7  18.5  20.9  20.2  19.2  20.6  17.5  14.1 
1942  13.8  13.9  16.1  17.1  18.9  20.5  20.7  21.1  19.9  19.7  17.0  15.5 
1943  13.7  13.4  15.6  16.6  17.6  18.4  19.3  19.9  19.3  18.1  14.5  13.4 
1944  13.2  14.0  14.5  16.8  18.8  19.9  19.5  19.3  19.9  18.1  16.3  13.6 
1945  11.9  13.6  14.5  18.2  17.9  19.0  19.7  18.2  18.6  19.5  18.3  16.8 
1946  13.8  14.3  14.5  15.7  16.6  18.2  19.3  18.6  19.0  17.7  17.3  13.2 
1947  13.6  14.5  17.5  17.2  16.9  18.2  18.6  19.6  19.9  18.8  17.7  14.8 
1948  15.4  14.4  16.5  16.3  17.6  19.0  18.9  18.9  19.9  18.1  17.4  16.7 
1949  14.9  15.0  15.8  18.7  17.6  18.8  19.9  20.3  20.4  18.9  16.5  16.3 
1950  14.5  14.7  15.8  16.6  17.4  18.5  19.0  18.8  19.2  19.3  19.1  15.6 
1951  14.0  14.1  16.6  16.1  16.7 -99.0 -99.0 -99.0  19.3  17.9  17.5  16.0 
1952  13.1  14.6  16.9  15.8  17.6  20.0 -99.0  19.2  19.3  19.4  18.0  15.2 
1953  15.3  14.2  15.4  17.1  18.6  18.9  19.3  20.0  20.3  19.1  17.5  16.3 
1954  13.6  13.4  15.0  15.3  17.5  18.2  18.7  19.1  18.2  18.7  18.1  15.2 
1955  15.3  16.1  15.4  17.6  18.6  20.2  19.7  20.6  19.8  19.2  18.5  15.8 
1956  14.4  13.6  14.3  15.8  18.4  18.3  18.8  19.2  18.9  19.4  15.9  13.3 
1957  13.3  14.5  16.4  15.8  16.7  18.1  20.0  20.0  19.6  18.9  16.4  14.1 
1958  15.1  15.4  15.4  16.4  18.5  18.3  18.5 -99.0  19.4  19.0  16.5  15.6 
1959  15.7  13.9  16.0  16.2  16.9  18.1  19.5  19.9  19.3  19.0  16.2  14.3 
1960  14.2  15.8  17.0  16.2  17.5  18.6  18.9  18.7  18.9  18.3  18.1  13.5 
