Number= 999048
Name= CHIMAX BEI COBAN
Country= GUATEMALA
Lat=   15.6
Long=   90.4
Height= -999
Start year= 1892
End year= 1913
First Good year= 1892
Source ID= 10
Source file= Jones
Jones data to= 1913
Normals= -99.0 -99.0 -99.0 -99.0 -99.0 -99.0 -99.0 -99.0 -99.0 -99.0 -99.0 -99.0 
Obs:
1892  17.5  17.8  18.5  21.0  21.1  20.9  20.1  20.3  20.3  19.6  17.8  18.6 
1893  17.2  18.7  19.1  20.4  21.1  21.1  20.2  20.9  21.0  19.0  18.5  16.2 
1894  16.9  17.2  18.6  19.7  19.4  19.7  19.3  19.9  20.4  18.9  16.5  15.9 
1895  16.3  16.2  17.9  19.3  20.5  19.6  19.2  19.1  19.7  18.3  18.0  16.1 
1896  16.4  17.1  18.5  19.0  21.0  20.5  19.5  19.7  20.3  20.3  19.4  15.9 
1897  16.9  19.1  20.2  19.9  19.7  20.6  19.9  20.0  19.4  19.6  17.8  16.7 
1898  16.7  15.8  18.5  18.6  20.1  20.0  19.6  20.0  20.1  18.0  17.9  16.5 
1899  16.8  17.1  18.3  18.5  20.4  19.7  19.4  19.8  19.7  19.4  17.4  16.0 
1900  16.6  17.9  18.7  21.4  20.6  20.6  19.8  20.1  20.0  18.7  16.9  16.9 
1901  15.7  17.3  18.3  18.9  21.1  20.6  19.9  19.8  20.4  17.8  16.3  16.3 
1902  14.8  17.8  18.8  19.8  20.1  20.4  19.5  19.5  19.6  18.9  17.9  16.5 
1903  16.2  18.0  18.2  19.8  20.0  20.2  19.7  19.5  19.2  17.8  16.0  14.1 
1904  15.5  16.6  17.8  18.7  20.2  19.7  18.8  19.0  19.0  18.0  16.6  16.0 
1905  13.9  16.5  18.0  20.5  20.9  20.3  19.5  20.0  19.5  19.0  18.3  15.9 
1906  15.2  16.5  18.2  19.5  20.8  19.7  19.9  19.5  19.9  19.2  17.8  15.6 
1907  15.7  15.3  16.6  18.7  20.2  20.0  19.2  19.3  19.3  18.1  18.0  16.8 
1908  15.6  16.4  17.4  19.8  20.8  20.4  19.4  20.1  19.7  18.2  16.9  16.6 
1909  15.6  17.1  19.9  20.1  22.3  20.6  20.1  20.5  19.8  18.7  16.7  17.2 
1910 -99.0 -99.0 -99.0 -99.0 -99.0 -99.0 -99.0 -99.0 -99.0 -99.0 -99.0 -99.0 
1911  16.0  16.6  17.6  20.7  19.7  20.3  19.7  19.6  20.1  20.0  18.5  17.1 
1912  16.3  17.0  19.3  21.2  21.9  20.7  19.4  19.9  20.4  20.0  16.2  17.7 
1913  17.1  18.5  18.4  18.6  19.0  20.1  19.3  19.1  20.2  18.8  17.3  17.6 
