Number= 999029
Name= JSOHIN (ZVOSIN)
Country= KOREA
Lat=   40.7
Long= -129.2
Height= 32
Start year= 1906
End year= 1944
First Good year= 1906
Source ID= 10
Source file= Jones
Jones data to= 1944
Normals= -99.0 -99.0 -99.0 -99.0 -99.0 -99.0 -99.0 -99.0 -99.0 -99.0 -99.0 -99.0 
Obs:
1906  -6.7  -5.0   2.1   7.7  11.6  14.2  18.8  21.5  17.9  11.0   1.1  -2.0 
1907  -2.8  -5.5   1.3   6.8  12.1  15.2  19.4  23.2  18.4  12.7   2.1  -4.7 
1908  -6.0  -4.9   0.6   7.4  10.6  15.8  18.9  21.7  17.7  12.7   2.6  -0.8 
1909  -5.8  -5.0  -0.1   6.6  10.4  15.5  20.7  21.6  17.5  10.6   4.5  -5.7 
1910  -5.6  -5.9   0.3   6.4  10.5  16.2  18.9  19.6  16.3  12.0   4.1  -7.2 
1911  -8.1  -5.1   0.8   6.8  12.3  16.2  19.7  21.0  18.6  10.7   5.1  -4.2 
1912  -5.8  -1.8   1.4   6.8  10.7  14.9  19.9  21.5  16.1   9.6   0.0  -4.7 
1913  -8.0  -4.4   0.3   7.8  12.2  16.7  17.8  20.6  17.1  11.3   4.1  -2.7 
1914  -3.8  -2.3   1.8   7.0  12.5  15.7  21.5  21.9  18.6  12.2   4.6  -2.7 
1915  -7.3  -6.3  -2.1   5.4   9.6  14.8  19.9  21.7  16.6  11.3   4.3  -1.7 
1916  -2.8  -3.0  -1.1   6.5  11.0  16.1  20.2  22.7  17.8  11.3   4.3  -3.2 
1917  -8.9  -4.8   0.4   6.3   9.9  15.6  21.5  23.3  18.3  11.4   1.7  -6.5 
1918  -8.1  -3.4   1.1   6.0  10.9  15.8  18.1  21.5  17.8  11.1   2.5  -5.0 
1919  -8.6  -4.8   1.5   7.1  11.0  15.6  21.6  22.0  17.9  12.0   4.7  -3.0 
1920  -4.4  -5.1   1.0   6.4  11.3  16.6  22.7  22.6  18.1  13.9   5.9  -2.7 
1921  -2.3  -2.5   1.1   6.9  10.6  14.8  20.4  22.5  17.8  11.0   2.8  -1.8 
1922  -9.9  -1.2   1.0   7.4  10.8  15.7  20.2  22.0  17.8  12.5   2.1  -3.5 
1923  -6.7  -4.2   1.9   5.7  10.6  14.0  19.8  22.9  17.6  11.8   3.6  -2.4 
1924  -4.2  -5.3  -1.2   5.6  10.1  15.1  21.4  23.6  18.4  11.6   2.7  -2.5 
1925  -5.4  -4.0  -0.7   6.9  10.5  16.4  20.0  23.0  17.9  12.5   6.4  -3.0 
1926  -5.6  -3.1   0.9   5.7  10.1  14.5  20.4  22.2  18.8  10.1   4.5  -4.1 
1927  -5.9  -4.9   0.4   6.5  10.3  15.4  22.0  22.1  17.3  12.2   5.8  -2.9 
1928  -6.0  -5.2   0.6   6.8  10.4  15.6  20.9  21.8  18.3  11.1   3.9  -3.4 
1929  -6.0  -4.9   0.8   6.1   8.9  15.7  21.4  23.2  17.0  11.3   4.2  -1.6 
1930  -5.6  -2.2   1.8   7.0  13.0  15.7  20.6  23.2  18.2  12.2   2.0  -2.2 
1931  -6.4  -5.9   1.5   5.5  10.5  12.3  16.6  21.9  17.3  10.6   5.4  -2.4 
1932  -2.3  -4.7   0.0   6.3  10.1  12.8  18.8  20.8  18.0  11.5   4.1  -0.9 
1933  -7.1  -5.9  -1.3   6.2  11.7  16.8  21.0  21.7  18.8  11.9   4.7  -1.1 
1934  -6.6  -2.7  -0.6   6.5  11.4  15.9  18.6  21.1  17.6  10.6   3.4  -0.2 
1935  -4.1  -1.9   2.5   6.8  11.4  14.3  19.6  21.9  18.1  13.6   4.7  -4.0 
1936  -8.4  -5.4  -0.7   5.4  10.3  15.4  19.9  21.3  18.4  12.2   4.7  -2.0 
1937  -4.2  -3.0   0.2   5.6  12.1  16.2  21.7  24.0  19.1  12.7   5.7  -4.9 
1938  -6.3  -4.5   3.0   8.7  10.9  14.5  20.9  24.2  17.8  13.1   4.9  -3.6 
1939  -6.2  -3.3   1.6   7.7  10.9  16.0  21.9  24.1  19.4  12.5   4.7  -0.6 
1940  -7.7  -3.6   1.9   6.1  12.6  14.1  19.0  20.3  17.4  13.6   6.4  -0.1 
1941  -4.0  -4.1   0.4   5.8  10.2  13.7  18.4  19.8  17.1  11.8   6.3  -0.6 
1942  -5.2  -4.7   2.8   7.7  11.2  15.8  22.1  20.9  17.3  11.7   4.6  -2.6 
1943  -5.5  -2.7   2.1   6.9  10.9  15.4  20.4  23.6  18.1  12.5   4.4  -0.5 
1944  -3.7  -3.1   1.8   6.6  12.8  16.5  20.6  21.7  18.4  11.7   4.2  -6.0 
