Number= 999031
Name= UNGGI
Country= KOREA
Lat=   42.3
Long= -130.4
Height= 89
Start year= 1915
End year= 1944
First Good year= 1915
Source ID= 10
Source file= Jones
Jones data to= 1944
Normals= -99.0 -99.0 -99.0 -99.0 -99.0 -99.0 -99.0 -99.0 -99.0 -99.0 -99.0 -99.0 
Obs:
1915 -11.7  -8.4  -3.5   3.5   8.0  13.8  18.3  20.7  15.8   8.9   1.7  -4.4 
1916  -6.4  -5.9  -3.6   4.6   8.7  14.8  18.7  21.4  16.2  10.3   2.0  -6.8 
1917 -11.0  -6.0  -1.6   5.8  10.7  15.0  20.1  21.8  17.1  10.4  -1.3  -8.2 
1918  -8.6  -4.8  -0.1   5.3  11.0  14.8  17.3  20.1  16.6   9.9   0.2  -7.6 
1919 -12.0  -5.5  -0.3   5.5  10.0  14.4  19.8  20.8  16.6  10.2   2.1  -6.3 
1920  -7.3  -8.5  -0.3   5.0  10.4  15.9  21.3  21.6  16.2  11.4   2.0  -6.5 
1921  -6.1  -5.4  -1.2   5.7   9.1  13.8  19.5  21.4  16.4   9.2  -0.5  -5.7 
1922 -14.2  -4.1  -1.7   6.4   9.2  14.7  19.0  21.2  16.4  10.5  -1.7  -5.6 
1923  -9.9  -6.2   0.1   5.1   9.7  13.4  18.7  21.8  16.2  10.0   0.7  -6.2 
1924  -8.1  -8.5  -2.9   4.6  10.0  14.1  21.6  22.9  17.1   8.6  -0.3  -5.3 
1925  -8.5  -7.3  -2.3   6.5   9.5  16.2  19.0  21.8  17.1  11.3   3.3  -6.8 
1926  -8.8  -5.5  -0.6   5.6   9.9  14.5  19.5  20.9  18.0   7.5   1.7  -7.8 
1927  -9.1  -7.9  -1.2   5.0   9.8  15.0  20.9  21.2  16.3  10.7   2.0  -7.1 
1928  -9.2  -7.3  -0.6   5.8  10.2  14.3  19.8  20.9  17.3   9.5   0.4  -7.3 
1929 -10.0  -7.5  -1.3   5.1   8.2  14.7  20.3  22.5  15.8   9.4   1.5  -6.5 
1930  -9.2  -6.0  -0.1   5.7  11.2  15.0  19.6  21.3  16.8  11.0  -1.0  -5.8 
1931 -10.4  -9.4   0.1   4.9   9.5  11.0  15.5  21.2  16.0   9.4   2.3  -5.6 
1932  -5.0  -6.7  -1.9   5.6   9.0  12.3  16.8  19.4  16.8  10.5   1.2  -3.7 
1933 -10.3  -8.9  -2.9   5.1  11.0  14.8  20.0  20.7  17.5  10.2   0.8  -4.7 
1934  -9.7  -4.4  -2.5   6.1  11.7  15.4  17.0  19.9  16.2   9.3   1.1  -3.4 
1935  -7.7  -3.8   0.1   4.8  10.9  13.6  18.8  20.3  16.9  11.9   0.4  -8.5 
1936 -12.5  -8.2  -2.0   5.4   9.9  14.9  19.3  20.1  17.2  10.0   2.0  -4.7 
1937  -7.7  -5.7  -2.6   4.6  11.4  14.4  20.7  22.0  17.7  10.4   2.3  -8.8 
1938  -9.8  -7.0   1.9   6.8  10.2  13.7  19.6  22.6  16.4  11.7   1.8  -7.9 
1939 -10.3  -6.0   0.0   5.8   9.8  14.1  20.8  23.0  17.9  10.4   1.8  -3.2 
1940 -11.8  -6.2   0.5   4.9  11.2  12.7  18.3  19.8  16.2  11.7   3.1  -4.3 
1941  -8.5  -6.7  -2.2   3.5   8.8  12.9  16.4  18.1  16.5   9.7   3.4  -4.7 
1942  -8.9  -8.3   0.4   6.7  10.6  14.7  20.6  19.2  16.3   9.7   1.6  -6.5 
1943  -8.9  -5.1   0.9   6.9   9.3  14.5  19.4  21.9  16.7  11.2   1.5  -4.7 
1944  -7.5  -6.3   0.5   5.3  11.8  15.9  20.7  21.9  17.3  10.5   0.5  -9.6 
