Number= 999003
Name= BALTISCHPORT
Country= USSR
Lat=   59.4
Long=  -24.1
Height= 10
Start year= 1839
End year= 1880
First Good year= 1839
Source ID= 10
Source file= Jones
Jones data to= 1880
Normals= -99.0 -99.0 -99.0 -99.0 -99.0 -99.0 -99.0 -99.0 -99.0 -99.0 -99.0 -99.0 
Obs:
1839  -4.2  -4.7  -7.4  -0.4  12.1  13.4  17.6  17.6  12.7   7.0   0.4  -8.7 
1840  -4.6  -5.7  -3.4   1.5   5.5  12.7  14.9  14.5  12.5   4.8  -0.5  -6.0 
1841  -7.6  -7.3  -2.1   2.9   9.3  13.3  14.8  15.4  11.5   6.2   1.3   1.1 
1842  -8.3  -1.9  -1.3   0.3  10.0  12.9  14.8  16.9   9.6   4.0  -0.6   1.4 
1843  -0.4  -2.1  -3.6  -0.3   4.8  12.7  15.7  17.9 -99.0   4.7   0.2   0.5 
1844  -6.3 -12.4  -4.9   0.9 -99.0  10.5  13.1  15.1  11.7   6.2  -2.2  -5.6 
1845  -2.1 -11.9  -8.6  -0.9   4.9  12.7  16.5  16.1  10.9   4.4   2.7  -2.0 
1846  -6.3  -8.6  -0.1   1.9   6.1  11.7  16.8  20.4  12.1   8.3   2.4  -3.8 
1847  -3.9  -9.4  -4.3  -1.5   6.0  13.7  15.0  18.0  13.1   5.5   4.6  -2.7 
1848 -12.4  -3.0   0.4   3.9   8.6  13.1  15.3  14.9  11.3   6.5   1.4  -1.6 
1849  -6.7  -3.8  -4.1   0.4   7.7  11.1  14.8  15.8  11.5   5.2   1.1  -5.6 
1850 -12.9  -5.9  -6.2   1.8   9.6  14.0  16.2  17.2  10.9   4.7  -0.9   0.0 
1851  -4.4  -6.1  -6.5   3.7   5.8  13.0  15.5  14.8  11.7   7.9   2.9   0.7 
1852  -4.5  -7.3  -3.8  -3.1   6.9  13.9  15.8  15.7  11.7   2.3  -2.9  -2.0 
1853  -2.7  -6.4  -6.9   0.0   8.2  14.7  17.3  14.7  12.2   7.6   1.7  -1.3 
1854  -8.8  -4.7  -2.6   1.3   9.4  14.2  18.5  19.1  10.7   7.8  -0.1  -0.9 
1855  -5.1 -10.9  -3.8   0.9   7.5  14.7  19.6  15.3  11.1   7.8   0.3  -5.3 
1856  -4.6  -7.7  -6.9   1.3   6.9  12.9  15.5  12.9  11.0   6.4  -3.6  -1.9 
1857  -6.7  -2.5  -1.4   1.1   6.3  11.5  15.1  17.5  10.4   7.4   1.8   0.9 
1858  -2.3  -4.7  -2.9   1.3   9.3  14.2  19.0  17.9  14.0   7.2  -1.4  -2.3 
1859  -0.7  -1.5  -1.8   2.1   9.8  16.4  17.3  16.7  11.2   5.1   1.7  -3.1 
1860  -4.5  -7.3  -4.2   3.3   7.1  14.2  17.5  15.4  12.5   5.3  -0.3  -7.0 
1861 -12.4  -3.7  -0.9   0.8   6.0  14.9  18.2  16.0  10.8   7.3   0.5  -0.9 
1862 -11.0  -9.7  -5.1   1.2   8.3  11.9  13.1  13.4  10.5   6.5  -2.3  -6.2 
1863  -1.0  -1.2  -1.0   3.3   7.5  13.8  13.8  14.9  13.3   8.0   3.9  -0.3 
1864  -1.8  -3.4  -1.2   2.6   4.7  14.6  16.7  12.7  10.1   3.4  -3.4  -3.3 
1865  -3.6 -10.5  -4.8   1.3   8.5  10.1  18.2  13.5  10.9   4.4   2.6  -0.6 
1866   0.4  -7.1  -4.8   2.7   6.5  14.8  15.0  15.2  14.2   6.2   0.0  -2.5 
1867  -9.1  -4.4  -6.1   0.1   2.1  11.2  14.3  14.9  10.3   7.3  -0.4  -7.8 
1868  -8.1  -5.5  -1.8   2.5   8.6  13.7  18.3  18.8  11.9   7.5  -1.1  -1.3 
1869  -5.5  -1.2  -0.4   4.0   8.5  12.3  15.5  15.6  11.9   6.2   0.3  -0.5 
1870  -2.5  -9.4  -3.2   3.9   7.8  13.1  17.1  14.2  11.0   4.3   2.1  -8.8 
1871  -7.5 -16.4   0.1   0.0   5.0  10.5  16.4  14.8   9.4   4.6  -0.8  -2.3 
1872  -1.9  -4.8  -1.7   4.0  10.6  15.3  16.8  15.0  11.0   7.7   2.8  -3.4 
1873  -1.3  -5.9  -1.5   1.4   6.8  14.0  17.5  15.3  12.8   8.0   1.5   0.4 
1874   0.3  -2.6  -1.7   2.9   5.8  12.5  16.0  14.5  11.8   9.6   1.2  -3.9 
1875  -8.9  -5.7  -4.7   0.1   7.9  13.3  16.6  14.9  10.3   3.0  -1.5  -7.7 
1876  -7.8  -6.4  -0.6   3.0   4.2  16.6  16.2  15.3  11.7   5.8  -2.4 -10.3 
1877  -6.5  -6.1  -5.7   0.4   5.1  12.5  15.2  14.7   9.2   6.1   5.2  -1.7 
1878  -3.8  -1.6  -2.3   3.4   7.8  13.6  14.2  15.1  13.1   8.9   3.2  -0.7 
1879  -7.5  -3.7  -3.3   1.2   8.5  13.5  15.5  16.4  13.5   6.6  -0.9  -2.9 
1880  -4.5  -3.1  -3.0   2.3   7.8  12.4  16.7  16.7  13.1   1.5   0.4  -3.4 
