Number= 999002
Name= MYGGBUKTA
Country= GREENLAND
Lat=   73.5
Long=   21.6
Height= 4
Start year= 1932
End year= 1950
First Good year= 1932
Source ID= 10
Source file= Jones
Jones data to= 1950
Normals= -99.0 -99.0 -99.0 -99.0 -99.0 -99.0 -99.0 -99.0 -99.0 -99.0 -99.0 -99.0 
Obs:
1932 -19.0 -14.2 -15.8 -17.3  -2.7   3.4   5.6   2.6  -1.2 -12.3 -17.1 -16.6 
1933 -12.7 -18.2 -17.0 -18.3  -6.4   1.9   5.9   3.4  -0.4 -10.3 -12.3 -12.4 
1934 -21.0 -24.3 -15.5 -13.0  -6.3   2.8   3.6   2.8   2.2  -6.7 -15.2 -18.0 
1935 -18.4 -20.8 -17.7 -18.5  -6.9   0.7   3.9   3.0  -2.7  -9.0 -10.1 -15.5 
1936 -26.1 -25.0 -26.6 -13.9  -0.7   2.6   5.7   5.3  -0.5  -7.1 -16.1 -19.7 
1937 -11.3 -26.0 -25.1 -14.8 -15.2   1.7   3.5   2.5  -2.0 -10.3 -13.6 -18.2 
1938 -24.4 -17.3 -21.1 -13.9  -6.1   2.2   3.0   4.1  -1.8  -5.6 -11.2 -10.0 
1939 -19.2 -23.4 -19.3 -15.5  -4.9   1.6   3.9   4.2   0.0  -6.2 -18.9 -25.0 
1940 -99.0 -99.0 -99.0 -99.0 -99.0 -99.0 -99.0 -99.0 -99.0 -99.0 -99.0 -99.0 
1941 -99.0 -99.0 -99.0 -99.0 -99.0 -99.0 -99.0 -99.0 -99.0 -99.0 -99.0 -99.0 
1942 -99.0 -99.0 -99.0 -99.0 -99.0 -99.0 -99.0 -99.0 -99.0 -99.0 -99.0 -99.0 
1943 -99.0 -99.0 -99.0 -99.0 -99.0 -99.0 -99.0 -99.0 -99.0 -99.0 -99.0 -99.0 
1944 -99.0 -99.0 -99.0 -99.0 -99.0 -99.0 -99.0 -99.0 -99.0 -99.0 -99.0 -99.0 
1945 -99.0 -99.0 -99.0 -99.0 -99.0 -99.0 -99.0 -99.0 -99.0 -99.0 -99.0 -99.0 
1946 -99.0 -99.0 -99.0 -99.0 -99.0 -99.0 -99.0 -99.0  -0.5  -8.6 -16.8 -19.3 
1947 -10.7 -19.7 -21.0 -17.9  -5.0   1.0   4.1   3.0  -0.7  -9.0 -21.5 -21.3 
1948 -28.0 -18.2 -19.4 -14.0  -6.1   0.2   2.3   2.1  -1.4 -10.8 -21.6 -23.4 
1949 -19.3 -15.9 -19.2 -16.9  -6.4   0.8   4.0   4.4  -2.7 -17.1 -19.7 -18.1 
1950 -17.5 -25.1 -22.6 -14.6  -5.8   1.9   2.8   2.2  -1.5  -9.0 -12.8 -22.8 
