Number= 999024
Name= PORT ARTHUR
Country= CHINA
Lat=   38.8
Long= -121.2
Height= 16
Start year= 1906
End year= 1944
First Good year= 1906
Source ID= 10
Source file= Jones
Jones data to= 1944
Normals= -99.0 -99.0 -99.0 -99.0 -99.0 -99.0 -99.0 -99.0 -99.0 -99.0 -99.0 -99.0 
Obs:
1906  -3.7  -5.4   2.3   9.0  13.9  18.8  22.8  23.9  19.4  14.2   3.4   1.0 
1907  -0.8  -4.7   1.6   8.8  13.7  19.0  22.3  24.3  20.3  15.7   4.9  -1.2 
1908  -5.3  -4.5   0.9   7.8  13.5  20.2  22.2  24.2  19.7  14.7   6.4   2.1 
1909  -4.0  -1.9   0.5   7.7  13.7  18.4  22.3  24.0  20.0  13.5   7.5  -0.8 
1910  -5.9  -2.9   0.9   8.2  14.8  18.9  22.7  23.9  19.5  14.7   5.2  -3.5 
1911  -4.0  -2.6   0.7   7.3  14.0  19.9  21.9  23.2  20.4  13.0   5.9  -1.5 
1912  -4.1   0.1   2.0   9.1  13.6  19.7  23.3  24.0  18.2  11.3   2.9  -3.0 
1913  -5.1  -3.7   1.1   8.7  14.5  18.3  21.5  23.3  20.4  13.0   6.7  -1.3 
1914  -1.6  -1.3   2.3   8.8  16.2  20.2  24.2  24.0  19.9  15.5   4.7  -1.6 
1915  -6.0  -5.0   0.1   7.1  13.9  18.7  22.8  23.6  19.8  14.3   7.5   1.9 
1916  -1.6  -2.2   0.0   7.6  14.1  19.3  23.3  24.3  18.7  13.8   6.8  -2.9 
1917  -7.7  -4.5   1.8   9.5  14.4  19.8  23.1  24.3  19.7  14.0   4.9  -4.4 
1918  -4.5  -1.5   3.1   9.2  13.5  19.5  22.9  24.3  19.8  14.4   5.0  -1.7 
1919  -7.1  -1.2   3.2   8.9  13.4  19.2  24.2  25.7  20.1  14.2   6.6  -1.6 
1920  -3.6  -5.9   2.7  10.5  17.5  20.2  24.3  25.1  18.9  15.6   6.9  -0.9 
1921  -2.5  -1.9   1.6   8.3  13.9  18.9  22.8  23.6  19.7  13.3   5.0   0.0 
1922  -8.0  -0.1   2.9  10.9  14.0  20.0  24.5  24.5  19.5  15.5   3.3  -0.7 
1923  -5.3  -4.4   2.6   7.5  15.1  19.2  22.9  24.4  19.4  13.4   5.4   0.3 
1924  -2.4  -3.8   0.5   8.5  15.4  20.2  22.7  25.1  21.2  13.8   4.1  -1.4 
1925  -4.1  -3.2   1.4   8.5  13.9  19.0  22.7  23.2  20.5  14.9   8.3  -1.6 
1926  -3.6  -1.7   3.0   9.2  14.5  20.4  22.8  24.4  20.0  12.5   7.6  -4.0 
1927  -4.0  -3.3   1.2   8.7  14.3  19.7  23.9  24.2  21.0  13.8   8.3  -1.6 
1928  -3.9  -2.5   2.6  10.4  15.1  19.5  23.5  23.9  19.8  13.5   5.5  -1.8 
1929  -4.5  -3.6   2.6   8.8  13.9  20.9  23.9  24.5  20.5  14.2   6.2  -2.5 
1930  -5.0  -1.9   3.6   8.9  15.2  20.0  23.6  24.7  20.3  14.0   3.6   0.3 
1931  -4.1  -4.9   2.7   7.5  14.1  18.8  21.2  23.5  20.2  13.6   7.2  -0.9 
1932  -0.1  -5.0   1.2   8.4  14.5  19.0  23.4  24.5  20.4  14.0   7.1   0.8 
1933  -5.9  -3.7  -0.4   8.5  15.1  19.3  24.3  23.7  21.2  14.6   6.3  -0.4 
1934  -6.7  -1.8   1.0   7.7  15.7  18.6  23.3  23.1  19.5  13.6   6.5   1.9 
1935  -2.4   0.4   4.8  10.7  15.9  19.3  22.8  24.3  20.5  16.0   5.0  -3.9 
1936  -7.1  -6.0  -0.7   8.3  14.5  18.9  22.4  23.3  20.6  14.9   7.6   0.4 
1937  -3.0  -2.5   1.5   8.5  15.5  20.0  24.2  25.2  19.9  14.3   6.3  -1.8 
1938  -5.9  -2.7   3.5  11.5  13.8  19.6  24.5  25.2  19.6  15.2   5.7  -1.4 
1939  -3.7  -2.1   3.4   9.8  14.6  19.5  25.3  26.3  20.1  13.8   6.7   0.8 
1940  -6.7  -2.8   3.0   9.2  16.1  19.7  23.8  21.7  19.5  15.1   7.2   0.9 
1941  -2.7  -2.6   3.7   8.9  15.3  19.2  22.7  23.2  19.3  14.4   7.4   0.6 
1942  -3.9  -4.4   3.6   9.0  13.4  20.4  24.4  23.1  19.7  13.5   7.1  -0.7 
1943  -5.3  -1.0   3.9   9.4  15.6  20.3  24.2  25.5  19.5  14.3   6.7   0.5 
1944  -3.0  -2.0   2.3   9.6  14.4  20.3  24.2  24.4  20.9  13.7   5.2  -4.2 
