Number= 999013
Name= FORT TRINQUET
Country= MAURITANIA
Lat=   25.2
Long=   11.6
Height= -999
Start year= 1945
End year= 1950
First Good year= 1945
Source ID= 10
Source file= Jones
Jones data to= 1950
Normals= -99.0 -99.0 -99.0 -99.0 -99.0 -99.0 -99.0 -99.0 -99.0 -99.0 -99.0 -99.0 
Obs:
1945  14.5  18.3  21.2  27.0  25.8  26.5  30.4  28.3  31.4  27.3  22.1  18.6 
1946  15.2  17.0  19.3  20.6  21.6  25.7  34.1  30.4  28.3  25.1  20.4  14.5 
1947  15.1  16.3  23.0  26.3  22.2  26.7  27.3  31.4  30.5  26.9  22.2  16.5 
1948  16.7  19.0  21.1  20.6  23.3  27.3  32.6  34.5  31.0  24.8  21.7  16.0 
1949  15.8  16.7  18.6  21.9 -99.0  27.5  33.1  35.4  29.2  27.2  21.0  17.6 
1950  15.0  18.3  22.3  21.8  23.6  29.3  33.3  31.5  27.9  24.1  22.0  16.5 
