Number= 999053
Name= SASSARI
Country= ITALY
Lat=   40.7
Long=   -8.6
Height= 224
Start year= 1883
End year= 1950
First Good year= 1883
Source ID= 10
Source file= Jones
Jones data to= 1950
Normals= -99.0 -99.0 -99.0 -99.0 -99.0 -99.0 -99.0 -99.0 -99.0 -99.0 -99.0 -99.0 
Obs:
1883 -99.0 -99.0 -99.0  12.4  16.4  18.2  24.0  22.6  20.2  15.8  13.6   9.3 
1884   9.4  11.0  11.9  14.0  18.7  17.6  24.8  23.0  20.7  14.6  11.8   9.8 
1885   6.7  11.1  11.4  12.8  16.2  19.9  23.9  23.5  21.4  15.1  13.0   9.6 
1886   8.1   8.9  10.5  13.4  17.6  19.2  23.8  22.6  22.2  18.9  13.2   9.6 
1887   7.1   7.8  11.5  12.5  16.4  22.1  25.2  24.5  21.8  13.8  12.1   9.2 
1888   7.8   6.8  10.0  12.8  18.1  21.8  22.6  22.6  22.4  15.0  13.0  11.3 
1889   8.3   7.7   9.3  12.1  17.7  21.4  23.5  22.9  20.3  17.5  12.2   8.1 
1890  10.5   8.3  10.2  12.6  16.6  20.8  21.6  25.1  20.1  15.9  10.9   8.4 
1891   6.0   7.4  10.2  12.1  16.6  20.7  24.0  23.0  21.9  18.1  13.2  10.7 
1892   9.2  10.2  10.2  14.1  17.1  22.2  24.4  23.5  21.7  17.1  14.3   9.9 
1893   6.4   9.8  12.4  15.9  18.0  21.6  23.7  24.1  23.0  18.8  13.0  10.2 
1894   7.9   9.2  10.2  13.9  15.8  20.5  24.2  23.4  21.4  18.0  14.3   9.0 
1895   6.7   7.7  10.3  14.5  16.3  20.5  24.3  23.6  24.0  17.9  15.4  10.5 
1896   7.8   8.9  12.5  11.9  15.5  20.5  24.4  21.7  20.9  16.0  11.7  10.1 
1897   8.6  10.4  11.6  13.6  15.7  22.3  25.1  23.5  20.2  15.4  13.7   9.3 
1898  10.7   8.8  10.6  13.1  16.4  20.8  23.2  23.7  22.2  17.6  15.0  10.1 
1899   9.9  10.9  11.4  13.4  17.0  20.2  23.0  24.7  21.8  20.1  14.4  10.0 
1900   9.1  11.0   9.3  12.4  16.1  20.6  23.1  22.8  22.3  18.9  12.8  10.3 
1901   5.0   6.8   9.8  15.3  14.1  23.3  23.1  23.7  24.0  18.0  12.1   9.5 
1902   8.6   9.1  11.2  15.1  12.9  19.9  26.1  25.5  23.6  16.1  15.0   9.1 
1903   8.9   9.5  10.9  11.2  17.4  18.8  22.4  23.3  21.4  19.7  14.2   8.2 
1904   8.7   9.5  11.1  14.3  18.8  22.5  25.6  25.2  19.7  16.2  11.2   9.8 
1905   6.7   7.1  11.3  13.4  15.3  21.3  25.6  23.9  21.4  13.7  12.1   9.6 
1906   8.8   7.0   9.8  12.2  15.2  20.7  22.5  24.1  20.5  17.6  13.0   7.9 
1907   7.4   7.1   9.6  11.4  17.6  20.1  22.2  24.6  21.9  17.3  14.0  12.2 
1908   8.9   9.1   9.0  11.1  20.0  21.3  22.6  23.4  20.1  17.7  13.2   9.5 
1909   7.5   6.2   9.5  14.0  17.1  19.4  21.0  23.0  19.9  17.9  12.5  10.9 
1910   8.3   8.5  10.5  12.3  15.0  19.7 -99.0  22.8  18.6  17.6  11.4  10.0 
1911   6.5   8.2  10.9  11.6  12.6  21.8  24.9  26.0  22.1  17.0  13.4  11.0 
1912   9.6  11.2  11.6  11.8  16.9  18.7  23.3  21.5  16.7  16.2   9.5   9.7 
1913   9.9   8.3  11.9  12.1  16.3  21.0  20.9  23.2  21.5  18.3  14.1   9.5 
1914   6.4  10.1  10.5  15.3  16.1  19.1  21.8  22.3  19.8  16.2  11.6  10.1 
1915   7.1   7.3   9.8  11.6  17.7  20.8  23.9  22.7  19.1  14.0  11.4  11.0 
1916   9.2   9.5  11.0  12.8  17.5  20.3  23.3  23.7  18.4  15.9  12.6   9.9 
1917   7.2   7.9   9.0  10.9  18.4  22.1  23.6  23.6  22.6  15.4  10.9   6.8 
1918   8.2   7.9   9.5  12.0  17.0  19.2  23.3  22.9  22.5  14.3  12.2  10.3 
1919   7.9   8.3  10.2  11.9  15.6  20.7  21.2  23.5  21.8  14.4  11.2   9.2 
1920   9.1   9.8  11.8  13.9  20.8  20.8  23.8  22.8  21.2  16.6  12.2   9.0 
1921   9.3   8.9  10.4  11.7  17.3  20.2  24.3  23.4  22.9  18.6  11.7  10.4 
1922   7.6   9.0  12.1  12.8  19.0  21.3  21.9  25.3  18.9  16.2  10.9   8.7 
1923   6.7   9.1  10.2  12.4  16.7  17.1  24.9  25.1  20.0  17.8  13.4   8.5 
1924   7.0   7.4  10.1  13.7  19.4  21.1  24.2  21.2  21.7  16.5  12.8  10.0 
1925   9.3   9.3   7.9  12.7  16.4  21.6  22.5  23.4  18.7  16.5  11.6   8.5 
1926   8.1  11.3  11.8  13.6  15.2  18.7  21.5  22.8  22.8  19.8  15.0   8.9 
1927   8.1   8.3  10.9  13.8  18.1  21.4  23.5  24.1  20.9  16.3  14.0  10.0 
1928   9.1   9.4  10.5  13.7  14.8  22.1  26.2  26.4  21.6  17.1  12.1   8.0 
1929   5.5   5.9  10.4  12.8  16.6  22.2  24.6  23.3  22.6  16.8  12.3   9.8 
1930  10.0   8.0  11.4  13.1  16.0  22.6  23.1  23.2  21.5  17.0  14.1  10.1 
1931 -99.0 -99.0 -99.0 -99.0 -99.0 -99.0 -99.0 -99.0 -99.0 -99.0 -99.0 -99.0 
1932 -99.0 -99.0 -99.0 -99.0 -99.0 -99.0 -99.0 -99.0 -99.0 -99.0 -99.0 -99.0 
1933 -99.0 -99.0 -99.0 -99.0 -99.0 -99.0 -99.0 -99.0 -99.0 -99.0 -99.0 -99.0 
1934 -99.0 -99.0 -99.0 -99.0 -99.0 -99.0 -99.0 -99.0 -99.0 -99.0 -99.0 -99.0 
1935 -99.0 -99.0 -99.0 -99.0 -99.0 -99.0 -99.0 -99.0 -99.0 -99.0 -99.0 -99.0 
1936 -99.0 -99.0 -99.0 -99.0 -99.0 -99.0 -99.0 -99.0 -99.0 -99.0 -99.0 -99.0 
1937 -99.0 -99.0 -99.0 -99.0 -99.0 -99.0 -99.0 -99.0 -99.0 -99.0 -99.0 -99.0 
1938 -99.0 -99.0 -99.0 -99.0 -99.0 -99.0 -99.0 -99.0 -99.0 -99.0 -99.0 -99.0 
1939 -99.0 -99.0 -99.0 -99.0 -99.0 -99.0 -99.0 -99.0 -99.0 -99.0 -99.0 -99.0 
1940 -99.0 -99.0 -99.0 -99.0 -99.0 -99.0 -99.0 -99.0 -99.0 -99.0 -99.0 -99.0 
1941   8.0   9.3  12.4  13.2  15.3  22.7  24.7  23.7  20.6  16.5  12.7   8.8 
1942 -99.0 -99.0 -99.0 -99.0 -99.0 -99.0 -99.0 -99.0 -99.0 -99.0 -99.0 -99.0 
1943 -99.0 -99.0 -99.0 -99.0 -99.0 -99.0 -99.0 -99.0 -99.0 -99.0 -99.0 -99.0 
1944 -99.0 -99.0 -99.0 -99.0 -99.0 -99.0 -99.0 -99.0 -99.0 -99.0 -99.0 -99.0 
1945 -99.0 -99.0 -99.0 -99.0 -99.0 -99.0 -99.0 -99.0 -99.0 -99.0 -99.0 -99.0 
1946 -99.0 -99.0 -99.0 -99.0 -99.0 -99.0 -99.0 -99.0 -99.0 -99.0 -99.0 -99.0 
1947 -99.0 -99.0 -99.0 -99.0 -99.0 -99.0 -99.0 -99.0 -99.0 -99.0 -99.0 -99.0 
1948  10.6   9.2  12.1  13.8  18.2  19.7  20.3  23.1  20.0  18.3  12.8  10.8 
1949   9.9   9.6   9.9  15.9  15.6  20.6  24.2  23.7  24.4  18.0  12.3  10.5 
1950   9.0   9.8  10.9  11.3  17.5  22.3  25.3  27.0  20.3  17.4  12.0   8.3 
