Number= 999109
Name= ISLOTES DE LOS EVANG
Country= PERU
Lat=  -52.4
Long=   75.1
Height= 55
Start year= 1901
End year= 1950
First Good year= 1901
Source ID= 10
Source file= Jones
Jones data to= 1950
Normals= -99.0 -99.0 -99.0 -99.0 -99.0 -99.0 -99.0 -99.0 -99.0 -99.0 -99.0 -99.0 
Obs:
1901   9.3   8.6   8.3   8.4   6.1   5.2   3.2   4.3   5.0   5.5   7.4   7.9 
1902   8.2   8.2   8.6   7.6   4.8   4.0   3.1   3.0   3.4   4.4   5.4   7.2 
1903   8.2   8.1   6.8   6.4   6.5   3.9   4.4   4.3   4.8   5.4   6.1   7.0 
1904   8.6   8.6   7.0   8.0   5.3   5.2   2.4   4.6   4.6   5.4   5.8   9.2 
1905   9.2   8.4   8.7   7.2   5.6   3.5   3.3   3.6   3.5   4.8   6.0   6.7 
1906   8.4   8.6   6.8   5.4   2.8   4.0   3.3   4.3   4.7   5.4   6.0   6.4 
1907   8.2   8.9   7.8   7.0   4.8   3.4   4.0   4.9   4.2   5.4   6.2   6.6 
1908   8.1   9.0   8.4   6.3   6.0   6.2   4.0   4.4   5.0   5.2   5.4   6.9 
1909   7.7   8.2   8.4   7.2   5.7   3.5   4.4   3.5   5.4   6.1   6.5   6.2 
1910   6.9   8.0   7.8   5.4   5.8   3.1   3.4   3.2   4.4   5.2   5.7   7.4 
1911   8.8   8.9   8.5   7.4   6.9   7.1   5.8   4.4   4.8   5.4   6.8   8.7 
1912   9.5   8.1   7.9   7.6   5.3   5.5   5.4   3.7   4.9   6.7   5.3   7.6 
1913   8.4   6.6   7.3   7.2   5.4   5.6   5.4   5.2   6.9   6.0   6.4   8.0 
1914   8.6   8.9  10.5   7.7   7.0   5.9   6.2   6.1   6.0   6.8   6.8   8.3 
1915   9.1  10.0   9.9   5.7   6.6   3.6   4.8   4.9   4.7   6.1   7.0   8.0 
1916   8.8   9.4   8.8   7.4   6.5   4.7   4.0   5.0   4.6   6.1   6.3   7.4 
1917   8.0   8.8   8.3   7.9   7.2   5.5   5.1   4.8   5.7   6.2   7.2   6.9 
1918   7.6   8.9   7.7   6.5   4.2   4.2   3.1   3.5   4.9   5.7   5.4   8.0 
1919   8.9   9.2  10.0   6.8   6.6   5.4   5.2   4.6   3.9   5.2   5.3   7.4 
1920   8.1   8.0   7.7   7.7   5.0   4.9   3.4   5.2   4.5   4.6   6.0   7.0 
1921   7.8   8.2   8.3   7.4   4.8   4.6   4.2   3.0   4.3   6.2   6.4   7.3 
1922   7.7   7.4   7.1   6.6   6.0   4.3   4.5   3.6   4.6   5.0   5.8   7.3 
1923   8.4   8.4   7.6   6.6   6.2   3.7   2.5   3.6   4.0   5.7   6.5   6.8 
1924   8.9   8.6   8.0   7.4   5.3   4.2   3.4   4.0   4.2   6.5   6.0   6.9 
1925   7.9   8.2   7.4   6.4   5.6   4.2   4.1   3.2   1.8   4.3   4.8   7.3 
1926   8.0   8.7   7.0   6.6   6.0   4.5   3.3   4.0   3.6   4.8   5.5   7.1 
1927   7.6   7.8   8.2   7.0   5.2   4.7   3.9   4.2   4.0   5.2   5.4   7.0 
1928   6.8   7.8   6.7   6.6   6.1   3.7   3.5   4.8   5.0   6.0   5.6   6.6 
1929   8.8   8.8   8.2   7.4   5.9   5.2   4.4   4.0   4.1   4.8   5.2   6.4 
1930   7.3   8.2   7.0   8.2   6.3   3.4   2.3   3.4   5.3   5.1   6.9   7.0 
1931   9.6   9.8   8.6   8.0   6.7   5.2   4.2   5.1   4.4   5.6   6.3   7.4 
1932   8.4   8.4   8.1   7.3   7.2   5.6   4.2   5.5   6.4   7.3   7.7   8.4 
1933  10.6   9.8   9.8   8.7   7.9   5.9   6.0   6.1   6.6   7.3   7.9  10.2 
1934  11.0  10.7   9.9   9.5   7.8   5.5   5.3   6.3   7.1   8.1   9.6   9.9 
1935 -99.0 -99.0 -99.0 -99.0 -99.0 -99.0 -99.0 -99.0 -99.0 -99.0 -99.0 -99.0 
1936 -99.0 -99.0 -99.0 -99.0 -99.0 -99.0 -99.0 -99.0 -99.0 -99.0 -99.0 -99.0 
1937 -99.0 -99.0 -99.0 -99.0 -99.0 -99.0 -99.0 -99.0 -99.0 -99.0 -99.0 -99.0 
1938 -99.0 -99.0 -99.0 -99.0 -99.0 -99.0 -99.0 -99.0 -99.0 -99.0 -99.0 -99.0 
1939 -99.0 -99.0 -99.0 -99.0 -99.0 -99.0 -99.0 -99.0 -99.0 -99.0 -99.0 -99.0 
1940 -99.0 -99.0 -99.0 -99.0 -99.0 -99.0 -99.0 -99.0 -99.0 -99.0 -99.0 -99.0 
1941   8.7 -99.0  10.7   5.9   5.7   5.3   6.3   5.2   4.9   5.8   6.6   8.8 
1942   8.9   8.7   7.6   8.1   6.4   5.2   4.9   4.6   5.8   6.5   7.4   8.8 
1943   8.6 -99.0 -99.0 -99.0 -99.0 -99.0 -99.0 -99.0   5.5   5.7   6.2   8.1 
1944 -99.0 -99.0 -99.0 -99.0 -99.0 -99.0 -99.0 -99.0 -99.0 -99.0 -99.0 -99.0 
1945  10.6  11.1   9.0   7.5   6.8   5.7 -99.0 -99.0   5.5   5.5   6.5   8.6 
1946   8.9   8.2 -99.0   7.8   5.6   4.7   4.6   3.3   5.0   4.9   5.9   7.9 
1947   8.5   9.1   9.0   6.8   5.4   4.6   5.2   6.3   6.3   6.3   7.3 -99.0 
1948 -99.0   8.3   7.0   7.2   5.5 -99.0 -99.0 -99.0 -99.0 -99.0 -99.0 -99.0 
1949   6.9   7.6   6.4   6.0   5.7   5.2   4.7   4.0   4.7   5.7   6.5   7.9 
1950   8.6   9.1   8.9   7.2   5.5   5.1   5.1   3.5   4.7   5.9   6.2   7.8 
