Number= 999233
Name= VICTORIA
Country= ARGENTINA
Lat=  -32.7
Long=   60.2
Height= -999
Start year= 1931
End year= 1960
First Good year= 1931
Source ID= 10
Source file= Jones
Jones data to= 1960
Normals= -99.0 -99.0 -99.0 -99.0 -99.0 -99.0 -99.0 -99.0 -99.0 -99.0 -99.0 -99.0 
Standard deviations source= Data
Standard deviations source start year= 1941
Standard deviations source end year= 1960
Standard deviations=   1.3   1.7   1.3   0.9   1.7   1.5   2.0   1.6   1.6   1.2   1.1   1.5 
Obs:
1931  24.5  25.0  22.4  17.1  12.1  10.1  11.1  11.8  13.0  18.4  19.4  23.3 
1932  26.2  22.8  22.8  18.8  12.9  12.2  15.3  11.3  16.0  18.4  23.0  23.9 
1933  25.4  24.1 -99.0 -99.0 -99.0 -99.0   9.1  14.7  15.7  19.5  21.1 -99.0 
1934  28.8  24.5  22.5  15.6  15.3  12.7  11.9  12.7  14.1  17.1  20.1  23.5 
1935  25.0  24.4  24.1  17.2  16.4  13.9  12.4  14.0  14.9  16.8  21.2  23.3 
1936  24.8  24.1  22.7  17.4  15.2  12.4  12.5  11.4  14.9  17.5  18.9  22.8 
1937  24.4  24.7  21.4  18.6  13.6  14.6  10.5  12.6  13.6  15.3  20.2 -99.0 
1938  23.6  23.9  20.7  16.4  15.4  12.7  11.5  11.3  15.5  17.6  20.5  25.2 
1939  25.5  22.8  21.8  16.0  15.9  14.1  13.2  15.4  13.8  18.5  18.4  21.4 
1940  24.9  24.1  21.2  17.9  16.7  13.8  13.7  10.9  15.0  15.5  19.6  22.9 
1941  24.0  22.2  19.9  17.7  14.0  13.2  12.8  13.8  13.0  18.3  20.2  23.2 
1942  26.0  24.8  21.1  17.7  12.6   9.8   9.2  13.1  14.5  17.6  22.7  25.2 
1943  27.1  27.4  21.3  17.4  15.8  12.2  14.0   9.7  15.3  19.3  19.8  24.5 
1944  23.8  25.1  21.5  18.1  14.8  13.3  13.5  15.3  19.5  18.4  20.7  26.6 
1945  27.1  24.3  22.6 -99.0  16.4  12.7  11.7  15.2  16.5  20.0  20.8  24.4 
1946  24.6  26.3  21.0  18.3  14.6  10.5  10.4  13.0  16.0  17.2  21.9  21.6 
1947  24.1  24.5  21.0  17.2  14.8  14.4  11.0  11.1  14.3  18.4  22.5  21.6 
1948  23.9  22.6  19.7  17.1  14.6  13.9  11.1  11.2  16.5  17.4  21.0  25.8 
1949  24.7  23.4  21.1  18.7  15.0  11.9  11.1  12.4  14.1  15.8  22.9  25.3 
1950  26.8  24.6  22.0  18.9  16.6  12.5  11.6  13.1  13.0  16.2  19.4  22.4 
1951 -99.0 -99.0  20.5  16.3  16.8  14.7  14.9  14.9  15.8 -99.0  21.4  23.1 
1952  27.1  25.9  25.0  17.9  16.1   9.1  12.3  12.7  14.0  17.1  19.7  22.7 
1953  25.1  26.6  22.6  17.2  15.6  12.0   8.9  15.7  17.1  16.9  21.9  23.1 
1954  24.4  24.9  23.0  17.3  13.2  11.5  10.2  13.1  13.8  17.5  20.8  22.6 
1955  26.9  22.6  19.5  17.2  13.0  10.8   9.2  12.5  13.9  15.5  22.8 -99.0 
1956 -99.0  21.3  22.1  15.6  11.3  11.3  11.6  12.3  14.2  17.6  20.7  22.8 
1957  26.3  21.7  23.8  16.4  18.8  10.9   9.9  12.9  14.2  18.2  19.7  22.6 
1958  24.5  22.2  21.5  18.2  14.8  13.7  17.0  10.6  16.5  19.6  20.8  21.1 
1959  23.4  25.0  21.0  16.0  13.3  11.8  13.1  11.0  15.2  18.0  20.0  22.6 
1960  26.0  25.8  22.6  18.6  14.4  12.5  11.7  13.5  16.0  18.6  20.8  23.9 
