Number= 999214
Name= LA COCHA
Country= ARGENTINA
Lat=  -27.8
Long=   65.6
Height= -999
Start year= 1931
End year= 1960
First Good year= 1931
Source ID= 10
Source file= Jones
Jones data to= 1960
Normals= -99.0 -99.0 -99.0 -99.0 -99.0 -99.0 -99.0 -99.0 -99.0 -99.0 -99.0 -99.0 
Standard deviations source= Data
Standard deviations source start year= 1941
Standard deviations source end year= 1960
Standard deviations=   1.5   1.2   1.1   1.0   1.5   1.7   1.9   1.6   1.7   1.4   1.2   1.6 
Obs:
1931  23.8  25.4  21.8  19.4  11.5   9.4  11.2  12.4  14.3  21.4  21.7  24.3 
1932  25.2  23.9  23.1  19.2  13.5  12.0  14.0  13.0  17.6  20.7  23.6  24.3 
1933  25.2  23.7  21.8  18.9  15.7  11.8   9.1  14.7  17.2  21.9  23.9  24.2 
1934  27.2 -99.0 -99.0  16.7  15.3  13.0  12.1  14.5  16.6  19.8  21.9  24.2 
1935  25.5  25.3  23.6  17.8  17.9  13.1  11.5  14.9  17.0  19.8  25.0  24.1 
1936  25.7  23.4  22.5  18.1  16.0  12.2  13.0  13.4  18.8  22.4  22.1  26.7 
1937  25.0  27.2  23.6  19.1  15.1  14.3  11.9  15.6  17.7  20.4  25.8  27.0 
1938  25.9  23.0  21.3  16.6  15.4  12.0  11.8  12.3  18.4  22.4  23.7  26.8 
1939  27.4  24.4  21.3  16.6  16.1  14.4  13.4  17.9  16.9  20.6  20.3  23.1 
1940  24.2  22.8  21.3  18.9  16.7  13.7  13.5  12.4  17.2  17.6  20.8  24.8 
1941  25.7  22.3  20.0  18.1  13.7  12.4  12.0  14.3  14.8  22.6  23.3  26.8 
1942  27.1  24.3  21.4  18.3  13.9   8.2   9.0  13.7  17.8  20.8  24.0  24.9 
1943  26.7  25.3  21.5  18.0  15.4  12.4  12.0  10.3  17.3  22.1  24.1  24.8 
1944  24.3  24.9  21.9  18.8  15.9  14.1  14.1  17.1  22.2  21.1  22.9  28.3 
1945 -99.0 -99.0 -99.0 -99.0 -99.0 -99.0 -99.0 -99.0 -99.0 -99.0 -99.0 -99.0 
1946  24.5  25.8  22.3  20.8  16.1  10.9  12.4  16.1  20.2  20.2  23.9  25.1 
1947  27.9  26.1  23.7  18.6  16.6  15.1  12.0  13.4  16.3  20.0  23.5  26.6 
1948  27.3  24.5  21.8  18.8  16.4  14.1  13.2  14.1  20.3  21.3  23.7  28.8 
1949  25.4  25.1  22.2  19.2  16.2  12.8  11.1  14.6  16.8  17.4  24.4  24.8 
1950  25.3  24.5  23.0  20.4  17.0  13.3  13.4  16.9  16.4  21.1  22.5  26.3 
1951  25.4  22.0  21.7  16.9  17.7  13.6  14.1  15.9  18.1  21.9  24.3  24.4 
1952  26.1  23.6  24.4  19.7  17.4   8.8  13.7  15.3  17.9  19.6  21.1  26.0 
1953  26.5  24.6 -99.0  19.1  16.0  12.3   9.4  16.9  21.0  19.5  24.5  25.5 
1954  27.1  24.3  23.7 -99.0  13.7  11.5  10.5  15.5  17.0  20.4  25.2  27.5 
1955  27.9  23.0  20.5  18.9  14.6  12.8   9.4  14.7  18.0  19.1  24.0  25.0 
1956  24.0  21.8  22.0  17.4  12.9  11.2  13.6  14.5  18.3  18.9  20.0  24.0 
1957  25.8  23.1  23.5  17.8  18.4  11.8  10.6  15.0  16.7  23.0  22.3  24.4 
1958  23.6  24.9  21.2  19.3  13.9  14.1  16.6  12.4  17.9  20.6  23.0  22.0 
1959  22.1  24.3  21.3  17.2  14.4  13.0  14.0  13.5  17.7  19.5  22.0  24.2 
1960  26.1  24.9  21.9  18.5  14.4  13.5  11.5  14.9  18.2  19.6  22.6  25.4 
