Number= 999205
Name= CASILDA
Country= ARGENTINA
Lat=  -33.0
Long=   61.2
Height= -999
Start year= 1931
End year= 1960
First Good year= 1931
Source ID= 10
Source file= Jones
Jones data to= 1960
Normals= -99.0 -99.0 -99.0 -99.0 -99.0 -99.0 -99.0 -99.0 -99.0 -99.0 -99.0 -99.0 
Standard deviations source= Data
Standard deviations source start year= 1941
Standard deviations source end year= 1960
Standard deviations=   1.3   1.8   1.2   1.3   1.6   1.6   2.1   1.4   1.8   1.3   1.1   1.4 
Obs:
1931  23.2  24.3  21.2  15.5  10.1   7.8   8.8  10.1  11.5  17.0  18.0  22.6 
1932  25.4  22.5  21.4  17.6  10.8  10.2  13.0   9.7  13.3  16.5  21.2  22.1 
1933  22.6  22.0  19.9  16.7  13.7   9.5   7.0  12.2  13.9  17.6  19.8  21.6 
1934  25.8  22.4  20.5  13.4  12.9  10.5   9.9  11.1  11.9  15.1  18.5  21.2 
1935  23.2  23.2  22.2  15.0  17.0  11.0  10.1  11.9  13.3  13.4  19.4  21.7 
1936  23.1  23.3  21.1  16.2  13.6  10.8  10.7   9.7  13.3  16.3  18.0  21.7 
1937  22.8  23.8  19.7  17.0  12.3  12.9   8.9  11.4  11.8  14.3  18.8  22.4 
1938  21.9  21.6  19.3  14.4  14.0  10.7   9.6   9.9  14.4  16.5  19.4  25.0 
1939  24.2  21.7  19.8  14.1  14.1  12.4  11.3  14.1  13.4  16.8  17.3  21.3 
1940  24.0  23.3  20.2  16.4  15.4  12.0  11.7   9.5  12.9  14.6  18.3  21.6 
1941  22.8  21.8  18.5  16.2  12.4  10.9  11.5  12.0  11.6  17.7  19.1  22.0 
1942  23.7  22.5  19.2  16.4  10.9   7.9   7.1  11.6  13.3  16.7  21.8  24.4 
1943  26.4  26.3  20.3  15.6  14.4  10.9  12.1   7.7  13.6  18.7  19.0  23.8 
1944  22.7  24.0  20.1  16.4  12.9  11.9  11.1  12.8  17.3  18.5  20.6  25.2 
1945  25.5  23.2  21.7  19.1  14.3  10.6   9.2  13.4  14.9  18.4  20.1  23.4 
1946  23.5  25.3  19.5  17.2  13.6   9.1   9.2  11.6  14.7  15.9  20.5  20.7 
1947  22.7  24.0  19.9  15.6  14.0  12.8   8.5   9.6  12.9  18.4  22.1  20.0 
1948  22.6  21.8  18.1  16.6  13.3  12.5   9.6   9.9  14.4  16.7  20.5 -99.0 
1949 -99.0 -99.0 -99.0 -99.0 -99.0 -99.0 -99.0 -99.0 -99.0 -99.0  20.2  21.4 
1950  25.6  23.4  20.4  16.7  14.8  10.3   9.4  10.8  18.8  14.3  17.8  24.0 
1951  23.0  20.0  18.6  13.6  15.2  12.7  12.3  13.0  13.5  16.2  19.5  21.4 
1952  24.3  23.9  22.4  15.4  14.0   6.9  10.4  10.5  11.9  15.6  18.1  21.5 
1953  23.1  25.4  20.4  15.2  13.6  10.0   6.4  13.0  15.1  14.9  19.3  21.5 
1954  22.9  23.4  21.2  15.2  11.4   9.8   8.0  10.7  11.8  15.6  19.8  21.8 
1955  25.1  21.5  18.4 -99.0 -99.0 -99.0 -99.0  10.7  11.9  14.6  21.7  22.5 
1956  21.4  20.2  20.5  13.8   9.7  10.2   9.6  10.2  12.4  16.4  19.6  22.4 
1957  25.6  21.0  22.3  14.9  16.7   9.1   7.9  11.1  12.8  17.2  19.2  21.7 
1958  23.2  21.1  19.7  16.2  13.2  12.2  15.4   9.2  14.6  18.4  19.8  20.3 
1959  22.7  23.4  19.5  14.2  12.2   9.9  10.9   9.8  13.3  16.5  18.7  22.0 
1960  24.7  25.1  21.3  16.8  13.0  10.7  10.1  11.9  14.5  17.4  20.2  22.5 
