Number= 999206
Name= CHOELE CHOEL
Country= ARGENTINA
Lat=  -39.2
Long=   66.8
Height= -999
Start year= 1931
End year= 1960
First Good year= 1931
Source ID= 10
Source file= Jones
Jones data to= 1960
Normals= -99.0 -99.0 -99.0 -99.0 -99.0 -99.0 -99.0 -99.0 -99.0 -99.0 -99.0 -99.0 
Standard deviations source= Data
Standard deviations source start year= 1941
Standard deviations source end year= 1960
Standard deviations=   1.1   1.4   1.2   1.5   1.2   1.2   1.4   1.2   1.1   1.2   1.7   1.4 
Obs:
1931  22.7  24.0  18.8  13.1   7.4   7.2   6.5   8.2  11.3  18.1  18.1  24.0 
1932  26.3  24.4  20.5  15.7   9.8   7.7   9.5   7.5  12.1  15.2  20.7  23.3 
1933  23.9  23.2  19.7  16.7  11.1   6.8   5.8   8.9  12.5  15.7  20.3  20.8 
1934  24.5  21.5  17.7  12.3   9.7   6.6   7.4   9.6   9.8  14.0  17.6  21.6 
1935  23.5  22.6  21.4  14.4  13.1   8.7   7.3   9.6  10.5  13.2  21.4  21.7 
1936  23.9  23.7  20.2  15.7   9.5   6.6   8.8   7.3  12.8  15.7  20.2  22.5 
1937  24.3  22.1  18.6  16.1  10.2   8.7   6.7   7.7  12.5  14.6  18.8  23.0 
1938  21.2  21.8  18.0  13.0  11.0   7.6   7.7   7.6  12.2  16.4  18.1  23.0 
1939  24.4  22.2  18.7  13.6  10.0   8.0   8.6   9.9  10.5  14.3  18.1  19.4 
1940  22.7  23.1  17.6  14.9  11.1   8.9   8.9   7.2  12.0  12.4  18.6  21.7 
1941  24.9  21.6  17.5  12.6   9.7   8.4   8.8  11.0  10.8  18.1  18.6  22.2 
1942  24.9  22.6  18.2  15.1   9.0   8.3   5.8   8.8  12.8  16.3  21.4  25.0 
1943  25.0  24.3  18.1  12.5  12.3   7.9   8.2   6.8  13.1  17.3  20.0  26.5 
1944  23.9  24.7  21.7  15.4  12.0   9.4   7.4  10.2  14.4  16.7  21.2  25.6 
1945  24.2  21.1  20.0  16.2  13.4   7.0   7.3  11.1  14.1  18.6  20.2  23.6 
1946  23.2  23.1  18.3  15.7  11.4   7.3   8.2   9.7  12.3  16.5  20.3  22.2 
1947  23.7  23.7  19.6  14.9  11.4   9.7   6.4   9.0  12.2  18.0  25.6  22.4 
1948  25.3  23.7  19.0  15.4  11.6   8.4   6.9   7.8  12.0  15.6  20.4  25.2 
1949  26.0  22.0  19.3  17.2  10.9   8.7   7.1   9.1  12.4  16.6  22.8  22.5 
1950  24.8  24.9  20.9  16.2  10.7  10.1   8.5   9.5  10.1  15.3  18.4  22.6 
1951  23.5  20.3  19.1  15.9 -99.0 -99.0   8.1  11.2  11.2  15.5  19.3  21.6 
1952  24.7  24.5  20.5  16.4  12.1   5.2   8.7   9.2  13.4  16.7  20.8  23.0 
1953  24.0  25.5  19.9  15.3  12.7   8.5   5.6  11.2  13.2  14.7  20.0  22.2 
1954  22.7  23.6  22.2  14.3   9.7   7.2   7.0   9.8  10.6  15.4  20.4  23.0 
1955  23.2  23.1  18.5  14.8   9.5   6.5   5.3   8.8  11.1  15.4  21.6  21.8 
1956 -99.0  22.4  18.3  12.0   8.9   7.1   8.2   9.9  11.2  15.9 -99.0 -99.0 
1957 -99.0 -99.0 -99.0 -99.0 -99.0 -99.0 -99.0 -99.0  11.3  15.3  19.5  22.0 
1958  25.7  20.5  20.2  15.6  10.7   8.3  11.4   8.1  11.7  17.8  18.2  21.1 
1959  21.5  23.1  19.1  11.6  10.7   8.1   7.9   9.1  12.6  13.5  19.2  22.2 
1960  25.2  24.1  19.1  14.7  11.6   7.3   5.8   9.8  12.1  16.0  20.9  22.8 
