Number= 932920
Name= GISBORNE AERODROME
Country= NEW ZEALAND
Lat=  -38.7
Long= -178.0
Height= 8
Start year= 1905
End year= 2011
First Good year= 1962
Source ID= 10
Source file= Jones+Anders
Jones data to= 2001
Normals source= Data
Normals source start year= 1961
Normals source end year= 1990
Normals=  19.4  19.1  17.7  15.0  12.3  10.2   9.5  10.3  12.0  14.0  16.1  17.9 
Standard deviations source= Data
Standard deviations source start year= 1941
Standard deviations source end year= 1990
Standard deviations=   1.1   1.1   1.0   0.9   0.8   0.9   0.7   0.7   0.8   1.0   1.0   0.9 
Obs:
1905 -99.0  18.4  17.3  14.8  12.6  10.4   9.3   9.9  12.6  13.9  16.0  17.1 
1906  17.9  18.0  15.9  14.8  12.3  10.2  10.8   9.9  11.4  14.3  14.2  18.6 
1907  19.2  18.4  18.3  17.2  12.2   9.9   9.3  10.1  11.9  13.8  17.0  21.1 
1908  20.1  18.2  18.3  15.1  12.7  10.8   8.9   9.2  12.1  12.8  15.7  16.7 
1909  19.3  18.2  18.3  16.0  13.3  11.3  10.2  10.9  12.6  14.6  16.9  19.1 
1910  20.9  20.6  18.6  13.8  12.8  10.8   9.5  10.7  12.1  15.2  16.7  16.8 
1911  18.2  17.8  18.3  17.5  12.9  10.3   8.9  10.1  12.0  12.7  15.2  16.2 
1912  18.1  17.3  16.4  14.4  11.3  10.3   9.0   8.8  12.8  13.9  15.1  16.7 
1913  20.1  18.6  19.6  13.4   9.4   8.8  10.4  10.3  11.1  14.0  15.2  15.9 
1914  20.9  18.8  17.4  14.6  11.6   9.1   8.5   9.4  11.4  13.4  15.2  16.6 
1915  20.0  18.6  16.4  13.7  11.9  10.5  11.1   9.7  13.6  15.1  16.4  18.1 
1916 -99.0 -99.0 -99.0 -99.0 -99.0 -99.0 -99.0 -99.0 -99.0 -99.0 -99.0 -99.0 
1917 -99.0 -99.0 -99.0 -99.0 -99.0 -99.0 -99.0 -99.0 -99.0 -99.0 -99.0 -99.0 
1918 -99.0 -99.0 -99.0 -99.0 -99.0 -99.0 -99.0 -99.0 -99.0 -99.0 -99.0 -99.0 
1919 -99.0 -99.0 -99.0 -99.0 -99.0 -99.0 -99.0 -99.0 -99.0 -99.0 -99.0 -99.0 
1920 -99.0 -99.0 -99.0 -99.0 -99.0 -99.0 -99.0 -99.0 -99.0 -99.0 -99.0 -99.0 
1921 -99.0 -99.0 -99.0 -99.0 -99.0 -99.0 -99.0 -99.0 -99.0 -99.0 -99.0 -99.0 
1922 -99.0 -99.0 -99.0 -99.0 -99.0 -99.0 -99.0 -99.0 -99.0 -99.0 -99.0 -99.0 
1923 -99.0 -99.0 -99.0 -99.0 -99.0 -99.0 -99.0 -99.0 -99.0 -99.0 -99.0 -99.0 
1924 -99.0 -99.0 -99.0 -99.0 -99.0 -99.0 -99.0 -99.0 -99.0 -99.0 -99.0 -99.0 
1925 -99.0 -99.0 -99.0 -99.0 -99.0 -99.0 -99.0 -99.0 -99.0 -99.0 -99.0 -99.0 
1926 -99.0 -99.0 -99.0 -99.0 -99.0 -99.0 -99.0 -99.0 -99.0 -99.0 -99.0 -99.0 
1927 -99.0 -99.0 -99.0 -99.0 -99.0 -99.0 -99.0 -99.0 -99.0 -99.0 -99.0 -99.0 
1928 -99.0 -99.0 -99.0 -99.0 -99.0 -99.0 -99.0 -99.0 -99.0 -99.0 -99.0 -99.0 
1929 -99.0 -99.0 -99.0 -99.0 -99.0 -99.0 -99.0 -99.0 -99.0 -99.0 -99.0 -99.0 
1930 -99.0 -99.0 -99.0 -99.0 -99.0 -99.0 -99.0 -99.0 -99.0 -99.0 -99.0 -99.0 
1931 -99.0 -99.0 -99.0 -99.0 -99.0 -99.0 -99.0 -99.0 -99.0 -99.0 -99.0 -99.0 
1932 -99.0 -99.0 -99.0 -99.0 -99.0 -99.0 -99.0 -99.0 -99.0 -99.0 -99.0 -99.0 
1933 -99.0 -99.0 -99.0 -99.0 -99.0 -99.0 -99.0 -99.0 -99.0 -99.0 -99.0 -99.0 
1934 -99.0 -99.0 -99.0 -99.0 -99.0 -99.0 -99.0 -99.0 -99.0 -99.0 -99.0 -99.0 
1935 -99.0 -99.0 -99.0 -99.0 -99.0 -99.0 -99.0 -99.0 -99.0 -99.0 -99.0 -99.0 
1936 -99.0 -99.0 -99.0 -99.0 -99.0 -99.0 -99.0 -99.0 -99.0 -99.0 -99.0 -99.0 
1937 -99.0 -99.0 -99.0 -99.0  11.6   7.9   8.0   8.9  10.8  11.6  15.3  18.7 
1938  19.7  21.1  18.6  18.5  12.9   9.7   9.0  10.5  11.1  14.2  16.1  16.7 
1939  17.5  17.4  15.8  14.6  11.8  10.7   7.4   9.9  11.2  12.1  14.1  16.5 
1940  19.6  19.0  16.2  12.9  10.0   8.9   8.1  10.6  12.0  13.3  14.0  19.0 
1941  20.1  19.2  17.9  13.3  11.6   8.3   9.2   9.0  11.0  12.4  16.0  17.8 
1942  17.7  17.8  17.6  16.0  13.0   9.1  10.6  10.8  12.0  14.7  16.3  18.2 
1943  18.9  19.8  16.4  14.6  11.8  10.8   8.6   9.2  11.9  13.0  15.8  17.9 
1944  18.6  19.2  17.5  15.5  11.0   9.8   9.4  10.4  11.3  14.2  16.1  16.9 
1945  19.7  18.4  17.3  14.9  11.0   9.2   8.5  10.8  11.4  12.0  16.8  15.6 
1946  18.1  18.8  17.0  15.3  13.2  10.9  11.0  10.1  12.4  13.8  13.4  16.9 
1947  17.5  17.6  16.2  14.6  12.0  10.4   9.6   9.7  12.0  14.0  15.0  17.3 
1948  18.9  17.9  18.5  15.0  12.6   9.9  10.3   9.6  13.0  14.4  15.6  17.4 
1949  17.3  20.3  16.6  12.9  11.8  10.5  10.7  10.5  11.0  15.2  15.4  17.2 
1950  18.6  18.0  16.8  14.5  14.0  10.1   9.6   9.4  11.6  13.6  16.0  18.9 
1951  18.1  17.9  17.6  15.0  11.5   8.8   9.1   9.1  11.4  13.8  16.5  16.4 
1952  18.5  19.1  16.8  14.9  11.6  10.2   8.3  10.5  11.7  14.2  15.5  17.2 
1953  16.7  17.7  16.9  14.8  12.2  10.9   8.8   9.6  12.2  12.9  17.4  18.3 
1954  18.5  20.1  18.4  13.9  12.5  10.6   9.6  10.2  11.0  12.1  17.1  17.5 
1955  18.7  21.6  17.7  15.6  13.4   9.6   9.1  11.1  13.0  14.0  16.2  17.9 
1956  21.0  19.1  15.9  18.3  14.3  11.3  10.1  10.3  11.9  14.5  16.1  17.9 
1957  18.9  19.6  18.1  15.4  12.6  10.0   9.2  10.7  12.1  13.0  15.9  18.1 
1958  19.3  20.7  18.4  14.4  13.6   9.9   9.1  10.2  10.8  15.1  16.3  19.5 
1959  19.6  18.9  17.4  14.7  11.1   9.1   9.1  10.1  12.1  13.0  15.7  18.0 
1960  19.1  19.3  15.7  14.5  12.9  10.6   9.9   9.6  12.6  13.9  15.6  16.0 
1961  17.7  19.1  17.2  14.6  12.0  10.3   9.4   9.5  11.7  14.7  16.6  18.1 
1962  20.6  18.4  17.0  15.2  14.0  11.4  10.5  11.1  11.5  15.2  15.7  16.9 
1963  19.0  19.7  17.4  13.7  12.1  10.4   9.4   9.0  11.5  13.8  15.3  17.0 
1964  18.5  18.1  18.1  14.5  11.6   9.7  10.5  10.6  11.9  13.3  16.2  17.9 
1965  19.6  18.3  16.5  14.6  12.0   9.5   8.3  10.9  12.0  13.3  15.4  17.7 
1966  20.4  21.0  17.3  14.7  11.7   9.5   9.5   9.6  11.0  12.4  14.6  17.5 
1967  18.0  18.4  17.5  15.1  11.7   9.2   8.7  12.1  10.5  14.3  16.3  17.6 
1968  18.7  19.5  19.9  15.3  13.1  11.1   9.5  10.2  11.1  14.0  14.9  15.4 
1969  18.5  17.3  17.1  14.7  12.1   8.2   8.4  10.0  12.5  12.9  15.6  19.0 
1970  20.0  18.6  18.4  15.7  12.0  10.7  10.1  10.9  13.2  14.7  15.9  18.6 
1971  19.3  19.6  16.5  15.2  13.4  12.4   9.9  12.1  12.6  14.6  15.5  17.7 
1972  18.6  17.5  18.6  15.4  11.6   8.0  10.3   8.9  12.8  15.1  18.4  16.8 
1973  20.2  19.2  17.8  15.4  13.2  10.5   9.3  11.1  12.9  14.9  17.8  17.8 
1974  18.4  21.3  15.8  15.6  12.0  10.7  10.4   9.7  12.8  14.4  15.7  18.4 
1975  19.7  20.5  19.0  15.3  13.5   9.3   8.5  10.6  11.7  14.6  15.2  18.3 
1976  19.5  17.1  16.6  15.2  10.6   9.3   9.0  10.7  11.3  12.7  14.1  17.6 
1977  18.4  18.7  17.9  14.5  11.0  10.0   9.2  10.4  10.5  13.4  14.8  17.6 
1978  19.3  19.6  17.9  16.6  12.1   9.9   9.6  10.1  11.4  12.0  16.2  18.1 
1979  21.1  19.3  19.2  15.3  12.0  10.1   9.5  10.2  12.5  14.0  16.5  18.3 
1980  19.7  20.1  16.6  14.4  12.8  10.1   9.0  10.1  13.0  14.4  15.5  17.9 
1981  21.0  20.3  19.3  16.2  11.9  11.9  10.0   9.7  11.8  13.8  15.9  19.1 
1982  19.8  19.4  16.7  13.4  11.8   9.2   8.7   9.5  11.3  11.8  18.4  17.4 
1983  18.0  17.7  19.3  15.9  12.2  10.3   8.5  10.2  12.2  14.5  15.3  17.0 
1984  17.4  17.9  17.9  14.9  11.9  10.3  10.2  10.8  11.4  13.4  17.5  19.7 
1985  20.1  18.4  17.2  13.5  12.1  11.2  10.3   9.8  11.6  12.4  15.7  19.0 
1986  21.3  19.3  17.4  15.4  12.4   9.9   9.1   9.1  11.4  14.5  15.5  17.8 
1987  20.5  18.2  16.3  15.2  12.4   9.7   9.0  10.9  11.8  14.5  16.4  18.8 
1988  18.9  20.0  17.2  14.0  13.3  11.4  10.4  10.3  14.2  16.6  17.8  18.7 
1989  20.2  18.7  18.3  15.2  13.2  11.4   9.0  10.8  13.3  15.5  16.8  17.9 
1990  20.1  21.0  19.0  16.2  12.6  10.3   9.9  11.4  11.1  15.1  16.3  18.8 
1991  18.9  19.4  16.6  14.0  11.3   9.2   9.4  11.3  12.1  13.2  13.9  16.8 
1992  18.6  18.6  16.0  12.4  11.0   9.4  10.5   9.4   9.9  12.1  15.2  15.7 
1993  17.7  16.8  15.2  12.5  11.4  10.2   8.8   8.5   9.7  13.7  13.9  16.4 
1994  20.4  18.5  15.5  13.7  12.8   9.6   8.7   9.6  10.5  12.5  16.2  18.1 
1995  19.3  19.6  18.5  16.8  12.8  10.1   9.1   9.7  12.3  13.8  15.4  19.7 
1996  18.7  19.3  16.4  16.7  12.1   9.6   9.8   9.6  13.3  14.0  15.3  17.5 
1997  17.5  19.5  17.2  14.2  12.8  10.1   9.3  10.3  11.1  14.1  17.2  19.0 
1998  20.6  22.2  19.8  17.0  12.4  10.7  11.8  10.3  12.4  16.3  15.7  18.9 
1999  20.3  18.3  19.2  15.4  13.8  11.1  10.0   9.9  12.1  14.8  16.6  16.6 
2000  18.1  18.5  17.2  15.6  13.1  10.5  11.6   9.9  12.4  14.2  13.7  19.1 
2001  18.3  19.8  16.6  14.4  13.5   9.7   9.0  10.6  12.1  15.6  16.3  19.3 
2002  18.6  17.3  18.3  14.2  12.9  12.4  10.9  10.6  13.1  12.4  14.6  17.7 
2003  18.3  18.6  17.5  15.3  13.5  12.2   8.9  10.3  13.3  13.1  15.4  19.0 
2004  19.9  19.1  16.4  13.3  13.5  11.3   9.6   9.8  10.9  15.1  15.9  16.2 
2005  19.4  20.4  18.6  14.0  13.5   9.8  10.2  10.5  12.7  14.0  15.6  19.0 
2006  20.0  19.0  16.9  16.3  12.6   9.3  10.4  10.6  13.1  14.2  17.1  16.1 
2007  19.7  18.3  18.9  14.4  13.7  10.8  10.7  11.3  12.2  14.4  15.4  18.2 
2008  19.4  18.7  17.6  15.8  11.6  10.5  10.3  10.4  12.5  14.1  15.6  19.1 
2009  19.7  20.5  16.9  14.4  11.6   9.1   9.4  11.5  12.5  12.6  16.3  18.3 
2010  18.9  20.0  18.0  15.5  12.7  10.3   9.8  11.6  13.8  12.9  15.1  18.9 
2011  20.1  20.9  17.6  14.6  14.7 -99.0 -99.0 -99.0 -99.0 -99.0 -99.0 -99.0 
