Number= 939870
Name= CHATHAM I WAITANGI
Country= NEW ZEALAND
Lat=  -43.0
Long=  176.6
Height= 44
Start year= 1878
End year= 2011
First Good year= 1878
Source ID= 10
Source file= Jones+Anders
Jones data to= 2001
Normals source= Data
Normals source start year= 1961
Normals source end year= 1990
Normals=  14.8  15.0  14.4  12.5  10.4   8.8   8.0   8.5   9.3  10.4  11.7  13.7 
Standard deviations source= Data
Standard deviations source start year= 1941
Standard deviations source end year= 1990
Standard deviations=   1.1   1.0   1.0   0.9   0.7   0.8   0.7   0.6   0.6   0.8   0.8   1.0 
Obs:
1878  12.6  12.8  12.4  11.6   9.1   8.6   7.1   6.6  10.2  11.0  11.5  13.5 
1879  13.6  12.9  13.4  10.6  11.4   8.2   7.4   7.2   9.9  10.4  11.7  13.1 
1880  14.8  14.7  14.4  11.9  10.9   7.5   7.4   7.8   9.0  10.2  12.0  13.6 
1881  13.5  14.6  13.0  11.9  10.3   8.1   8.9   8.0   9.4  10.0  10.0  13.6 
1882  15.3  13.6  14.0  12.5  10.7   9.2   7.9   7.9   9.6   9.5  11.1  13.6 
1883  14.1  15.8  13.8  11.8  10.7   7.6   7.6   7.9   8.7   9.2  10.5  14.0 
1884  12.7  13.1  12.9  10.8   8.6   8.4   7.0   7.7   8.7   8.9  11.2  12.1 
1885  13.6  14.3  14.6  11.5   9.9   9.2   7.4   8.0   8.0   9.0  11.3  10.9 
1886  12.6  14.7  14.1  11.9  10.9   7.9   6.6   7.1   8.1   9.8  11.4  11.8 
1887  14.1  13.8  14.0  12.5  10.1   8.5   7.0   7.2   8.1  10.3  10.2  12.5 
1888  14.1  12.6  12.6  10.7   8.8   8.1   7.6   8.6   7.7  10.2  10.4  10.8 
1889  14.9  13.8  12.8  10.9   9.5   7.0   6.3   7.0   9.1  10.2  10.6  13.0 
1890  12.4  12.8  12.4  11.5   8.8   7.5   7.0   7.1   9.4  11.2  10.5  14.6 
1891  13.9  14.1  12.6  12.1   8.5   6.7   6.7   6.5   8.9  10.5  11.5  13.3 
1892  14.2  14.0  12.5  11.5   9.8   7.8   8.1   8.9   8.6   9.8  12.7  12.9 
1893  14.2  14.2  12.1  12.4  10.8   7.7   7.4   8.2   9.4  11.1  12.7  13.4 
1894  13.9  15.2  12.5  10.8  10.9   9.0   8.1   7.9   8.6  10.6  12.4  15.3 
1895  16.2  13.7  12.5  11.1  10.1   8.6   6.5   6.4   9.1  10.6  12.3  13.9 
1896  15.2  14.0  14.5  13.2   9.4   8.0   8.2   7.2   8.9   8.6   9.8  11.8 
1897  15.0  13.1  14.2  12.2   9.1   7.2   7.8   7.2   8.9   9.6  10.6  10.9 
1898  13.2  13.6  10.9  10.2   9.6   8.0   6.5   7.8   9.5   9.1  11.1  14.1 
1899  14.2  13.8  13.9  11.0  10.6   8.2   6.1   6.2   8.6  10.0  10.8  12.5 
1900  12.2  12.7  12.7  12.4  10.4   7.5   6.9   8.0   8.6  11.7  10.9  12.4 
1901  14.6  14.5  13.0  12.2   9.6   8.6   6.6   6.5   8.9  10.6  10.3  13.1 
1902  15.3  15.1  15.1  11.8   9.9   8.8   6.6   7.9   7.7   8.7   9.6  10.8 
1903  12.7  13.1  12.0  11.6  10.9   7.3   8.0   7.1   7.6  10.5  12.3  14.1 
1904  13.2  13.9  14.6  11.0   8.2   8.5   6.9   7.6   9.7  10.8  10.8  13.0 
1905  12.5  14.5  13.7  11.7   9.8   7.0   6.9   8.5   9.8  10.5  12.5  13.0 
1906  13.7  14.7  11.5  10.7   9.8   8.9   8.2   8.1   8.7  10.1  11.5  13.9 
1907  14.7  15.2  14.0  13.9   9.8   7.9   7.6   7.5   8.6   9.1  10.9  13.6 
1908  14.0  13.9  13.6  11.8  10.4   8.4   7.4   6.9   8.7  10.6  10.7  12.5 
1909  13.6  14.7  14.7  12.4  11.1   6.6   7.5   9.0   8.2  11.0  12.1  14.9 
1910  14.0  15.9  14.2  12.1  10.6   8.4   6.7   8.1   8.8  10.5  11.5  13.6 
1911  14.7  13.5  14.2  14.3  10.8   9.1   8.0   8.0   9.2  10.3  11.1  10.4 
1912  14.2  12.8  13.0  11.9   9.3   8.5   8.7   7.2  10.1  10.4  11.7  13.4 
1913  16.0  13.6  13.2  10.8   8.7   7.3   7.1   8.5   8.9  10.8  12.5  13.1 
1914  15.2  15.2  14.4  13.1  10.9   8.3   7.1   7.3   8.7   9.8  10.7  11.5 
1915 -99.0 -99.0 -99.0 -99.0 -99.0 -99.0 -99.0 -99.0 -99.0 -99.0 -99.0 -99.0 
1916 -99.0 -99.0 -99.0 -99.0 -99.0 -99.0 -99.0 -99.0 -99.0 -99.0 -99.0 -99.0 
1917 -99.0 -99.0 -99.0 -99.0 -99.0 -99.0 -99.0 -99.0 -99.0 -99.0 -99.0 -99.0 
1918 -99.0 -99.0 -99.0 -99.0 -99.0 -99.0 -99.0 -99.0 -99.0 -99.0 -99.0 -99.0 
1919 -99.0 -99.0 -99.0 -99.0 -99.0 -99.0 -99.0 -99.0 -99.0 -99.0 -99.0 -99.0 
1920 -99.0 -99.0 -99.0 -99.0 -99.0 -99.0 -99.0 -99.0 -99.0 -99.0 -99.0 -99.0 
1921 -99.0 -99.0 -99.0 -99.0 -99.0 -99.0 -99.0 -99.0 -99.0 -99.0 -99.0 -99.0 
1922 -99.0 -99.0 -99.0 -99.0 -99.0 -99.0 -99.0 -99.0 -99.0 -99.0 -99.0 -99.0 
1923 -99.0 -99.0 -99.0 -99.0 -99.0 -99.0 -99.0 -99.0 -99.0 -99.0 -99.0 -99.0 
1924 -99.0 -99.0 -99.0 -99.0 -99.0 -99.0 -99.0 -99.0 -99.0 -99.0 -99.0 -99.0 
1925 -99.0 -99.0 -99.0 -99.0 -99.0 -99.0 -99.0 -99.0 -99.0 -99.0 -99.0 -99.0 
1926 -99.0 -99.0 -99.0 -99.0 -99.0 -99.0 -99.0 -99.0 -99.0 -99.0 -99.0 -99.0 
1927 -99.0 -99.0 -99.0 -99.0 -99.0 -99.0 -99.0 -99.0 -99.0 -99.0 -99.0 -99.0 
1928 -99.0 -99.0 -99.0 -99.0 -99.0 -99.0 -99.0 -99.0 -99.0 -99.0 -99.0 -99.0 
1929 -99.0 -99.0 -99.0 -99.0 -99.0 -99.0 -99.0 -99.0 -99.0 -99.0 -99.0 -99.0 
1930 -99.0 -99.0 -99.0 -99.0 -99.0 -99.0 -99.0 -99.0 -99.0 -99.0 -99.0 -99.0 
1931 -99.0 -99.0 -99.0 -99.0 -99.0 -99.0 -99.0 -99.0 -99.0 -99.0 -99.0 -99.0 
1932 -99.0 -99.0 -99.0 -99.0 -99.0 -99.0 -99.0 -99.0 -99.0 -99.0 -99.0 -99.0 
1933 -99.0 -99.0 -99.0 -99.0 -99.0 -99.0 -99.0 -99.0 -99.0 -99.0 -99.0 -99.0 
1934 -99.0 -99.0 -99.0 -99.0 -99.0 -99.0 -99.0 -99.0 -99.0 -99.0 -99.0 -99.0 
1935 -99.0 -99.0 -99.0 -99.0 -99.0 -99.0 -99.0 -99.0 -99.0 -99.0 -99.0 -99.0 
1936 -99.0 -99.0 -99.0 -99.0 -99.0 -99.0 -99.0 -99.0 -99.0 -99.0 -99.0 -99.0 
1937 -99.0 -99.0 -99.0 -99.0 -99.0 -99.0 -99.0 -99.0 -99.0 -99.0 -99.0 -99.0 
1938 -99.0 -99.0 -99.0 -99.0 -99.0 -99.0 -99.0 -99.0 -99.0 -99.0 -99.0 -99.0 
1939  12.6  13.0  12.3  11.7   9.3   8.6   6.2   7.2   8.3  10.1  10.6  13.7 
1940  15.3  13.6  12.8  10.6  10.3   7.3   6.5   8.3   8.9   9.2  10.8  12.7 
1941  15.8  14.7  15.2  10.3  10.6   7.2   7.7   7.4   8.6   8.9  11.0  12.2 
1942  13.9  15.1  12.3  12.6  11.3   8.3   8.0   7.7   9.2   9.8  11.3  12.7 
1943  13.9  14.9  13.1  12.7   9.3   9.2   8.6   7.5  10.4  10.3  12.4  14.2 
1944  14.2  16.3  15.4  13.3  10.4   8.6   8.2   8.3   8.4  10.5  11.4  12.8 
1945  15.3  16.3  14.9  11.9  10.4   7.6   7.2   8.6   8.7   9.1  10.7  11.4 
1946  12.9  14.2  13.2  11.4  11.1   8.7   7.8   8.1   9.7   9.9   9.6  12.1 
1947  12.1  14.0  13.3  11.4  10.2   8.2   7.7   7.8   9.3  10.7  11.1  12.9 
1948  14.9  13.7  14.3  11.9  10.3   8.2   8.1   7.9   8.9   9.3  10.8  12.1 
1949  12.3  14.3  12.6  11.4   9.8   7.8   7.9   8.3   9.0  10.8  11.8  13.9 
1950  15.5  15.1  13.2  11.4  10.9   7.2   6.9   7.3   8.7  10.3  11.9  12.6 
1951  13.7  15.0  14.8  13.4  10.1   7.4   8.1   7.7   8.7   9.7  11.6  12.8 
1952  13.8  16.1  13.2  11.6   9.8   8.2   7.0   8.4   9.8  10.4  12.3  13.8 
1953  14.7  14.2  13.6  11.8  10.4   9.3   7.7   8.0   8.8   9.1  12.7  13.4 
1954  13.4  14.2  15.8  12.7  11.0   9.0   7.4   8.3   8.8  10.4  12.1  12.4 
1955  14.3  15.8  14.6  12.8  10.7   7.4   7.6   8.9   9.3  10.6  12.0  12.2 
1956  15.6  14.0  12.1  14.0  10.3   8.8   8.2   8.0   9.1  10.9  13.2  13.9 
1957  15.9  16.4  15.7  13.4  11.7   8.7   7.4   8.1   9.4  10.1  11.9  12.8 
1958  13.7  15.8  14.6  10.3  10.2   7.8   6.9   8.1   8.2  12.0  12.3  15.0 
1959  14.7  15.3  14.2  12.4  10.3   8.0   7.1   7.6   9.4   9.6  11.0  12.9 
1960  13.4  15.1  13.9  11.9  10.6   9.9   8.4   8.2   8.9  11.1  11.9  13.4 
1961  13.6  14.6  13.2  12.0  10.1   8.2   8.1   7.7   8.6  10.8  11.7  13.9 
1962  15.5  15.1  14.8  13.3  12.2  10.2   8.9   8.8   9.3  12.3  12.0  13.7 
1963  14.4  15.7  13.9  12.0  10.7   9.0   7.8   6.9   9.4   9.4  10.7  12.6 
1964  14.0  14.3  14.3  11.9  10.1   8.4   9.2   8.3   9.6  10.2  11.2  14.3 
1965  16.4  14.2  14.9  12.1   9.7   8.5   7.2   8.1   8.7   9.1  11.6  13.1 
1966  14.3  15.5  12.9  12.0  10.2   8.3   7.6   8.1   8.1   9.7  11.1  13.8 
1967  14.4  14.9  14.2  12.9   9.8   7.7   6.7   9.1   7.9  10.1  11.3  13.6 
1968  14.7  14.0  14.9  14.2  11.9   9.8   8.1   9.0   9.1  10.1  10.9  12.5 
1969  15.2  13.8  14.1  11.3   9.2   8.2   7.1   8.3  10.7   9.4  10.8  15.2 
1970  15.5  15.4  15.6  12.7  10.1   9.4   9.1   9.0   9.7   9.2  11.1  11.9 
1971  13.3  14.8  13.6  12.0  10.9   9.4   7.5   8.9   9.6  10.2  12.3  12.8 
1972  13.6  12.9  13.6  11.3   9.4   6.2   7.2   6.3   9.0  10.5  12.2  12.6 
1973  13.6  14.1  13.9  11.7   9.5   9.3   6.4   9.0  10.2  10.7  12.2  13.5 
1974  14.1  15.9  12.9  13.7   9.9   8.4   9.0   8.8  10.3  10.8  11.4  15.2 
1975  15.9  15.8  15.2  13.6  10.5   8.0   7.5   8.6   8.9  10.2  10.0  11.9 
1976  13.4  12.9  12.9  12.0   9.4   8.1   8.1   8.2   8.3   9.3  10.6  13.9 
1977  14.1  15.2  14.0  13.3  10.0   8.6   8.0   8.7   8.9  10.1  11.2  13.7 
1978  14.5  15.5  14.6  13.4  11.2   8.9   8.4   9.2   9.4  10.2  11.5  15.0 
1979  15.0  15.4  15.6  13.3   9.9   8.5   8.3   8.9  10.0  10.6  12.7  15.0 
1980  15.7  15.9  13.7  12.1   9.6   8.1   7.2   8.4   9.9  10.6  10.6  14.1 
1981  15.6  14.6  15.4  13.5  10.0   9.6   9.2   7.8   8.8  10.2  11.8  14.3 
1982  14.6  15.1  14.2  11.8  10.6   8.0   7.1   8.4   8.9   9.3  12.5  12.5 
1983  13.3  12.3  13.3  11.9  10.0   8.4   8.4   8.4   9.3  10.9  12.0  13.7 
1984  13.9  14.8  16.0  13.3   9.8   9.2   8.5   8.3   9.4  10.2  12.3  15.7 
1985  17.1  16.2  14.9  12.4  11.1   9.8   9.2   8.4   9.6  10.3  11.7  13.9 
1986  16.3  17.5  15.5  13.5  11.1   9.6   8.6   8.2   9.1  10.9  11.5  13.5 
1987  16.3  15.7  14.9  12.8  10.9   8.8   7.4   8.9   8.9  10.5  12.3  14.3 
1988  14.4  17.1  15.0  11.7  10.8   8.9   8.6   8.5  10.1  11.7  12.1  14.1 
1989  16.8  15.6  14.5  12.2  11.2   9.4   7.7   9.6   9.6  12.1  13.7  13.5 
1990  14.6  15.3  14.8  12.4  11.2   9.8   8.0   9.3   9.4  11.1  13.4  14.3 
1991  14.8  15.7  14.4  13.9  10.8   8.7   9.0   9.6  10.1  10.5  10.8  12.5 
1992  14.1  14.3  12.9  10.4   8.7   8.4   7.9   8.0   7.8   9.9  12.1  11.7 
1993  12.9  13.7  12.0  10.8  10.3   9.8   8.0   7.5   8.0  10.3  10.6  12.5 
1994  14.7  14.9  13.2  11.9   9.9   8.3   7.8   9.2   8.8   9.2  11.5  12.1 
1995  14.2  16.1  14.9  13.8  10.9  10.0   8.1   8.3   9.4  11.6  12.8   8.6 
1996  15.6  15.9  14.1  13.6  10.8   8.5   7.8   8.6  10.7  10.9  10.4  13.7 
1997  13.4  14.7  14.0  12.4  10.4   8.8   7.6   9.2   7.9  10.5  11.2  12.9 
1998  14.1  16.7  15.7  13.1  10.3   9.0   9.3   8.1   9.6  11.3  11.3  13.3 
1999  15.4  15.3  15.8  12.6  12.2   9.9   9.6   8.4  10.4  10.5  13.6  13.1 
2000  15.2  14.7  14.2  13.6  11.5  10.7   8.6   8.7   9.9  10.8  10.4  14.6 
2001  14.6  15.4  13.1  12.0  12.2   9.7   7.6   9.5   9.6  11.4  12.5  16.2 
2002  16.1  15.0  15.1  12.5   9.5   9.4   8.3   8.3  10.3   9.3  11.6  14.0 
2003  14.5  15.7  15.4  12.8  11.0  10.1   7.2   8.1  10.4  10.8  11.5  13.8 
2004  16.1  15.0  14.1  11.1  11.4   9.7   8.4   8.8   8.9  10.1  12.0  11.9 
2005  14.6  17.3  15.4  11.8  11.3   8.5   9.0   9.5   9.9  10.3  11.5  14.7 
2006 -99.0  15.4  13.7  13.8  11.5   8.5   9.4   9.1   9.7  10.7  11.8  12.4 
2007  14.7  13.9  14.6  11.8  11.1   7.8   7.6   8.8   9.4  10.0  10.6  13.7 
2008  14.9  14.9  14.3  12.4   9.9   9.1   8.6   8.4  10.3  10.2  11.7  14.6 
2009  16.2  14.8  13.5  12.4  10.6   7.5   6.8   9.1   9.2 -99.0 -99.0  12.5 
2010  15.2  15.1  14.5  13.3 -99.0   9.8   8.4   9.9  10.2  10.6  11.8  13.5 
2011  14.5  15.1  15.0  12.4  13.1 -99.0 -99.0 -99.0 -99.0 -99.0 -99.0 -99.0 
