Number= 833670
Name= SANTA CRUZ
Country= BRAZIL
Lat=  -15.7
Long=   52.8
Height= -999
Start year= 1961
End year= 1966
First Good year= 1961
Source ID= 10
Source file= Jones
Jones data to= 1966
Normals= -99.0 -99.0 -99.0 -99.0 -99.0 -99.0 -99.0 -99.0 -99.0 -99.0 -99.0 -99.0 
Obs:
1961 -99.0  24.2  25.0  24.4 -99.0 -99.0  19.4 -99.0 -99.0  25.1 -99.0  24.2 
1962 -99.0  24.7  24.7  23.9 -99.0 -99.0 -99.0  21.6 -99.0 -99.0  24.8  24.1 
1963  24.0  24.4  24.7  24.2  20.5  18.7  18.7  21.4  25.7 -99.0 -99.0  25.6 
1964  25.1  24.7  24.9  24.0  21.7  18.5 -99.0 -99.0 -99.0 -99.0 -99.0 -99.0 
1965 -99.0 -99.0 -99.0  23.9  20.1  23.8 -99.0 -99.0 -99.0 -99.0 -99.0 -99.0 
1966 -99.0 -99.0 -99.0 -99.0 -99.0  19.5  19.4  22.3  23.4 -99.0  25.4 -99.0 
