Number= 834370
Name= MONTES CLAROS
Country= BRAZIL
Lat=  -16.7
Long=   43.9
Height= -999
Start year= 1975
End year= 2011
First Good year= 1975
Source ID= 10
Source file= Jones+Anders
Jones data to= 1980
Normals source= WMO
Normals source start year= 1961
Normals source end year= 1990
Normals source percent availability= 100
Normals source variable code= 14
Normals=  23.5  24.0  24.4  22.7  21.2  19.7  19.4  21.2  22.7  23.7  23.4  23.3 
Obs:
1975 -99.0 -99.0 -99.0  21.8 -99.0  21.7  21.1  24.0  22.5  23.9  22.5  25.3 
1976  27.0  25.4  26.4  23.6  23.6  20.6  20.3  21.9  22.9  22.3  22.4  23.4 
1977  23.2  23.1  24.8  24.6  20.5  20.1  19.9  22.3  22.9  24.1  24.1  23.5 
1978  23.3  23.1  22.8  21.7  20.6  18.9  19.2  20.6  22.1  23.4  22.0  22.5 
1979  22.4  22.8  23.1  22.1  20.9  17.9  20.5  20.8  22.4  23.8  22.9  23.6 
1980  22.9  23.0  22.9  21.9  21.1  20.0  19.2  21.1  22.8  24.6  23.7  22.8 
1981 -99.0 -99.0 -99.0 -99.0 -99.0 -99.0 -99.0 -99.0 -99.0 -99.0 -99.0 -99.0 
1982 -99.0 -99.0 -99.0 -99.0 -99.0 -99.0 -99.0 -99.0 -99.0 -99.0 -99.0 -99.0 
1983 -99.0 -99.0 -99.0 -99.0 -99.0 -99.0 -99.0 -99.0 -99.0 -99.0 -99.0 -99.0 
1984 -99.0 -99.0 -99.0 -99.0 -99.0 -99.0 -99.0 -99.0 -99.0 -99.0 -99.0 -99.0 
1985 -99.0 -99.0 -99.0 -99.0 -99.0 -99.0 -99.0 -99.0 -99.0 -99.0 -99.0 -99.0 
1986 -99.0 -99.0 -99.0 -99.0 -99.0 -99.0 -99.0 -99.0 -99.0 -99.0 -99.0 -99.0 
1987 -99.0 -99.0 -99.0 -99.0 -99.0 -99.0 -99.0 -99.0 -99.0 -99.0 -99.0 -99.0 
1988 -99.0 -99.0 -99.0 -99.0 -99.0 -99.0 -99.0 -99.0 -99.0 -99.0 -99.0 -99.0 
1989 -99.0 -99.0 -99.0 -99.0 -99.0 -99.0 -99.0 -99.0 -99.0 -99.0 -99.0 -99.0 
1990 -99.0 -99.0 -99.0 -99.0 -99.0 -99.0 -99.0 -99.0 -99.0 -99.0 -99.0 -99.0 
1991 -99.0 -99.0 -99.0 -99.0 -99.0  20.4 -99.0  20.3  22.2  24.4  23.6 -99.0 
1992  22.8 -99.0  23.8  23.8  22.1  20.1  18.7  21.1  23.3  23.7  22.9  22.0 
1993  23.7  23.9  25.2  23.2  21.3 -99.0 -99.0  21.1  24.4  25.1  26.1  24.3 
1994  23.5  25.4 -99.0  22.5  22.1 -99.0  20.0  20.7  23.3  25.6  24.3  24.2 
1995  25.1  24.2  24.6  23.1  22.3 -99.0  23.3  21.9  24.2  25.3  23.1  23.5 
1996  25.2 -99.0 -99.0  25.1 -99.0  20.4 -99.0 -99.0 -99.0 -99.0  23.1  24.7 
1997  23.8  24.3 -99.0 -99.0 -99.0 -99.0 -99.0  20.6  25.7  25.4  26.1  24.6 
1998 -99.0 -99.0  26.0 -99.0  23.2  20.6  20.9 -99.0  25.3  25.5 -99.0  23.9 
1999 -99.0  25.1  23.6  23.4  21.3  20.7  20.7  20.6  23.9  24.5  22.9  23.4 
2000  23.8  24.3  23.7  22.8  21.3  21.7  20.2  21.7  23.0  26.0  23.7  23.8 
2001  24.2  25.3  24.2  24.1  22.7  23.5  20.7  21.6  23.9  20.7  23.7  23.8 
2002  24.2  24.0  24.3  23.8  22.5  21.1  21.4  22.8  23.5  25.4  24.5  24.8 
2003  24.0  24.8  24.9  24.6  22.4  20.9  20.3  22.2  24.3  25.0  25.6  25.6 
2004  25.6  23.3  23.0  22.6  21.9  19.4  18.9  20.6  23.1  25.5  25.2  24.2 
2005  24.6  23.9  24.0  23.9  21.3  20.4  19.9  22.2  24.4  26.8  23.5  23.0 
2006  24.4  26.0  23.8  22.5  20.4  19.0  19.1  22.3  23.3  23.8  23.5  24.1 
2007  24.9  23.4  24.1  23.7  21.7  20.5  20.9  21.0  23.2  26.0  26.7  24.9 
2008  24.4  24.6  23.5  23.7  21.3  20.3  19.4 -99.0  24.2  27.2  24.2  23.5 
2009  24.2  24.8  25.2  23.1  21.4  20.9  21.3  22.4  25.5  25.2  25.1  23.9 
2010  25.1  26.1  24.3  23.1  22.5 -99.0  20.6  20.9  23.7 -99.0  23.7  24.3 
2011  24.1  25.3  23.7  23.4  21.4 -99.0 -99.0 -99.0 -99.0 -99.0 -99.0 -99.0 
