Number= 839970
Name= ST.VITORIA DO
Country= BRAZIL
Lat=  -33.5
Long=   53.4
Height= 24
Start year= 1949
End year= 2011
First Good year= 1949
Source ID= 37
Source file= Jones+Anders
Jones data to= 2001
Normals source= Data
Normals source start year= 1961
Normals source end year= 1990
Normals=  22.4  22.2  20.4  17.3  14.0  11.8  11.4  12.1  13.5  15.6  18.2  20.7 
Standard deviations source= Data
Standard deviations source start year= 1949
Standard deviations source end year= 1990
Standard deviations=   0.8   0.8   1.2   1.2   1.6   1.5   1.4   1.0   1.0   1.1   1.0   0.9 
Obs:
1949  21.8  22.3 -99.0 -99.0 -99.0  12.4  11.0  10.9  13.2  13.0  18.5  20.8 
1950 -99.0  22.2  21.3  18.2  15.1 -99.0  10.1   9.8  12.9  15.0  17.1  21.6 
1951 -99.0  21.0  18.4  16.6  15.4  13.1  12.7 -99.0  13.8  14.4  17.9  20.4 
1952  23.0  22.4  23.0  16.0  15.3  10.5  11.9  12.2  12.8  15.7  17.3 -99.0 
1953  23.1  22.2  22.2  16.9  15.0  12.3   9.0  13.7  14.2  14.7  17.2  20.1 
1954  22.3  22.3  21.3  17.3  12.6  12.0   9.9  12.9  12.7  14.3 -99.0  20.3 
1955  22.7  21.6  19.8  16.3  12.2   9.7   8.0  10.7  12.4  14.5  19.4  21.0 
1956  20.8  20.8  20.5  14.9  10.2  11.1   8.6  12.1  12.8  16.3  17.9  18.6 
1957 -99.0 -99.0  20.1  16.6  17.6  11.4  10.8  10.4  11.8  16.0  17.4  20.7 
1958  22.2  20.4  19.7  17.2  13.8  12.3  15.0  11.6  14.7  16.9 -99.0  20.5 
1959  21.5  22.4  20.4  17.8  13.6  10.6  13.1  11.5  12.6  16.9  18.0  20.2 
1960  23.6  22.9  21.1  16.6  12.3  11.9  11.6  11.9  12.6  16.5  17.7  21.0 
1961  22.2  22.5  20.5  16.0  15.1  11.9  11.0  13.1  13.4  16.1  21.6  20.7 
1962  21.1  20.9  21.3  17.9  12.2  11.7  10.5  13.6  13.3  16.4  18.5  20.7 
1963  22.4  22.9  20.9  18.4  14.8  12.6  12.2  11.6  14.5  15.3  17.2  20.2 
1964  22.3  21.3  18.1  16.5  14.5  11.2  10.0  11.5  13.1  13.3  16.9 -99.0 
1965  22.7  22.7  18.6  16.4  12.4  14.0  10.6  12.5 -99.0  16.1  18.2  22.0 
1966  22.3  20.7  20.1  17.8 -99.0 -99.0 -99.0  10.5  11.8  14.1  18.3  20.4 
1967  23.1  21.8  18.7  16.8  14.0   9.7  11.4 -99.0  14.4  17.6  19.6  22.5 
1968  22.5  22.3  20.5  14.7  11.6  12.3  13.0  13.7 -99.0  16.8  20.5  20.9 
1969  22.7  22.9  20.5  17.9  15.2 -99.0  11.9  10.8  13.3  14.3  17.8  21.0 
1970  21.9  23.4  21.3  18.6  14.5  12.3 -99.0  12.7  14.2  14.0  17.0  19.8 
1971  21.6  21.3  19.8  15.0  12.0   9.2  12.0  12.2  15.6  16.0  18.5  21.2 
1972  22.4  21.2  19.6  16.8  15.9  14.5  10.8  11.5  13.9  13.3  17.0  20.1 
1973  22.4  23.2  21.0 -99.0  14.6  13.5  13.2  11.6  13.6  15.8  17.0  21.1 
1974  23.3  22.2  21.8  18.9 -99.0  11.1  14.0 -99.0 -99.0  15.1  17.0  19.1 
1975  20.9  22.1  20.3  17.3  15.1  12.4  10.9  12.1  14.0  15.1  18.0  21.4 
1976  22.5  21.1  18.9  16.5  14.2  10.7  10.6  11.9  12.8  15.3  16.9  20.0 
1977  23.2  22.8  20.9  17.1  12.7  12.5  12.4  12.0  15.4  17.9  19.1  21.1 
1978  22.2  21.4  20.8  15.9  12.9  10.8  12.3  12.0  14.3  17.0  17.6  20.9 
1979  21.2  22.3  19.8  17.0  13.0  17.0  11.8  12.8  12.6  16.1  17.2  20.0 
1980  22.2  22.2  22.8  19.9  16.4  11.6  10.1  11.8  12.3  15.5  18.3  21.0 
1981  22.2  23.0  19.5  16.9  17.7  10.6  11.5  13.1  13.2  14.5  18.5  20.1 
1982  20.9  21.4  21.6  18.9  15.0  12.4  11.1  12.2  14.8  15.4  17.0  20.9 
1983  23.2  21.7  19.3  17.0  14.3  10.1   9.7  11.8  12.2  16.2  19.2  21.3 
1984  23.3  23.6  20.7  17.3  14.1  10.8  10.2   9.9  13.6  16.6  17.5  17.9 
1985  21.3  22.0  20.4  17.1  14.1  12.3  12.5  12.5  14.6  16.2  19.6  20.5 
1986  23.4  21.9  19.4  19.0  14.1  13.9  12.0  12.5  14.6  15.5  18.1  20.1 
1987  22.5  23.4  21.9  18.1  12.4  10.5  13.0  11.8  11.9  15.6  18.9  20.7 
1988  22.6  21.3  22.5  15.4  11.3   9.7  10.5  11.6  11.9  15.0  18.1  21.5 
1989  23.3  22.7  21.5  18.9  13.8  11.9  10.4  14.0  13.2  16.0  18.8  22.2 
1990  23.6  22.5  20.2  18.3  13.5  10.5  10.7  12.8  12.4  16.7  19.3  19.6 
1991  21.5  21.7  21.0  18.0  16.2  11.7 -99.0  12.9  14.8  15.6  17.8  22.0 
1992  21.8 -99.0  22.2  18.2 -99.0  13.4   8.9  11.0 -99.0  15.4 -99.0  20.2 
1993  23.2  22.0  21.4  17.8  14.6  11.7   9.4  11.4  12.6  16.4  18.9  20.4 
1994  21.5  21.5  20.6  17.2  15.9  12.6  10.8  11.4  14.5  15.9 -99.0  22.8 
1995  22.3  21.3 -99.0  17.6  13.5  10.4  11.6  10.9  13.7  12.8  19.0  21.3 
1996  22.1  21.7  21.5  18.4  14.1  10.0 -99.0 -99.0  13.5 -99.0  19.3  21.6 
1997  24.0  22.0  20.5  17.9  15.2  11.8  12.8  13.9  13.1  16.3  18.7  20.3 
1998  20.3  21.2  20.2  16.7  14.8  11.9  12.8  12.3  13.1  16.9  18.7  21.0 
1999  21.1  21.4  21.7  16.2  12.8  11.2  11.3  12.4  13.7  15.9  19.2  21.0 
2000  22.9  22.0  20.2  18.7  14.5  13.4  10.6  11.4  12.7  14.8  17.8  21.1 
2001  22.4  23.6  22.8  17.9  14.5  13.3  11.8  15.4  14.0  17.7  18.5  19.7 
2002  22.2  21.4  22.0  17.4  16.3  11.4  11.4  13.2  12.6  17.7  19.5  20.5 
2003  22.7  22.8  21.4  16.7  15.0  11.9  10.8   9.9  11.7  16.4  18.4  19.4 
2004  22.4  21.5  21.2  19.3  13.8  12.8  11.3  13.3  14.4  15.7  17.9  20.7 
2005  23.2  22.1  21.2  16.9  15.6  14.9  12.6  13.6  13.1  15.3  19.7  19.4 
2006  22.3  22.1  20.7  17.9  13.4  12.4  14.2  11.7  12.7  17.1  18.2  22.3 
2007  22.9  23.4  21.7  19.3  12.7  10.9   8.7  10.5  15.0  17.6  19.2  20.5 
2008  22.4  22.4  21.3  17.3  14.6  11.3  13.9  12.1  13.7  16.4  20.6  20.9 
2009  22.3  22.1  21.8  18.2  15.4 -99.0   9.6  15.8  13.7  15.3  19.3  20.5 
2010  23.1  23.3  21.7  18.1  16.0 -99.0  11.3  11.6  14.2 -99.0  17.2  21.7 
2011  23.6  22.2  20.6  18.2  14.3 -99.0 -99.0 -99.0 -99.0 -99.0 -99.0 -99.0 
