Number= 100450
Name= KIEL
Country= W.GERMANY
Lat=   54.3
Long=  -10.1
Height= 4
Start year= 1849
End year= 1926
First Good year= 1849
Source ID= 10
Source file= Jones
Jones data to= 1926
Normals= -99.0 -99.0 -99.0 -99.0 -99.0 -99.0 -99.0 -99.0 -99.0 -99.0 -99.0 -99.0 
Obs:
1849  -2.1   3.3   3.2  10.9  12.7  13.6  15.5  15.6  13.9   8.1   3.2  -1.3 
1850  -4.0   4.1   1.8   7.9  12.4  16.4  17.1  17.4  12.5   7.4   4.5   1.8 
1851   1.2   2.0   4.4   9.8   9.6  14.8  16.5  17.1  13.4  10.6   2.2   1.6 
1852   3.0   1.8   1.9   5.2  13.4  15.6  18.8  17.4  13.8   8.2   5.0   3.7 
1853   3.1  -3.1  -2.3   6.6  10.3  15.8  17.2  15.6  13.0   9.3   2.2  -3.3 
1854  -1.1   1.5   4.0   7.9  12.3  15.2  18.9  16.9  13.9   9.5   1.9   2.1 
1855  -1.6  -7.9  -0.4   5.5   9.9  15.0  18.5  17.5  12.7  10.8   3.5  -1.8 
1856   0.4   1.1   1.9   7.4   9.4  14.8  15.1  15.6  12.6  10.8   2.3   3.1 
1857  -1.2   1.3   3.1   5.8  11.3  16.3  17.1  19.8  15.6  11.6   4.6   5.7 
1858   0.1  -1.6   2.3   6.4  10.8  18.2  17.3  18.1  15.4   9.9   1.7   1.9 
1859   3.1   4.2   5.7   6.2  12.1  16.9  18.1  18.2  13.5  10.0   4.0  -0.2 
1860   2.1  -0.7   1.6   5.9  12.1  15.1  16.4  15.0  13.1   8.6   3.0  -0.5 
1861  -3.4   2.9   5.1   6.2   9.0  16.8  18.1  17.4  13.3  10.5   5.0   3.2 
1862   0.1   0.7   3.4   7.7  13.3  14.8  15.4  15.9  14.4  10.9   4.9   2.6 
1863   4.2   4.5   4.4   8.2  11.5  15.5  15.0  17.0  12.5  11.3   5.6   4.4 
1864  -2.6   0.6   3.6   6.3   9.3  14.5  15.7  13.8  13.4   8.6   3.1   0.6 
1865   0.8  -3.4   0.5   7.9  15.0  13.4  18.9  16.5  14.9   9.5   7.1   3.7 
1866   4.8   4.3   2.3   8.0   9.7  17.2  16.2  15.7  14.5   7.3   5.1   3.0 
1867  -0.9   4.3   0.8   6.8   9.1  14.0  14.9  16.3  13.8   8.7   4.3  -0.3 
1868   0.4   4.4   4.8   6.7  14.2  16.2  18.7  19.6  13.6   9.1   3.6   4.7 
1869  -0.1   3.5   0.8   8.6  10.3  11.9  16.3  14.3  12.7   7.3   2.7   0.9 
1870   1.0  -4.5   0.2   6.7   9.9  13.2  16.0  15.3  11.4   7.4   3.9  -2.8 
1871  -4.1  -3.1   3.5   4.6   8.7  12.5  16.4  16.4  12.4   6.1   1.3  -1.3 
1872   0.7   0.7   3.7   7.3  11.1  14.9  17.5  14.4  13.3   8.7   6.0   1.7 
1873   3.2  -0.1   2.6   5.0   8.7  14.8  17.2  16.0  12.2   8.4   4.2   3.5 
1874   2.7   1.5   3.2   7.4   8.4  13.8  17.0  14.3  13.6  10.3   2.5  -1.0 
1875   1.1  -2.1   0.8   6.1  11.6  15.3  16.6  18.6  14.3   6.4   1.8  -0.1 
1876  -1.7   0.3   2.3   6.6   7.8  14.3  16.3  16.1  11.9   9.9   1.7   0.3 
1877   1.1   0.9   0.3   3.8   8.5  15.4  15.8  15.4  10.1   7.1   5.8   0.9 
1878   0.6   2.5   2.6   7.2  11.2  14.5  15.1  16.6  13.3   9.5   3.4  -0.8 
1879  -3.6  -2.5  -0.3   4.0   9.1  14.1  14.8  16.0  12.9   7.9   2.1  -3.5 
1880  -0.7   0.7   2.2   7.6   9.7  13.7  16.2  16.6  13.8   6.5   3.5   1.9 
1881  -4.9  -2.8  -0.4   3.6   9.9  13.9  16.5  14.2  12.0   6.9   5.3   1.7 
1882   1.6   2.2   5.1   6.8  10.6  14.3  16.7  15.0  13.8   8.7   3.0  -0.2 
1883  -0.6   1.9  -1.3   5.0  11.2  15.0  16.6  15.0  12.9   8.9   4.2   1.7 
1884   3.0   3.0   4.0   5.3  11.1  13.0  16.9  16.5  14.5   8.6   1.9   1.8 
1885  -1.6   2.4   2.2   7.3   8.8  14.2  16.3  13.6  11.6   6.9   2.1   0.8 
1886  -1.0  -2.9  -0.4   6.7  11.0  13.3  15.2  15.5  13.9   9.1   5.5   0.6 
1887  -2.5   0.2   1.5   6.1   9.0  14.0  16.6  14.8  12.0   6.5   3.8   0.6 
1888  -0.7  -2.1  -1.5   3.4  10.2  13.6  14.0  14.2  12.1   6.6   3.8   1.8 
1889  -1.7  -2.2   0.1   5.0  13.1  17.7  15.8  14.4  11.2   8.1   3.9  -0.3 
1890   1.9  -1.1   3.5   5.8  11.6  13.2  14.5  15.1  13.0   7.9   2.9  -3.0 
1891  -3.8   0.2   0.9   4.3  10.2  13.4  16.4  14.2  13.6  10.0   3.3   2.1 
1892  -1.8  -0.1   0.2   5.4  10.4  13.3  14.2  15.7  12.8   7.5   2.7  -1.0 
1893  -5.9  -0.2   3.2   6.9  10.6  14.4  16.6  16.3  11.4   9.3   3.0   1.9 
1894  -0.6   1.6   4.2   8.4  10.2  13.4  17.3  14.2  10.8   7.4   5.5   1.8 
1895  -2.0  -5.5   0.9   7.1  11.0  14.2  15.7  15.8  13.9   6.9   4.2   0.2 
1896   0.4   0.9   4.2   5.8  10.2  16.8  16.9  14.5  12.6   8.4   1.8  -0.5 
1897  -3.0  -0.7   3.5   6.2  10.3  15.8  15.6  17.1  11.9   7.6   3.9   2.5 
1898   3.4   1.6   1.8   5.5   9.8  14.0  14.0  16.7  13.3   8.2   4.8   4.4 
1899   2.5   2.3   1.7   6.5  10.5  14.7  17.8  15.7  12.0   7.7   7.1  -1.9 
1900   0.1  -0.2   0.4   5.2  10.2  14.9  17.5  16.3  13.3   8.5   4.9   3.7 
1901  -3.1  -2.7   1.3   6.7  11.6  14.4  18.6  16.4  13.6   9.7   3.9   0.6 
1902   3.2  -2.5   2.4   5.4   8.3  14.6  14.8  13.4  11.0   7.1   2.0   0.0 
1903   0.6   3.6   5.4   5.0  11.7  14.7  15.9  14.2  13.0   9.0   4.5   0.2 
1904   0.2   1.0   2.1   7.4  10.8  14.1  16.6  15.5  12.6   8.2   4.4   3.4 
1905  -0.3   1.6   3.8   4.4  11.6  16.3  17.5  16.0  12.6   4.9   3.3   1.8 
1906   1.1   0.7   1.9   7.0  12.3  15.1  16.5  16.1  13.4   9.3   6.9  -1.1 
1907   0.1  -1.1   2.4   5.6  11.1  13.7  14.4  14.2  12.2  11.8   2.9   1.9 
1908   0.1   2.2   2.1   5.0  11.4  15.4  17.0  14.8  12.0   9.1   2.0   0.6 
1909  -0.5  -1.7   0.4   5.8   8.3  13.6  14.9  15.3  12.4  10.5   3.0   1.8 
1910   1.6   2.4   4.0   6.8  11.0  16.0  15.8  15.8  13.0   9.0   2.4   2.8 
1911   1.4   2.1   2.8   6.6  12.5  14.4  17.1  18.0  13.8   8.4   4.9   3.0 
1912  -2.2   1.2   5.0   6.2  10.1  14.6  18.0  14.6  10.2   6.9   3.6   4.2 
1913  -0.3   1.5   4.5   7.3  11.8  14.1  15.1  14.5  12.8   9.0   6.7   3.2 
1914  -0.1   4.1   3.8   8.8  10.5  14.3  18.1  16.8  12.6   8.7   4.3   4.0 
1915   0.3   0.8   1.0   6.1  10.2  14.8  15.3  14.8  12.3   7.1   2.7   1.3 
1916   3.7   0.4   1.6   7.2  11.3  12.4  15.4  15.2  11.5   8.2   4.8   1.7 
1917  -1.0  -2.7  -1.1   3.6  11.5  17.8  16.5  16.6  13.5   6.8   5.5  -0.1 
1918   0.4   1.2   3.0   6.5  12.3  12.6  15.8  15.5  11.5   8.9   3.5   3.3 
1919   1.0  -0.2   1.6   5.7  11.0  14.0  14.3  14.1  13.1   6.5   0.7   0.0 
1920   1.3   3.1   5.4   8.4  11.5  13.9  16.5  14.4  12.5   6.5   2.0   0.9 
1921   3.8   1.6   5.5   7.3  12.6  13.4  16.6  15.7  13.9  10.2   0.7   1.6 
1922  -2.9  -2.2   2.4   5.0  12.1  14.1  15.2  14.3  11.2   5.7   3.1   3.3 
1923   2.6  -0.4   3.3   5.3   9.9  10.8  17.3  13.3  12.2   9.5   2.7  -1.7 
1924  -2.1  -2.2   0.3   4.2  11.3  14.3  15.6  14.9  13.1   8.9   3.9   2.8 
1925   3.2   3.1   1.4   7.0  12.8  14.0  17.8  16.1  11.1   7.8   2.4  -0.8 
1926   0.3   2.5   3.3   7.3   9.9  14.2  17.2  15.5  13.2   6.6   5.6   2.4 
