Number= 103610
Name= MAGDEBURG-----------
Country= GERMANY-----
Lat=   52.1
Long=  -11.6
Height= 85
Start year= 1951
End year= 2011
First Good year= 1951
Source ID= 30
Source file= Jones+Anders
Jones data to= 1991
Normals source= Data
Normals source start year= 1961
Normals source end year= 1990
Normals=  -0.5   0.8   3.6   8.1  12.8  16.4  17.7  17.3  13.9   9.1   4.4   0.3 
Standard deviations source= Data
Standard deviations source start year= 1951
Standard deviations source end year= 1990
Standard deviations=   2.6   3.2   2.3   1.5   1.2   1.2   1.4   1.1   1.2   1.4   1.6   2.6 
Obs:
1951   1.1   1.5   2.3   8.2  11.9  16.1  17.5  18.2  15.2   7.0   6.8   3.6 
1952   0.8   0.6   1.9  11.1  12.4  15.5  18.4  18.4  11.1   7.4   1.5  -0.6 
1953   0.3   0.4   5.1   9.5  13.8  17.4  18.3  17.0  13.6  10.6   5.7   3.0 
1954  -3.1  -5.1   3.8   6.4  13.7  17.2  15.2  16.7  14.2  10.6   4.0   3.9 
1955  -1.9  -2.7   0.0   7.2  11.1  14.9  18.1  17.6  14.0   8.8   4.4   2.6 
1956   0.0 -10.3   3.0   5.2  13.3  14.1  17.8  14.6  13.8   9.1   3.1   2.7 
1957   1.0   4.2   6.0   7.7  10.6  17.7  18.7  15.9  12.2   9.9   5.0   0.4 
1958  -0.3   2.4   0.0   5.6  13.9  15.2  17.8  17.7  14.7  10.3   4.3   2.8 
1959   0.5  -0.1   6.5  10.2  13.5  17.4  20.4  18.6  13.4   7.8   3.2   1.8 
1960   0.4   0.0   4.0   7.5  13.6  17.1  16.7  16.8  13.4   9.6   6.5   1.5 
1961  -0.9   5.0   6.8  10.9  11.0  17.3  16.1  16.2  16.4  11.0   4.2  -1.1 
1962   2.3   1.1   0.7   8.8  10.6  14.8  15.2  15.7  12.3   9.0   3.1  -3.2 
1963  -8.3  -6.4   2.9   8.9  13.2  17.2  18.9  17.3  14.1   8.4   7.8  -3.1 
1964  -2.5  -0.2   0.0   9.0  14.3  18.1  18.6  16.6  13.7   7.3   5.1   1.4 
1965   1.8  -0.7   2.4   7.5  12.2  16.3  15.7  15.7  13.4   8.1   0.5   2.8 
1966  -2.7   1.9   4.1   8.9  14.0  18.3  16.7  16.7  13.1  11.3   2.5   2.4 
1967   1.5   3.3   6.3   7.1  13.5  15.4  19.0  17.1  14.7  11.8   4.3   1.4 
1968  -0.7   0.4   5.1  10.0  11.5  17.1  16.8  18.0  14.5  10.7   3.8  -2.2 
1969   0.5  -2.2  -0.2   7.5  13.6  16.0  19.4  17.5  14.3  10.4   5.7  -5.6 
1970  -4.1  -1.7   1.4   6.1  12.3  18.1  16.8  17.4  13.3   9.5   6.0   1.5 
1971  -1.9   2.0   1.7   8.2  14.7  14.7  18.4  18.8  12.6   9.4   4.3   4.5 
1972  -2.9   1.7   5.5   7.9  12.3  15.4  18.3  16.4  11.3   6.9   4.9   1.0 
1973   0.4   2.3   4.9   5.5  12.9  16.8  18.1  18.0  14.5   7.7   3.8   0.8 
1974   3.6   3.7   5.9   8.4  11.7  14.7  16.0  17.8  14.2   6.6   5.5   5.6 
1975   5.3   1.3   4.0   7.1  12.4  15.3  19.3  20.2  16.3   8.1   3.0   2.4 
1976   1.3   0.2   1.4   7.5  13.5  17.7  20.0  16.8  13.5   9.0   5.1  -0.3 
1977 -99.0 -99.0 -99.0 -99.0 -99.0 -99.0 -99.0 -99.0 -99.0 -99.0 -99.0 -99.0 
1978 -99.0 -99.0 -99.0 -99.0 -99.0 -99.0 -99.0 -99.0 -99.0 -99.0 -99.0 -99.0 
1979 -99.0 -99.0 -99.0 -99.0 -99.0 -99.0 -99.0 -99.0 -99.0 -99.0 -99.0 -99.0 
1980 -99.0 -99.0 -99.0 -99.0 -99.0 -99.0 -99.0 -99.0 -99.0 -99.0 -99.0 -99.0 
1981  -0.6   1.1   7.5   8.3  14.6  16.1  17.3  17.1  14.8   8.8   5.1  -3.0 
1982 -99.0 -99.0 -99.0 -99.0 -99.0 -99.0 -99.0 -99.0 -99.0 -99.0 -99.0 -99.0 
1983 -99.0 -99.0 -99.0 -99.0 -99.0 -99.0 -99.0 -99.0 -99.0 -99.0 -99.0 -99.0 
1984 -99.0 -99.0 -99.0 -99.0 -99.0 -99.0 -99.0 -99.0 -99.0 -99.0 -99.0 -99.0 
1985 -99.0 -99.0 -99.0 -99.0 -99.0 -99.0 -99.0 -99.0 -99.0 -99.0 -99.0 -99.0 
1986 -99.0 -99.0 -99.0 -99.0 -99.0 -99.0 -99.0 -99.0 -99.0 -99.0 -99.0 -99.0 
1987 -99.0 -99.0 -99.0 -99.0 -99.0 -99.0 -99.0 -99.0 -99.0 -99.0 -99.0 -99.0 
1988 -99.0 -99.0 -99.0 -99.0 -99.0 -99.0 -99.0 -99.0 -99.0 -99.0 -99.0 -99.0 
1989 -99.0 -99.0 -99.0 -99.0 -99.0 -99.0 -99.0 -99.0 -99.0 -99.0 -99.0 -99.0 
1990 -99.0 -99.0 -99.0 -99.0 -99.0 -99.0 -99.0 -99.0 -99.0 -99.0 -99.0 -99.0 
1991   2.2  -2.6   7.2   7.7  10.3  14.3  20.0  18.0  15.0   8.8   4.6   1.9 
1992   1.8   4.0   5.5   8.8  15.6  19.5  19.6  19.9  13.8   6.4   5.6   1.5 
1993   2.7   0.0   4.2  11.4  15.7  15.8  16.7  16.0  12.5   8.4   0.1   3.3 
1994   3.7  -0.7   6.4   9.4  13.5  16.3  22.5  18.5  13.7   7.6   7.2   3.9 
1995   0.9   5.2   3.7   9.1  12.6  15.0  20.9  19.2  13.7  12.2   3.4  -2.1 
1996  -4.0  -2.7   1.0   9.5  11.7  15.6  16.0  18.0  11.1   9.3   4.8  -2.9 
1997  -2.8   4.5   5.5   6.7  13.4  17.1  18.1  21.0  14.0   8.1   3.7   2.1 
1998   3.2   5.7   5.3  10.0  15.0  17.2  16.8  17.1  14.0   8.6   1.6   1.2 
1999   3.3   1.1   5.7   9.9  14.4  15.9  20.1  17.6  17.6   9.7   4.1   3.0 
2000   1.6   4.5   5.8  11.2  15.5  17.4  16.2  18.1  14.2  11.6   6.4   3.2 
2001   0.9   2.1   3.4   8.0  14.8  14.6  19.3  19.3  12.8  12.6   4.8   0.1 
2002   2.1   5.5   5.5   8.1  14.9  17.1  18.2  20.2  14.1   8.3   4.7  -1.8 
2003   0.1  -2.0   5.0   8.9  14.9  19.1  19.7  20.6  14.7   6.2   6.7   2.3 
2004  -0.1   3.4   4.9   9.9  12.2  15.6  17.0  19.5  14.5  10.3   5.0   2.0 
2005   3.1  -0.1   4.2  10.1  13.3  16.4  18.8  16.6  15.8  11.2   4.9   1.5 
2006  -2.6   0.0   1.9   9.1  14.1  17.6  23.6  17.3  18.4  13.2   8.2   5.9 
2007   5.9   4.5   7.6  11.9  15.3  18.8  18.8  18.2  14.2   9.0   4.9   2.5 
2008   4.7   4.9   5.3   8.8  15.5  18.1  19.3  18.7  13.7  10.2   6.0   1.9 
2009  -1.7   1.5   5.6  13.1  14.7  15.5  19.4  20.2  15.8   8.6   8.4   0.6 
2010  -4.4  -0.7   5.0   9.7  11.1  17.5  21.9  18.0  13.5   8.9   5.2  -4.1 
2011   1.8   1.0   5.3  12.8  14.9 -99.0 -99.0 -99.0 -99.0 -99.0 -99.0 -99.0 
