Number= 104380
Name= KASSEL
Country= GERMANY
Lat=   51.3
Long=   -9.5
Height= 231
Start year= 1863
End year= 2011
First Good year= 1863
Source ID= 30
Source file= Jones+Anders
Jones data to= 1991
Normals source= Data
Normals source start year= 1961
Normals source end year= 1990
Normals=  -0.4   0.5   3.7   7.6  12.3  15.4  16.8  16.4  13.1   8.8   3.8   0.7 
Standard deviations source= Data
Standard deviations source start year= 1941
Standard deviations source end year= 1990
Standard deviations=   2.8   3.1   2.3   1.4   1.4   1.2   1.7   1.4   1.3   1.4   1.4   2.2 
Obs:
1863   2.7   2.3   4.8   7.9  11.6  14.8  14.9  16.7  11.5   9.5   2.1   2.3 
1864  -5.5  -0.8   4.5   6.3  10.4  14.7  15.3  13.2  11.9   6.8   1.4  -3.5 
1865  -0.1  -4.3  -0.8  10.1  15.2  13.4  18.7  15.2  13.7   7.8   4.9  -0.6 
1866   3.2   3.9   3.1   8.5   9.0  16.3  14.9  14.0  13.3   4.8   3.8   2.0 
1867  -0.5   4.8   2.0   8.1  10.8  14.4  14.5  14.9  12.8   7.3   2.9  -1.5 
1868  -1.4   4.1   3.9   6.9  15.3  15.4  17.8  17.0  13.0   7.0   2.1   4.8 
1869  -0.7   5.1   1.6  10.2  11.8  12.1  16.8  13.6  13.0   5.2   2.6  -0.9 
1870   0.0  -3.4   1.8   7.9  11.4  14.3  17.1  14.3  10.0   7.0   3.6  -5.3 
1871  -5.1   0.4   5.0   6.9   8.7  12.3  16.4  15.6  12.8   5.5 -99.0  -4.6 
1872   1.1   2.5   4.9   9.2  12.0  14.9  16.8  15.0  12.4   7.7   5.8   2.8 
1873   2.8  -0.8   4.2   6.4   9.0  15.1  17.2  15.7  10.7   8.0   3.3   0.4 
1874   1.4   0.3   4.3   9.6   9.1  15.3  18.9  13.9  13.2   8.1   0.0  -2.5 
1875   1.5  -3.4   1.0   7.5  12.9  16.7  17.1  18.1  12.7   5.6   1.6  -2.5 
1876  -3.1   1.4   3.9   8.8   9.0  15.6  16.8  16.1  10.7   8.8   0.4   1.4 
1877   2.9   3.1   1.7   6.5   9.7  16.8  16.0  16.0   9.2   6.4   5.2  -0.2 
1878  -0.6   2.4   3.2   8.9  13.1  14.9  15.3  15.7  12.9   8.1   2.5  -1.4 
1879  -3.3   0.3   2.1   6.3  10.0  15.3  14.4  16.2  12.9   6.9   0.4  -9.8 
1880  -4.5   0.4   5.0   9.2  11.7  15.1  17.3  16.0  13.1   6.8   3.0   3.8 
1881  -6.4   0.9   3.2   5.8  12.1  14.8  18.3  14.4  11.2   3.7   4.9   0.0 
1882  -0.6   1.8   6.7   8.5  11.8  13.5  16.2  13.5  12.1   8.0   2.9   0.1 
1883  -0.3   3.2  -1.1   6.5  12.5  15.9  15.9  14.9  12.0   7.8   3.4   0.4 
1884   2.6   2.8   5.6   6.5  12.8  12.4  17.3  16.0  13.3   6.8   0.9   1.3 
1885  -3.2   3.5   3.1  10.1   9.4  15.6  15.9  13.2  11.6   6.5   1.5  -1.2 
1886  -1.4  -2.7   1.2   9.2  12.9  13.8  16.0  15.9  13.9   8.5   4.2   0.2 
1887  -4.5  -0.1   1.4   7.3   9.9  15.0  17.9  13.9  11.0   4.3   1.6  -1.7 
1888  -2.2  -2.6   1.1   6.4  12.2  15.6  14.4  14.3  11.4   5.9   2.6  -0.5 
1889  -2.3  -2.3   1.2   7.9  16.6  18.8  15.9  14.4  10.6   7.2   1.2  -2.5 
1890   1.7  -2.4   4.7   6.7  13.7  13.4  14.5  15.3  12.3   6.2   1.9  -6.0 
1891  -4.7  -0.4   3.1   5.7  12.9  14.4  15.5  14.0  12.8   9.3   2.3   1.3 
1892  -1.5   0.9   1.0   7.8  13.0  14.8  15.7  17.3  12.4   6.2   2.4  -2.5 
1893  -7.6   2.3   5.2   9.7  13.0  15.9  16.9  16.3  11.3   8.8   0.7  -0.4 
1894  -2.1   2.0   5.4  10.9  11.5  14.1  16.7  14.5   9.8   6.9   3.7   0.0 
1895  -4.2  -6.2   1.6   9.1  12.5  15.5  16.5  15.6  14.6   6.1   4.4  -0.6 
1896  -0.7  -0.2   6.1   6.8  11.3  16.4  15.8  13.1  12.0   7.6   0.6  -0.6 
1897  -2.9   1.3   5.7   7.8  11.2  16.7  16.0  16.3  11.2   6.7   2.0   0.9 
1898   1.9   1.7   3.7   8.0  11.2  14.9  13.6  17.7  13.1   8.4   3.3   2.8 
1899   2.0   2.4   3.3   7.7  11.1  14.7  16.7  16.1  11.5   6.7   6.3  -3.2 
1900   1.0   1.4   1.7   7.4  11.1  15.6  17.9  15.2  12.5   7.7   4.2   2.2 
1901  -4.9  -3.3   2.9   9.1  13.3  15.4  17.9  15.6  12.4   8.4   2.0   0.3 
1902   2.9  -0.8   4.4   9.1   8.9  15.7  15.3  14.0  11.5   6.2   1.1  -3.1 
1903   0.8   4.6   6.7   4.8  13.0  14.6  15.9  15.0  12.7   9.2   3.8  -1.1 
1904  -1.7   1.7   3.7   9.9  12.8  15.1  18.2  15.6  10.9   7.5   2.4   1.9 
1905  -1.4   1.9   5.3   6.2  12.5  17.1  18.0  16.0  11.8   4.0   2.4   0.5 
1906   1.3   1.2   2.9   8.8  13.5  15.0  16.6  15.8  11.8   9.7   5.6  -2.6 
1907   0.3  -0.8   3.8   6.9  13.0  14.4  13.6  15.3  12.4  10.7   3.4   0.9 
1908  -3.3   1.6   3.0   5.8  13.1  16.9  16.6  13.7  11.4   7.4   0.5  -0.7 
1909  -1.8  -2.1   2.7   8.4  11.3  13.6  14.6  15.9  11.9   9.3   1.3   1.4 
1910   1.4   3.1   4.3   7.8  12.8  16.3  14.9  15.0  11.2   8.8   1.6   2.1 
1911  -1.2   2.0   5.0   7.8  13.6  15.0  19.0  19.2  13.5   7.5   3.9   2.7 
1912  -0.8   3.1   6.6   7.8  12.0  15.5  17.5  13.2   8.4   5.4   1.9   2.2 
1913  -0.2   2.0   6.8   8.3  12.1  14.3  13.9  13.9  11.8   8.9   6.1   1.5 
1914  -3.5   3.6   5.4  10.4  10.7  14.3  17.0  16.6  11.4   7.8   2.8   3.5 
1915   0.2   1.8   2.6   7.5  13.7  17.6  15.4  14.6  11.2   6.0   0.9   3.3 
1916   3.5   1.5   4.7   8.7  13.3  12.4  15.1  15.0  11.4   7.7   3.9   1.3 
1917  -2.5  -3.1   0.4   4.8  16.0  19.2  17.1  16.0  13.9   5.9   4.5  -2.7 
1918   0.6   2.1   5.1   9.7  14.6  12.8  15.9  15.4  11.7   7.1   2.4   3.5 
1919   0.2   0.2   3.5   5.7  11.9  14.4  13.4  15.1  13.4   5.1  -0.1   0.2 
1920   2.0   3.4   7.1   9.5  13.7  14.7  16.8  14.0  11.8   6.5   0.4   0.0 
1921   4.0   1.9   6.1   8.1  13.5  13.9  18.0  16.6  12.6  10.5  -1.2  -0.4 
1922  -2.7  -1.6   3.7   5.3  13.3  15.2  15.1  14.2  10.4   4.1   1.9   1.7 
1923   1.8   1.1   5.9   7.0  11.5  10.8  17.9  14.3  11.7   9.3   2.0  -2.1 
1924  -3.5  -2.5   2.7   6.5  13.8  14.8  16.1  13.2  12.3   8.5   1.8   1.0 
1925   2.0   4.0   1.8   8.9  13.9  14.6  17.5  15.8  10.0   7.3   1.3  -1.4 
1926  -0.2   5.1   4.6  10.1  10.3  13.5  17.0  15.4  13.7   6.8   5.4  -0.1 
1927   1.8   1.7   6.5   7.3  10.6  13.3  16.4  15.5  12.7   7.7   1.4  -3.0 
1928   1.5   3.0   3.7   7.5  10.2  13.6  17.9  15.2  11.6   8.0   5.3  -0.9 
1929  -4.6  -8.9   3.9   5.0  13.5  14.4  16.5  16.6  15.0   8.8   4.0   3.5 
1930   2.3   0.9   5.3   8.8  11.7  18.3  16.1  15.5  12.4   7.9   5.3   0.1 
1931 -99.0 -99.0 -99.0 -99.0 -99.0 -99.0 -99.0 -99.0 -99.0 -99.0 -99.0 -99.0 
1932 -99.0 -99.0 -99.0 -99.0 -99.0 -99.0 -99.0 -99.0 -99.0 -99.0 -99.0 -99.0 
1933 -99.0 -99.0 -99.0 -99.0 -99.0 -99.0 -99.0 -99.0 -99.0 -99.0 -99.0 -99.0 
1934 -99.0 -99.0 -99.0 -99.0 -99.0 -99.0 -99.0 -99.0 -99.0 -99.0 -99.0 -99.0 
1935 -99.0 -99.0 -99.0 -99.0 -99.0 -99.0 -99.0 -99.0 -99.0 -99.0 -99.0 -99.0 
1936 -99.0 -99.0 -99.0 -99.0 -99.0 -99.0 -99.0 -99.0 -99.0 -99.0 -99.0 -99.0 
1937 -99.0 -99.0 -99.0 -99.0 -99.0 -99.0 -99.0 -99.0 -99.0 -99.0 -99.0 -99.0 
1938 -99.0 -99.0 -99.0 -99.0 -99.0 -99.0 -99.0 -99.0 -99.0 -99.0 -99.0 -99.0 
1939 -99.0 -99.0 -99.0 -99.0 -99.0 -99.0 -99.0 -99.0 -99.0 -99.0 -99.0 -99.0 
1940 -99.0 -99.0 -99.0 -99.0 -99.0 -99.0 -99.0 -99.0 -99.0 -99.0 -99.0 -99.0 
1941 -99.0 -99.0 -99.0 -99.0 -99.0 -99.0 -99.0 -99.0 -99.0 -99.0 -99.0 -99.0 
1942 -99.0 -99.0 -99.0 -99.0 -99.0 -99.0 -99.0 -99.0 -99.0 -99.0 -99.0 -99.0 
1943 -99.0 -99.0 -99.0 -99.0 -99.0 -99.0 -99.0 -99.0 -99.0 -99.0 -99.0 -99.0 
1944 -99.0 -99.0 -99.0 -99.0 -99.0 -99.0 -99.0 -99.0 -99.0 -99.0 -99.0 -99.0 
1945 -99.0 -99.0 -99.0 -99.0 -99.0 -99.0 -99.0 -99.0 -99.0 -99.0 -99.0 -99.0 
1946 -99.0 -99.0 -99.0 -99.0 -99.0 -99.0 -99.0 -99.0 -99.0 -99.0 -99.0 -99.0 
1947 -99.0 -99.0 -99.0 -99.0 -99.0 -99.0 -99.0 -99.0 -99.0 -99.0 -99.0 -99.0 
1948 -99.0 -99.0 -99.0 -99.0 -99.0 -99.0 -99.0 -99.0 -99.0 -99.0 -99.0 -99.0 
1949 -99.0 -99.0 -99.0 -99.0 -99.0 -99.0 -99.0 -99.0 -99.0 -99.0 -99.0 -99.0 
1950 -99.0 -99.0 -99.0 -99.0 -99.0 -99.0 -99.0 -99.0 -99.0 -99.0 -99.0 -99.0 
1951 -99.0 -99.0 -99.0 -99.0 -99.0 -99.0 -99.0 -99.0 -99.0 -99.0 -99.0 -99.0 
1952 -99.0 -99.0 -99.0 -99.0 -99.0 -99.0 -99.0 -99.0 -99.0 -99.0 -99.0 -99.0 
1953 -99.0 -99.0 -99.0 -99.0 -99.0  16.2  17.0 -99.0  12.4   9.1   4.2   2.3 
1954  -3.2  -2.2   5.2   6.9  13.0  16.0  13.9  15.2  12.6   9.3   3.5   2.9 
1955  -2.5  -1.8   1.3   7.8  10.5  15.0  17.1  15.9  12.4   7.0   3.0   1.6 
1956  -0.2  -9.2   4.2   6.1  13.4  13.1  16.8  13.6  12.7   7.4   2.6   2.1 
1957   0.3   4.1   7.5   8.8  10.2  17.0  17.6  14.4  11.2   8.5   4.3  -0.2 
1958  -0.2   2.5   0.5   6.4  13.5  14.7  16.8  16.9  14.0   8.9   3.9   2.4 
1959  -0.2   0.5   7.4  10.5  13.6  16.9  20.0  17.4  13.0   7.7   2.8   2.1 
1960   0.1   1.6   5.5   8.6  13.3  16.4  15.1  14.9  12.1   8.8   5.9   0.6 
1961  -0.9   5.1   7.0  11.3  10.5  16.2  14.6  15.5  16.3   9.9   3.3  -0.8 
1962   2.0   1.0   0.8   9.1  10.0  14.5  14.8  15.0  11.8   8.2   1.8  -3.7 
1963  -7.7  -5.6   2.6   8.7  11.8  15.7  17.2  15.3  13.1   6.9   6.9  -3.7 
1964  -3.0   0.6   0.6   8.4  13.8  17.2  17.7  15.6  12.8   6.7   4.8   0.3 
1965   0.9  -1.5   2.3   6.8  11.6  15.5  14.3  14.2  12.0   7.8   0.6   2.3 
1966  -2.8   3.8   3.3   9.0  13.0  16.5  15.0  15.3  12.5  10.6   1.7   1.8 
1967   1.5   2.9   5.1   6.5  12.3  14.7  18.6  15.9  13.2  10.7   2.9   0.0 
1968  -1.6   0.2   4.1   9.0  10.8  15.6  16.1  16.2  13.2   9.9   3.0  -2.2 
1969   1.1  -2.2   0.3   7.2  13.0  15.1  18.5  16.4  12.7   9.7   4.6  -4.9 
1970  -2.8  -1.5   1.4   5.3  11.9  17.3  15.6  16.6  12.9   8.6   5.2   0.3 
1971  -1.6   1.5   1.0   8.6  14.2  14.0  17.7  17.4  11.7   8.3   3.0   3.3 
1972  -2.1   2.5   5.1   7.0  11.2  14.1  17.4  15.3  10.3   6.3   3.5   0.4 
1973   0.0   0.5   4.0   5.0  12.4  16.4  17.2  18.2  14.3   7.1   3.2  -0.4 
1974   3.4   2.9   5.8   8.6  11.0  14.0  14.9  16.6  12.6   5.1   4.9   4.8 
1975   4.7   1.1   3.7   7.0  11.6  14.8  18.6  19.3  15.1   6.8   3.0   1.0 
1976   1.5   0.4   1.5   7.0  13.0  17.7  19.8  16.1  12.6   9.3   4.7  -1.1 
1977   0.7   2.8   6.1   5.5  11.8  15.3  16.0  14.9  11.2   9.2   3.9   0.9 
1978   0.8  -1.3   4.9   6.8  11.5  14.2  15.0  14.8  11.7   9.1   3.1   0.2 
1979  -4.8  -2.4   3.1   6.3  11.9  16.0  14.7  14.6  12.9   9.1   3.0   3.8 
1980  -2.3   2.7   3.4   6.4  11.0  14.0  14.6  16.2  13.8   7.4   2.6   0.3 
1981  -1.5  -0.8   7.4   8.4  13.5  15.3  16.4  16.6  14.2   7.9   4.7  -2.0 
1982  -2.4   0.5   4.5   7.2  13.0  16.6  19.9  18.1  16.6  10.0   6.4   2.2 
1983   4.0  -1.3   5.1   9.0  11.1  16.8  20.7  19.1  13.8   9.3   3.4   1.0 
1984   1.1   0.5   2.7   7.1  10.8  14.0  15.9  17.4  12.4  10.2   5.5   1.9 
1985  -5.1  -2.6   3.3   7.8  14.0  13.3  17.2  16.0  13.5   9.0   0.5   3.9 
1986   0.6  -6.1   3.7   6.1  14.3  16.5  17.4  16.5  11.1  10.2   6.1   2.3 
1987  -5.9  -0.3  -0.4  10.1   9.8  13.8  16.9  15.7  14.6   9.5   4.9   2.2 
1988   3.9   2.4   3.0   8.2  15.0  15.1  17.0  17.6  13.4   9.9   3.3   3.7 
1989   2.3   2.8   7.2   7.2  14.7  15.9  18.0  17.6  14.9  10.8   3.4   3.0 
1990   2.8   6.0   7.4   7.7  14.3  15.3  17.0  19.1  11.8  10.6   4.8   1.0 
1991   1.6  -2.4   7.0   7.5   9.9  13.2  19.6  18.5  15.4   8.7   4.0   1.0 
1992   1.4   3.1   5.1   8.2  15.2  17.2  18.8  18.7  13.6   6.6   5.7   1.6 
1993   2.2  -1.4   4.6  11.6  15.2  16.4  16.7  15.9  12.3   8.0   0.5   3.4 
1994   3.0   0.2   6.6   8.8  12.9  16.4  22.0  17.9  13.2   7.7   7.3   4.0 
1995   0.2   4.7   3.4   9.3  12.5  14.6  20.7  19.1  12.7  12.1   3.2  -1.5 
1996  -2.8  -1.4   1.8   9.1  10.8  15.2  15.8  17.2  11.2   9.2   4.5  -2.2 
1997  -2.5   4.5   6.7   6.9  12.8  15.9  17.2  20.2  14.2   7.8   4.5   2.4 
1998   2.7   4.7   5.8   9.0  14.5  16.4  16.2  16.8  13.4   8.2   2.0   1.4 
1999   3.3   1.0   6.0   9.3  13.9  15.6  19.5  17.1  17.3   9.0   3.8   2.6 
2000   1.5   4.1   6.0  10.7  15.0  16.9  14.9  17.8  14.3  10.2   6.2   3.1 
2001   0.9   3.0   4.1   7.4  14.7  14.3  18.8  18.9  11.8  12.3   4.2   0.3 
2002   0.8   5.3 -99.0   8.3  13.5  17.3  17.3 -99.0 -99.0 -99.0 -99.0 -99.0 
2003 -99.0 -99.0 -99.0 -99.0 -99.0 -99.0 -99.0 -99.0 -99.0 -99.0 -99.0 -99.0 
2004 -99.0 -99.0 -99.0 -99.0 -99.0 -99.0 -99.0 -99.0 -99.0 -99.0 -99.0 -99.0 
2005 -99.0 -99.0 -99.0 -99.0 -99.0 -99.0 -99.0 -99.0 -99.0 -99.0 -99.0 -99.0 
2006 -99.0 -99.0 -99.0 -99.0 -99.0 -99.0 -99.0 -99.0 -99.0 -99.0 -99.0 -99.0 
2007 -99.0 -99.0 -99.0 -99.0 -99.0 -99.0 -99.0 -99.0 -99.0 -99.0 -99.0 -99.0 
2008 -99.0 -99.0 -99.0 -99.0 -99.0 -99.0 -99.0 -99.0 -99.0 -99.0 -99.0 -99.0 
2009 -99.0 -99.0 -99.0 -99.0 -99.0 -99.0  18.1  18.6  14.5   8.2   7.7   0.4 
2010  -3.5  -0.3   4.6   9.4  10.5  16.8  20.6  16.5  12.4   8.4   5.2  -3.7 
2011   1.4   1.4   5.5  12.7  14.2 -99.0 -99.0 -99.0 -99.0 -99.0 -99.0 -99.0 
