Number= 107270
Name= KARLSRUHE
Country= W.GERMANY
Lat=   49.0
Long=   -8.4
Height= 114
Start year= 1779
End year= 2008
First Good year= 1779
Source ID= 10
Source file= Jones+Anders
Jones data to= 1930
Normals source= WMO
Normals source start year= 1961
Normals source end year= 1990
Normals source percent availability= 100
Normals source variable code= 14
Normals=   1.2   2.5   6.0   9.9  14.3  17.5  19.6  18.8  15.4  10.4   5.3   2.2 
Obs:
1779  -5.2   3.9   7.1  13.1  16.9  17.2  20.8  21.4  18.8  13.8   7.3   5.4 
1780  -3.0  -0.3   9.6   8.9  16.2  18.6  20.1  21.0  16.0  11.4   5.2   0.0 
1781   0.4   4.7   6.7  13.2  16.6  20.1  20.5  20.8  17.1   9.2   4.7   3.1 
1782   3.7  -2.5   4.7   9.0  13.7  19.2  21.0  17.2  13.6   7.8   0.3   0.4 
1783   4.0   4.1   3.5  10.5  15.3  18.6  21.9  18.8  14.9   9.9   3.9  -2.4 
1784  -6.3  -1.5   3.4   7.0  16.0  17.9  19.2  16.8  15.0   5.7   4.3  -1.0 
1785  -0.6  -1.4  -1.4   6.3  13.9  17.5  19.2 -99.0 -99.0 -99.0   4.4   0.9 
1786 -99.0 -99.0 -99.0  11.3  13.8  19.5  17.5 -99.0 -99.0   7.9   1.3   1.5 
1787 -99.0 -99.0 -99.0 -99.0 -99.0 -99.0 -99.0 -99.0 -99.0 -99.0 -99.0 -99.0 
1788 -99.0 -99.0 -99.0 -99.0 -99.0 -99.0 -99.0 -99.0 -99.0 -99.0 -99.0  -9.1 
1789  -1.4   4.6   1.6 -99.0  18.2  16.2  20.2  19.1  14.3 -99.0 -99.0   2.8 
1790 -99.0 -99.0 -99.0 -99.0 -99.0 -99.0 -99.0 -99.0 -99.0 -99.0 -99.0 -99.0 
1791 -99.0 -99.0 -99.0 -99.0 -99.0 -99.0 -99.0 -99.0 -99.0 -99.0 -99.0 -99.0 
1792 -99.0 -99.0 -99.0 -99.0 -99.0 -99.0 -99.0 -99.0 -99.0 -99.0 -99.0 -99.0 
1793 -99.0 -99.0 -99.0 -99.0 -99.0 -99.0 -99.0 -99.0 -99.0 -99.0 -99.0 -99.0 
1794 -99.0 -99.0 -99.0 -99.0 -99.0 -99.0 -99.0 -99.0 -99.0 -99.0 -99.0 -99.0 
1795 -99.0 -99.0 -99.0 -99.0 -99.0 -99.0 -99.0 -99.0 -99.0 -99.0 -99.0 -99.0 
1796 -99.0 -99.0 -99.0 -99.0 -99.0 -99.0 -99.0 -99.0 -99.0 -99.0 -99.0 -99.0 
1797 -99.0 -99.0 -99.0 -99.0 -99.0 -99.0 -99.0 -99.0 -99.0 -99.0 -99.0 -99.0 
1798 -99.0 -99.0 -99.0 -99.0 -99.0 -99.0  20.0  19.8  16.5  11.1   5.4  -0.7 
1799  -4.1   3.6   4.8   9.0  13.7  17.2  19.0  19.5  15.8  10.5   5.1  -3.6 
1800   3.0   0.4   2.7  14.6  17.3  15.4  19.4  20.8  16.9   9.8   6.6   2.0 
1801   3.7   3.3   7.9  10.8  16.7  16.8  19.6  18.7  16.7  11.6   6.7   4.5 
1802  -3.6   3.2   6.5  11.7  14.8  19.8  18.5  22.2  16.0  12.1   4.7   2.4 
1803  -1.8  -1.2   3.9  11.8  12.1  17.2  20.5  19.9  12.8   9.3   5.9   4.2 
1804   5.5   0.8   4.1   9.8  16.7  19.2  19.1  18.4  15.9  11.5   5.3  -0.9 
1805  -2.1   1.7   4.6   9.3  13.4  17.1  18.2  17.8  16.0   7.7   1.6   1.2 
1806   4.9   4.8   6.2   7.6  17.3  17.9  19.8  18.8  15.3   9.5   7.2   7.6 
1807  -0.2   3.8   2.0   8.7  17.0  17.7  22.7  23.2  13.8  12.0   6.7   1.0 
1808   1.5   0.9   1.1   8.4  18.5  17.5  22.2  20.5  15.1   8.8   4.9  -3.0 
1809   1.3   6.5   6.1   6.4  16.0  16.5  19.0  18.9  14.8   8.7   2.8   3.7 
1810  -4.2  -1.0   7.1  10.2  14.8  17.3  18.9  18.7  17.7  10.3   6.3   3.8 
1811  -3.2   3.9   9.0  12.5  18.4  20.0  20.7  18.9  16.4  14.0   6.7   2.3 
1812  -2.8   4.3   5.3   6.7  16.5  17.4  17.8  18.9  15.5  12.0   3.4  -3.1 
1813  -1.3   5.1   6.2  12.3  15.7  16.8  17.6  17.0  14.3  10.7   5.1   0.6 
1814  -2.1  -1.6   3.5  12.7  13.4  16.0  19.8  17.9  14.4   9.5   6.2   5.0 
1815  -3.2   5.3   8.8  11.3  16.9  17.3  17.6  18.0  15.9  11.2   2.7   0.4 
1816   1.5  -0.1   5.2  10.7  12.7  14.9  16.5  16.6  14.6  10.0   2.5   1.9 
1817   4.2   5.1   5.0   6.5  13.5  19.1  17.9  17.5  17.8   6.9   7.4   1.9 
1818   3.4   3.8   6.2  12.3  13.7  19.3  20.2  18.0  15.1   9.6   7.1  -1.0 
1819   2.1   4.1   6.4  12.2  16.1  18.2  20.3  20.1  16.4  10.2   4.3   2.1 
1820  -1.6   3.1   3.8  13.1  15.8  15.3  18.6  20.1  14.3   9.6   3.0   1.7 
1821   2.7   0.5   6.4  12.6  13.2  15.5  17.2  19.4  16.0   9.5   8.6   6.1 
1822   2.9   6.1  10.5  12.6  18.1  22.8  20.5  19.1  16.3  11.9   8.5   0.1 
1823  -3.0   5.2   6.8  10.3  17.0  16.8  18.3  20.4  16.1  10.0   5.1   5.4 
1824   1.5   4.9   5.4   9.3  14.1  17.2  20.2  19.0  17.1  11.2   8.6   6.8 
1825   2.2   2.8   4.5  12.2  15.3  17.5  20.8  19.9  17.2  10.6   7.1   5.5 
1826  -4.6   4.1   6.9  10.6  13.9  19.4  22.4  22.8  17.9  12.8   4.9   2.9 
1827  -0.9  -3.9   7.0  12.3  17.1  19.3  22.3  19.3  17.2  12.1   2.7   5.3 
1828   3.8   3.0   7.0  11.4  16.4  19.5  20.9  17.7  16.4  10.7   4.8   4.0 
1829  -2.9  -0.5   5.4  11.3  15.5  18.3  20.4  17.8  14.7   9.6   2.9  -4.5 
1830  -7.5  -1.3   8.2  13.1  16.5  17.7  20.8  19.1  14.5  10.1   6.8   1.3 
1831  -1.5   3.6   7.6  12.6  14.9  17.3  20.3  19.7  14.7  14.5   5.6   3.7 
1832  -0.1   2.1   5.7  11.6  14.4  17.4  19.7  20.5  15.0  10.6   4.4   2.9 
1833  -3.5   6.7   4.6   9.4  19.2  19.9  18.2  16.5  14.4  10.1   5.8   7.3 
1834   7.0   2.8   6.5   9.0  17.8  19.5  23.2  21.0  18.0  11.0   6.2   2.0 
1835   2.0   4.6   5.6   9.3  14.6  18.2  21.6  19.0  15.7   9.4   1.5  -1.1 
1836   0.4   1.4   9.6   9.6  13.0  18.6  20.0  19.9  17.8  11.4   6.0   3.6 
1837   1.4   3.5   3.2   7.5  12.9  19.6  18.6  20.8  13.6  10.7   5.7   2.6 
1838  -5.6  -0.3   5.7   7.4  15.1  17.7  19.3  17.7  16.3  10.4   6.6   1.0 
1839   0.9   3.3   4.6   7.6  14.8  20.9  20.0  18.6  15.9  11.9   7.1   4.5 
1840   1.5   1.6   2.0  12.0  14.9  18.4  18.0  19.7  15.5   7.8   7.5  -5.0 
1841   0.1  -0.3   8.5  11.2  19.1  16.7  17.7  18.6  17.3  11.6   6.9   5.5 
1842  -2.6   1.1   7.3   9.9  16.3  19.6  19.1  22.6  15.3   7.9   4.1   2.0 
1843   2.9   5.1   6.4  11.3  13.9  16.0  18.8  19.4  15.6  10.8   7.3   3.5 
1844   0.5   1.6   5.8  12.3  13.9  18.9  17.4  16.1  15.9  10.8   7.3  -1.8 
1845   0.8  -4.3   0.6  11.1  12.6  19.1  20.0  16.4  14.6  10.8   7.1   4.1 
1846   2.5   5.6   8.1  11.1  15.6  21.5  22.5  22.1  18.3  12.3   5.3  -1.3 
1847   0.0   1.5   5.3   8.0  17.9  16.9  21.5  20.3  13.9  10.5   5.9   0.9 
1848  -4.6   5.3   7.4  12.5  16.4  19.3  20.1  19.3  15.6  11.8   5.0   2.8 
1849   2.3   5.3   5.1   9.6  16.3  19.9  19.5  18.0  16.0  11.4   3.8   0.6 
1850  -3.3   5.9   3.4  11.3  14.0  19.0  19.8  18.4  13.8   9.1   8.4   2.6 
1851   3.4   2.6   6.3  11.5  12.3  18.6  18.6  19.4  13.3  11.5   2.8   1.0 
1852   4.6   4.0   3.9   8.7  16.0  18.0  22.3  19.5  15.3   9.3   9.8   7.0 
1853   5.2   0.3   1.8   9.0  14.2  18.4  20.3  19.4  15.2  10.4   4.6  -3.4 
1854   1.3   0.7   6.7 -99.0 -99.0 -99.0 -99.0 -99.0 -99.0 -99.0 -99.0 -99.0 
1855  -3.3  -1.1   4.4   8.4  12.1  17.8  18.1  19.7  14.9  11.6   3.5  -2.0 
1856   1.6   4.1   3.6  10.4  11.7  18.3  17.3  20.0  13.4   9.9   1.3   2.5 
1857   0.4   0.4   4.8   8.7  14.4  17.7  20.9  20.5  16.6  11.5   5.0   2.4 
1858  -2.4  -1.1   4.3  10.1  12.4  21.5  18.1  18.3  17.3  10.5  -0.5   2.4 
1859   1.8   4.7   8.6  10.6  14.5  18.0  23.0  21.0  14.9  12.2   4.5   0.0 
1860   3.6  -1.0   4.1   8.6  15.6  17.0  16.8  16.9  13.9   9.2   2.6   1.5 
1861  -4.6   4.2   6.4   8.7  13.2  19.0  18.9  20.3  15.0  11.4   5.8   1.0 
1862   0.9   2.3   8.3  12.2  16.2  16.8  18.9  18.2  15.8  11.2   5.3   2.8 
1863   3.3   2.8   5.6  10.6  14.5  17.1  18.3  20.1  13.6  10.9   5.3   3.4 
1864  -3.5   1.2   6.9   9.0  13.8  16.9  18.5  16.8  14.5   8.9   3.9  -2.5 
1865   1.9  -0.2   1.4  13.6  17.5  17.9  20.9  17.8  17.3  10.8   6.5  -0.4 
1866   4.5   5.5   5.0  11.1  11.9  19.3  18.9  16.9  15.6   8.1   5.8   4.0 
1867   1.2   6.0   4.9  10.0  14.9  17.5  17.6  19.0  15.8   8.9   3.5  -0.1 
1868   0.1   4.6   4.8   9.0  18.8  18.8  19.9  19.4  16.4   9.9   2.8   7.1 
1869   0.6   7.3   3.0  12.5  14.7  14.8  20.8  16.9  16.4   7.8   5.4  -0.5 
1870   0.8  -1.5   3.6  10.4  14.9  18.2  21.7  16.5  12.9   9.6   5.1  -3.8 
1871  -3.7   2.8   6.6   9.7  12.4  14.2  19.2  18.9  16.1   6.4   1.9  -4.4 
1872   1.8   3.2   6.5  10.8  13.8  16.8  19.9  17.0  15.8  10.6   7.7   4.1 
1873   3.6   1.4   7.3   8.5  11.5  17.8  20.8  19.1  13.6  10.8   5.3   1.5 
1874   2.5   0.8   5.4  11.5  11.1  17.8  22.0  16.9  16.1   9.4   2.3   0.0 
1875   3.5  -1.7   3.6   9.8  15.7  18.7  18.4  19.9  15.4   8.8   5.0  -1.2 
1876  -2.5   3.3   6.5  10.6  11.4  18.1  19.9  19.8  13.9  11.8   3.8   5.1 
1877   4.2   5.4   4.1   9.1  11.8  19.9  18.5  19.0  11.8   7.9   7.7   2.5 
1878   0.8   3.4   5.1  10.5  15.3  17.3  18.3  18.4  15.1  10.5   4.6  -0.3 
1879   0.1   3.7   5.1   8.2  11.5  17.7  16.6  19.3  15.2   8.5   2.3  -8.5 
1880  -2.8   2.4   7.1  10.4  13.4  16.2  19.9  18.0  15.5   9.3   5.4   6.3 
1881  -3.0   2.8   6.8   8.6  13.7  17.8  21.1  18.2  13.4   6.0   7.6   1.5 
1882   0.5   2.0   7.8  10.0  14.2  16.1  17.4  16.5  13.7  10.7   6.5   3.1 
1883   2.0   4.9   1.3   8.9  14.7  18.2  17.8  17.6  14.4   9.2   6.1   2.0 
1884   4.8   4.0   7.1   8.3  14.8  15.0  20.6  18.9  15.1   9.0   3.3   3.5 
1885  -1.1   5.5   4.6  11.0  11.7  19.1  18.9  16.5  14.0   8.7   4.9   0.6 
1886   0.8  -0.5   3.5  11.1  14.2  15.4  19.0  18.7  16.7  11.0   6.7   2.6 
1887  -2.9   0.4   2.6   9.3  11.3  17.8  21.1  17.8  12.6   6.3   4.1   0.6 
1888  -1.0  -0.1   4.4   7.8  14.4  18.2  16.1  16.6  14.0   7.0   5.8   0.1 
1889  -0.7  -0.6   2.6   9.0  16.3  19.7  18.2  17.2  12.7   9.2   3.7  -0.4 
1890   3.7  -0.8   6.0   8.8  15.1  16.3  17.2  17.9  14.1   8.1   4.9  -3.4 
1891  -3.1   0.8   5.2   7.8  14.0  17.0  17.8  16.8  15.0  10.7   3.7   3.0 
1892   0.2   2.3   2.9   9.6  14.6  17.2  18.5  20.0  15.4   8.4   5.6  -0.8 
1893  -5.3   5.0   7.1  12.2  14.3  17.9  19.5  19.2  14.5  10.9   3.8   0.9 
1894  -0.1   3.8   6.7  12.1  12.9  16.5  19.8  17.4  12.4   9.7   6.4   1.5 
1895  -3.4  -6.1   3.3  11.0  14.2  17.8  19.4  17.9  17.5   8.7   7.1   2.4 
1896   0.5   1.2   8.1   7.9  13.4  18.4  19.0  16.3  14.4   9.6   3.5   1.4 
1897  -0.6   5.0   8.2   9.8  12.6  19.1  19.2  18.8  13.9   8.8   3.9   2.0 
1898   2.5   3.5   5.0  10.3  13.0  17.0  17.1  20.1  15.1  11.7   5.6   3.9 
1899   4.1   3.8   5.2   9.5  13.4  17.1  18.9  19.5  14.8   8.8   7.2  -1.4 
1900   3.4   4.0   2.9   9.4  12.8  18.6  20.6  18.0  15.6  10.3   5.6   4.1 
1901  -1.9  -2.5   4.5  10.5  15.0  18.2  19.7  17.8  14.8   9.5   3.5   3.2 
1902   4.0   1.8   6.6  11.3  10.5  16.9  19.0  17.6  14.7   9.1   3.2   0.1 
1903   1.9   5.4   7.6   6.5  14.0  16.8  18.1  17.7  15.3  11.4   6.0   0.8 
1904  -0.2   3.6   5.3  11.0  14.6  17.7  21.7  18.2  13.2   9.9   3.9   3.6 
1905  -0.7   3.1   7.4   9.4  13.4  18.9  21.8  18.8  14.3   6.1   4.8   2.4 
1906   3.3   2.2   4.4   9.8  14.7  16.2  19.3  18.9  13.6  11.7   6.8  -0.1 
1907   1.2   0.2   4.7   8.2  14.9  17.2  16.9  18.7  15.8  11.9   5.8   4.3 
1908  -2.7   3.0   4.7   7.7  15.5  19.4  19.2  16.0  14.0   8.5   3.2   1.1 
1909  -0.7  -0.2   4.7  10.9  13.4  15.6  16.7  18.5  13.6  11.3   3.4   4.2 
1910   3.2   4.7   5.6   9.6  13.8  17.8  17.3  17.9  12.9  10.9   4.5   3.6 
1911  -0.5   2.9   6.2   9.0  14.5  16.6  21.9  21.8  16.4   9.9   6.4   4.8 
1912   2.0   5.0   9.0   9.0  14.8  18.0  19.5  15.5  10.2   8.2   4.2   3.6 
1913   2.3   3.1   8.6   9.7  14.7  17.1  16.0  16.9  13.9  10.8   8.6   2.6 
1914  -2.5   3.8   7.2  12.2  12.4  16.0  18.7  18.6  13.6   9.1   4.3   5.2 
1915   2.5   3.2   4.5   8.9  15.4  19.9  18.6  17.2  13.4   8.0   3.2   6.5 
1916   6.3   3.6   6.5  10.1  15.3  14.5  18.1  17.9  13.3  10.3   5.4   3.0 
1917  -0.5  -2.1   2.9   7.0  17.9  19.9  18.8  18.0  16.3   8.6   6.2  -1.1 
1918   1.6   3.2   5.7  10.2  16.1  15.2  18.8  18.2  14.7   8.5   4.1   6.2 
1919   2.6   1.1   5.5   7.1  14.2  17.6  16.0  18.7  16.7   7.0   3.2   3.2 
1920   4.1   3.6   7.5  11.1  16.0  17.2  19.0  16.8  14.5   8.9   2.1   2.1 
1921   5.9   2.6   6.7   9.8  15.7  17.2  21.9  19.1  15.7  12.8   1.2   1.9 
1922   0.2   1.8   5.9   7.8  16.2  18.2  17.8  17.5  12.9   7.0   3.7   3.3 
1923   2.6   4.7   7.3   9.6  13.7  13.4  21.3  18.4  14.7  11.5   4.4   0.8 
1924  -1.0  -0.1   5.2   9.2  16.1  17.2  19.0  15.6  14.8  10.5   4.0   1.6 
1925   3.7   5.5   3.1  10.2  15.6  18.0  19.3  18.1  12.4  10.4   3.3   1.6 
1926   2.2   7.7   6.4  11.7  12.6  15.7  18.9  18.1  16.7   9.9   7.4   1.1 
1927   3.5   3.2   7.8  10.1  14.1  16.9  19.3  17.9  15.4   9.9   5.4   0.1 
1928   4.1   5.3   5.9  10.3  12.3  17.0  21.3  18.6  14.8  10.2   7.5   1.9 
1929  -3.1  -6.7   5.0   7.6  15.1  17.4  20.2  19.3  18.1  11.6   5.4   5.8 
1930   3.0   2.3   7.0  10.9  13.6  20.5  18.3  17.8  15.1  10.7   8.1   2.0 
1931 -99.0 -99.0 -99.0 -99.0 -99.0 -99.0 -99.0 -99.0 -99.0 -99.0 -99.0 -99.0 
1932 -99.0 -99.0 -99.0 -99.0 -99.0 -99.0 -99.0 -99.0 -99.0 -99.0 -99.0 -99.0 
1933 -99.0 -99.0 -99.0 -99.0 -99.0 -99.0 -99.0 -99.0 -99.0 -99.0 -99.0 -99.0 
1934 -99.0 -99.0 -99.0 -99.0 -99.0 -99.0 -99.0 -99.0 -99.0 -99.0 -99.0 -99.0 
1935 -99.0 -99.0 -99.0 -99.0 -99.0 -99.0 -99.0 -99.0 -99.0 -99.0 -99.0 -99.0 
1936 -99.0 -99.0 -99.0 -99.0 -99.0 -99.0 -99.0 -99.0 -99.0 -99.0 -99.0 -99.0 
1937 -99.0 -99.0 -99.0 -99.0 -99.0 -99.0 -99.0 -99.0 -99.0 -99.0 -99.0 -99.0 
1938 -99.0 -99.0 -99.0 -99.0 -99.0 -99.0 -99.0 -99.0 -99.0 -99.0 -99.0 -99.0 
1939 -99.0 -99.0 -99.0 -99.0 -99.0 -99.0 -99.0 -99.0 -99.0 -99.0 -99.0 -99.0 
1940 -99.0 -99.0 -99.0 -99.0 -99.0 -99.0 -99.0 -99.0 -99.0 -99.0 -99.0 -99.0 
1941 -99.0 -99.0 -99.0 -99.0 -99.0 -99.0 -99.0 -99.0 -99.0 -99.0 -99.0 -99.0 
1942 -99.0 -99.0 -99.0 -99.0 -99.0 -99.0 -99.0 -99.0 -99.0 -99.0 -99.0 -99.0 
1943 -99.0 -99.0 -99.0 -99.0 -99.0 -99.0 -99.0 -99.0 -99.0 -99.0 -99.0 -99.0 
1944 -99.0 -99.0 -99.0 -99.0 -99.0 -99.0 -99.0 -99.0 -99.0 -99.0 -99.0 -99.0 
1945 -99.0 -99.0 -99.0 -99.0 -99.0 -99.0 -99.0 -99.0 -99.0 -99.0 -99.0 -99.0 
1946 -99.0 -99.0 -99.0 -99.0 -99.0 -99.0 -99.0 -99.0 -99.0 -99.0 -99.0 -99.0 
1947 -99.0 -99.0 -99.0 -99.0 -99.0 -99.0 -99.0 -99.0 -99.0 -99.0 -99.0 -99.0 
1948 -99.0 -99.0 -99.0 -99.0 -99.0 -99.0 -99.0 -99.0 -99.0 -99.0 -99.0 -99.0 
1949 -99.0 -99.0 -99.0 -99.0 -99.0 -99.0 -99.0 -99.0 -99.0 -99.0 -99.0 -99.0 
1950 -99.0 -99.0 -99.0 -99.0 -99.0 -99.0 -99.0 -99.0 -99.0 -99.0 -99.0 -99.0 
1951 -99.0 -99.0 -99.0 -99.0 -99.0 -99.0 -99.0 -99.0 -99.0 -99.0 -99.0 -99.0 
1952 -99.0 -99.0 -99.0 -99.0 -99.0 -99.0 -99.0 -99.0 -99.0 -99.0 -99.0 -99.0 
1953 -99.0 -99.0 -99.0 -99.0 -99.0 -99.0 -99.0 -99.0 -99.0 -99.0 -99.0 -99.0 
1954 -99.0 -99.0 -99.0 -99.0 -99.0 -99.0 -99.0 -99.0 -99.0 -99.0 -99.0 -99.0 
1955 -99.0 -99.0 -99.0 -99.0 -99.0 -99.0 -99.0 -99.0 -99.0 -99.0 -99.0 -99.0 
1956 -99.0 -99.0 -99.0 -99.0 -99.0 -99.0 -99.0 -99.0 -99.0 -99.0 -99.0 -99.0 
1957 -99.0 -99.0 -99.0 -99.0 -99.0 -99.0 -99.0 -99.0 -99.0 -99.0 -99.0 -99.0 
1958 -99.0 -99.0 -99.0 -99.0 -99.0 -99.0 -99.0 -99.0 -99.0 -99.0 -99.0 -99.0 
1959 -99.0 -99.0 -99.0 -99.0 -99.0 -99.0 -99.0 -99.0 -99.0 -99.0 -99.0 -99.0 
1960 -99.0 -99.0 -99.0 -99.0 -99.0 -99.0 -99.0 -99.0 -99.0 -99.0 -99.0 -99.0 
1961 -99.0 -99.0 -99.0 -99.0 -99.0 -99.0 -99.0 -99.0 -99.0 -99.0 -99.0 -99.0 
1962 -99.0 -99.0 -99.0 -99.0 -99.0 -99.0 -99.0 -99.0 -99.0 -99.0 -99.0 -99.0 
1963 -99.0 -99.0 -99.0 -99.0 -99.0 -99.0 -99.0 -99.0 -99.0 -99.0 -99.0 -99.0 
1964 -99.0 -99.0 -99.0 -99.0 -99.0 -99.0 -99.0 -99.0 -99.0 -99.0 -99.0 -99.0 
1965 -99.0 -99.0 -99.0 -99.0 -99.0 -99.0 -99.0 -99.0 -99.0 -99.0 -99.0 -99.0 
1966 -99.0 -99.0 -99.0 -99.0 -99.0 -99.0 -99.0 -99.0 -99.0 -99.0 -99.0 -99.0 
1967 -99.0 -99.0 -99.0 -99.0 -99.0 -99.0 -99.0 -99.0 -99.0 -99.0 -99.0 -99.0 
1968 -99.0 -99.0 -99.0 -99.0 -99.0 -99.0 -99.0 -99.0 -99.0 -99.0 -99.0 -99.0 
1969 -99.0 -99.0 -99.0 -99.0 -99.0 -99.0 -99.0 -99.0 -99.0 -99.0 -99.0 -99.0 
1970 -99.0 -99.0 -99.0 -99.0 -99.0 -99.0 -99.0 -99.0 -99.0 -99.0 -99.0 -99.0 
1971 -99.0 -99.0 -99.0 -99.0 -99.0 -99.0 -99.0 -99.0 -99.0 -99.0 -99.0 -99.0 
1972 -99.0 -99.0 -99.0 -99.0 -99.0 -99.0 -99.0 -99.0 -99.0 -99.0 -99.0 -99.0 
1973 -99.0 -99.0 -99.0 -99.0 -99.0 -99.0 -99.0 -99.0 -99.0 -99.0 -99.0 -99.0 
1974 -99.0 -99.0 -99.0 -99.0 -99.0 -99.0 -99.0 -99.0 -99.0 -99.0 -99.0 -99.0 
1975 -99.0 -99.0 -99.0 -99.0 -99.0 -99.0 -99.0 -99.0 -99.0 -99.0 -99.0 -99.0 
1976 -99.0 -99.0 -99.0 -99.0 -99.0 -99.0 -99.0 -99.0 -99.0 -99.0 -99.0 -99.0 
1977 -99.0 -99.0 -99.0 -99.0 -99.0 -99.0 -99.0 -99.0 -99.0 -99.0 -99.0 -99.0 
1978 -99.0 -99.0 -99.0 -99.0 -99.0 -99.0 -99.0 -99.0 -99.0 -99.0 -99.0 -99.0 
1979 -99.0 -99.0 -99.0 -99.0 -99.0 -99.0 -99.0 -99.0 -99.0 -99.0 -99.0 -99.0 
1980 -99.0 -99.0 -99.0 -99.0 -99.0 -99.0 -99.0 -99.0 -99.0 -99.0 -99.0 -99.0 
1981 -99.0 -99.0 -99.0 -99.0 -99.0 -99.0 -99.0 -99.0 -99.0 -99.0 -99.0 -99.0 
1982 -99.0 -99.0 -99.0 -99.0 -99.0 -99.0 -99.0 -99.0 -99.0 -99.0 -99.0 -99.0 
1983 -99.0 -99.0 -99.0 -99.0 -99.0 -99.0 -99.0 -99.0 -99.0 -99.0 -99.0 -99.0 
1984 -99.0 -99.0 -99.0 -99.0 -99.0 -99.0 -99.0 -99.0 -99.0 -99.0 -99.0 -99.0 
1985 -99.0 -99.0 -99.0 -99.0 -99.0 -99.0 -99.0 -99.0 -99.0 -99.0 -99.0 -99.0 
1986 -99.0 -99.0 -99.0 -99.0 -99.0 -99.0 -99.0 -99.0 -99.0 -99.0 -99.0 -99.0 
1987 -99.0 -99.0 -99.0 -99.0 -99.0 -99.0 -99.0 -99.0 -99.0 -99.0 -99.0 -99.0 
1988 -99.0 -99.0 -99.0 -99.0 -99.0 -99.0 -99.0 -99.0 -99.0 -99.0 -99.0 -99.0 
1989 -99.0 -99.0 -99.0 -99.0 -99.0 -99.0 -99.0 -99.0 -99.0 -99.0 -99.0 -99.0 
1990 -99.0 -99.0 -99.0 -99.0 -99.0 -99.0 -99.0 -99.0 -99.0 -99.0 -99.0 -99.0 
1991 -99.0 -99.0 -99.0 -99.0 -99.0 -99.0 -99.0 -99.0 -99.0 -99.0 -99.0 -99.0 
1992 -99.0 -99.0 -99.0 -99.0 -99.0 -99.0 -99.0 -99.0 -99.0 -99.0 -99.0 -99.0 
1993 -99.0   0.9   6.5  12.9  16.5  18.6  19.0  19.5  14.4   9.3   2.3   5.6 
1994   4.5   2.9   9.6   9.8  14.9  19.1  24.1  20.3  15.4   9.8   9.4   5.8 
1995   2.3   7.3   5.7  11.2  14.9  16.8  22.7  20.4  14.1  13.4   4.8   1.1 
1996   0.1   1.0   4.4  11.0  13.4  18.4  18.9  19.5  12.7  11.0   6.3  -0.3 
1997  -2.1   6.0   8.8   9.5  15.3  17.7  19.2  22.2  16.3   9.7   5.8   3.9 
1998   3.7   5.2   7.8  10.7  16.7  19.0  19.2  20.3  15.4  11.0   3.5   3.2 
1999   4.5   2.1   7.7  11.4  16.6  18.0  21.7  19.9  18.9  10.5   4.6   3.6 
2000   3.0   6.1   7.8  12.2  16.8  20.2  17.8  20.8  16.2  12.2   7.7   5.2 
2001   3.4   5.2   8.0   9.1  17.2  16.9  21.2  21.2  13.3  14.3   4.4   1.4 
2002   1.2   7.1   7.8  10.6  14.9  20.4  19.6  20.0  14.7  11.1   8.3   4.5 
2003   1.0   0.8   8.9  11.0  16.2  23.0  21.7  24.3  16.3   8.3   7.2   3.1 
2004   2.3   4.5   6.3  11.6  13.8  18.3  20.1  20.9  16.5  12.0   5.8   1.6 
2005   3.2   0.7   6.6  11.5  15.2  20.2  20.7  18.2  17.6  12.8   5.4   2.1 
2006  -1.1   1.7   4.5  10.8  15.6  19.6  24.8  17.3  18.9  13.8   8.4   5.0 
2007   6.3   6.4   7.7  14.8  16.7  19.5  19.6  19.3  14.3  10.4   4.9   2.2 
2008   5.0   5.2   6.6   9.8  17.8  19.5  20.7  19.7  14.1  10.9 -99.0 -99.0 
