Number= 109620
Name= HOHENPEISSENBERG
Country= GERMANY
Lat=   47.8
Long=  -11.0
Height= 977
Start year= 1781
End year= 2011
First Good year= 1781
Source ID= 10
Source file= Jones+Anders
Jones data to= 1997
Normals source= Data
Normals source start year= 1961
Normals source end year= 1990
Normals=  -1.6  -1.1   1.6   5.1   9.6  12.7  15.0  14.6  12.0   8.0   2.6  -0.5 
Standard deviations source= Data
Standard deviations source start year= 1941
Standard deviations source end year= 1990
Standard deviations=   2.8   3.3   2.5   2.0   1.8   1.3   1.5   1.3   1.7   1.8   1.8   2.1 
Obs:
1781  -1.6  -0.9   2.4   8.7  12.2  14.2  15.2  16.7  12.7   4.7   1.9   1.5 
1782  -0.8  -5.5   0.0   3.8   9.3  15.5  17.0  14.4  10.9   3.9  -2.5  -2.0 
1783   0.9   0.4  -0.4   6.3  10.8  12.9  16.0  14.4  12.1   8.5   1.5  -2.1 
1784  -5.1  -4.4   0.1   2.1  12.7  13.0  15.0  13.6  14.4   2.6   1.5  -4.4 
1785   0.8  -6.4  -6.0   1.3   9.0  11.5  13.0  13.2  14.2   6.3   2.6  -1.6 
1786   0.1  -2.9  -0.5   7.1   9.0  13.7  11.6  12.3   9.5   3.8  -0.2  -0.7 
1787  -3.3   0.9   3.2   3.8   7.1  13.9  14.2  16.1  12.1   9.5   2.1   4.2 
1788  -1.7   2.2   2.2   5.6  11.5  14.6  17.4  14.0  13.6   5.9   0.1 -10.2 
1789  -0.8  -0.4  -3.4   7.4  13.0  10.8  14.6  14.4  11.1   6.8   0.7   1.5 
1790  -0.4   1.0   1.6   3.8  11.9  14.2  13.4  15.7  11.0   8.8   3.1  -0.8 
1791   1.1  -1.7   2.0   8.9   9.6  12.8  14.6  16.4  11.1   7.5   1.7   0.3 
1792  -0.7  -2.0   3.7   7.8   9.0  13.6  15.2  15.8   9.9   8.4   2.4  -1.2 
1793  -2.5   0.9   2.4   4.2   8.8  12.1  17.6  17.2  11.0  10.2   4.4   1.1 
1794  -1.4   3.1   5.9  10.1  10.7  14.0  18.2  14.0   9.6   6.7   3.8  -2.7 
1795  -6.9  -0.3   1.6   9.0  10.8  14.0  12.0  15.7  13.9  12.5   0.3   3.2 
1796   6.3  -1.2  -1.3   4.4  10.5  13.0  15.2  14.5  14.3   6.1   1.1  -2.2 
1797  -1.2   1.2  -0.2   7.6  13.2  11.2  17.0  16.4  12.6   7.4   5.1   1.4 
1798  -2.3  -0.7   1.2   6.6  11.1  13.6  14.6  15.1  12.9   7.6   1.7  -4.6 
1799  -3.4   1.1   0.7   3.8   8.9  11.3  13.6  15.8  11.6   7.0   2.9  -5.2 
1800   1.6  -1.5  -1.5  12.1  12.4  10.6  15.0  16.1  12.2   6.2   3.2   1.0 
1801   0.5  -0.8   3.1   6.5  12.0  11.0  14.2  13.7  12.3   8.6   4.3  -0.8 
1802  -4.3  -0.4   1.9   6.5  10.0  15.2  14.4  18.5  12.1  11.3   2.7  -0.5 
1803  -3.5  -4.4   1.1   9.0   7.6  12.1  16.0  15.7   9.3   6.0   3.0   0.7 
1804   3.6  -4.4   0.7   5.2  11.8  13.7  14.6  14.6  13.0   8.3   1.8  -2.1 
1805  -1.8  -0.8   0.1   3.7   8.5  12.0  13.4  13.1  12.2   4.5  -1.1  -1.9 
1806   0.7   1.3   1.6   2.5  13.0  13.5  15.2  14.8  12.1   7.5   5.4   4.8 
1807  -3.4   0.7  -2.6   4.4  12.0  13.5  18.6  19.6  10.6  10.4   4.7  -1.0 
1808  -2.7  -3.3  -3.5   4.4  13.0  13.2  18.1  17.2  12.7   5.2   3.4  -4.7 
1809   1.7   3.8   2.5   2.0  12.0  13.0  15.5  13.5  12.0   6.6   1.3   0.6 
1810  -3.0  -3.5   4.0   5.0  10.5  12.0  15.0  14.5  15.0   7.0   4.6   1.0 
1811  -5.5   0.0   4.0   7.5  14.5  17.0  17.0  15.0  12.5  12.5   4.5   0.0 
1812  -4.0   0.5   1.5   2.0  11.5  13.5  13.5  14.0  11.0  10.0   0.5  -7.0 
1813  -4.9   1.4   0.1   7.0  10.8  10.7  12.2  11.7   9.8   7.1   0.6   0.2 
1814  -3.2  -7.7  -0.1   7.9   8.0  10.9  15.4  13.7   9.0   6.5   4.2   1.5 
1815  -7.0   2.3   4.3   6.6  11.3  11.9  12.0  12.9  11.3   7.7  -0.8  -2.8 
1816  -3.1  -3.6  -0.6   5.0   7.6  10.2  12.0  12.0  10.1   7.8   0.1  -1.9 
1817   1.2   0.5  -0.8  -0.4   9.4  14.4  13.4  13.8  14.0   2.8   4.3  -1.1 
1818   0.4   0.2   1.3   8.2   9.5  14.4  15.2  13.0  11.8   7.4   4.6  -1.4 
1819   0.5  -0.5   1.9   7.4  11.5  13.3  15.4  14.4  12.7   6.9   1.7  -1.2 
1820  -5.1  -0.1  -0.9   7.5  11.1  10.4  13.8  17.1   9.2   6.0   0.4  -2.7 
1821   0.0  -2.0   1.7   7.8   8.4   9.8  12.6  15.2  12.1   7.0   6.7   3.2 
1822  -2.7   1.5   6.1   7.0  12.9  18.2  15.8  14.2  11.3  10.4   6.7  -5.1 
1823  -3.4   0.1   0.6   4.1  11.8  11.7  13.2  15.6  12.8   7.5   2.3   0.4 
1824  -3.1   1.3  -0.7   3.3   9.2  11.9  15.6  14.3  13.3   7.6   4.7   3.4 
1825  -2.8  -2.5  -1.4   7.6  10.3  12.0  14.4  14.4  12.2   6.8   3.2   4.4 
1826  -6.5   1.9   2.4   4.8   7.4  12.3  15.8  17.8  13.6   8.7   0.2  -0.3 
1827  -4.7  -4.5   2.1   6.8  12.3  12.5  16.8  13.1  12.4   8.9  -1.7   3.0 
1828   1.5  -1.4   1.3   5.7  10.8  13.4  15.0  12.8  11.8   6.0   4.2   1.7 
1829  -5.3  -4.3   0.7   5.9   9.5  11.1  15.0  12.5  10.1   5.3  -0.6  -7.0 
1830  -7.8  -3.6   3.2   8.0  11.3  12.7  15.6  14.4   9.1   6.3   4.3  -1.3 
1831  -2.7   0.5   2.2   7.9   9.7  11.7  14.8  14.6  10.0  12.1   1.4  -0.4 
1832  -0.4  -0.5   1.4   5.9   8.5  11.5  14.2  16.2  11.2   6.9   1.8  -1.4 
1833  -3.3   2.3   0.8   3.2  14.1  14.7  11.8  11.2   9.7   7.8   2.5   2.3 
1834   2.6  -0.5   0.6   3.2  13.6  15.5  17.8  15.8  15.3   7.4   2.9  -1.4 
1835  -0.2  -0.4  -0.3   3.8  10.3  13.2  17.0  14.0  12.1   4.9  -1.3  -2.8 
1836  -2.6  -2.2   5.5   4.0   7.1  13.8  15.6  15.2  10.2   8.0   1.5  -0.7 
1837  -1.5  -1.1  -2.7   2.8   6.6  14.2  13.2  17.3   9.0   6.2   0.5   0.0 
1838  -5.4  -2.7   0.6   1.9  10.3  12.4  14.0  13.0  12.2   6.3   3.6  -2.5 
1839  -4.1  -1.0  -1.2   1.5   8.5  16.0  16.0  12.4  12.4   9.1   5.8   1.8 
1840   0.4  -2.7  -3.9   6.7   9.4  12.8  12.4  14.4  10.9   4.2   4.6  -4.0 
1841  -3.4  -1.3   4.3   6.2  14.3  11.0  12.8  13.9  13.1   8.7   3.0   0.9 
1842  -6.9  -0.7   1.3   4.1   9.9  14.1  14.2  16.7  10.6   3.1   0.0   3.2 
1843  -1.5   2.5   0.4   4.9   7.8   9.6  12.4  14.4  10.7   7.0   2.8   1.0 
1844  -4.8  -3.5  -0.8   6.8   8.0  14.0  12.4  11.2  12.1   7.6   3.4  -2.9 
1845   0.2  -8.0  -3.1   5.8   6.2  13.8  15.0  11.9  11.5   7.7   4.9  -0.1 
1846   0.3   1.1   3.2   5.6  11.0  15.9  16.6  15.8  12.8   8.2   2.3  -5.4 
1847  -0.3  -4.4  -0.1   1.7  13.5   9.8  15.2  14.6   8.8   7.1   4.5  -1.4 
1848  -8.3   1.5   1.9   7.3  10.2  14.3  14.8  14.6  11.0   8.1   0.5   2.1 
1849  -0.8   0.3  -0.8   3.7  10.3  14.4  14.8  12.9  11.3   8.0   1.3  -3.0 
1850  -6.1   1.7  -1.4   5.1   8.0  13.0  13.8  14.4   9.1   3.9   3.2   0.0 
1851   0.5  -1.7  -0.2   6.5   5.8  13.2  13.2  14.1   7.7   8.2  -3.6  -0.5 
1852   1.5  -2.0  -1.7   2.8  10.3  13.4  16.2  14.6  10.8   6.4   7.7   4.7 
1853   2.1  -4.7  -3.1   2.6   8.6  12.3  16.0  15.3  11.2   8.9   1.3  -5.0 
1854   0.4  -4.7   0.4   6.2  10.4  11.7  15.0  13.5  11.5   8.3  -0.6  -1.0 
1855  -5.8  -1.9   0.4   3.7   8.9  12.9  14.6  15.8  11.6  10.6   0.2  -4.4 
1856   1.7   1.3  -0.1   7.9   8.4  14.6  13.0  16.6  10.3   9.3  -2.5  -0.2 
1857  -4.1  -0.7   0.1   4.6  10.3  13.0  16.8  15.5  13.4   9.9   3.3   1.3 
1858  -4.3  -4.0  -0.2   6.6   7.7  16.7  13.4  13.0  14.1   8.1  -0.8  -1.0 
1859  -2.1  -0.4   3.9   5.9   9.3  13.5  19.2  17.1  11.6   9.1   1.5  -4.1 
1860   0.9  -6.1  -1.6   4.0  10.3  12.7  11.4  13.5  10.9   6.1  -1.2  -1.4 
1861  -4.7   2.7   1.5   3.4   8.5  13.8  14.4  16.7  11.3   9.3   3.2  -1.8 
1862  -2.6  -2.0   5.7   8.1  12.2  11.6  15.4  13.8  12.3   9.3   2.4   0.1 
1863   1.2  -0.6   1.2   6.1  11.0  12.4  13.6  16.9  10.6   9.4   2.5  -0.5 
1864  -5.3  -1.9   2.1   2.7   9.0  11.8  13.4  12.6  10.7   4.9   0.1  -4.1 
1865  -1.2  -5.7  -5.0   9.9  13.6  11.6  17.0  13.6  13.9   7.8   3.5  -1.2 
1866   1.7   0.9   0.4   6.8   6.6  14.4  13.8  13.3  12.8   6.7   1.2   2.0 
1867  -2.7   1.8   0.4   5.3  10.1  12.5  13.2  15.6  12.4   5.5  -0.6  -4.8 
1868  -4.9   0.2  -0.8   4.3  15.2  14.0  14.6  15.1  14.5   6.7  -0.6   3.8 
1869  -3.9   4.0  -3.2   7.3  11.5   9.5  16.8  12.7  13.1   3.7   1.0  -1.4 
1870  -3.7  -4.2  -2.3   4.2  11.5  12.7  16.6  11.8   9.1   5.9   1.2  -6.9 
1871  -6.6   0.3   2.0   4.7   6.9   9.1  15.2  14.7  13.4   3.7  -2.7  -6.1 
1872  -0.3   0.7   2.7   6.0   9.3  12.0  15.2  13.0  12.5   8.4   4.0   2.6 
1873   1.0  -2.4   3.5   4.1   6.1  12.5  16.6  15.8  10.1   8.0   1.5  -1.2 
1874  -0.4  -1.9   0.2   6.6   5.7  13.4  17.4  12.3  13.6   9.0  -0.6  -4.2 
1875   0.2  -6.1  -1.7   5.2  11.6  13.8  13.6  16.1  11.6   4.4   0.1  -3.5 
1876  -2.7   0.0   1.3   5.7   5.1  12.6  15.2  15.3   9.9   9.3   0.7   2.6 
1877   1.3  -0.2  -0.7   3.7   6.4  15.6  13.6  15.8   8.3   4.7   3.5  -2.1 
1878  -3.8   0.1  -0.6   5.4  10.7  12.4  13.4  14.3  11.2   7.5   0.4  -3.3 
1879  -2.7  -1.3   0.4   3.8   5.5  13.3  12.0  16.2  11.9   4.7  -1.9  -6.1 
1880  -5.4   1.3   3.4   6.0   7.6  11.5  16.0  13.4  12.1   6.7   2.3   2.3 
1881  -5.9   0.3   1.7   3.2   8.4  12.4  17.4  15.4  10.0   2.1   4.9  -0.3 
1882   0.7  -0.4   4.4   4.9   9.8  11.2  14.2  12.2   9.9   7.9   1.9   0.9 
1883  -1.5   0.2  -4.2   3.8  10.0  12.5  14.0  14.2  11.2   5.7   2.3  -2.9 
1884   0.7   1.0   3.2   4.2  11.0   9.2  16.1  15.2  12.6   4.8   0.2  -1.0 
1885  -3.2   2.8   0.1   7.5   7.6  14.8  15.4  14.1  11.7   5.3   2.2  -2.3 
1886  -3.1  -4.9  -0.6   7.3  10.6  11.0  15.6  14.7  14.2   8.5   2.6  -1.5 
1887  -3.8  -4.1  -1.0   5.1   6.7  13.6  17.2  14.3  10.5   2.1   1.6  -3.7 
1888  -3.8  -3.5  -0.6   3.0  10.6  13.7  12.4  13.3  11.3   4.2   2.1   1.9 
1889  -4.2  -5.7  -1.8   3.9  12.6  14.5  14.0  13.4   8.9   6.7   2.5  -4.1 
1890   1.6  -5.7   1.6   4.6  11.2  11.2  13.1  14.6  10.5   4.9   0.3  -6.9 
1891  -6.8  -2.7   0.9   2.4  10.4  13.1  13.7  13.2  12.5   9.0   1.3   0.3 
1892  -3.8  -0.3  -1.2   5.5   9.8  12.9  14.1  17.4  12.7   6.4   3.5  -3.5 
1893  -8.0   0.1   2.2   8.5   9.0  13.2  15.0  15.6  11.7   9.1   0.1  -1.8 
1894  -2.8  -1.3   2.1   8.1   8.6  11.8  15.7  14.4   9.7   6.7   3.2  -2.6 
1895  -6.5  -9.3  -0.1   6.4   9.0  12.9  16.3  14.8  15.8   6.4   4.9  -1.9 
1896  -3.8  -2.3   3.8   2.4   7.1  13.1  15.0  11.7  10.9   6.6  -1.0  -1.0 
1897  -2.6   1.5   3.3   4.8   7.0  14.4  14.3  14.6  10.1   5.9   2.9  -0.1 
1898   2.9  -2.0   0.8   5.8   9.0  12.0  13.0  17.2  13.3   9.0   4.8   0.8 
1899   1.0   1.9   1.9   4.6   8.2  12.3  14.2  15.8  10.9   8.1   4.2  -3.6 
1900  -1.2   1.3  -2.2   4.1   7.9  13.8  16.5  14.0  13.9   7.9   3.7   2.3 
1901  -2.7  -6.2   0.0   5.3  10.3  13.5  15.4  14.0  12.4   7.0  -0.5  -0.2 
1902   0.1  -2.0   1.3   7.0   5.2  11.5  15.2  14.2  11.0   5.9   1.5  -1.6 
1903   0.2   2.7   3.9   1.4  10.1  11.9  13.6  14.5  12.2   8.9   1.9  -1.5 
1904  -1.0  -1.2   1.7   7.2  10.7  13.7  17.8  15.4   9.1   6.8   1.3   0.4 
1905  -4.1  -2.0   2.3   3.9   8.0  13.9  17.4  14.4  11.8   1.1   1.9  -1.2 
1906  -1.3  -2.8  -0.3   4.9   9.5  10.9  14.6  15.0   9.9   9.8   4.4  -4.2 
1907  -3.5  -4.7  -0.7   2.8  11.5  12.6  12.6  15.4  12.5  10.2   3.6   1.0 
1908  -1.6  -2.1   0.1   2.5  11.7  14.8  14.2  12.6  10.1   7.8   0.5  -0.9 
1909  -4.0  -5.3   0.2   6.6   8.2  11.2  12.2  14.2  10.8   9.1  -0.6   0.5 
1910  -1.2   0.0   1.9   4.4   8.5  13.1  12.6  13.9   9.1   8.3   1.1   2.4 
1911  -3.9  -1.4   2.2   4.4   9.5  12.0  17.6  17.5  13.9   8.0   5.2   2.2 
1912  -1.2   3.1   4.1   3.6  10.2  13.0  14.0  11.3   5.4   5.2  -0.8   2.8 
1913  -0.4  -1.3   4.6   4.9   9.2  11.3  11.2  12.8  10.6  10.0   5.2  -0.1 
1914  -6.0   3.4   2.1   7.8   7.5  11.1  13.2  15.2  10.3   6.5   1.5   2.4 
1915  -2.5  -0.4  -0.4   4.3  11.4  14.8  13.8  12.6   9.1   3.9  -0.3   4.1 
1916   1.8  -0.3   2.9   5.4  10.8  10.0  13.4  13.6   9.6   7.4   3.0   0.9 
1917  -5.4  -4.3  -1.1   1.4  13.3  15.5  14.6  14.2  14.2   4.9   2.3  -4.5 
1918   0.9   0.4   2.7   6.4  11.2   9.7  14.2  13.7  12.2   5.5   2.0   2.5 
1919  -1.3  -1.7   1.4   1.9   8.0  12.5  11.2  15.4  14.0   3.3   0.2   0.3 
1920   1.7   2.3   4.7   6.5  12.1  11.6  14.8  12.7  11.4   6.0   2.4  -0.3 
1921   2.4  -1.5   4.3   4.0  11.3  11.7  17.4  15.2  12.6  10.7  -0.2  -1.0 
1922  -3.5  -2.1   2.3   3.2  11.4  13.4  13.4  14.3   8.7   3.4  -0.6   0.1 
1923  -2.6   0.4   2.3   4.8  10.3   8.6  17.0  15.3  11.9   9.9   2.2  -3.4 
1924  -2.2  -5.3   0.4   4.6  11.2  12.1  14.4  11.3  12.1   8.0   2.7   1.6 
1925   1.3   1.5  -2.4   5.6  10.1  12.5  14.4  14.0   8.7   7.6  -0.3  -0.7 
1926  -1.7   4.4   1.3   7.4   8.1   9.9  13.2  14.2  13.9   7.6   6.5  -3.2 
1927  -1.1  -1.2   3.2   4.8   9.9  13.0  14.6  14.1  11.7   6.6   2.9  -2.5 
1928   0.3   0.1   1.6   5.7   6.8  12.8  18.0  15.4  10.9   8.0   3.9  -2.7 
1929  -5.9  -8.5   1.6   2.1  10.2  12.8  15.8  15.3  14.5   8.4   4.3   1.9 
1930   3.0  -2.8   2.9   6.0   8.7  16.1  13.6  13.9  12.0   7.2   5.2  -2.1 
1931  -2.4  -3.6  -2.2   3.4  12.5  15.0  14.0  12.8   6.7   5.9   3.9  -2.9 
1932   0.5  -6.9  -1.0   4.2   9.3  11.8  14.6  17.1  14.6   6.8   3.4   2.6 
1933  -3.9  -2.3   3.1   4.8   7.5  10.0  15.6  15.4  12.3   7.8   1.6  -5.9 
1934  -1.2  -1.4   1.9   8.6  11.5  13.0  16.2  13.9  14.0   7.4   2.4   4.3 
1935  -5.0  -1.3   0.0   3.9   7.9  15.1  16.0  14.2  12.9   6.6   4.2  -1.7 
1936   2.3  -0.5   3.5   4.8   9.4  12.3  13.8  14.0  11.1   2.9   2.3   1.1 
1937   0.4   0.8   1.2   4.9  12.3  14.1  15.2  14.6  11.4   8.6   1.7  -2.7 
1938  -1.3  -1.3   5.8   1.1   8.1  14.7  14.4  14.4  12.6   7.3   6.8  -2.9 
1939   0.8   1.0  -1.9   7.5   6.5  13.3  14.3  14.8  10.4   4.9   4.6  -3.2 
1940  -7.4  -1.1   1.2   6.3   9.4  12.6  13.7  12.5  11.5   6.5   3.4  -6.6 
1941  -4.8  -0.6   2.3   3.2   6.0  13.7  15.2  13.0  10.3   5.0   0.7  -2.1 
1942  -7.7  -6.3   2.8   4.5  10.2  12.6  14.2  15.3  14.5  11.1  -0.8   1.8 
1943   0.0   1.3   5.0   7.1  10.3  11.2  15.4  17.0  12.6   9.5   0.1  -1.1 
1944   0.4  -4.6  -3.1   6.7   9.0  11.4  14.2  17.8  10.9   5.9   1.6  -2.3 
1945  -6.8   2.0   3.4   7.8  13.6  15.1  16.1  14.2  12.2   8.0   1.0  -0.5 
1946  -2.4  -0.2   2.9   9.0  11.4  12.2  16.0  14.4  13.1   5.5   2.3  -3.5 
1947  -5.8  -3.8   3.4   8.9  12.4  15.1  17.1  17.2  16.0   7.5   3.8  -1.7 
1948   2.5  -1.6   5.4   7.3  11.5  12.1  12.4  14.1  12.0   7.9   4.7   1.1 
1949  -0.2   0.4  -0.4   8.8   8.8  11.8  16.0  15.0  15.1  10.1   1.4   1.3 
1950  -2.5   2.0   3.2   4.2  12.4  16.3  17.3  15.5  11.2   6.6   2.8  -3.3 
1951   0.0   0.0   0.3   5.3   9.4  12.7  15.4  15.2  12.9   6.2   5.0   2.0 
1952  -2.4  -3.6   1.7   8.2   9.6  14.1  17.9  16.6   8.1   6.0   0.3  -2.6 
1953  -4.4  -2.8   3.7   7.2  10.7  12.3  15.3  14.7  12.6   8.9   4.1   3.2 
1954  -6.5  -4.4   3.5   2.7   8.3  13.0  12.1  13.5  11.9   8.3   3.9   0.7 
1955  -0.6  -2.8  -1.2   4.5   8.6  12.6  14.0  13.9  11.1   5.9   1.9   1.9 
1956  -0.9 -12.4   1.4   3.7  10.2   9.9  14.8  13.0  13.4   6.2  -1.0   0.3 
1957  -0.8   2.6   6.2   4.9   6.3  14.0  14.9  12.9  10.6   8.0   2.3  -0.3 
1958  -1.6   1.5  -2.8   2.4  12.6  12.2  15.3  15.8  13.4   6.6   1.2   0.7 
1959  -1.8   1.4   5.2   7.2   9.8  13.0  16.4  14.0  12.6   7.7   2.4   1.3 
1960  -2.0   0.0   3.0   5.1  10.6  13.5  12.6  14.2  10.6   7.8   4.6  -1.6 
1961  -1.8   3.4   4.3   9.0   7.3  13.7  13.5  14.6  16.3   9.4   2.9  -0.6 
1962  -0.6  -3.3  -2.2   6.3   7.4  11.8  14.0  16.2  11.7   8.1   0.9  -3.9 
1963  -8.3  -5.8   1.5   6.7   8.8  13.1  15.9  13.7  12.3   7.3   6.4  -3.4 
1964  -2.7  -0.3  -0.9   6.9  11.3  14.3  16.9  14.1  12.3   4.6   2.5  -1.0 
1965  -0.5  -6.2   1.0   3.7   7.9  13.7  13.2  13.4  10.7   7.5   0.8   0.4 
1966  -4.1   4.7   0.0   7.7   9.9  14.0  12.9  12.7  12.9  10.3   0.3  -1.1 
1967  -1.5   0.5   2.6   4.0  10.0  12.1  17.0  14.9  11.9  10.9   3.4  -3.1 
1968  -3.8  -0.3   2.0   7.2   9.1  13.0  13.7  13.0  11.0   9.7   2.7  -3.2 
1969  -0.1  -3.4   0.3   4.8  11.7  10.7  15.5  13.2  12.6   9.4   3.2  -6.4 
1970  -0.9  -2.9  -1.4   2.6   7.8  14.4  14.3  14.8  12.3   7.0   5.1  -2.5 
1971   0.3  -2.7  -2.3   8.0  11.2  11.1  16.5  16.1  10.3   8.4   1.3   2.1 
1972  -1.9   2.6   4.8   4.1   8.8  11.8  14.3  13.9   8.5   5.0   3.1   1.5 
1973  -2.3  -3.1   0.3   1.8  11.0  13.2  13.9  16.5  13.0   5.6   2.0  -1.0 
1974   2.6   0.9   4.7   5.2   8.3  11.0  13.9  15.7  11.3   1.5   2.6   1.6 
1975   2.4   0.3   1.1   4.2  10.1  11.0  15.0  14.9  14.5   6.1   1.3  -1.7 
1976  -1.3   0.2   0.0   4.8  10.8  15.3  16.5  12.5  10.7   9.4   2.1  -2.0 
1977  -0.5   1.9   5.5   3.0   9.3  13.0  14.8  13.4   9.9   9.6   2.5   1.5 
1978  -1.6  -2.7   2.3   4.5   7.9  12.1  13.3  12.9  10.7   6.7   2.8   0.8 
1979  -4.7  -1.0   2.8   3.0  10.3  13.5  13.7  13.4  11.7   9.2   1.4   2.6 
1980  -3.5   1.4   2.0   2.1   7.3  11.4  12.4  15.6  13.0   6.7   1.4  -1.8 
1981  -3.8  -3.2   5.6   6.7   9.9  13.3  13.9  15.2  12.2   7.2   2.5  -2.1 
1982  -0.2  -1.4   1.7   3.4  10.6  14.3  16.7  14.5  14.6   7.8   5.3   0.6 
1983   2.2  -4.2   2.8   7.0   9.0  13.8  19.7  15.3  12.3   8.1   1.9   0.8 
1984  -0.7  -3.9  -0.4   3.9   7.7  12.1  14.7  14.5  10.3   9.0   6.7   0.5 
1985  -6.5  -2.9   0.3   5.4  10.7  11.2  16.4  15.1  13.5   7.7  -1.5   3.7 
1986  -1.8  -8.2   1.6   4.3  12.4  13.1  14.7  14.9  11.5   9.0   5.0   0.6 
1987  -7.1  -0.2  -2.8   7.3   6.6  11.9  15.2  14.4  15.1   9.1   3.0   1.8 
1988   2.9  -0.9  -0.3   6.5  11.6  12.4  15.6  15.5  11.6   9.5   1.2   0.0 
1989   1.3   3.1   6.2   5.1  11.2  11.9  15.6  15.2  11.7   9.6   2.0   2.5 
1990   1.7   5.1   5.5   3.7  12.0  12.4  15.1  16.5  10.4  10.0   1.8  -1.7 
1991  -1.4  -2.7   5.0   4.2   6.1  11.9  16.8  16.6  14.1   5.8   2.5  -2.2 
1992  -0.4   0.9   2.8   5.3  12.5  13.6  16.4  19.1  12.4   5.1   4.9   0.1 
1993   2.2  -1.8   1.4   8.1  12.5  13.8  13.9  15.0  11.2   6.1  -0.9   1.8 
1994   0.5   0.1   6.1   4.6  10.6  14.5  18.9  17.0  11.7   7.5   6.2   1.2 
1995  -2.0   3.0   0.5   6.1  10.4  11.1  18.1  14.6   9.8  11.3   2.0  -1.8 
1996  -1.6  -3.2  -1.2   6.2   9.8  14.1  14.0  13.9   8.0   7.3   2.7  -2.1 
1997  -1.0   2.7   4.5   3.7  11.0  12.8  13.9  17.0  13.3   6.2   3.7   1.1 
1998   0.5   3.4   1.8   6.4  11.5  14.9  15.2  16.1  10.9   7.3  -1.0   0.2 
1999   2.0  -3.2   3.6   6.0  12.2  12.5  16.1  15.5  14.6   7.8   0.5  -0.1 
2000  -2.0   1.9   2.5   8.3  12.6  15.7  12.9  17.2  12.6   8.6   4.6   3.3 
2001   0.0   0.8   4.3   4.3  13.1  12.3  16.3  17.0   8.7  12.8   0.0  -3.7 
2002   0.8   3.2   4.8   5.6  11.3  16.7  15.5  15.4   9.9   7.6   5.4   1.2 
2003  -2.3  -3.8   4.8   6.3  12.7  19.3  17.2  20.7  12.5   4.3   5.8   1.3 
2004  -2.2   0.2   1.9   7.1   9.0  13.4  15.3  16.4  12.6  10.2   1.6   0.4 
2005  -0.9  -3.9   2.3   7.0  11.3  15.4  15.7  13.4  13.2  10.6   2.3  -2.8 
2006  -2.3  -2.5  -0.3   6.1  10.9  15.0  19.8  12.1  15.5  11.7   6.4   2.7 
2007   2.2   2.9   3.6  11.2  12.1  15.1  15.5  14.9  10.3   6.8   1.0  -0.1 
2008   2.5   2.7   1.6   5.3  12.7  15.0  15.5  15.7  10.2   8.5   3.6  -0.4 
2009  -2.7  -1.7   0.9  10.1  12.7  12.9  16.3  17.7  13.3   7.3   6.8  -0.9 
2010  -4.6  -1.2   2.0   7.1   8.5  14.3  17.7  14.6  10.7   6.8   3.1  -2.5 
2011  -1.0   0.7   4.2  10.2  12.4 -99.0 -99.0 -99.0 -99.0 -99.0 -99.0 -99.0 
