Number= 561370
Name= CHANGDU (QAMDO)
Country= CHINA
Lat=   31.2
Long=  -97.2
Height= 3306
Start year= 1951
End year= 2011
First Good year= 1951
Source ID= 10
Source file= Jones+Anders
Jones data to= 2001
Normals source= Data
Normals source start year= 1961
Normals source end year= 1990
Normals=  -2.4   0.6   4.3   8.0  12.2  15.0  16.2  15.3  13.0   8.2   1.9  -2.2 
Standard deviations source= Data
Standard deviations source start year= 1951
Standard deviations source end year= 1990
Standard deviations=   1.0   1.2   1.0   0.9   1.0   1.2   0.9   0.8   1.0   1.6   1.2   1.1 
Obs:
1951 -99.0 -99.0   5.0   6.5  10.7  15.2  15.0  15.8  10.9   7.3   2.3  -2.8 
1952  -2.8   1.6   3.0   7.9  11.4  14.8  15.7  14.9  12.6   8.5   4.3  -0.4 
1953  -2.5   0.8   6.7   8.6  12.9  15.2  16.1  17.0  12.9   8.4   3.2   0.0 
1954  -2.9   2.2   4.9   9.3  12.1  14.9  16.2  14.4  13.5   9.3   2.9  -2.0 
1955  -2.5   1.1   4.7   8.0  13.5  14.9  15.6  13.8  14.0  10.0   1.7  -3.1 
1956  -2.9  -0.2   4.4   9.3  12.4  16.4  14.6  14.6  11.8   7.9   1.1  -1.9 
1957  -1.5  -0.5   3.4   7.2  10.4  14.5  16.8  15.1  13.4   6.0   2.2  -1.6 
1958  -1.9  -0.7   4.2   9.6  12.1  17.5  17.3  15.7  13.9  10.0   4.4  -1.0 
1959  -1.2  -1.2   4.2   8.5  12.0  15.1  18.2  16.2  11.0   8.3   2.8  -1.0 
1960  -3.8   1.2   4.9  10.0  13.3  14.7  16.1  15.8  12.9   8.2   2.8  -1.3 
1961  -0.8   1.1   3.8   9.1  10.8  17.2  16.6  16.2  13.1  11.1   0.9  -4.1 
1962  -2.8   0.5   2.9   8.6  11.4  15.0  17.0  13.9  12.7   8.6   3.2  -2.6 
1963  -4.6  -0.2   3.7   8.7  13.5  14.5  16.3  15.5  14.8   6.9   0.0  -3.7 
1964  -1.9   1.3   4.1   9.7  12.6  15.0  16.6  14.9  13.8  10.8   3.8  -1.6 
1965  -2.3  -0.1   2.9   8.6  13.1  14.4  15.1  13.6  12.2   7.1   0.4  -2.0 
1966  -2.8   1.5   6.7   8.2  13.6  12.8  17.1  15.8  12.2   6.2   3.6  -0.7 
1967  -2.1  -0.3   2.7   7.7  12.1  13.7  16.7  16.5  12.8   6.8  -0.2  -3.9 
1968  -3.8  -1.4   3.9   6.4  11.9  13.3  14.7  14.8  14.3   7.6   1.8  -1.6 
1969  -2.2   1.5   5.3   8.6  13.8 -99.0  15.7  15.0  12.5   6.4   2.1  -1.8 
1970  -2.9  -0.2   4.2   7.2  11.5  14.4  15.8  14.9  12.9   6.6   1.5  -1.6 
1971  -2.7  -0.7   4.6   9.6  10.6  15.2  16.8  15.7  15.8   9.5   0.9  -4.2 
1972  -1.6   1.2   5.0   7.4  12.8  16.0  17.7  16.4  12.2   7.1   0.7  -1.8 
1973  -1.0   0.7   5.3   8.8  12.2  14.2  15.9  15.5  13.7   9.2   1.4  -2.6 
1974  -3.6   2.2   3.9   7.8  12.8  15.4  14.6  14.6  12.5  11.7   4.0  -1.1 
1975  -2.5   0.9   4.0   7.5  12.1  17.2  16.6  15.5  13.2  10.3   3.2  -2.8 
1976 -99.0 -99.0 -99.0 -99.0 -99.0 -99.0 -99.0 -99.0 -99.0 -99.0 -99.0 -99.0 
1977  -1.2   0.5   5.1   7.7  10.5  13.2  16.9  15.1  13.0   6.1   1.7  -2.4 
1978  -4.1   0.2   3.9   7.2  11.1  13.8  15.0  15.5  12.0   8.4   2.2  -2.6 
1979  -2.1  -0.4   3.5   9.2  15.1  15.1  15.9  15.5  11.1   6.4   3.4  -1.6 
1980  -3.8 -99.0   4.2   8.1 -99.0  15.1  16.0 -99.0  13.4   6.0 -99.0 -99.0 
1981  -2.5   1.6   3.4   8.3  11.4  16.2  16.5  16.7  13.6   9.7   1.3  -3.0 
1982  -2.7  -1.1   4.5   7.5  12.3  14.3  15.7  15.6  13.2   7.6   1.3  -3.0 
1983  -4.3  -2.7   2.8   6.7  12.7  15.3  17.6  15.6  14.0  11.1   1.2  -2.3 
1984  -2.1   3.3   5.5   8.6  11.6  16.3  16.6  15.7  12.8  10.1   2.0   0.5 
1985  -2.4   0.1   5.8   7.9  12.6  13.9  14.8  16.1  12.9   8.2   1.0  -1.6 
1986  -1.8   0.3   3.1   7.0  12.7  17.1  16.8  15.7  12.1   6.1   2.2  -0.9 
1987  -2.1   2.1   4.6   7.7  12.3  17.6  15.5  13.6  11.6   7.7   3.7  -2.1 
1988  -1.2   2.5   4.8   8.0  11.2  14.9  17.0  15.4  12.0   9.8   2.2  -1.0 
1989  -2.6   0.7   6.3   6.8  12.9  16.4  16.2  15.1  13.7   7.5   1.7  -3.7 
1990  -0.4   1.1   2.9   7.2  11.2  13.2  15.8  14.6  11.6   7.1   2.7  -1.6 
1991  -2.8   2.4   5.1   8.0  12.1  15.1  15.8  14.0  11.8   8.7   1.8  -2.4 
1992  -2.9  -1.6   4.5   8.2  12.1  15.3  15.8  16.0  14.1   7.7   0.4  -3.5 
1993  -1.8   1.1   4.2   8.6  12.4  15.1  15.8  14.8  11.4   7.8   2.5  -1.1 
1994   0.8   0.0   4.2   8.0  12.4  14.7  16.3  16.7  15.8   8.2   2.1  -1.5 
1995  -2.9   0.2   4.8   8.3  14.0  15.9  16.0  15.5  13.2   8.8   4.4  -1.0 
1996  -1.8   0.8   5.1   8.2  11.8  15.2  16.0  15.3  12.3   7.9   3.2  -1.7 
1997  -3.4  -0.5   4.7   6.2  11.7  13.3  16.0  15.5  11.3   6.5   1.6  -1.3 
1998  -1.9   1.0   4.2   8.6  13.8  15.9  16.6  14.6  13.2   9.1   3.4  -1.5 
1999  -1.4   3.7   6.4  10.4  12.6  16.5  15.3  14.5  13.1   8.7   2.6  -2.4 
2000  -2.4  -0.5   3.0   7.0  11.4  15.9  15.8  14.6  11.9   8.0   2.9  -2.2 
2001  -1.9   2.6   3.5   7.1  10.8  13.3  16.3  14.7  13.6   8.2   2.7  -0.2 
2002  -2.8   2.3   4.3   9.0  11.3  16.2  16.3  15.0  13.0 -99.0   2.4  -0.5 
2003 -99.0   0.5   5.0   9.4  11.6  14.4  15.8  16.5  12.9   9.4   3.4  -0.1 
2004  -0.1  -0.1   6.3   8.6  12.4  14.2  14.3  15.6  13.2   7.4   1.5  -0.5 
2005  -0.5   1.6   5.2   8.0  11.7  15.6  17.0  16.9  14.1   8.4   2.5  -0.8 
2006   1.9   3.8   4.9   7.5  10.9  15.7  17.7  17.0  13.7   7.1   2.5  -0.8 
2007  -0.7 -99.0   5.8   8.6  13.8  14.7  17.1  17.0  13.2  11.1   3.3  -0.5 
2008   1.0  -0.3 -99.0   8.5  12.9  14.6  17.0  14.9  13.9   7.8   2.7  -0.7 
2009   0.0   2.7   5.0  10.0  14.1  17.2  18.5  15.5  14.7  10.7   3.3  -0.7 
2010  -1.1   2.4   6.5   7.7  12.3  15.9  18.2  17.0  13.6   8.2   3.7  -1.8 
2011  -1.8   1.6   3.7   7.9  13.1 -99.0 -99.0 -99.0 -99.0 -99.0 -99.0 -99.0 
