Number= 546020
Name= BAO DING
Lat=   38.8
Long= -115.5
Height= 19
Start year= 1950
End year= 1988
First Good year= 1950
Source ID= 10
Source file= Jones
Jones data to= 1988
Normals source= Data
Normals source start year= 1961
Normals source end year= 1988
Normals=  -3.3  -0.8   6.4  14.5  20.8  25.6  27.0  25.6  20.8  14.1   5.7  -1.3 
Standard deviations source= Data
Standard deviations source start year= 1950
Standard deviations source end year= 1988
Standard deviations=   1.5   2.0   1.7   1.2   0.9   1.0   0.9   0.7   0.9   1.0   1.4   1.8 
Obs:
1950  -2.5   0.3   7.9  14.6  20.4  24.7  27.3  27.0  21.1  13.7   4.3  -0.8 
1951  -8.7  -2.0   2.7  13.5  22.2  25.8  26.3  25.8  18.1  14.1   4.2   1.0 
1952  -2.4  -3.1   4.3  14.6  19.8  23.5  26.1  25.3  20.7  13.7   3.5  -4.5 
1953  -5.7  -3.6   7.3  13.6  19.3  25.3  27.8  23.9  21.0  15.1   4.8  -1.3 
1954  -2.6  -0.3   4.6  13.7  19.4  23.0  24.6  24.8  20.1  12.7   6.7  -6.7 
1955  -4.6   1.4   3.4  14.1  21.1  26.5  28.1  26.4  21.6  13.0   5.2   0.4 
1956  -2.9  -2.0   4.0  14.1  18.8  23.4  27.2  24.8  21.8  13.2   2.6  -4.3 
1957  -4.6  -4.4   3.7  14.3  21.3  23.9  27.3  25.9  19.7  14.5   7.0  -0.6 
1958  -4.3  -0.8   5.7  14.3  20.3  26.0  27.5  24.2  21.7  12.8   5.4   1.7 
1959  -3.1   1.0   8.5  14.7  20.9  24.3  26.7  26.0  20.5  15.2   3.6  -1.2 
1960  -4.1   3.4   6.5  15.1  19.0  26.4  27.2  25.7  21.1  12.9   5.6  -2.9 
1961  -2.8   1.8   8.6  15.8  21.7  26.1  28.0  25.8  20.4  13.2   7.0  -3.4 
1962  -3.4   0.3   6.2  13.4  21.3  25.0  27.1  26.2  21.2  13.0   4.4   0.4 
1963  -3.2  -0.2   7.5  13.0  19.1  26.2  27.7  26.1  20.7  13.2   5.8  -1.2 
1964  -5.7  -7.5   4.4  12.1  20.4  25.6  26.7  25.5  20.2  12.8   6.4  -0.1 
1965  -2.3   0.6   6.7  12.1  21.4  25.8  28.1  26.2  22.0  16.0   6.5  -1.3 
1966  -2.9   0.1   5.8  13.6  20.4  25.8  26.7  26.5  20.3  14.7   6.3  -3.3 
1967  -2.6  -1.3   7.5  14.2  23.3  25.1  26.7  26.1  19.3  14.6   3.4  -4.5 
1968  -3.6  -3.3   7.3  15.4  21.1  26.7  28.4  25.6  21.1  12.6   6.3   0.3 
1969  -6.1  -4.1   3.0  13.0  19.7  24.2  25.8  25.2  20.5  13.7   4.3  -2.4 
1970  -5.1  -0.5   2.8  14.3  20.8  24.8  26.5  24.8  20.5  14.7   4.3  -1.7 
1971  -2.9  -1.3   3.5  14.5  21.3  25.5  27.1  25.7  21.0  14.0   7.6  -2.6 
1972  -4.4  -3.4   6.5  14.9  19.6  27.4  28.0  25.1  20.1  14.1   4.7  -0.8 
1973  -3.5  -0.9   7.8  15.7  20.2  23.5  25.7  25.3  20.2  12.2   6.0  -0.2 
1974  -2.5  -0.6   6.1  14.6  20.8  25.1  25.9  25.2  20.9  12.7   5.5  -2.3 
1975  -1.6  -0.1   7.7  15.2  20.3  25.9  27.6  26.8  22.3  14.9   7.0  -2.0 
1976  -2.0   1.3   6.0  12.3  20.6  24.8  24.8  24.3  20.6  13.4   3.4  -0.4 
1977  -6.5  -0.2   8.6  15.9  19.9  24.5  26.5  25.5  21.7  15.2   6.1   0.5 
1978  -1.1  -1.1   6.1  15.3  20.2  26.8  27.1  25.1  20.6  13.5   6.6  -2.0 
1979  -2.9   1.1   6.5  12.1  20.0  24.6  25.8  24.8  19.7  15.8   4.4  -0.1 
1980  -2.8  -1.1   5.5  12.9  21.3  26.8  28.2  25.1  20.2  13.3   8.3  -2.0 
1981  -3.6   0.0   8.8  16.4  21.3  25.8  28.4  25.5  21.6  13.2   3.6  -1.4 
1982  -3.1   1.6   8.4  16.7  22.3  25.2  25.8  26.2  20.8  16.1   6.1   0.1 
1983  -1.6  -0.5   7.6  15.8  21.5  26.4  27.7  26.2  22.7  14.5   7.6   1.1 
1984  -3.5  -1.6   5.5  14.3  20.4  25.7  27.8  26.4  20.3  14.7   6.3  -2.2 
1985  -3.7  -0.9   4.8  15.4  20.1  25.4  26.4  25.8  19.2  14.7   5.1  -3.5 
1986  -2.2  -0.5   7.6  15.5  21.3  26.3  26.8  25.0  21.2  12.8   4.7  -1.1 
1987  -3.1   1.4   6.0  14.7  20.7  24.5  27.8  25.9  22.1  14.9   4.7  -0.4 
1988  -2.7  -0.3   5.5  15.7  20.3  25.9  26.5  25.2  21.7  15.0   7.4   0.6 
