Number= 701780
Name= TANANA
Country= ALASKA
Lat=   65.2
Long=  152.1
Height= 71
Start year= 1904
End year= 1990
First Good year= 1904
Source ID= 10
Source file= Jones
Jones data to= 1990
Normals source= Data
Normals source start year= 1961
Normals source end year= 1990
Normals= -23.8 -21.3 -13.9  -3.7   7.3  14.0  15.5  12.4   5.9  -5.5 -17.1 -22.3 
Standard deviations source= Data
Standard deviations source start year= 1941
Standard deviations source end year= 1990
Standard deviations=   5.6   4.9   3.9   2.7   2.0   1.4   1.2   1.6   1.4   2.6   4.2   5.3 
Obs:
1904 -28.4 -26.7 -17.6  -3.2   8.0  17.0  18.5   9.0  -1.2  -7.8 -99.0 -99.0 
1905 -19.0 -14.4 -10.1   0.9   8.9  14.7  13.5  11.3   2.2  -7.0 -12.1 -26.9 
1906 -38.2 -17.3  -8.7  -4.6   6.9 -99.0 -99.0 -99.0 -99.0 -99.0 -18.7 -28.4 
1907 -18.8 -29.2 -13.2  -0.7   8.9 -99.0  14.0  13.4 -99.0 -99.0 -99.0 -99.0 
1908 -99.0 -99.0 -99.0 -99.0 -99.0 -99.0  16.8 -99.0  -0.3  -7.4 -15.1 -17.8 
1909 -29.0 -24.7 -16.6  -6.8   6.7  13.0  15.4  11.0   2.6  -9.1 -23.0 -25.2 
1910 -27.3 -23.3 -15.1  -9.1   6.4  12.9  13.8  11.4   5.9  -6.6 -18.3 -25.8 
1911 -30.3 -15.3 -18.0  -8.0   6.2  13.4  15.7  12.1   6.6   0.2 -18.7 -23.2 
1912 -17.8 -15.7  -8.1  -0.5   8.7  11.1  14.7  11.7   6.0  -3.5 -14.6 -23.6 
1913 -30.7 -14.3 -13.1  -4.4   7.8  16.2  14.5  10.0   2.7  -7.1 -17.7 -23.7 
1914 -24.1 -17.8 -15.9  -6.2   6.1  15.1  13.9  12.6   2.8  -1.8 -16.0  -9.5 
1915 -20.2 -20.4 -10.3   0.7   9.8  15.0  15.9  12.4   5.7  -9.7 -18.7 -24.6 
1916 -22.3 -23.8 -20.3   0.4   6.9  14.2  15.0  12.4   5.9  -3.3 -18.8 -29.7 
1917 -34.6 -17.0 -12.8  -2.8   6.2  13.4  13.4  13.6   6.1  -5.4 -26.9 -34.3 
1918 -26.0 -22.3 -20.3  -8.5   3.8  11.7  16.1  11.2   7.6  -5.8 -21.1 -24.7 
1919 -25.7 -17.5 -15.1  -3.1   8.0   9.6  15.3  12.0   5.8  -4.5 -19.1 -21.3 
1920 -28.1 -13.7 -18.7  -8.2   3.8  13.4  13.1  11.4   5.0  -7.6 -15.8 -20.9 
1921 -30.3 -22.3 -13.6  -4.6   5.4  14.4  15.2  13.2   2.4  -5.9 -14.5 -16.1 
1922 -20.0 -19.6 -17.6  -2.2   5.1  11.6  11.6  11.3   4.8  -1.9 -16.9 -20.1 
1923 -24.7 -15.0 -15.5  -4.3   7.4  14.2  16.1  15.4   6.1   0.9 -14.1 -27.5 
1924 -22.3 -25.2  -6.7 -13.1   7.3  12.8  12.8  11.3   5.1  -8.4 -12.0 -22.3 
1925 -32.0 -27.6 -15.3  -2.7   8.8  13.4  14.0  12.6   7.2  -0.8 -14.6 -23.8 
1926 -12.2 -21.0  -6.9   0.1   8.6  15.1  15.1  13.2   8.7  -1.7 -10.7 -24.8 
1927 -19.7 -19.0 -19.0  -9.1   6.6  15.6  15.9  12.1   2.7  -6.9 -24.0 -20.8 
1928 -17.9 -13.9 -19.5  -3.8   7.8  12.3  14.4  11.7   4.9  -6.0 -12.3 -17.3 
1929 -15.2 -13.3 -20.2  -5.5   7.4  14.4  14.3  11.0   8.6  -4.2 -10.8 -23.9 
1930 -18.6 -31.0 -17.5  -5.5   8.3  14.3  14.6  11.4   5.1  -4.0 -20.6 -17.5 
1931 -18.1 -11.2 -14.1  -5.2   4.2  13.0  13.6  11.0   5.3  -6.0 -13.9 -23.0 
1932 -31.3 -30.0 -12.5  -1.7   6.4  12.8  14.6  10.4   4.0  -4.8 -21.2 -22.6 
1933 -33.0 -24.0 -16.6  -1.0   7.2  10.9  13.6  11.3   4.3  -6.9 -14.6 -28.9 
1934 -33.6 -13.1 -13.5  -0.8   5.3  14.2  13.1  11.8   7.2  -1.8 -15.3 -17.2 
1935 -22.9 -18.0 -14.9  -4.4   3.9  12.9  15.6   9.8   4.7  -4.6 -16.8 -27.2 
1936 -19.2 -23.8 -10.7  -3.6   7.4  15.3  14.2  13.1   5.8  -3.3 -16.7 -27.5 
1937 -13.0 -22.8 -15.9  -7.2   1.7 -99.0  15.0  10.3   7.7  -1.5 -10.9 -21.6 
1938 -26.0 -22.8 -14.0  -1.9   6.8  13.2  14.6  11.9   8.2   0.8 -13.2 -18.3 
1939 -24.1 -19.3 -16.2  -0.7   7.1  15.2  15.9  12.0   4.8  -5.8 -19.8 -15.8 
1940 -18.1 -16.8 -11.7   5.0   8.9  15.2  15.9  13.6   6.3  -2.1 -13.2 -19.5 
1941 -22.8 -13.7 -13.7  -0.6   7.1  14.9  14.3  14.0   6.4  -5.0 -18.6 -24.1 
1942 -14.8 -12.0 -14.2  -0.6   9.7  15.6  14.9  13.6   6.6  -2.7 -21.1 -29.3 
1943 -30.9 -15.5 -13.6  -1.8 -99.0  15.9  16.8  11.6   5.3  -3.1 -12.2 -19.4 
1944 -22.2 -13.7 -15.4  -6.1   7.7  14.0  16.1  11.1   4.9  -1.7 -14.9 -19.0 
1945 -16.0 -17.8 -15.2  -6.2   2.8  12.0  14.6  10.9   4.9  -5.4 -22.5 -19.9 
1946 -20.6 -20.3 -20.3  -5.8   7.1  14.4  16.4  10.5   4.8  -0.9 -20.1 -31.3 
1947 -33.7 -19.6 -13.8  -4.3   7.1  12.4  15.0   8.9   3.8  -6.1 -13.4 -16.4 
1948 -20.1 -24.0 -17.3  -6.8   5.3  14.6  13.3   9.4   3.9  -6.3 -22.2 -27.6 
1949 -23.1 -23.5  -7.8  -7.8   4.1   9.7  14.5  11.6   7.6  -3.2 -10.1 -24.3 
1950 -99.0 -99.0  -9.4  -2.7   7.7  12.9  16.9  13.9   6.5  -3.5 -19.8 -21.9 
1951 -28.3 -22.5 -19.7  -1.5   8.8  12.8  14.6  13.2   5.9  -5.7 -11.5 -23.9 
1952 -26.9 -19.5 -15.7  -6.1   1.2  12.3  12.9   9.0   1.6  -5.1 -12.1 -21.2 
1953 -30.6 -21.3 -17.0  -0.1   9.4  15.6  15.9  12.8   6.5  -4.7 -15.4 -18.7 
1954 -26.6 -28.1 -12.4  -4.4   9.2  13.2  13.7  12.4   4.7  -2.7 -10.9 -31.8 
1955 -19.0 -27.2 -14.1  -8.4   6.8  12.8  15.4  11.0   5.5  -6.1 -25.6 -24.7 
1956 -29.0 -26.2 -15.7  -3.0   7.6  13.8  14.4  11.8   4.4  -9.3 -24.8 -34.7 
1957 -16.5 -21.2 -10.7  -1.5   7.4  16.5  14.9  14.1   6.1  -3.0 -10.7 -27.1 
1958 -20.0 -18.7  -9.8  -1.5   7.4  15.3  15.8  12.8   5.5 -10.3 -19.0 -20.9 
1959 -26.1 -14.2 -23.3  -6.1   7.1  16.1  12.2  11.4   4.7  -6.0 -14.0 -23.8 
1960 -21.1 -15.6 -16.7  -7.3   9.7  12.4  15.7  11.8   4.2  -4.6 -20.1 -14.1 
1961 -17.8 -21.9 -20.7  -7.2   8.4  13.5  14.2  11.3   5.9  -7.2 -20.6 -32.5 
1962 -22.9 -15.1 -14.2  -3.9   5.1  13.7  16.6  12.9   4.3  -3.7 -16.0 -22.1 
1963 -20.3 -18.8 -16.2  -5.6   7.6  11.3  14.4  11.0   5.8  -4.6 -21.6 -15.6 
1964 -26.1 -20.9 -20.8  -6.4   2.2  14.1  15.2  12.6   6.2  -2.7 -16.3 -31.7 
1965 -23.5 -25.8  -4.7  -2.8   4.2  12.6  14.1  10.5   8.1 -11.0 -13.3 -24.2 
1966 -27.4 -22.0 -18.8  -6.5   5.2  15.0  13.7  12.0   7.0  -0.8 -17.1 -25.7 
1967 -25.7 -21.1 -11.1  -0.8   6.6  14.6  14.5  12.7   7.1  -5.6 -14.8 -21.7 
1968 -25.8 -22.5 -11.9  -4.9   5.9  13.6  16.3  13.4   2.9  -6.8 -16.3 -28.2 
1969 -31.6 -22.6 -13.9  -0.2   8.7  15.6  13.9   8.8   6.3  -0.7 -18.1 -13.6 
1970 -25.7 -15.2 -11.0  -2.3   8.0  12.6  14.6  11.6   2.8  -9.3 -14.0 -22.3 
1971 -35.0 -25.2 -21.0  -6.3   5.9  16.0  14.9  11.8   5.4  -4.9 -19.1 -23.0 
1972 -29.3 -24.7 -99.0 -99.0 -99.0 -99.0 -99.0  14.2 -99.0 -99.0 -99.0 -99.0 
1973 -99.0 -20.8 -99.0  -1.9 -99.0 -99.0 -99.0  10.8   6.9  -6.0 -21.4 -18.9 
1974 -27.1 -29.8 -16.5  -2.8   8.3  12.8  14.9  13.3 -99.0  -9.1 -21.1 -28.6 
1975 -99.0 -21.5 -99.0 -99.0 -99.0  13.8  17.1  12.6   5.3  -6.0 -21.7 -27.5 
1976 -25.5 -27.6 -14.3  -1.7   7.4  13.9  15.7  14.2   7.4  -5.5 -10.9 -21.3 
1977 -14.8 -13.3 -18.5  -6.8   6.7  13.9  16.1  15.6   6.9  -5.6 -21.3 -99.0 
1978 -15.1 -17.0 -13.0  -1.3   8.8  11.6  16.2  14.0   7.2  -6.9 -12.7 -19.0 
1979 -20.3 -29.5 -14.2  -3.8   9.3  12.7  15.2  14.3   5.9  -0.8  -7.5 -27.2 
1980 -27.0 -13.8 -11.2  -2.1   9.3  12.9  15.6  11.4   3.4  -3.2 -12.9 -31.5 
1981 -10.8 -18.4  -5.8  -2.8  10.7  13.4  13.7  11.3   5.2  -3.1 -14.1 -23.4 
1982 -26.9 -20.4 -13.3  -5.2   5.2  13.6  16.1  11.7   7.3 -10.1 -17.4 -18.2 
1983 -26.1 -18.6 -13.7  -1.3   7.1  14.7  15.8  10.2   2.9  -8.1 -13.6 -19.6 
1984 -25.7 -28.8 -11.6  -6.6   6.1  15.6  15.0  10.8   6.6  -4.8 -18.8 -21.2 
1985 -12.9 -23.9 -12.1  -9.7   6.2  13.6  16.1  12.6   5.7  -7.4 -20.6 -14.4 
1986 -20.7 -16.7 -17.6  -8.7   7.3  14.9  15.6  10.9   7.0  -5.3 -19.1 -14.8 
1987 -20.6 -18.8 -13.0  -3.0   8.4  15.7  16.4  13.3   5.4  -1.1 -14.7 -22.8 
1988 -19.7 -17.3 -11.2  -1.7   9.8  16.1  17.5  13.4   6.4  -8.6 -19.4 -15.1 
1989 -35.0 -14.8 -15.9  -0.4   7.4  14.6  16.2  13.9   7.9  -4.3 -22.3 -16.7 
1990 -25.9 -32.1  -9.7   1.8  10.3  14.8  17.0  14.3   5.1  -4.9 -19.9 -22.3 
