Number= 702490
Name= PUNTILLA
Country= USA
Lat=   62.1
Long=  152.8
Height= 559
Start year= 1942
End year= 2009
First Good year= 1942
Source ID= 10
Source file= Jones
Jones data to= 1981
Normals source= Data
Normals source start year= 1961
Normals source end year= 1981
Normals= -16.5 -14.0 -10.2  -4.0   3.3   9.2  11.6   9.7   5.3  -3.9 -12.0 -15.8 
Standard deviations source= Data
Standard deviations source start year= 1942
Standard deviations source end year= 1981
Standard deviations=   4.3   3.9   3.3   1.9   1.7   1.6   1.2   1.3   1.2   2.3   3.4   3.8 
Obs:
1942 -10.6 -99.0 -11.3  -2.9   5.1  10.2  11.9  10.2   7.3  -2.2 -13.1 -22.6 
1943 -19.4 -10.7 -12.0  -3.7 -99.0 -99.0 -99.0 -99.0   3.3  -0.8  -6.3 -11.3 
1944 -15.4  -8.2 -10.9  -5.9   3.7   9.4  11.8  10.4   5.6  -1.8  -9.0 -12.6 
1945  -8.0 -11.7 -13.0  -5.8   0.8   8.2 -99.0   8.2   4.3  -4.7 -17.3 -13.8 
1946 -13.5 -14.7 -16.0  -6.1   2.4   9.1  11.0   8.0   4.7 -99.0 -14.0 -20.1 
1947 -22.8  -8.3  -6.5  -4.5   2.9   7.9  11.2   8.6   3.0  -3.1  -6.6 -10.5 
1948 -99.0 -16.6 -13.2  -3.7   3.0   8.9   9.7   8.1   2.9  -3.7 -18.1 -20.7 
1949 -17.9 -18.1  -8.3  -7.2   0.9   5.2   9.0   7.8   5.2  -5.0 -10.0 -18.5 
1950 -11.4 -19.7  -9.0  -4.1   2.8   9.0  11.5  11.9   4.2  -4.3 -12.3 -16.3 
1951 -19.0 -15.5 -14.1  -0.4   5.6   9.3  13.4   9.3   5.6  -4.2 -10.3 -18.6 
1952 -20.1 -13.8 -11.7  -6.3   0.2   8.2  10.8   8.8   4.0  -1.2  -6.3 -12.6 
1953 -19.1 -12.8 -12.6  -1.6   4.0  11.9  11.4  10.2   5.2  -4.0  -9.3 -12.4 
1954 -16.1 -19.1 -10.3  -2.8   5.1   9.7  11.0   9.6   5.3  -0.7  -9.1 -19.3 
1955  -9.7 -13.3  -9.7  -7.5   1.7   7.1  11.1   8.6   4.5  -5.1 -15.7 -15.8 
1956 -18.3 -15.6 -11.7  -2.8   4.1  10.3  13.4  11.1   4.1  -7.2 -16.0 -20.6 
1957 -13.3 -13.2  -7.1  -2.0   4.4  12.2  12.0  11.0 -99.0 -99.0 -99.0 -99.0 
1958 -99.0 -99.0 -99.0 -99.0 -99.0 -99.0 -99.0   9.3   3.9  -6.9 -12.7 -13.5 
1959 -18.5 -10.2 -15.8  -4.5   4.0  11.2   9.8   9.9   4.9  -3.2  -8.7 -17.5 
1960 -12.6 -10.3 -12.6  -5.6   6.1   9.4  10.8   9.3   3.9  -3.0 -11.6  -8.7 
1961 -13.3 -16.6 -15.7  -5.4   3.1   9.0  10.3   8.6   4.8  -8.0 -13.5 -20.3 
1962 -14.6 -11.2 -11.8  -2.7   2.1   9.4  11.8  10.1   3.7  -2.7 -12.5 -13.8 
1963 -10.0 -10.2  -9.9  -5.0   3.8   7.1  12.4   9.6   7.3  -2.7 -16.2 -10.8 
1964 -16.2 -14.5 -13.7  -5.2   0.7  11.1  11.8   9.6   6.6  -2.2 -12.0 -19.8 
1965 -16.3 -18.5  -3.3  -2.6   0.3   5.7   9.9   8.4   6.8  -8.6 -16.6 -18.6 
1966 -18.3 -13.5 -14.7  -4.3   1.3   9.6  11.1   9.1   4.9 -99.0 -10.5 -15.3 
1967 -16.4 -15.2  -8.8  -4.5   4.3   9.7  12.3   7.2   4.7  -5.0 -10.8 -17.2 
1968 -17.3 -14.0 -10.8  -7.0   3.2   8.3  11.5  10.1   2.7  -7.6 -11.8 -19.8 
1969 -19.5 -13.8  -8.6  -2.0   4.8   9.8  10.9   7.2   5.2  -0.5 -12.3  -7.8 
1970 -23.8  -7.6  -6.3  -6.5   2.3   7.3   9.3   8.2   3.8  -7.5  -9.1 -16.6 
1971 -24.0 -13.6 -17.0  -6.2   0.5   8.5   9.8  10.1 -99.0 -99.0 -16.2 -15.6 
1972 -20.4 -16.8 -99.0 -99.0 -99.0 -99.0 -99.0 -99.0 -99.0 -99.0 -99.0 -99.0 
1973 -21.2 -15.2  -8.7  -1.5   4.4  11.1  12.7   8.8   4.6  -4.1 -12.6 -13.1 
1974 -18.6 -19.5 -99.0  -1.0   6.7  12.0  13.4  12.5   7.4  -3.1 -99.0 -15.5 
1975 -15.8 -15.2 -11.7  -4.5   4.2   8.9  12.8  10.7   5.6 -99.0 -15.4 -17.7 
1976 -15.6 -18.0 -99.0  -2.6   3.9  11.0  12.7  11.3   5.1  -4.3  -6.2 -12.1 
1977 -99.0  -5.6 -12.6  -4.9   2.2   9.3  12.3  11.6   5.9  -3.4 -16.6 -99.0 
1978 -99.0 -99.0 -99.0  -3.0   5.2   8.2  10.3  11.9   6.1  -1.8 -10.1 -11.2 
1979 -12.3 -23.0  -6.5  -2.2   5.5   9.8  13.2  11.1   6.1   0.1  -7.1 -19.2 
1980 -15.6  -8.6  -8.1  -1.5   3.4   8.3  11.2   8.8   4.9  -1.0  -6.5 -22.3 
1981  -5.2  -9.6  -4.5  -7.0   3.6 -99.0  11.6  10.0   4.7  -3.7 -12.7 -13.7 
1982 -99.0 -99.0 -99.0 -99.0 -99.0 -99.0 -99.0 -99.0 -99.0 -99.0 -99.0 -99.0 
1983 -99.0 -99.0 -99.0 -99.0 -99.0 -99.0 -99.0 -99.0 -99.0 -99.0 -99.0 -99.0 
1984 -99.0 -99.0 -99.0 -99.0 -99.0 -99.0 -99.0 -99.0 -99.0 -99.0 -99.0 -99.0 
1985 -99.0 -99.0 -99.0 -99.0 -99.0 -99.0 -99.0 -99.0 -99.0 -99.0 -99.0 -99.0 
1986 -99.0 -99.0 -99.0 -99.0 -99.0 -99.0 -99.0 -99.0 -99.0 -99.0 -99.0 -99.0 
1987 -99.0 -99.0 -99.0 -99.0 -99.0 -99.0 -99.0 -99.0 -99.0 -99.0 -99.0 -99.0 
1988 -99.0 -99.0 -99.0 -99.0 -99.0 -99.0 -99.0 -99.0 -99.0 -99.0 -99.0 -99.0 
1989 -99.0 -99.0 -99.0 -99.0 -99.0 -99.0 -99.0 -99.0 -99.0 -99.0 -99.0 -99.0 
1990 -99.0 -99.0 -99.0 -99.0 -99.0 -99.0 -99.0 -99.0 -99.0 -99.0 -99.0 -99.0 
1991 -99.0 -99.0 -99.0 -99.0 -99.0 -99.0 -99.0 -99.0 -99.0 -99.0 -99.0 -99.0 
1992 -99.0 -99.0 -99.0 -99.0 -99.0 -99.0 -99.0 -99.0 -99.0 -99.0 -99.0 -99.0 
1993 -99.0 -99.0 -99.0 -99.0 -99.0 -99.0 -99.0 -99.0 -99.0 -99.0 -99.0 -99.0 
1994 -99.0 -99.0 -99.0 -99.0 -99.0 -99.0 -99.0 -99.0 -99.0 -99.0 -99.0 -99.0 
1995 -99.0 -99.0 -99.0 -99.0 -99.0 -99.0 -99.0 -99.0 -99.0 -99.0 -99.0 -99.0 
1996 -99.0 -99.0 -99.0 -99.0 -99.0 -99.0 -99.0 -99.0 -99.0 -99.0 -99.0 -99.0 
1997 -99.0 -99.0 -99.0 -99.0 -99.0 -99.0 -99.0 -99.0 -99.0 -99.0 -99.0 -99.0 
1998 -99.0 -99.0 -99.0 -99.0 -99.0 -99.0 -99.0 -99.0 -99.0 -99.0 -99.0 -99.0 
1999 -99.0 -99.0 -99.0 -99.0 -99.0 -99.0 -99.0 -99.0 -99.0 -99.0 -99.0 -99.0 
2000 -99.0 -99.0 -99.0 -99.0 -99.0 -99.0 -99.0 -99.0 -99.0 -99.0 -99.0 -99.0 
2001 -99.0 -99.0 -99.0 -99.0 -99.0 -99.0 -99.0 -99.0 -99.0 -99.0 -99.0 -99.0 
2002 -99.0 -99.0 -99.0 -99.0 -99.0 -99.0 -99.0 -99.0 -99.0 -99.0 -99.0 -99.0 
2003 -99.0 -99.0 -99.0 -99.0 -99.0 -99.0 -99.0 -99.0 -99.0 -99.0 -99.0 -99.0 
2004 -99.0 -99.0 -99.0 -99.0 -99.0 -99.0 -99.0 -99.0 -99.0 -99.0 -99.0 -99.0 
2005 -99.0 -99.0 -99.0 -99.0 -99.0 -99.0 -99.0 -99.0 -99.0 -99.0 -99.0 -99.0 
2006 -99.0 -99.0 -99.0 -99.0 -99.0 -99.0 -99.0 -99.0 -99.0 -99.0 -99.0 -99.0 
2007 -99.0 -99.0 -99.0 -99.0 -99.0 -99.0 -99.0 -99.0 -99.0 -99.0 -99.0 -99.0 
2008 -99.0 -99.0 -99.0 -99.0 -99.0 -99.0 -99.0 -99.0 -99.0 -99.0 -99.0 -99.0 
2009 -99.0 -99.0 -99.0 -99.0 -99.0 -99.0  14.2  10.0 -99.0 -99.0 -99.0 -99.0 
