Number= 702649
Name= MCKINLEY PARK
Country= USA
Lat=   63.7
Long=  149.0
Height= 631
Start year= 1923
End year= 1981
First Good year= 1923
Source ID= 10
Source file= Jones
Jones data to= 1981
Normals source= Data
Normals source start year= 1961
Normals source end year= 1981
Normals= -17.5 -15.1 -10.6  -3.0   5.0  10.5  12.3  10.4   4.9  -4.8 -12.8 -17.9 
Standard deviations source= Data
Standard deviations source start year= 1941
Standard deviations source end year= 1981
Standard deviations=   5.9   5.0   4.1   2.2   1.7   1.6   0.9   1.4   1.5   2.6   4.4   5.1 
Obs:
1923 -21.0 -13.2 -11.4  -2.3   5.1  10.7  14.2  13.3   5.4   4.4  -7.6 -23.6 
1924 -21.1 -19.7  -6.5 -11.7   5.3  10.7 -99.0 -99.0   4.1  -8.1  -6.4 -21.9 
1925 -30.1 -22.0 -10.5  -3.2   5.7  10.7  11.4  10.7   7.1   4.2  -8.8 -11.8 
1926  -4.0 -14.6  -0.5   1.0   7.6  13.8  14.6  13.3   9.5   1.4  -5.9 -15.7 
1927 -15.5  -9.3 -14.1  -6.9   5.3 -99.0  15.6  12.9   4.6  -6.2 -18.0 -15.9 
1928  -9.2  -6.0 -18.8  -2.8   4.5  10.6  11.5  10.6   3.7  -5.7  -7.1 -11.9 
1929  -9.8 -10.3 -18.8  -4.8   4.8  10.9  11.2  10.0   8.8  -3.1 -99.0 -12.8 
1930 -10.6 -23.7 -12.6  -5.4   5.2  10.4  13.0  10.7   3.6  -5.0 -17.0  -7.2 
1931  -9.2  -9.0 -10.7  -3.6   2.7  10.3  12.1  10.3   4.8  -4.9  -6.8 -17.0 
1932 -23.8 -20.0  -6.2   1.8   5.7   9.2  11.4   8.4   1.4  -5.9 -21.7 -16.7 
1933 -29.8 -19.9 -11.1  -0.9   6.1   8.6  12.2   9.9   3.7  -6.7 -11.2 -24.0 
1934 -24.9  -6.5  -9.2  -0.7   4.4  11.6  11.0  11.0   6.6  -1.5 -10.8 -11.8 
1935 -17.1  -8.0 -11.3  -2.8   3.3   9.2  11.8   7.9   3.4  -5.9 -14.3 -20.2 
1936 -13.7 -19.7 -12.3  -2.8   5.7  14.2  13.2  12.0   4.9  -0.9 -10.0 -19.0 
1937  -9.2 -18.2 -12.2  -4.7   3.9  12.4  12.3   8.1   7.1   0.5  -8.6 -14.5 
1938 -17.1 -17.5  -9.0  -0.5   5.8  10.1  12.0  11.1   8.9   1.6  -9.5 -11.8 
1939 -16.6 -12.5 -13.9  -2.3   4.6  11.2  12.4   8.7   3.8  -7.5 -16.0 -11.1 
1940 -11.5 -11.1 -10.4   3.4   6.4  11.9  13.9  11.2   6.8  -1.7  -8.3 -11.2 
1941 -19.2  -7.3  -7.3   2.0   6.1  13.0  11.9  12.9   5.6  -4.9 -14.8 -11.7 
1942  -9.5  -6.6  -9.4   0.0   8.0  12.2  12.8   9.4   8.3  -2.8 -16.8 -26.0 
1943 -21.8  -9.7 -10.6  -2.2   7.3  14.0  12.3  10.4   5.6  -0.5  -5.5  -9.2 
1944 -13.5  -5.6 -10.3  -4.5   6.4  12.2  14.2  10.9   5.2  -1.3 -10.5 -12.3 
1945  -7.6 -11.5 -11.5  -5.9   2.8   9.2  11.4   8.2   5.3  -3.3 -20.2 -15.5 
1946 -13.0 -14.9 -13.9  -3.7   5.4  13.0  13.4   9.9   5.2   0.0 -15.0 -22.1 
1947 -25.1  -9.8  -6.6  -2.5   6.0  11.1  14.4   9.2   4.1  -3.8  -7.0 -10.3 
1948 -14.0 -16.1 -11.0  -6.5   4.0  11.1  12.2   8.3   2.8  -2.6 -16.7 -19.7 
1949 -15.0 -17.9  -4.1  -5.5   3.9   8.2  13.4  11.3   8.5  -1.6  -5.6 -18.6 
1950 -99.0 -24.9  -5.7  -3.2   4.9  11.3  13.4  12.9   6.3  -3.6 -16.1 -15.7 
1951 -22.3 -16.6 -16.2   0.0   6.8  10.5  13.7  11.4   6.2  -5.3  -8.7 -18.2 
1952 -21.9 -13.7 -10.7  -4.3   1.3  10.2  11.8   9.2   3.5  -0.5  -5.1 -12.5 
1953 -21.6 -11.9 -11.1   0.7   7.2  13.6  13.7  10.7   5.5  -4.9 -11.2 -14.3 
1954 -20.3 -21.1  -7.8  -5.6   5.7  10.4  10.9  10.0   4.1  -1.5  -8.5 -24.0 
1955 -10.4 -17.5  -8.8  -6.4   3.5   8.8  12.8   8.9   5.2  -5.2 -19.2 -20.4 
1956 -24.1 -18.0 -13.5  -2.6   4.6   9.7  13.0  10.6   3.4  -8.8 -16.6 -23.5 
1957 -11.7 -14.5  -6.7  -1.6   5.7  14.3  12.6  12.7   5.2  -0.2  -6.5 -22.4 
1958 -13.1 -13.8  -6.1   0.6   5.7  12.9  13.4  10.8   4.3  -8.5 -13.0 -16.5 
1959 -23.6  -9.0 -19.0  -4.0   5.2  12.6  10.3  10.1   4.9  -3.5  -8.6 -19.0 
1960 -13.1  -8.7 -14.1  -4.8   8.4  10.1  12.4  10.6   4.0  -3.6 -14.0  -7.0 
1961 -12.5 -17.6 -15.6  -3.5   6.2  10.9  12.0  10.2   5.2  -7.2 -14.1 -24.9 
1962 -16.6  -9.3 -12.1  -2.7   3.4  11.3  13.6  11.4   2.9  -1.8 -12.2 -15.7 
1963 -10.9 -11.2 -11.7  -4.5   5.5   7.9  12.3  10.7   6.6  -3.3 -20.7  -7.8 
1964 -16.8 -14.8 -14.5  -3.6   0.5  12.1  12.4  10.5   6.2  -2.9 -12.6 -24.1 
1965 -19.5 -20.2  -0.8  -2.0   3.2   9.3  12.3   9.7   7.6  -8.9 -11.0 -17.3 
1966 -19.8 -13.8 -15.6  -3.0   3.2  12.1  13.1   9.7   5.6  -7.3 -13.2 -19.0 
1967 -16.1 -15.9  -8.1  -1.3   4.4  11.3  11.6  10.3   5.1  -5.8  -9.1 -16.7 
1968 -19.1 -13.7  -7.4  -3.2   5.2  10.2  12.8  10.3 -99.0  -6.6 -12.3 -22.1 
1969 -25.6 -15.6  -6.9   0.0   6.6  13.2  11.3   6.4 -99.0   0.6 -14.6  -7.7 
1970 -24.7  -8.7  -4.5  -4.7   5.3   8.4  10.8   8.9   1.8  -9.6 -10.8 -22.2 
1971 -27.6 -14.2 -18.6  -5.6   3.4  11.3  11.6   9.8   3.6  -5.8 -16.2 -17.2 
1972 -23.1 -19.2 -17.8  -7.8   4.8  10.3  13.3  11.6   2.8  -3.7 -10.6 -17.3 
1973 -23.7 -13.9  -9.8  -1.0   4.9  10.1  12.2   9.2   4.8  -6.1 -15.8 -14.9 
1974 -21.4 -23.5 -12.5  -1.2   5.7   9.8  11.8  10.7   7.4  -6.1 -14.1 -19.2 
1975 -20.2 -19.0 -11.7  -4.1   5.0   9.7  12.2   8.8 -99.0  -5.5 -20.0 -19.5 
1976 -18.9 -20.5 -11.3  -1.1   4.5  11.6  13.3  12.5   5.7  -4.7  -6.2 -13.0 
1977  -6.2  -6.6 -13.2  -3.6   5.2  10.7  13.0  13.2   4.9  -4.8 -20.0 -20.6 
1978  -9.5 -11.8  -9.6  -2.7   6.4   9.3  12.6  11.9   5.9  -4.4  -9.7 -12.0 
1979 -12.1 -26.6  -9.7  -2.3   6.7  10.2  12.3  12.6   6.1  -0.1  -4.9 -21.3 
1980 -19.7  -9.2  -8.1  -0.8   6.0  10.1  12.6  10.1   3.2  -1.7  -9.0 -27.6 
1981  -2.8 -11.5  -3.1  -3.6   8.4   9.9  10.7   9.3   3.4  -4.2 -12.6 -15.2 
