Number= 702710
Name= GULKANA/INTL.-------
Country= USA---------
Lat=   62.2
Long=  145.5
Height= 481
Start year= 1910
End year= 2011
First Good year= 1910
Source ID= 30
Source file= Jones+Anders
Jones data to= 1996
Normals source= Data
Normals source start year= 1961
Normals source end year= 1990
Normals= -21.0 -16.0  -9.3  -0.7   6.5  11.8  14.1  12.0   6.6  -2.6 -14.8 -19.6 
Standard deviations source= Data
Standard deviations source start year= 1941
Standard deviations source end year= 1990
Standard deviations=   5.8   4.6   3.5   2.1   1.5   1.8   1.1   1.3   1.2   2.5   5.0   5.1 
Obs:
1910 -99.0 -99.0 -99.0   0.9   8.4 -99.0 -99.0 -99.0 -99.0 -99.0 -99.0 -99.0 
1911 -99.0 -99.0 -99.0 -99.0 -99.0 -99.0 -99.0 -99.0 -99.0 -99.0 -99.0 -99.0 
1912 -99.0 -99.0 -99.0 -99.0 -99.0 -99.0 -99.0 -99.0 -99.0 -99.0 -99.0 -99.0 
1913 -99.0 -99.0 -99.0 -99.0 -99.0 -99.0 -99.0 -99.0 -99.0 -99.0 -99.0 -99.0 
1914 -99.0 -99.0  -8.8   1.6   9.4 -99.0  17.9  13.1   5.7   1.1 -13.6 -13.7 
1915 -14.5 -17.2  -3.6   2.7  10.3  15.3  17.9 -99.0 -99.0 -99.0 -99.0 -99.0 
1916 -99.0 -99.0 -99.0  -1.2 -99.0 -99.0 -99.0 -99.0 -99.0 -99.0 -99.0 -16.4 
1917 -16.7 -99.0  -4.3 -99.0   7.3 -99.0  12.9  12.4   7.5  -1.3 -15.2 -99.0 
1918 -19.3 -19.0 -14.2  -0.6 -99.0 -99.0 -99.0 -99.0   8.8 -99.0 -12.5 -99.0 
1919 -99.0 -99.0 -99.0   0.3   6.5  10.9  14.4 -99.0 -99.0  -2.4 -99.0 -99.0 
1920 -26.0 -99.0 -13.3  -9.1   4.5 -99.0 -99.0 -99.0 -99.0 -99.0 -99.0 -99.0 
1921 -99.0 -99.0 -99.0 -99.0 -99.0 -99.0 -99.0 -99.0 -99.0 -99.0 -99.0 -99.0 
1922 -99.0 -99.0 -99.0 -99.0 -99.0 -99.0 -99.0 -99.0 -99.0 -99.0 -99.0 -99.0 
1923 -99.0 -99.0 -99.0 -99.0 -99.0 -99.0 -99.0 -99.0 -99.0 -99.0 -99.0 -99.0 
1924 -99.0 -99.0 -99.0 -99.0 -99.0 -99.0 -99.0 -99.0 -99.0 -99.0 -99.0 -99.0 
1925 -99.0 -99.0 -99.0 -99.0 -99.0 -99.0 -99.0 -99.0 -99.0 -99.0 -99.0 -99.0 
1926 -99.0 -99.0 -99.0 -99.0 -99.0 -99.0 -99.0 -99.0 -99.0 -99.0 -99.0 -99.0 
1927 -99.0 -99.0 -99.0 -99.0 -99.0 -99.0 -99.0 -99.0 -99.0 -99.0 -99.0 -99.0 
1928 -99.0 -99.0 -99.0 -99.0 -99.0 -99.0 -99.0 -99.0 -99.0 -99.0 -99.0 -99.0 
1929 -99.0 -99.0 -99.0 -99.0 -99.0 -99.0 -99.0 -99.0 -99.0 -99.0 -99.0 -99.0 
1930 -99.0 -99.0 -99.0 -99.0 -99.0 -99.0 -99.0 -99.0 -99.0 -99.0 -99.0 -99.0 
1931 -99.0 -99.0 -99.0 -99.0 -99.0 -99.0 -99.0 -99.0 -99.0 -99.0 -99.0 -99.0 
1932 -99.0 -99.0 -99.0 -99.0 -99.0 -99.0 -99.0 -99.0 -99.0 -99.0 -99.0 -99.0 
1933 -99.0 -99.0 -99.0 -99.0 -99.0 -99.0 -99.0 -99.0 -99.0 -99.0 -99.0 -99.0 
1934 -99.0 -99.0 -99.0 -99.0 -99.0 -99.0 -99.0 -99.0 -99.0 -99.0 -99.0 -99.0 
1935 -99.0 -99.0 -99.0 -99.0 -99.0 -99.0 -99.0 -99.0 -99.0 -99.0 -99.0 -99.0 
1936 -99.0 -99.0 -99.0 -99.0 -99.0 -99.0 -99.0 -99.0 -99.0 -99.0 -99.0 -99.0 
1937 -99.0 -99.0 -99.0 -99.0 -99.0 -99.0 -99.0 -99.0 -99.0 -99.0 -99.0 -99.0 
1938 -99.0 -99.0 -99.0 -99.0 -99.0 -99.0 -99.0 -99.0 -99.0 -99.0 -99.0 -99.0 
1939 -99.0 -99.0 -99.0 -99.0 -99.0 -99.0 -99.0 -99.0 -99.0 -99.0 -99.0 -99.0 
1940 -99.0 -99.0 -99.0 -99.0 -99.0 -99.0 -99.0 -99.0 -99.0 -99.0 -99.0 -99.0 
1941 -99.0 -99.0 -99.0 -99.0 -99.0 -99.0 -99.0 -99.0 -99.0 -99.0 -99.0 -99.0 
1942 -99.0 -99.0 -99.0 -99.0 -99.0 -99.0 -99.0 -99.0 -99.0 -99.0 -17.5 -26.2 
1943 -22.6 -11.1  -8.6   1.2   8.8  15.5  14.2  12.8   8.4   0.7  -5.3  -7.9 
1944 -15.3 -10.4  -8.4  -1.6   8.3  14.5  15.0  13.4   7.8   1.4 -10.7 -11.7 
1945 -13.7 -10.1  -7.1  -2.4   6.7  12.1  14.2  12.9   8.2   0.4 -18.2 -18.1 
1946 -17.2 -13.1 -11.1   0.0   8.6  16.2  15.7  12.5   7.9   2.0 -14.9 -22.5 
1947 -24.2 -14.0  -1.6   0.4   9.0  12.6  17.3  12.0   7.9   0.2  -5.3 -11.2 
1948 -12.3 -17.1 -11.6  -2.7   8.9  14.2  14.9  11.5   7.0   1.1 -13.9 -22.4 
1949 -15.9 -21.8  -3.7   0.4   7.1  10.2  13.9  12.8   9.1  -1.4  -8.3 -23.5 
1950 -23.2 -23.3  -7.5  -0.9   8.0  13.8  13.8  14.4   8.4  -2.7 -20.0 -17.1 
1951 -22.9 -17.0 -13.2   2.4   8.7  12.4  17.5  13.8   8.1  -4.4 -10.6 -19.1 
1952 -24.6 -14.7  -8.7  -0.9   5.3  13.1  15.3  12.5   7.6   3.4  -1.7 -15.9 
1953 -24.7  -8.4 -10.4   2.5   9.6  15.9  17.1  13.3   7.8  -1.7 -15.8 -15.8 
1954 -19.6 -19.3  -7.0  -2.6   9.2  13.9  14.6  14.1   8.3   2.1  -7.2 -22.4 
1955 -12.8 -14.1  -8.4  -1.6   6.1  11.9  16.1  12.3   8.0  -1.7 -21.5 -21.0 
1956 -24.2 -17.1 -11.5   0.7   7.4  12.6  15.4  13.4   6.6  -4.1 -10.3 -22.8 
1957 -18.3 -15.7  -5.3   0.1   9.0  16.8  15.5  16.2   8.5   1.9  -4.5 -18.5 
1958 -16.6 -16.9  -6.6   3.3   9.1  15.9  15.6  12.0   7.8  -6.5 -12.2 -20.0 
1959 -29.7 -14.5 -14.5  -1.6   6.8  14.3  12.5  11.9   6.6  -4.7 -12.2 -16.3 
1960 -18.1 -13.8 -12.8  -0.7   9.3  11.0  12.6  11.0   6.0  -2.6 -14.4 -13.4 
1961 -18.3 -16.9 -14.4  -0.8   6.9  11.7  13.6  11.5   6.4  -4.7 -16.2 -26.9 
1962 -21.3 -15.9 -12.1   0.7   5.5  12.0  14.8  13.5   5.1  -0.2 -15.1 -19.5 
1963 -14.4 -12.5 -10.6  -2.2   7.4   9.9  14.6  13.4   7.8  -1.9 -21.8 -15.7 
1964 -22.9 -10.2 -15.4  -2.0   2.0  12.5  13.0  11.1   7.1  -0.9 -12.1 -26.3 
1965 -24.0 -21.5  -1.0   0.4   5.3   9.8  13.8  11.2   8.8  -5.8 -19.7 -22.7 
1966 -28.9 -17.0 -13.7  -0.4   4.8  13.2  14.3  11.2   6.1  -5.1 -16.6 -22.8 
1967 -24.4 -18.1  -9.6  -1.4   5.8  13.5  14.5  12.8   6.6  -3.8  -8.9 -18.4 
1968 -22.2 -12.1  -7.3  -2.2   6.6  11.0  13.9  11.3   5.4  -4.2 -15.3 -28.3 
1969 -29.2 -18.6  -7.2   1.6   7.5  15.1  13.3   8.8   6.4   0.3 -15.5 -12.9 
1970 -25.1  -7.5  -3.9  -0.2   7.1  10.6  12.2  10.9   4.2  -6.1 -13.2 -23.8 
1971 -28.6 -13.4 -12.7  -1.5   4.9  12.1  13.8  11.4   5.5  -4.3 -18.2 -20.9 
1972 -28.1 -21.5 -15.4  -7.6   5.6  10.6  15.2  13.0   4.7  -2.9 -15.2 -22.5 
1973 -26.3 -20.1  -7.6   1.5   6.3  11.3  13.9 -99.0 -99.0  -4.7 -99.0 -20.7 
1974 -27.1 -19.2 -12.0   0.2 -99.0  12.0  13.5  12.2   7.6  -1.1 -11.7 -17.1 
1975 -22.4 -19.6 -12.1  -1.0   6.9  11.0  14.5  11.4   7.7  -1.8 -17.8 -21.7 
1976 -18.9 -20.6  -9.5   0.5   5.7  12.8  14.3  12.5   6.3  -1.4  -6.1 -15.3 
1977  -8.8  -6.5  -9.9   0.1   5.9  11.6  14.5  14.2   7.6  -0.5 -20.6 -24.9 
1978 -20.3 -13.8  -8.7  -0.6   6.2  10.3 -99.0  12.7   7.8   0.3 -11.8 -17.7 
1979 -20.1 -27.7  -6.3  -0.2   7.4  11.2  14.4  14.3   8.2   1.3  -4.5 -23.0 
1980 -20.4  -8.8  -6.9   2.5   7.9  12.7  14.1  11.1   5.8  -0.6  -9.3 -31.7 
1981  -6.9  -9.8  -4.9  -3.4   9.1  11.1  13.0  11.3   4.5  -1.6 -13.6 -20.7 
1982 -32.8 -17.0  -8.4  -2.3   5.9  12.5  14.2  11.9   7.5  -6.0 -15.7 -17.0 
1983 -22.1 -16.0 -10.6   1.5   7.8  13.2  14.2  11.4   4.5  -1.8 -13.1 -19.3 
1984 -16.1 -15.1  -3.4   1.6   6.9  12.7  13.5  12.2   6.8  -4.2 -16.6 -19.6 
1985  -9.7 -21.0  -8.7  -4.8   5.9   9.5  14.3  10.7   6.8  -5.2 -19.8  -8.5 
1986 -14.6 -11.9 -11.6  -6.0   5.8  11.2  13.6  10.2   6.4  -1.9 -13.7  -9.5 
1987 -12.2 -11.4 -10.0   0.8   7.0  11.0  14.3  12.1   6.5   1.3  -9.1 -15.7 
1988 -20.3 -13.1  -5.6   0.7   6.9  12.4  14.3  11.8   5.8  -3.3 -18.2 -14.4 
1989 -24.8 -20.1 -12.5   1.3   7.8  11.9  16.2  14.5   8.4  -1.4 -18.2 -10.6 
1990 -18.5 -22.5  -6.6   1.7   9.4  14.0  15.5  13.1   8.3  -4.6 -21.5 -19.1 
1991 -19.9 -13.7  -7.7   1.4   7.8  13.1  12.9  11.0   7.9  -5.4 -14.8 -16.0 
1992 -14.1 -17.3  -8.0  -2.9   5.1  12.8  14.3  11.4   0.4  -4.9  -9.7 -21.6 
1993 -19.8 -12.6  -7.6   2.4   9.5  12.9  16.1  12.9   7.1  -0.1 -10.7 -16.0 
1994 -17.5 -19.6  -6.6   1.9   6.4  12.5  14.3  15.0   6.4  -4.1 -16.8 -18.3 
1995 -20.2 -14.0 -13.7 -99.0 -99.0  12.4  13.1  11.1   9.7  -0.7 -16.6 -20.4 
1996 -30.8 -13.1  -9.6  -0.8   7.1  12.1  14.1  11.1   5.4  -9.9 -17.4 -22.7 
1997 -23.8  -8.1 -13.3  -0.2   7.4  12.9  15.4  12.8   7.2  -7.1 -11.9 -15.6 
1998 -23.5 -15.6  -8.1   2.1   7.2  12.6  13.1  10.4 -99.0 -99.0 -21.3 -99.0 
1999 -23.4 -23.5  -9.0   0.0   5.4  13.0  14.3  12.7   6.3  -2.4 -17.9 -18.3 
2000 -17.5  -9.3  -6.3   0.3   5.2  12.1  13.2  10.0   4.9  -3.9 -10.6 -15.6 
2001 -99.0 -99.0 -99.0 -99.0 -99.0 -99.0 -99.0 -99.0 -99.0 -99.0 -99.0 -99.0 
2002 -99.0 -99.0 -99.0 -99.0 -99.0 -99.0 -99.0 -99.0 -99.0 -99.0 -99.0 -99.0 
2003 -99.0 -99.0 -99.0 -99.0 -99.0 -99.0 -99.0 -99.0 -99.0 -99.0 -99.0 -99.0 
2004 -99.0 -99.0 -99.0 -99.0 -99.0 -99.0 -99.0 -99.0 -99.0 -99.0 -99.0 -99.0 
2005 -99.0 -99.0 -99.0 -99.0 -99.0 -99.0 -99.0 -99.0 -99.0 -99.0 -99.0 -99.0 
2006 -99.0 -99.0 -99.0 -99.0 -99.0 -99.0 -99.0 -99.0 -99.0 -99.0 -99.0 -99.0 
2007 -99.0 -99.0 -99.0 -99.0 -99.0 -99.0 -99.0 -99.0 -99.0 -99.0 -99.0 -99.0 
2008 -99.0 -99.0 -99.0 -99.0 -99.0 -99.0 -99.0 -99.0 -99.0 -99.0 -99.0 -99.0 
2009 -99.0 -99.0 -99.0 -99.0 -99.0 -99.0 -99.0 -99.0 -99.0 -99.0 -99.0 -99.0 
2010 -99.0 -99.0 -99.0 -99.0   9.1  11.3  12.9  13.0   6.1  -2.1 -10.5 -99.0 
2011 -18.4 -17.0 -14.5   0.7   8.1 -99.0 -99.0 -99.0 -99.0 -99.0 -99.0 -99.0 
