Number= 703260
Name= KING SALMON
Country= ALASKA
Lat=   58.7
Long=  156.7
Height= 15
Start year= 1917
End year= 2011
First Good year= 1917
Source ID= 10
Source file= Jones+Anders
Jones data to= 2001
Normals source= Data
Normals source start year= 1961
Normals source end year= 1990
Normals=  -9.4  -9.5  -5.3  -0.4   5.8  10.0  12.6  12.2   8.4   0.3  -5.3  -8.9 
Standard deviations source= Data
Standard deviations source start year= 1941
Standard deviations source end year= 1990
Standard deviations=   5.4   5.0   4.4   2.5   1.4   1.2   0.9   1.1   1.0   2.1   3.3   4.9 
Obs:
1917 -99.0 -99.0 -99.0 -99.0 -99.0 -99.0  11.7 -99.0 -99.0 -99.0 -99.0 -99.0 
1918 -99.0 -99.0 -99.0 -99.0 -99.0  10.4  13.6  10.9   8.8   0.4 -11.5 -10.1 
1919 -15.5  -5.0  -3.7   0.2   5.3   9.0  12.2  14.8  10.7   2.9  -5.9  -9.6 
1920 -12.9  -1.9  -5.1 -99.0 -99.0 -99.0 -99.0 -99.0 -99.0   1.2  -4.2 -99.0 
1921 -99.0 -99.0 -99.0 -99.0 -99.0 -99.0 -99.0 -99.0   6.2   0.1  -0.1  -6.1 
1922  -7.7  -6.7  -8.0  -0.1 -99.0 -99.0 -99.0 -99.0 -99.0 -99.0 -99.0 -99.0 
1923 -99.0 -99.0 -99.0 -99.0 -99.0 -99.0 -99.0 -99.0 -99.0 -99.0 -99.0 -99.0 
1924 -99.0 -99.0 -99.0 -99.0 -99.0 -99.0 -99.0 -99.0 -99.0 -99.0 -99.0 -99.0 
1925 -16.3  -6.7  -3.3 -99.0 -99.0 -99.0 -99.0 -99.0   9.2   6.7  -7.0 -13.6 
1926  -3.9  -9.1  -2.7   2.0 -99.0 -99.0 -99.0 -99.0 -99.0 -99.0 -99.0 -99.0 
1927 -99.0 -99.0 -99.0 -99.0 -99.0 -99.0 -99.0 -99.0 -99.0 -99.0 -99.0 -99.0 
1928 -99.0 -99.0 -99.0 -99.0   6.3  11.8  12.7  10.8   7.7   2.1  -3.5  -6.2 
1929  -1.0  -2.1 -10.1  -0.2   6.1  11.6  12.6  12.0  11.6   1.0   0.6  -9.5 
1930  -2.7 -17.0  -7.1  -0.1   4.4   9.6  11.1  12.7   6.8   1.8  -9.2  -5.9 
1931  -6.3  -8.3  -7.3  -2.0   5.1  10.3  11.8  13.3 -99.0 -99.0 -99.0 -99.0 
1932 -12.9 -11.8  -3.1   1.4   6.1  10.4  11.7  11.6   8.4   4.1 -11.4  -4.9 
1933 -14.7  -6.8  -7.8   2.2   6.0  10.3  12.6  11.7   8.0   1.2  -3.9 -14.6 
1934 -16.1  -1.9  -1.9   2.3   7.2  10.5  12.4  12.9  11.6   3.2  -3.8  -7.3 
1935  -9.5  -5.3  -2.8   3.2   7.3  12.2  13.4  12.7   9.7   1.9  -3.0 -10.8 
1936  -7.6  -4.7  -6.1   1.0   6.3  13.9 -99.0 -99.0   9.2   5.7  -4.6  -9.7 
1937  -1.6 -13.2  -9.6  -0.3 -99.0 -99.0 -99.0 -99.0   9.3   4.8  -4.0 -11.5 
1938 -13.5 -13.8  -4.9   3.4   5.1 -99.0 -99.0 -99.0   9.0   4.8  -2.1  -8.5 
1939 -13.6  -4.3 -99.0 -99.0 -99.0 -99.0  12.3  11.2   9.0  -0.4 -11.2  -9.5 
1940  -4.1  -2.1  -4.7   5.6   8.3  12.0  13.2  12.7   8.7   2.2  -2.0  -6.6 
1941 -11.8  -1.6  -1.5   4.2   6.3  11.9  13.7  14.1  10.0   2.8  -6.6 -99.0 
1942  -4.7  -3.7  -6.3   2.2   8.3  10.2  12.6  12.9  11.2   0.3  -8.5 -20.5 
1943 -16.6  -6.7  -4.3  -0.7   6.1  12.0  12.2  10.9   7.4   2.6  -3.2  -8.0 
1944  -9.8  -0.6  -7.3   0.2   6.3  11.7  13.6  12.3   8.2   2.2  -5.8  -5.3 
1945   0.4  -4.5  -7.5  -0.9   4.7  11.0  13.2  13.1   9.4   1.8 -11.5  -9.2 
1946  -6.8 -10.9 -12.7   0.1   5.4  10.3  12.1  11.0   8.4   3.8  -7.6 -13.3 
1947 -18.7  -4.8  -8.0   1.4   6.3   9.3  11.9  12.7   8.1   1.0  -0.8  -7.6 
1948  -9.7 -12.1  -6.2  -0.7   6.1  10.6  11.2  10.7   6.8   1.2  -9.9 -11.4 
1949 -10.9 -12.6  -2.2  -2.5   5.2   9.0  12.7  12.0   9.6   2.6  -2.0 -11.7 
1950  -9.1 -16.6  -1.0   0.0   5.4  10.0  12.8  13.9   8.7   1.6  -8.7 -12.7 
1951 -14.5  -6.6 -12.8   1.7   7.1  10.8  13.1  13.6   8.3   1.2  -4.5  -9.5 
1952 -11.5  -9.0  -6.5  -2.8   3.3   9.2  11.9  12.9   8.0   3.4  -0.6 -14.8 
1953 -12.2  -8.9  -9.7   2.1   6.4  12.5  15.1  12.9   8.2  -0.5  -5.6  -5.7 
1954 -17.5 -19.7  -7.8  -1.3   6.8  11.0  11.4  11.6   8.9   3.6  -2.5 -18.4 
1955  -4.9 -10.6  -3.6  -3.0   5.2   8.4  12.2  11.4   8.2  -1.3  -7.4 -14.1 
1956 -19.3 -14.3  -9.3  -2.5   5.2   8.3  12.9  12.6   7.5  -2.9 -11.2 -15.7 
1957  -6.4  -9.8  -3.4   2.9   7.6  12.7  13.6  14.2   8.9   5.3   1.3 -16.7 
1958 -10.0  -4.5  -1.3   3.0   6.0  10.7  12.6  12.0   8.2   0.3  -6.3  -6.3 
1959 -11.8  -3.3 -14.5  -0.3   6.9  11.2  10.7  12.1   8.1   1.6  -1.1 -14.3 
1960  -4.6  -5.0  -7.9  -3.8   6.5  10.2  13.2  11.3   7.9   1.7  -6.1  -2.0 
1961  -5.8 -15.2 -12.0  -0.6   7.1   9.6  11.3  11.1   8.6  -2.2  -5.8 -14.1 
1962 -13.1  -4.6  -8.8   0.2   5.0  10.9  13.9  12.4   7.1   1.8  -3.7 -10.8 
1963  -3.8  -7.6  -4.8  -3.1   6.4   8.7  12.7  12.3  10.6   0.0 -13.0  -3.9 
1964  -9.3  -9.7  -8.7  -2.0   3.4  11.2  12.3  11.6   8.9   1.7  -5.8 -16.1 
1965 -10.8 -13.7   1.0  -0.3   2.8   7.8  11.5  10.8  10.2  -3.5  -5.1 -14.7 
1966  -6.5  -8.0 -15.0  -1.0   3.0  10.4  11.4  10.1   8.3  -2.6  -6.3 -12.7 
1967 -13.5  -9.3  -2.9   1.4   6.7  10.3  12.6  12.6   7.9  -1.0  -1.4 -11.0 
1968 -12.1 -10.6  -3.5  -1.0   6.6  10.4  13.1  12.6   6.3  -1.9  -3.1 -15.8 
1969 -13.8 -10.6  -3.1   1.3   6.7  11.4  12.4  10.5   8.9   3.8  -8.2  -3.1 
1970 -17.8  -3.0  -0.7  -1.1   7.1  10.6  11.5  10.9   7.1  -1.4  -1.4 -11.2 
1971 -19.1 -10.9 -13.3  -2.8   3.2   8.5  12.5  12.7   8.2   1.3  -5.7  -7.3 
1972 -14.0 -14.2 -16.7  -5.4   4.9   8.1  12.9  12.4   7.5   2.2  -3.6  -8.7 
1973 -16.7  -6.8  -7.0   2.2   6.1  10.8  13.1  12.6   8.4   1.2  -4.0  -7.7 
1974 -12.4 -17.5  -4.8   2.0   7.5  10.7  13.0  13.9  10.3   0.8  -6.5 -13.2 
1975 -15.1 -15.5  -9.6  -3.8   4.1   8.4  12.7  12.0   8.4   0.2 -10.6 -12.0 
1976 -10.8 -13.6  -9.2  -1.3   4.2   8.3  11.8  11.7   7.4  -0.2  -4.2  -7.0 
1977   1.3  -1.0  -7.2  -3.4   4.2  10.3  12.4  13.8   8.3  -0.1  -9.8 -11.8 
1978  -1.8  -3.9  -3.5   3.1   7.3   9.7  12.3  13.9   8.7   2.5  -1.0  -2.1 
1979  -1.0 -14.2  -0.8   4.2   8.5  11.1  14.3  13.3  10.0   4.1  -1.3 -15.2 
1980 -12.7  -6.2  -2.3   2.4   5.4   9.4  12.8  10.6   8.3   1.8  -3.1 -14.7 
1981  -1.2  -5.6   1.3   2.1   8.2  10.2  12.8  12.7   7.2   0.7  -4.8 -10.4 
1982  -8.3 -10.7  -4.5  -3.6   4.6   9.4  10.8  11.3   7.9  -2.2  -3.3  -4.4 
1983 -11.2  -7.4   0.7   2.5   8.1  12.1  14.1  12.3   7.5  -1.8  -1.1  -2.7 
1984  -8.1 -18.9   2.4  -1.6   6.1  11.3  12.1  11.9   8.9  -1.1  -5.3  -4.1 
1985   0.3 -11.9  -5.2  -6.2   4.4   8.6  12.4  11.3   8.6  -2.9  -3.8   1.2 
1986  -8.4  -5.5  -5.8  -2.2   5.6   9.9  12.1  11.2   9.3   2.3  -3.2  -0.8 
1987  -6.1  -4.3  -1.2   0.2   6.0   9.6  13.3  13.9   7.4   3.1  -8.6 -12.6 
1988  -3.6  -3.0  -4.0  -0.5   6.9  11.6  13.8  11.9   7.7  -0.6 -10.1  -6.2 
1989 -19.4  -1.8  -4.7   2.3   5.6  10.9  13.5  13.9  10.9   2.6  -7.7  -6.9 
1990  -8.4 -18.8  -3.7   4.1   7.7  10.8  13.3  13.3   8.6  -0.3  -8.2  -6.4 
1991  -7.9  -9.6  -3.1   2.6   7.0  10.2  12.9  12.1  10.6   2.9  -4.6  -9.4 
1992  -7.9 -15.7  -5.6   0.2   5.9  11.4  13.1  12.2   5.0   0.0  -4.7  -7.1 
1993  -9.4  -5.2  -0.5   5.0   9.1  11.7  14.4  13.3   9.2   3.4  -1.3  -4.1 
1994  -6.0  -9.8  -6.9   2.2   7.5  10.9  13.2  13.4   9.3  -1.2  -7.0  -9.8 
1995   3.1  -4.9  -8.1   4.6   8.0  11.8  14.0  12.7  11.3   1.7  -7.6  -3.9 
1996  -9.3 -10.4   0.2   1.6   8.1  11.1  12.8  11.6   6.4  -1.4  -3.6 -14.3 
1997 -10.1  -0.9  -6.2   3.0   8.8  12.1  15.5  14.1  10.4  -2.3  -2.9 -13.2 
1998 -10.7  -5.3   0.6   2.8   5.8  11.0  13.4  11.1   8.6   1.8  -2.0 -12.3 
1999 -11.6 -15.3  -9.7  -0.1   4.6  10.5  12.7  12.3   8.9  -1.7  -7.2 -16.4 
2000 -15.3  -0.7  -0.7   1.8   6.0  10.4  12.4  12.5   7.7   1.7   0.6   1.0 
2001  -3.6  -1.8  -3.4   2.3   4.9  11.8  12.6  13.2   9.3  -2.3  -7.0 -13.4 
2002  -4.7  -6.8  -2.8   0.9   7.9  11.4  13.3  13.1   9.4   6.2   1.5  -6.0 
2003  -1.7   2.0  -6.4   3.3   7.0  11.4  14.1  13.8   7.8   3.0  -2.8 -11.3 
2004 -12.2  -1.9  -6.1   2.8   9.0  12.6  15.1  15.0   7.9   4.6  -1.2  -4.5 
2005  -4.6  -4.5  -1.2  -0.4   8.7  12.2  14.1  13.7   9.6   1.9 -11.9  -2.6 
2006 -17.1  -5.1  -7.6  -0.7   7.3  10.9  12.8  11.6   9.3   4.4  -9.2 -11.9 
2007 -12.0  -5.6 -14.5   3.7   6.3  10.4  13.0  13.9  10.0   1.7  -0.1  -7.4 
2008 -13.8 -12.6  -4.6  -1.6   6.0   9.3  11.6  12.4   8.9  -1.6  -9.2  -5.9 
2009 -11.5  -8.4  -7.6   0.2   7.6  10.4  13.9  11.5   8.4   3.8  -8.1  -4.6 
2010  -9.1  -5.1  -9.1  -0.6   6.4  10.1  10.9  11.7   9.5   1.9  -5.0 -13.9 
2011  -6.6  -8.3  -4.9   0.4   7.3 -99.0 -99.0 -99.0 -99.0 -99.0 -99.0 -99.0 
