Number= 410240
Name= JEDDAH (KING ABDULAZ
Country= IZ) A PT
Lat=   21.7
Long=  -39.2
Height= 8
Start year= 1951
End year= 2011
First Good year= 1951
Source ID= 10
Source file= Jones+Anders
Jones data to= 2001
Normals source= Data
Normals source start year= 1961
Normals source end year= 1990
Normals=  23.4  23.0  25.7  27.4  29.4  30.7  31.9  31.8  30.9  29.1  27.1  24.8 
Standard deviations source= Data
Standard deviations source start year= 1951
Standard deviations source end year= 1990
Standard deviations=   1.3   1.6   1.8   1.2   1.5   1.2   0.6   1.0   1.3   1.1   1.0   1.0 
Obs:
1951 -99.0 -99.0 -99.0 -99.0 -99.0 -99.0 -99.0  29.4  31.9  30.0  26.1  22.8 
1952  22.8  25.6  25.0  26.7  33.9  31.1  32.2  32.8  35.0  30.6  28.9  26.7 
1953  27.2  27.2  26.7  29.4  31.1  32.4  31.7  33.1  29.7  31.7  25.6  23.1 
1954  24.4  23.9  26.7  25.0  31.7  33.6  31.7  31.9  29.2  31.1  27.8  23.9 
1955  23.1  26.1  24.4  27.0  27.2  31.7  31.1  31.4  30.3  32.5  27.8  23.9 
1956  22.5  24.5  24.4 -99.0  31.0  33.5  31.0  32.4  31.5  29.5  25.0  26.0 
1957  20.0  21.0  24.0  26.0  29.0  32.0  33.0  34.5  35.0  29.0  27.0  26.0 
1958  23.5  24.0  27.5  31.0  28.5  32.0  32.0  30.5  31.0  31.5  29.0  26.0 
1959  22.0  22.0  23.5  29.0  33.5  34.5  31.5  31.5  29.5  28.5  29.5  24.5 
1960  25.0  25.5  25.0  28.5  29.0  30.5  32.5  32.5  33.0  28.5  28.0  26.0 
1961  24.7  22.5  24.4  27.6  28.9  31.7  31.9  32.0  30.1  28.0  26.5  24.4 
1962  23.0  23.9  25.9  27.0  28.6  31.3  31.9  32.0  30.5  28.9  27.1  25.8 
1963  25.3 -99.0  25.0 -99.0  29.3  30.3  32.2  32.2  31.1  29.7  28.1  24.5 
1964  22.2  23.3  25.5  27.5  27.6  30.3  32.2  32.2  30.4  28.3  26.1  23.9 
1965  23.0  23.7  26.4  26.5  29.0  30.3  31.0  32.9  31.3  29.4  27.5  25.7 
1966  24.7  23.6  25.4  28.1  29.5  31.4  31.9  31.2  30.8  29.3  27.0  25.0 
1967  23.9  23.5  23.7  26.5  27.9  30.4  31.5  32.1  30.5  28.9  26.4  25.0 
1968  23.3  22.9  25.0  26.7  30.9  31.5  32.6  31.8  30.5  29.7  27.5  25.8 
1969  22.9  24.4  25.4  27.6  30.3  31.7  31.7  31.8  31.0  30.1  27.9  26.1 
1970  23.8 -99.0  26.1  28.5  30.0  31.2  32.8  32.2  30.4  29.0  27.1  24.5 
1971  24.1  23.4  26.1  26.3  29.4  29.5  31.2  31.7  30.8  28.3  27.2  22.6 
1972  23.8  23.3  25.0  28.2 -99.0 -99.0 -99.0 -99.0 -99.0 -99.0 -99.0 -99.0 
1973 -99.0 -99.0 -99.0 -99.0 -99.0 -99.0 -99.0 -99.0 -99.0 -99.0 -99.0 -99.0 
1974  22.1  23.7  25.0  27.0  29.6  30.5  32.1  31.3  30.0  28.5  26.9  23.9 
1975  22.6  22.7  29.2  28.1  28.9  28.9 -99.0  29.9  31.3  27.8 -99.0 -99.0 
1976  23.1  22.5  25.0  27.2  29.7  30.0  31.7  30.9  30.6  29.1 -99.0 -99.0 
1977 -99.0 -99.0 -99.0 -99.0 -99.0 -99.0 -99.0 -99.0 -99.0 -99.0 -99.0 -99.0 
1978 -99.0 -99.0 -99.0 -99.0 -99.0 -99.0 -99.0 -99.0 -99.0 -99.0 -99.0 -99.0 
1979 -99.0 -99.0 -99.0 -99.0 -99.0 -99.0 -99.0 -99.0 -99.0 -99.0 -99.0 -99.0 
1980 -99.0 -99.0 -99.0 -99.0 -99.0 -99.0 -99.0 -99.0 -99.0 -99.0 -99.0 -99.0 
1981  24.0  23.8  30.6 -99.0 -99.0 -99.0 -99.0 -99.0 -99.0 -99.0 -99.0 -99.0 
1982 -99.0 -99.0  24.1  28.8  30.0  31.2  32.4  32.8  31.8  30.2  26.3  24.1 
1983 -99.0  21.3  22.6  25.9 -99.0  31.5  31.7  31.6  31.3  28.6  27.0  24.8 
1984  23.3  24.2  26.1  27.2  29.3  30.0  31.3  30.9  30.7  29.6  26.8  24.6 
1985  24.5  19.3 -99.0 -99.0 -99.0 -99.0  31.5  31.8 -99.0 -99.0  27.1  25.0 
1986  23.2  24.0  26.0  27.4  28.7 -99.0  32.7  32.1  31.4 -99.0 -99.0 -99.0 
1987  23.1  24.9  24.5  27.1  30.3  31.1  32.2 -99.0  31.4  29.8  27.9  25.0 
1988  23.5  23.0  25.7  28.6  30.5 -99.0  33.0 -99.0  32.0  29.1  27.0  25.2 
1989  21.3  21.3  30.4  29.1  30.2  30.4  31.4  31.9  31.7  29.1  27.5  24.4 
1990  23.2  21.2  23.9  26.6  29.1  30.5 -99.0 -99.0 -99.0 -99.0 -99.0 -99.0 
1991  23.0  23.4  25.4  29.9  30.4  30.5  31.2  31.3  29.7  29.2  27.4  22.8 
1992  20.4  19.8  23.5  26.2  35.2  30.0  31.3  32.5  31.4  29.7  26.3  22.8 
1993  22.5  21.6  24.6  28.1  30.1  30.7  31.9  32.5  31.5  29.8  27.8  26.0 
1994  24.9  23.4  24.3  28.2  30.7  31.2  32.5  32.5  31.9  30.5  27.3  24.2 
1995  24.3  23.0  24.5  27.4  30.4  31.6  33.1  32.7  31.3  30.0  27.2  24.5 
1996  23.0  24.3  24.5  27.5  31.2  30.5  32.6  32.7  31.8  29.6  25.9  25.2 
1997  23.0  21.9  23.2  26.4  30.1  31.6  32.8  32.3  31.2  29.5  27.8  25.3 
1998  22.9  22.6  24.1  28.6  30.5  31.1  33.5  33.9  32.4  30.4  27.6  25.4 
1999  23.4  25.8  25.5  27.6  30.7  30.6  32.7  33.2  32.0  29.9  27.4  25.4 
2000  22.9  22.8  24.6  28.7  30.2  32.1  33.5  32.2  31.1  29.9  26.7  24.3 
2001  22.4  23.0  26.6  28.3  30.2  31.5  33.1 -99.0  32.0  30.0  27.0  25.4 
2002  22.3  25.1  26.5  28.0  28.6  31.4  33.3 -99.0  31.7  31.7  28.1 -99.0 
2003 -99.0 -99.0  24.6 -99.0  32.3  31.9  33.0  33.7  33.7  30.2  27.6  25.4 
2004  25.4  23.8  25.8 -99.0 -99.0  31.3  32.7  32.5  31.3  30.1  28.2  24.9 
2005  22.4  24.1  25.7  29.3  30.0  31.7  33.0  33.8 -99.0  29.9  26.9  25.7 
2006 -99.0  24.8  25.6  27.5 -99.0  32.0 -99.0 -99.0  32.2 -99.0 -99.0 -99.0 
2007 -99.0 -99.0  24.9 -99.0 -99.0  31.8  33.8 -99.0 -99.0 -99.0  28.1  25.6 
2008  23.0  24.5  26.8  29.3 -99.0  31.7  33.4  32.9  32.3  29.8  27.6  25.8 
2009  24.7  25.3  25.2  27.9  29.8  32.3  33.3 -99.0 -99.0  30.3  27.6  25.2 
2010  25.0  24.7  26.6  29.3 -99.0  32.7  33.6  34.4  31.7  31.0  28.9  25.4 
2011  23.4  24.1  25.4  27.9  30.0 -99.0 -99.0 -99.0 -99.0 -99.0 -99.0 -99.0 
