Number= 416400
Name= LAHORE PBO
Country= PAKISTAN
Lat=   31.6
Long=  -74.3
Height= 214
Start year= 1876
End year= 2011
First Good year= 1876
Source ID= 10
Source file= Jones+Anders
Jones data to= 2001
Normals source= Data
Normals source start year= 1961
Normals source end year= 1990
Normals=  12.8  15.5  20.4  26.7  31.2  33.8  31.5  30.7  29.7  25.5  19.5  14.3 
Standard deviations source= Data
Standard deviations source start year= 1941
Standard deviations source end year= 1990
Standard deviations=   1.0   1.4   1.4   1.7   1.9   1.0   1.1   0.8   1.1   1.1   1.0   1.1 
Obs:
1876  12.6  14.7  19.5  25.8  31.9  34.6  30.7  30.8  28.9  23.3  18.6  13.8 
1877  12.5  12.7  19.7  23.9  29.5  34.4  34.6  34.5  31.4  25.1  21.1  13.2 
1878  11.4  14.7  21.9  26.3  28.6  35.2  32.1  29.7  31.4  26.4  18.2  13.3 
1879  13.8  17.0  20.3  28.6  33.2  32.7  34.1  31.0  29.6  25.3  17.2  12.9 
1880  14.1  14.0  25.8  30.8  33.5  35.8  30.6  32.6  30.7  26.2  18.8  13.6 
1881  13.7  17.9  19.3  27.5  32.0  35.3  31.2  30.0  30.6  26.4  18.4  14.9 
1882  14.3  13.8  21.8  26.7  31.6  35.2  31.5  31.2  28.3  25.2  18.2  14.8 
1883  13.2  13.5  20.5  28.7  31.4  35.6  33.5  33.8  28.7  24.9  17.2  13.3 
1884  14.3  14.7  20.8  26.5  31.8  33.0  32.1  30.8  29.2  24.6  17.2  13.7 
1885  12.4  13.1  21.6  25.5  26.3  33.7  32.6  31.9  30.0  25.9  19.8  14.6 
1886  12.6  13.6  19.6  26.8  30.9  33.1  30.6  30.9  31.3  25.1  19.4  14.7 
1887  11.2  14.6  21.3  27.9  33.3  33.1  32.7  29.2  27.9  24.8  17.4  13.9 
1888  10.8  13.6  22.6  27.6  31.8  33.6  32.4  31.2  29.6  24.1  18.5  13.3 
1889  12.9  14.8  21.7  27.9  29.8  34.4  31.6  30.7  29.9  23.4  17.1  14.5 
1890  13.8  15.5  19.7  27.1  31.6  33.5  30.3  28.8  29.4  24.3  17.4  13.2 
1891  11.9  12.2  16.7  24.8  29.4  34.1  33.8  30.8  30.8  24.3  19.4  13.7 
1892  13.7  16.1  23.3  30.8  33.1  34.6  32.3  29.2  28.6  24.4  17.9  12.9 
1893  10.7  10.7  18.2  26.5  31.4  32.6  30.3  32.1  28.9  24.9  18.3  14.7 
1894  11.9  14.9  19.3  27.1  32.9  33.2  30.4  31.1  29.3  25.4  18.6  13.3 
1895  11.6  15.8  21.7  27.0  34.8  33.8  33.7  31.1  31.1  25.4  20.6  14.0 
1896  14.0  15.6  21.7  27.6  34.1  35.5  34.3  32.1  31.6  25.7  19.4  12.9 
1897  12.8  14.9  20.4  26.5  32.7  33.3  33.9  30.4  30.2  25.3  19.4  13.8 
1898  14.2  14.8  20.8  29.7  31.3  35.9  30.7  32.9  30.4  25.6  18.6  13.7 
1899  10.9  16.3  22.8  26.8  34.3  33.9  33.6  33.6  32.1  25.3  20.6  16.2 
1900  12.3  15.4  23.3  25.7  32.2  36.0  34.3  31.6  28.7  24.5  20.9  13.7 
1901  12.2  14.3  21.7  25.9  31.2  35.0  32.2  32.2  30.4  27.1  19.8  14.7 
1902  13.3  17.1  22.3  27.6  33.0  33.8  33.1  32.4  29.8  25.9  19.7  13.3 
1903  12.8  15.5  19.3  24.9  30.7  35.8  32.4  31.4  30.7  26.5  19.2  13.5 
1904  11.7  15.8  19.5  27.3  32.8  35.4  33.9  32.6  30.4  26.3  19.3  14.8 
1905  10.9  10.1  17.6  25.6  33.7  35.8  33.4  34.4  30.4  25.5  20.1  13.8 
1906  11.7  13.8  18.3  25.8  33.8  34.2  34.0  32.2  28.7  26.1  20.3  15.5 
1907  14.8  13.6  17.9  25.1  30.8  33.3  33.9  30.9  31.9  26.6  20.2  13.4 
1908  13.8  16.2  20.6  27.7  32.1  35.0  31.4  28.8  28.3  24.8  18.8  13.7 
1909  11.5  14.1  20.3  25.5  31.1  33.8  31.3  31.2  28.1  25.2  20.6  12.9 
1910  12.1  14.9  19.7  24.9  32.3  33.9  31.7  30.5  30.6  25.7  18.7  12.9 
1911  13.7  15.6  18.3  25.8  32.3  34.2  34.7  34.3  31.0  26.6  16.8  13.1 
1912  13.4  16.8  20.2  26.2  32.5  35.3  32.9  30.6  29.4  25.6  18.2  13.6 
1913  13.8  14.8  17.8  27.5  30.9  32.1  30.8  30.9  29.4  25.4  18.4  13.2 
1914  14.1  14.0  19.4  25.9  32.0  34.1  31.1  30.9  29.2  23.4  19.1  12.9 
1915  12.8  13.9  21.3  27.2  35.3  34.7  35.3  34.2  31.2  25.7  19.0  13.3 
1916  13.7  14.9  23.2  28.3  30.7  34.6  30.8  30.0  29.7  25.5  17.1  13.2 
1917  12.8  16.6  20.7  23.6  28.0  33.1  32.3  29.8  27.7  23.8  16.4  13.7 
1918  12.0  15.5  19.6  23.8  34.4  34.3  34.7  32.8  30.1  25.4  18.7  13.3 
1919  12.7  14.3  20.9  26.0  31.1  37.2  33.2  30.3  29.8  25.1  18.1  12.7 
1920  12.6  14.2  19.6  25.6  28.2  33.7  34.3  31.8  31.5  26.7  20.5  13.9 
1921  13.2  16.1  24.1  31.1  34.3  35.1  33.6  31.0  30.1  24.9  19.2  15.6 
1922  12.2  15.8  21.8  27.6  31.2  33.6  33.8  32.6  29.1  24.4  18.5  14.1 
1923  12.2  14.2  20.8  27.2  30.2  35.5  31.6  30.1  29.9  24.4  18.1  13.4 
1924  11.6  14.7  20.8  27.0  27.7  35.1  33.9  31.1  28.3  25.2  18.1  13.8 
1925  10.9  12.9  21.6  29.6  31.7  32.3  30.9  30.6  30.3  25.6  17.1  13.0 
1926  12.9  16.6  19.2  24.1  29.1  34.9  33.8  30.1  29.1  24.9  16.9  12.9 
1927  11.7  13.4  20.1  26.2  30.7  33.8  32.3  31.6  30.3  26.2  19.7  14.9 
1928  11.8  16.6  20.9  27.2  34.3  34.9  33.7  32.4  29.3  26.2  18.9  13.1 
1929  12.1  14.0  22.9  28.8  33.2  34.1  31.8  30.8  30.6  25.1  18.8  12.2 
1930  11.3  15.7  21.7  26.1  32.3  33.8  30.5  31.8  29.5  25.9  18.3  13.6 
1931  13.7  12.6  20.2  28.8  32.2  34.4  31.4  31.7  29.7  25.8  19.1  14.2 
1932  14.2  15.3  21.6  28.2  30.7  36.1  32.7  31.1  31.2  25.8  18.7  13.2 
1933  10.3  16.0  20.4  25.3  31.2  35.4  32.9  29.3  28.6  25.6  19.0  15.1 
1934  10.8  17.5  20.3  27.3  31.3  34.5  33.1  31.0  31.6  24.7  18.5  14.3 
1935  10.9  15.4  21.2  23.4  31.6  34.4  32.9  30.9  30.4  25.2  19.4  13.7 
1936  11.1  16.1  20.0  26.4  35.6  33.1  31.9  32.1  30.4  25.9  18.6  13.7 
1937  11.8  15.4  19.7  26.1  32.6  35.4  31.6  33.8  30.9  25.1  18.7  12.4 
1938  11.7  13.9  21.7  28.4  34.8  32.6  34.2  32.9  31.4  25.7  18.1  13.8 
1939  13.3  14.8  17.9  24.9  33.0  33.6  32.8  32.8  31.6  26.8  18.8  14.7 
1940  13.2  15.2  19.8  26.2  33.1  34.6  33.3  31.1  30.0  25.9  20.1  13.7 
1941  12.3  16.6  23.1  29.7  33.8  33.3  32.8  32.7  29.4  28.3  20.2  15.0 
1942  11.4  15.6  22.3  28.9  32.4  34.8  31.8  31.1  29.1  25.4  20.8  13.2 
1943  12.2  15.8  21.9  26.7  31.9  33.9  32.0  32.6  31.5  25.9  20.0  15.6 
1944  12.0  14.0  20.1  26.9  33.6  34.1  32.4  31.3  29.2  24.9  19.6  13.6 
1945  10.8  13.8  21.1  25.1  32.0  34.4  32.0  31.2  29.7  25.6  19.6  12.8 
1946  14.3  17.8  20.8  30.8  33.6  35.1  33.2  31.9  31.3  26.8  18.4  12.1 
1947  11.9  15.9  23.0  29.6  34.0  37.6  36.1  31.8  30.3  25.8  21.1  14.3 
1948  13.6  15.5  20.1  28.7  34.1  34.2  32.6  30.6  31.1  27.0  17.9  13.8 
1949  13.8  14.4  21.0  29.3  35.2  33.8  31.7  32.0  32.2  25.2  17.7  13.1 
1950  13.6  12.9  19.3  25.5  33.1  36.0  32.1  31.7  27.6  25.0  18.3  11.7 
1951  12.2  14.8  19.9  24.3  30.9  33.7  32.2  31.1  31.6  28.7  20.5  14.8 
1952  13.6  16.8  20.1  28.7  32.7  33.9  31.3  31.1  31.3  26.2  19.1  13.5 
1953  12.3  17.3  24.4  27.9  33.3  34.7  32.4  30.6  29.2  25.8  18.9  16.6 
1954  11.6  16.1  21.1  27.7  33.3  34.6  32.5  33.3  29.8  23.6  18.8  13.4 
1955  12.1  16.7  22.6  25.1  28.8  35.3  32.7  30.4  29.2  23.7  18.6  14.3 
1956  12.5  15.7  20.6  27.3  34.6  33.1  30.1  30.3  30.8  24.2  17.9  14.2 
1957  11.7  13.6  19.4  24.4  28.7  33.1  33.1  30.2  29.1  25.3  18.8  13.8 
1958  14.4  15.4  21.7  29.6  31.4  34.0  32.1  31.1  28.3  25.1  18.7  14.5 
1959  12.4  14.2  21.5  27.2  30.8  35.1  31.3  30.5  29.9  26.7  18.7  14.0 
1960  11.7  18.1  19.6  24.9  31.6  34.7  31.7  31.6  30.8  25.7  18.5  13.2 
1961  13.1  13.3  20.8 -99.0  31.2  34.3  31.8  30.6  30.4  25.2  17.2  12.1 
1962  11.7  15.9  20.1  27.4  31.1  34.2  32.2  30.8  27.9  24.4  18.1  12.9 
1963  11.6  17.0  20.2  25.8  29.5  34.7  33.2  30.9  29.3  26.9  19.8  13.8 
1964  10.2  14.4  22.8  27.4  29.9  33.7  30.5  30.9  29.2  24.7  17.7  13.4 
1965  14.4  15.0  20.3  23.8  30.1  34.7  31.1 -99.0 -99.0 -99.0 -99.0 -99.0 
1966 -99.0  18.2  21.2  25.8  31.1  33.3  31.7  31.1  28.3  25.3  19.6  12.8 
1967  11.5  17.3  18.8  25.6  30.3  34.9  32.1  30.4  29.7  24.7  18.8  13.5 
1968  11.3  13.2  20.8  26.6  29.7  34.6  30.8  30.3  31.4  24.6  18.8  13.7 
1969  12.4  14.3  22.8  25.8  29.8  32.4  32.5  31.2  29.7  26.6  20.2  14.7 
1970  12.5  15.1  20.2  28.8  32.8  33.6  33.4  30.4  30.2  26.8  18.7  14.4 
1971  11.8  15.8  21.8  28.5  31.2  33.6  31.2  30.6  28.9  23.5  19.9  14.9 
1972  12.9  13.8  20.9  25.7  32.3  34.8  32.1  30.7  28.8  24.9  19.9  14.4 
1973  12.7  16.8  20.3  28.7  32.5  34.6  31.2  30.1  30.9  25.9  19.1  12.1 
1974 -99.0 -99.0  22.3  28.9  31.7  32.7  31.5  31.6  30.9 -99.0 -99.0  12.9 
1975  12.5 -99.0  19.7  27.1  32.3  32.9  30.4  30.6  28.7  26.7  18.5  14.6 
1976  13.3  15.5  19.4  26.2 -99.0  32.3  31.5  29.1 -99.0  26.1 -99.0  14.4 
1977 -99.0 -99.0 -99.0  26.7  29.5  32.7  30.7  30.8  29.2  26.7  21.9  15.5 
1978  12.3  15.2  18.5  27.1  34.6  34.6  30.0  31.5  29.5  26.3  19.9  15.4 
1979  13.8  14.9  18.9 -99.0 -99.0  33.9  31.7  31.5  28.4  26.1  20.0  15.4 
1980  13.0  16.3  19.7  28.7  33.7  33.7  32.1  29.5  28.6  25.6  19.9  14.9 
1981  13.2  16.2  19.8  26.7  32.0  33.8  30.0  30.9  30.3  24.7  18.5  14.3 
1982  13.1  13.3  17.3  24.9  27.9  33.1  33.1  30.1  30.4  26.1  19.5  14.3 
1983  12.7  14.7  18.5  22.9  29.2  32.3  31.4  30.4  30.3  24.3  19.0  14.5 
1984  12.4  14.2  22.7  27.2  34.2  35.2  30.5  30.6  28.3  24.9  19.7  14.3 
1985  13.5  17.1  22.7  27.1  32.3  33.5  30.9  31.3  30.5  24.5  20.3  15.6 
1986  13.1  15.7  20.5  26.5  29.7  33.7  30.5  31.1  29.6  25.5  20.5  13.9 
1987  14.4  17.1  21.0  27.6  27.3  33.6  33.6  32.5  32.3  26.5  20.6  15.5 
1988  14.8  17.6  20.5  29.1  34.7  34.7  31.3  30.5  29.8  25.8  20.5  15.3 
1989  12.9  15.3  20.5  25.9  31.9  33.7  31.7  29.9  30.2  26.1  20.1  14.9 
1990  15.0  15.5  19.2  26.3  32.3  33.9  31.1  30.3  29.9  24.7  20.7  15.1 
1991  13.4  15.7  20.2  24.7  30.5  32.9  32.9  30.4  30.4  25.0  19.8  15.5 
1992  14.3  15.6  20.6  26.2  30.4  33.6  31.1  30.6  29.6  26.6  20.2  17.5 
1993  10.0  18.2  19.6  27.3  33.6  34.3  30.8  33.1  29.6  26.2  21.0  15.8 
1994  14.1  15.9  23.0  26.0  32.8  35.1  31.7  30.5  28.8  25.0  20.7  15.1 
1995  12.7  16.0  20.1  25.2  33.1  35.1  31.5  29.3  30.1  26.7  20.5  15.1 
1996  13.7  17.0  22.1  28.1  31.3  31.2  31.1  29.4  29.5  25.3  20.0  15.1 
1997  13.3  16.5  21.0  25.1  29.3  31.7  31.2  29.8  30.5  22.9  19.0  12.9 
1998  13.5  16.6  19.9  27.7  32.9  34.3  31.4  31.3  29.7  26.5  21.0  14.7 
1999  12.7  17.3  21.7  30.0  32.8  32.2  31.9  31.1  31.1  27.1  21.3  15.8 
2000  13.1  15.1  21.1  29.8  34.1  32.9  30.4  31.1  29.9  27.7  20.9  15.9 
2001  11.9  17.5  22.4  27.4  33.2  31.5  30.3  32.2  30.3  27.3  21.1  16.1 
2002  13.7  16.6  22.7  29.2  34.2  33.1  33.4  31.6  28.3  26.3  21.3  16.4 
2003  11.2  16.5  21.1  29.4  31.6  34.2  31.2  30.9  30.2  25.9  19.7  15.7 
2004  13.8  18.0  25.3  29.8  32.5  31.9  32.2  32.1  30.8  24.7  20.9  16.3 
2005  13.4  15.3  21.6  27.4  31.1  35.0  30.8  31.7  29.4  26.3  20.2  14.1 
2006  14.2  14.1  21.7  29.5  33.9  32.8  31.6  30.6  29.3  27.4  20.7  15.0 
2007  14.1  16.6  21.2  30.9  32.8  33.5  31.9  31.4  29.7  26.1  20.7  14.7 
2008  12.6  15.9  25.0  27.8  31.5  31.6  32.0  29.9  29.3  27.1  21.0  16.2 
2009  15.3  18.2  23.0  28.1  33.1  34.5  32.1  31.6  30.5  26.5  19.5  15.6 
2010  12.4  18.0  25.6  31.7  33.9  33.6  31.5  30.6  28.9  27.1  20.5  14.3 
2011  12.2  16.5  22.9  27.1  34.2 -99.0 -99.0 -99.0 -99.0 -99.0 -99.0 -99.0 
