Number= 416610
Name= QUETTA CANTONMENT
Country= PAKISTAN
Lat=   30.2
Long=  -67.0
Height= 1673
Start year= 1951
End year= 1960
First Good year= 1951
Source ID= 10
Source file= Jones
Jones data to= 1960
Normals= -99.0 -99.0 -99.0 -99.0 -99.0 -99.0 -99.0 -99.0 -99.0 -99.0 -99.0 -99.0 
Obs:
1951   4.2   4.3   9.3  13.8  20.1  21.1  25.5  24.2  20.8  18.1   9.9   7.1 
1952   3.7   7.6  11.4  16.8  20.4  25.2  26.9  24.4  19.5  13.2   8.9   4.2 
1953   4.1   8.8  13.1  16.1  20.6  25.2  27.7  25.2  20.6  13.4   9.9   9.1 
1954   4.2   6.1  11.1  16.3  21.3  23.8  25.7  24.2  19.8  11.9   9.5   5.3 
1955   4.4   7.5  13.1  14.7  18.8  22.9  27.3  26.7  21.6  12.9   9.3   6.8 
1956   4.2   6.4  11.4  15.8  22.2  23.6  24.8  23.8  21.3  13.5   8.2   5.6 
1957   2.8   6.8  10.3  13.3  18.4  22.9  25.2  24.2  17.6  14.1  10.0   6.3 
1958   6.4   5.9 -99.0  18.1  19.5  23.9  26.9  25.4  22.8 -99.0   8.4   7.5 
1959   3.6   5.6  12.4  16.2  20.1  25.6  26.1  26.9  24.4  16.5   9.4   4.6 
1960   5.2  10.4   9.2  13.7  19.5  25.5  26.6  26.7  20.6  13.9   8.4   4.5 
