Number= 416600
Name= QUETTA
Country= PAKISTAN
Lat=   30.3
Long=  -66.9
Height= 1600
Start year= 1947
End year= 2011
First Good year= 1947
Source ID= 30
Source file= Jones+Anders
Jones data to= 2001
Normals source= Data
Normals source start year= 1961
Normals source end year= 1990
Normals=   3.5   6.0  11.1  16.6  20.9  25.6  27.8  26.3  21.2  14.4   9.0   5.2 
Standard deviations source= Data
Standard deviations source start year= 1947
Standard deviations source end year= 1990
Standard deviations=   1.5   2.0   1.7   1.6   1.4   1.6   1.0   1.2   1.5   1.7   1.7   1.6 
Obs:
1947 -99.0 -99.0 -99.0 -99.0 -99.0 -99.0 -99.0 -99.0  23.7  17.1  13.8   6.8 
1948   5.8   6.8  12.2  19.0  24.5  26.2  29.2  26.9  21.1  14.6   7.3   6.3 
1949   3.0   7.0  14.7  17.3  22.0  23.5  27.7  24.2  20.9  12.5   5.8   5.0 
1950   4.3   3.1   7.4  13.1  19.8  23.0  28.3  25.8  18.9  14.3   6.3   0.5 
1951   4.0   4.1   9.2  14.1  20.6  21.8  26.2  24.8  21.5  18.4   9.5   6.4 
1952   4.0   7.5  11.1  16.7  19.7  25.7  28.1  24.8  19.4  13.0   8.5   3.7 
1953   4.0   8.7  12.8  16.2  21.0  25.4  28.7  25.9  21.0  13.5   9.9   8.5 
1954   4.2   6.2  10.6  15.8  20.3  23.9  26.2  24.6  20.0  12.2   9.4   4.7 
1955   4.5   7.4  12.3  14.3  18.8  22.4  27.5  27.8  21.5  13.0   9.1   6.9 
1956   4.8   6.0  10.9  15.3  21.2  23.3  26.0  24.7  22.0  13.8   8.1   5.2 
1957   3.6   4.6   9.9  13.3  18.6  23.4  25.9  24.4  17.4  13.8  10.0   6.4 
1958   6.0   5.1  11.9  17.7  18.8  24.2  28.0  26.3  21.8  14.8   8.5   6.8 
1959   3.6   4.8  12.3  16.8  20.6  25.6  26.3  27.8  24.7  16.2   9.2   4.1 
1960   4.2   8.8   9.2  13.7  19.3  25.5  27.3  26.6  20.4  13.4   8.2   3.5 
1961   4.0   4.2  12.1  14.2  20.1  25.1  27.6  26.5  23.7  12.7   7.4   5.0 
1962   3.1   8.7  10.9  16.6  20.4  24.4  27.5  25.7  19.5  13.1   6.7   3.7 
1963   0.4   9.1  12.0  16.8  20.1  26.2  27.5  27.1  20.9  16.3  10.4   5.2 
1964   0.5   7.4  13.1  16.2  20.2  24.4  28.1  27.9  20.5  10.7   6.4   1.4 
1965   6.3   6.2  10.5  13.6  19.8  23.7  27.9 -99.0 -99.0 -99.0 -99.0 -99.0 
1966 -99.0   9.3  10.6  14.7  19.7  26.8  26.7  25.6  20.8  15.1   4.8   3.0 
1967   1.7   8.7  11.9  17.5  19.3  24.6  28.6  26.4  22.4  14.4  11.1   4.3 
1968   3.2   3.9  11.3  15.8  18.5  24.2  26.1  24.5  18.9  13.9   6.9   5.6 
1969   3.6   4.5  13.9  17.1  21.0  28.1  28.3  25.9  19.5  13.2   9.3   5.7 
1970   3.7   6.2   9.3  17.7  21.9  26.3  27.4 -99.0  22.3  15.5   8.3   4.9 
1971   1.2   6.1  12.4  18.7  22.9  27.6  27.2  27.2  19.2  12.6   9.7   6.3 
1972   2.9   0.5  10.6  15.1  19.9  24.8  25.7  23.1  19.1  13.1   9.9   4.3 
1973   1.4   7.7  11.4  17.5  22.9  27.4  27.3  27.1  21.6  13.6   8.6   3.9 
1974   2.6   2.4  12.8  17.3  20.4  24.1  28.3  24.9  20.9  10.0   7.3 -99.0 
1975   2.5   5.0   9.1  15.4  20.6  25.2 -99.0  26.5  21.7  14.1   7.7   4.9 
1976   5.5   5.9   8.5  15.1  20.5 -99.0  28.5  26.1  21.5  16.7   7.3   3.3 
1977   2.9   6.1  13.5  17.0  20.8  26.5  29.1  26.3  19.9  17.0  11.1   7.1 
1978   2.7   6.0   8.9  18.3  21.4  26.8  26.1  25.3  20.7  14.1   9.7   6.3 
1979   3.9   5.9   8.5  17.8  18.3  25.4  28.3  25.1  20.4  16.1   7.3   5.1 
1980   3.5   6.6   9.9  17.9  21.1  21.1  28.1  26.5  21.1  16.5   9.9   6.5 
1981   4.7   7.1  11.4  17.4  21.7  24.1  28.3  26.3  21.7  13.5   8.6   6.5 
1982   3.7   4.3   7.8  16.1  20.6  24.1  26.8  26.7  19.8  16.3  10.1   4.7 
1983   4.3   4.9   8.6  13.3  21.9  25.9  28.3  26.9  24.1  14.4   9.6   3.9 
1984   1.9   2.7  12.9  18.2  22.0  27.1  28.1  28.3  21.7  12.7  11.2   5.2 
1985   5.7   8.3  12.8  17.2  21.5  26.0  28.7  25.9  20.7  14.6   9.9   5.7 
1986   3.1   5.6   9.7  17.5  21.5  26.5  27.0  25.5  20.4  16.5  10.1   4.8 
1987   5.9   7.5  14.1  17.6  21.9  24.7  27.1  26.4  22.9  15.1  10.2   6.9 
1988   5.8   8.5  11.6  19.2  23.5  27.5  29.8  27.4  23.2  15.3  11.0   8.3 
1989   3.3   4.1  11.3  15.1  19.3  26.7  28.1  26.7  21.9  15.7  11.1   6.6 
1990   6.7   6.6  10.5  17.2  23.5  26.7  28.9  28.7  23.5  15.3  10.7   5.4 
1991   5.4   5.9  11.1  15.9  22.7  26.1  28.6  27.2  22.1  14.7  10.3   8.6 
1992   6.0   7.1   9.4  14.9  20.2  26.0  27.6  25.7  20.9  15.2  11.6   8.5 
1993   4.3   9.7  10.3  17.6  23.1  26.3  28.4  25.8  22.8  13.4  12.1   7.6 
1994   5.0   6.4  13.4  16.2  22.5  27.7  28.8  28.8  19.4  14.9  13.1   5.7 
1995   4.5   6.7   9.7  16.6  21.7  26.2  28.8  28.5  21.6  16.9  10.3   5.3 
1996   3.2   7.5  12.1  16.7  20.3  26.5  27.7  26.7  23.8  15.7   7.7   5.1 
1997   4.3   7.1  11.5  15.5  19.7  26.9  29.7  27.6  22.2  16.3  10.1   5.9 
1998   5.1   4.7  10.9  19.0  22.7  25.7  29.5  28.1  23.0  16.7  10.1   8.9 
1999   5.3   7.7  12.9  18.1  23.1  27.0  28.5  26.7  23.7  16.9  12.0   6.0 
2000   5.5   5.7  11.2  19.9  26.2  26.2  28.2  27.3  23.0  16.9   9.9   7.4 
2001   3.8   6.6  11.7  19.3  26.1  28.2  30.2  27.0  22.3  16.9  11.3   8.7 
2002   6.0   7.3  12.7  19.2  24.5  27.5  28.0  28.1 -99.0  16.7  10.7 -99.0 
2003   5.9   8.6  12.7  18.9  20.7  27.2 -99.0  28.2  22.4  16.1   9.7   6.1 
2004   6.9   7.9  15.1  19.8  23.5  27.6  28.4  27.7  22.5  14.6  12.8   7.4 
2005   3.4   6.0  13.1  16.7  21.3  27.4  29.9  27.5  24.8  17.6  10.5  13.1 
2006   4.9   5.4  12.2  13.1  27.2  27.7  30.5  27.2  23.2  20.0  12.0   6.1 
2007   4.4   8.5  12.4  20.6  23.9  27.4  29.5  27.6  22.7  14.7  12.4   5.4 
2008   1.9   4.8  15.0  18.7  24.7  29.6  30.3  27.1  23.7  18.6  10.5   8.0 
2009   5.5   9.3  14.4  17.3  24.6  25.8  29.6  29.6  24.1  15.7  11.6   6.4 
2010   6.9   8.6  16.2  20.8  24.6  27.9  29.4  27.6  22.3  18.4   9.9   4.0 
2011   4.6   7.0  13.2  17.9  25.8 -99.0 -99.0 -99.0 -99.0 -99.0 -99.0 -99.0 
