Number= 750090
Name= WARRENTON-----------
Country= USA---------
Lat=   33.4
Long=   82.7
Height= 155
Start year= 1884
End year= 1990
First Good year= 1884
Source ID= 30
Source file= New
Normals source= Data
Normals source start year= 1961
Normals source end year= 1990
Normals=   6.4   8.4  12.1  16.1  20.6  24.1  25.9  25.5  22.9  17.1  12.2   8.0 
Standard deviations source= Data
Standard deviations source start year= 1941
Standard deviations source end year= 1990
Standard deviations=   2.5   2.2   2.0   1.2   1.2   1.2   1.0   0.9   1.2   1.8   1.6   2.1 
Obs:
1884 -99.0 -99.0 -99.0 -99.0 -99.0  23.7  27.9  26.5  26.5  22.7 -99.0 -99.0 
1885 -99.0 -99.0 -99.0 -99.0  20.3  25.9  27.8  26.9  23.7  15.9 -99.0 -99.0 
1886 -99.0 -99.0 -99.0  18.2  21.5  24.6  25.9  26.1  24.8  17.3 -99.0 -99.0 
1887 -99.0 -99.0 -99.0 -99.0  22.2  25.6  27.3  25.8  23.1  16.9 -99.0 -99.0 
1888 -99.0 -99.0 -99.0  18.0  21.3  25.8  27.5  27.0  22.7  19.5 -99.0 -99.0 
1889 -99.0 -99.0 -99.0 -99.0  22.2  24.9  27.0  24.6  23.4  17.4  13.1 -99.0 
1890 -99.0 -99.0 -99.0 -99.0  21.1  27.2  27.0  25.4  23.8  17.5  14.9 -99.0 
1891 -99.0 -99.0 -99.0 -99.0  20.2  26.8  26.1  25.8  23.6  16.4  12.2 -99.0 
1892 -99.0 -99.0 -99.0 -99.0  21.9  25.6  25.9  26.5  22.5  17.8  12.2 -99.0 
1893 -99.0 -99.0 -99.0  18.1  21.2  25.1  28.6  25.7  24.3  18.4  12.5 -99.0 
1894 -99.0 -99.0 -99.0  18.2  20.2  25.9  26.4  26.1  23.8  17.4  11.0   7.7 
1895   6.0 -99.0  10.2  17.7  19.7  25.6  26.1  26.0  25.6  16.0 -99.0 -99.0 
1896 -99.0 -99.0 -99.0 -99.0  24.4  25.8  27.4 -99.0  25.0 -99.0 -99.0 -99.0 
1897 -99.0 -99.0 -99.0  17.8  20.6  27.5  27.6  25.8  24.0  19.5 -99.0 -99.0 
1898 -99.0 -99.0 -99.0  16.3  23.7  27.3  27.1  26.3  24.3  17.8 -99.0 -99.0 
1899 -99.0 -99.0 -99.0  18.5  23.6  27.4  27.8  27.9  23.4  18.3 -99.0 -99.0 
1900 -99.0 -99.0 -99.0 -99.0  21.4  25.3  27.9 -99.0  26.0  21.0 -99.0 -99.0 
1901 -99.0 -99.0 -99.0 -99.0  22.4  25.8  28.1  26.6  23.1  17.3  10.0   6.1 
1902   7.0   5.0  12.2  15.0  23.8  26.2  28.2  26.8  22.9  18.1  15.6   8.1 
1903   5.8   8.9  16.2  15.3  20.8  23.6  27.4  27.5  23.3  17.4  10.9   4.9 
1904   5.7   8.1  12.6  14.7  21.1  25.1  27.1  25.9  25.7  19.8  13.6   9.5 
1905   6.5   5.0  15.0  16.9  22.9  25.6  26.4  25.2  25.5  17.9  12.1   5.2 
1906   6.6   6.2 -99.0 -99.0  20.0  25.1  24.8  26.3  24.8  16.4  13.2   9.4 
1907  12.6   9.3  16.2  12.4  19.7  23.7  26.9  26.0  23.9  17.6  12.1   8.2 
1908   7.3   6.3  16.1  18.0  21.1  24.0  25.8  25.4  22.6  17.0  15.0  11.5 
1909  10.0  11.2  11.6  16.4  19.9  25.2  25.2  25.7  23.1  17.7  16.5   6.1 
1910   7.2   6.4  14.6  15.7  20.0  23.9  26.1  25.9  24.7  19.3  11.3   5.8 
1911  10.6  12.2  13.3  16.8  23.4  28.2  26.7  26.5  27.5  21.1 -99.0  10.0 
1912   5.3   6.3  11.8  17.8  22.1  24.2  26.9  27.2  25.3  18.8  12.4   9.7 
1913  12.1  10.2  13.1  16.3  22.1  25.2  28.4  26.5  23.2  18.7  13.8   9.6 
1914   8.8   7.7  10.2 -99.0  22.7  28.1  26.8  26.0  22.0  17.8  11.1   6.6 
1915   7.3   8.9   8.2  18.0  23.4  24.9  27.0  26.0  24.2  19.6  13.4   6.8 
1916  11.3   9.5  11.2  15.6  23.1  24.8  25.2  26.0  22.9  18.4  12.7   8.0 
1917  10.1   8.7  12.6  18.0  18.7  25.0  26.7  25.6  22.4  15.4  10.8   3.3 
1918   3.0  11.4  15.4  15.5  22.0  25.4  25.1  25.9  21.4  20.5  12.5  10.7 
1919   8.6   9.2  14.0  16.9  21.3  24.9  26.0  25.4  23.8  24.1  14.8   8.8 
1920   8.9   7.4  11.2  16.3  19.8  25.3  25.9  25.6  24.9  18.3  11.7   8.1 
1921   8.6  10.0  16.6  16.2  19.7  26.4  25.9  25.3  27.6  16.9  14.0  10.4 
1922   7.0  12.1  12.3  17.3  20.8  25.5  26.3  24.9  24.1  18.3  13.0  11.0 
1923   9.8   8.1  12.6  15.9  19.1  24.3  25.8  26.1  24.5  17.6  10.6  12.0 
1924   5.9   7.0   9.7  15.7  19.1  25.9  26.6  27.3  21.3  16.5  12.7   9.0 
1925   7.4  11.2  12.9  18.4  20.3  26.4  27.3  27.1  28.8  17.9  11.1   7.3 
1926   6.9  10.1   8.0  15.2  20.9  25.0  26.3  26.6  25.7  18.7  10.4   9.9 
1927   7.8  13.3  12.9  17.8  21.7  24.1  25.7  24.8  24.7  19.2  14.6   8.2 
1928   7.3   8.0  11.9  14.9  19.4  24.1  26.2  25.8  22.6  19.1  12.0   8.2 
1929   9.0   8.1  14.0  17.8  20.7  23.9  25.8  25.9  23.2  16.5  12.7   7.4 
1930   8.2  11.4   9.3  17.3  22.2  24.4  27.5  25.2  25.2  16.1  11.0   5.6 
1931   6.5   8.7   8.5  15.1  19.1  26.4  27.8  25.3  26.0  19.1  15.1  11.9 
1932  12.5  12.7  10.2  16.4  20.4  25.3  27.9  26.1  23.8  17.7  10.4  10.0 
1933  10.7   9.0  12.0  15.7  23.3  25.9  25.8  26.2  25.6  18.0  11.5  12.3 
1934   8.9   5.8  10.5  16.4  20.1  26.0  27.5  26.6  24.6  17.9  13.2   6.5 
1935   7.8   7.9  14.7  16.5  21.5  25.2  26.3  26.2  23.2  18.3  13.5   3.8 
1936   5.4   6.5  13.7  15.2  22.3  25.4  27.3  26.2  24.4  19.1  11.2   9.5 
1937  12.9   8.7  10.6  15.3  21.4  26.1  26.1  25.7  22.0  16.2  10.0   7.3 
1938   7.8  11.7  15.0  16.1  21.4  23.8  25.1  26.8  23.3  17.4  13.5   7.8 
1939   9.0  11.6  13.4  15.9  20.2  26.1  26.2  24.8  24.1  18.6  10.2   8.2 
1940   1.2   7.5  10.3  15.2  19.6  24.8  24.7  25.1  22.2  17.4  12.0   9.8 
1941   7.6   5.2   8.2  17.3  21.8  25.2  26.1  26.1  24.3  21.1  12.1   9.3 
1942   7.0   5.7  11.4  16.9  20.4  25.3  26.4  24.9  23.4  17.8  13.5   8.0 
1943   8.9   9.2  10.5  15.9  21.5  26.5  25.9  26.3  21.9  16.5  11.2   7.9 
1944   7.0  11.2  11.7  15.7  21.4  26.5  25.3 -99.0 -99.0  17.2  11.0   5.9 
1945   7.1  10.2  16.5  18.0  19.1  25.6 -99.0 -99.0  25.1  16.7  13.0   4.8 
1946   8.5  10.1  15.0  17.2  20.1  24.3  25.4  25.1  22.3  17.6  15.1  10.3 
1947   9.4   5.2   7.5  18.0  20.4  23.8  24.1  25.0  23.2  19.2  10.0   7.5 
1948   4.4   9.0  13.6  18.1  20.7  25.2  25.6  24.2  21.7  15.1  13.9   8.9 
1949  11.3  11.2  10.7  14.2  20.7  23.9  26.5  25.2  22.4  20.1  11.2   9.1 
1950  13.6  11.0  10.6  15.0  22.2  25.6  25.0  24.8  21.9  18.9   9.9   5.3 
1951   8.1   9.1  11.6  15.2  20.1  25.1  26.4  26.8  23.9  18.9  10.3   9.3 
1952  11.0   9.8  11.2  15.3  21.5  27.4  28.2  25.8  22.3  15.4  12.2   7.3 
1953   9.3   9.7  12.5  15.0  22.4  25.1  26.0  25.4  22.6  17.9  11.0   7.7 
1954   8.5  11.1  11.7  18.4  17.8  25.4  27.3  27.5  25.5  18.0  10.5   7.0 
1955   6.8   9.7  13.2  17.8  21.9  22.5  25.9  26.1  23.4  16.6  11.2   6.9 
1956   6.4  11.0  11.4  15.2  21.6  24.8  26.2  26.4  21.9  17.6  11.3  12.9 
1957   8.9  13.3  10.6  17.8  21.0  24.8  25.6  25.3  23.8  15.2  12.9   8.3 
1958   4.3   4.5   9.4  16.2  20.9  24.7  25.7  26.1  24.3  16.3  14.5   6.9 
1959   7.4  10.2  10.4  17.2  22.1  24.5  26.3  26.6  23.1  18.5  12.2  10.1 
1960   7.7   7.5   5.9  17.3  19.4  24.5  26.4  26.1  24.1  18.8  12.6   5.8 
1961   5.4  10.6  13.4  14.3  19.7  23.6  26.0  25.2  24.1  18.2  15.8   9.5 
1962   8.7  12.9  11.2  15.1  24.3  24.8  26.8  25.4  23.1  18.5  12.1   6.4 
1963   5.3   6.1  13.3  17.2  20.3  23.6  24.6  26.0  21.6  17.4  11.8   4.1 
1964   6.2   6.0  11.4  16.2  20.2  25.4  24.0  24.2  22.3  15.0  13.7   9.7 
1965   8.3   8.9   9.9  16.3  22.1  22.5  25.0 -99.0  22.9  16.2  13.4   8.8 
1966   5.3   8.4   9.9  15.5  19.5  22.0  25.4  24.6  22.1  16.3  11.7   7.6 
1967   8.2   7.2  13.3 -99.0 -99.0  22.5  24.2  24.2  20.9  17.1  10.6  11.3 
1968   6.3   6.5  11.1  16.9  19.8  23.7  25.6  26.8  22.9  18.5  12.1   6.6 
1969   6.9   7.9   9.0  16.8  20.1  25.1  26.9  24.2  21.9  18.0  11.2   7.3 
1970 -99.0   8.1  12.4  17.7  21.6  23.8  25.8  25.5  25.5  19.1  10.3  10.2 
1971   7.2   8.4   8.9  15.3  19.7  24.5  25.5  24.5  23.7  19.4  11.2  12.9 
1972  10.3   7.2  11.7  15.8  19.0  21.6  25.0  25.5  24.2  17.2  11.7  10.5 
1973   7.0   7.0  13.9  14.7  19.0  24.4  26.2  25.1  24.8  18.4  13.4   7.7 
1974  13.9   9.6  14.6  16.3  21.8  23.1  25.4  25.1  21.8  15.2  11.1   8.0 
1975   9.7  10.9  11.3  16.1  22.3  24.6  24.8  26.0  22.7  19.0  12.2   7.2 
1976   5.1  12.2  14.4  17.1  18.7  23.4  25.3  24.8  21.4  14.4   8.6   5.5 
1977   0.8   7.2  13.6  17.8  21.8  25.2  27.4  25.3  23.7  15.3  12.9   7.1 
1978   2.9   4.4  10.5  16.6  20.2  25.2  26.2  25.5  24.5  16.4  14.8   8.0 
1979   4.5   6.4  12.4  16.5  20.1  22.7  24.5  25.3  22.0  16.1  12.9   7.6 
1980   7.3   5.3   9.8  15.6  20.0  23.5  27.5  26.8  25.3  15.4  10.1   7.3 
1981   4.3   8.2  10.1  18.0  18.8  25.7  26.6  23.1  22.0  15.5  11.6   5.4 
1982   4.4   9.9  13.3  15.1  21.5  24.3  25.3  25.4  22.5  17.7  12.9  11.2 
1983   4.6   7.9  12.0  14.1  20.9  23.1  27.6  27.6  22.0  17.6  10.9   6.0 
1984   5.1   9.6  12.8  14.9  20.2  25.2  25.6  26.0  22.8  21.2  10.3  11.8 
1985   4.1   8.9  13.9  17.9  21.4  25.2  26.1  26.1  23.0  20.2  16.6   5.8 
1986   5.7  11.5  13.0  17.0  22.0  26.2  28.8  25.7  23.4  18.0  14.7   8.3 
1987   5.9   7.9  12.0  15.1  22.4  25.0  26.8  27.9  23.7  14.2 -99.0   9.8 
1988   4.0   7.6  12.1  16.6  19.8  23.7  26.4  25.8  20.9  12.9  11.1   6.0 
1989   8.1   8.0  12.2  14.6  19.0 -99.0  25.9  25.3  22.1  17.2 -99.0   3.8 
1990  10.0  12.2  14.3  15.8  20.8  25.1  27.1  26.7  23.4  18.1  13.1   9.7 
