Number= 750032
Name= DAHLONEGA-2NW-------
Country= USA---------
Lat=   34.6
Long=   84.0
Height= 414
Start year= 1874
End year= 1996
First Good year= 1874
Source ID= 30
Source file= New
Normals source= Data
Normals source start year= 1961
Normals source end year= 1990
Normals=   3.2   5.2  10.0  14.4  18.5  22.2  24.2  23.7  19.7  14.0   9.4   5.1 
Standard deviations source= Data
Standard deviations source start year= 1941
Standard deviations source end year= 1990
Standard deviations=   2.6   2.2   2.0   1.4   1.4   1.1   0.9   0.9   1.3   1.6   1.8   2.1 
Obs:
1874 -99.0 -99.0 -99.0  17.2  20.0  25.7  25.7 -99.0 -99.0 -99.0 -99.0 -99.0 
1875 -99.0 -99.0 -99.0 -99.0 -99.0 -99.0 -99.0 -99.0 -99.0 -99.0 -99.0 -99.0 
1876 -99.0 -99.0 -99.0 -99.0 -99.0 -99.0 -99.0 -99.0 -99.0 -99.0 -99.0 -99.0 
1877 -99.0 -99.0 -99.0 -99.0 -99.0 -99.0 -99.0 -99.0 -99.0 -99.0 -99.0 -99.0 
1878 -99.0 -99.0 -99.0 -99.0 -99.0 -99.0 -99.0 -99.0 -99.0 -99.0 -99.0 -99.0 
1879 -99.0 -99.0 -99.0 -99.0 -99.0 -99.0 -99.0 -99.0 -99.0 -99.0 -99.0 -99.0 
1880 -99.0 -99.0 -99.0 -99.0 -99.0 -99.0 -99.0 -99.0 -99.0 -99.0 -99.0 -99.0 
1881 -99.0 -99.0 -99.0 -99.0 -99.0 -99.0 -99.0 -99.0 -99.0 -99.0 -99.0 -99.0 
1882 -99.0 -99.0 -99.0 -99.0 -99.0 -99.0 -99.0 -99.0 -99.0 -99.0 -99.0 -99.0 
1883 -99.0 -99.0 -99.0 -99.0 -99.0 -99.0 -99.0 -99.0 -99.0 -99.0 -99.0 -99.0 
1884 -99.0 -99.0 -99.0 -99.0 -99.0 -99.0 -99.0 -99.0 -99.0 -99.0 -99.0   5.5 
1885   3.5   2.6   7.1  14.9  15.8  24.3  22.1  23.3  20.6  12.6   9.1   5.0 
1886   3.5   4.1   9.2  16.3  19.8  22.9 -99.0 -99.0 -99.0 -99.0 -99.0 -99.0 
1887 -99.0 -99.0 -99.0 -99.0 -99.0 -99.0 -99.0 -99.0 -99.0 -99.0 -99.0 -99.0 
1888 -99.0 -99.0 -99.0 -99.0 -99.0 -99.0 -99.0 -99.0 -99.0 -99.0 -99.0 -99.0 
1889 -99.0 -99.0 -99.0 -99.0 -99.0 -99.0 -99.0 -99.0 -99.0 -99.0 -99.0 -99.0 
1890 -99.0 -99.0 -99.0 -99.0 -99.0 -99.0 -99.0 -99.0 -99.0 -99.0 -99.0 -99.0 
1891 -99.0 -99.0 -99.0 -99.0 -99.0 -99.0 -99.0 -99.0 -99.0 -99.0 -99.0 -99.0 
1892 -99.0   7.2   8.6  15.4  19.3  24.7  24.2  24.7  19.6  14.6   8.6   5.6 
1893   0.7   7.6  10.6  17.6  18.9  22.7 -99.0 -99.0  20.8  15.3   9.4   6.8 
1894   7.1   6.7  13.2  15.8  19.3  23.5  23.6  23.8  21.3  14.6   7.8   6.4 
1895   3.3   0.6   9.4  15.1  17.6  23.2  24.0  24.4  22.4  13.1 -99.0   4.7 
1896   3.9   6.1   9.2  18.0  21.9  22.8  24.1  25.6  21.4  14.3  11.8   5.2 
1897   2.4   6.8  11.4  14.6  18.6  24.5  24.7  23.5  21.5  16.8   9.9   5.3 
1898   5.7   4.1  12.7  12.4  20.6  24.3  24.8  24.0  20.6  13.9   7.3   4.5 
1899   3.9   2.1   9.6  14.4  20.8  24.2  24.0  24.8  19.1  15.4  10.1   3.2 
1900   3.2   2.6   8.9  15.3  17.8  19.7 -99.0 -99.0  21.2  15.9   8.2   3.3 
1901   3.3   2.1   8.1  11.4  20.0  24.0  26.1  23.3  19.6  14.4   6.9   3.3 
1902   3.7   2.2   9.5  13.8  21.6  24.3  26.9  24.6  19.1  15.4  11.9   4.5 
1903   2.9   5.8  12.2  12.8  18.9  20.0  24.4  24.7  20.0  14.7   7.6   3.0 
1904   2.6   5.1  10.6  12.2  18.4  22.9  23.3  22.8  20.9  14.7   9.0   5.2 
1905   2.3   1.7  13.1  15.0  19.8  22.7  24.1  23.4  21.7  15.0   8.5   4.1 
1906   5.5   5.6   7.3  15.5  18.5  22.3  22.6 -99.0  21.9  14.0   9.8   6.2 
1907   9.4   6.1  14.9  11.2  18.3  21.6  24.9  23.5  20.4  13.0   7.5   4.0 
1908   2.6   2.2  13.2  16.4  18.9  22.3  24.5  23.5  19.4  13.1  10.7   6.9 
1909   6.5   6.9   9.4  15.3  17.9  23.6  24.7  23.9  19.8  13.1  12.3   2.2 
1910   3.5   4.1  14.0  14.7  17.4  21.3  24.2  23.9  21.6  16.0   7.5   2.0 
1911   7.1   8.6  10.2  13.8  20.8  25.0  23.6  24.3  23.1  16.9   6.3 -99.0 
1912   1.7   3.0   8.5  15.1  19.0  21.3  23.8  23.3  22.0  15.4   7.5   5.9 
1913   7.5   5.6  10.1  13.7  19.6  23.3  25.5  24.3  18.8  13.3   9.2   5.9 
1914   5.0   4.3   7.7  15.2  19.9  25.6  24.8  23.9  19.8  14.8   8.3   3.8 
1915   3.7   5.7   5.4  16.3  20.4  22.4  24.2  22.9  20.9  15.6   9.7   3.8 
1916   7.9   5.0   8.9  13.6  20.6  21.8  23.5  24.1  19.4  14.5   9.4   4.6 
1917   6.6   4.8   9.9  16.0  15.9  21.7  24.0  23.0  19.4  11.5   8.1   0.5 
1918  -0.6   8.4  13.4  13.5  20.3  23.1  22.7  24.7  17.8  16.0   8.7   7.4 
1919   4.7   4.8  10.9  15.2  18.8  23.5  24.4  23.7  20.9  18.8  10.2   5.0 
1920   4.8   4.1   7.9  13.2  18.2  22.8  23.8  22.9  20.9  14.9   8.2   4.3 
1921   6.0   6.9  14.4  14.7  18.1  24.5  24.9  23.4  23.8  13.4  10.8   7.4 
1922   4.6   8.6  10.7  15.9  19.4  23.7  24.7  22.5  21.0  14.0  10.3   7.9 
1923   6.4   5.2  10.1  14.2  17.4  22.5  23.6  24.2  21.4  14.1   7.6   8.7 
1924   2.2   3.7   7.6  13.8  16.7  23.6  23.7  24.8  18.1  13.8   9.2   5.4 
1925   4.5   8.1  10.9  16.8  17.7  24.7  25.5  24.9  25.1  13.3   7.2   3.9 
1926   3.8   6.2   5.6  13.6  19.4  22.9  24.4  24.7  22.5  14.8   6.1   6.1 
1927   5.2  10.4  10.2  16.0  19.4  22.1  23.9  22.5  21.1  15.4  10.8   5.0 
1928   4.0   5.3   9.7  13.0  17.9  22.0  24.2  24.0  18.8  15.5   8.5   5.2 
1929   5.2   4.4  11.4  15.5  18.4  21.8  23.7  23.3  19.4  13.0   9.5   5.3 
1930   5.5   8.1   8.1  15.8  19.5  22.1  26.4  23.8  21.6  12.2   7.6   2.8 
1931   4.3   6.2   6.8  13.5  17.3  24.1  25.6  23.3  22.4  15.1  11.8   9.1 
1932   8.4   9.4   7.7  14.9  18.8  23.7  25.4  23.9  20.0  13.6   7.3   6.8 
1933   7.6   5.4   9.5  13.3  20.5  23.9  23.7  23.6  22.4  14.2   8.2   8.8 
1934   5.5   2.3   8.4  14.1  19.1  23.5  25.6  24.4  20.5  14.4   9.6   3.8 
1935   5.7   5.4  12.1  14.5  19.0  22.5  24.8  24.7  20.6  14.8  10.3   0.8 
1936   1.6   3.6  11.5  13.4  20.6  24.0  25.7  24.2  21.4  15.4   8.1   6.6 
1937   9.7   4.8   9.0  13.3  19.3  24.1  24.4  24.3  19.3  12.4   7.0   4.5 
1938   4.6   8.8  13.1  14.8  19.2  21.9  24.2  25.0  20.1  15.4  10.2   5.1 
1939   5.3   8.2  11.9  14.3  18.7  24.1  25.0  23.4  21.6  15.8   8.5   6.0 
1940  -1.6   4.6   8.8  14.1  17.7  22.9  23.3  23.8  19.1  15.1   8.8   7.4 
1941   5.3   3.4   7.0  15.7  19.8  23.1  24.4  24.6  21.8  18.0   9.0   7.1 
1942   4.0   2.9   9.9  16.0  19.3  24.1  25.0  23.3  19.7  15.0  10.2   4.7 
1943   5.7   5.9   8.6  13.7  19.8  24.5  23.5  25.1  18.6  12.6   8.2   4.9 
1944   4.6   8.0   9.4  13.8  19.2 -99.0 -99.0  23.5  21.3  14.7   8.5   3.0 
1945   4.0   7.1  14.6  16.2  16.9  22.7  24.4  23.5  21.7  13.4   8.9   1.4 
1946   4.5   6.2  12.4  15.5  17.5  22.6  23.8  23.6  19.4  14.3  12.2   7.2 
1947   6.6   1.9   5.4  16.2  18.5  22.1  22.8  25.1  21.7  16.7   7.3   5.3 
1948   1.4   7.2  11.8  16.3  19.1  22.9  24.6  23.3  19.7  13.5  11.1   7.4 
1949   9.9   9.3   9.9  13.6  19.7  23.0  25.2  23.6  18.8  17.3   7.7   5.9 
1950  10.1   7.3   7.8  12.9  20.1  22.9  23.5  22.8  19.0  16.3   6.2   2.5 
1951   4.4   6.2   9.9  13.7  18.6  23.3  24.9  25.6  21.0  16.0   5.9   5.5 
1952   7.7   7.1   8.9  14.5  19.7  25.7  26.7  23.9  19.3  12.5   8.7   4.4 
1953   5.8   6.6  10.8  13.9  21.0  24.7  24.6  24.2  19.8  15.3   9.1   4.5 
1954   5.3   7.7   9.1  17.2  16.2  23.2  25.9  25.3  22.6  15.3   6.7   3.7 
1955   4.0   5.8  10.6  17.0  20.4  20.7  25.0  24.9  21.7  13.6   8.2   3.9 
1956   3.8   7.6   9.8  14.6  20.2  22.9  24.4 -99.0 -99.0 -99.0   6.6   9.5 
1957   5.4  10.0   9.8  16.0  19.6  23.7  24.6  24.1  21.0  12.4   9.4   5.4 
1958   1.6   0.5   8.3  14.4  19.7  23.3  24.6  24.2  19.2  13.8  11.1   4.1 
1959   3.3   6.6   8.6  15.1  20.3  22.6  24.6  25.0  19.5  15.2   7.6   5.7 
1960   4.6   3.4   3.2  15.4  17.5  22.6  24.3  24.1  19.5  14.9   8.3   2.4 
1961   2.2   7.7  11.2  11.2  17.0  21.1  23.5  23.2  20.7  13.8  11.3   5.2 
1962   3.7   8.0   8.0  12.8  22.5  23.0  24.6  24.4  19.4  15.1   7.6   3.0 
1963   1.4   2.1  11.9  16.1  19.0  21.9  23.4  24.0  19.2  15.6   8.7   0.8 
1964   3.4   2.3   8.8  14.8  19.9  23.9  23.8  23.4  20.1  13.4  12.3   6.2 
1965   5.3   4.8   8.2  16.2  21.1  21.5  24.5  24.1  20.1  13.0  10.1   5.7 
1966   2.3   4.8   8.9  14.1  18.6  21.9  24.9  23.4  19.0  12.8   9.3   4.7 
1967   5.1   4.2  12.4  16.8  17.6  21.2  22.2  22.0  16.9  12.8   6.8   7.1 
1968   2.6   2.2   9.4  14.8  17.5  22.4  24.1  24.8  18.2  14.1   7.8   2.3 
1969   3.0   4.9   6.7  15.1  18.6  23.4  25.5  22.3  18.8 -99.0   7.9   3.3 
1970   0.2   4.6   9.2  15.7  19.4  21.8  24.3  23.9  22.1  15.1   7.1   6.7 
1971   3.6   4.2   7.1  14.5  17.5  23.6  23.1  23.1  20.7  16.9   8.4   9.2 
1972   6.2   4.2  10.2  14.4  17.6  20.5  23.6  23.8  20.9  13.1   7.9   7.4 
1973   4.2   4.2  12.5  12.4  16.9  22.8  24.4  23.3  21.2  15.3  10.6   4.9 
1974   9.9   6.0  12.6  14.0  19.4  20.2  23.5  22.7  18.5  12.6   8.7   4.8 
1975   6.3   7.1   8.2  13.9  20.5  21.8  23.5  23.8  18.7  15.0   9.7   4.8 
1976   1.8   8.6  11.7  15.0  16.6  21.3  23.0  23.4  18.5  11.8   5.6   3.1 
1977  -2.3   4.1  11.5  16.5  19.6  22.9  25.3  24.2  21.0  12.4  10.4   5.1 
1978  -0.7   1.5   8.3  15.2  17.9  22.8  24.5  23.7  20.9  13.4  11.8 -99.0 
1979   1.7   3.0  11.0  14.8  18.5  21.1  22.7  23.6  19.4  13.1   9.9   5.6 
1980   5.3   2.7   8.2  13.9  18.5  22.3  25.8  25.0  21.5  12.7   8.1   4.8 
1981   1.4   4.8   8.6  16.7  16.7  24.1  25.1  22.1  17.8  12.4   8.8   3.0 
1982   1.4   6.8  10.9  12.3  19.6  22.0  24.4  22.4  18.2  14.0   9.1   7.8 
1983   2.8   5.1   9.6  11.4  17.6  20.5  24.8  25.0  18.6  14.4  10.0   2.9 
1984   2.9   6.4   9.2  12.6  17.2  23.0  23.1  23.4  18.5  17.4   7.3   9.9 
1985   0.6   5.2  11.6  15.8  18.2  21.9  23.5  23.0  18.5  16.8  14.3   2.9 
1986   3.1   7.6  10.3  16.3  18.6  23.4  26.4  23.8  20.2  15.0 -99.0   6.1 
1987   3.9   6.3  10.1  12.9  21.1  23.7  25.3  25.2  20.4  11.5  11.0   6.9 
1988   1.6   5.3  10.0  14.9  17.8  22.8  23.7  25.1  20.3  12.2  10.1   5.5 
1989   7.1   7.1  11.8  13.9  16.7  21.9  24.1  23.8  20.4  15.2   9.6   1.6 
1990   7.3   9.8  11.9  13.9  18.3  22.4  24.4  24.7  21.0  15.4  12.1   7.8 
1991   5.2   7.1  11.1  15.6 -99.0 -99.0  24.3 -99.0  20.0  14.3   7.7   6.8 
1992   5.1   7.9   9.2  13.4  16.6  20.1  23.5  21.4  20.1  13.1   8.8   4.8 
1993   7.0   4.8   7.3  11.6  17.6 -99.0  25.6  23.7  20.6  13.5   7.8   3.9 
1994   1.0   6.1   9.0  14.1  15.9  22.3  22.6  22.0  18.9  13.9  10.5   6.8 
1995   4.3   3.8  10.6  13.6  17.9  20.4  24.3  24.3  19.2  13.9   6.5   3.8 
1996   2.2   4.4   5.8  11.8  18.7  21.2  23.0  22.4  19.1  13.7   7.2 -99.0 
