Number= 750050
Name= PASO-ROBLES---------
Country= USA---------
Lat=   35.6
Long=  120.7
Height= 213
Start year= 1894
End year= 1996
First Good year= 1894
Source ID= 30
Source file= New
Normals source= Data
Normals source start year= 1961
Normals source end year= 1990
Normals=   8.2  10.3  11.6  13.4  16.4  19.5  22.0  21.9  19.8  16.3  11.1   7.9 
Standard deviations source= Data
Standard deviations source start year= 1941
Standard deviations source end year= 1990
Standard deviations=   1.5   1.5   1.4   1.5   1.2   1.3   1.2   1.1   1.3   1.2   1.0   1.4 
Obs:
1894   5.5   7.6   9.7  14.4  16.1  17.2  21.5  22.6  19.0  14.3  12.4   7.7 
1895   7.2   9.7  10.8  12.8  16.2  18.9  21.4  20.2  17.4  16.8   8.2   5.2 
1896   7.8   8.9  10.9 -99.0  14.4  20.2  26.0  24.3  20.1  17.2  10.2   7.2 
1897   7.8   8.9   8.7  14.7  16.3  18.7  20.8  21.1  19.3  14.6  10.8   7.8 
1898   7.2  11.9   9.4  13.1  15.1  18.7 -99.0  18.3  18.9  16.5  10.0   8.5 
1899  10.8  11.1  11.1  13.3  13.7  19.1  20.4  17.7  20.9  15.0  12.4   9.8 
1900  11.2  11.5  13.8  11.7  17.9  19.4  20.3  18.6  17.4  15.5  13.4   8.9 
1901   9.4  11.9  11.3  11.9  15.8  18.4  22.3  21.5  17.3  17.3  12.5   8.1 
1902   7.9  10.9   8.1  11.4  13.9  18.5  19.7  17.8  19.2  13.7   7.8   7.2 
1903   8.4   6.8   9.1  11.1  15.3  19.2  18.5  20.1 -99.0 -99.0 -99.0 -99.0 
1904   7.9  10.2 -99.0 -99.0 -99.0 -99.0 -99.0 -99.0 -99.0 -99.0 -99.0 -99.0 
1905 -99.0 -99.0 -99.0 -99.0 -99.0 -99.0 -99.0 -99.0 -99.0 -99.0 -99.0 -99.0 
1906 -99.0 -99.0   9.4  13.6  16.2  18.2  23.5  18.3  18.9  17.1  10.3  10.7 
1907   7.3  11.5   9.8  14.3  14.3  14.9 -99.0 -99.0 -99.0  14.8   9.9   9.9 
1908   9.8   9.4  14.2  14.8 -99.0 -99.0 -99.0 -99.0 -99.0 -99.0 -99.0 -99.0 
1909 -99.0 -99.0 -99.0 -99.0 -99.0 -99.0 -99.0  19.3  18.4  15.4 -99.0   7.8 
1910   7.4   9.2  12.4  14.4  16.6  16.9  19.3  18.2  18.3  15.7  10.7   9.3 
1911   9.6   8.2  12.1  11.3  13.5  16.3  20.1  18.2  17.3  14.1   9.3   6.5 
1912   9.6  11.8   9.2  10.2  15.0  17.3  18.5  18.2  18.3  12.9  10.5   5.7 
1913   6.8   9.7   9.7  12.3  15.0  16.5  20.1  21.2  19.9  14.8  11.4   7.9 
1914   9.9  10.9  12.8  13.1  14.8  17.1  19.2  18.4  17.5  14.8  12.3   7.9 
1915   8.5  10.1  12.6  13.0  13.8  18.3  19.4  21.5  17.9  15.8   9.9   9.2 
1916   5.9  12.0  12.2  13.7  14.1  17.0  20.7  20.3  20.0  13.1   7.9   6.6 
1917   5.8   8.9   9.0  12.4  13.0  19.9  23.2  20.1  20.5  16.7  11.0   9.3 
1918   7.8   8.4  11.3  14.1  13.0  21.0  20.2  20.3  18.8  16.4  10.1   6.8 
1919   7.5   8.8   9.1  13.2  16.0  18.7  20.6  20.5  18.9  12.7   9.7   8.9 
1920   9.1  10.1   9.3  11.8  15.5  17.8  20.8  20.9  18.3  13.1  10.1   8.2 
1921   7.6  10.5  11.9  12.2  13.4  19.9  21.5  20.8  17.5  15.8  11.5  10.0 
1922   6.1   8.4   9.1  11.2  15.9  19.3  21.0  20.6  21.3  14.1   8.4   9.1 
1923   7.6   9.2  10.8  11.7  15.6  15.7  19.9  21.1  19.7  14.7  12.1   7.6 
1924   8.1  12.5   9.6  12.5  17.0  19.5  18.7  20.0  18.6  12.3  10.9   8.3 
1925   9.2  11.4  11.4  12.6  15.4  19.2  21.5  18.6  16.4  13.5  10.2   9.8 
1926   8.4  11.2  12.5  14.7  17.0  20.1  21.6  21.1  17.0  16.1  13.7   8.0 
1927   9.1  11.0  10.2  12.7  16.0  18.4  21.1  20.3  17.3  16.3  11.7   8.4 
1928   9.1  10.8  12.9  13.7  17.0  19.9  20.3  20.1  20.0  14.7  10.7   8.1 
1929   7.0   8.1  10.3  11.1  15.6  19.5  20.8  22.7  18.7  16.4  11.9  11.2 
1930   8.5  12.0  11.6  14.2  13.9  19.0  20.6  21.5  16.2  14.8  10.7   7.8 
1931   9.0  11.2  12.8  15.1  18.4  18.4  24.4  22.0  18.6  15.8   9.0   7.4 
1932   6.6   8.3  11.5  12.0  15.6  18.0  21.0  20.3  20.2  15.2  12.9   5.6 
1933   5.2   7.9  10.6  12.2  13.9  18.5  22.5  22.2  18.0  18.3  12.2   8.4 
1934   9.0  10.9  15.3  16.2  17.7  16.2  21.2  21.2  19.5  14.7  11.4   7.8 
1935   7.0   9.5   8.2  12.9  15.2  19.5  20.0  21.1  20.4  14.3   8.8   8.4 
1936   8.8   8.9  12.1  13.6  16.5  19.5  22.7  21.7  19.8  16.7  11.4   7.1 
1937   3.5   8.0  10.5  12.1  16.2  19.4  22.2  21.9  20.2  16.6  11.8  10.1 
1938   9.4   9.4   9.7  12.8  15.7  18.2  21.6  20.8  20.4  15.2   9.9   9.8 
1939   8.6   7.2  10.6  15.4  16.5  18.6  21.6  21.9  20.6  15.5  11.9   9.9 
1940  10.3  10.8  12.9  14.4  17.9  20.7  22.2  21.5  18.1  16.6  10.5  11.0 
1941  10.0  11.6  12.7  11.9  17.3  18.1  21.4  20.7  17.3  14.5  12.8   9.2 
1942   9.1   8.0  10.1  13.4  15.7  18.9  22.5  21.2  18.7  16.8  12.3   9.0 
1943   8.6  10.9  13.3  15.0  17.3  17.2  20.3  19.8  19.9 -99.0  12.1   9.7 
1944   8.7   8.7  11.9  12.2  15.6  17.1  19.3  21.2  21.0  17.3  11.1   8.8 
1945   7.6   9.6   9.2  13.9  14.6  18.2  22.3  21.2  20.7  16.0  10.6   9.5 
1946   6.7   8.0  10.9  14.0  15.0  19.7  21.1  21.3  20.5  15.0   9.6   8.0 
1947   6.2  10.9  13.9  14.9  17.3  19.3  23.8  19.5  20.7  16.5   8.6   7.1 
1948   8.7   8.0   9.2  12.8  15.8  18.6  19.9  20.6  20.0  16.3  10.2   6.2 
1949   3.3   7.4  10.3  15.1  16.1  19.0  20.2  21.2  20.0  13.8  12.8   6.9 
1950   7.0  11.4  12.4  14.9  15.6  18.5  20.7  21.2  19.0  16.4  13.8  10.2 
1951   7.9   8.9  10.9  12.9  16.8  17.5  21.3  22.2  20.7  15.5  11.5   7.1 
1952   7.2   9.8   9.4  13.6  18.3  17.0  21.5  21.5  21.4  18.3  10.4   8.9 
1953  10.9   9.7  11.1  12.8  14.7  18.2  22.7  20.4  20.3  15.4  11.9   7.6 
1954   8.2  10.9  10.2  15.2  17.3  18.8  23.5  18.4  18.8  14.7  11.4   7.7 
1955   5.8   8.3  11.0  11.1  16.1  18.3  19.8  22.0  20.0  15.9  10.3  10.1 
1956   9.3   7.7  11.4  13.1  15.7  20.2  20.5  19.6  20.4  14.8  10.7   7.7 
1957   6.0  11.7  12.2  13.8  15.7  21.9  22.1  21.2  19.6  15.1  10.3   8.1 
1958   8.4  12.1   9.7  14.1  17.0  18.9  21.4  23.4  21.2  18.4  11.7  10.1 
1959   9.8   9.0  13.4  15.4  15.3  21.0  23.3  21.5  19.7  17.6  11.5   8.0 
1960   7.1   9.9  12.6  14.2  17.3  20.2  22.9  20.9  20.1  15.1  10.4   7.8 
1961   8.1  10.6  11.2  14.4  14.6  21.6  23.7  23.8  19.2  16.0  10.0   7.6 
1962   7.2   9.6  10.1  16.0  15.0  18.9  20.1  22.0  19.6  16.5  11.6   9.6 
1963   6.5  13.9  10.5  11.2  15.7  17.7  20.9  21.0  21.4  16.9  10.4   7.7 
1964   7.0   8.4   9.2  12.1  14.3  18.7  22.2  21.6  17.9  18.0   9.9  10.1 
1965   9.1   9.3  11.1  13.2  15.8  16.1  20.6  23.0  16.9  16.9  11.7   6.6 
1966   6.7   7.8  12.0  15.1  16.1  19.9  20.6  22.0  18.9  16.1  11.7   8.3 
1967   8.3  10.2  10.8   9.1  16.7  18.0  23.4  23.6  21.6  16.7  12.8   6.2 
1968   7.3  13.0  11.6  13.3  15.7  19.6  22.0  20.2  19.4  15.6  11.2   6.5 
1969   8.4   8.5  11.1  13.3  17.7  18.4  21.8  22.7  20.5  14.4  11.3   8.5 
1970   9.9  10.8  12.1  11.6  17.2  19.1  22.3  22.2  19.1  14.2  11.7   8.0 
1971   7.8   9.5  11.6  11.8  14.8  19.0  22.3  22.7  20.0  13.6   9.4   6.2 
1972   6.3  11.1  14.4  13.4  16.1  20.0  21.3  22.1  17.7  15.0   9.9   6.0 
1973   6.6  10.5   9.0  13.2  17.3  20.1 -99.0  20.8  18.7  15.4  10.0   8.6 
1974   8.9   8.9  11.4  12.9  15.6  19.9  22.5  21.1  20.7  16.3  10.6   7.7 
1975   7.9  10.0  10.4  10.5  16.3  18.0  20.8  20.4  20.9  14.9  10.2   7.9 
1976   8.0   9.9  11.2  11.9  17.1  19.3  22.3  20.4  20.3  17.0  12.2   7.5 
1977   7.8  10.9   9.2  13.5  14.1  20.3  21.9  23.1  18.9  16.9  11.7  11.5 
1978  10.2  10.6  13.6  12.2  17.0  20.1  22.2  21.8  19.6  17.9  10.2   5.8 
1979   7.6   9.0  11.7  13.6  17.4  20.9  22.6  21.3  22.3  17.1  11.5   9.1 
1980  11.0  12.1  11.0  13.8  15.3  19.0  22.8  21.3  19.4  17.5  11.7   9.7 
1981  10.6  11.9  12.0  14.6  17.7  22.8  21.2  22.7  20.4  14.5  12.3   9.6 
1982   7.0  11.4  10.7  13.1  16.7  17.4  21.5  22.8  19.6  16.2  10.0   8.1 
1983   9.1  11.2  12.2  11.9  17.6  19.7  21.0  22.9  21.8  18.0  11.9  10.2 
1984   9.5  10.3  13.5  13.2  20.3  19.9  23.4  23.1  23.0  15.1  10.5   7.2 
1985   7.4   9.9  10.1  16.3  16.4  20.6  24.5  21.5  17.7  15.6  10.2   8.3 
1986  11.2  11.9  14.0  13.9  17.3  19.7  20.5  22.5  16.5  16.2  12.0   8.4 
1987   6.7  10.4  11.5  16.1  17.8  19.6  20.1  19.8  20.9  18.5  10.9   7.1 
1988   8.1  10.4  13.1  14.5  16.5  19.4  23.5  21.6  20.1  17.3  11.5   7.6 
1989   7.6   9.1  13.8  16.3  17.2  20.0  23.6  20.5  20.1  16.6  12.1   8.1 
1990   8.4   8.1  13.0  16.0  15.4  21.7  23.2  22.5  21.4  17.5  10.9   4.7 
1991   8.8  12.9  10.2  14.2  15.9  17.9  22.1  21.8  22.2  19.2  12.5   7.9 
1992   8.0  12.2  13.0  16.9  18.8  19.0  22.9  23.7  20.8  17.6  11.8   7.2 
1993   8.9  10.1  14.5  14.7  17.2  21.0  19.4  21.5  20.0  17.1  10.7   8.3 
1994   8.8   9.1  12.8  14.3  16.6  20.9  20.3  23.1  19.8  15.3   7.9   7.4 
1995   9.9  12.2  12.1  13.2  15.4  18.8  21.9  22.3  20.9  16.9  14.0  10.3 
1996   9.6  11.9  12.8  15.1  17.3  20.2  23.2  22.6  18.6  15.6  11.8 -99.0 
