Number= 750060
Name= SACRAMENTO-CITY-----
Country= USA---------
Lat=   38.6
Long=  121.5
Height= 6
Start year= 1878
End year= 1996
First Good year= 1878
Source ID= 30
Source file= New
Normals source= Data
Normals source start year= 1961
Normals source end year= 1990
Normals=   7.3  10.6  12.1  14.6  18.4  21.7  24.0  23.7  21.8  17.8  11.5   7.3 
Standard deviations source= Data
Standard deviations source start year= 1941
Standard deviations source end year= 1990
Standard deviations=   1.5   1.2   1.3   1.7   1.4   1.4   1.0   1.0   1.2   1.2   1.1   1.5 
Obs:
1878   8.6  10.7  14.1  15.2  18.5  21.9  22.5  22.4  19.2  15.4  10.9   6.7 
1879   6.5  12.5  14.2  16.0  15.8  22.2  22.0  23.4  20.7  15.0   9.0   5.3 
1880   5.5   7.7   9.9  13.0  16.5  19.5  22.0  21.0  19.5  15.6   8.3   8.8 
1881   8.8  12.0  13.6  17.0  19.0  19.6  22.3  20.5  19.3  12.9   8.9   6.8 
1882   7.1   8.2  12.4  13.9  18.1  20.5  23.5  22.6  19.9  13.6   8.4   7.7 
1883   4.8   7.8  14.9  13.9  17.4  23.0  23.6  22.5  22.0  13.7   9.3   6.0 
1884   7.7   8.7  12.4  14.4  18.5  19.0  22.1  23.0  18.1  14.7  12.0   8.3 
1885   8.0  12.5  16.1  16.5  19.4  19.5  22.2  23.6  21.2  17.4  11.3   8.6 
1886   7.3  12.4  11.8  14.0  17.5  21.4  22.9  22.8  20.3  13.6   9.0   8.8 
1887   8.6   7.2  14.9  15.3  17.1  20.5  21.2  20.4  20.5  17.8  11.1   7.0 
1888   5.4  11.8  12.4  17.4  16.9  19.5  22.4  24.1  23.0  17.1  10.8   8.0 
1889   6.5  10.2  14.4  16.4  17.7  20.8  22.1  22.5  21.1  15.2  10.9   8.1 
1890   5.3   8.7  11.8  15.2  18.4  19.5  22.6  21.9  20.2  16.1  11.3   5.2 
1891   7.4   8.6  13.1  14.1  16.6  20.0  24.0  23.7  19.9  16.7  11.9   5.5 
1892   8.2  10.8  13.1  12.7  16.8  19.4  21.5  22.0  19.3  15.3  11.5   7.7 
1893   4.8   8.7  10.9  12.9  17.1  19.7  22.6  22.6  17.5  14.3  10.6   7.9 
1894   6.1   8.0  11.6  16.0  17.1  17.6  22.6  22.9  21.0  16.0  13.2   7.0 
1895   7.2  11.5  11.7  14.4  17.1  22.1  21.2  21.8  18.3  16.8  10.3   5.8 
1896   9.2  11.9  12.8  11.5  15.1  21.3  24.0  21.4  18.9  17.2  10.0   8.4 
1897   5.9   8.9   9.5  16.7  18.9  20.4  23.5  22.2  19.8  14.5   9.0   6.1 
1898   4.8  10.6  10.9  16.1  15.0  20.3  22.7  22.4  19.3  16.0  10.5   5.5 
1899   8.6  10.4  11.4  14.9  14.7  21.2  21.6  19.2  21.6  14.4  11.3   5.3 
1900   7.6  10.5  13.9  13.4  17.6  20.2  22.4  20.4  18.3  14.6  11.5   6.0 
1901   6.3   9.7  13.0  13.3  15.8  20.3  21.9  21.8  18.7  17.8  12.3   7.1 
1902   5.4  10.6  10.7  12.8  14.6  20.3  21.8  20.8  20.2  15.2   9.4   7.1 
1903   5.4   7.0  10.7  12.6  17.4  20.6  19.7  21.0  20.0  17.6  11.3   7.0 
1904   6.7   9.1  10.6  13.8  18.8  20.8  20.7  21.1  20.8  15.5  11.2   6.4 
1905   7.8  10.7  13.1  14.3  14.6  18.2  21.6  21.1  19.2  15.6  10.4   5.7 
1906   8.4  11.6  11.1  13.9  14.8  18.1  23.7  21.6  19.7  17.2  10.4   7.0 
1907   6.5  11.7  10.0  14.9  16.2  18.0  20.4  20.5  17.6  16.5  11.7   7.5 
1908   7.7   9.1  12.5  15.3  15.1  18.5  23.2  20.8  20.5  14.5  10.9   4.4 
1909   9.4   9.2  10.3  15.4  16.0  19.0  21.1  21.0  19.8  15.0  10.5   5.5 
1910   5.3   8.4  13.4  15.2  17.9  18.0  21.3  21.1  18.3  16.7  10.4   7.7 
1911   7.4   7.8  12.6  12.4  14.4  18.3  21.7  19.3  17.3  15.0  10.8   6.4 
1912   7.7  11.2  10.3  11.6  16.6  19.6  20.9  20.9  19.5  14.5   9.9   7.1 
1913   6.3   9.7  11.0  13.7  17.2  18.1  22.5  23.9  21.8  17.4  11.1   6.9 
1914   8.8  10.3  14.1  14.2  16.1  18.4  20.6  20.8  18.7  15.8  12.2   5.9 
1915   7.4  10.3  13.7  13.9  14.4  19.9  21.6  22.9  19.5  17.4  10.8   7.9 
1916   5.9  11.8  13.3  15.4  15.3  18.9  22.3  21.1  20.2  13.6   9.4   6.1 
1917   5.3   9.7  10.0  13.6  14.4  21.5  24.8  21.6  20.9  19.0  12.0   8.9 
1918   8.1   9.3  11.6  14.4  15.6  23.3  21.2  22.3  18.7  16.9   9.4   5.6 
1919   7.4   8.8  10.3  14.2  17.4  19.7  21.6  21.7  19.9  14.9  10.4   6.0 
1920   7.7   9.9  10.2  13.2  17.3  20.1  20.9  23.4  18.7  13.8   9.7   6.7 
1921   7.4  10.2  12.4  13.5  14.9  21.1  23.0  21.3  20.4  16.8  11.8   8.7 
1922   4.3   8.1  10.0  12.9  17.8  20.6  23.3  21.7  23.2  15.6   9.0   7.9 
1923   6.1   9.8  13.2  13.2  16.4  17.7  22.0  22.1  21.6  16.3  13.8   6.9 
1924   6.8  12.6  11.2  15.2  19.3  20.6  21.2  21.3  20.6  14.3  10.1   5.0 
1925   7.8  10.9  12.1  13.7  16.7  21.2  23.0  20.7  18.1  16.0  10.8   7.1 
1926   5.1  11.4  15.3  16.5  18.1  21.9  23.9  21.8  18.7  17.1  13.9   7.3 
1927   8.1  10.7  11.4  13.7  16.7  20.3  22.5  21.0  19.1  17.6  11.5   7.0 
1928   7.6  10.5  13.2  13.6  18.6  21.0  21.7  22.0  20.9  16.1  10.8   5.6 
1929   4.6   9.1  11.9  11.5  17.1  20.7  22.0  22.9  20.3  17.6  12.6   9.0 
1930   6.4  11.7  13.1  14.5  14.7  20.9  21.8  21.7  17.7  16.2  11.8   7.1 
1931   8.1  11.6  13.9  16.8  19.9  19.9  25.3  22.7  18.8  15.7   9.4   6.6 
1932   6.2   8.9  13.5  13.1  16.9  20.9  21.9  22.0  22.7  16.8  14.1   4.6 
1933   5.1   8.1  12.0  13.9  14.3  19.2  24.2  23.1  19.2  19.2  12.7   6.9 
1934   8.3  11.4  16.0  17.3  19.1  20.8  22.9  23.1  21.5  17.1  12.0   8.1 
1935   7.5   9.7   9.8  14.1  16.7  22.3  22.5  23.7  20.7  15.9   9.5   8.0 
1936   9.5  10.0  13.1  15.0  18.2  21.3  24.6  24.0  22.3  17.9  11.9   6.6 
1937   3.2   8.7  12.6  13.6  18.3  20.8  23.8  24.0  21.0  17.6  12.2   8.7 
1938   6.9   9.9  10.8  13.7  18.0  21.0  23.0  22.4  21.8  15.8  10.2   8.0 
1939   7.6   8.5  11.8  17.2  18.3  21.5  23.2  22.9  21.8  17.1  12.4   9.2 
1940   8.8  11.4  13.3  15.0  18.3  22.8  22.7  22.4  19.8  17.2  10.4   9.6 
1941   9.4  11.4  13.7  13.6  17.4  20.0  23.7  21.6  20.2  15.8  12.2   8.9 
1942   7.8   9.9  12.0  13.7  16.0  21.5  24.1  22.7  20.6  18.1  11.4   7.6 
1943   8.1  10.8  12.9  15.0  19.3  19.3  23.6  22.5  22.3  16.9  12.4   8.6 
1944   8.1   9.4  13.1  13.1  17.8  19.4  22.0  23.2  23.3  18.3  10.4   8.4 
1945   6.8  11.2  10.4  15.7  16.2  22.3  24.6  22.7  22.2  18.2  11.3   8.1 
1946   7.6   8.6  12.0  15.6  17.4  20.4  23.5  22.8  21.5  15.7  10.1   7.4 
1947   5.8  10.5  13.4  16.6  20.3  21.7  22.4  22.1  23.0  16.4  10.1   6.7 
1948   9.3   8.9  10.3  12.2  15.6  20.6  22.8  22.2  21.1  17.0  11.1   5.7 
1949   3.9   7.9  12.1  16.6  18.0  22.4  23.2  21.9  21.8  16.3  12.8   6.3 
1950   5.9  10.5  11.5  16.1  18.2  20.3  24.2  24.1  21.7  17.4  13.9  10.2 
1951   7.7  10.3  12.3  14.8  18.4  20.7  22.7  22.6  21.8  16.8  12.1   7.2 
1952   7.0   9.8  10.7  15.4  18.8  18.5  23.7  23.3  22.8  18.7  10.2   8.4 
1953  10.8  10.8  11.9  14.4  15.5  19.6  24.7  21.7  22.7  16.8  12.1   8.6 
1954   8.3   9.8  10.9  16.7  18.8  20.8  24.3  21.2  20.4  16.6  10.6   6.5 
1955   5.9   9.2  12.7  12.3  18.5  20.7  22.5  23.8  21.9  17.5  10.8   9.8 
1956   8.9   8.9  12.7  15.1  18.3  22.3  23.5  22.3  21.7  16.1  11.7   6.9 
1957   6.6  11.7  12.9  16.1  17.9  23.8  24.3  22.6  21.9  16.1  10.9   7.5 
1958   8.0  12.7  10.9  15.7  19.5  21.6  23.6  25.8  23.2  19.6  12.4  10.3 
1959   9.8  10.2  14.5  18.0  18.2  23.4  25.4  23.3  20.9  19.1  12.5   8.3 
1960   7.8  10.4  13.5  15.3  17.9  24.4  25.3  23.5  21.9  18.3  11.3   7.4 
1961   5.6  11.0  11.7  15.1  16.5  24.0  25.4  24.4  20.8  17.4  10.8   6.4 
1962   5.2   8.7  10.6  16.1  17.0  21.3  23.1  23.1  21.1  16.4  12.2   7.5 
1963   4.9  13.3  10.6  11.8  16.2  20.5  22.5  23.2  22.8  17.5  10.5   4.8 
1964   7.1   9.7  11.3  14.7  16.8  20.4  23.6  23.6  20.8  18.9   9.8   9.5 
1965   7.2   9.6  11.7  13.9  17.5  18.7  22.8  23.6  19.3  18.4  12.2   4.7 
1966   7.4   8.6  12.4  17.0  18.6  21.9  21.9  24.2  21.7  17.4  12.2   7.5 
1967   7.5   9.1  10.4   9.6  18.0  20.1  24.8  25.4  23.3  18.2  13.0   6.4 
1968   6.1  12.5  12.8  15.2  17.8  22.6  23.8  22.1  21.8  16.3  10.9   6.1 
1969   6.5   8.6  11.3  13.7  19.0  19.9  23.8  24.8  22.8  15.7  11.8   8.6 
1970   9.4  11.1  12.7  13.2  19.4  21.2  24.1  23.0  22.2  16.3  12.5   7.5 
1971   7.2   9.0  11.4  13.4  16.1  20.7  23.8  24.2  21.8  15.8  11.1   5.8 
1972   4.8  10.8  14.8  14.6  19.0  21.8  23.6  23.7  20.3  16.3   9.4   4.5 
1973   6.6  11.7  10.6  15.8  20.4  23.0  24.1  22.7  21.1  17.0  10.7   8.0 
1974   7.7   9.1  12.3  13.5  17.2  20.7  22.6  22.6  21.8  18.7  11.4   7.7 
1975   6.1   9.6  10.2  10.8  19.6  22.2  24.4  24.2  24.7  18.0  12.2   8.3 
1976   8.2  11.1  12.6  14.2  20.8  22.6  23.9  22.3  21.6  18.5  13.3   7.8 
1977   6.9  11.7  11.1  17.3  15.7  22.7  23.9  23.9  21.0  18.3  12.9  10.1 
1978  10.5  11.5  14.5  13.7  19.6  21.5  24.4  24.5  21.5  19.4  10.3   5.7 
1979   7.7   9.7  13.1  14.3  19.8  22.6  24.7  23.4  24.3  18.4  11.3   8.5 
1980   8.6  11.5  11.4  15.8  17.6  19.7  24.4  22.5  21.4  18.1  12.3   7.7 
1981   8.5  10.6  11.2  14.9  18.7  24.2  24.4  24.1  21.5  18.1 -99.0   9.5 
1982   5.9  10.7  10.9  13.6  18.6  19.4  22.8  22.5  20.7  16.8   8.7   6.4 
1983   6.2  11.3  11.9  12.6  17.9  21.6  22.4  24.8  23.9  19.7  12.0  10.5 
1984   9.0  10.1  14.5  14.8  21.1  22.1  25.7  24.1  24.2  17.1  12.0   7.3 
1985   5.8  10.8  10.5  16.4  17.4  23.9  25.0  22.8  20.3  17.4   9.9   5.9 
1986  10.8  12.6  14.9  14.7  18.7  22.0  23.9  24.0  19.0  18.2  13.1   7.6 
1987   7.2  10.7  12.1  17.1  20.6  22.5  22.1  23.9  22.1  19.8  11.9   8.5 
1988   8.9  12.4  14.4  16.1  18.1  22.7  26.9  24.4 -99.0  19.2  12.1   7.9 
1989   6.7 -99.0  13.1  17.4  18.8  22.1  24.6  23.2  20.9  16.9  12.4   6.9 
1990   8.6   9.2  13.0  17.5  18.6  22.5  25.4  24.8  23.3  19.2  11.7   5.0 
1991   8.5  12.8  10.6  14.5  17.4  21.2  25.0  22.9  23.8  20.4  13.3   8.0 
1992   6.5  12.3  13.4  16.7  21.5  21.7  24.0  25.0  22.5  19.2  11.9   6.7 
1993   7.3   9.7  14.4  14.6  18.1  22.1  23.5  23.4  22.0  18.3  11.0   6.8 
1994   8.3   9.3  13.7  15.6  18.5  22.0  23.3  24.0  22.1 -99.0   8.7   6.5 
1995  10.7  11.2  11.7  14.3  17.3  20.6  23.5  24.0  22.4 -99.0  15.1  10.6 
1996   9.0  12.4  13.7  16.1  19.5  23.0 -99.0 -99.0 -99.0 -99.0 -99.0 -99.0 
