Number= 750030
Name= ST-BERNARD----------
Country= USA---------
Lat=   34.2
Long=   86.8
Height= 243
Start year= 1907
End year= 1996
First Good year= 1907
Source ID= 30
Source file= New
Normals source= Data
Normals source start year= 1961
Normals source end year= 1990
Normals=   3.4   5.7  10.6  15.2  19.5  23.2  25.2  24.7  21.5  15.3  10.0   5.4 
Standard deviations source= Data
Standard deviations source start year= 1941
Standard deviations source end year= 1990
Standard deviations=   2.7   2.6   2.3   1.6   1.5   1.3   1.1   1.1   1.5   1.9   1.7   2.2 
Obs:
1907 -99.0 -99.0 -99.0 -99.0 -99.0 -99.0 -99.0 -99.0  23.3  15.8   8.8   4.7 
1908   3.3   4.4  14.5  17.6  20.4  23.8  25.6  25.2  21.8  14.4  11.9   6.5 
1909   6.4   7.6  11.0  15.8  18.7  24.1  25.4  26.0  21.9  15.3  14.0   1.4 
1910   4.4   3.8  14.6  14.8  18.0  22.1  24.5  25.0  24.1  17.6   8.5   2.3 
1911   6.7   8.5  12.1  15.4  20.7  25.3  24.1  24.5  25.3  18.5   8.1   7.0 
1912   1.7   2.7   9.3  16.3  20.4  21.9  25.7  25.3  23.1  17.4   7.5   6.1 
1913   7.5   5.2  10.7 -99.0 -99.0 -99.0  26.8 -99.0  21.1  13.7  11.0   5.6 
1914   6.2   4.8   8.2  15.1  18.9  27.0  26.3  22.7  21.1  16.6   8.9   3.0 
1915   2.5   8.1   5.9  17.8  22.0  24.9  26.0  22.7  23.0 -99.0  12.6   6.6 
1916   7.7   6.8  10.8  16.4  20.9  22.9  24.8  25.2  21.6  15.7  10.3   5.6 
1917   7.1   6.5  10.1  15.0  16.2  23.0  24.6  23.7  21.3  12.5   8.4   1.5 
1918  -0.2   8.7  13.9  14.0  20.5  24.3  23.6  26.0  19.4 -99.0   8.8   7.9 
1919   3.7   6.0  10.6  14.3  18.4  23.2  25.0  24.7  22.7  22.2  11.9   5.8 
1920   5.4   5.4   9.4  14.4  19.4  22.9  25.0  24.1  23.8  16.0   7.9   5.0 
1921   6.7   7.7  15.6  14.8  19.1  25.3  27.5  25.5  26.0  14.6  12.4   7.6 
1922   5.5   9.1  11.0  16.9  20.2  23.8  25.2  24.4  23.4  16.3  11.3   9.5 
1923   8.6   5.3  10.3  14.6  18.7  23.7  24.9  24.7  22.1  15.6   8.8   9.8 
1924   2.4   5.0   7.5  14.6  17.2  24.7  24.7  26.1  20.8  15.8  10.2   5.7 
1925   5.5   8.9  11.4  17.3  18.1  25.7  26.2  25.2  27.2  15.7   9.2   4.2 
1926   4.3   7.9   6.9  13.6  18.9  23.5  24.9  25.5  25.0  16.9   7.4   7.2 
1927   5.8  10.9  11.1  17.4  20.3  23.2  25.1  23.5  23.6  16.9  12.9   5.4 
1928   4.2   5.7  10.4  12.7  18.5  22.5  25.6  25.6  20.7  17.0   9.4   4.9 
1929   6.4   4.6  11.9  16.6  19.2  23.2  25.0  25.0  21.7  14.3   9.8   4.4 
1930   4.5   9.0   8.7  15.1  19.6  22.7  27.1  24.6  23.3  14.3   9.7   3.6 
1931   4.0   7.0   7.1  14.0  18.0  24.8  26.1  23.9  25.2  18.7  13.9  10.0 
1932   9.1  11.1   8.5  15.4  18.8  24.6  26.3  25.9  21.5  14.8   7.7   6.9 
1933   8.9   6.3  10.6  14.6  22.0  24.2  25.0  24.7  24.5  16.3  10.3  11.0 
1934   7.3   4.2   9.3  15.7  20.2  24.6  26.2  26.1  22.0  16.3  11.0   4.7 
1935   5.6   6.5  13.9  15.9  20.6  22.9  26.3  26.3  22.4  17.0  10.9   1.9 
1936   3.2   4.1  12.7  13.8  21.1  25.9  26.4  25.8  24.2  16.7   8.7   7.0 
1937  11.5   6.2   8.8  15.2  20.4  25.4  25.2  26.1  21.1  14.6   8.4   5.0 
1938   6.0   9.7  14.8  15.6  20.7  23.3  25.5  26.1  21.9  17.0  10.5   5.2 
1939 -99.0   7.7  10.7  14.4  19.7  24.8  26.1  24.8  23.4  17.2   8.1   6.2 
1940  -3.3   4.4  10.1  14.6  17.9  23.4  24.3  26.0  21.3  16.6   9.9   8.5 
1941   6.1   3.7   7.4  16.9  21.5  24.6  26.1  25.5  23.9  20.3   9.5   7.4 
1942   3.7   4.0  10.7  15.9  20.0  25.0  26.3  24.2  20.7  16.6  11.3   5.9 
1943   6.3   7.7   9.0  15.3  21.4  26.8  27.2  27.1  20.7  14.9   8.3   5.0 
1944   5.2   9.5  11.6  15.1  21.3  25.7  25.4  25.1  22.7  15.6  10.0   4.8 
1945   5.2   8.0  16.2  17.2  19.0  24.3  25.8  25.6  24.0  15.9  12.0   2.3 
1946   6.3   7.7  14.5  17.4  19.5  23.3  25.5  23.9  21.4  16.1  13.5   8.0 
1947   7.8   2.6   6.8  17.4  19.0  23.8  24.0  27.0  24.0  19.5   9.6   6.8 
1948   1.3   7.7  12.8  18.1  20.0 -99.0  26.4  25.0  21.6 -99.0  11.1 -99.0 
1949 -99.0   9.4  10.3  14.6  21.1  24.5  26.3  25.0  21.3  19.1   9.0   6.9 
1950  12.7   9.8   9.5  13.5  22.1  24.0  24.6  23.8  21.0  18.0   6.8   3.2 
1951   6.1   7.6  11.2  14.2  19.5  24.8  25.8  25.9  22.2  16.6   7.1   7.3 
1952   9.2   9.2  10.1  15.0  20.7  27.1  27.7  25.9  21.0  12.6   9.4   5.6 
1953   8.1   7.8  12.8  14.2  21.9  26.6  25.9  25.8  22.0  17.6   9.8   4.8 
1954   6.3   9.6  10.5  18.4  17.3  24.8  28.1  27.7  24.5  17.2   8.9   5.0 
1955   4.8   7.0  12.2  17.4  21.6  21.6  26.0  26.4  24.2  15.5   8.6   5.9 
1956   3.8   9.8  10.4  14.5  21.6  23.6  25.7  25.5  20.7  17.2   8.0  10.1 
1957   5.6  11.2   8.8  17.0  20.7  24.6  25.0  24.7  21.5  12.9  10.9   6.7 
1958   3.1   0.7   8.9  16.0  20.4  24.5  25.5  24.9  22.5  15.5  11.4   3.5 
1959   3.9   7.1   9.3  15.7  21.7  23.5  25.9  26.3  22.8  17.1   8.1   6.7 
1960   5.1   4.3   4.0  16.6  18.6  24.4  26.7  25.7  22.5  17.2  10.4   3.1 
1961   2.3   9.1  12.8  13.8  18.5  22.2  24.4  24.2  22.4  15.5  11.3   6.1 
1962   3.6  10.8   8.6  13.9  23.4  23.9  26.2  26.2  22.3  17.3   8.9   3.8 
1963   1.1   2.7  13.0  17.4  20.4  23.3  24.0  24.6  20.3  18.0  10.5  -0.3 
1964   5.6 -99.0 -99.0 -99.0 -99.0 -99.0 -99.0 -99.0 -99.0 -99.0  12.0   7.2 
1965   6.2   5.5   7.8  17.3  21.7  23.2  25.0  25.0  22.4  15.4  12.4   6.4 
1966   2.3   6.2  11.0  15.9  19.0  22.7  26.7  24.3  21.3  14.6  10.8   5.8 
1967   5.4   4.3  13.5  18.5  19.1  23.6  23.2  22.4  19.5  14.8   8.2   8.4 
1968   3.6   3.2  10.5  16.3  19.5  23.5  24.6  24.9  20.1  15.1   8.3   3.0 
1969   2.9   4.9   6.1  15.4  18.9  23.4  25.9  24.8  21.1  15.7   8.4   4.5 
1970   1.3   4.6   9.8  16.5  20.3  22.9  24.6  25.3  24.0  16.2   7.7   7.6 
1971   4.4   4.9   7.8  14.7  17.5  24.6  24.4  24.3  22.7  18.6   9.4  10.3 
1972   6.0   5.5  10.8  15.7  19.2  22.3  24.5  24.6  23.5  14.9   8.6   6.7 
1973   3.8   4.7  14.1  13.6  17.8  23.6  25.1  23.8  23.4  17.4  11.5   5.3 
1974   9.2   6.0  13.4  14.4  19.7  20.6  24.2  22.9  18.6  13.0   8.9   4.6 
1975   6.3   7.1   8.3  13.1  21.0  23.5  24.6  24.4  19.2  15.2   9.6   4.2 
1976   1.8   9.3 -99.0  15.4  16.3  21.9  24.7  23.9  20.8 -99.0   5.2   3.3 
1977  -1.4   5.5  12.9  17.6  21.2  25.3  27.7  26.8  23.1  13.7  11.7   4.9 
1978   0.0   0.8   8.4 -99.0  19.6  24.5  26.4  25.6  23.6  14.7  12.7   5.9 
1979   0.8   4.2  11.2  15.5  19.6  22.9  24.9  23.9  20.4  14.7   8.6   4.8 
1980   4.1   2.8   9.2  14.7  19.6  23.6  27.7  26.3  23.0  12.8 -99.0   4.9 
1981   2.3   7.2   9.5  18.6  18.8  25.1  26.5  24.2  19.9  14.4   9.8   3.6 
1982   3.2   6.4  12.5  13.5  21.0  22.4 -99.0  23.9  20.2  14.8   9.1   7.4 
1983   2.3   4.1   8.3  11.2  17.2  20.8  24.3  24.4  19.3  15.9   9.3   2.6 
1984   1.3   6.5   9.6  13.8  18.4  23.3  24.3  24.8  21.1  19.5   9.0  10.7 
1985   0.4   4.7  12.8  16.5  19.7  23.7  24.7  24.2  20.7  17.2  13.4   3.1 
1986   4.4   8.5  11.7  16.0  20.6  24.6  26.8  24.4  22.9  15.5  11.7   4.5 
1987   3.3   6.3  10.7  14.0  21.5  23.3  25.3  25.5  20.6  11.8  10.1   7.0 
1988   1.3   4.2   9.4  14.9  18.0  23.0  24.4  26.1  21.7  12.2  10.9   5.5 
1989   7.3   5.4  11.5  13.4  17.8  22.6  25.1  24.8  21.3  14.9  10.0   0.8 
1990   7.9  10.5  12.0  14.8  18.8  23.7  25.1  26.0  23.0  15.6  12.5   9.0 
1991   5.7   7.9  12.1  17.0  21.4  23.9  26.3  25.4  22.3  16.1   8.3   8.0 
1992   4.5   7.7   9.7  14.6  17.6  21.7  24.9  22.1  21.0  14.1   8.5   5.1 
1993   5.9   4.2   8.2  12.4  18.3  23.1  26.5  25.1  20.4  14.2   9.6   5.5 
1994   2.7   7.8  11.7  17.4  18.4  24.7  24.7  24.4  20.9  16.4  12.3   8.2 
1995   5.3   6.2  12.6  15.8  20.3  22.2  25.9  27.8  22.1  16.1 -99.0   5.0 
1996   4.7   6.2   9.2  14.9  21.7  23.9  25.2  24.9  20.9  16.0   9.4 -99.0 
