Number= 751131
Name= WINNSBORO-5SSE------
Country= USA---------
Lat=   32.1
Long=   91.7
Height= 24
Start year= 1890
End year= 1996
First Good year= 1890
Source ID= 30
Source file= New
Normals source= Data
Normals source start year= 1961
Normals source end year= 1990
Normals=   7.0   9.4  13.7  18.5  22.6  26.2  27.8  27.2  24.1  18.1  13.4   8.9 
Standard deviations source= Data
Standard deviations source start year= 1941
Standard deviations source end year= 1990
Standard deviations=   2.5   2.3   2.0   1.4   1.1   1.0   0.8   0.9   1.4   1.9   1.7   2.1 
Obs:
1890 -99.0 -99.0 -99.0 -99.0 -99.0  25.9  26.3  25.3  24.8 -99.0 -99.0 -99.0 
1891 -99.0 -99.0 -99.0 -99.0  21.0  26.6  26.4  25.4  23.3  15.1  11.2   9.5 
1892   3.5  11.7  10.3  17.6  21.5  24.7  26.1  25.4 -99.0  20.1  13.8 -99.0 
1893 -99.0  11.3  11.3  19.0  20.6 -99.0 -99.0  27.2  23.4 -99.0 -99.0 -99.0 
1894 -99.0 -99.0  14.7 -99.0 -99.0 -99.0 -99.0  26.2  24.5 -99.0 -99.0 -99.0 
1895 -99.0 -99.0 -99.0 -99.0 -99.0 -99.0 -99.0 -99.0 -99.0 -99.0 -99.0 -99.0 
1896 -99.0 -99.0 -99.0 -99.0 -99.0 -99.0 -99.0 -99.0 -99.0 -99.0 -99.0 -99.0 
1897 -99.0 -99.0 -99.0 -99.0 -99.0 -99.0 -99.0 -99.0 -99.0 -99.0 -99.0 -99.0 
1898 -99.0 -99.0 -99.0 -99.0 -99.0 -99.0 -99.0 -99.0 -99.0 -99.0 -99.0 -99.0 
1899 -99.0 -99.0 -99.0 -99.0 -99.0 -99.0 -99.0 -99.0 -99.0 -99.0 -99.0 -99.0 
1900 -99.0 -99.0 -99.0 -99.0 -99.0 -99.0 -99.0 -99.0 -99.0 -99.0 -99.0 -99.0 
1901 -99.0 -99.0 -99.0 -99.0 -99.0 -99.0 -99.0 -99.0 -99.0 -99.0 -99.0 -99.0 
1902 -99.0 -99.0 -99.0 -99.0 -99.0 -99.0 -99.0 -99.0 -99.0 -99.0 -99.0 -99.0 
1903 -99.0 -99.0 -99.0 -99.0 -99.0 -99.0 -99.0 -99.0 -99.0 -99.0 -99.0 -99.0 
1904 -99.0 -99.0 -99.0 -99.0 -99.0 -99.0 -99.0 -99.0 -99.0 -99.0 -99.0 -99.0 
1905 -99.0 -99.0 -99.0 -99.0 -99.0 -99.0 -99.0 -99.0 -99.0 -99.0 -99.0 -99.0 
1906 -99.0 -99.0 -99.0 -99.0 -99.0 -99.0 -99.0 -99.0 -99.0 -99.0 -99.0 -99.0 
1907 -99.0 -99.0 -99.0 -99.0 -99.0 -99.0 -99.0 -99.0 -99.0 -99.0 -99.0 -99.0 
1908 -99.0 -99.0 -99.0 -99.0 -99.0 -99.0 -99.0 -99.0 -99.0 -99.0 -99.0 -99.0 
1909 -99.0 -99.0 -99.0 -99.0 -99.0 -99.0 -99.0 -99.0 -99.0 -99.0 -99.0 -99.0 
1910 -99.0 -99.0 -99.0 -99.0 -99.0 -99.0 -99.0 -99.0 -99.0 -99.0 -99.0 -99.0 
1911 -99.0 -99.0 -99.0 -99.0 -99.0 -99.0 -99.0 -99.0 -99.0 -99.0 -99.0 -99.0 
1912 -99.0 -99.0 -99.0 -99.0 -99.0 -99.0 -99.0 -99.0 -99.0 -99.0 -99.0 -99.0 
1913 -99.0 -99.0 -99.0 -99.0 -99.0 -99.0 -99.0 -99.0 -99.0 -99.0 -99.0 -99.0 
1914 -99.0 -99.0 -99.0 -99.0 -99.0 -99.0 -99.0 -99.0 -99.0 -99.0 -99.0 -99.0 
1915 -99.0 -99.0 -99.0 -99.0 -99.0 -99.0 -99.0 -99.0 -99.0 -99.0 -99.0 -99.0 
1916 -99.0 -99.0 -99.0 -99.0 -99.0 -99.0 -99.0 -99.0 -99.0 -99.0 -99.0 -99.0 
1917 -99.0 -99.0 -99.0 -99.0 -99.0 -99.0 -99.0 -99.0 -99.0 -99.0 -99.0 -99.0 
1918 -99.0 -99.0 -99.0 -99.0 -99.0 -99.0 -99.0 -99.0 -99.0 -99.0 -99.0 -99.0 
1919 -99.0 -99.0 -99.0 -99.0 -99.0 -99.0 -99.0 -99.0 -99.0 -99.0 -99.0 -99.0 
1920 -99.0 -99.0 -99.0 -99.0 -99.0 -99.0 -99.0 -99.0 -99.0 -99.0 -99.0 -99.0 
1921 -99.0 -99.0 -99.0 -99.0 -99.0 -99.0 -99.0 -99.0 -99.0 -99.0 -99.0 -99.0 
1922 -99.0 -99.0 -99.0 -99.0 -99.0 -99.0 -99.0 -99.0 -99.0 -99.0 -99.0 -99.0 
1923 -99.0 -99.0 -99.0 -99.0 -99.0 -99.0 -99.0 -99.0 -99.0 -99.0 -99.0 -99.0 
1924 -99.0 -99.0 -99.0 -99.0 -99.0 -99.0 -99.0 -99.0 -99.0 -99.0 -99.0 -99.0 
1925 -99.0 -99.0 -99.0 -99.0 -99.0 -99.0 -99.0 -99.0 -99.0 -99.0 -99.0 -99.0 
1926 -99.0 -99.0 -99.0 -99.0  21.4 -99.0  26.7  27.8  26.5  20.9  10.3  11.6 
1927  11.2  14.5  14.3 -99.0  23.3  26.1  27.3  26.4  25.1  19.5  16.6   8.7 
1928   8.6   9.6  14.6  16.1  21.5  25.4  27.4  28.4  23.2  20.3  11.5   9.1 
1929   9.5   6.9  16.1  20.2  22.8  26.0  27.9  27.1  24.5  18.9  11.3   9.4 
1930   7.4  13.8  12.5  19.8  22.5  25.1  29.4  27.6  25.1  17.5  12.7   7.2 
1931   8.1  11.3  10.8  16.7  20.4  25.9  28.2  25.6  26.1  19.5  15.7  11.6 
1932  10.9  14.3  11.0  17.9 -99.0  27.2  28.9  28.0  24.4  17.0  10.5   7.6 
1933  12.9 -99.0 -99.0  18.0  24.5  25.4  27.5  27.2  27.0  19.5  13.6 -99.0 
1934   9.8   8.3  13.2  18.7  22.0  27.3  28.0  28.4  23.3  20.8 -99.0   9.5 
1935  10.2  11.8  18.5  18.4  22.6  25.6  28.2  28.4  23.8  20.4  13.1   6.6 
1936   6.8   7.4  15.6  16.8 -99.0  27.3  27.5  28.9  27.2  18.8  11.6  10.2 
1937  12.1  10.6  11.7  18.4  23.4  26.9  27.5  28.2  24.6  18.0  11.5   9.8 
1938  10.0  13.9  18.6  17.9  23.0  25.9  27.9  28.8  25.5  20.5  13.4 -99.0 
1939  10.7  11.6  15.9  17.6  22.5  27.2  28.8  28.3  26.8  19.8  11.4 -99.0 
1940 -99.0   8.4  14.8  17.8  21.7  25.7  27.0  26.6  23.6  19.1  12.7  11.3 
1941   9.5   7.9 -99.0  20.2  23.1  26.3  27.7  28.3  26.2  23.7 -99.0  10.8 
1942   6.6   8.5  13.7  18.8  22.1  26.3  27.3  27.3  23.1  18.9  15.3  10.4 
1943   9.8  11.3  13.0  18.8  24.1  28.0  28.7  29.0  23.2  17.4  10.9   8.7 
1944   7.9  12.9  14.3  18.1  22.4  27.2  28.3  27.9  25.1  17.9  13.6   7.5 
1945   8.3  12.0  18.2  18.9  20.8  26.2  26.9  27.1  25.3  17.6  14.7   6.8 
1946   8.8  11.2  15.8  19.9  21.8  25.7  27.1  26.6  23.7  19.1  15.4  11.7 
1947   8.9   6.0  10.8  19.0  21.6  26.8  27.4 -99.0  26.8  23.8 -99.0  10.1 
1948   5.4 -99.0  15.6  21.7 -99.0 -99.0 -99.0  28.5  24.0  17.5  13.2  10.3 
1949  10.5  11.0  12.9  17.2  24.0  26.9  28.1  27.0  24.1  20.6  13.2  11.7 
1950  15.0  13.0  13.5  16.6  23.7  25.8  26.6  26.5  23.6  19.9  11.7   7.8 
1951  10.6  10.4  15.0  17.1  22.8  27.1  28.3  29.4  25.1  20.1  11.1  12.4 
1952  13.5  12.9  13.2  16.8  22.3  27.9  28.5  28.2  23.3  14.0  11.6   9.2 
1953  11.4  10.2  17.3  17.4  23.5  28.9  27.9  27.8  25.1  20.2  12.3   8.2 
1954  10.1  13.3  13.9  20.8  19.5  27.3  29.5  29.8  26.1  20.1  13.0  10.0 
1955   9.3  10.5  16.6  20.2  23.8  24.3  27.7  27.1  26.2  18.6  12.9  10.1 
1956   8.0  12.6  13.9  17.6  24.1  25.5  28.7  27.9  24.0  20.3  13.1  13.2 
1957   9.9 -99.0 -99.0  19.2  22.8  26.3  27.7  26.9  22.9  16.6  13.7  11.3 
1958   6.5   6.1  10.9  17.8  22.8  26.4  27.7  26.7  25.1  18.4 -99.0   6.9 
1959   6.9  10.7  12.6  17.4  23.8  25.3  27.2  27.2  24.5  19.3  10.9  10.3 
1960   8.0   7.3   9.1  19.7  21.6  26.6  28.5  27.2  24.2  19.5  13.3   6.8 
1961   5.1  11.4  16.0  16.4  21.6  23.6 -99.0  25.9  22.3  17.3  12.6   9.7 
1962   6.5  15.4  12.3  17.5  24.0  25.6  28.7  28.6  24.9  20.5  11.8   8.9 
1963   5.3   7.6 -99.0  20.4  23.8  27.4  28.0  27.7  24.1  20.9  13.8   3.9 
1964   6.9   7.8  13.7  20.0  23.5  26.5  27.3  27.7  24.1  16.0  14.8   9.2 
1965  10.1   8.7   9.9  20.7  23.7  26.0  28.5  27.2  25.2  17.2  16.4  10.0 
1966   5.6   8.2  13.5  18.0  22.5  25.0  28.9  26.1  23.7  16.4  14.8   8.8 
1967   7.9   7.7  16.5  21.3  21.6  26.3  26.2  25.6  21.3  17.2  12.5  10.1 
1968   6.4   6.2  11.8  19.0  22.0  26.3  26.6  26.6  21.8  18.3  11.8   7.8 
1969   8.6   9.1  10.0  18.4  22.5  26.5  29.1  26.7  23.6  18.8  12.2   8.9 
1970   5.3   8.5  12.4  20.1  22.6  25.9  26.4  27.2  25.6  16.8  11.2  11.4 
1971   8.4   9.3  11.7  17.5  20.2  27.3  27.6  26.2  24.8  20.4  12.6  12.9 
1972   9.8   9.7  14.6  18.7  22.3  26.1  26.5  27.6  27.1  17.9  10.5   8.2 
1973   6.3   8.3  16.1  17.1  21.5  26.2  28.1  26.2  24.8  20.7  16.3   8.9 
1974  10.4  10.2  16.9  17.6  23.9  24.5  27.4  26.6  21.1  17.0  13.2   9.1 
1975  10.4  10.1  12.6  16.7  22.8  25.3  26.8  26.7  21.5  17.7  13.6   8.1 
1976   7.6  13.7  14.9  18.7  19.9  24.7  26.8  26.3  23.5  14.5   8.8   7.1 
1977   2.1   9.8  15.1  19.2  23.9  27.8  28.1  27.3  26.2  17.8  13.9   8.5 
1978   3.2   4.4  11.8  19.0  23.1  26.3  29.0  27.9  25.2  17.6  15.8   9.3 
1979   3.7   7.2  14.6  19.1  21.7  25.9  27.7  27.2  23.1  19.2  11.1   8.1 
1980   8.7   7.8  12.4  17.1  22.8  27.4  29.9  28.9  27.5  16.4  11.8   8.6 
1981   6.3   9.4  12.8  21.8  21.0  27.0  28.6  27.8  23.3  18.1  14.1   7.9 
1982   7.9   8.1  15.8  17.7  23.8  26.2  28.0  28.0  23.6  18.2  13.6  12.1 
1983   6.8   9.5  12.6  15.6  21.4  24.7  28.2  28.4  23.4  19.2  13.5   4.7 
1984   4.7  10.9  14.1  18.5  22.5  26.1  26.7  26.6  23.3  21.0  12.8  14.4 
1985   4.2   7.3  16.0  19.3  22.7  26.7  27.5  27.3  23.7  19.8  16.5   6.7 
1986   8.0  12.3  14.3  19.2  23.5  26.9  28.9  27.1  26.2  19.1  14.4   7.9 
1987   6.4  10.9  13.0  16.9  24.4  26.4  27.5  28.6  24.0  16.2  14.1  11.0 
1988   5.2   9.5  13.3  18.6  22.5  26.5  27.4  27.5  24.7  16.8  14.6   9.1 
1989  10.6   8.2  13.6  17.7  22.6  25.6  26.9  27.2  23.5  18.7  14.9   4.4 
1990  11.0  13.7  14.9  17.9  22.7  28.0  27.7  27.9  25.9  17.4  15.4  10.5 
1991   7.3  11.4  14.8  20.4  24.2  27.3  28.2  27.0  24.3  19.6  11.4  11.5 
1992   8.4  12.6  14.9  17.9  22.0  25.6  28.0  25.4  24.3  18.6  11.7   9.8 
1993   8.5   9.8  12.6  15.8  21.8  27.0  28.8  28.9  25.2  18.3  11.6   9.6 
1994   6.2   9.9  14.4  19.2  21.8  27.3  27.1  26.6  23.7  19.2  15.9  10.2 
1995   9.4  10.3  15.4  18.8  23.7  25.9  28.2  29.1  24.2  18.8  11.9   8.6 
1996   7.9  10.1  11.6  17.0  25.0  26.2  27.9  26.6  23.7  18.7 -99.0 -99.0 
