Number= 751101
Name= RUSSELL/MUNICIPAL-AR
Country= USA---------
Lat=   38.9
Long=   98.8
Height= 568
Start year= 1950
End year= 1995
First Good year= 1950
Source ID= 30
Source file= New
Normals source= Data
Normals source start year= 1961
Normals source end year= 1990
Normals=  -2.1   0.7   6.2  12.4  17.8  23.7  26.9  25.5  20.2  13.8   5.8  -0.4 
Standard deviations source= Data
Standard deviations source start year= 1950
Standard deviations source end year= 1990
Standard deviations=   2.8   3.2   2.7   1.8   1.8   1.9   1.6   1.6   1.7   1.8   1.7   2.6 
Obs:
1950  -1.9   2.8   4.6  10.7  17.2  24.8  23.4  22.2  19.8  16.9   4.5 -99.0 
1951  -2.5   1.7   3.2  10.4  18.0  20.0  25.0  26.2  18.2  12.8   3.9  -1.3 
1952   0.4   3.5   3.0  10.8  17.8  28.4  27.5  26.8  22.7  12.7   4.9  -1.7 
1953   1.8   3.9   8.1  10.4  17.2  27.2  25.9  25.3  22.3  16.6   6.5   1.6 
1954  -1.8   7.3   4.7  15.0  15.1  25.5  30.2  28.2  24.5  14.0   9.0   2.5 
1955  -0.2  -3.9   5.2  15.4  19.5  21.5  29.0  27.6  21.8  14.7   3.8  -1.5 
1956  -2.5  -2.3   6.9  10.1  20.2  27.1  27.1  27.5  23.3  17.5   5.4   2.3 
1957  -5.0   3.8   5.4  10.9  16.3  21.8  27.7  27.0  19.0  13.4   4.2   4.1 
1958   1.1  -1.6  -1.9  10.7  19.1  23.0  24.4  25.8  21.9  15.2   7.2   0.1 
1959  -3.8   0.1   6.9  11.8  18.7  24.8  25.0  28.6  20.5  12.0   3.5   3.6 
1960  -2.6  -3.9  -0.9  14.1  17.2  22.4  25.3  25.9  22.0  15.2   6.4  -0.7 
1961   0.1   2.5   6.3  10.2  16.4  23.0  26.2  24.8  17.9  14.4   4.3  -2.8 
1962  -3.3   2.0   4.4  12.0  22.1  22.7  25.1  26.0  19.0 -99.0   6.9   1.4 
1963  -6.6   2.9   9.1  14.3  19.7  26.1  28.4  27.0  22.3  19.3   7.7  -3.8 
1964   1.4   0.4   4.6  13.1  20.2  23.6  29.4  24.4  20.7  14.5   7.0  -1.0 
1965   0.7  -0.9   0.9  13.8  19.5  22.7  26.6  25.0  17.9  15.3   8.5   2.6 
1966  -4.2  -0.6   8.4   9.8  18.6  24.3  29.1  23.6  19.8  14.0   5.8  -1.5 
1967  -0.1   2.6   8.4  13.9  15.9  22.4  23.8  24.0  19.0  13.9   6.0   0.6 
1968  -1.0   0.6   9.1  12.2  14.8  24.5  26.2  26.1  20.5  14.7   4.6  -2.6 
1969  -2.6   0.6   2.0  13.3  18.0  20.7  27.1  25.0  21.6  11.1   6.9   0.5 
1970  -2.5   3.6   2.8  11.8  20.5  23.4  26.9  27.9  19.6  11.1   5.1   2.1 
1971  -3.9  -1.7   5.2  12.5  15.7  25.6  25.1  25.2  20.5  15.0   6.7   2.0 
1972  -2.5   1.3   8.9  12.1  17.5  24.0  25.2  24.8  20.4  12.2   3.9  -3.0 
1973  -1.7   2.1   7.8  10.5  16.1  24.5  26.5  27.0  18.3  15.5   6.5  -1.4 
1974  -4.7   3.8   8.4  13.3  19.2  23.1  29.0  23.4  17.2  15.5   6.2   0.6 
1975   0.5  -1.6   2.8  11.7  18.4  22.7  26.8  27.0  18.2  15.8   5.3   2.5 
1976   0.0   6.5   6.6  13.4  15.5  23.4  27.1  27.0  20.9  10.5   3.1   1.3 
1977  -5.2   4.4   8.1  14.5  20.5  25.0  28.4  24.5  21.2  14.1   5.9   0.1 
1978  -6.8  -6.1   5.6  13.3  16.8  24.3  27.6  25.8  22.5  14.0   5.3  -1.4 
1979 -10.0  -5.2   6.3  11.7  16.3  23.6  26.2  25.2  22.6  15.3   4.4   2.5 
1980  -2.0  -2.5   3.9  11.9  17.2  25.9  31.1  27.1  21.6  13.7   7.6   2.3 
1981   1.0   3.3   7.8  16.5  15.6  24.6  26.4  24.2  21.0  12.5   7.8   0.3 
1982  -4.8  -2.4   5.7  10.7  17.6  20.4  26.6  25.5  20.4  13.4   4.6   1.6 
1983  -0.5   2.2   5.7   7.9  15.0  22.0  28.3  29.6  22.0  14.4   6.1  -9.4 
1984  -3.0   4.3   3.0   9.3  16.8  23.7  26.6  27.2  19.4  12.2   6.1   0.9 
1985  -5.5  -2.6   7.3  14.3  18.7  21.6  26.7  23.8  19.1  12.7   0.7  -2.8 
1986   3.3   1.6  10.0  13.5  17.8  24.9  27.4  23.8  21.3  13.0   3.9   1.7 
1987   0.3   4.3   5.9  13.0  19.4  23.8  26.4  24.3  20.7  12.3   7.6   0.9 
1988  -3.8  -0.1   6.1  11.2  19.5  26.3  26.4  26.9  20.5  12.2   6.7   2.1 
1989   2.2  -5.0   6.2  14.6  18.2  21.0  25.7  24.4  18.7  14.6   6.0  -4.2 
1990   1.5   1.8   7.5  11.2  15.3  25.8  25.4  25.4  22.3  14.0   8.2  -3.3 
1991  -3.3   5.1   8.1  13.2  19.3  25.2  27.9  25.0  21.1  13.2   2.1   2.7 
1992   3.0   5.3   8.5  12.7  17.1  20.6  24.1  21.9  20.6  13.5   2.5  -2.5 
1993  -4.7  -3.8   4.6  10.1  17.2  22.4  25.6  25.0  18.0  11.9   3.6   2.0 
1994  -2.5  -1.7   8.7  11.2  19.1  26.0  24.5  25.7  20.8  14.1   6.7   2.1 
1995  -1.1   4.0   6.1   9.7  14.0  21.6  26.5  28.0  19.2  13.2   5.7 -99.0 
