Number= 751270
Name= SPARTA-3N-----------
Country= USA---------
Lat=   38.2
Long=   89.7
Height= 158
Start year= 1887
End year= 1990
First Good year= 1887
Source ID= 30
Source file= New
Normals source= Data
Normals source start year= 1961
Normals source end year= 1990
Normals=  -1.3   1.3   7.4  13.4  18.6  23.5  25.7  24.5  20.5  14.4   7.8   1.3 
Standard deviations source= Data
Standard deviations source start year= 1941
Standard deviations source end year= 1990
Standard deviations=   2.9   2.7   2.7   1.7   1.7   1.4   1.2   1.5   1.5   1.9   1.7   2.6 
Obs:
1887 -99.0   3.1   6.6  14.2  21.7  26.0  26.1 -99.0 -99.0  12.9   6.0   0.0 
1888  -3.9   0.0   5.1  14.9  18.1  23.6  26.8  24.0  19.5  13.0   7.1   2.3 
1889   1.1  -0.6   7.4 -99.0  18.8  21.6  25.2  23.4  19.7  14.0   5.7   9.1 
1890   4.2   3.7   3.3  13.4  17.6  26.1  25.2  23.2  18.6  13.8   8.7   0.9 
1891   0.8   1.9   3.2  14.1  16.7  24.0  23.3  23.1  23.0  13.7   5.7   5.1 
1892  -4.6   4.7   5.1  13.2  17.7  24.3  24.9  24.8  21.5  15.6   6.8   1.2 
1893  -5.1  -1.2   6.3  13.8  16.9  22.9  25.7  23.3  22.1  14.4   7.0   2.5 
1894   1.9   0.4   9.8  13.4  17.7  24.5  24.9  24.8  21.0  15.2   5.9   3.9 
1895  -3.3  -4.7   6.7  11.9  18.0  24.4  24.2  25.2  22.4  11.8   6.7   3.0 
1896   2.1   3.0   4.3  17.1  21.4  23.5  25.9  26.0  20.7  14.2   8.4   3.8 
1897  -1.1   2.4   7.4  12.8  16.0  23.3  26.2  24.3  23.9  18.0   7.7   0.4 
1898   2.5   2.3   7.9  11.3  19.0  25.0  25.0  24.8  23.6  13.4   6.0  -0.9 
1899  -0.9  -6.1   4.0  12.9  19.3  24.2  24.7  26.0  20.9  17.0  10.0  -0.8 
1900   1.7  -2.4   5.5  13.0  18.4  22.7  25.0  27.4  23.5  17.5   8.0   1.4 
1901   1.8  -1.5   6.7  10.6  17.1  25.6  29.2  24.0  20.9  15.8   6.2  -3.0 
1902  -1.0  -3.5   7.6  11.5  20.9  23.4  25.9  24.0  18.6  15.7  11.4   0.4 
1903  -0.2   0.1   8.9  13.1  18.8  20.3  26.4  24.3  21.1  14.6   5.5  -1.2 
1904  -3.1  -1.2   7.1   9.6  17.5  22.8  23.7  22.7  21.3  14.4   7.5   0.6 
1905  -4.5  -5.0   9.9  13.1  19.0  24.8  23.7  24.4  21.5  13.9   8.4   1.1 
1906   2.8  -0.4   1.5  15.0  18.7  22.5  24.2  25.5  23.4  14.4   6.6   2.4 
1907   3.0   1.3  11.7   8.4  15.2  21.9  26.5  25.2  21.3  14.1   6.7   3.1 
1908   1.0   1.3  10.3  13.5  20.2  23.5  25.6  25.5 -99.0  14.7   9.1   3.6 
1909   0.5   3.9   6.9  11.4  17.3  24.4  25.7  27.0  21.1  14.2  13.7  -3.7 
1910   0.1  -1.3  13.3  12.9  16.1  21.6  25.2  23.4  22.0  15.9   5.8  -0.8 
1911   2.2   4.0   7.4  12.2  21.1  26.1  26.2  24.4  24.5  14.8   4.9   3.0 
1912  -6.9  -2.5   2.0  14.0  19.7  21.3  26.5  24.4  21.9  15.8   7.5   3.3 
1913 -99.0  -0.5   5.6  12.9 -99.0  25.5  27.4  27.9  22.0  14.2  11.5   4.1 
1914   3.3  -2.1   5.9  13.2  20.0  27.6  28.8  26.6  21.5  16.1  10.1  -1.9 
1915  -1.6   4.2   3.2  16.6  18.6  22.4  24.9  21.7  22.9  16.5  10.8   1.4 
1916   1.1   0.4   6.7  12.1  19.8  22.1  28.3  26.2  20.8  15.1   9.5   0.7 
1917   1.5  -0.1   8.3  12.3  15.2  22.7  25.9  23.8  21.0  11.3   8.1  -3.9 
1918  -8.6   2.6  11.3  11.1  21.5  24.8  26.2  28.0  17.4  16.7   7.8   5.6 
1919   2.6   2.6   8.3  13.6  16.8  25.0  26.6  24.9  22.8  16.9   7.2  -0.7 
1920  -2.3   1.3   6.9  10.6  17.6  23.6  25.5  23.3  22.3  17.3   6.2   3.0 
1921   3.5   4.9  12.3  13.9  18.9  25.6  27.9  24.7  24.3  14.5   9.6   3.3 
1922  -1.6   2.5   7.8  14.3  19.5  25.5  25.7  25.8  23.1  16.5   9.4   2.6 
1923   3.9  -1.0   6.7  13.5  17.9  23.7  26.3  25.6  20.9  12.7   8.7   7.4 
1924  -2.7   2.5   4.7  14.6  15.5  23.4  23.3  25.2  18.5  17.6   9.6  -0.2 
1925   0.7   5.4   9.6  16.8  16.9  25.2  25.4  24.8  24.4  10.4   7.2   1.6 
1926   1.4   4.5   4.6  10.8  19.9  22.4  27.2  25.5  22.0  14.6   4.4   0.6 
1927  -0.4   6.4   8.3  14.3  18.1  21.5  24.3  21.8  23.2  16.7   8.9   0.3 
1928   1.0   2.8   7.2  11.0  18.5  20.4  25.8  25.0  18.7  16.4   7.6   3.0 
1929  -1.7  -2.5  10.2  14.5  16.9  21.9  26.1  23.7  20.2  14.1   5.1   2.8 
1930  -4.1   6.6   6.8  15.4  18.8  23.3  28.3  26.8  22.4  13.7   7.9   2.0 
1931   2.5   5.0   4.9  13.5  16.6  25.5  27.6  24.9  24.6  16.9  12.4   6.9 
1932   4.8   6.9   4.3  14.3  19.5  25.0  27.4  25.7  20.5  14.2   4.7   1.4 
1933   5.8   1.2   7.3  13.1  19.5  26.2  26.8  24.9  25.2  14.5   7.9   4.3 
1934   3.0  -0.4   5.4  13.6  20.3  26.8  29.8  26.2  19.6  16.3   9.8   0.6 
1935   1.7   3.9  11.1  11.1  16.0  20.8  26.5  25.6  20.8  15.0   6.5  -1.1 
1936  -3.4  -3.2  10.6  11.3  20.6  25.0  29.5  29.3  23.2  14.6   5.9   3.8 
1937   0.2   1.0   5.4  13.0  19.0  23.4  24.8  27.0  20.7  13.7   5.3   0.1 
1938   0.8   6.6  12.2  14.8  18.6  22.8  26.4  27.2  22.3  17.7   8.7   2.7 
1939   4.1   1.6   9.4  11.8  19.8  23.6  25.7  23.8  24.2  16.4   6.4   3.5 
1940  -8.0   1.2   6.5  12.6  17.0  23.5  25.5  25.1  21.3  17.5   6.2   4.6 
1941   1.8   0.1   4.5  15.2  20.1  23.9  26.9  26.9  22.7  17.5   7.6   4.6 
1942   0.3   1.2   9.3  14.9  18.6  23.6  25.8  23.8  20.4  15.6   9.5   0.8 
1943   1.5   4.6   4.7  13.3  18.3  24.6  26.5  26.8  19.2  14.7   6.2   0.4 
1944   2.6   4.6   6.1  12.8  20.5  25.1  25.5  24.8  21.3  15.7   8.2  -1.1 
1945  -1.0   3.0  12.3  14.0  16.4  21.6  24.4  24.9  21.8  14.2   8.5  -1.4 
1946   1.5   4.8  13.6  15.5  16.9  23.9  26.2  22.9  20.7  16.7   9.1   5.1 
1947   2.7  -1.4   3.2  13.3  17.2  22.4  23.7  28.7  21.4  18.6   5.2   3.5 
1948  -3.3   1.3   7.4  15.5  17.7  23.6  25.2  24.5  21.3  12.9   8.1   3.5 
1949   1.2   3.1   6.7  12.5  19.6  24.0  25.9  23.8  17.4  15.7   8.4   4.7 
1950   4.1   2.9   5.8  11.3  19.3  23.1  23.7  22.3  19.4  17.7   4.3  -0.9 
1951   1.0   2.3   6.1  11.7  19.3  22.4  25.1  24.1  18.8  15.6   4.0   1.8 
1952   3.6   5.3   6.8  13.1  18.9  27.8  26.5  24.5  20.4  12.5   7.9   3.0 
1953   2.4   5.8   9.6  12.3  19.9  27.1  27.0  25.7  23.0  16.5   8.5   2.9 
1954   1.0   7.0   6.4  17.4  16.6  25.9  28.7  27.3  23.7  15.1   8.1   2.6 
1955   1.3   2.6   7.9  16.6  19.9  21.2  27.6  26.2  23.2  15.0   6.3   1.1 
1956  -0.8   3.8   7.9  12.7  19.8  23.8  25.6  25.8  21.3  17.5   7.7   5.3 
1957  -2.1   4.8   6.8  14.3  18.9  23.6  25.7  25.1  20.2  12.4   6.9   5.2 
1958  -0.3  -3.5   3.6  13.3  18.7  22.1  24.7  24.9  20.9  14.9   9.5  -0.6 
1959  -1.5   2.5   8.1  13.8  20.9  23.4  24.9  26.3  21.3  14.5   4.0   4.6 
1960   1.3  -0.5  -0.4  15.0  17.1  23.2  24.5  25.5  22.9  15.1   7.5  -0.2 
1961  -0.9   3.8   8.7  10.5  15.7  22.0  25.1  24.0  21.9  15.5   7.2   0.9 
1962  -2.5   3.6   4.9  11.9  23.0  23.6  25.7  25.2  19.3  16.6   6.8   0.2 
1963  -4.4  -0.7  10.2  14.9  18.0  24.3  25.2  24.3  21.4  19.7   9.1  -3.8 
1964   2.0   1.9   6.9  15.1  20.7  24.2  25.8  24.9  20.7  13.1   9.1   1.0 
1965   1.4   1.6   2.3  15.4  21.2  23.7  24.8  24.3  20.5  13.5   9.9   5.5 
1966  -3.3   0.3   7.7  11.4  16.9  22.3  27.2  23.1  18.7  12.2   8.1   1.9 
1967   2.1   0.4   9.9  15.0  16.8  22.9  23.4  21.4  18.2  13.8   5.5   2.2 
1968  -1.5  -1.2   7.6  12.8  16.6  23.6  24.8  24.7  19.5  13.9   6.8   0.7 
1969  -1.1   1.6   3.1  13.3  17.9  22.8  26.0  23.5  19.7  13.4   5.8   0.3 
1970  -4.2   0.8   4.7  13.9  19.8  22.0  24.6  24.4  22.7  13.7   6.6   4.0 
1971  -1.8   1.4   5.8  12.9  16.5  24.9  23.9  23.6  22.4  18.0   8.0   5.9 
1972  -0.3   1.7   7.8  13.0  18.7  22.6  24.4  23.9  21.8  13.0   4.8   0.1 
1973   0.7   1.9  11.2  12.4  17.0  23.6  26.2  24.9  21.6  17.1   9.9   0.9 
1974   0.8   3.9   9.9  14.7  19.0  21.0  26.5  24.2  17.2  14.2   7.6 -99.0 
1975 -99.0 -99.0   4.8  12.6  19.9  23.9  25.0  25.0  18.4  15.8   9.5   2.4 
1976  -1.3   6.9  10.6  14.3  16.4  22.3  25.6  23.1  19.5  11.1   3.3  -0.7 
1977  -8.5   1.7  10.3  16.2  21.9  24.2  26.9  24.8  22.0  13.2   7.5   0.2 
1978  -5.9  -5.6   4.2  14.1  18.0  23.8  26.2  25.0  22.6  13.4   9.0   1.7 
1979  -7.3  -3.9   7.0  12.2  17.7  23.8  25.7  24.4  20.0  15.0   6.7   3.2 
1980  -0.3  -2.0   4.9  12.1  18.9  24.0  28.5  27.8  22.2  13.4   7.0   2.2 
1981  -0.7   3.5   7.6  17.3  15.9  24.5  25.9  24.1  19.7  13.6   9.4   0.6 
1982  -4.1  -1.1   8.6  10.7  21.0  21.3  25.8  23.4  19.5  14.5   8.0   5.8 
1983   0.2   3.7   6.9  10.1  17.1  23.0  27.7  28.0  21.3  15.0   9.1  -5.3 
1984  -2.1   4.6   3.7  12.0  17.1  25.0  24.6  25.0  19.3  16.1   6.9   5.5 
1985  -5.0  -1.1   9.8  15.1  19.1  21.9  25.3  23.8  20.2  16.0   8.6  -2.3 
1986   1.5   2.8   9.2  15.1  19.6  25.1  27.6  22.9  22.3  14.2   5.4   1.4 
1987  -0.3   3.9   9.3  13.6  22.4  25.4  26.0  26.2  21.0  11.8   9.7   3.7 
1988  -1.2   0.2   7.6  13.7  19.6  24.6  26.2  26.8  20.8  10.7   8.0   2.9 
1989   4.9  -1.4   7.6  13.9  17.5  22.9  25.6  24.8  18.9  15.4   8.0  -4.6 
1990   5.6   5.0   9.3  12.6  18.0  24.4  25.6  23.6  22.3  14.3  11.4   2.4 
