Number= 752044
Name= KEENE---------------
Country= USA---------
Lat=   43.0
Long=   72.3
Height= 155
Start year= 1893
End year= 1996
First Good year= 1893
Source ID= 30
Source file= New
Normals source= Data
Normals source start year= 1961
Normals source end year= 1990
Normals=  -7.1  -5.6  -0.5   5.9  12.4  16.9  19.6  18.3  15.4   9.2   3.2  -4.1 
Standard deviations source= Data
Standard deviations source start year= 1941
Standard deviations source end year= 1990
Standard deviations=   2.5   2.2   2.2   1.7   1.6   1.3   1.3   1.4   1.2   1.5   1.5   2.5 
Obs:
1893  -9.9  -6.9  -3.0   4.1  11.2  16.8  16.8  17.2  11.7   9.8   1.5  -6.4 
1894  -5.5  -7.6   1.6   5.6  11.6  16.8  19.3  16.3  16.2   9.1  -0.2  -5.2 
1895  -8.3 -10.1  -3.6   4.8  12.8  17.6  16.6  16.8  15.1   5.5   3.2  -3.4 
1896  -8.2  -5.7  -4.7   6.3  13.0  14.8  18.8  17.3  14.2   7.1   4.0  -5.7 
1897  -6.2  -5.8  -1.9   5.8  11.7  13.7  19.8  16.4  14.2   8.5   1.1  -3.8 
1898  -7.5  -4.4   1.8   3.7  11.8  16.7  19.7  18.6  16.6  10.0   2.1  -5.0 
1899  -7.0  -7.1  -2.7   4.8  11.8  17.2  18.6  17.5  14.1   9.8   1.4  -2.0 
1900  -6.2  -6.3  -4.6   4.9  10.4  16.8  19.2  18.1  16.7  11.5   3.2  -4.6 
1901  -6.7  -9.3  -1.6   6.2  11.8  17.3  20.3  18.6  15.3   9.0  -0.6  -4.6 
1902  -7.3  -5.4   2.4   6.4  11.2  14.3  17.5  15.9  15.3   8.9   4.5  -6.8 
1903  -6.2  -4.9   3.7   5.4  12.9  13.6  18.3  14.3  15.5   9.3   0.0  -6.8 
1904 -11.8  -9.6  -2.7   3.7  13.8  16.0  18.8  16.8  14.4   7.3  -1.2  -8.4 
1905  -8.9 -10.4  -2.6   5.1  11.8  15.5  19.5  16.6  14.6   8.8   1.2  -3.1 
1906  -2.8  -6.2  -4.6   4.7  11.8  16.2  19.2  19.1  16.4   9.5   1.8  -6.4 
1907  -7.3 -10.3  -1.2   3.3   9.2  15.2  18.6  16.3  15.7   6.7   2.2  -2.3 
1908  -4.9  -8.0  -0.9   5.0  13.2  16.5  20.5  16.4  16.2  10.0   2.1  -4.0 
1909  -5.1  -3.6  -2.1   5.4  11.1  16.3  17.3  16.4  14.7   7.9   4.6  -5.4 
1910  -5.7  -6.8   1.9   8.1  11.4  14.8  19.3  16.8  15.5   9.9   1.9  -7.1 
1911  -4.0  -6.8  -3.1   3.7  15.1  15.2  20.9  17.6  14.7   8.0   2.2  -0.8 
1912 -11.2  -7.7  -3.2   5.6  12.3  14.8  18.8  15.8  14.8   9.7   3.3  -1.4 
1913  -0.8  -7.0   1.6   6.6  10.7  15.7  19.1  17.6  14.2  12.0   3.9  -2.5 
1914  -7.4  -9.8  -1.5   4.0  12.3  15.2  17.8  17.9  13.9  10.8   0.8  -5.9 
1915  -4.7  -3.2  -2.7   8.2   9.7  15.3  18.3  16.5  16.9   9.9   3.3  -4.2 
1916  -4.8  -7.7  -5.8   4.7  11.6  13.8  20.3  18.5  14.7   9.2   1.7  -4.7 
1917  -6.5  -7.9  -1.5   3.9   7.5  16.2  19.6  18.7  13.1   7.6   0.2 -10.3 
1918 -12.2  -8.5  -1.2   5.6  15.2  13.8  19.0  18.5  13.3  10.6   3.3  -3.1 
1919  -4.1  -4.0   1.1   5.7  12.3  17.5  19.8  16.4  16.0   9.8   2.8  -6.7 
1920 -10.8  -7.5  -1.4   3.8  10.3  15.7  17.9  19.4  16.1  12.1   1.1  -2.5 
1921  -5.1  -4.3   3.9   9.0  12.4  16.1  21.0  16.1  16.9   8.7   1.9  -5.3 
1922  -8.6  -5.1  -0.6   5.4  12.9  17.2  18.5  17.3  15.9   9.7   2.7  -5.3 
1923  -8.4 -10.1  -4.0   5.1  11.1  16.7  17.1  16.1  16.1   9.0   2.9   0.0 
1924  -5.2  -8.9  -1.0   4.6   9.8  14.9  18.4  17.4  13.5   8.5   2.8  -6.0 
1925  -8.9  -1.4   1.6   6.3   9.8  17.9  17.5  16.7  15.2   5.6   2.5  -3.3 
1926  -5.8  -7.0  -4.2   2.8  10.8  13.9  18.2  17.6  14.7   7.6   3.0  -7.5 
1927  -6.3  -3.6   0.5   5.7  10.0  14.0  19.0  15.6  15.2  11.3   5.7  -2.2 
1928  -4.1  -4.6  -1.2   4.2  10.7  14.8  19.5  19.3  13.8  10.5   3.7  -0.7 
1929  -6.6  -5.2   0.8   5.8  12.4  17.0  19.0  16.6  16.5   8.6   3.3  -3.5 
1930  -5.0  -3.8  -0.1   5.3  13.0  19.4  19.0  17.3  17.4   8.9   4.0  -2.8 
1931  -6.5  -4.8   0.7   5.7  11.9  16.3  20.2  17.5  16.9  10.4   5.4  -2.1 
1932  -0.2  -5.2  -2.7   4.4  11.5  15.4  17.1  18.0  15.4  10.5   1.7  -2.5 
1933  -1.6  -3.0  -2.1   5.5  13.0  17.4  19.2  17.6  16.1   8.5   0.0  -7.3 
1934  -5.6 -12.4  -2.4   6.1  13.0  17.3  19.6  16.0  17.4   7.3   4.3  -5.1 
1935  -9.2  -6.8  -0.6   5.2   9.6  16.6  20.1  18.0  14.0   8.9   5.3  -6.3 
1936  -7.5 -10.0   2.8   4.5  13.1  16.2  18.3  17.5  15.6   9.1   0.3  -1.9 
1937  -2.2  -2.6  -3.2   4.5  12.3  16.9  19.8  20.9  14.9   8.6   2.4  -4.6 
1938  -7.0  -2.8   0.7   7.0  10.3  17.1  19.7  19.7  14.3  10.8   3.7  -3.2 
1939  -6.6  -4.7  -3.7   3.4  12.2  16.8  19.0  19.9  15.3   9.6   1.2  -4.1 
1940 -10.4  -5.6  -3.2   3.8  11.8  15.6  19.3  16.7  13.9   6.7   2.7  -3.2 
1941  -7.9  -4.7  -2.2   9.9  13.9  18.7  21.0  18.0  16.0   9.6   4.2  -1.8 
1942  -5.9  -6.0   2.8   8.8  15.8  18.9  20.4  19.2  16.2  10.1   3.0  -5.2 
1943  -7.5  -4.9  -0.6   3.9  13.3  20.3  21.4  19.1  14.5   9.7   1.9  -5.8 
1944  -5.3  -5.4  -1.4   5.1  16.3  18.2  21.7  20.8  16.6   8.8   2.6  -5.0 
1945  -8.8  -5.0   5.8  10.4  11.8  18.4  21.3  19.7  17.1   8.4   3.8  -6.4 
1946  -5.8  -6.7   6.2   6.4  12.9  18.0  20.5  18.4  16.5  11.1   4.8  -2.8 
1947  -4.1  -5.3  -0.1   6.9  13.6  17.7  22.2  21.9  16.3  12.6   1.6  -5.4 
1948  -9.0  -7.3   0.7   7.9  13.1  17.4  21.3  20.7  16.0   9.2   6.3  -1.8 
1949  -2.1  -2.6   0.4   7.4  12.7  19.1  21.4  19.3  14.8  11.8   2.2  -2.8 
1950  -2.1  -6.1  -3.6   4.4  12.1  16.8  18.8  17.7  14.0  10.8   4.7  -2.7 
1951  -4.1  -2.6   0.2   6.6  12.2  15.6  19.3  17.5  15.5  10.7   1.1  -3.8 
1952  -4.3  -3.3  -1.0   7.3  10.3  17.4  20.8  18.5  16.4   7.8   3.4  -2.0 
1953  -2.6  -2.1   0.7   5.9  13.1  17.2  19.0  17.4  16.0  10.1   4.9  -0.4 
1954  -6.9  -0.8  -0.1   7.0  10.9  16.9  17.9  16.2  14.2  11.4   3.5  -3.0 
1955  -6.2  -3.7  -1.6   6.8  13.9  16.5  21.4  20.2  15.1   9.7   2.2  -7.4 
1956  -4.3  -4.2  -4.1   3.3   9.4  17.0  17.6  17.4  13.1   9.0   3.1  -2.1 
1957  -9.9  -3.1  -0.1   7.1  11.9  18.3  18.3  16.7  16.4   9.2   5.1  -0.3 
1958  -5.5  -8.1   0.7   6.6  10.4  14.1  19.2  18.3  15.4   8.6   2.9  -8.1 
1959  -6.6  -7.1  -1.7   6.4  14.1  16.6  20.4  19.7  17.8  10.1   3.5  -2.0 
1960  -5.3  -2.5  -4.6   7.3  13.7  16.8  18.2  18.0  15.6   8.5   3.8  -7.3 
1961 -10.7  -5.0  -0.8   4.1  10.2  16.2  18.3  17.5  18.9  10.7   4.1  -3.5 
1962  -6.6  -7.1  -0.1   6.0  11.6  17.5  17.5  17.7  14.3   8.7   1.6  -6.5 
1963  -7.6  -8.6  -0.7   4.6  11.3  16.1  19.2  16.7  13.5  11.8   6.2  -8.1 
1964  -5.4  -5.8   0.0   5.2  13.9  16.4  19.5  15.0  13.9   7.4   2.4  -4.2 
1965  -8.2  -5.9  -1.7   4.3  13.7  15.5  17.4  17.1  16.0   8.9   1.6  -2.4 
1966  -6.4  -5.5   0.2   4.2  10.5  17.2  19.1  17.8  13.9   8.6   5.3  -3.7 
1967  -3.3  -7.8  -3.2   4.5   8.2  18.0  20.0  18.1  15.4   9.8   0.7  -2.9 
1968  -9.1  -7.9   0.5   8.0  10.9  16.2  19.9  17.4  16.9  10.5   1.6  -5.7 
1969  -6.4  -4.7  -2.2   7.6  11.4  17.1  18.5  19.3  16.5   9.3   3.8  -4.6 
1970 -12.1  -4.6  -2.0   5.5  13.6  16.7  19.8  19.2  16.0  11.0   4.5  -6.6 
1971  -9.9  -5.1  -2.6   3.8  11.6  17.1  18.8  18.3  17.4  12.7   1.8  -3.0 
1972  -5.3  -6.9  -2.8   2.8  11.9  15.6  19.5  17.3  14.8   6.7   0.9  -3.4 
1973  -4.8  -5.5   3.6   8.3  11.9  19.4  21.3  22.0  14.7   8.9   2.6  -1.5 
1974  -4.6  -5.9  -0.2   9.2  11.8  18.2  20.6  20.1  14.6   5.6   3.1  -2.2 
1975  -4.2  -4.1  -0.6   3.9  16.2  18.3  22.9  19.8  14.0  10.4   5.9  -4.1 
1976  -9.4  -2.1  -0.1   7.5  11.5  19.4  18.4  17.5  14.4   7.5   0.5  -6.9 
1977 -11.2  -5.5   2.6   6.5  13.8  15.6  19.0  18.3  15.4   9.3   4.5  -5.2 
1978  -7.0  -9.9  -2.8   4.3  13.1  16.6  18.9  18.6  13.6   8.6   2.9  -4.5 
1979  -5.8 -10.3   1.9   5.3  13.6  16.5  20.5  18.1  15.2   9.3   5.9  -1.2 
1980  -5.3  -7.3  -0.6   6.4  12.4  14.8  20.1  19.6  16.2   8.2 -99.0  -7.0 
1981 -11.3  -0.9   0.1   7.1  13.4  17.2  19.5  17.5  15.1   7.1   3.2 -99.0 
1982 -11.3  -6.1  -1.9   4.1  13.2  15.2  19.2  16.9  15.5   9.2   5.1   0.4 
1983  -4.9  -3.6   0.8   6.7  11.2  17.8  20.4  19.4  16.8   9.4   3.4  -4.8 
1984  -7.8  -0.4  -3.6   5.9  11.3  17.8  19.6  19.9  14.7  11.0   3.3  -0.6 
1985  -9.2  -3.9   1.2   7.3  13.6  15.2  19.1  17.9  16.2  10.2   4.1  -6.0 
1986  -5.4  -6.9   0.6   8.1  14.3  15.9  19.4  17.6  15.0   9.6   1.9  -1.8 
1987  -6.6  -7.0   0.6   7.8  13.0  17.7  20.4  17.4  15.4   7.9   2.6  -1.9 
1988  -7.3  -4.9  -0.5   5.7  14.0  16.3  21.3  20.1  14.8   7.3   3.8  -4.9 
1989  -3.4  -5.6  -1.0   4.7  13.6  17.8  19.7  18.4  16.5   9.8   2.5 -12.1 
1990  -2.1  -3.1   1.0   6.4  11.0  17.3  19.5  19.6  15.8  11.8   4.4  -0.2 
1991  -5.4  -2.2   1.8   8.2  14.6  18.0  19.3  20.0  13.8  10.0   3.6  -3.8 
1992  -5.4  -3.9  -1.6   5.2  11.9  16.2  17.9  18.0  14.6   6.4   1.6  -3.3 
1993  -3.8  -9.1  -2.0   6.8  13.4  16.7  20.2  20.0  14.4   7.3 -99.0  -3.1 
1994 -12.3  -9.2  -1.3   6.4  11.3  18.7  22.1  18.4  13.9   8.4   4.1  -1.6 
1995  -2.8  -7.0   1.7   4.3  11.5  17.6  21.7  18.9  13.0  10.5   1.1  -6.0 
1996  -6.9  -5.9  -2.1   5.9  11.1  18.5  19.6  20.1  16.0   8.6   0.5 -99.0 
