Number= 752020
Name= BOZEMAN-MONTANA-ST-U
Country= USA---------
Lat=   45.7
Long=  111.1
Height= 1480
Start year= 1868
End year= 1996
First Good year= 1868
Source ID= 30
Source file= New
Normals source= Data
Normals source start year= 1961
Normals source end year= 1990
Normals=  -6.0  -2.9  -0.1   5.1  10.2  15.0  19.1  18.3  12.4   7.1  -0.3  -5.2 
Standard deviations source= Data
Standard deviations source start year= 1941
Standard deviations source end year= 1990
Standard deviations=   3.4   2.8   2.6   2.0   1.6   1.7   1.2   1.4   2.0   1.8   2.3   2.6 
Obs:
1868 -99.0 -99.0 -99.0 -99.0 -99.0 -99.0 -99.0  18.4  10.7   7.1   1.2  -2.1 
1869  -5.0  -2.6  -0.7   5.6  15.4  18.0  21.1  20.7  13.7   5.7   2.7  -2.6 
1870  -4.7  -0.2  -3.3   7.7  13.7  19.3  20.8  15.2  13.4   5.9   2.8  -6.2 
1871  -0.7  -4.8 -99.0   4.7   8.3  17.2  19.3  16.3  13.8   6.8  -3.9 -10.8 
1872  -7.7  -8.2  -2.8   1.6   9.1  14.4  15.8 -99.0 -99.0   6.7  -3.7  -7.3 
1873  -4.8  -8.9   3.4   1.6   8.5  13.8  21.3  18.8   9.7   2.6   0.2 -11.1 
1874  -5.5  -6.9  -4.1   4.3  11.9  13.8  21.9  17.7  11.2   6.9  -4.8  -3.9 
1875 -17.8  -5.1  -2.9   3.6  10.1  13.8  20.6  18.4  12.4   8.7  -2.9   0.4 
1876  -7.9  -0.5  -2.2   4.9   9.5  14.4  17.8  15.8  12.7   6.9  -1.2  -5.4 
1877  -8.2  -0.5   0.6   4.1   8.8  13.4  19.9  20.6 -99.0   4.4   0.0  -4.2 
1878  -3.6  -1.2   3.7   4.9   8.7  16.0  20.3  20.3   9.2   4.1   2.6  -7.9 
1879  -8.3  -5.8   0.3   7.9  10.4  14.3  19.1  19.3  13.9   7.9  -0.9  -8.9 
1880  -3.5  -6.9  -5.2   2.7   8.5  13.9  17.6  17.9  12.3   5.8  -8.7 -10.4 
1881  -9.6  -4.3   1.8   6.3  12.4  15.9  20.6  18.2   9.0   1.7  -4.5  -3.6 
1882  -9.2  -6.2  -3.6   3.7   8.9  14.9  19.0  21.8  12.8 -99.0  -3.9  -4.4 
1883  -9.8 -11.6  -0.6 -99.0   7.4  15.8  17.7  17.5  13.3   1.6  -0.6  -3.2 
1884  -8.2 -10.6  -2.5   3.9  11.8  17.4  17.7  18.6   8.8   6.9   1.8 -15.8 
1885  -7.3  -4.3   1.2   5.9  10.2  14.7  18.8  16.8  12.4   7.7   3.3  -0.5 
1886 -10.9   0.6  -2.5   4.9  12.9  16.6  21.6  20.1 -99.0 -99.0 -99.0 -99.0 
1887 -99.0 -99.0 -99.0 -99.0 -99.0 -99.0 -99.0 -99.0 -99.0 -99.0 -99.0 -99.0 
1888 -99.0 -99.0 -99.0 -99.0 -99.0 -99.0 -99.0 -99.0 -99.0 -99.0 -99.0 -99.0 
1889 -99.0 -99.0 -99.0 -99.0 -99.0 -99.0 -99.0 -99.0 -99.0 -99.0 -99.0 -99.0 
1890 -99.0 -99.0 -99.0 -99.0 -99.0 -99.0 -99.0 -99.0 -99.0 -99.0 -99.0 -99.0 
1891 -99.0 -99.0 -99.0 -99.0 -99.0 -99.0 -99.0 -99.0 -99.0 -99.0 -99.0 -99.0 
1892 -99.0 -99.0 -99.0   4.6   9.7  14.7  19.7 -99.0  14.4   6.9   1.9  -6.6 
1893  -5.6  -9.5  -2.7   2.8   9.2 -99.0 -99.0 -99.0 -99.0 -99.0 -99.0 -99.0 
1894 -99.0 -99.0 -99.0   5.6  11.8  14.6  17.8  18.7  11.4   6.4   4.0  -4.8 
1895  -6.9  -7.1  -0.4   7.3  10.5  12.7  17.9  17.2  10.8   6.5  -1.7  -6.1 
1896  -4.2  -0.3  -1.8   4.2   8.7  16.9  19.2  17.3  10.7   7.6  -4.6   0.9 
1897  -8.2  -3.9  -4.5   6.9  14.2  15.3  17.8  20.1  14.9   7.2  -2.1  -5.4 
1898  -7.1  -0.4  -3.3   7.4   9.9  15.3  17.9  20.1  12.3 -99.0 -99.0 -99.0 
1899 -99.0 -99.0 -99.0 -99.0 -99.0 -99.0 -99.0 -99.0 -99.0 -99.0 -99.0 -99.0 
1900  -0.7  -6.4   2.8   6.4  11.9  18.4  18.2  16.8  11.7   6.4  -1.2  -1.1 
1901  -5.3  -6.4   0.3   4.2  12.3  11.7  20.9  19.8   8.6   9.4   3.4  -3.8 
1902  -6.6  -1.8  -1.2   4.5  10.9  13.5  16.7  17.0  11.1   7.9  -0.4  -4.7 
1903  -3.2  -7.6  -2.4   3.3   8.4  16.0  15.9  18.0  10.2   8.6  -2.7  -3.7 
1904  -5.2  -5.3  -3.8   5.5   9.0  13.5  17.4  18.2  12.6   7.9   3.9  -3.5 
1905  -6.3  -8.4   2.1   4.7   7.3  12.3  17.5  18.1  13.2   2.9  -1.1  -5.9 
1906  -4.8  -4.1  -6.3   4.9   8.1  11.8  18.8 -99.0  12.4   6.8  -3.0  -2.9 
1907 -12.4  -2.4  -0.1   2.5   7.2  11.3  16.2  14.7  10.7   8.1   0.8  -4.3 
1908  -5.8  -4.8  -2.7   5.2   7.1  11.6  18.8  16.2  12.2   3.7   0.1  -6.2 
1909  -8.9  -4.6  -1.3  -0.2   7.0  14.5  17.6  17.9  11.4   6.2   0.4 -11.7 
1910  -8.6 -10.6   5.0   7.8   9.3  15.2  19.3  15.7   9.7   7.2   0.0  -4.9 
1911  -6.9  -8.8   2.1   2.8   7.9  15.0  16.3  15.2   8.9   3.1  -4.2  -7.1 
1912  -6.4  -3.5  -8.0   3.8   8.1  15.0  15.7  15.0   7.2   2.5   1.5  -5.8 
1913  -7.6 -10.7  -4.3   4.9   8.5  14.6  15.9  18.1  11.5   2.4   0.7  -6.9 
1914  -3.0  -6.0   0.0   3.9   9.8  13.1  18.6  16.8  11.2   6.0   3.1  -8.9 
1915  -7.3  -2.4   0.1   8.3   7.6  10.9  14.3  18.1   8.7   7.8  -1.7  -6.0 
1916 -17.3  -4.6   1.6   4.0   5.5  11.9  18.1  16.3  10.7   2.8  -4.6  -9.8 
1917  -9.5  -8.3  -6.8   1.0   7.6  13.0  20.7  17.6  13.0   5.2   3.5  -2.6 
1918  -8.1  -7.9   0.6   1.8   7.7  17.4  17.3  16.0  11.0   7.8  -3.1  -3.9 
1919  -3.0  -7.8  -1.5   5.9  10.0  17.9  21.2  19.2  11.9  -0.5  -5.3 -11.1 
1920  -5.1  -5.2  -4.9   0.4   7.8  13.2  18.6  17.2  11.7   4.0  -3.2  -4.6 
1921  -4.7  -2.1  -0.2   2.9   8.2  16.1  18.9  18.3   8.1   7.4  -2.2  -7.8 
1922 -11.2 -12.3  -3.5   2.2   8.4  16.0  17.0  19.3  14.2   8.0  -3.8  -9.3 
1923  -4.3  -8.8  -1.5   4.6   9.7  13.9  20.4  18.0  12.9   3.3   1.7  -7.0 
1924  -8.8  -2.6  -4.3   2.3  10.5  13.3  18.1  17.4  11.6   6.3  -2.5 -10.9 
1925  -4.1   0.0   0.1   5.8  10.9  13.8  19.8  17.5  10.6   0.4  -2.0  -2.4 
1926  -5.8  -2.7  -0.7   6.3   9.8  14.9  19.3  17.7   7.1   7.1   0.4  -7.5 
1927  -7.7  -4.8  -0.6   2.5   6.0  14.5  18.4  15.9  10.9   7.9   0.2 -11.6 
1928  -6.5  -6.9   0.4   3.5  12.9  12.2  18.7  16.9  12.6   5.2  -0.2  -6.6 
1929 -13.2 -10.3  -1.2   2.5   8.6  14.3  19.3  20.6   9.2   6.5  -2.7  -3.1 
1930 -17.5  -0.4  -2.3   8.9  10.9  15.0  19.3  19.1  12.6   3.6  -1.2  -6.6 
1931  -4.3  -4.4  -1.2   5.1  11.2  16.4  20.0  19.5  12.9   6.8  -3.8  -6.1 
1932  -9.5  -4.8  -5.3   5.0  10.4  14.8  19.1  18.3  12.6   4.2   2.9 -10.6 
1933  -5.8  -9.8   0.6   3.2   7.9  17.6  21.0  17.3  11.7   8.4   1.5  -0.3 
1934  -0.5  -1.3   3.1   8.8  14.0  14.8  20.1  19.9  10.3   8.5   3.2  -4.8 
1935  -5.9  -2.4  -2.9   2.0   7.9  13.9  19.4  18.3  13.7   6.2  -4.5  -5.5 
1936  -7.0 -15.5  -0.9   5.1  13.2  16.3  22.4  19.3  12.6   7.0  -3.6  -4.1 
1937 -19.1  -6.6  -3.4   2.7  11.0  13.9  19.6  18.5  13.6   8.8   0.7  -4.8 
1938  -4.9  -4.0  -0.7   4.2   8.2  15.1  18.3  17.9  16.1   6.5  -3.8  -3.1 
1939  -3.3  -9.3  -0.4   6.8  11.7  12.3  19.1  18.3  12.6   6.5   3.1  -1.1 
1940 -11.2  -4.7   1.5   4.4  12.1  16.1  19.9  19.3  13.7   8.4  -4.9  -3.1 
1941  -5.6  -3.9   1.6   4.7  11.0  14.8  18.9  18.3   8.9   5.2   0.8  -6.1 
1942 -10.3  -9.9  -3.4   5.5   7.6  12.2  18.8  18.1  12.1   7.0  -1.4  -3.1 
1943 -10.2  -3.5  -5.4   7.4   7.4  12.6  18.2  17.8  12.7   8.0   0.9  -5.5 
1944  -6.3  -5.2  -3.2   6.1  10.8  12.5  17.3  16.7  12.5   9.4  -0.8  -6.9 
1945  -4.5  -3.4   0.0   1.5   8.5  11.7  18.6  18.5  10.8   8.6  -1.6  -6.4 
1946  -5.9  -3.8   1.3   7.8   7.7  14.3  19.6  17.9  12.0   3.1  -2.1  -2.4 
1947  -7.0  -3.4  -0.1   5.1  11.7  12.1  20.1  18.2  11.9   8.9  -3.6  -5.0 
1948  -6.2  -6.3  -4.4   5.8  10.8  15.1  16.9  17.3  13.4   7.2  -2.0  -8.9 
1949 -15.8  -7.0  -2.0   8.0  11.6  13.2  18.8  19.5  12.6   3.4   5.0  -5.1 
1950 -11.3  -1.8  -2.1   4.0   7.8  13.0  16.4  16.2 -99.0   7.3  -1.0  -2.7 
1951  -9.7  -4.9  -5.5   4.1  10.3  10.6  18.4  16.0  10.6   4.5  -1.6  -8.1 
1952  -8.2  -5.2  -4.2   6.9  10.0  15.0  17.8  18.3  14.0   8.5  -3.1  -4.5 
1953   0.0  -3.2   1.4   2.6   7.4  13.9  19.9  19.1  14.5   9.0   2.9  -2.8 
1954  -7.1   0.8  -3.9   5.8  10.3  12.5  20.3  17.3  12.9   6.0   4.1  -4.8 
1955  -7.9  -7.7  -6.3   2.1   9.6  13.3  18.0  20.1  12.2   7.9  -5.6  -6.2 
1956  -7.0  -7.4  -1.6   4.1  10.5  16.2  19.0  16.5  14.2   7.1  -1.3  -2.6 
1957 -13.5  -4.0  -0.4   3.7  10.7  14.2  18.7  18.4  12.9   5.8  -2.0  -1.0 
1958  -4.0  -1.5  -2.3   3.9  14.6  14.4  16.4  19.1  12.3   8.5  -0.6  -2.9 
1959  -4.3  -6.7   0.3   4.8   7.2  15.7  18.9  17.5  11.2   5.7  -2.7  -2.4 
1960  -7.4  -6.9  -0.9   4.0   9.2  14.6  20.8  17.5  13.4   7.1  -0.3  -4.8 
1961  -3.8   1.1   1.7   3.5  10.4  18.1  20.4  20.4   8.6   5.0  -2.2  -6.3 
1962 -10.0  -5.2  -2.3   6.9   9.4  14.9  17.4  16.9  12.0   8.3   1.2  -1.7 
1963 -12.0   0.9   1.5   4.4  10.4  14.1  18.7  19.0  15.8  10.2   1.1  -6.0 
1964  -5.2  -3.9  -3.5   3.6  10.0  13.3  20.5  16.6  11.4   8.4  -1.1  -4.4 
1965  -2.5  -2.9  -5.5   5.2   8.0  13.8  18.1  16.6   6.2   9.4   1.9  -3.0 
1966  -4.4  -4.1   0.2   3.9  12.1  13.4  20.2  17.4  14.9   6.5   0.1  -3.9 
1967  -2.2  -1.0  -2.2   2.3   9.3  13.1  19.3  19.5  15.7   6.8  -0.7  -8.4 
1968  -7.2  -2.7   2.6   2.9   8.1  13.5  18.7  15.4  11.6   6.8  -0.4  -7.2 
1969 -10.0  -6.1  -3.6   7.3  11.8  12.9  18.2  19.4  14.3   2.6   1.7  -2.8 
1970  -5.2   0.8  -2.2   1.1  10.4  16.2  19.5  20.1  10.0   4.8   0.2  -5.4 
1971  -5.0  -2.0  -0.5   4.3  10.6  13.9  17.9  21.1  10.5   5.2   0.2  -7.1 
1972  -8.1  -1.3   4.2   4.3   9.8  16.0  17.2  19.2  10.7   4.9  -0.3  -8.3 
1973  -8.0  -4.9   0.3   3.0  10.1  14.9  19.4  19.0  11.6   7.9  -1.7  -2.3 
1974  -6.9  -0.7  -0.4   6.8   8.4  17.4  20.7  16.9  12.4   8.5   0.9  -4.5 
1975  -6.0  -6.6  -2.4  -0.3   7.6  12.9  20.3  16.4  12.5   6.7  -1.6  -2.0 
1976  -3.9  -1.6  -2.6   5.5  12.4  14.1  19.5  17.5  13.9   6.7   1.2  -1.8 
1977  -7.4   0.3  -1.4   8.1   9.5  16.8  18.2  17.2  12.5   7.6  -0.9  -4.6 
1978  -6.4  -3.9   2.1   6.3   9.2  14.8  18.3  17.7  13.6   8.2  -4.9  -9.3 
1979 -14.9  -4.6  -0.2   4.8  10.2  15.5  19.5  18.6  16.2   9.0  -2.7  -0.5 
1980  -9.2  -2.6  -1.5   7.6  11.5  14.9  18.9  16.4  13.1   7.5   0.8  -0.1 
1981  -1.0  -2.5   3.0   6.4   9.9  13.6  19.0  20.1  14.5   5.6   2.0  -3.1 
1982  -7.3  -5.3   0.2   2.5   8.6  13.9  18.0  19.5  11.9   6.5  -2.5  -5.2 
1983  -0.6   0.4   2.7   3.9   9.3  14.4  18.4  20.4  11.7   7.9   0.6 -13.0 
1984  -3.6  -1.1   1.2   4.6  10.6  13.7  19.3  19.7  10.5   4.2   0.7  -7.6 
1985  -8.5  -6.7  -1.3   7.3  12.6  15.8  21.5  17.2   9.4   5.5  -8.3  -7.0 
1986  -1.6  -3.0   5.6   5.5  10.8  17.8  17.0  19.2   9.7   7.9  -1.4  -4.8 
1987  -4.9  -0.6   2.6   9.9  12.8  16.6  17.8  16.4  14.6   8.8   1.0  -4.4 
1988  -6.9  -1.5   1.2   7.2  12.4  19.5  21.2  19.5  13.0  10.6  -0.1  -4.9 
1989  -4.6 -12.0  -0.9   5.9  10.1  15.4  21.2  17.5  13.4   6.9   2.3  -4.9 
1990  -2.9  -2.8   1.0   7.1   9.6  15.3  19.7  19.0  16.5   7.6   2.5 -10.1 
1991  -5.7   2.6   0.7   4.5   9.4  14.5  20.1  21.0  14.4   6.1  -2.1  -2.3 
1992  -2.9   1.6   5.6   7.8  12.9  16.2  16.4  17.4  13.0   9.0  -1.2  -8.2 
1993  -8.7  -7.7   2.7   5.5  12.9  13.6  14.3  15.5  12.1   7.1  -3.1  -2.6 
1994   0.3  -3.9   4.3   7.8  13.5  16.2  19.7  20.7  16.3   6.9  -2.1  -2.9 
1995  -4.3   0.2   1.2   5.6   9.9  15.2  19.5  19.6 -99.0 -99.0   2.8  -2.3 
1996  -6.3  -2.9  -1.3   7.4   8.7  16.7  21.0  20.2  13.2   7.3  -1.4 -99.0 
