Number= 752101
Name= JORDAN--------------
Country= USA---------
Lat=   47.3
Long=  106.9
Height= 789
Start year= 1905
End year= 1996
First Good year= 1905
Source ID= 30
Source file= New
Normals source= Data
Normals source start year= 1961
Normals source end year= 1990
Normals= -10.1  -5.6  -0.1   6.7  12.5  18.2  21.8  20.7  13.8   7.7  -1.0  -8.2 
Standard deviations source= Data
Standard deviations source start year= 1941
Standard deviations source end year= 1990
Standard deviations=   5.0   4.0   3.4   2.3   1.7   2.1   1.4   1.7   1.9   1.6   2.5   3.8 
Obs:
1905 -99.0 -11.5   3.5 -99.0   9.7  15.0  19.6  21.0 -99.0 -99.0 -99.0  -7.2 
1906  -7.1  -4.6  -6.1   7.4  11.2  15.2  19.7  17.0  15.9   8.0  -2.8  -8.3 
1907 -17.2  -7.5  -0.9   3.2   6.8  15.4  18.9 -99.0 -99.0   8.8   1.2  -4.2 
1908  -6.2  -5.1  -1.7 -99.0   8.7  14.8  22.4  18.4  14.8   5.0  -1.2  -5.0 
1909 -15.4  -7.5 -99.0   0.3 -99.0  16.6  22.2  21.5  16.4   6.0  -0.2 -13.6 
1910  -8.8 -11.7   5.9  10.1  11.3  20.7  24.3 -99.0 -99.0  11.8  -1.6  -7.6 
1911 -15.3 -13.7 -99.0 -99.0 -99.0 -99.0 -99.0 -99.0 -99.0 -99.0  -8.0  -7.3 
1912 -14.8  -7.7 -99.0 -99.0 -99.0 -99.0 -99.0 -99.0   9.8   6.8   1.6 -99.0 
1913 -13.0 -10.3  -5.2   8.9  12.7 -99.0 -99.0 -99.0 -99.0 -99.0 -99.0 -99.0 
1914 -99.0 -99.0 -99.0 -99.0 -99.0 -99.0 -99.0 -99.0 -99.0 -99.0 -99.0 -99.0 
1915 -99.0 -99.0 -99.0 -99.0 -99.0 -99.0 -99.0 -99.0 -99.0 -99.0 -99.0 -99.0 
1916 -99.0 -99.0 -99.0 -99.0  10.5  16.1  24.3 -99.0 -99.0   4.9   0.7 -12.3 
1917 -12.1 -14.1  -6.9   3.6  10.0  15.1  24.1  19.7  13.8   5.2   3.1 -12.3 
1918 -14.7 -10.0   1.5   4.8  11.5  20.2  20.7  18.5 -99.0  10.3  -3.3  -3.6 
1919  -2.3 -10.4  -7.1   7.1 -99.0  21.0  23.0  21.1  14.3   0.1  -6.0 -10.7 
1920 -10.1  -6.9 -99.0   1.6  11.9  15.7 -99.0 -99.0 -99.0 -99.0 -99.0 -99.0 
1921 -99.0 -99.0 -99.0   6.3  12.1  20.1  21.6  21.2 -99.0 -99.0 -99.0 -99.0 
1922 -99.0 -99.0 -99.0 -99.0 -99.0 -99.0 -99.0 -99.0 -99.0 -99.0 -99.0 -99.0 
1923 -99.0 -99.0 -99.0 -99.0 -99.0 -99.0 -99.0 -99.0 -99.0 -99.0 -99.0 -99.0 
1924 -99.0 -99.0 -99.0 -99.0 -99.0 -99.0 -99.0 -99.0 -99.0 -99.0 -99.0 -99.0 
1925 -99.0 -99.0 -99.0 -99.0 -99.0 -99.0 -99.0 -99.0 -99.0 -99.0 -99.0 -99.0 
1926 -99.0 -99.0 -99.0 -99.0 -99.0 -99.0 -99.0 -99.0 -99.0 -99.0 -99.0 -99.0 
1927 -99.0 -99.0 -99.0 -99.0 -99.0 -99.0 -99.0 -99.0 -99.0 -99.0 -99.0 -99.0 
1928 -99.0 -99.0 -99.0 -99.0 -99.0 -99.0 -99.0 -99.0 -99.0 -99.0 -99.0 -99.0 
1929 -99.0 -99.0 -99.0 -99.0 -99.0 -99.0 -99.0 -99.0 -99.0 -99.0 -99.0 -99.0 
1930 -99.0 -99.0 -99.0 -99.0 -99.0 -99.0  23.9  22.9  14.1   3.9  -1.1  -2.6 
1931  -1.9   0.1  -0.1   8.0  13.0  20.4  22.0  21.0  15.9   7.8  -2.0  -5.9 
1932  -8.9  -6.6  -4.2   8.5  13.4  18.1  21.8  20.8  12.8   4.9  -0.4 -10.6 
1933  -7.4 -10.6   2.3   5.7  11.6  21.8  23.8  20.7  14.4   7.0   1.3  -8.8 
1934  -4.4  -1.3   0.7   7.9  17.2  18.1  23.8  20.5  11.3   9.6   2.9  -8.3 
1935 -12.1  -2.9  -1.9   4.7  10.1  17.4  23.8  19.9  14.4   6.6  -4.0  -3.4 
1936 -14.0 -23.8   0.0   4.6  16.9  21.5  27.8  21.7  16.1   8.2  -0.3  -7.9 
1937 -20.2 -10.1  -1.9   6.7  15.0  18.5  23.4  21.8  15.7   8.4  -2.7  -9.2 
1938  -7.0 -11.6   0.4   6.0  11.1  18.1  21.5  21.9  18.0   8.8  -2.1  -4.4 
1939  -4.7 -12.7   1.0   8.5  15.2  15.5  24.7  21.2  15.9   7.2   2.8  -1.8 
1940 -15.1  -7.2   0.4   4.3  14.0  18.1  22.6  20.8  15.9  10.4  -5.1  -3.3 
1941  -5.7  -4.4   0.4   6.3  15.1  18.0  23.8  21.9  11.7   7.2   0.8  -3.8 
1942  -6.8  -7.6   0.7   9.3  10.9  14.8  21.4  20.1  14.1   7.9  -1.2  -7.5 
1943 -15.6  -5.0  -5.1  10.3  10.7  15.3  21.6  20.9  13.5   8.5   0.2  -3.2 
1944  -5.4  -6.3  -6.0   7.3  13.6  14.8  19.3  18.3  13.2   9.0  -3.2  -6.7 
1945  -9.4  -7.1   0.4   3.6   9.2  13.7  22.8  20.3  12.6   8.5  -2.3 -10.2 
1946  -4.2  -5.0   3.9  10.3  10.9  17.0  22.8  18.7  12.9   4.5  -3.7  -8.3 
1947  -7.6  -9.3  -5.8   4.9  11.2  16.0  24.8  22.4  13.9  10.3  -1.9  -3.5 
1948  -5.8  -8.5  -2.2   7.8  14.0  17.4  21.3  21.7  17.0   8.4  -0.2 -12.1 
1949 -16.1 -13.8  -2.3  10.7  14.9  18.5  21.9  22.8  13.9   6.4   4.9 -10.9 
1950 -23.3 -99.0  -4.9   4.4  10.7  15.9  20.1  19.0  13.6   8.2  -3.6  -5.0 
1951 -11.4  -6.6  -7.6   4.1  13.1  14.6  21.5  18.7  11.3   5.4  -2.0 -12.9 
1952 -14.6  -7.3  -6.9  10.4  13.2  18.2  20.3  20.1  15.8   7.2  -2.1  -6.4 
1953  -4.8  -3.1   1.5   3.3  10.0  17.4  21.5  20.6  14.8  10.7   2.4  -2.8 
1954 -14.6   2.0  -4.6   4.5  11.0  14.9  22.9  19.5  12.9   6.6   4.1  -2.2 
1955  -7.8  -7.9  -3.6   6.9  11.6  16.4  21.5  21.7  12.8   8.5  -8.0 -10.2 
1956 -12.9  -9.3   0.3   3.5  12.2  20.9  20.9  19.5  14.2   8.5   0.9  -4.4 
1957 -16.0  -8.2  -0.3   5.0  12.9  17.2  23.7  20.9  13.6   5.8   0.3  -1.0 
1958  -2.7  -7.9  -0.7   6.7  16.1  15.8  18.9  21.6  14.4   8.7  -1.4  -6.5 
1959 -11.6 -13.5   1.9   6.2  10.2  19.1  21.6  20.5  12.6   4.8  -4.1  -1.6 
1960 -11.6  -9.0  -3.4   6.1  12.7  17.7  24.4  20.4  14.8   9.0  -1.0  -5.3 
1961  -5.6  -0.1   4.0   5.1  12.9  22.1  22.6  23.3  10.8   7.5  -1.2  -9.1 
1962  -8.8  -7.5  -4.7   8.9  11.6  17.7  19.6  19.7  12.9   9.7   3.6  -3.8 
1963 -14.9  -2.1   3.7   6.2  11.6  17.5  22.1  20.3  18.1  11.4   0.9  -8.7 
1964  -5.1  -2.2  -2.5   6.8  12.9  16.9  23.3  19.2  12.0   8.8  -3.0 -15.3 
1965 -11.4  -7.9  -9.2   5.2  10.8  16.9  21.3  19.6   7.6   9.7  -1.2  -4.7 
1966 -14.7  -9.6   1.4   3.8  13.1  17.1  22.8  18.8  16.3   7.4  -3.7  -7.3 
1967  -6.4  -3.6  -2.4   3.2  10.8  16.5  21.8  21.0  16.2   8.8  -1.4  -9.3 
1968  -9.7  -5.1   3.7   5.3  10.4  16.4  21.4  19.2  14.6   7.8   0.0 -12.1 
1969 -20.6 -10.6  -4.7   9.4  12.7  16.1  20.1  22.7  16.3   3.8   2.4  -4.8 
1970 -12.8  -3.6  -2.1   3.8  11.7  19.4  22.0  22.2  13.5   5.5  -2.0  -8.7 
1971 -12.9  -6.6  -0.4   6.4  12.1  18.1  20.5  24.2  12.7   6.9  -0.1 -12.7 
1972 -14.8 -10.3   0.9   5.8  12.4  19.1  18.5  21.0  12.1   5.8  -0.7 -11.6 
1973  -6.4  -3.2   2.9   4.8  11.5  18.2  21.2  22.2  13.2   9.2  -4.4  -5.9 
1974  -9.4  -1.2   0.1   8.4   9.6  19.2  23.0  17.8  12.6   9.0   0.2  -4.0 
1975  -6.8  -9.5  -2.4   3.0  11.2  16.7  22.9  18.5  13.3   7.4  -2.0  -5.3 
1976  -7.5  -0.7  -0.6   7.9  14.2  17.4  22.6  21.2  15.6   6.0  -2.9  -4.5 
1977 -15.3  -0.7   1.5   9.3  14.9  20.2  21.8  17.7  13.9   7.5 -99.0 -10.5 
1978 -16.9 -12.0  -2.2   6.9  13.0  17.5  20.0  19.5  15.2   8.5  -6.0 -11.8 
1979 -18.8 -13.6  -2.1   4.3  10.7  17.5  22.1  20.7  16.2   9.2  -2.0  -2.5 
1980 -11.5  -4.9 -99.0  11.6  15.0  19.1  22.7  18.0  14.3   8.2   2.0  -6.2 
1981  -2.7  -3.6   3.6   8.8  13.3  16.2  21.9  21.9  15.8   7.1 -99.0  -7.4 
1982 -18.2  -9.4  -1.8 -99.0  10.6  16.2  20.7  21.5  13.1   7.0  -3.6  -5.1 
1983  -4.4   0.1   2.0   5.2  10.9  17.4  22.7  24.7  13.6   8.2  -0.4 -18.4 
1984  -5.2   0.3 -99.0   7.2  12.5 -99.0  23.8  23.5  11.3   5.5  -0.7 -13.7 
1985 -11.4  -9.0   0.8   9.3  15.5  17.2  23.6  18.9  10.9   6.1 -99.0  -9.0 
1986  -2.6  -8.8   5.9   6.3  12.5  21.2  20.5  20.7  11.4   8.9  -2.5  -3.2 
1987  -3.9  -0.6   2.0  10.8  15.0  19.6  21.6  18.0  14.9   7.3   1.4  -5.1 
1988 -10.4  -5.4   2.1   7.9  16.4  25.5  23.3  21.7  13.9   8.0  -0.7  -5.4 
1989  -8.2 -14.1  -2.6   6.3  12.6  17.5  23.3  20.3  14.1   7.6   1.1  -9.1 
1990  -4.6  -3.9   2.6   7.4  12.1  18.5  21.5  22.0  17.6   7.5   0.8  -9.9 
1991 -11.5   1.8   2.0   6.8  12.6  18.3  22.0  23.5  15.2   5.8  -2.6  -2.7 
1992  -2.3   0.3   4.6   8.0  14.1  18.6  17.8  18.7  13.8   8.5   0.0  -9.8 
1993 -14.6 -12.3   2.3   7.2  14.1  16.6  17.0  18.2  12.8   7.5  -3.4  -2.5 
1994  -9.0 -10.8   4.6   8.2  15.1  18.8  22.1  22.8  17.6   8.7  -0.2  -4.9 
1995  -4.8  -1.3   0.8   5.6  11.8  19.2  21.9  22.8  15.4   8.2  -0.3  -8.1 
1996 -14.0  -4.5  -4.2   8.0  11.0  20.0  21.9  23.2  14.7   8.5  -5.8 -99.0 
