Number= 753081
Name= HOLDENVILLE---------
Country= USA---------
Lat=   35.1
Long=   96.4
Height= 262
Start year= 1901
End year= 1996
First Good year= 1901
Source ID= 30
Source file= New
Normals source= Data
Normals source start year= 1961
Normals source end year= 1990
Normals=   2.8   5.5  10.5  16.1  20.4  24.7  27.6  27.1  22.8  17.0  10.5   5.0 
Standard deviations source= Data
Standard deviations source start year= 1941
Standard deviations source end year= 1990
Standard deviations=   2.4   2.3   2.2   1.5   1.2   1.2   1.3   1.4   1.5   1.6   1.6   2.1 
Obs:
1901 -99.0 -99.0 -99.0  14.7  20.2  25.1  28.6  27.4  23.2  19.0  12.1   4.7 
1902   4.0   3.4  11.7  17.0  21.3  25.3  26.0  28.7  20.0  17.5  13.7 -99.0 
1903   7.0   4.6  12.5  16.7  19.4  21.3  26.4  26.7  22.1  17.2   9.5   5.8 
1904   4.5   7.8  15.2  15.3  19.6  24.1  26.7  26.8  24.1  18.1  13.4   6.1 
1905   1.1  -0.5  15.8  16.0  21.7  26.6  25.2  27.0  23.3  15.0  11.9   4.4 
1906 -99.0 -99.0 -99.0 -99.0  20.2  23.9  24.7  25.0  24.0  15.0 -99.0   7.2 
1907   7.2 -99.0  16.0  12.7  16.4  23.9  27.2  28.8  23.7  16.5   8.9   6.0 
1908   5.4   7.3  14.6  16.1  19.7  23.4  25.7  26.9  22.6  15.4  10.9   7.1 
1909   5.3   7.5  11.1  15.6  19.7  24.6  29.0  28.9  23.8  17.5  14.9   0.8 
1910   4.9   2.8  16.5  15.5  18.0  24.6  27.5  27.7  26.6  17.6  10.7   4.2 
1911   5.8   7.4  13.2  15.6  21.4  29.0  27.6  27.3  26.9  17.1   8.3   4.4 
1912  -0.4   3.6   7.0  15.1  20.8  23.4  28.9  26.8  22.9  18.1  10.8   4.5 
1913   4.1   2.7   8.8  16.3  20.0  25.0  29.4  30.0  21.8  14.9  14.4   4.8 
1914   7.1   3.3   9.9  14.9  18.8  27.1  30.3  27.1  24.3  16.9  12.7   0.6 
1915   3.9   7.0   5.1  17.8  19.5  24.0  26.0  24.4  24.4  17.6  13.4   7.0 
1916   2.7   5.0  12.6  13.9  20.9  24.4  28.4  29.5  23.5  18.2  11.3   4.3 
1917   5.6   5.3  12.5  15.6  17.5  25.1  28.0  26.3  22.7  13.4  11.5   0.5 
1918  -3.0   6.5  14.0  14.5  21.3  27.5  27.9  30.2  20.7  18.8   9.2   6.0 
1919   4.0   5.2  10.5  15.8  19.3  24.1  28.0  28.3  23.3  17.1   8.2   3.3 
1920   2.2   5.9  10.3  14.6  21.4  23.7  27.1  25.0  23.7  17.4   7.9   5.5 
1921   6.8   7.4  13.9  14.0  20.6  24.7  27.0  28.2  27.0  18.1  12.1   7.2 
1922   2.5   7.8   9.4  16.1  20.8  25.1  26.5  27.8  24.4  17.7  10.8   7.4 
1923   8.6   4.0   8.2  15.7  18.8  25.3  29.1  29.6  24.0  14.6  10.3   7.0 
1924   1.0   5.4   5.9  15.5  17.8  26.8  27.2  30.0  22.1  19.5  12.2   2.1 
1925   2.6   9.5  13.1  19.2  19.2  28.9  28.7  27.3  25.7  13.6   9.7   3.9 
1926   3.1   9.1   7.9  13.3  20.5  24.8  26.4  27.4  23.8  18.4   8.8   5.0 
1927   4.1   9.5   9.8  17.4  21.6  24.5  26.5  24.9  23.4  19.7  13.7   3.5 
1928   5.2   7.2  12.0  14.1  21.3  23.9  27.3  28.0  22.3  19.8   9.4   6.3 
1929   2.4  -0.3  12.0  17.9  18.8  24.7  27.4  28.6  22.7  17.0   5.3   6.7 
1930  -3.6  10.8   9.7  18.5  19.4  24.4  29.1  28.7  25.5  16.5  10.4   5.3 
1931   5.9   8.6   7.4  13.8  17.9  26.1  28.0  26.0  27.1  19.9  14.2   7.8 
1932   5.2  10.2   7.6  16.9  19.5  25.0  28.0  27.4  23.4  15.9   7.6   3.7 
1933   8.9   5.0  11.4  15.7  20.9  25.9  28.6  25.5  25.2  16.7  11.3   8.8 
1934   6.0   5.8   8.9  16.5  20.9  27.6  31.0  30.9  21.1  18.3  12.3   5.5 
1935   6.0   7.5  13.5  14.3  18.1  23.0  28.5  28.5  21.4  16.9   7.7   4.4 
1936   2.4   1.4  13.9  15.5  21.6  27.3  30.2  31.5  25.8  15.2   8.8   7.8 
1937   0.8   5.6   8.3  16.4  21.6  26.1  28.1  29.2  24.3  17.4   9.1   4.7 
1938   6.3   9.1  15.2  15.5  20.7  25.1  28.0  28.8  24.9  20.8  10.2   6.5 
1939   7.6   4.6  13.1  15.6  21.9  25.9  29.2  28.6  27.6  20.1   9.6   8.3 
1940  -3.1   5.0  13.2  15.2  20.1  24.5  26.3  26.1  22.4  19.4   8.5   6.8 
1941   6.0   4.8   8.2  16.7  22.4  24.2  28.1  27.8  24.2  19.1  10.6   7.1 
1942   3.1   5.5  10.5  17.1  19.6  25.3  27.2  26.8  22.2  17.1  12.2   5.8 
1943   3.8   8.4   7.5  18.7  20.6  26.7  29.5  30.9  23.3  16.4  10.1   3.2 
1944   4.2   7.5   9.4  15.8  20.4  26.0  27.4  28.4  22.7  18.1  11.4   3.0 
1945   4.1   5.4  12.7  15.5  19.4  23.1  26.1  26.3  22.8  16.1  11.6   2.7 
1946   4.2   9.1  13.4  18.2  18.6  24.4  28.1  28.0  22.6  19.1  10.9   8.6 
1947   4.5   3.5   7.0  15.5  19.6  25.0  25.7  28.7  24.9  21.1   8.6   6.5 
1948   0.8   3.9   8.2  19.9  20.8  25.8  27.6  26.8  24.1  16.9  10.4   7.3 
1949   0.7   5.8  10.6  15.5  22.0  26.0  28.5  26.1  21.1  16.8  12.6   7.0 
1950   4.7   8.4   9.3  15.5  20.6  24.9  25.0  24.9  21.9  20.1   9.3   4.7 
1951   4.4   6.8  10.1  15.1  21.1  24.5  28.2  30.3  23.3  18.1   7.5   5.8 
1952   8.0   8.6   9.0  14.2  20.6  27.7  28.1  29.9  24.4  15.6   9.8   4.9 
1953   6.4   7.6  13.2  13.7  20.5  29.1  26.8  26.1  23.6  18.0  10.2   5.5 
1954   4.1  11.5   9.9  19.3  18.2  25.9  31.0  29.9  26.5  18.4  11.1   6.4 
1955   4.5   5.5  10.7  18.8  22.0  23.5  29.4  27.2  24.5  17.1   9.7   4.7 
1956   3.2   6.3  11.2  15.3  22.9  25.9  28.7  29.9  25.6  20.0   9.3   7.5 
1957   1.9   8.9   8.7  14.8  19.7  24.2  29.6  26.6  21.7  14.8   8.7   8.4 
1958   4.5   3.3   6.3  14.8  20.8  25.3  27.3  26.9  23.5  16.8  12.0   4.0 
1959   2.3   5.9  10.7  15.7  21.6  24.7  26.0  27.4  23.3  15.9   7.0   7.5 
1960   3.7   3.1   4.7  17.1  19.4  25.5  26.9  26.6  24.2  18.6  11.9   3.9 
1961   2.9   7.7  12.0  14.9  19.9  23.4  26.0  25.7  22.2  17.6   9.4   4.0 
1962   1.0   8.8   8.9  14.3  23.2  24.2  27.5  28.0  22.6  18.8  10.1   5.7 
1963   0.0   6.0  12.2  18.1  21.0  26.2  28.5  28.0  24.0  22.4  12.0   1.3 
1964   5.4   4.5  10.0  18.2  21.1  25.0  28.9  27.6  22.7  16.2  12.1   5.4 
1965   5.4   5.4   5.0  18.4  21.1  24.9  28.6  26.9  23.6  17.6  13.9   8.8 
1966   1.5   5.0  11.8  15.3  20.1  25.0  28.7  25.2  21.5  16.3  12.8   4.4 
1967   5.5   5.3  14.0  18.0  19.2  25.3 -99.0  26.3  20.9  16.5   9.8   5.2 
1968   3.0   4.3  10.4  15.7  19.4  24.8  26.3  26.4  21.6  17.0   9.1   4.2 
1969   3.9   5.9   6.3  16.1  20.4  23.7  29.5  27.1  23.2  15.9  10.2   5.6 
1970   0.4   6.1   7.8  16.2  21.2  24.2  27.2  28.4  23.8  15.9   8.8   8.4 
1971   3.8   5.1   9.5  15.4  18.7  25.3  26.7  24.8  22.7  18.3  11.1   7.3 
1972   3.7   6.9  11.9  16.8  20.0  25.7  26.4  27.1  24.2  16.6   6.8   2.8 
1973   2.2   5.1  12.4  13.8  19.8  23.7  26.7  26.4  22.7  18.5  12.6   6.0 
1974   3.3   8.4  13.9  16.6  22.4  23.1  28.5  26.3  18.6  17.9  10.4   5.1 
1975   5.6   3.9   7.8  16.1  21.1  23.9  26.5  26.8  20.7  18.1  10.9   5.6 
1976 -99.0 -99.0  11.7  16.3  17.6  23.1  26.0  26.2  22.1  13.7   7.1   4.5 
1977  -1.0   8.6  11.9  16.8  22.0  26.0  28.5  27.3  24.8  17.1  11.5   5.5 
1978  -3.2  -1.2   8.8  17.2  20.9  24.7  29.7  28.2  26.2  18.1  11.4   4.4 
1979  -3.3   1.3  11.0  15.3  18.5  24.0  26.8  26.5  22.4  18.5   8.2   7.0 
1980   4.3   4.5   9.5  15.1  20.9  26.9  30.5  30.0  25.6  15.2   9.5   6.7 
1981   4.3   6.8  11.1  18.8  19.0  25.4  28.3  26.2  22.8  16.6  11.4   5.4 
1982   2.8   4.0  12.3  14.3  20.6  23.2  27.4  29.0  23.3  16.9  10.5   7.2 
1983   4.0   5.9   9.4  13.0  18.9 -99.0  27.3  29.5  23.9  17.6  11.2  -2.3 
1984   1.1   7.8   9.2  14.3  20.3  25.6  27.2  27.5  21.9  17.0   9.9   7.6 
1985  -0.6   2.7  12.6  17.0  20.5  24.2  26.9  28.1  23.4  17.1   9.8   2.4 
1986   5.8   7.4  12.4  16.7  20.2  25.2  29.2  26.1  23.5  16.3   7.5   4.8 
1987   3.1   7.9   9.8  16.2  22.1  24.4  25.9  27.6  21.7  14.8  10.4   5.2 
1988   1.5   5.2  10.0  15.4  20.7  25.3  27.3  27.9  23.6  15.3  11.1   6.3 
1989   6.2   1.0  10.1  16.8  20.8  23.0  25.9  25.9  20.2  17.6  11.6   0.4 
1990   7.3   8.4  11.0  15.4  19.8  26.0  26.4  26.7  24.2  15.7  12.9   3.7 
1991 -99.0   8.8  11.9  16.6  21.8  24.8  26.9  26.6  21.5  17.2   7.7   6.9 
1992   5.0   9.8  11.8  16.2  19.0  23.1  26.3  23.6  21.8  16.9   8.5   4.9 
1993   3.0   4.4   9.2  14.3  19.6  24.8  28.7  28.2  21.3  14.4   7.4   6.5 
1994   3.2   5.3  12.6  16.6  19.7  26.7  26.7  25.9  22.1  17.9  11.7   7.0 
1995   5.6   8.5  11.4  15.6  19.7  23.5  27.7  28.4  22.3  16.9  10.3   5.2 
1996   3.2   8.0   9.1  15.7  22.6 -99.0  27.5  25.4  21.6  17.0   8.4 -99.0 
