Number= 753083
Name= KINGSTREE-1SE-------
Country= USA---------
Lat=   33.7
Long=   79.8
Height= 18
Start year= 1882
End year= 1996
First Good year= 1882
Source ID= 30
Source file= New
Normals source= Data
Normals source start year= 1961
Normals source end year= 1990
Normals=   6.5   8.3  12.9  16.9  20.9  24.5  26.3  25.8  22.8  17.0  12.5   8.2 
Standard deviations source= Data
Standard deviations source start year= 1941
Standard deviations source end year= 1990
Standard deviations=   2.7   2.3   1.9   1.2   1.1   1.1   1.0   0.8   1.1   1.6   1.8   2.2 
Obs:
1882 -99.0 -99.0 -99.0 -99.0  20.2  25.3  25.6  25.2  22.3  17.6 -99.0 -99.0 
1883 -99.0 -99.0 -99.0  17.2  20.3  26.1  27.6  26.2  21.0  17.6 -99.0 -99.0 
1884 -99.0 -99.0 -99.0  15.6  23.0  24.2  27.4  26.1  23.3  18.9 -99.0 -99.0 
1885 -99.0 -99.0 -99.0 -99.0  21.1  25.0  25.5  24.8 -99.0 -99.0 -99.0 -99.0 
1886 -99.0 -99.0 -99.0  17.9  21.5  25.3  26.7  25.7  23.3  16.7 -99.0 -99.0 
1887 -99.0 -99.0 -99.0 -99.0  22.4  25.1  28.1  26.0  21.5  15.8 -99.0 -99.0 
1888 -99.0 -99.0 -99.0  19.7  22.9  27.9  27.1  27.0  23.3  18.4 -99.0 -99.0 
1889 -99.0 -99.0 -99.0 -99.0  21.8  24.5  26.6  23.8  22.3  16.7  12.9 -99.0 
1890 -99.0 -99.0 -99.0 -99.0  21.6  27.4  26.0  25.9  23.6  18.1  13.7 -99.0 
1891 -99.0 -99.0 -99.0 -99.0  20.9  26.9  25.8  26.5  23.5  15.3   9.9 -99.0 
1892 -99.0 -99.0 -99.0 -99.0  21.9  25.7  26.1  26.4  22.6  17.1  11.1 -99.0 
1893 -99.0 -99.0 -99.0 -99.0  20.7  24.0  26.8  26.2  25.5 -99.0 -99.0 -99.0 
1894 -99.0 -99.0 -99.0 -99.0  21.5  24.0  24.6  26.0  25.2  19.5  12.1  11.1 
1895 -99.0 -99.0 -99.0  16.7  20.3  25.0  26.9  26.4  24.0  17.0  14.2  10.1 
1896   9.1  10.8  12.4  19.5  24.7  25.4  27.3  26.4  23.0  15.6  14.6   6.7 
1897   6.9  12.0  14.6  16.9  20.7  26.0  27.1  25.5  22.3  18.0  12.6   9.7 
1898  11.1   6.9  15.4  14.0  23.5  26.2  26.8  25.9  23.8  17.2  11.4  10.2 
1899   9.3   8.3  13.8  15.6  23.0  25.9  25.9  27.0  22.0  17.1  11.7   8.5 
1900   7.5   8.1  10.8  16.2  20.4  23.3  25.9  26.7  23.5  18.4  12.7   7.5 
1901   8.6   7.6  12.0  13.0  21.0  23.4  25.9  24.5  21.9  15.3   8.8   7.3 
1902   6.4   6.1  12.1  14.5  21.4  23.8  26.1  24.2  21.3  17.2  14.1  10.3 
1903   8.2  10.7  16.0  15.0  20.9  22.8  25.6  26.0  22.3  16.0   9.6   6.2 
1904   6.1   9.1  13.4  14.2  20.2  23.3  25.4  23.9  22.7  16.6  10.9   9.5 
1905   8.5   6.6  15.9  16.4  23.7  25.7  27.2  25.5  24.9  18.7  11.3 -99.0 
1906  12.7  11.4  13.9  19.5  21.5  26.1  25.9  26.8  25.4  17.6 -99.0 -99.0 
1907  14.4  11.4 -99.0  15.2  22.2  24.8  27.5  25.8  24.9  16.1  12.5  10.9 
1908  10.7  10.5  17.8  20.0  22.6  24.1  26.1  25.0  22.2  16.9  14.1  13.5 
1909  12.5  13.8  13.7  18.2  20.7  25.5  24.9  25.9  21.8  16.7  14.3   8.2 
1910   9.1   9.1  15.9  17.6  21.4  24.5 -99.0  25.6  24.2  19.2  10.1   7.3 
1911  10.7  11.6  11.0  15.4  21.6  26.6  25.9  25.6  25.5  18.9   9.7  10.0 
1912   5.5   6.6  12.3  18.2  22.7  23.8  25.5  25.8  24.8  17.4  10.2  10.3 
1913  13.9  10.6  15.1  15.8  21.6  23.5  26.9  25.4  21.8  16.2  11.1  10.1 
1914   9.6   8.9  10.9  18.1  22.2  26.2  26.0  25.7  21.5  18.4  11.0   8.6 
1915   9.6  10.7   7.5 -99.0  23.1  23.9  26.8  25.6  24.2  19.4  13.4   7.5 
1916  13.2  10.4  12.5  16.8  23.2  24.2  25.4  26.2  21.8  17.7 -99.0 -99.0 
1917  11.3  10.0  13.9  18.7  19.6  24.3 -99.0  25.5  21.4  15.3   9.4   4.5 
1918   4.2  12.4  15.6  16.6  22.6  24.0  24.7  26.2  20.9  19.7  11.6  12.4 
1919  10.8  10.1  15.0  16.7  22.5  23.7  25.5  25.4  22.1  22.9  13.4   9.1 
1920   9.7   7.6  11.1  17.5  20.2  25.1  25.9  25.4  23.8  16.3   9.9   8.7 
1921   8.4  10.6  16.4  17.7  20.8  26.0  26.2  25.7  26.1  17.0  13.7  10.9 
1922   7.6  13.1  13.4  18.1  21.8  24.8  25.9  23.5  22.8  17.6  12.0  12.1 
1923  11.1   9.3  13.8  16.8  20.5  24.4  25.9  25.9  23.6  16.6  10.6  12.7 
1924   8.4   8.0  11.2  17.4  20.9  25.9  25.8  26.6  22.1  16.3  11.7  10.5 
1925   8.0  12.8  14.3  18.7  20.4  25.9  26.5  25.9  27.0  18.6  10.9   7.7 
1926   7.9  11.1   9.4  16.2  21.7  24.7  26.2  27.2  24.7  18.7  11.0  11.1 
1927   8.6  14.6  13.3  17.3  22.3  24.1  25.0  24.1  23.9  18.4  13.9   9.2 
1928   8.2   9.0  12.9  16.4  20.1  24.4  25.6  25.8  22.1  19.1  11.3   9.2 
1929  10.1   8.9  15.3  18.4  21.4  23.7  25.2  25.9  22.8  16.9  12.9   8.1 
1930   9.2  11.6  11.2  17.8  22.9  23.6  27.9  24.5  25.1  15.5  10.4   6.3 
1931   7.7   9.5  10.0  16.4  20.8  25.0  27.3  25.7  24.9  18.2  14.5  13.5 
1932  14.0  13.3  11.9  17.1  20.7  25.3  27.7  25.7  22.8  18.0  12.0  11.6 
1933  12.1  11.1  13.6  16.9  24.4  25.7  25.8  25.9  25.3  18.0  11.3  12.7 
1934   9.9   6.3  12.8  18.0  20.3  26.0  27.8  26.6  24.0  17.5  13.8   8.6 
1935   9.2  10.0  17.1  17.5  21.9  25.9  25.8  25.7  22.5  17.4  14.0   4.3 
1936   6.7   7.3  14.5  16.7  21.7  24.6  27.0  26.2  24.6  18.8  11.6   9.6 
1937  15.0   8.8  12.1  16.9  21.3  25.9  26.1  25.9  21.5  16.1  10.7   7.1 
1938   8.1  12.2  16.6  17.2  22.3  23.9  25.3  26.5  22.9  16.0  14.3   8.4 
1939  10.1  13.4  15.4  17.3  20.8  26.5  26.4  25.6  24.1  18.7   9.6   8.5 
1940   2.1   8.5  11.9  16.2  20.0  25.9  26.2  25.1  21.5  16.5  12.4  10.5 
1941   7.5   5.7   9.9  18.1  21.1  24.6  26.6  26.5  24.1  20.6  12.8   9.9 
1942   7.8   5.2  12.9  17.2  21.7  25.3  27.2  25.2  23.6  17.7  13.0   7.4 
1943   8.6   8.8  11.4  16.0  22.1  27.2  26.3  26.3  21.1  16.1  10.6   7.0 
1944   7.1  10.7  12.1  16.5  22.7  26.8  25.3  25.0  23.7  16.5  10.3   4.9 
1945   6.5   9.8  17.0  19.3  19.9  25.5  26.2  24.8  24.3  16.4  12.9   4.8 
1946   8.2   9.8  15.1  17.2  21.0  24.5  25.3  24.2  21.9  17.2  14.4   9.9 
1947  10.3   5.2   7.9  18.7  21.7  24.0  24.2  25.3  23.1  19.4  10.1   7.4 
1948   4.1   8.2  13.9  18.6  21.6  25.3  26.4  24.7  22.5  14.8  14.8   9.7 
1949  12.5  12.6  12.9  16.3  21.3  24.3  26.4  25.9  22.0  19.4  11.1   9.3 
1950  13.4  11.4  11.4  15.8  22.1  25.6  25.5  24.7  21.8  18.0  10.0   4.6 
1951   7.9   8.2  12.9  15.8  19.6  25.0  25.9  25.9  22.6  19.0   9.6   8.6 
1952  11.0   8.6  12.6  15.7  21.9  27.3  25.9  25.8  22.3  14.5  11.5   6.5 
1953   9.6   9.7  13.4  15.8  23.6  24.6  26.1  25.1  22.4  17.4  10.8   8.4 
1954   8.8  10.5  12.0  18.8  18.6  25.3  27.1  26.8  23.7  17.1   9.8   5.9 
1955   6.0   8.7  14.4  18.2  21.8  22.3  26.2  26.3  23.5  16.9  10.5   6.2 
1956   5.1  11.6  12.6  16.1  21.9  25.2  27.1  25.9  21.1  18.0  11.3  12.5 
1957   8.4  12.3  12.1  18.2  21.7  25.2  25.9  24.9  24.3  14.9  12.8   8.7 
1958   4.3   4.7  10.5  17.0  21.6  24.4  27.0  26.6  22.7  15.2  14.0   5.3 
1959   6.4  10.1  11.7  17.7  22.7  24.5  25.6  26.1  22.9  18.9  12.2   8.0 
1960   7.4   7.6   6.4  18.2  21.1  24.6  26.0  25.9  23.1  18.4  12.5   4.7 
1961   5.1  10.1  14.8  14.3  19.8  23.8  25.5  25.3  23.8  15.8  13.9   8.9 
1962   6.7  11.0  10.7  15.9  24.0  24.1  26.2  25.4  22.1  17.8  10.4   6.0 
1963   5.1   5.4  14.5  17.5  20.3  24.3  25.1  25.9  21.0  16.8  11.9   4.2 
1964   6.3   6.7  13.0  17.2  21.6  25.3  24.5  24.9  22.5  15.6  14.3   9.7 
1965   7.7   8.6  11.6  17.2  23.2  23.5  25.1  25.7  22.9  16.3  12.3   7.5 
1966   5.0   9.4  11.8  16.3  21.2  22.9  26.6  25.4  22.4  17.0  11.6   7.3 
1967   8.6   7.3  14.0  18.4  19.7  22.9  25.0  24.9  19.5  15.3   9.9  10.7 
1968   4.5   4.0  11.6  17.5  20.0  24.3  25.9  26.8  22.4  17.7  11.3   6.2 
1969   5.0   6.9   9.8  17.4  20.0  25.4  27.0  23.9  21.5  17.0   9.7   5.2 
1970   2.5   6.3  12.6  17.4  20.2  23.6  25.9  25.0  22.9  17.4  11.2   9.6 
1971   7.5   8.5  10.4  16.1  19.7  25.2  25.8  25.8  23.5  19.7  12.0  13.3 
1972  11.0   7.3  12.8  16.2  19.2  22.2  25.4  25.0  22.9  16.3  11.4   9.7 
1973   6.9   5.6  14.7  16.1  20.5  24.7  26.0  25.4  23.2  17.0  12.9   7.8 
1974  14.7   9.6  15.0  16.8  22.0  23.9  25.9  25.2  22.6 -99.0  11.6   8.5 
1975  10.4  11.2  12.6  15.6  22.5  24.3  24.5  26.1  23.4  18.5  12.6   8.0 
1976   5.9  11.7  15.5  16.8  19.8  23.3  25.5  24.6  21.9  14.3   8.9   6.9 
1977   1.9   7.0  15.0  18.7  21.8  25.2  29.1  26.2  24.6  15.4  14.0   7.7 
1978   4.2   4.2  11.7  17.6  20.8  25.1  27.1  26.7  24.4  16.9  15.8   9.1 
1979   5.9   6.3  13.6  18.6  21.2  23.2  26.1  27.5  23.6  17.0  14.0   7.6 
1980   8.3   5.8  11.2  17.8  21.3  24.6  27.2  26.2  25.0  15.1  10.7   6.9 
1981   3.5   8.6  10.8  19.2  20.0  27.7  27.1  24.9  21.8  16.0  11.7   6.7 
1982   5.5  10.9  14.4  16.4  22.2  25.1  26.5  25.5  21.9  16.6  13.8  12.2 
1983   5.8   8.1  12.8  14.6  20.7  24.1  27.1  27.0  23.0  18.3  11.6   7.7 
1984   5.6  10.0  12.6  16.1  20.4  24.9  25.5  25.8  21.2  19.9  10.3  12.0 
1985   3.9   8.7  14.0  17.8  21.2  25.1  25.8  25.1  22.4  20.2  17.8   6.9 
1986   5.8  11.6  13.4  18.0  21.8  26.1  29.6  26.4  24.3  18.9  15.4   9.2 
1987   6.5   7.7  12.6  15.2  22.0  25.5  27.3  27.8  24.2  14.3  13.5   9.6 
1988   4.2   8.3  12.9  16.8  20.4  23.7  26.8  27.5  23.1  14.6  12.6   6.6 
1989   9.9  10.4  13.4  16.1  19.6  25.9  26.2  25.5  23.4  17.5  12.7   3.1 
1990  10.1  12.4  14.2  15.9  21.0  24.1  26.9  26.0  22.8  19.3  13.7  11.2 
1991   8.5  10.9  14.4  18.9  23.5  25.1  27.7  26.2 -99.0  17.4  10.7   9.8 
1992   7.3  10.4  11.8  15.7  18.8  23.6  27.3  25.6  23.1  15.3  13.4   8.1 
1993   9.5   7.8  11.2  14.8  21.5  26.0  29.2  26.6  24.6  18.0  13.2   7.2 
1994   5.5   9.7  14.1  18.1  19.8  26.0  26.6  25.1  22.3  16.6  15.1  10.1 
1995   7.8   7.3  14.1  18.4  22.8  24.6  27.6  26.8  22.7  19.6  10.6   6.7 
1996   6.9   8.8  10.5  16.3  22.3  24.9  27.0  25.7  22.7  17.1  10.4 -99.0 
