Number= 753080
Name= STATESVILLE-2NNE----
Country= USA---------
Lat=   35.8
Long=   80.9
Height= 289
Start year= 1866
End year= 1996
First Good year= 1866
Source ID= 30
Source file= New
Normals source= Data
Normals source start year= 1961
Normals source end year= 1990
Normals=   2.2   4.0   8.8  13.5  18.4  22.0  24.0  23.4  20.1  14.1   8.7   3.9 
Standard deviations source= Data
Standard deviations source start year= 1941
Standard deviations source end year= 1990
Standard deviations=   2.5   2.1   2.1   1.3   1.3   1.3   0.9   0.9   1.2   1.7   1.5   2.1 
Obs:
1866 -99.0 -99.0 -99.0 -99.0  21.9  20.3  23.9 -99.0  19.9  13.9   7.1   0.2 
1867  -1.6   7.2   5.4  13.7  15.7  19.3  22.0  21.6  21.1  12.4   7.6  -1.0 
1868  -0.5   1.1   8.7  11.1  17.2  19.6  24.8  21.4  19.8  12.2   2.6   0.0 
1869   4.3 -99.0   6.8  13.1  15.4  19.8  22.8  22.6 -99.0 -99.0 -99.0 -99.0 
1870 -99.0   2.8   5.2  12.4  17.8  20.9  23.1  22.0 -99.0  12.1   5.2  -3.2 
1871   2.6 -99.0  10.6  14.5  17.3 -99.0  20.4  23.3 -99.0  13.9   6.9   1.7 
1872  -0.1   3.4   5.4 -99.0  19.4  19.7  23.3 -99.0 -99.0 -99.0 -99.0  -0.6 
1873 -99.0   4.9   6.9  12.5 -99.0 -99.0 -99.0 -99.0  20.5 -99.0 -99.0 -99.0 
1874 -99.0   4.9   9.1  11.3  17.4  22.9  21.8  19.5  19.2  12.8   6.7   3.8 
1875 -99.0 -99.0   6.9  10.9  19.4  20.6  20.9  19.8  17.6  11.9   6.4   5.7 
1876   6.6   6.9   6.3  14.2  18.6  23.1  24.3  23.6  18.6  12.6   8.3  -0.7 
1877   2.1   4.4   4.8  13.9  16.8  21.5  26.1 -99.0  20.8  16.2   8.6   9.6 
1878   4.1 -99.0  13.7  18.0  21.3  22.6  25.8  23.8 -99.0 -99.0 -99.0 -99.0 
1879 -99.0   4.1  11.9  14.4 -99.0  21.1  23.9 -99.0 -99.0 -99.0 -99.0 -99.0 
1880  10.0   8.3   9.8  14.6  21.1  22.3 -99.0  22.1 -99.0 -99.0 -99.0 -99.0 
1881 -99.0 -99.0 -99.0 -99.0 -99.0 -99.0 -99.0 -99.0 -99.0 -99.0 -99.0 -99.0 
1882 -99.0 -99.0 -99.0 -99.0 -99.0 -99.0 -99.0 -99.0 -99.0 -99.0 -99.0 -99.0 
1883 -99.0 -99.0 -99.0 -99.0 -99.0 -99.0 -99.0 -99.0 -99.0 -99.0 -99.0 -99.0 
1884 -99.0  10.8  11.4  14.4  21.4  21.3  20.6  23.6  24.3  19.5  10.1   6.6 
1885   3.9   2.6   7.6  15.6 -99.0  24.0  25.2  23.9  21.4  13.9   9.4   5.6 
1886   2.1   4.2   8.3  14.9  19.2  21.0  22.8  23.9  21.7  13.9   7.9   2.5 
1887 -99.0   8.1   7.3  13.9  20.5  21.8  24.4  21.4  19.9  12.8   8.1   4.2 
1888   3.8   8.3   8.1  15.3  17.8  22.0  23.1  22.8  18.7  12.1   9.4   3.7 
1889   4.4   2.7   9.2  15.6  20.3  20.9  23.6  21.9  20.2 -99.0 -99.0 -99.0 
1890 -99.0 -99.0 -99.0 -99.0 -99.0 -99.0 -99.0 -99.0 -99.0 -99.0 -99.0 -99.0 
1891 -99.0 -99.0 -99.0 -99.0 -99.0 -99.0 -99.0 -99.0 -99.0 -99.0 -99.0 -99.0 
1892 -99.0 -99.0 -99.0 -99.0 -99.0 -99.0 -99.0 -99.0 -99.0 -99.0 -99.0 -99.0 
1893 -99.0 -99.0 -99.0 -99.0 -99.0 -99.0 -99.0 -99.0 -99.0 -99.0 -99.0 -99.0 
1894 -99.0 -99.0 -99.0 -99.0 -99.0 -99.0 -99.0 -99.0 -99.0 -99.0 -99.0 -99.0 
1895 -99.0 -99.0 -99.0 -99.0 -99.0 -99.0 -99.0 -99.0 -99.0 -99.0 -99.0 -99.0 
1896 -99.0 -99.0 -99.0 -99.0 -99.0 -99.0 -99.0 -99.0 -99.0 -99.0 -99.0 -99.0 
1897 -99.0 -99.0 -99.0 -99.0 -99.0 -99.0 -99.0 -99.0 -99.0 -99.0 -99.0 -99.0 
1898 -99.0 -99.0 -99.0 -99.0 -99.0 -99.0 -99.0 -99.0 -99.0 -99.0 -99.0 -99.0 
1899 -99.0 -99.0 -99.0 -99.0 -99.0 -99.0 -99.0 -99.0 -99.0 -99.0 -99.0 -99.0 
1900 -99.0 -99.0 -99.0 -99.0 -99.0 -99.0 -99.0 -99.0 -99.0 -99.0 -99.0 -99.0 
1901   3.8   1.9 -99.0   8.1  16.1  20.9  23.7 -99.0 -99.0 -99.0 -99.0 -99.0 
1902  -0.8  -1.9   6.5  11.1  18.8  20.9  23.3  21.8  18.8  13.5  10.1   0.9 
1903   0.7   3.2  10.1  11.0  16.8  18.9  23.0  22.3  17.9  13.0   5.1  -0.8 
1904  -1.0   0.4   7.9   9.8  16.2  20.4  21.7  21.4  18.8  11.7   6.1   0.8 
1905 -99.0  -2.6   9.3  12.6  18.3  22.2  22.6  20.9  20.2  13.1   7.1   1.3 
1906   3.0   2.4   4.8  13.8  16.4  21.1  21.7  23.1  20.8  12.0   7.3   3.1 
1907   5.6   2.1  11.6   8.4  15.4  18.6  23.3  22.0  20.2  11.3 -99.0 -99.0 
1908 -99.0 -99.0 -99.0 -99.0  16.7  20.6  23.0  21.9  18.2  12.8 -99.0 -99.0 
1909 -99.0 -99.0 -99.0  14.0  16.4  22.4  22.7  22.0  18.0  12.4  11.0   0.7 
1910   1.6   1.7  11.3  12.9  16.4  19.7  23.6  22.0  20.1  14.3   5.0  -0.4 
1911   3.8   5.9   6.7  10.1  18.1 -99.0  22.8  21.9  22.0  15.1   5.3   5.0 
1912  -0.6   1.2   6.7  13.7  17.4  19.9  22.1  21.8  21.5  14.5   7.8   3.9 
1913   5.7   3.6   8.8  11.8  17.7  20.8  23.8  21.6  17.5  13.4   8.2   4.2 
1914   3.1   1.1   5.0  12.1  17.9  24.6 -99.0  22.8  18.5  14.6   7.4   1.7 
1915   2.5   4.6   3.7  14.0  18.4  20.4  23.1  22.1  20.3  15.3   9.2   1.7 
1916   4.8   3.8   7.5  12.3  19.8  21.0  23.3  23.4  18.8  14.0   8.1   2.2 
1917   4.6   3.1   7.0  14.1  14.8  22.0  23.4  22.3  18.6  11.0   7.4  -1.5 
1918  -2.5   5.7  11.0  11.6  19.9  21.8  21.9  23.8  17.0  15.9   8.1   6.2 
1919   3.8   3.1   9.1  13.2  17.8  22.4  24.1  22.5  20.4  19.4   9.6   2.6 
1920   2.1   2.2   7.3  11.3  15.9  21.5  23.0  22.1  20.3  14.9   7.1   3.2 
1921 -99.0 -99.0 -99.0 -99.0  16.2  23.2  24.3  23.0  23.6  13.8   9.9 -99.0 
1922 -99.0 -99.0 -99.0 -99.0 -99.0 -99.0 -99.0 -99.0 -99.0 -99.0 -99.0 -99.0 
1923 -99.0 -99.0 -99.0 -99.0 -99.0 -99.0 -99.0 -99.0 -99.0 -99.0 -99.0 -99.0 
1924 -99.0 -99.0 -99.0 -99.0 -99.0 -99.0 -99.0 -99.0 -99.0 -99.0 -99.0 -99.0 
1925 -99.0 -99.0 -99.0 -99.0 -99.0 -99.0 -99.0 -99.0 -99.0 -99.0 -99.0 -99.0 
1926 -99.0   5.4   5.2  12.2  17.8  21.4  24.1  23.9  21.2  14.7   5.2   3.9 
1927   2.8   8.0   8.9  13.2  18.3  20.0  23.0  21.3  20.4  15.1  10.1   3.7 
1928   2.6   3.1   8.3  10.9  16.2  20.7  23.8  23.8  17.2  15.1   8.4   3.7 
1929   3.2   2.4  10.0  14.6  17.2  20.9 -99.0  22.5  20.5  12.2   8.8   3.5 
1930   3.7   6.4   6.9  13.4  19.0  21.1  25.1  21.9  21.9  12.8 -99.0   0.2 
1931 -99.0   5.3   5.4  12.3  16.9  22.1  24.6  22.9  22.1  15.8  12.2   7.7 
1932   7.4   7.8   6.9  13.1  17.6  22.7  25.7  23.6  20.1  13.9   6.0   5.0 
1933   6.6   4.0   8.1  12.9  20.5  24.2  24.2  23.4  22.3  14.3   7.7   6.1 
1934   4.4   0.3   6.3  13.1  18.2  23.7  25.3  23.7  20.5  13.9   8.7   3.3 
1935   2.7   3.9  10.6  12.6  17.6  23.1  23.5  22.7  19.0  13.6   8.9  -1.3 
1936  -0.4   0.7   9.0  11.0  19.8  22.2  24.6  23.4  19.9  14.1   7.1   4.4 
1937   6.8   3.7   7.5  12.2  18.0  23.4  24.0  23.6  18.0  11.4   6.2   2.7 
1938   2.6   6.2  11.3  13.5  18.8  21.0  23.7  24.8  20.5  14.9  10.1   3.7 
1939   4.5   6.5  10.2  13.1  18.4  24.6  24.1  23.5  21.9  15.7   6.3   3.8 
1940  -3.1   3.5   6.5  12.8  17.9  23.4  23.8  22.8  19.2  14.9   8.2   5.8 
1941   3.1   1.7   5.4  14.9  20.1  22.7  24.1  24.3  22.1  18.0   8.8   5.9 
1942   2.0   1.9   9.1  15.1  18.6  23.2  24.7  22.9  19.8  14.5   8.9   2.5 
1943   3.7   5.1   6.5  12.3  19.4  25.1  23.7  25.0  18.4  13.1   7.7   3.9 
1944   3.3   6.0   7.9  12.9  20.1  24.3  23.2  22.9  20.2  14.3   7.9   1.3 
1945   2.8   4.7  13.7  15.5  17.1  23.6  23.8  23.3  21.6  13.5   8.9   0.4 
1946   3.6   5.6  11.9  14.7  17.2  22.5  23.6  22.5  20.0  14.5  10.7   6.3 
1947   5.6   0.9   4.7  15.1  18.6  22.0  22.7  24.0  20.4  16.1   6.8   3.7 
1948  -0.2   4.5  10.8  15.3  18.7  22.9  25.1  22.9  19.2  13.1  10.7   6.3 
1949   8.1   7.8   9.3  12.8  18.5  23.5  24.7  23.2  18.5  16.1   7.9   5.2 
1950   9.0   6.2   7.3  12.9  19.1  22.5  22.8  22.1  18.8  16.0   6.9   1.5 
1951   3.7   5.5   8.9  13.0  18.3  22.7  24.5  24.0  20.4  16.8   5.9   4.6 
1952   6.7   5.8   8.6  13.8  18.9  25.6  25.3  22.8  18.9  12.3   8.9   4.3 
1953   5.9   7.0   9.9  14.3  21.4  23.2  24.7  23.7  19.3  15.8   9.0   4.0 
1954   4.1   7.4   8.3  15.8  15.9  23.2  25.3  24.8  22.1  15.6   6.6   3.3 
1955   3.4   5.2  10.7  15.5  19.6  20.4  25.0  24.4  20.5  14.1   8.1   2.3 
1956   2.6   6.4   7.4  12.1  18.8  22.3  24.2  24.1  19.2  15.3   8.2   9.2 
1957   5.0   8.2   8.5  15.8  19.9  23.2  24.1  22.6  21.2  11.9   9.2   5.2 
1958   0.3   0.5   6.1  13.1  18.9  22.7  24.8  23.9  20.2  13.6   9.9   1.8 
1959   2.9   5.8   7.0  14.3  20.3  21.7  24.0  24.5  20.1  15.3   7.9   4.4 
1960   4.0   3.4   1.1  14.7  16.9  22.1  23.7  24.1  20.6  14.7   8.1   1.0 
1961   1.0   5.6  10.2  10.6  16.5  21.1  23.0  22.4  20.9  13.0  10.8   3.6 
1962   2.5   6.5   7.2  12.0  21.2  22.0  23.5  23.0  19.0  15.0   7.1   2.1 
1963   1.3   1.2   9.9  14.7  18.0  21.3  22.8  22.8  18.5  14.5   8.9   0.0 
1964   2.5   2.6   8.5  14.2  18.7  22.8  23.3  22.5  19.3  11.7   9.8   5.2 
1965   3.5   5.0   6.9  14.5  20.7  20.5  23.1  23.1  20.5  13.0   8.7   4.4 
1966   0.2   3.3   7.2  12.4  17.9  20.5  23.6  22.5  19.3  13.1   8.6   3.7 
1967   4.3   2.8  10.1  15.7  16.7  20.4  22.8  22.0  17.0  12.9   5.7   5.6 
1968   0.7   0.1   9.0  13.5  16.8  21.5  23.5  24.0  18.9  14.3   8.0   1.6 
1969   1.2   3.4   5.2  14.4  18.3  23.3  25.1  22.6  19.2  14.5   6.8   2.2 
1970  -0.3   3.8   7.5  14.7  19.0  22.2  24.4  23.9  22.8  15.8   8.9   4.8 
1971   2.7   3.6   7.1  12.7  17.1  22.4  23.1  22.6  21.5  16.8   7.5   8.6 
1972   5.9   3.4   8.7  13.2  17.1  19.9  23.4 -99.0  20.8  13.1   7.6   6.4 
1973   2.8   3.4  11.1  13.0  17.1  22.4  24.0  23.5  21.8  15.2   9.6   3.6 
1974   8.2   5.3  10.9  13.6  18.5  19.9  23.1  22.8  18.7  12.6   7.6   3.9 
1975   5.0   5.4   6.9  12.4  19.3  21.5  23.2  24.2  19.7  15.3   9.6   3.5 
1976   0.5   7.8  10.6  13.4  17.0  21.0  23.3  22.1  18.5  11.4   4.7   2.5 
1977  -3.5   2.9  10.6  15.0  19.1  22.0  25.6  24.2  21.1  12.8   9.7   2.4 
1978  -1.5  -0.2   7.1  14.1  18.2  22.5  23.4  23.8  20.9  12.9  10.3   4.4 
1979   1.5   1.4  10.2  13.5  18.2  20.2  22.8  22.9  20.1  13.7   9.5   4.4 
1980   3.7   2.3   7.5  13.7  18.0  21.1  24.8  24.0  21.8  13.2   7.5   4.7 
1981   0.7 -99.0   7.2  15.7 -99.0  24.4  25.4  22.9  19.5  13.3   9.6   1.8 
1982   0.3   5.9   9.3  11.6  20.5  22.0  24.6  23.1  19.3  14.2 -99.0 -99.0 
1983 -99.0   3.5   9.1  11.0  18.1  21.4  24.9  24.8  20.2  14.6   8.6   2.1 
1984   2.1   5.9   8.3  12.0  17.7  23.2  23.6  23.6  18.8  18.6   7.3   8.9 
1985   0.5   4.5  10.8  15.0  19.3  22.7  23.3  22.7  19.8  16.7  13.4   2.8 
1986   2.5   6.4   9.2  15.3  19.4  24.9  26.8  23.2  21.3  15.9   9.9   4.0 
1987   2.2   3.7   8.4  13.0  20.2  23.9  26.1  25.8  21.3  11.3   9.5   5.4 
1988   0.2   4.1   8.9  13.9  17.9  22.6  25.1  25.6  19.9  11.3   9.0   4.0 
1989   5.5   5.6  10.0  13.9  17.2  23.2  24.6  23.6  20.6  15.0   8.8   0.6 
1990   6.5   8.2  10.8  12.4  19.5  23.1  24.4  24.5  21.2  15.8  10.1   7.3 
1991   4.2   6.6  10.6  15.4  21.3  22.8  25.7  23.8  19.7  15.0   8.2   6.9 
1992   5.0   7.1   8.6  13.3  16.6  21.3  25.6  22.5  20.3  12.9   8.7   4.2 
1993   5.3   3.8   7.8 -99.0  19.5  23.5  26.9  24.6  21.7  14.4   8.8   3.6 
1994   1.9   5.6  10.7  15.9  17.6  24.6  25.4  23.7  19.9  14.4  10.8   7.4 
1995   4.4   4.8  10.9  15.8  19.6  22.8  25.9  26.0  20.5  15.9   8.1   3.4 
1996   2.9   6.0   8.0  14.5  20.6  23.7  25.6  24.3  21.0  15.8   7.4 -99.0 
