Number= 753141
Name= PALMERTON-----------
Country= USA---------
Lat=   40.8
Long=   75.6
Height= 124
Start year= 1917
End year= 1996
First Good year= 1917
Source ID= 30
Source file= New
Normals source= Data
Normals source start year= 1961
Normals source end year= 1990
Normals=  -2.3  -0.9   3.9   9.5  15.4  21.0  23.6  22.7  17.6  11.7   6.1   0.4 
Standard deviations source= Data
Standard deviations source start year= 1941
Standard deviations source end year= 1990
Standard deviations=   2.6   2.1   2.0   1.6   1.5   1.3   1.1   1.2   1.2   1.6   1.5   2.3 
Obs:
1917 -99.0 -99.0 -99.0 -99.0  11.6  21.6 -99.0 -99.0 -99.0 -99.0 -99.0 -99.0 
1918 -99.0 -99.0   4.4   8.7  18.0  19.7  23.6  24.5  15.5  13.0   5.5   3.0 
1919   1.2   1.3   5.2   9.6  16.0  22.8  24.1  21.2  17.9  13.8   5.4  -3.3 
1920  -5.8  -3.0   3.3   7.7  14.3  20.8  22.3  22.9  17.9  13.8   4.3   1.8 
1921  -0.4   0.3   8.2  13.4  15.4  22.3  25.9  21.0  19.7  10.4   4.8  -0.1 
1922  -3.7  -0.4   3.9   9.6  16.5  22.4  23.8  21.9  18.5  12.2   5.7  -0.4 
1923  -2.4  -3.7   3.1  10.1  14.7  23.5  23.7  21.9  18.5  10.5   4.0   3.7 
1924  -0.6  -1.5   3.4   8.3  13.6  20.3  23.7  21.9  16.4  11.5   4.2  -0.3 
1925  -4.5   1.5   4.6  10.2  13.3  23.7  22.7  22.3  17.7   6.7   2.9  -0.7 
1926  -2.2  -2.5   0.1   6.4  15.1  18.2  23.9  22.7  16.5  10.0   4.7  -2.6 
1927  -1.7   1.7   5.2   7.8  13.6  19.2  23.6  19.5  17.8  12.3   7.5   1.0 
1928  -0.3  -0.9   2.4   8.2  14.1  19.3  24.9  24.4  15.7  11.9   6.3   2.1 
1929  -1.5  -1.5   5.9   9.9  14.6  20.7  22.9  20.4  17.8   9.6   4.8   0.3 
1930  -2.4   0.5   2.9   7.9  16.1  22.2  23.5  22.5  19.3  10.1   5.5  -0.3 
1931  -0.7   0.0   2.9   8.9  15.2  21.3  25.2  22.5  19.7  12.4   8.7   3.6 
1932   5.2   1.7   1.2   7.8  15.1  20.7  23.0  23.1  17.7  11.7   3.6   0.8 
1933   2.8  -0.9   2.5   9.6  16.3  22.3  23.6  22.5  18.4   9.8   2.6  -0.8 
1934   0.2  -7.8   1.1   9.2  16.8  23.3  24.9  20.9  18.5   9.8   7.0  -0.2 
1935  -3.4  -1.5   4.6   8.5  13.3  20.9  24.9  22.6  15.7  10.7   7.2  -2.5 
1936  -4.2  -5.8   5.9   8.0  16.6  20.8  24.1  23.6  17.9  11.1   3.0   2.0 
1937   2.5   0.1   0.8   8.6  16.1  21.9  23.4  24.0  16.0  10.0   4.7  -0.3 
1938  -1.8   0.3   5.3  10.6  14.8  20.9  24.6  24.3  16.0  12.2   5.6   1.0 
1939  -1.2   1.2   2.8   7.7  17.2  21.8  23.8  24.8  18.1  11.4   4.2   1.3 
1940  -5.8  -0.7   0.3   7.2  15.3  21.0  24.4  21.3  17.3   9.6   5.5   2.4 
1941  -1.9  -1.5   0.6  13.5  16.7  21.9  24.4  21.6  18.7  13.9   7.2   2.4 
1942  -2.1  -1.1   5.1  11.9  17.1  21.3  23.8  21.7  18.0  12.4   5.7  -1.3 
1943  -0.8  -0.8   3.2   5.8  15.8  24.1  24.5  22.9  16.8  10.8   3.8  -0.9 
1944   0.0  -0.8   1.0   7.6  18.1  21.2  23.9  23.2  17.9  10.3   5.3  -2.0 
1945  -6.0  -1.0   8.7  11.3  13.7  20.4  22.5  21.5  18.4  10.1   5.3  -3.0 
1946  -1.0  -2.0   7.1   8.4  14.3  19.3  22.3  19.7  17.6  13.1   6.9   1.0 
1947   0.6  -3.4   1.0   8.8  14.6  19.3  22.4  23.2  17.3  14.1   3.6  -0.6 
1948  -6.2  -2.9   3.8   9.7  14.6  19.9  23.3  22.5  17.8  10.7   8.4   0.3 
1949   2.3   1.7   4.5   9.8  15.2  22.6  25.6  23.3  16.1  13.9   4.7   1.2 
1950   3.6  -1.1   1.2   7.4  14.6  19.8  22.7  21.5  15.6  12.5   5.1  -1.5 
1951   0.1   0.1   3.8   9.7  15.7  20.2  23.1  21.7  16.9  12.3   2.7   0.7 
1952   0.3   1.3   2.7  10.4  13.5  22.0  24.7  22.0  17.7   8.9   5.7   1.7 
1953   1.4   2.1   4.4   9.1  16.4  21.4 -99.0  21.6  17.8  12.3   5.6   2.6 
1954  -2.6   2.7   3.3  11.1  13.8  21.1  22.9  21.4  17.7  13.4   4.8   0.5 
1955  -2.3  -0.3   3.7  11.4  16.4  19.6  26.2  24.5  16.9  12.3   4.2  -2.7 
1956  -1.3   0.6   1.4   7.8  14.2  21.1  21.3  21.7  15.6  11.5   5.0   2.9 
1957  -3.7   1.1   3.7  10.8  15.1  22.5  22.9  20.8  17.8  10.1   6.1   2.6 
1958  -1.6  -3.9   2.7  10.2  14.0  18.1  23.9  22.1  16.6  10.4   5.4  -4.1 
1959  -2.2  -1.7   2.3  10.4  16.8  21.2  23.0  23.3  19.5  12.7   4.9   1.5 
1960   0.2   0.9  -1.9  11.9  14.1  20.5  21.7  22.6  17.2  10.6   5.4  -3.7 
1961  -5.7   0.1   3.4   7.2  13.3  20.9  23.3  22.7  20.6  12.3   6.6  -0.6 
1962  -2.4  -1.9   3.2   9.5  16.6  21.3  22.2  22.0  15.1  11.3   3.7  -2.7 
1963  -3.9  -4.9   3.8   9.7  14.1  20.5  22.8  20.6  15.4  13.3   7.6  -3.5 
1964  -1.0  -2.0   3.8   8.4  16.5  20.5  23.2  20.7  17.3   9.4   6.5   0.8 
1965  -3.7  -0.8   1.6   7.6  17.5  19.9  22.3  21.8  18.1   9.9   5.0   1.5 
1966  -2.7  -0.8   3.8   7.3  13.5  21.6  24.5  23.2  15.8  10.0   6.4  -0.2 
1967   1.0  -3.1   1.8   9.1  11.4  21.9  23.0  21.3  16.0  10.7   3.1   1.3 
1968  -4.8  -2.7   5.3  10.9  13.2  20.9  23.8  23.1  18.5  12.4   5.4  -1.2 
1969  -2.1  -0.3   3.0  11.2  16.1  22.2  23.6  24.0  18.2  11.4   5.4  -1.3 
1970  -5.4  -1.3   2.2   9.7  17.1  20.7  24.8  23.8  19.7  13.2   7.1   0.3 
1971  -4.4  -0.1   2.8 -99.0  14.1  22.5  23.4  22.3  20.1  14.9   5.2   3.4 
1972  -0.1  -2.0   2.4   7.8  16.3  19.4  24.8  23.1  18.6   9.1   4.3   2.2 
1973   0.2  -1.2   7.1  10.2  13.4  23.3  24.8  25.0  18.7  13.6   6.7   1.9 
1974   0.4  -0.9   3.9  11.2  14.9  20.2  23.9  23.6  17.3  10.0   6.3   1.8 
1975   0.5   0.1   2.4   8.1  18.8  21.8  25.0  24.2  16.4  14.2   9.6   0.5 
1976  -5.3   2.7   4.9 -99.0  15.1  24.2  23.5  23.5  16.2 -99.0   1.8  -2.7 
1977  -6.9  -0.9   6.7  10.7  17.0  20.2  25.0 -99.0 -99.0  10.4   6.7  -1.2 
1978  -3.3  -5.5   1.5   8.4  15.2  20.8  22.7 -99.0  17.1  11.2   6.8   1.1 
1979  -1.6  -5.6   5.8  10.1  16.2  19.6  22.6  22.7  17.9  11.4   8.5   2.2 
1980  -1.3  -2.8   2.8  11.3  16.8  19.5  24.0  24.3  18.8 -99.0 -99.0 -99.0 
1981 -99.0   2.4   3.3  11.2  15.9  21.1  23.3  21.9  17.6  10.3   6.8   0.1 
1982  -4.6   0.8   2.7   8.0  16.4  18.8  22.9  19.8  17.6  11.7   7.7   5.1 
1983   0.1 -99.0   5.0   8.9  13.9  20.3  23.3  23.2  18.3  11.8   6.3  -0.9 
1984  -4.1   2.9   0.8   8.3  13.7 -99.0  21.5  22.3  15.7  14.2   5.7   3.8 
1985  -3.1   0.8   5.3  11.7  17.1 -99.0 -99.0 -99.0 -99.0 -99.0 -99.0 -99.0 
1986 -99.0 -99.0 -99.0 -99.0 -99.0 -99.0 -99.0 -99.0 -99.0 -99.0 -99.0 -99.0 
1987 -99.0 -99.0 -99.0 -99.0 -99.0 -99.0 -99.0 -99.0 -99.0   9.2   6.4   1.9 
1988  -4.2  -0.6   6.1   8.9  16.6  20.4  25.6  24.1  17.0   9.3   7.3   0.7 
1989   1.7   0.0   5.3   8.9  15.2  21.7  22.9  22.3  18.6  12.9   5.0  -5.4 
1990   3.8   3.3   7.2  11.9  15.2  21.6  24.4  23.1  17.6  14.8   7.9   3.1 
1991  -1.5   2.2   5.2  10.9  19.5  23.0  25.1  24.4  18.4  13.2   6.8   2.3 
1992   0.2   1.7   3.6  10.2 -99.0  21.0  23.4  21.8  18.3  10.5   7.1   1.7 
1993   1.2  -2.4   2.5  10.9  17.7  22.0  25.6  24.1  18.3  10.7 -99.0 -99.0 
1994 -99.0  -3.8   2.4  11.6  14.3  22.7  24.8  21.4  17.6  11.3   8.3   3.1 
1995   0.9  -2.1   6.3   9.0  14.8  20.7  24.4  23.5  17.6  13.7   3.3  -1.6 
1996  -3.3  -1.1   1.8   9.6  14.2  21.1  21.2  21.7  17.6  11.0   2.8 -99.0 
