Number= 753142
Name= GANN-VALLEY-4NW-----
Country= USA---------
Lat=   44.1
Long=   99.1
Height= 524
Start year= 1889
End year= 1996
First Good year= 1889
Source ID= 30
Source file= New
Normals source= Data
Normals source start year= 1961
Normals source end year= 1990
Normals= -10.4  -6.9  -0.9   7.0  13.5  19.0  22.7  21.3  15.7   8.8  -0.6  -7.9 
Standard deviations source= Data
Standard deviations source start year= 1941
Standard deviations source end year= 1990
Standard deviations=   4.0   3.7   3.4   2.4   2.0   2.0   1.6   1.7   1.8   1.7   2.4   3.3 
Obs:
1889 -10.4 -11.8 -99.0   6.7  10.4  17.0  18.6  18.2   9.7   3.2  -7.9  -3.6 
1890 -15.8 -10.6  -6.2   6.8  10.3  18.7  20.6  16.7  11.0   2.7 -99.0  -5.3 
1891  -5.3 -14.7  -9.7   6.1  12.2  15.6  17.5  16.7  15.7   6.5  -5.5  -2.5 
1892 -10.2  -6.7  -1.8   4.8   8.3  14.8  20.5  19.8  15.1   8.8  -3.9  -8.6 
1893 -10.0 -11.4  -5.8   2.2  10.7  18.9  20.9  18.8  13.4   5.2  -3.6  -7.8 
1894 -12.7 -10.7  -0.2   7.8  14.1  19.3  23.0  21.8  14.6   6.2  -2.7  -2.1 
1895 -12.8  -9.3  -1.7  11.2  13.1  15.7  20.0  19.5  15.2   4.7  -4.1  -4.1 
1896  -6.6  -2.4  -5.7   7.2  15.0 -99.0  20.9 -99.0  11.4   4.3 -13.0  -4.1 
1897 -11.7  -9.7  -7.7   6.0  12.9  16.1  20.7  17.6  18.6   7.6  -4.8  -7.4 
1898  -4.7  -4.2  -0.9   8.1  13.3  20.2  22.2  22.3  17.1   6.9  -1.9  -6.7 
1899  -8.6 -13.4  -7.6   7.6  14.0  20.7  23.7  23.7  16.1  10.4   5.0  -8.7 
1900  -3.7  -8.6   0.0  11.2  17.7  21.7  22.6  25.1  16.2  12.6  -2.5  -3.6 
1901  -6.5  -9.4   1.2   9.6 -99.0  17.5  24.3  20.5  12.0   8.1  -2.2  -8.5 
1902  -8.2 -10.1  -0.5   5.8  14.8  14.7  20.3  18.0  12.5   7.5  -1.6 -12.7 
1903 -10.9 -13.7  -2.9   7.1  13.5  16.3  20.3  18.6  12.2   8.4  -4.1 -10.9 
1904 -13.8 -14.0  -2.1   4.3  12.3  15.9  18.4  18.3  15.1   8.3  -0.1 -99.0 
1905 -14.7 -13.6   1.5   5.5   9.9  15.3  17.9  19.7  15.9   4.7   0.0  -6.2 
1906  -8.5  -7.3  -7.8   8.2  12.7  15.4  18.6  18.5  14.8   5.8  -2.6  -7.9 
1907 -16.8  -8.0   1.2   1.8   8.1  15.5  18.8  19.0  12.4   7.2  -1.0  -3.8 
1908  -5.4  -7.2  -2.0   7.3  10.0  14.9  21.9  17.5  18.2   5.8  -1.0  -8.5 
1909 -11.9  -9.0  -2.7   2.8  11.6  17.7  20.2  21.8  14.1   6.6  -1.9 -14.8 
1910 -12.6 -13.6   6.6   9.2  10.3  17.5  21.0  18.2  15.0  10.3  -3.8  -9.2 
1911 -12.1  -8.9   2.1   6.2  15.0  21.0  20.4  17.4  14.8   4.9  -6.7  -7.1 
1912 -15.7  -7.5  -6.3   7.4  12.7  16.2  20.0  18.0  11.4   8.3   1.2  -3.2 
1913  -7.8  -8.7  -4.9   7.8  11.1  19.4  19.6  21.5  15.4   5.8   2.4  -2.8 
1914  -3.0 -11.9  -2.7   6.1  13.2  18.4  22.8  18.9  14.9   9.1   1.2 -11.1 
1915 -10.2  -5.8  -8.7   9.5   9.6  14.5  16.8  16.2  12.6   8.4   0.3  -5.0 
1916 -16.1  -8.5  -1.4   4.9  11.5  14.6  23.5  19.3  13.3   5.3  -1.8 -13.4 
1917 -13.0 -14.7  -5.2   3.2  10.1  15.8  21.7  18.0  13.8   2.3   2.9 -13.2 
1918 -16.2  -9.2   2.6   3.9  13.4  18.5  19.1  19.8  11.3   8.5  -0.9  -5.1 
1919  -5.6 -10.7  -4.4   5.2  12.6  18.3  22.0  19.4  15.5   3.0  -7.3 -11.8 
1920  -9.9  -6.7 -99.0   1.3  13.3  17.6  20.6  18.0  14.6   9.7  -4.0  -7.4 
1921  -6.3  -3.9   0.5   6.8  12.7  21.6  22.4  19.3  13.6   7.5  -4.5  -7.7 
1922 -13.2 -14.9  -3.2   6.2  12.9  18.1  18.6  21.1  17.2   8.1  -0.8 -10.5 
1923  -6.9 -10.2 -99.0   5.1  12.6  17.6  22.6  18.1  15.6   6.4   0.8  -4.8 
1924 -14.9  -5.5  -3.8   6.0   9.2  15.6  20.2  19.5  14.4  12.6  -0.2 -12.3 
1925 -11.4  -4.6   1.7  11.5  12.7  18.6  21.6  23.4  19.1   1.3  -1.7  -7.6 
1926  -9.6  -3.5  -1.0   7.2  16.8  18.4  23.0  22.6  14.9   8.8  -4.5  -8.3 
1927  -8.2  -3.8   0.9   6.4  11.6  18.1  21.5  20.1  17.2  10.3  -4.1 -15.6 
1928  -8.0  -4.2   1.4   4.1  15.3  15.7  21.5  21.6  12.9   8.6  -1.0  -4.0 
1929 -16.8 -13.9   1.1   7.1  12.1  17.6  23.3  22.6  12.9   8.6  -4.3  -7.6 
1930 -14.9  -0.4  -1.2   9.0  11.2  18.4  25.1  22.3  16.1   6.5  -0.2  -4.4 
1931  -3.4   0.1  -1.4   7.9  12.4  22.9  24.5  22.1  19.6  10.2  -0.1  -6.4 
1932 -11.2  -6.7  -5.2   8.5  14.8  19.3  23.5  22.4  16.5   5.6  -1.1  -9.7 
1933  -3.8  -8.5   0.3   6.5  12.4  24.9  24.9  20.2  19.0   8.6  -0.1  -7.1 
1934  -5.5  -4.0  -0.7   7.8  20.0  21.3  24.8  21.4  13.1  10.4   2.4  -6.6 
1935  -9.7  -0.8   1.7   4.1   9.8  16.8  26.1  22.6  17.5   7.7  -2.4  -7.0 
1936 -16.8 -20.4  -0.9   4.3  15.7  20.4  28.3  24.7  17.9   7.6  -2.2  -6.7 
1937 -17.0 -10.0  -0.6   5.3  14.5  20.4  26.3  26.1  17.1   8.0  -2.4  -7.3 
1938  -8.5  -7.2   2.8   9.7  12.6  18.3  24.8  27.1  17.0  11.6  -1.5  -4.1 
1939  -3.1 -11.5   0.9   8.1  17.3  21.4  25.8  23.2  17.5   9.4   3.7   0.3 
1940 -15.5  -5.6  -1.8   6.0  13.9  22.4  26.9  22.7  17.0  12.5  -2.9  -3.5 
1941  -7.8  -7.2  -1.6   7.8  17.8  20.4  25.3  23.6  16.5   8.5   1.2  -1.6 
1942 -99.0  -8.6   1.2  11.7   8.7  17.5  21.1  20.8  12.9   8.5   0.3  -7.6 
1943 -13.3  -3.7  -4.0   9.5  11.8  18.2  24.4  22.3  14.8   9.7  -0.7  -4.4 
1944  -4.0  -8.7  -5.4   4.6  15.8  17.3  20.2  19.7  14.6   9.2  -0.2  -6.5 
1945  -6.2  -4.7   3.2   5.1  10.0  14.0  20.7  20.3  14.0   8.7  -1.1 -10.8 
1946  -6.4  -5.3   4.2  10.4  10.9  18.6  22.0  18.8  14.2   6.2  -1.3  -4.9 
1947  -5.2  -9.5  -2.8   4.5  10.3  15.4  20.9  24.4  16.1  13.5  -4.4  -7.9 
1948 -10.4 -10.9  -4.1   9.7  13.6  18.3  22.5  20.9  17.8  10.2   0.6  -6.0 
1949 -14.3 -99.0 -99.0 -99.0 -99.0 -99.0 -99.0 -99.0 -99.0   8.3   3.9  -7.5 
1950 -15.6  -8.9  -6.3   2.1  10.7  18.2  19.2  18.1  13.9   9.5  -2.5  -7.7 
1951 -10.9  -4.3  -7.6   4.4  12.7  14.8  20.2  19.3  12.0   6.8  -3.5 -12.0 
1952 -12.7  -5.5  -6.4 -99.0  12.9  20.4  22.7  20.9  17.5   6.6  -0.7  -6.0 
1953  -6.4  -6.4  -0.6   3.7  12.0  19.6  21.1  21.7  16.1  11.6   1.8  -6.0 
1954 -12.1   2.6  -3.0   7.8  10.9  17.6  23.4  20.8  15.4   6.4   2.9  -6.0 
1955  -7.9 -10.9  -2.5  11.0  15.9  17.3  24.9  23.8  16.1   8.9  -6.6 -12.7 
1956 -12.4 -12.2  -3.5   3.5  13.2  22.3  20.7  19.4  15.0  11.7  -0.7  -3.6 
1957 -13.5  -5.8  -2.2   5.2  11.6  16.8  23.5  21.4  14.0   7.8  -0.2  -1.5 
1958  -4.7  -9.3  -4.0   6.6  15.0  16.4  19.7  22.4  17.7   9.6   0.4  -8.0 
1959 -11.6 -10.7   1.7   6.8  12.9  21.4  22.5  23.2  14.2   5.3  -4.8  -2.0 
1960 -10.7 -11.0  -9.4   6.4  12.1  16.6  22.9  21.4  16.3   9.4   0.2  -9.0 
1961 -11.3  -5.4   1.2   3.3  11.4  19.1  21.2  22.2  13.6   9.2  -0.8  -9.6 
1962 -10.7  -9.3  -6.8   6.6  14.1  17.1  19.5  19.4  13.6   9.2   2.2  -5.8 
1963 -14.4  -5.5   2.6   6.7  13.4  20.6  22.6  20.5  17.0  13.8   1.3 -10.0 
1964  -6.0  -3.4  -4.3   7.9  15.2  18.8  24.3  19.3  15.0   9.1  -1.5 -11.0 
1965 -12.2  -8.2  -7.5   7.3  13.9  18.4  22.2  20.8   9.9  10.5  -0.1  -2.8 
1966 -15.1 -10.3   1.3   3.7  11.9  19.0  25.0  19.1  14.5   7.9  -2.0  -6.5 
1967  -7.4  -8.7   0.5   6.9  10.4  17.1  20.3  19.9  16.1   8.8  -0.6  -7.3 
1968  -9.9  -7.1   2.6   6.3  10.6  18.9  21.7  20.0  15.0   9.2   0.0  -9.7 
1969 -14.1  -7.4  -8.3   9.0  14.9  16.0  22.0  22.4  16.5   5.1   0.1  -6.6 
1970 -14.3  -4.8  -4.5   5.3  14.2  19.9  23.2  22.3  16.7   7.7  -1.7  -9.8 
1971 -13.5  -8.1  -1.4   7.6  11.8  21.1  20.5  22.6  15.6   9.2  -0.3  -9.5 
1972 -13.6 -10.9  -1.3   5.8  13.6  18.4  20.4  20.5  15.7   6.6  -2.5 -10.3 
1973  -8.3  -5.4   3.0   6.3  12.5  19.0  22.1  23.6  14.5  10.9  -2.0  -9.1 
1974  -9.7  -4.9   0.6   7.8  12.1  17.9  25.0  19.3  14.0  10.4  -0.1  -4.8 
1975  -8.1 -10.2  -4.3   3.8  14.2  18.2  24.4  22.1  14.4  10.1  -0.6  -5.9 
1976  -9.2  -0.7   0.0   9.3  13.6  20.7  24.7  24.0  16.7   6.2  -3.7  -8.1 
1977 -14.6  -3.0   0.6  10.2  17.2  20.2  23.9  19.2  16.0   8.1  -1.8  -9.5 
1978 -18.1 -14.2  -1.8   6.3  13.2  19.3  22.2  21.7  19.5   9.4  -2.3  -9.6 
1979 -17.0 -14.4  -1.7   5.3  11.4  18.7  21.7  20.1  18.8   8.9  -2.1  -1.6 
1980  -8.8  -7.8  -1.5   9.0  15.1  20.7  24.4  22.0  17.3   7.8   1.9  -5.7 
1981  -4.6  -3.7   2.6  10.9  12.5  19.1  23.1  21.2  17.6   8.2   3.3  -8.0 
1982 -16.5  -7.6  -1.6   5.1  14.3  16.2  22.4  20.7  14.7   7.8  -2.6  -4.7 
1983  -4.7  -1.6  -1.1   3.3  10.7  17.0  22.8  24.3  16.4   9.0  -1.0 -17.6 
1984  -8.1  -1.4  -3.2   6.0  12.2  18.7  21.8  22.5  13.4   8.2   0.4  -9.2 
1985 -11.8  -9.2   0.6   9.4  16.3  16.3  22.3  18.2  13.9   8.1  -8.2 -12.5 
1986  -6.2  -9.2   3.1   6.5  13.9  20.3  22.7  19.4  14.5   9.7  -1.4  -2.0 
1987  -4.2   1.1   1.5  10.9  16.9  21.7  24.6  20.4  16.9   7.3   3.1  -3.5 
1988 -12.6  -8.5   1.9   7.8  16.3  24.0  24.1  24.1  16.8   8.2   2.0  -4.8 
1989  -5.2 -12.5  -2.9   8.9  14.5  19.1  24.8  23.4  16.5  10.5   0.2 -11.0 
1990  -1.5  -3.2   2.9   7.9  13.1  19.8  22.0  22.3  19.3   9.0   3.3 -10.0 
1991 -10.9  -0.9   1.4   8.8  14.4  21.1  22.6  22.8  15.6   7.2  -3.6  -3.4 
1992  -3.0  -0.8   2.8   5.4  14.1  17.3  17.4  17.8  14.5   8.2  -1.5  -7.2 
1993 -10.5 -10.1  -0.3   5.9  12.3  16.3  19.1  20.0  11.9   7.2  -2.5  -5.6 
1994 -14.6 -12.8   1.3   6.6  14.9  19.4  20.3  20.0  16.6   9.7   0.7  -6.3 
1995  -9.4  -4.2  -1.6   2.8  10.9  19.1  22.2  23.0  15.1   7.4  -2.6  -6.2 
1996 -13.1  -7.0  -5.7   4.8  11.7  19.7  20.9  22.2  15.4   8.1  -5.5 -99.0 
