Number= 754094
Name= WORLAND-------------
Country= USA---------
Lat=   44.0
Long=  108.0
Height= 1237
Start year= 1907
End year= 1996
First Good year= 1907
Source ID= 30
Source file= New
Normals source= Data
Normals source start year= 1961
Normals source end year= 1990
Normals=  -9.1  -4.1   2.2   7.8  13.5  18.9  22.7  20.9  14.4   7.9   0.0  -7.4 
Standard deviations source= Data
Standard deviations source start year= 1941
Standard deviations source end year= 1990
Standard deviations=   3.6   3.1   2.3   2.0   1.5   1.7   1.3   1.4   1.7   1.5   2.6   3.0 
Obs:
1907 -99.0  -3.6 -99.0 -99.0 -99.0 -99.0  22.0 -99.0  14.1   9.8   1.1  -5.9 
1908  -6.8  -4.6  -0.3   9.6   9.4  16.1  21.4 -99.0  13.1   6.6  -1.2 -99.0 
1909 -99.0  -8.4   1.1   4.0  10.3 -99.0 -99.0 -99.0 -99.0 -99.0 -99.0 -99.0 
1910 -99.0 -99.0 -99.0 -99.0 -99.0 -99.0 -99.0 -99.0 -99.0 -99.0 -99.0 -99.0 
1911 -99.0  -4.9   3.6   5.9  13.4  21.2  21.4  19.5  15.0   5.6  -4.5  -9.4 
1912 -14.2  -3.4  -5.0   6.5  12.2  18.6  20.5  19.5  10.8   6.1   1.5  -6.6 
1913  -9.1 -11.1  -3.3   7.8  10.5  19.9  20.9  18.8  14.4   5.8   1.2  -9.1 
1914  -6.6  -5.8   1.6   7.7  13.6  18.5  23.0  20.3  14.6   8.7   1.2 -12.3 
1915  -9.1  -1.0   1.2 -99.0  12.6  15.8  19.0  20.7  12.9  10.0   0.9  -5.5 
1916 -19.4  -8.8   3.3   8.1  10.5  16.3  22.7  20.9  15.2 -99.0  -5.0 -99.0 
1917 -99.0 -99.0 -99.0 -99.0 -99.0 -99.0 -99.0 -99.0 -99.0 -99.0 -99.0 -99.0 
1918 -11.3  -8.4   4.0   5.0  11.5  21.9  21.3  19.6  14.3  10.0  -0.3  -4.9 
1919  -7.8  -4.4   2.5   9.1  13.6  21.2  23.7  20.2  15.4   1.5  -3.9 -13.4 
1920  -9.5  -5.1  -1.7   4.3  12.1  17.2  22.1  19.5  14.9   6.8  -1.5  -5.5 
1921  -5.3  -1.2   3.5   6.5  13.0  20.1  22.7  20.3  12.8   9.2  -1.2  -7.9 
1922 -15.0 -14.4  -1.6   5.7  12.6  19.2  21.0  22.3  16.4   8.5  -1.4 -10.4 
1923  -4.3  -8.3  -0.9   5.9  13.4  19.2  25.1  21.9  16.0   7.0   2.5  -9.9 
1924 -14.9  -6.7  -3.6   7.8  12.6  18.2  21.7  18.5  14.3   8.9   1.3 -12.2 
1925 -11.1   0.2   3.7   9.4  14.1  18.7  23.2  21.0  14.7   1.9  -3.0  -4.3 
1926  -9.7  -3.6   1.9   8.8  14.4  18.9  23.0  20.8  11.4   8.8   2.5  -6.7 
1927  -8.8  -1.7   2.2   6.8  11.6  19.0  22.5  19.3  14.1   9.4   1.5 -12.8 
1928  -8.2 -10.0   1.7   6.6  15.7  16.2  22.3  19.9  14.1   7.1   0.2 -10.5 
1929 -14.0 -13.0   1.1   6.8  11.8  18.4  23.8  23.6  12.6   8.3  -5.6  -5.7 
1930 -19.3  -0.6   0.8  11.9  13.2  18.4  24.0  22.4  14.9   6.8   1.0  -6.1 
1931  -4.9  -0.1   2.0   8.0  13.4  21.8  24.3  21.9  16.2   8.8  -2.5 -11.0 
1932 -13.3  -7.9  -3.7   7.2  13.6  18.7  23.0  21.7  13.6   3.1  -1.0 -13.0 
1933  -9.6 -13.0   3.9   6.0  12.3  23.2  25.1  20.8  16.3  10.1   2.3  -2.5 
1934  -2.8  -0.6   4.6  10.2  18.4  19.7  24.5  22.3  12.5  10.8   3.8  -2.9 
1935  -5.8  -1.3   1.6   6.1  11.2  19.0  25.0  21.8  16.0   8.1  -2.6  -3.4 
1936  -7.4 -15.8   1.7   7.6  17.0  21.7  25.9  22.4  14.8   7.8   0.4  -4.7 
1937 -19.6  -5.6   2.4   7.5  15.3  19.1  23.6  23.2  17.0   9.8   1.0  -6.7 
1938  -6.9  -3.4   3.7   8.5  12.3  20.0  22.9  21.9  18.6  10.1  -3.1  -5.9 
1939  -4.8 -11.6   2.2   9.6  16.2  17.9  24.0  21.2  15.8   9.4   3.4  -1.5 
1940 -11.5  -4.4   4.9   8.5  15.6  20.5  24.5  23.2  18.1  10.8  -1.6  -5.2 
1941  -5.7  -1.5   3.0   8.4  15.6  20.4  23.8  22.5  12.8   7.2   0.9  -4.7 
1942 -11.8  -8.8   2.1  10.0  13.0  18.7  23.9  22.8  16.1   9.3   1.3  -6.4 
1943  -9.4  -2.0  -2.2  12.1  12.0  18.2  23.1  22.8  15.2   9.6   2.6  -7.9 
1944 -10.4  -8.6  -1.1   8.4  14.1  17.3  21.9  21.4  14.8  10.3  -1.9 -11.1 
1945  -9.8  -5.9   1.1   4.7  13.1  16.1  22.6  21.8  11.9   9.7   0.5  -9.0 
1946  -7.3  -3.9   5.7  12.0  11.7  19.5  24.1  20.7  14.4   6.2   0.0  -3.7 
1947  -8.7  -3.0   0.4   7.1  14.3  16.4  23.8  22.3  15.8  11.0  -2.9  -7.0 
1948  -7.0  -7.6  -0.8   8.6  14.1  19.0  21.6  20.1  15.6   7.6  -1.5  -9.0 
1949 -13.6 -10.0   1.9  11.1  14.8  18.8  22.9  22.5  14.9   5.2   5.1  -6.5 
1950 -12.9  -2.6   0.3   7.3  10.2  18.4  20.7  19.2  14.1  10.5  -1.2  -7.2 
1951 -10.5  -3.1  -1.9   5.7  14.1  14.7  21.5  20.2  12.5   7.3  -0.9  -7.3 
1952  -9.8  -4.0  -0.2   9.5  14.3  20.4  21.5  21.5  16.3   8.6  -1.6  -5.7 
1953  -2.3  -2.4   3.8   5.9  10.9  19.3  24.4  22.1  15.9  10.0   4.5  -3.6 
1954  -4.5   2.0  -1.4   8.1  13.4  18.5  25.0  20.2  15.9   6.4   3.0  -4.0 
1955  -6.1  -6.9  -2.8   7.0  14.0  18.4  23.4  23.2  15.2   9.2  -5.5  -8.8 
1956  -7.7  -8.4   1.6   6.2  15.1  21.2  22.4  19.9  14.8   8.6  -0.6  -7.4 
1957 -14.8  -4.4   2.1   6.2  13.8  17.8  23.4  21.8  12.7   7.6  -2.2  -2.1 
1958  -3.9  -2.9   1.0   7.1  17.0  18.9  20.1  22.5  15.0   8.0  -1.9  -6.9 
1959  -9.4  -8.8   2.2   6.5  11.4  20.7  21.6  21.1  14.0   7.3  -4.2  -3.8 
1960  -7.2  -4.0   1.9   8.1  13.8  20.2  24.2  20.8  15.2   8.6   0.1  -7.0 
1961  -8.0  -1.0   4.3   7.0  14.1  21.3  23.3  22.9  11.4   6.5  -1.9  -7.3 
1962 -14.6  -5.3   0.3   9.5  13.8  18.9  21.2  19.8  14.3   9.9   2.5  -3.9 
1963 -14.4   0.3   2.9   6.7  14.3  18.5  22.9  22.6  18.0  12.0   2.4  -9.1 
1964  -9.2  -6.0  -1.2   7.3  14.3  17.4  24.5  19.6  13.6   8.3  -0.6  -8.4 
1965  -2.7  -6.1  -5.0   8.3  11.5  17.4  22.3  19.8   9.8  10.2   3.2  -4.9 
1966  -6.4  -3.1   2.9   6.2  15.5  18.7  25.4  20.3  17.0   6.5  -0.9  -5.0 
1967  -6.9  -4.4   2.1   7.1  12.0  16.9  22.7  21.4  16.5   9.1   0.7  -7.3 
1968 -11.1  -1.9   4.7   5.1  11.6  17.2  21.9  18.2  13.3   7.4  -1.4 -10.8 
1969 -11.3  -4.9  -0.2   9.9  14.6  15.6  22.1  22.4  16.1   4.6   1.6  -3.8 
1970  -6.0   0.6   0.8   4.8  14.0  20.0  23.4  22.9  12.6   6.2   1.0  -8.4 
1971  -8.1  -4.1   1.4   7.9  14.3  20.7  21.6  23.8  13.1   5.6   0.6  -5.5 
1972 -11.3  -2.9   5.6   8.3  12.7  20.3  19.7  20.4  12.8   7.4   0.1 -12.8 
1973 -11.3  -6.3   2.0   4.6  12.3  18.9  21.6  20.9  12.6   9.0  -0.6  -3.5 
1974  -9.9  -0.8   2.7   7.6  11.9  20.1  23.8  18.4  12.5   8.8   1.2  -5.9 
1975  -8.4  -8.1   0.5   2.7  10.6  16.0 -99.0  19.6  13.7   7.4  -1.6  -7.5 
1976 -10.1  -5.5  -0.6   8.0  14.7  17.7  24.4  20.3  14.9   6.9   1.0  -6.4 
1977 -11.1  -1.0   1.2  10.2  14.7  22.2  22.6  19.6  15.4   9.1   0.2  -6.7 
1978 -11.4  -7.9   2.2   9.6  12.2  18.2  21.9  19.3  15.0   8.8  -6.8 -14.8 
1979 -20.0  -9.1   2.3   7.8  13.5  17.6  22.4  20.2  16.3 -99.0 -99.0 -99.0 
1980 -99.0 -99.0 -99.0   9.5  14.3  19.5  23.2  20.2  16.0   8.9   0.9  -1.1 
1981   0.3  -1.1   5.4  10.5  13.4  18.8  23.2  21.6  17.3   6.8   3.5  -4.0 
1982 -11.1  -5.1   2.9   6.0  12.2  17.3  22.3  23.6  14.2   7.4  -0.3  -6.4 
1983  -2.1   0.9   4.9   6.7  11.6  18.4  22.2  24.5  14.8   8.8   0.1 -14.8 
1984  -9.3  -4.1   3.0   7.1  14.3  18.8 -99.0 -99.0 -99.0   6.8   0.9  -9.5 
1985 -11.1  -9.3   2.4   9.6  15.4  18.1  23.3  19.4  11.8   6.9  -8.9 -10.3 
1986  -6.8  -4.0   7.3   8.1  12.2  21.3  20.3  21.1  12.2   7.8  -1.6  -5.0 
1987  -9.3  -0.3   3.4  11.7  16.4  20.4  21.8  19.7  15.7   8.3   2.6  -4.5 
1988  -8.0  -2.3   2.4   9.6  15.3  23.8  24.4  20.8  14.1   9.8   0.3  -6.1 
1989  -8.9 -10.9   0.9   8.6  13.8  18.4  24.4  21.0  14.6   7.8   1.0  -9.1 
1990  -5.8  -4.5   3.2   8.8  12.2  18.6  22.6  22.1  17.8   7.2   2.0 -12.1 
1991 -10.5   2.2   3.5   6.7  13.7  19.6  23.4  23.0  15.9   7.7  -3.5  -6.1 
1992  -5.8   1.7   6.9  10.0  15.8  19.0  19.3  20.0  14.7   9.4  -1.1 -12.1 
1993 -13.9 -10.7   0.9   7.8  14.6  15.9  18.0  18.8  13.4   7.0  -3.4  -3.7 
1994  -3.7  -6.4   3.6   8.2  16.6  19.4  22.1  22.6  16.4   7.4  -1.2  -3.3 
1995  -7.6  -2.1   2.1   6.2  10.8  17.3  21.8  22.5  15.3   6.8   1.0  -4.1 
1996 -10.3  -6.8  -3.2   8.1  11.5  20.0  22.7  21.5  14.0   8.1  -3.1 -99.0 
