Number= 754030
Name= CORINNE-------------
Country= USA---------
Lat=   41.6
Long=  112.1
Height= 1286
Start year= 1870
End year= 1996
First Good year= 1870
Source ID= 30
Source file= New
Normals source= Data
Normals source start year= 1961
Normals source end year= 1990
Normals=  -4.6  -1.3   3.6   8.1  13.6  18.6  23.2  21.8  16.0   9.6   2.7  -3.0 
Standard deviations source= Data
Standard deviations source start year= 1941
Standard deviations source end year= 1990
Standard deviations=   3.2   3.2   2.3   1.8   1.5   1.7   1.0   1.2   1.6   1.6   1.7   2.1 
Obs:
1870 -99.0   5.0   6.7 -99.0  14.8  22.3  27.9  24.6  19.0  13.8   4.6  -3.9 
1871  -2.8   1.1   4.6   9.5  16.7  24.4  27.0  24.2  21.2   8.5   2.2  -0.6 
1872  -2.5   2.0   5.1   7.9  15.2  21.8  22.4  22.9  15.8   9.7  -1.1  -0.1 
1873  -0.1  -4.1   3.6 -99.0  11.4  21.2  25.1  23.3  16.8   7.9   5.3  -5.5 
1874  -3.2  -4.8   0.2  10.8  19.5  20.7  27.8  25.1  17.4  13.1   3.6  -0.2 
1875  -3.9  -2.9   1.3  11.6  17.5  21.7  26.3  24.1  19.9  12.7   2.4   0.6 
1876  -3.8  -0.6   3.2  11.2  16.3  21.6  25.2  22.2  18.2  10.3   1.1  -3.6 
1877  -3.7  -0.9   9.6  10.9  16.5  19.8 -99.0 -99.0 -99.0 -99.0   1.7  -2.2 
1878  -3.6   1.8   9.1  12.4  16.4  22.3  27.3  26.8  17.1   5.9   3.4  -3.4 
1879  -4.0   3.2   9.6  13.4  17.5  20.2  26.3  24.7  19.5   8.8  -0.2  -2.6 
1880  -4.0  -4.2   0.9   9.5  15.1  20.4  24.5  23.3  16.7   8.6  -3.7  -0.4 
1881  -2.8   1.6   6.3  14.3  18.9 -99.0  24.8  23.6  15.5   9.1   1.9  -1.4 
1882  -0.9  -5.4   2.9   9.2  16.8  21.5  25.7  26.1  17.6   6.6  -0.2  -0.3 
1883  -5.8  -7.0   8.8  10.3  16.7  23.0  28.4  26.2  24.1   8.2   1.1  -2.2 
1884  -5.1  -3.1   4.9  10.6  17.2  21.6  24.4  24.2  14.2   9.8   2.9   0.5 
1885  -3.9   2.2   8.5  14.3  18.1  20.1  26.0  22.5  17.4   9.1   3.1  -0.4 
1886  -2.8   3.2   4.1  12.0  20.6  22.7  28.3  26.5  16.7 -99.0  -2.4   0.6 
1887  -0.2  -0.3   8.7  11.3  19.6  22.3  26.4  24.2  18.6   9.5   1.8  -3.4 
1888  -8.8   1.2   4.5  15.4  18.4  22.3  26.5  24.9  21.2  10.9 -99.0  -0.1 
1889  -7.3  -2.1   9.9  15.0  18.1  22.8  27.6  26.4  15.8  10.6   1.2   1.8 
1890  -6.7  -0.8   5.0  12.8  19.9  20.4  28.3  23.8  18.4   7.2   0.9  -0.8 
1891  -3.2  -2.8   4.2  11.8  19.0  18.3  23.4  24.9  17.4   8.2   3.9  -3.9 
1892  -5.6  -2.6   6.4  10.0  15.5  19.1  23.9  23.4  19.6  10.1   2.3  -2.1 
1893  -4.4  -2.9   4.5  10.1  14.8 -99.0  26.3  24.8  18.9  11.2   2.3  -0.2 
1894  -2.6  -5.4   3.4 -99.0 -99.0 -99.0  28.0 -99.0  17.0   9.3   1.1  -2.8 
1895  -4.3  -2.9   6.2 -99.0 -99.0 -99.0 -99.0 -99.0  19.3  12.0  -0.9  -4.1 
1896  -1.6   2.4   7.0 -99.0 -99.0 -99.0 -99.0  24.8  18.2  13.6   2.0  -0.4 
1897  -2.2  -1.7  -0.3   9.0  18.0  16.5  19.8  23.5  16.7   7.3   1.9  -4.5 
1898 -10.0  -1.9   1.6  12.1  13.0  17.9  23.5  23.9  16.1   8.4  -0.4  -6.8 
1899  -1.3  -2.6   3.2   8.4  12.8  16.5  22.1  18.6  17.6   8.0   6.4  -3.4 
1900   0.8   0.4   9.2   8.9  16.1  21.5  22.1  20.9  14.9   8.4   3.7  -0.1 
1901  -1.0  -0.3   4.5   9.3  18.7  16.9  25.5  23.4  14.4  11.3   4.6  -1.3 
1902  -3.3   1.4   3.1   9.7  15.3  19.0  20.8  21.2  14.7   9.9   2.7  -1.2 
1903  -2.9  -8.9   4.5   9.1  13.4  20.4  21.1  22.7  14.2   8.8   2.1  -4.3 
1904  -7.6  -1.0   3.9  11.0  14.9  17.0  23.1  24.0  16.6   9.9   2.7  -1.0 
1905  -2.0   0.4   7.0  11.2  13.3  18.0  23.9  22.6  16.3   6.0   2.6  -6.0 
1906  -6.0  -1.7   3.9  10.6  13.6  17.1  23.2  21.7  16.7  10.7   4.0   1.8 
1907  -4.1   4.5   5.7  11.2  13.3  17.6  25.0  24.0  19.3  14.5   5.4  -0.3 
1908  -1.5   0.6   4.8  11.2  12.4  16.2  25.4  22.0  17.3   8.1   2.6  -2.9 
1909   0.3   0.2   5.2   8.1  12.7  21.8  24.5  24.6  17.2  11.3   4.0  -8.9 
1910 -10.1  -6.9   9.0  12.6  16.2  20.6  23.6  21.8  18.8   6.7 -99.0  -1.6 
1911  -1.5  -3.7   7.2   9.4  13.3  19.7  23.2  22.9  17.9   8.7   0.2  -5.8 
1912  -3.6   0.3   3.5   6.5  11.9  17.8  20.2  19.0  11.6   7.7   2.9  -5.7 
1913  -6.5  -2.6   0.2   8.9  14.2  18.1  20.5  22.2  16.4   7.5   3.4  -6.2 
1914  -4.0  -1.3   5.9   9.5  16.6  16.2  21.5  20.1  15.8   9.4   1.0  -7.2 
1915  -7.6   0.6   6.0  12.4  12.3  15.3  20.9  21.8  15.1   9.1   3.0  -3.1 
1916  -6.2  -2.2   4.4   9.7  11.4  15.9  21.4  19.2  15.2   7.3  -0.5  -6.6 
1917 -11.2  -6.4  -3.8   4.8  11.6  15.5  23.7  19.7  16.0   9.5   3.2   2.2 
1918  -3.2  -4.2   5.1   8.0  14.1  21.3  22.3  19.6  17.4  10.8   1.5  -3.2 
1919  -3.5  -1.3   4.8  10.3  15.8  19.8  24.1  22.2  17.3   5.3   1.4  -8.6 
1920  -3.8   1.1   3.2   5.9  13.7  16.8  22.9  20.5  15.8   7.3   2.6  -2.5 
1921  -2.0  -0.9   6.7   7.6  14.2  18.4  22.8  21.2  14.5  11.4   4.5   0.9 
1922  -6.5  -2.7   2.1 -99.0 -99.0  22.9  21.6  22.0  17.6  11.0   0.6  -1.8 
1923  -1.9  -6.3   1.1   7.5  13.2  13.8  23.6  21.4  16.3   8.5   4.7  -2.0 
1924  -5.9   3.7   2.7   7.6  15.4  18.5  22.9  21.2  15.3   9.0   2.6  -8.4 
1925  -6.1   0.6   6.1   9.7  15.7  16.4  23.3  20.1  15.6   9.1   2.1   0.6 
1926  -3.8   1.0   5.9  11.6  14.7  20.0  22.7  21.5  14.4  10.0   5.2  -3.6 
1927  -3.1   0.0   4.0   8.2  12.2  17.6  22.7  20.4  15.8  10.8   5.2  -5.0 
1928  -4.1  -0.3   6.5   7.2  16.3  16.3  23.1  21.1  16.5   9.8   3.4  -5.7 
1929  -6.6  -5.2   3.9   8.5  13.6  16.9  23.4  23.1  14.4  10.4   0.9  -0.6 
1930  -9.5   1.1   5.1  11.9  12.3  18.1  23.6  21.9  16.3   8.3  -1.4  -9.7 
1931  -9.4  -1.5   3.4   8.9  13.1  20.2  24.7  22.8  16.7  11.2  -0.6  -7.8 
1932 -10.8  -5.0   2.0   8.7  14.2  17.4  23.3  20.5  16.6   8.1   3.4  -9.6 
1933  -7.1 -10.0   1.5   7.4  10.5  20.3  24.5  21.4  18.2  12.6   4.1   1.0 
1934   0.1   4.6   9.4  13.6  18.7  18.5  24.3  23.2  15.5  11.1   4.5  -1.5 
1935  -2.7   0.3   4.0   9.1  12.4  18.2  22.8  22.2  18.2   9.1   0.5  -2.0 
1936  -4.4  -2.3   3.6   9.8  15.9  20.1  23.6  21.9  15.3   9.6   1.4  -1.0 
1937 -13.2  -5.5   2.6   7.4  15.9  16.9  22.8  21.9  17.5  10.6   5.6   0.7 
1938   0.5   1.6   4.2   9.5  12.0  19.0  21.5  21.2  18.7  10.7  -0.6  -0.2 
1939  -3.6  -6.5   3.7  10.7  15.4  17.5  23.3  22.0  17.3  10.6   5.4   1.8 
1940  -1.0   3.6   7.4  11.1  17.6  22.8  25.8  25.1  16.4  11.8   1.5  -1.3 
1941  -3.2   0.7   5.2   8.4  15.4  17.7  23.1  21.3  13.9   8.7   2.6  -0.5 
1942  -9.2  -6.3  -0.8   8.4  11.4  17.3  24.5  21.5  14.8   9.9   2.7  -1.2 
1943  -2.2  -1.5   4.0  12.3  13.6  16.9  22.6  21.8  17.4  12.1   2.7  -1.0 
1944  -9.2  -7.1   2.4   7.1  13.7  15.4  21.8  20.2  16.2  11.7   2.4  -1.8 
1945  -2.1   1.0   3.7   6.2  14.4  15.1  22.7  22.0  13.3   9.7   1.7  -3.0 
1946  -4.1  -1.1   6.9  11.9  13.1  19.4  24.5  22.9  15.7   7.6   1.8   0.8 
1947  -7.5   1.3   6.1   8.5  15.9  16.8  23.5  20.8  15.9  10.8   0.6  -5.1 
1948  -4.4  -2.7   0.7   7.8  13.7  19.5  23.7  22.9  17.7   8.9  -1.3  -4.7 
1949 -12.2  -6.4   4.9  11.1  14.9  18.1  22.2  22.2  17.0   7.0   5.4  -3.2 
1950  -5.4  -0.3   2.4   8.1  11.4  17.5  22.1  21.3  16.0  12.1   3.7   0.1 
1951  -4.9  -0.6   2.2  10.7  14.8  17.1  23.6  21.9  16.3   9.2   1.6  -5.2 
1952  -6.0  -5.0  -1.5  10.7  14.5  19.2  22.7  23.2  18.3  12.0   0.1  -1.2 
1953   2.4   0.8   4.9   6.7  10.0  18.4  24.3  22.3  17.6  10.6   4.6  -2.9 
1954  -1.4   0.4   3.3  11.0  14.9  17.5  24.4  21.8  16.5  10.1   5.7  -2.2 
1955  -9.2  -5.8  -0.4   7.2  13.6  18.4  22.8  23.5  16.1   9.7  -1.1  -0.8 
1956  -0.9  -5.7   3.5  10.0  15.9  19.9  24.4  20.7  16.9  10.1  -0.2  -3.0 
1957  -5.8   2.5   5.7   8.6  14.6  19.2  23.9  23.0  16.9   9.4  -0.5  -1.2 
1958  -3.5   2.9   2.5   7.3  17.0  20.4  22.7  24.1  16.7  11.3   2.5   0.5 
1959  -0.5   1.0   4.0   9.2  12.9  20.7  23.6  21.6  15.3   8.7   1.4  -3.2 
1960  -5.8  -3.1   4.2   8.9  13.7  20.4  25.6  20.9  18.0   9.3   3.2  -2.2 
1961  -3.6   1.1   3.6   7.5  14.1  22.1  24.4  23.5  12.9   8.7   0.9  -4.1 
1962  -8.3  -2.6   1.3   9.2  12.6  17.7  21.9  20.9  17.0  11.5   4.2  -2.2 
1963  -6.8   3.8   3.7   6.5  15.4  16.2  23.6  23.3  18.5  13.1   3.1  -5.2 
1964  -8.3  -5.4  -1.8   7.0  12.9  16.5  23.9  21.0  15.8   9.5   2.7  -0.5 
1965  -1.3   0.0   2.3   9.3  12.1  18.6  22.6  20.3  13.0  11.6   5.4  -1.7 
1966  -3.8  -3.3   3.9 -99.0  15.9  18.9  24.4  22.1  17.9   9.2   4.6  -3.4 
1967  -2.0   0.3   5.4   6.8  12.9  16.5  23.2  22.8  17.4   9.4   4.3  -6.1 
1968  -7.4  -0.7   5.0   5.1  12.7  17.0  23.8  19.0  14.7   9.4   2.5  -2.2 
1969  -1.7  -2.7   0.7   9.3  17.0  17.5  22.8  23.7  18.4   6.9   1.9  -0.2 
1970  -0.9   3.0   3.7   5.7  13.4  19.4  23.0  24.2  13.8   7.2   4.3  -2.5 
1971  -1.5   0.5   3.2   8.1  13.0  18.9  24.0  23.9  14.1   7.4   1.8  -5.2 
1972  -3.0   0.6   6.4   7.7  14.7  20.4  23.0  22.6  15.3  10.4   1.9  -6.9 
1973  -7.6  -3.0   2.8   6.9  14.5  19.0  23.1  22.9  15.0  10.2   3.0  -0.6 
1974  -5.1  -3.1   5.5   8.0  14.4  21.4  24.4  21.3  17.3  11.1   3.8  -2.9 
1975  -6.0  -1.4   3.3   5.1  11.0  17.2  24.5  20.8  16.2   8.2   0.7  -1.4 
1976  -4.3  -2.6   0.4   8.2  15.7  18.1  24.0  20.7  18.0   8.9 -99.0  -2.0 
1977  -5.6   0.3   1.2  10.4  12.3  21.4  23.5  21.4  16.4  10.5   3.3   1.3 
1978  -0.1   2.7   6.9   9.1  12.4  18.4  23.5  20.8  15.6  11.4   1.1  -5.4 
1979  -8.9  -2.8   3.2   8.4  14.4  19.0  23.0  21.0  17.6   9.9  -0.8  -2.3 
1980  -2.5   1.2   3.5   9.4  13.1  18.3  23.5  20.4  16.2   8.5   2.8  -1.5 
1981  -2.4   0.5   5.3  10.5  13.3  19.4  23.3  22.8  17.4   8.1   4.1   0.2 
1982  -6.3  -5.2   4.1   5.9  11.7  16.9  20.6  21.7  15.3   7.5   1.5  -3.0 
1983  -0.4   1.3   5.4   6.0  10.8  16.3  20.7  21.7  15.7   9.8   2.8  -4.8 
1984  -7.4  -8.6   0.9   6.6  13.2  16.1  21.0  21.0  14.3   6.6   3.1  -5.6 
1985  -8.8  -9.4  -0.6   9.8  14.8  18.2  22.6  19.2  13.4   8.4  -0.1  -5.5 
1986  -4.6   3.1   7.6   8.4  13.0  21.3  21.5  22.8  14.6  10.0   2.8  -2.0 
1987  -4.7 -99.0 -99.0 -99.0  16.1  19.3 -99.0 -99.0 -99.0  11.0 -99.0 -99.0 
1988  -7.5  -1.4   4.3   9.7  13.9  21.5  24.0  21.8  15.4  13.3   3.1  -3.6 
1989  -8.7  -5.7   5.5  10.6  13.4  18.0  23.4  21.0  17.0  10.4   2.7  -1.0 
1990   1.0   1.6   7.0  11.8  13.2  19.4  24.5  22.8  21.2  10.2   3.8  -7.6 
1991  -5.8   0.2   4.8   7.7  11.3  17.9  23.2  22.8  15.7   9.9   1.8  -2.8 
1992  -5.4   2.5   8.2  13.0  17.4  20.1  21.8  23.7  16.7  12.1   0.4  -4.2 
1993  -5.8  -3.4   4.8   8.0  15.8  16.1  18.6  20.5  15.9   9.9   0.1  -1.2 
1994   0.9  -0.1   6.7  10.5  16.7  20.6  24.8  24.7  19.6   9.3   0.0  -0.8 
1995  -0.3   4.4   5.9   8.5  12.4  16.9  21.8  22.7  17.9   9.1   6.1   1.2 
1996  -0.2  -0.9   5.6   8.6  13.8  20.3  23.0  21.9  14.9  10.2   4.6 -99.0 
