Number= 754010
Name= DARLINGTON----------
Country= USA---------
Lat=   42.7
Long=   90.1
Height= 283
Start year= 1901
End year= 1990
First Good year= 1901
Source ID= 30
Source file= New
Normals source= Data
Normals source start year= 1961
Normals source end year= 1990
Normals=  -8.8  -5.9   0.8   8.1  14.3  19.6  22.2  20.9  16.0   9.8   2.1  -5.7 
Standard deviations source= Data
Standard deviations source start year= 1941
Standard deviations source end year= 1990
Standard deviations=   3.2   2.8   2.8   1.8   1.9   1.4   1.2   1.4   1.3   2.0   2.0   3.0 
Obs:
1901 -99.0 -99.0  -1.1   8.1  14.1  20.4  25.9  19.5  14.9   9.5  -0.5  -7.8 
1902  -8.9 -99.0   3.5 -99.0  15.2  17.0  21.1  17.7  12.6   9.3 -99.0  -8.6 
1903  -8.5  -8.4   1.9   8.0  15.4  17.7  20.8  19.0  16.0   8.6 -99.0 -10.9 
1904 -13.6 -11.9  -0.6   4.0  14.0  19.3  21.1  18.3  15.8   9.5 -99.0  -7.6 
1905 -13.9 -13.2   2.0   7.3  13.5  18.6  20.6  21.1  16.7 -99.0 -99.0 -99.0 
1906 -99.0 -99.0 -99.0 -99.0 -99.0 -99.0 -99.0 -99.0 -99.0 -99.0 -99.0 -99.0 
1907 -99.0 -99.0 -99.0 -99.0 -99.0 -99.0 -99.0 -99.0 -99.0 -99.0 -99.0 -99.0 
1908 -99.0 -99.0 -99.0 -99.0 -99.0 -99.0 -99.0 -99.0 -99.0 -99.0 -99.0 -99.0 
1909 -99.0 -99.0 -99.0 -99.0 -99.0 -99.0 -99.0 -99.0 -99.0 -99.0 -99.0 -99.0 
1910 -99.0 -99.0 -99.0 -99.0 -99.0  19.1  23.2  21.5  15.6  10.7  -1.8  -7.2 
1911  -8.2  -3.6   1.7   6.4  16.8  22.0  23.2  20.0  16.6   7.8  -1.5  -2.3 
1912 -17.3 -10.0  -5.1   8.6  14.8  18.1  22.0  19.6  16.2  10.0   2.7  -2.0 
1913  -7.0  -9.2  -1.5   9.1  13.8  20.6  22.8  22.0  15.6   8.2   3.9  -1.3 
1914  -3.7 -10.7   0.8   8.7  15.8  20.5  23.4  21.3  15.9  11.8   2.0  -9.7 
1915 -10.7  -2.7  -1.0  13.0  11.2  17.3  19.7  16.8  15.6   9.2   2.4  -5.7 
1916  -6.8  -8.3  -0.3   8.2  14.1  16.8  26.4  23.6  14.9   9.0   1.1  -8.3 
1917  -9.4 -11.6   0.9   7.4  11.3  17.6  22.6  18.5  14.4   4.2   2.5  -9.1 
1918 -14.8  -6.4   4.2 -99.0  17.2  19.8  21.4  23.5  12.0  10.7   3.0  -2.3 
1919  -5.6  -4.3   1.6   9.0  13.0  22.5  23.8  20.2  16.9 -99.0  -0.6 -11.4 
1920 -12.4  -7.9   0.8   5.2  12.7  20.0  20.4  19.2  16.8  11.5  -0.2  -4.0 
1921  -3.8  -3.1   4.3  10.1  15.5  22.5  24.6  20.5  16.8   8.9  -1.4  -5.4 
1922  -7.7  -5.4   1.7   8.2  16.9  20.5  20.7  21.7  16.8  10.4   4.2  -5.3 
1923  -5.3  -8.8  -3.0   7.1  13.8  22.0  23.6  20.5  15.3   7.4   2.6   0.4 
1924 -11.7  -5.3  -0.2   8.8  10.9  18.0  20.4  20.5  12.3  11.1   2.1  -9.6 
1925  -7.9  -3.5   2.9  11.7  11.8  20.4  21.2  20.2  17.9   3.0  -0.9  -9.2 
1926  -7.0  -2.7  -2.4   5.7  15.0  16.6  21.9  21.1  15.3   7.7  -1.6  -7.2 
1927  -8.7  -2.0   3.5   7.9  12.5  17.5  21.2  17.7  17.4  10.3   2.1  -7.1 
1928  -6.5  -3.8   1.7   5.8  14.7  17.1  22.4  20.9  12.6   9.6   2.1  -3.2 
1929 -14.7 -12.0   2.4   9.1  12.6  17.7  21.8  19.1  14.6   8.0  -1.8  -5.3 
1930 -12.7  -1.2   1.2   9.0  13.9  19.0  23.0  21.7  16.2   8.0   2.0  -5.1 
1931  -4.1  -0.6   0.2   8.7  12.0  22.0  25.6  22.0  19.6  11.9   5.6   0.4 
1932  -3.6  -2.1  -3.3   8.0  15.2  21.1  23.6  21.7  14.7   8.3  -0.9  -5.6 
1933  -1.1  -7.2   1.0   7.5  14.9  24.1  22.8  20.4  18.3   8.0   1.1  -4.6 
1934  -2.9  -6.6  -0.2   8.4  18.5  24.4  24.3  20.1  14.3  10.5   3.4  -8.0 
1935  -8.6  -4.8   2.6   6.9  10.9  17.1  24.3  20.9  15.1   8.0  -0.7  -7.2 
1936 -13.0 -15.7   2.5   4.8  16.5  18.0  25.1  23.1  16.8   7.7  -0.6  -3.2 
1937 -99.0  -6.1   0.4   8.3 -99.0  19.6 -99.0  23.8  16.1   8.2  -0.4  -6.7 
1938 -99.0  -0.7 -99.0 -99.0  14.1  18.7  21.8  21.0  16.8 -99.0   1.6  -6.9 
1939  -3.6  -6.8   1.0   6.2  16.2  20.2  21.4  20.2  18.8  12.1   3.0  -1.5 
1940 -12.9  -4.9  -2.1 -99.0  13.3  21.1  23.4  20.8  16.9 -99.0   0.0  -2.6 
1941 -99.0 -99.0  -3.4  10.8  17.1  20.9  22.9  21.4  17.2   9.7   3.8  -1.1 
1942  -7.9  -5.8   2.9  11.5  13.8  20.4  22.4  20.9  14.7  10.0   2.6  -8.3 
1943  -9.5  -5.5  -1.7   7.9  12.7  21.7  22.9  21.9  13.5   8.5  -1.5  -3.8 
1944  -3.1  -4.7  -1.9   6.9  17.1  21.5  21.2  21.3  16.8  10.2   3.8  -7.9 
1945 -10.1  -5.6   7.1   9.4  11.9  17.4  20.7  21.0  15.2   8.6   0.9  -8.4 
1946  -5.5  -4.0   5.9  10.0  13.3  19.7  22.3  19.6  15.9  12.4   2.2  -2.0 
1947  -4.8  -9.4  -1.7   7.4  11.8  18.3  21.0  25.5  17.7  15.4  -1.8  -4.0 
1948 -10.4  -7.0   0.1  11.7  13.4  19.2  23.1  22.0  18.0   8.6   3.0  -4.6 
1949  -7.2  -6.4   0.0   8.2  15.5  21.8  24.2  21.9  13.4  11.7   2.4  -4.1 
1950  -6.0  -6.4  -2.2   5.2  15.5  19.7  20.6  19.1  15.8  12.1  -1.8  -9.9 
1951 -10.2  -6.9  -1.6   7.5  16.6  18.6  21.4  19.9  14.1  10.3  -3.2  -7.1 
1952  -7.0  -2.0  -1.6   8.4  12.6  21.0  23.0  19.7  15.1   5.5   2.4  -3.3 
1953  -4.9  -3.3   1.1   5.6  13.8  21.0  22.0  21.0  15.6  12.0   3.8  -3.1 
1954  -7.1   1.1  -0.5   9.9  10.8  21.7  22.6  20.3  17.1   9.5   2.2  -4.2 
1955  -7.0  -6.6  -0.4  11.5  15.2  17.9  24.9  23.2  16.9  10.2  -0.4  -7.8 
1956  -6.6  -5.6  -0.3   6.3  13.9  21.4  21.2  21.0  14.4  12.6   1.8  -3.5 
1957 -10.8  -2.1   0.6   8.5  12.7  19.8  23.0  20.8  14.4   7.7   1.5  -2.0 
1958  -7.1  -9.4   0.1   8.0  13.7  17.2  20.4  21.3  16.1  11.3   3.0  -8.7 
1959 -11.9  -8.7  -1.1   7.5  16.5  20.2  20.9  23.5  16.9   7.9  -2.8  -0.4 
1960  -6.4  -6.4  -7.1   9.8  12.7  17.7  20.6  22.0  17.4   9.3   3.1  -6.0 
1961  -8.2  -1.5   1.4   5.3  12.2  19.7  21.0  21.3  16.0  10.6   1.9  -6.8 
1962 -10.7  -6.9  -1.5   7.4  17.1  19.5  20.0  20.8  13.6  11.2   1.7  -5.8 
1963 -14.2  -9.1   2.0   9.4  12.8  21.0  22.1  20.2  16.4  14.8   4.4 -11.3 
1964  -4.3  -3.8  -0.4   8.7  16.8  20.3  23.3  20.0  15.8   8.1   4.3  -6.5 
1965  -8.3  -6.9  -3.8   7.3  16.5  18.9  21.9  20.6  15.4  10.2   3.0  -0.5 
1966 -11.5  -5.7   2.8   6.6  11.3  19.7  23.0  19.7  14.5   9.3   2.8  -4.2 
1967  -5.1  -8.9   1.5   8.5  11.4  20.4  20.1  18.4  14.4   9.2   0.4  -3.2 
1968  -7.0  -6.5   4.8   9.1  12.4  20.1  21.5  21.7  16.0  11.2   1.7  -5.2 
1969  -9.2  -4.8  -1.6   8.9  13.9  16.9  22.3  22.0  15.6   8.6   1.1  -5.4 
1970 -12.8  -7.2  -1.5   8.9  15.6  20.0  22.4  21.4  16.0  10.8   1.9  -4.9 
1971 -11.7  -7.4  -1.6   7.3  12.4  22.0  20.1  20.1  18.3  14.1   2.2  -2.6 
1972  -9.5  -8.1  -1.2   6.0  15.9  18.5  20.9  21.4  16.6   8.2   0.3  -7.7 
1973  -4.7  -3.8   5.7   7.3  12.6  20.8  22.6  22.4  16.6  12.5   2.7  -5.8 
1974  -6.9  -6.3   1.4   9.4  12.3  17.6  22.8  19.6  13.8   9.9   2.8  -3.3 
1975  -5.8  -6.0  -3.7   4.7  16.3  20.4  21.8  21.5  13.8  11.1   5.1  -3.6 
1976  -9.1  -1.8   2.4   9.4  12.8  19.9  22.9  20.8  14.8   6.8  -2.4 -10.0 
1977 -15.6  -5.2   5.0  11.8  18.6  18.9  23.4  19.3  16.4   8.9   1.0  -7.8 
1978 -12.4 -10.9  -1.7   7.8  14.3  19.3  21.4  21.2  18.6   8.9   1.6  -6.6 
1979 -14.8 -11.6  -0.7   5.8  14.1  19.4  21.3  20.7  16.7   9.5   1.9  -1.6 
1980  -7.1  -7.8  -1.6   8.1  15.2  18.9  23.4  21.8  16.9   7.6   2.4  -5.5 
1981  -6.5  -3.6   2.7   9.7  13.2  19.7  21.6  20.4  15.5   8.6   3.3  -5.5 
1982 -13.7  -7.0  -0.7   5.4  17.0  16.5  22.4  19.8  15.8  10.9   1.9  -0.9 
1983  -4.8  -1.8   1.7   5.8  12.1  20.4  24.3  24.1  16.7  10.1   3.3 -12.0 
1984  -9.4  -0.8  -2.2   7.9  12.5  20.4  21.0  21.9  15.6  11.5   2.1  -3.1 
1985 -11.7  -7.4   3.2  11.4  16.2  18.3  21.7  19.3  16.8   9.8  -0.8 -11.9 
1986  -7.8  -6.6   3.3  10.3  15.2  19.5  23.4  18.7  16.8  10.0  -0.5  -3.6 
1987  -5.1  -0.2   3.3  10.6  16.9  21.6  23.9  20.7  16.2   6.6   4.4  -2.4 
1988 -10.8  -8.1   2.1   8.2  16.4  21.4  24.0  24.1  17.8   6.3   3.1  -4.1 
1989  -2.6  -9.7  -0.3   7.4  13.5  19.1  23.3  20.4  14.8  10.4   0.3 -10.6 
1990  -1.8  -3.0   3.4   8.8  12.5  20.0  21.6  21.2  17.6   8.8   5.0  -7.1 
