Number= 754101
Name= COLLEGE-STATION/EAST
Country= USA---------
Lat=   30.6
Long=   96.4
Height= 97
Start year= 1951
End year= 1990
First Good year= 1951
Source ID= 30
Source file= New
Normals source= Data
Normals source start year= 1961
Normals source end year= 1990
Normals=   9.4  11.2  15.8  20.3  23.5  27.0  28.7  28.8  25.7  20.7  15.5  10.7 
Standard deviations source= Data
Standard deviations source start year= 1951
Standard deviations source end year= 1990
Standard deviations=   2.8   2.0   1.9   1.4   1.1   1.0   1.0   1.2   1.2   1.5   2.1   2.3 
Obs:
1951 -99.0 -99.0 -99.0 -99.0 -99.0 -99.0 -99.0  31.4  27.0  22.1  13.5  12.6 
1952  15.4  14.1  14.8  17.7  22.7  27.8  29.0  30.5  26.4  18.3  14.0  10.4 
1953  12.7  12.1  19.0  19.2  24.1  29.3  28.9  28.5  25.9  21.3  14.3   9.1 
1954  11.1  14.7  14.7  21.9  22.2  27.8  29.8  29.1  27.0  21.7  14.2  12.7 
1955 -99.0 -99.0 -99.0 -99.0 -99.0 -99.0 -99.0 -99.0 -99.0 -99.0 -99.0 -99.0 
1956 -99.0 -99.0 -99.0 -99.0 -99.0 -99.0 -99.0 -99.0 -99.0 -99.0 -99.0 -99.0 
1957 -99.0 -99.0 -99.0 -99.0 -99.0 -99.0 -99.0 -99.0 -99.0 -99.0 -99.0 -99.0 
1958 -99.0 -99.0 -99.0 -99.0 -99.0 -99.0 -99.0 -99.0 -99.0 -99.0 -99.0 -99.0 
1959 -99.0 -99.0 -99.0 -99.0 -99.0 -99.0 -99.0 -99.0 -99.0 -99.0 -99.0 -99.0 
1960 -99.0 -99.0 -99.0 -99.0 -99.0 -99.0 -99.0 -99.0 -99.0 -99.0 -99.0 -99.0 
1961 -99.0 -99.0 -99.0 -99.0 -99.0 -99.0 -99.0 -99.0 -99.0 -99.0 -99.0 -99.0 
1962 -99.0 -99.0 -99.0 -99.0 -99.0 -99.0 -99.0 -99.0 -99.0 -99.0 -99.0 -99.0 
1963   6.5  10.6  17.8  22.4  24.8  28.1  29.5  30.3  26.9  23.4  16.3   6.8 
1964   9.9   8.8  15.1  20.8  24.3  27.1  28.9  30.1  26.0  19.3  16.9  11.6 
1965  11.8  10.1  11.9  21.6  24.2  27.0  28.9  29.1  27.0  19.7  18.9  13.2 
1966   7.4   9.8  15.4  20.5  23.3  26.3  29.7  28.2  25.0  19.7  17.6  10.1 
1967  10.7  10.5  18.4  23.4  22.7  27.5  27.9  27.7  24.2  19.9  15.3  10.2 
1968   9.3   8.6  14.0  20.0  23.2  25.7  27.2  28.6  24.3  21.4  13.0  10.3 
1969  11.5  11.6  11.6  19.8  22.6  26.7  30.3  29.3  25.5  20.4  13.9  11.9 
1970   6.6  11.8  13.0  20.4  22.2  26.2  28.6  30.0  25.8  18.7  13.6  14.6 
1971  12.5  12.6  15.9  20.0  23.5  27.9  29.3  27.3  26.0  22.0  15.7  13.9 
1972  11.0  12.7  18.2  21.8  23.2  27.1  27.7  28.0  27.1  20.8  11.3   8.3 
1973   7.2  10.0  17.0  16.8  22.7  26.0  28.4  27.2  25.8  21.6  18.6  11.0 
1974   9.5  12.9  19.3  19.9  24.9  26.4  28.7  27.1  22.5  20.7  14.1  10.4 
1975  12.0  10.7  14.7  19.2  23.3  26.6  27.2  27.5  23.9  20.9  15.5  11.2 
1976   9.7  16.1  16.4  19.9  21.5  26.0  26.9  27.8  25.0  15.7  10.7   9.0 
1977   5.1  12.1  16.1  19.1  24.3  27.5  29.2  29.8  27.7  21.9  16.7  11.7 
1978   4.7   7.3  14.7  20.9  25.3  28.2  30.4  30.0  26.7  21.1  16.7   9.7 
1979   4.7   9.1  16.2  19.2  21.6  26.4  27.9  27.4  24.4  21.4  12.6  10.8 
1980  10.9  10.4  14.5  17.8  23.4  28.6  30.8  30.2  27.7  19.0  13.5  11.7 
1981   9.8  11.6  14.9  22.2  22.9  27.3  28.6  29.2  25.2  21.1  16.7  11.1 
1982  10.6  11.4 -99.0 -99.0 -99.0 -99.0 -99.0 -99.0 -99.0 -99.0 -99.0 -99.0 
1983 -99.0 -99.0 -99.0 -99.0  21.9  25.9  27.5  27.9  25.6  21.9  16.9   6.1 
1984   7.6  12.5  16.8  20.5  25.1  27.1  28.6  28.8  25.3  22.4  15.0  16.0 
1985   6.7   9.6  18.1  20.8  23.9  27.5  28.6  30.3  26.7  21.8  17.6   8.8 
1986  11.7  13.8  16.8  21.5 -99.0 -99.0 -99.0 -99.0 -99.0 -99.0 -99.0 -99.0 
1987 -99.0 -99.0 -99.0 -99.0 -99.0 -99.0 -99.0 -99.0 -99.0 -99.0 -99.0 -99.0 
1988 -99.0  11.5  15.6  19.6  23.3  27.1  29.2  30.8  27.1  21.8  17.7  12.6 
1989  13.1   9.4  15.7  20.4  25.3  26.5  28.2  28.0  25.3  21.4  16.4   5.8 
1990  13.5  14.4  16.5  20.2  25.3  29.4  28.4  29.8  26.9  20.4  16.8  10.3 
