Number= 754132
Name= ZION-NATIONAL-PARK--
Country= USA---------
Lat=   37.2
Long=  113.0
Height= 1234
Start year= 1904
End year= 1996
First Good year= 1904
Source ID= 30
Source file= New
Normals source= Data
Normals source start year= 1961
Normals source end year= 1990
Normals=   4.0   6.7   9.2  13.5  19.1  24.7  28.4  27.0  23.0  16.9   9.4   4.4 
Standard deviations source= Data
Standard deviations source start year= 1941
Standard deviations source end year= 1990
Standard deviations=   2.1   2.1   2.0   2.0   1.6   1.5   0.9   1.0   1.4   2.0   1.9   2.0 
Obs:
1904  -0.2   4.8 -99.0 -99.0 -99.0  24.1  26.8  26.9  22.8  16.7 -99.0   6.6 
1905   5.6 -99.0 -99.0  15.3  17.5  24.1  28.2  27.2  23.7 -99.0   9.1   2.8 
1906   3.5 -99.0  11.0  14.0  19.2  24.4  29.2  25.8  22.4  15.6   7.7 -99.0 
1907 -99.0 -99.0 -99.0 -99.0 -99.0  20.9  27.4  26.0  21.5  17.1   9.0   5.9 
1908   5.0   6.4   9.9  13.5  15.0  23.2  28.7  26.5  22.0  13.3  10.0   4.1 
1909   6.6 -99.0   7.8  13.4  17.8  26.1  27.5  27.0  21.2  17.3   9.5 -99.0 
1910   4.6   6.4 -99.0 -99.0  21.7  26.2  29.0  27.6  23.0  17.5  13.6  10.7 
1911   3.5   2.4   8.5  11.3  17.9 -99.0  27.2  27.6  23.8  16.7   7.9   0.7 
1912   4.8   5.5   8.7  10.8  16.7  28.3  27.3 -99.0 -99.0  12.6 -99.0 -99.0 
1913 -99.0 -99.0 -99.0 -99.0 -99.0  23.3  26.3  26.5  18.8 -99.0   8.1   2.0 
1914   5.8   5.8 -99.0 -99.0 -99.0  24.3  26.7  27.8  23.9 -99.0 -99.0 -99.0 
1915   3.5   6.3   9.2  12.9  15.2  20.8 -99.0 -99.0 -99.0 -99.0   9.4   4.4 
1916   2.7   8.6   9.5  12.2  14.7  21.5  24.4  20.9 -99.0  11.8   5.9   2.8 
1917  -0.2 -99.0   4.2   8.5  12.1 -99.0  25.6 -99.0  21.8 -99.0 -99.0 -99.0 
1918 -99.0   6.9  10.5  12.7  14.4  26.5  26.5  25.2  22.4  17.4 -99.0 -99.0 
1919   5.6   5.6   9.0  15.1  19.0  25.3  28.1  26.6  21.4  11.5   9.6   4.8 
1920   7.0   7.3   8.8 -99.0  17.9  25.9  29.5  26.6  19.5 -99.0   9.7   4.6 
1921   5.2   9.0  11.4 -99.0 -99.0  24.8  27.9  26.0  24.8  18.1 -99.0 -99.0 
1922 -99.0   4.7   8.0  11.2  18.7  26.0  28.1  26.2  24.0  16.7 -99.0   6.4 
1923   6.5   4.3   7.5  11.7  19.3  22.3  27.5  26.5 -99.0 -99.0 -99.0 -99.0 
1924 -99.0 -99.0   8.1 -99.0 -99.0 -99.0 -99.0 -99.0  21.3  13.7   8.4  -0.1 
1925   0.8   8.2  10.6 -99.0 -99.0 -99.0  28.5  25.4  21.2  14.6   8.4   5.7 
1926   2.8   8.1  10.4  13.6  19.0  27.2  27.9  27.2  22.4  17.3  10.2   3.1 
1927   5.7   7.0   8.5  13.4  18.5  24.8  29.1  25.7  22.2  18.2  11.0   1.9 
1928   5.8   6.2  11.2  12.4  20.3  24.6  29.3  27.9  24.4  17.7  10.7   3.0 
1929   2.3   3.0   9.2  11.8  19.5  24.9  29.0  27.6  22.1  17.8   7.8   6.9 
1930   1.2   8.5   8.9  16.6  15.5  25.8  28.5  26.6  23.1  15.3   8.7   2.1 
1931   4.3   7.6   9.3  15.3  19.4  25.7  31.3  28.6  23.5  17.4   6.8   1.6 
1932  -0.5   5.3   9.1  13.6  17.4  23.7  26.8  27.7  23.9  15.1  11.1   0.6 
1933   0.9   0.7   9.6  11.8  15.3  25.6  29.4  27.5  24.9  19.7  12.3   6.9 
1934   6.2   9.7  14.9  17.8  22.7  23.2  28.9  28.0  23.6  18.6  11.7   6.1 
1935   5.7   8.1   8.1  13.9  16.7  25.7  27.5  27.0  24.0  16.8   8.9   6.1 
1936   5.3   5.4  10.1  15.2  21.6  26.8  27.7  26.9  22.2  15.5  10.0   4.0 
1937  -4.6   4.8   8.9  12.8  21.8  24.3  28.4  28.8  24.8  17.7  11.2   6.2 
1938   5.4   5.8   7.9  14.2  18.4  25.3  27.9  27.6  25.1  16.7   5.9   5.3 
1939   3.8   0.8  10.3  15.7  20.4  25.4  29.8  29.4  22.5  15.7  12.3   7.9 
1940   5.5   5.9  11.7  14.5  22.7  27.4  28.9  28.5  22.5  17.8   7.5   5.6 
1941   5.4   8.5   9.2   9.8  19.2  24.0  28.8 -99.0 -99.0  13.4   9.8   5.4 
1942   4.4   3.6   8.7  14.1  17.7  24.4  28.7  25.9  23.5  16.5  10.1   6.0 
1943   4.3   7.9   9.8  15.9  19.7  22.4  27.7  25.8  23.9  17.2  11.0   5.1 
1944   2.8   4.3   8.8  12.1  19.2  22.0  27.8  28.2  24.9  19.0   8.5   5.9 
1945   6.2   7.1   7.1  12.7  19.5  22.3  28.3  26.4  23.4  17.3   9.2   2.6 
1946   4.0   7.0  11.1  17.2  19.7  26.2  28.9  27.5  24.5  13.0   6.9   6.3 
1947   2.8  10.1  11.9  14.5  22.0  23.4  27.9  25.6  25.1  17.0   6.0   2.1 
1948   5.0   4.2   5.6  13.7  19.5  23.1  26.8  26.3  24.6  17.7   6.3   2.4 
1949  -3.0   1.3   8.1  15.7  18.7  23.0  28.7  27.2  24.6  15.2  13.9   3.6 
1950   2.8   8.4  10.8  16.4  19.3  24.4  28.2  27.0  22.8  20.2  12.3   9.3 
1951   4.1   7.6   9.2  14.6  18.8  24.0  28.7  25.5  24.1  15.6   8.2   2.2 
1952   2.9   5.7   5.2  14.5  20.0  22.7  27.4  27.2  23.6  20.3   6.7   3.2 
1953   7.5   7.3  11.3  13.9  16.2  24.1  29.0  26.7  25.6  17.0  11.5   3.2 
1954   6.2  10.4   8.2  17.3  21.7  24.0  28.8  26.1  23.3  17.9  12.0   5.1 
1955   1.5   3.3   9.2  13.3  18.9  23.5  27.2  27.6  24.1  18.7   9.2   7.6 
1956   7.2   4.3  11.2  14.0  20.3  26.2  27.5  26.3  25.6  17.5   8.6   5.5 
1957   3.9  10.1  10.4  12.8  16.4  25.2  27.9  26.2  23.5  14.9   5.8   6.0 
1958   4.9   8.7   6.4  12.1  21.3  25.2  27.2  28.8  22.9  18.3   9.7   8.1 
1959   5.5   5.0  10.0  16.3  19.1  26.5  29.9  26.6  22.0  17.6  10.0   5.9 
1960   1.8   3.9  11.3  14.7  19.7  26.5  30.2  28.4  25.5  16.5  10.5   3.9 
1961   6.2   7.0   8.9  14.2  19.8  27.5  29.5  26.7  20.5  15.9   7.2   2.5 
1962   2.9   6.5   6.7  16.8  17.8  23.9  27.5  28.1  24.1  17.7  12.6   6.1 
1963   1.5   9.9   8.1  11.7  21.3  22.5  28.7  25.8  24.2  18.8  10.1   3.9 
1964   2.0   3.2   6.2  11.7  17.2  23.1  28.8  26.4  22.5  19.5   7.6   4.4 
1965   5.9   6.2   7.3  11.4  16.4  21.2  27.0  26.5  19.7  18.8  11.0   5.3 
1966   3.2   3.5  11.4  14.9  20.8  24.8  27.8  28.2  23.8  16.7  10.8   4.1 
1967   3.6   6.6  10.3   9.8  18.2  22.0  28.6  28.7  23.6  18.4  11.8   0.6 
1968   4.3   9.4  10.6  11.8  18.7  24.9  27.4  24.5  22.2  17.4   8.7   2.6 
1969   5.8   4.8   7.9  14.3  21.1  23.1  28.5  29.7  24.9  13.9  10.2   6.2 
1970   4.6   9.8   8.1  11.0  20.4  25.0  28.5  28.3  22.1  15.0  10.5   4.5 
1971   4.5   6.0  10.1  13.8  16.7  24.7  29.6  27.3  22.5  14.3   8.3   2.1 
1972   3.7   8.8  13.9  14.7  20.2  24.8  29.9  26.8  22.0  14.8   6.2   2.1 
1973   0.2   6.2   5.9  11.9  20.2  23.9  28.5  27.3  22.8  17.0   8.7   5.8 
1974   2.5   6.2  11.3  13.1  21.3  27.6  27.9  27.5  24.7  17.7   9.2   2.1 
1975   2.5   4.9   7.0   9.1  17.0  24.0  27.8  26.6  23.9  16.5 -99.0   5.5 
1976   5.3   8.8   7.9  12.9  20.8  24.1  28.1  26.0  23.0  15.6  11.2   5.4 
1977   4.0   8.6   7.3  16.0  16.2  26.0  28.0  27.6  23.1  18.9  10.3   7.1 
1978   5.2   6.6  11.3  12.7  17.8  25.0  28.8  27.2  22.0  19.2   8.1   1.4 
1979  -0.1   3.8   8.5  13.6  18.8  24.9  28.6  25.9  26.1  19.2   7.1   6.3 
1980   5.0   8.3   7.3  13.9  16.7  24.1  28.1  26.5  23.6  17.0  10.5   8.9 
1981   7.4   8.7   8.9  15.9  18.6  26.5  28.9  27.6  23.8  14.8  12.4   6.9 
1982   2.3   6.8   8.7  12.9  19.3  23.7  27.0  26.8  22.1  13.9   7.9   3.6 
1983   5.4   6.9   8.2  10.3  17.6  23.6  27.0  26.0  23.6  17.2   8.9   4.8 
1984   4.2   5.8   9.5  12.6  22.2  24.2  27.7  25.7  23.2  11.8   8.3   4.4 
1985   3.7   4.8   8.6  15.8  19.6  26.0  29.3  27.6  20.7  16.8   7.1   5.3 
1986   9.3   7.9  12.7  14.1  20.4  26.8  27.2  28.1  20.0  15.5   9.4   5.9 
1987   3.1   6.3   8.6  16.3  19.8  26.5  26.9  26.5  24.0  19.4   9.1   2.6 
1988   4.1   8.6   9.7  13.7  18.7  25.8  29.9  26.7  22.3  21.0   9.4   4.6 
1989   3.1   5.9  13.2  18.0  20.0  25.3  30.3  26.1  23.6  16.9  11.1   5.1 
1990   5.0   5.6  11.6  15.7  19.0  26.9  29.0  27.0  24.8  18.2  10.2   0.9 
1991   3.7  10.9   7.1  12.6  17.2  23.5  29.1  28.2  24.3  18.9   9.2   5.1 
1992   4.4   9.3  10.7  17.5  20.7  24.6  27.0  27.7  24.2  18.7   6.2   1.8 
1993   3.9   5.4  11.2  13.9  19.9  22.9  26.8  26.6  23.3  16.0   6.7   4.1 
1994   5.9   5.0  12.1  13.9  19.6  27.6  29.3  29.1  24.8  16.0   6.2   6.3 
1995   5.4  12.2  10.6  12.7  17.2  22.3  28.3  28.3  24.6  17.9  12.8   6.6 
1996   5.4   9.6  10.9  15.6  20.3  26.6  29.6  29.0  22.1  15.7  10.0 -99.0 
