Number= 754210
Name= EAGLE-PASS----------
Country= USA---------
Lat=   28.7
Long=  100.5
Height= 245
Start year= 1849
End year= 1990
First Good year= 1849
Source ID= 30
Source file= New
Normals source= Data
Normals source start year= 1961
Normals source end year= 1990
Normals=  10.7  13.6  18.4  22.8  25.9  28.9  30.2  30.0  27.3  22.3  16.7  12.0 
Standard deviations source= Data
Standard deviations source start year= 1941
Standard deviations source end year= 1990
Standard deviations=   2.0   2.0   1.8   1.6   1.3   1.2   1.3   1.2   1.3   1.6   1.7   1.7 
Obs:
1849 -99.0 -99.0 -99.0 -99.0 -99.0 -99.0 -99.0 -99.0 -99.0  20.3  17.1  12.2 
1850  14.8  14.8  19.0  21.1  24.1  27.1  28.6  30.3  29.1  23.7  17.5  10.1 
1851  13.1  14.4  18.3  23.4  27.4  29.7  30.1  31.2  28.8  23.7  16.8  12.0 
1852   8.9  17.2  19.2  23.6  28.2  29.3  29.8  31.2  27.1  22.6  14.9  12.4 
1853   9.7  11.7  17.1  23.7  26.6  27.3  29.2  27.7  27.1  20.9  17.2  11.0 
1854  10.1  14.6  20.4  22.3  26.1  27.7  28.6  29.4  27.6  24.3  16.1  10.1 
1855  10.3  11.8  16.2  24.1  28.8  27.9  28.5  28.8  26.4  20.6  16.8  11.8 
1856   6.4  12.5  17.5  24.4  27.4  31.3  30.1  32.4  26.4  22.4  14.6  10.7 
1857   9.1  17.3  18.7  19.2  25.9  29.4  30.8  30.7  26.7  21.4  17.3  13.7 
1858 -99.0  14.1  20.8  24.9  28.0  27.7  31.6  31.1  27.4  26.1  16.8  13.9 
1859  13.4  18.1  21.3  24.1  29.2 -99.0 -99.0 -99.0 -99.0 -99.0 -99.0 -99.0 
1860 -99.0 -99.0 -99.0 -99.0 -99.0  33.2  34.2  31.3  27.8  23.6  15.3  11.9 
1861  11.4  15.2 -99.0 -99.0 -99.0 -99.0 -99.0 -99.0 -99.0 -99.0 -99.0 -99.0 
1862 -99.0 -99.0 -99.0 -99.0 -99.0 -99.0 -99.0 -99.0 -99.0 -99.0 -99.0 -99.0 
1863 -99.0 -99.0 -99.0 -99.0 -99.0 -99.0 -99.0 -99.0 -99.0 -99.0 -99.0 -99.0 
1864 -99.0 -99.0 -99.0 -99.0 -99.0 -99.0 -99.0 -99.0 -99.0 -99.0 -99.0 -99.0 
1865 -99.0 -99.0 -99.0 -99.0 -99.0 -99.0 -99.0 -99.0 -99.0 -99.0 -99.0 -99.0 
1866 -99.0 -99.0 -99.0 -99.0 -99.0 -99.0 -99.0 -99.0 -99.0 -99.0 -99.0 -99.0 
1867 -99.0 -99.0 -99.0 -99.0 -99.0 -99.0 -99.0 -99.0 -99.0 -99.0 -99.0 -99.0 
1868 -99.0 -99.0 -99.0 -99.0 -99.0 -99.0 -99.0 -99.0 -99.0 -99.0 -99.0 -99.0 
1869 -99.0 -99.0 -99.0 -99.0 -99.0 -99.0 -99.0 -99.0 -99.0 -99.0 -99.0 -99.0 
1870 -99.0 -99.0 -99.0 -99.0 -99.0 -99.0 -99.0 -99.0 -99.0 -99.0 -99.0 -99.0 
1871 -99.0 -99.0 -99.0 -99.0 -99.0 -99.0 -99.0 -99.0 -99.0 -99.0 -99.0 -99.0 
1872 -99.0 -99.0 -99.0 -99.0 -99.0 -99.0 -99.0 -99.0 -99.0 -99.0 -99.0 -99.0 
1873 -99.0 -99.0 -99.0 -99.0 -99.0  27.2  29.0  28.9  26.4  21.8  14.4  12.4 
1874  10.8  15.6  19.6  20.7  26.3  29.0  30.5  32.0  26.2  23.1  18.3  12.7 
1875   7.9  14.4  18.3  22.3  26.7  30.4  31.0  30.2  26.8  21.8  16.9  13.1 
1876  13.6  14.9  17.2  22.9  25.7  28.4  30.1  30.9  27.2  21.9  14.4   7.7 
1877   9.2  13.1  18.6  21.1  26.1  29.1  30.2  31.6  28.7  23.2  14.1  12.8 
1878  10.2  14.1  17.6  22.9  24.8  29.1  29.6  28.5  25.1  22.1  16.7   9.2 
1879  11.6  13.2  21.4  22.7  29.3  28.7  32.2  27.9  25.8  22.1  17.8  13.6 
1880  15.4  14.1  17.8  23.6  27.0  29.9  28.8  26.9  26.8  20.6  10.6  10.9 
1881   6.5  12.7  18.6  22.8  25.4  30.9  31.3  30.7  28.1  23.2  14.7  12.5 
1882  12.4  16.3  18.4  23.3  25.2  29.4  30.1  27.5  25.6  23.4  16.4  10.2 
1883   9.1  12.3  17.9  23.2  27.6 -99.0 -99.0 -99.0 -99.0 -99.0 -99.0 -99.0 
1884 -99.0 -99.0 -99.0 -99.0 -99.0 -99.0 -99.0 -99.0 -99.0 -99.0 -99.0 -99.0 
1885 -99.0 -99.0 -99.0 -99.0 -99.0 -99.0 -99.0 -99.0 -99.0 -99.0 -99.0 -99.0 
1886 -99.0 -99.0 -99.0 -99.0 -99.0 -99.0 -99.0 -99.0 -99.0 -99.0 -99.0 -99.0 
1887 -99.0 -99.0 -99.0 -99.0 -99.0 -99.0 -99.0 -99.0 -99.0 -99.0 -99.0 -99.0 
1888 -99.0 -99.0 -99.0 -99.0 -99.0 -99.0 -99.0 -99.0 -99.0 -99.0 -99.0 -99.0 
1889  11.4  13.7  16.1  21.1  25.4  29.2  29.1  28.9  24.3  21.2  13.9  18.9 
1890  14.7  17.9  19.2  22.2  25.4  26.9  29.9  29.8  26.2  22.4  16.8  13.7 
1891  11.0  15.3  15.5  19.9  24.7  29.2  31.4  28.7  27.0  20.4  15.3  10.2 
1892   7.9  16.6  14.7  24.3  28.2  29.8  30.7  27.2  25.8  23.9  14.7  11.1 
1893  10.1  12.9  17.0  25.6  26.7  30.0  31.2  30.2  28.9  21.8  14.4  13.7 
1894  11.3  10.7  18.4  25.0  26.3  29.1  30.5  28.7  27.1  24.0  16.3  13.4 
1895  12.5   8.2  18.4  22.3  24.7  28.8  31.6  30.5  27.8  20.2  13.9  11.1 
1896  12.7  14.1  17.4  23.9  28.2  31.5  30.2  30.8 -99.0  23.3  18.6  12.1 
1897   9.6  16.5  21.3  23.4  25.5  28.9  31.3  29.2  27.3  23.7  16.8 -99.0 
1898  12.0  15.9  18.0  22.5  27.4 -99.0 -99.0 -99.0 -99.0 -99.0 -99.0 -99.0 
1899 -99.0 -99.0 -99.0  21.9  28.2  27.1 -99.0 -99.0 -99.0  22.6  15.3   9.2 
1900  11.0  11.8  15.1  19.3  23.7  27.9  28.9  28.9  28.8  22.1  15.0  10.2 
1901  11.7  10.6  15.9  20.4  24.3  27.9  30.2  30.9  27.3  23.2  16.2   8.8 
1902   9.7  10.2  19.8  24.8  26.9  30.5  30.6  31.4  27.0  22.2  18.2  12.3 
1903  10.1  11.0  14.1  20.9  25.5  25.3  30.1  32.0  25.8  19.0  13.9  11.1 
1904  10.0  16.0  21.4 -99.0 -99.0 -99.0 -99.0 -99.0 -99.0 -99.0 -99.0 -99.0 
1905 -99.0   6.2  16.8  20.2  25.5  28.0  31.0 -99.0  28.8  20.1  16.4   7.2 
1906  10.4  11.9  16.4  21.9  26.6  31.4  28.7  29.2  26.2  17.2  17.0 -99.0 
1907  14.8  15.1  22.8  21.1  24.3 -99.0  30.9  31.5  28.0  22.3  13.5  12.2 
1908  10.9  12.5  20.5 -99.0  25.0  30.8  29.3  28.0  27.8 -99.0  14.9  12.6 
1909  15.1  17.4  20.4 -99.0  28.3  31.8  32.2  31.8  28.1  23.1  19.6   9.8 
1910  12.9  11.5  18.1  21.0  26.0  30.4 -99.0  33.2  30.8  22.3  17.2  11.4 
1911 -99.0 -99.0  20.3  22.0  25.5  30.6  30.4  31.1  30.5  22.2  13.3  10.1 
1912   9.5  11.4  15.1  21.7  26.9  27.6  30.5  31.7  29.4  22.7  14.8   9.4 
1913  10.6  11.8  16.3  21.6  26.5  27.2  30.4  30.7  26.6  21.2  18.2  11.7 
1914  13.3  13.4  14.9  21.8  26.5  29.6  31.8  30.9  28.9  22.8  16.6   8.5 
1915   9.6  15.0  12.6  21.6  26.8  30.9  31.1  29.5  27.9  22.5  17.0  13.0 
1916  14.9  15.9  21.4  22.4  27.4  31.9  29.4  28.4  26.8  22.3  14.8  11.0 
1917  12.2  14.9  17.7  22.8  25.5  30.9  31.6  31.5  27.4  20.7  17.3  10.9 
1918   8.9  14.2  20.6  23.6  25.7  29.3  31.2  30.5  25.9  21.9  14.3  10.6 
1919   8.4  12.2  16.9  21.1  25.6  26.9  28.4  29.4  26.2  23.7  16.0  10.4 
1920   9.2  15.3  16.5  22.1  26.0  28.4  30.6  28.6  28.2  22.2  14.4  11.7 
1921  14.2  14.8  21.1  21.6  25.6  28.7  30.2  30.2  29.8  23.0  18.9  15.3 
1922  10.1  15.8  17.2  23.4  26.9  27.1  29.9  30.6  27.6  21.9  16.9  14.4 
1923  14.9  12.1  15.0  22.4  27.3  28.8  29.8  30.1  27.8  20.6  14.9  12.4 
1924   9.0  12.9  16.3  22.0  23.4  28.9  29.9  31.3  26.5  22.5  18.9  10.9 
1925  10.6  15.8  20.2  25.3  26.2  29.7  31.1  29.7  27.8  21.7  15.3   9.2 
1926   9.0  15.7  16.6  20.3  25.2  29.2  29.5  30.6  30.0  25.5  14.8  12.2 
1927  11.7  16.5  18.4  25.2  29.2  26.6  28.5  29.5  27.1  21.3 -99.0   7.7 
1928   8.3 -99.0  19.9  20.7  25.9  30.9  31.8  31.3  26.0  24.0  14.4  11.0 
1929  12.4  11.1  19.9  24.5  26.2  30.7  30.6  31.3  28.5  22.6  12.9  11.3 
1930   7.5  17.2  16.4  24.3  26.2  28.4  30.8  32.0  30.0  21.7  15.6  10.7 
1931  11.4  14.9  14.9  19.1  24.0  28.6  29.7  29.0  29.9  26.2  18.7  10.7 
1932  12.7  16.9  15.4  22.8  26.1  30.2  31.1  30.8  25.1  19.9  13.2   9.8 
1933  14.0  12.1  19.4  22.4  28.1  29.2  31.5  29.9  29.5  24.7  17.5  14.5 
1934  12.1  14.3  17.5  24.6  27.2  31.2  30.5  31.6  28.3  25.4  19.0  13.2 
1935  14.5  13.8  22.3  24.6  25.8  28.2  29.8  31.0  25.8  23.7  16.4  11.4 
1936  10.6  13.2  19.8  22.0  25.7  30.0  29.0  30.1  27.4  20.1  14.5  13.1 
1937  11.4  14.7  16.6  22.7  25.1  30.2  29.9  31.9  27.0  24.0  15.6  11.2 
1938  12.9  17.0  21.8  21.8  27.2  30.4  31.1  30.3  27.7  23.8  14.9  11.5 
1939  13.1  12.6  20.7  23.6  27.7  30.4  31.5  29.5  28.6  23.6  14.6  13.0 
1940   7.4  13.1  18.5  22.0  25.1  27.1  30.0  29.6  26.7  22.1  14.6  13.1 
1941 -99.0  13.0  14.6  21.6  25.5  28.5  30.8  31.2  28.5  26.0  16.1  12.3 
1942  11.1  13.1  17.6  23.5  26.5  30.5  29.8  30.1  25.3  22.8  18.9  12.7 
1943  11.4  16.2  18.1  24.8  28.1  30.1  31.5  32.5  26.0  20.8  15.3  10.1 
1944  11.0  16.1  19.4  23.6  26.0  30.4  33.0  30.5  27.1  22.1  16.6   9.9 
1945  12.4  15.1  20.6  22.2  27.3  31.2  31.9  32.0  28.6  21.5  17.9  10.9 
1946  10.6  15.0  20.8  24.7  26.4  28.7  31.3  30.6  28.0  24.3  16.9  13.3 
1947   9.7  10.8  16.4  22.1  26.5  29.5  30.2  28.5  28.2  26.8  15.2  12.6 
1948   9.1  13.2  18.8  25.0  28.5  31.8  30.8  31.0  25.2  21.7  14.4  13.9 
1949   9.3  15.1  18.2  19.6  27.2  29.1  29.9  28.5  28.1  22.2  17.4  13.7 
1950  15.9  16.5  18.8  22.8  27.2  28.2  30.6  29.6  27.6  23.9  16.4  11.9 
1951  10.6  14.0  18.9  22.9  26.4  29.7  31.9  31.4  28.9  24.5  15.3  13.1 
1952  16.0  15.8  17.8  21.9  26.0  29.4  30.8  32.2  28.2  20.6  16.1  11.3 
1953  13.6  14.2  21.9  23.9  27.2  31.8  32.2  30.0  26.3  22.0  15.1   9.4 
1954  12.3  17.0  17.8  23.7  25.2  29.1  30.4  29.9  28.9  23.2  15.6  13.5 
1955  11.7  14.5  19.4  24.5  27.4  29.2  29.0  29.3  27.5  21.9  15.8  11.6 
1956  11.9  14.5  19.3  23.0  27.6  30.2  30.5  31.1  27.6  24.5  15.4  12.9 
1957  12.6  18.6  18.6  21.0  24.8  28.7  31.7  31.5  27.1  20.7  13.7  12.6 
1958  10.3  11.8  14.8  21.6  25.1  29.0  30.2  30.9  27.2  20.6  16.3  10.5 
1959   9.9  12.6  16.8  20.2  26.5  28.9  29.4  29.5  29.1  22.5  12.3  12.3 
1960  10.9  11.6  15.4  23.8  25.9  30.6  30.6  29.6  27.8  24.4  17.1   9.9 
1961   9.4  13.8  19.6  22.0  27.2  29.2  29.7  29.2  28.9  22.8  15.1  12.6 
1962   8.6  19.1  16.7  23.2  28.0  29.7  32.2  32.4  29.4  26.3  17.5  11.5 
1963   8.8  12.9  20.4  25.8  26.5  30.4  30.9  32.2  29.0  24.1  17.4   8.2 
1964  10.4  12.0  18.2  24.7  26.9  30.1  32.1  31.3  27.8  20.8  18.1  11.9 
1965  13.7  11.7  15.2  23.9  25.6  29.0  30.7  30.1  28.5  21.1  19.5  13.8 
1966   9.0  11.3  17.6  23.0  24.3  27.6  31.2  29.6  26.8  21.1  18.4  11.0 
1967  10.8  13.2  21.7  25.6  26.9  30.0  31.2  28.8  25.1  20.8  16.8  11.3 
1968  10.7  11.5  15.3  21.8  25.6  28.4  29.2  30.6  25.3  23.3  15.8  11.6 
1969  13.0  14.5  15.0  23.0  24.6  29.7  31.9  30.9  27.1  21.5  14.8  13.1 
1970   8.3  13.6  15.7  22.8  24.0  27.6  29.7  29.8  26.9  20.1  14.2  16.0 
1971 -99.0  14.8  19.2  22.5  27.0  28.0  28.4  26.3  25.9  22.3  17.2  13.6 
1972  13.1  14.5  21.2  25.1  25.2  28.2  29.1  28.4  27.8  23.2  13.6  10.6 
1973   8.9  11.7  19.7  20.3  26.0  27.3  29.0  28.8  26.8  22.1  18.9  12.3 
1974  11.6  14.3  20.7  22.7  27.5  28.9  30.1  29.2  24.1  21.7  15.4  11.0 
1975  12.7  14.3  18.7  22.5  26.0  27.9  27.6  29.6  25.3  22.2  17.2  12.6 
1976  10.5  17.4  20.3  22.1  23.0  28.9  26.7  28.3  27.2  17.6  11.9  10.2 
1977   8.2  13.5  18.0  20.8  24.7  28.8  30.3  31.3  29.8  22.9  17.5  13.3 
1978   8.6  10.0  17.9  24.0  27.2  28.9  31.4  29.2  25.4  20.8  17.0  11.4 
1979   7.2  11.5  17.7  21.5  24.2  26.8  31.2  29.9  26.8  24.2  15.0  12.2 
1980  13.1  13.2  17.9  21.6  26.7  31.1  32.3  29.4  28.5  22.3  14.4  12.6 
1981  11.2  12.9  17.0  23.0  24.6  26.7  29.1  29.4  27.0  23.1  18.4  13.3 
1982  11.5  11.8  19.3  22.2  24.6  29.0  31.1  31.1  28.4  22.6  16.6  11.9 
1983  11.2  13.4  17.6  21.4  26.3  28.5  30.3  30.7 -99.0  23.7  17.9   7.9 
1984   9.2  14.5  19.6  24.1 -99.0  30.0  30.6  31.1  27.1  22.2  16.4  15.6 
1985   8.3  11.3  19.2 -99.0  27.3  28.8  29.7  31.5  28.7  22.7  18.5  10.8 
1986  12.3  16.8  20.2  25.9  26.7  28.3  31.0  31.0  28.6  21.3  15.8  11.7 
1987  11.4  14.8  15.6  19.3  24.3  26.9  28.6  30.2  27.3  22.7  17.1  13.5 
1988   9.4  13.9  19.4  23.5  26.6  29.2  30.2  29.8  27.7  23.3  19.5  13.6 
1989  15.1  12.8  19.1  23.4  28.7  30.1  31.5  30.4  27.3  23.2  17.8   8.4 
1990  14.1  17.3  18.4  20.7  25.9  31.8  29.2  28.9  26.5  21.6  18.4  12.9 
