Number= 754240
Name= FLATONIA------------
Country= USA---------
Lat=   29.7
Long=   97.1
Height= 158
Start year= 1908
End year= 1990
First Good year= 1908
Source ID= 30
Source file= New
Normals source= Data
Normals source start year= 1961
Normals source end year= 1990
Normals=  10.0  12.1  16.1  20.5  23.6  26.9  28.5  28.7  25.7  21.3  15.9  11.6 
Standard deviations source= Data
Standard deviations source start year= 1941
Standard deviations source end year= 1990
Standard deviations=   2.4   2.2   1.9   1.3   1.0   1.1   1.0   1.0   1.2   1.5   1.8   2.1 
Obs:
1908  11.9  12.1  19.4  21.3  23.6  27.7  27.7  28.2  25.2  20.1  17.1  13.6 
1909  14.0  14.9  17.5  20.3  22.6  27.1  29.3  28.8  26.0  22.1  19.5   8.5 
1910  12.1   9.6  17.7  18.7  21.5  26.7  28.7  29.7  26.6  20.8  17.1  13.1 
1911  15.2  15.4  17.0  19.3  21.5  28.2  28.3  29.8  27.9  20.4  13.0  10.7 
1912   8.8  10.7  11.9  18.8  22.6  25.0  28.8  29.4  27.0  21.5  14.1   9.7 
1913  11.1  10.5  13.3  17.5  21.8  26.3  29.5  28.5  23.4  18.7  18.0  10.7 
1914  13.6  10.7  12.8  18.1  21.4  27.5  29.8  27.6  25.1  20.4  15.0   7.4 
1915   9.9  13.8   9.9  17.7  22.8  28.4  29.2  27.8  25.6  21.6  17.4  13.7 
1916  13.0  13.9  18.2  18.7  22.7  28.2  28.8  27.5  25.0  21.1  14.7  13.7 
1917  12.7 -99.0  15.5  18.9  20.1  27.9  29.2  29.9  25.2  19.8  15.2  10.0 
1918   8.4  12.6  16.3  18.5  22.2  28.6  29.8  29.6  24.5  20.5  12.8  11.5 
1919   9.1   9.7  13.6  18.9  21.3  24.7  27.3  28.4  24.9  22.8  15.3  10.8 
1920   8.0  13.2  14.5  18.5  23.5  26.0  29.2  27.7  26.2  21.1  13.1  12.3 
1921  13.8  14.0  16.6  17.4  21.2  25.8  28.0  29.8 -99.0 -99.0 -99.0  14.5 
1922   9.1  14.1  14.3  20.1  24.4  26.6  29.0  29.8  25.8  20.7  15.5  15.4 
1923  16.6  11.5  13.2  19.5  23.6  28.2  28.4  29.0  25.3  19.2  13.2  12.8 
1924   8.0  12.0  12.7  19.0  21.4  27.3  28.4  30.1  24.7  21.2  17.7  11.0 
1925   9.4  16.4  18.4  23.6  24.2  28.9  29.9  29.7  26.6  19.2  14.1   9.1 
1926   8.9  15.4  12.9  17.3  22.2  27.7  28.2  28.5  27.3  22.7  13.6  12.5 
1927  12.5  16.0  15.6  21.2  25.5  27.2  29.2  29.7  26.4  22.0  20.2  10.2 
1928  11.7  12.5  17.4  16.9  22.7  27.5  29.5  30.3  24.3  24.5  14.9  11.5 
1929  12.1   8.6  17.2  21.7  22.7  27.2  27.3  29.5  26.5  21.6  11.0  12.2 
1930   5.7  15.9  13.1  21.6  22.7  26.8  29.0  29.7  26.1  19.5  14.1  10.3 
1931  11.4  14.5  12.8  16.8  21.5  27.8  28.7  27.8  27.3  24.0  18.2  12.5 
1932  12.9  17.2  13.1  20.3  23.1  27.7  29.8  29.0  24.8  19.6  12.9  10.1 
1933  15.1  11.1  17.5  20.7  26.2  27.2  29.6  29.4  28.1  23.5  16.8  16.8 
1934  11.5  11.3 -99.0 -99.0  24.1  29.7  30.2  30.0  25.8  23.7  17.3  12.9 
1935  13.8  13.5  18.9  20.6  23.1  27.1  29.2  29.8  24.0  22.8  14.6  11.1 
1936  12.1  10.0  17.7  19.1  22.8  28.6  27.3  29.5  26.1  19.5  12.0  13.3 
1937  10.5  13.4  13.3  19.6  23.7  28.5  29.4  30.2  26.0  21.3  13.8  11.5 
1938  12.5  16.0  19.6  19.1  22.9  27.6  29.5  28.9  25.4  22.3  14.6  13.3 
1939  12.7  12.4  17.1  20.5  25.0  28.0  29.6  29.2  26.3  22.3  13.8  14.4 
1940   5.3  12.5  16.6  19.0  23.1  26.4  28.0  28.8  24.4  21.4  14.4  12.3 
1941  12.7  10.6  12.6  19.1  23.3  26.4  28.3  28.5  26.0  23.7  14.0  12.6 
1942  10.2  11.9  17.5  19.8  23.5  28.7  28.0  28.8  24.1  21.6  17.9  14.4 
1943  11.7  16.1  13.8  21.8  24.8  27.7  29.3  30.1  25.2  19.9  14.5  10.5 
1944  10.4  15.5  15.6  19.9  22.1  27.8  30.0  30.1  25.3  20.6  15.5   9.6 
1945  10.9  12.9  19.2  20.0  23.6  28.5  29.0  29.2  26.2  20.0  18.3  11.3 
1946  10.1  13.7  17.2  21.1  24.0  26.4  29.3  29.4  25.3  22.0  15.6  12.9 
1947   8.9   9.0  13.1  19.9  23.4  28.5  29.5  29.1  26.7  24.8  14.6  11.7 
1948   7.3 -99.0  15.3  21.7  24.2  28.8  29.6  30.1  24.7  21.2  15.2  14.3 
1949   8.8  14.1  16.9  18.4  25.6  28.6  29.4  28.4  26.5  21.4  16.9  13.1 
1950  13.4  14.1  15.0  18.8  24.7  26.9  28.8  28.8  25.0  22.4  14.9  11.9 
1951  10.7  12.4  17.2  20.4  24.2  28.1  30.2  30.7  26.2  22.0  14.1  13.6 
1952  15.7  15.1  14.6  17.7  22.4  27.7  28.6  30.0  25.2  18.4  14.6  10.6 
1953  13.7  11.8  19.2  19.6  23.6  29.5  29.9  29.0  25.4  21.4  14.2   9.3 
1954  12.0  15.3  15.0  21.6  22.4  28.7  30.6  30.5  27.8  22.9  15.7  14.4 
1955  11.9  12.2  16.7  21.7  24.6  25.3 -99.0  29.0  27.3  22.4  16.3  12.3 
1956  11.4  14.4  15.8  20.0  25.1  28.8  30.1  30.1  27.1  23.3  15.0  14.3 
1957  11.7  16.1  15.8  19.1  23.1  26.8  29.7  29.8  24.8  19.1  14.5  13.8 
1958   9.6   9.5  13.3  19.3  22.6  28.2  29.0  29.6  26.0  20.0  15.9  10.1 
1959   9.1  12.4  15.2  17.7  24.0  27.6  28.6  28.2  26.0  21.5  12.7  12.1 
1960  10.3   9.2  12.3  20.5  22.1  27.9  28.6  28.4  25.6  22.4  16.5  10.0 
1961   8.8  13.2 -99.0  19.5  23.7  26.6  27.2  27.5  25.5  21.0  14.2  12.0 
1962   7.4  16.1  14.1  19.5  23.7  26.7  29.8  31.0  27.2  23.7  15.3  11.1 
1963   7.0  11.4  17.0  22.6  25.0  28.8  29.7  30.1  27.0  24.6  17.1   7.7 
1964  11.6 -99.0 -99.0  21.1  24.6  27.4  29.3  29.9  26.1  19.7  17.8  12.0 
1965  12.6  10.8  12.6  21.5  22.6  26.5  27.8  28.3  26.7  19.9  18.6  13.6 
1966   8.1  10.1  15.5  21.0  23.1  26.0  28.3  28.3  25.4  20.9  18.6  11.8 
1967  11.7  11.8  18.8  24.1  23.4  28.1  29.0  28.2  23.5  20.7  15.9  11.1 
1968   8.5   9.1  14.2  20.3  23.4  25.7  27.1  28.1  23.7  22.2  13.4  11.2 
1969  12.5  12.6  12.4  19.9  22.2  26.4  30.1  29.3  26.0  21.2  15.7  13.5 
1970   8.3  12.7  13.3  20.8  21.8  26.2  28.4  29.3  25.6  19.6  14.3  16.6 
1971  14.5  14.1  17.3  20.0  23.9  28.1  29.3  26.9  25.8  22.0  16.5  15.3 
1972  12.8  13.8  18.8  22.5  23.1  26.9  27.2  27.6  27.4  21.9  11.8   9.7 
1973   8.5  11.0  17.7  17.4  22.8  25.5 -99.0  27.5  25.7  21.8  19.4  12.0 
1974  10.5  13.9  19.6  20.3  25.0  25.7  28.1  27.1  22.3  20.7  14.1  11.2 
1975  13.1  11.7  16.2  20.0  23.4  26.6  27.5  27.9  23.9  21.3  16.2  11.1 
1976  10.7  15.9  17.0  20.3  21.4  26.3  26.3  27.4  24.8  16.2  10.9  10.0 
1977   5.9  12.2  16.2  19.3  24.0  27.2  29.5  29.7  27.9  22.2  16.5  12.6 
1978   4.8   6.8  15.0  20.5  25.5  27.2  29.7  28.9  25.6  20.9  16.1  10.1 
1979   5.3   9.8  16.3  20.1  21.8  25.7  27.1  26.8  23.6  22.5  13.4  11.6 
1980  11.6  11.3  15.9  18.6  23.5  28.1  30.2  29.0  27.4  20.4  14.2  12.4 
1981  10.6  12.3  15.1  22.5  23.1  26.9  28.2  28.3  25.2  21.9  17.5  12.7 
1982  11.0  10.4  17.2  19.4  23.9  27.5  29.9  29.8  26.7  20.9  15.1  12.3 
1983   9.9  11.2  14.8  18.6  23.1  26.2  27.7  28.9  25.6  22.0  17.7   6.7 
1984   8.5  13.2  17.4  21.1  24.8  27.6  29.1  29.0  24.8  22.2  15.8  16.6 
1985   7.3   9.7  18.0  21.0  24.3  27.4  28.3  30.1  26.3  22.0  17.8  10.0 
1986  12.2  14.6  17.3  21.8  23.1  27.1  29.4  28.9  27.2  20.4  15.0  10.4 
1987  10.5  13.0  14.6  19.6  24.0  26.1  27.8  29.2  25.5  20.6  15.8  12.3 
1988   8.6  11.5  15.5  19.8  22.9  26.3  28.5  29.7  27.1  22.4  18.5  13.1 
1989  13.0  10.3  15.6  20.5  25.2  26.4  28.3  28.4  25.1  21.9  16.6   6.5 
1990  14.0  15.1  16.0  20.5  25.3  29.5  27.9  29.2  26.6  21.0  17.7  11.4 
