Number= 754440
Name= MIAMI---------------
Country= USA---------
Lat=   35.7
Long=  100.6
Height= 839
Start year= 1905
End year= 1990
First Good year= 1905
Source ID= 30
Source file= New
Normals source= Data
Normals source start year= 1961
Normals source end year= 1990
Normals=   1.4   3.9   8.5  14.2  19.0  23.6  26.7  25.7  21.1  14.8   7.9   2.8 
Standard deviations source= Data
Standard deviations source start year= 1941
Standard deviations source end year= 1990
Standard deviations=   2.3   2.4   2.2   1.9   1.5   1.7   1.5   1.4   1.4   1.6   1.8   2.1 
Obs:
1905 -99.0 -99.0 -99.0 -99.0 -99.0  25.3  24.6 -99.0  22.4  12.8   8.5   1.2 
1906   5.3   4.7   4.1  14.5  19.1  22.5  22.9  23.7  20.5  11.9   5.1   5.7 
1907   4.9   5.6  14.1  11.9  15.8  22.4  24.8  25.3  21.9  13.5   6.2   4.2 
1908   3.8   4.9  11.7  14.5 -99.0  23.2  24.0  24.8  20.7  13.4   6.8   4.2 
1909   3.8   5.4   7.8 -99.0  17.6  24.2  27.5  27.0  21.9  14.8   9.9 -99.0 
1910   3.0   1.4  14.3  15.5  17.4  24.8  27.7  25.6  24.2  15.7   9.7   3.2 
1911   7.2   4.6  11.0  14.7  20.1  26.0  25.9  25.2  24.7  14.6   5.9  -1.1 
1912  -3.3   1.8   3.6  13.1  21.2  21.9  26.7  25.5  19.4  14.9   8.7   1.4 
1913   2.5  -0.5   6.2  14.4  21.7  23.3  26.9  27.9  18.4  13.5  10.3   0.7 
1914   6.7   2.9   9.1  13.9  18.9  25.7  27.5  26.3  23.4  14.8  10.4  -1.4 
1915   0.7   5.7   3.0  15.2  17.2  22.7  24.9 -99.0  21.5  15.9  10.7   3.7 
1916   1.0   5.0  12.0  11.9  20.1  24.1  27.6  27.3  22.2  14.6   8.9   0.7 
1917   2.5   4.4   9.5  14.7  16.6  24.9  27.8  25.0  23.0  13.1 -99.0   0.4 
1918  -1.6   6.3  12.0  14.0  22.5  26.2  27.2  27.6  18.3  16.8   6.0   2.2 
1919  -0.3   4.6  10.1  14.8  18.4  22.5  26.5  26.6  22.5  14.2   6.1   3.0 
1920   2.1   5.5  11.2  13.4  20.4  24.8  27.6  23.2  22.6  17.5   6.4   5.2 
1921   5.3   6.4  12.4  13.2  19.7  23.3  26.3  26.7  22.7  15.9   7.4   2.0 
1922  -1.5   3.1   5.7  12.0  18.0 -99.0 -99.0 -99.0 -99.0  15.4   6.9   2.0 
1923   5.0   1.1 -99.0  13.6  16.7 -99.0 -99.0 -99.0 -99.0 -99.0   6.3   1.6 
1924   2.1 -99.0 -99.0 -99.0  16.5 -99.0  26.0  26.1  20.4  15.9  10.1  -1.7 
1925 -99.0   8.1  12.4  17.8  19.8  26.8  27.9  24.7  21.6  10.4   7.4   2.4 
1926   1.6   7.7   6.9   9.7  18.3  23.2  25.0  25.2  20.4  16.1   5.9   2.9 
1927 -99.0   7.3   9.1  16.1  21.1  22.5  26.3  24.0  20.5  16.8  11.7 -99.0 
1928   4.7   4.7  11.2  12.7  19.0  21.6  26.1  24.6  21.2  16.5   6.6   4.2 
1929   0.6  -2.5   8.6  15.4  17.1  23.4  26.6  26.9  19.5  14.6   2.9   4.3 
1930  -4.9   9.4   7.3  17.7  18.0  24.4  27.2  26.8  23.0  13.8   9.1   2.2 
1931   4.5   7.5   6.5  12.7  17.3  26.0  27.2  24.1  24.9  16.9   8.7   4.6 
1932   1.3   8.3   6.8  15.8  19.8  22.9  27.9  25.9  20.4  14.6   6.9  -1.1 
1933   5.8   2.1  10.0  13.1  19.6  26.4  28.3  25.5  24.3  15.3   9.9   5.9 
1934   4.6   5.0   8.7  15.6  20.3  26.7  30.1  28.0  20.3  18.3  10.2   4.8 
1935   5.5   6.3  12.5  13.7  16.1  22.4  28.3  27.2  19.8  15.9   6.9   3.1 
1936   0.7  -0.3  10.8  14.6  20.5  25.4  28.4  29.2  21.1  13.4   7.8   5.4 
1937  -1.7   3.6   7.5  15.1  20.8  23.9  29.0  28.7  22.7  16.1   7.6   2.8 
1938   4.7   6.1  12.9  14.2  19.6  23.8  26.8  28.3  23.4  18.1   7.5   4.4 
1939   5.2   2.2  11.0  15.0  20.3  25.1  27.2  26.1  24.5  17.8   7.8   5.6 
1940  -4.4   5.7  10.8  14.5  19.8  22.7  28.5  24.2  21.8  18.3   6.9   5.1 
1941   3.4   4.4   7.0  14.5  19.1  21.2  25.0  24.7  21.3  15.7   9.3   4.8 
1942   1.7   3.1   9.0  15.4  18.5  21.8  25.2  24.1  19.6  14.5  10.6   4.1 
1943   3.8   7.6   7.5  17.4  16.9  24.3  27.2  29.2  20.8  14.1   7.7   0.9 
1944   1.9   5.5   7.5  12.9  19.6  23.7  25.2  27.2  21.1  15.3   9.0   2.5 
1945   2.8   5.1  10.6  11.8  18.4  21.7  25.1  25.8  21.5  14.7   9.7   1.0 
1946   1.9   6.4  10.9  17.3  17.1  23.3  27.4  26.1  19.9  14.6   7.9   6.3 
1947   2.0   2.0   5.2  11.8  17.5  22.9  25.2  26.8  23.4  18.6   5.3   3.4 
1948  -0.3   0.6 -99.0  16.0  19.3  24.3  26.2  24.5  21.4  14.7   5.7   4.4 
1949  -3.1   3.8   8.2  13.1  19.1  23.2  26.5  24.8  20.0  15.1  10.8   2.9 
1950   2.2   6.4 -99.0  13.9  18.6  23.0  22.7  23.1  19.5  18.5   7.5   3.0 
1951   2.5   4.1   7.3  12.6  18.7  22.3  27.1  26.6  20.6  14.8   4.4   2.0 
1952   4.8   5.8   7.2  12.6  19.5  27.9  26.8  28.5  21.5  13.9   5.9   2.1 
1953   5.9   5.3  12.2  13.5  19.0  29.1  27.0  25.6  23.3  16.4   8.8   2.4 
1954   3.2   9.7   7.3  17.2  16.5  24.8  29.2  27.3  24.5  16.8  10.2   4.7 
1955   2.7   3.2   9.6  16.2  19.7  22.0  25.8  24.8  21.8  15.1   6.3   3.7 
1956   2.8   0.8 -99.0  12.4  19.9  25.4  26.8  27.0  23.1  17.5   7.0   5.5 
1957   1.5   6.9   7.1  12.1  16.6  22.2  28.1  26.5  19.8  14.5   5.6   6.6 
1958   3.0   3.3   2.7  11.4  20.1  25.3  25.9  26.6  22.1  15.2   9.9   3.7 
1959 -99.0 -99.0   7.8  13.6  20.6  25.3  25.2  27.0  22.0  12.8   5.3   4.7 
1960   0.6   0.9   4.4  16.0  18.8  24.0  24.9  25.8  22.1  15.8   8.7   2.3 
1961   1.5   5.0   8.7  13.0  19.0  22.8  25.1  24.8  19.8  15.2   5.9   2.2 
1962  -0.9   6.9   7.7  14.0  22.4  22.7  26.9  26.2  21.0  16.5   8.8   5.1 
1963  -2.7   5.7   9.9  17.5  22.1  24.2  29.1  27.8  23.6  19.7   8.9   0.1 
1964   3.5   0.7   6.4  15.6  21.8  24.0  28.7  27.1  21.3  14.5   8.9   3.0 
1965   4.2   3.0   3.0  16.1  20.4  22.9  27.3  25.9  21.6  14.5  11.4   6.1 
1966  -1.2   1.2  10.2  13.4  19.0  24.3  29.3  23.8  20.2  13.5  10.4   1.6 
1967   4.2   4.3  12.5  16.7  17.5  23.7  24.8  24.3  19.9  16.0   7.7   2.0 
1968   2.3   2.7   9.2  12.9  16.5  23.4  26.0  25.1  20.4  16.1   7.2   1.7 
1969   3.8   4.7   3.9  15.1  19.3  22.7  28.5  27.1  21.4  11.9   7.7   3.9 
1970   0.2   6.4   5.6  13.1  20.9  24.0 -99.0  27.0  21.3  12.7   6.4   5.4 
1971   2.5   2.6   8.4  13.8  18.8  25.5  26.7  23.5  20.5  15.3   8.3   4.3 
1972   1.5   4.7  11.6  16.3  18.7  23.5  24.9  24.7  21.9  15.1   3.3   0.2 
1973   0.1   4.2   9.5  10.4 -99.0  23.4  25.8  25.7  20.0  16.2   9.8   4.3 
1974   0.8   5.7  11.6  15.4  22.1  23.5  27.7  23.8  17.3  15.2   8.5   3.3 
1975   3.2   1.2   6.8  13.0  18.5  22.4  24.4  25.5  19.1  15.5   7.7   4.9 
1976   2.5   9.0   9.1  14.3  15.9 -99.0  24.9  25.6  20.4  10.8   4.6   3.0 
1977  -2.7   6.5  10.2  14.6  19.7  24.9  27.3  24.8  22.2  16.1   8.2   4.4 
1978  -2.7  -2.2   8.0  16.3  17.6  24.3  28.1  25.3  22.5 -99.0   8.2   1.4 
1979  -4.7   2.2   8.8  13.8  17.6  22.6  26.2  24.6  22.3  17.1   5.6   5.0 
1980   2.3   3.7   7.5  12.9  17.3  26.6  29.8  28.0  23.4  14.8   7.8   5.7 
1981   4.4   5.9   9.2  16.3  18.2  25.5  27.6  24.9  21.3  14.7   9.3   4.6 
1982   1.4   1.5   8.7  12.6  18.2  20.7  26.0  26.5  22.0  14.0   6.6   3.2 
1983   2.3   2.7   7.5  10.3  16.8  21.1  27.3  28.5  23.1  15.8   9.2  -4.4 
1984   0.6   5.8   7.5  11.4  19.4  24.9  26.1  26.3  20.6  13.8   8.4   4.5 
1985   0.5   2.0  10.3  16.4  20.8  23.9  27.3  26.9  22.0  14.0   6.6   1.2 
1986   6.1   5.6  12.1  16.2  19.1  23.9  27.6  25.1  21.0  13.4   6.6   2.8 
1987   1.0   6.0   7.0  13.3  19.2  22.9  25.5  25.0  20.7  14.1   8.3   1.3 
1988  -1.1   3.2   6.9  12.1  18.4  24.0  25.7  25.7  20.0  13.9   8.6   4.4 
1989   4.1  -0.6  10.2  15.8  19.5  21.0  25.1  24.7  19.1  15.4   9.0  -1.2 
1990   4.5   5.3   8.3  13.9  17.2  26.5  25.2  25.5  22.8  13.9   9.8   0.2 
