Number= 754470
Name= PECOS---------------
Country= USA---------
Lat=   31.4
Long=  103.5
Height= 795
Start year= 1889
End year= 1990
First Good year= 1889
Source ID= 30
Source file= New
Normals source= Data
Normals source start year= 1961
Normals source end year= 1990
Normals=   6.7   9.6  13.7  18.9  23.3  27.4  28.7  27.7  24.3  18.4  12.0   7.7 
Standard deviations source= Data
Standard deviations source start year= 1941
Standard deviations source end year= 1990
Standard deviations=   1.8   1.6   1.7   1.6   1.1   1.3   1.2   1.2   1.4   1.5   1.6   1.6 
Obs:
1889 -99.0 -99.0  11.1  16.0  20.7 -99.0 -99.0  24.8  20.3  17.3   7.4 -99.0 
1890 -99.0 -99.0 -99.0 -99.0 -99.0 -99.0 -99.0 -99.0 -99.0 -99.0 -99.0 -99.0 
1891 -99.0 -99.0 -99.0 -99.0 -99.0 -99.0 -99.0 -99.0 -99.0 -99.0 -99.0 -99.0 
1892 -99.0 -99.0 -99.0 -99.0 -99.0 -99.0 -99.0 -99.0 -99.0 -99.0 -99.0 -99.0 
1893 -99.0 -99.0 -99.0 -99.0 -99.0 -99.0 -99.0 -99.0 -99.0 -99.0 -99.0 -99.0 
1894 -99.0 -99.0 -99.0 -99.0 -99.0 -99.0 -99.0 -99.0 -99.0 -99.0 -99.0 -99.0 
1895 -99.0 -99.0 -99.0 -99.0 -99.0 -99.0 -99.0 -99.0 -99.0 -99.0 -99.0 -99.0 
1896 -99.0 -99.0 -99.0 -99.0 -99.0 -99.0 -99.0 -99.0 -99.0 -99.0 -99.0 -99.0 
1897 -99.0 -99.0 -99.0 -99.0 -99.0 -99.0 -99.0 -99.0 -99.0 -99.0 -99.0 -99.0 
1898 -99.0 -99.0 -99.0 -99.0 -99.0 -99.0 -99.0 -99.0 -99.0 -99.0 -99.0 -99.0 
1899 -99.0 -99.0 -99.0 -99.0 -99.0 -99.0 -99.0 -99.0 -99.0 -99.0 -99.0 -99.0 
1900 -99.0 -99.0 -99.0 -99.0 -99.0 -99.0 -99.0 -99.0 -99.0 -99.0 -99.0 -99.0 
1901 -99.0 -99.0 -99.0 -99.0 -99.0 -99.0 -99.0 -99.0 -99.0 -99.0 -99.0 -99.0 
1902 -99.0 -99.0 -99.0 -99.0 -99.0 -99.0 -99.0 -99.0 -99.0 -99.0 -99.0 -99.0 
1903 -99.0 -99.0 -99.0 -99.0 -99.0 -99.0 -99.0 -99.0 -99.0 -99.0 -99.0 -99.0 
1904   7.1  12.6  17.4  19.4  19.3 -99.0 -99.0 -99.0 -99.0 -99.0  10.8   8.2 
1905 -99.0 -99.0 -99.0 -99.0 -99.0 -99.0 -99.0 -99.0 -99.0 -99.0 -99.0 -99.0 
1906 -99.0 -99.0 -99.0 -99.0 -99.0 -99.0 -99.0 -99.0 -99.0 -99.0 -99.0 -99.0 
1907 -99.0 -99.0 -99.0 -99.0 -99.0 -99.0 -99.0 -99.0 -99.0 -99.0 -99.0 -99.0 
1908 -99.0 -99.0 -99.0 -99.0 -99.0 -99.0 -99.0 -99.0 -99.0 -99.0 -99.0 -99.0 
1909 -99.0 -99.0 -99.0 -99.0 -99.0 -99.0 -99.0 -99.0 -99.0 -99.0 -99.0 -99.0 
1910 -99.0 -99.0 -99.0 -99.0 -99.0 -99.0 -99.0 -99.0 -99.0 -99.0 -99.0 -99.0 
1911 -99.0 -99.0 -99.0 -99.0 -99.0 -99.0 -99.0 -99.0 -99.0 -99.0 -99.0 -99.0 
1912 -99.0 -99.0 -99.0 -99.0 -99.0 -99.0 -99.0 -99.0 -99.0 -99.0 -99.0 -99.0 
1913 -99.0 -99.0 -99.0 -99.0 -99.0 -99.0 -99.0 -99.0 -99.0 -99.0  12.1   5.6 
1914   9.3   4.7 -99.0 -99.0 -99.0  26.2  27.1  26.3  23.5  17.6  12.1   5.1 
1915   5.5   9.2   8.2  17.0  22.0  27.6  28.3  25.9  24.0  17.7  12.5   8.6 
1916   9.9  10.9  16.5  17.1  23.8  29.2  27.2  26.4  22.8  18.0   9.7   7.5 
1917 -99.0 -99.0 -99.0 -99.0 -99.0 -99.0 -99.0 -99.0 -99.0 -99.0 -99.0 -99.0 
1918 -99.0 -99.0 -99.0 -99.0 -99.0 -99.0 -99.0 -99.0 -99.0 -99.0 -99.0 -99.0 
1919 -99.0 -99.0 -99.0 -99.0 -99.0 -99.0 -99.0 -99.0 -99.0 -99.0 -99.0 -99.0 
1920 -99.0 -99.0 -99.0 -99.0 -99.0 -99.0 -99.0 -99.0 -99.0 -99.0 -99.0 -99.0 
1921 -99.0 -99.0 -99.0 -99.0 -99.0 -99.0 -99.0 -99.0 -99.0 -99.0 -99.0 -99.0 
1922 -99.0 -99.0 -99.0 -99.0 -99.0 -99.0 -99.0 -99.0 -99.0 -99.0 -99.0 -99.0 
1923 -99.0 -99.0 -99.0 -99.0 -99.0 -99.0 -99.0 -99.0 -99.0 -99.0 -99.0 -99.0 
1924 -99.0 -99.0 -99.0 -99.0 -99.0 -99.0 -99.0 -99.0 -99.0 -99.0 -99.0 -99.0 
1925 -99.0 -99.0 -99.0 -99.0 -99.0 -99.0 -99.0 -99.0 -99.0 -99.0 -99.0 -99.0 
1926 -99.0 -99.0 -99.0 -99.0 -99.0 -99.0 -99.0 -99.0 -99.0 -99.0 -99.0 -99.0 
1927 -99.0 -99.0 -99.0 -99.0 -99.0 -99.0 -99.0 -99.0 -99.0 -99.0 -99.0 -99.0 
1928 -99.0 -99.0 -99.0 -99.0 -99.0 -99.0 -99.0 -99.0 -99.0 -99.0 -99.0 -99.0 
1929 -99.0 -99.0 -99.0 -99.0 -99.0 -99.0 -99.0 -99.0 -99.0 -99.0 -99.0 -99.0 
1930 -99.0 -99.0 -99.0 -99.0 -99.0 -99.0 -99.0 -99.0 -99.0 -99.0 -99.0 -99.0 
1931 -99.0 -99.0 -99.0 -99.0 -99.0 -99.0 -99.0 -99.0 -99.0 -99.0 -99.0 -99.0 
1932 -99.0 -99.0 -99.0 -99.0 -99.0 -99.0 -99.0 -99.0 -99.0 -99.0 -99.0 -99.0 
1933 -99.0 -99.0 -99.0 -99.0 -99.0 -99.0 -99.0 -99.0 -99.0 -99.0 -99.0 -99.0 
1934 -99.0 -99.0 -99.0 -99.0 -99.0 -99.0  26.4  27.3  24.1  20.3  12.0   7.6 
1935   8.9   8.5  14.8  18.2  20.6  26.3  26.8  26.9  21.1  18.0  10.5   6.6 
1936   6.7   9.6  15.2  17.8  23.1  27.1  26.7  26.8  23.7  16.0  10.4 -99.0 
1937 -99.0 -99.0  11.0 -99.0  23.9  27.4  28.4  28.2  24.7  18.5  10.6   6.8 
1938   7.9  11.9  14.3  18.5  23.7  27.2  26.7  26.9  23.7  19.7   9.2   6.6 
1939   7.7   7.0  16.6  18.9  24.5  28.8  27.9  26.0  25.3  19.5  10.7  10.7 
1940   5.7   9.8  14.2  20.1  21.9  24.5  27.1  25.4  24.1  18.1  10.7  10.9 
1941  10.5   9.7  11.1  17.4  22.5  24.3  26.8  26.8  23.8  19.9  12.1   8.4 
1942   5.9   8.3  11.8  18.2  22.9  26.3  28.2  26.3  22.5  17.9  13.3   9.7 
1943   7.7  11.3  12.4  20.8  22.8  27.0  27.8  30.0  23.6  17.6  10.7   5.9 
1944   6.3  11.3  12.6  17.7  22.7  27.7  29.0  27.3  22.5  18.8  11.4   5.8 
1945   8.4  10.9  14.8  17.4  24.4 -99.0  26.9  28.0  24.6  17.4  12.4   6.7 
1946   4.7 -99.0  14.6  20.8  22.7  28.2  29.2  29.1  26.5  21.4  10.9   8.9 
1947   5.3   7.4  12.1  18.0  23.5  28.6  29.1  28.2  26.0  22.2  10.6   7.3 
1948   4.3   9.5  12.1  22.1  25.6  29.9  29.8  29.1  25.2  18.5  10.2  10.5 
1949   3.6   9.9  14.8  16.7  25.0  28.2  29.5  27.2  25.5  17.8  14.0   7.9 
1950  10.4  12.6  15.6  19.1  24.0  28.5  28.5  28.3  25.0  21.2  11.7   9.0 
1951   6.4   9.5  13.3  19.0  24.7  30.5  32.3  29.6  27.3  22.5  11.7  11.1 
1952  10.9  10.9  13.6 -99.0 -99.0  29.8  27.8  29.3  23.2  16.6 -99.0 -99.0 
1953 -99.0   8.1  13.8 -99.0  22.9  30.1  29.9  28.3  25.5  18.8  12.0   5.3 
1954   8.9  11.6  13.6  20.0  21.9  27.4  29.1  28.3  27.1  19.6  12.1   8.3 
1955   5.9   8.6  13.9  19.2  23.6  26.6  27.5  27.4  25.7  19.0  11.9   8.8 
1956   7.9   8.1  14.3  17.7  25.5  29.5  29.4  27.9  25.5  21.0  10.0   8.7 
1957   8.4  13.8  14.6  17.1  22.5  27.7  30.0  29.0  24.5  17.8  10.0   9.2 
1958   6.1   9.2  10.6  17.9  23.5  29.0  30.3  28.3  25.8  17.6  11.9   7.0 
1959   6.3   9.3  12.6  17.5  24.5  27.8  27.4  28.5  25.7  18.4   8.6   8.1 
1960   6.1   7.6  11.6  18.8  22.9  28.7  27.3  27.2  24.6  19.3  12.4   4.8 
1961   4.8   9.6  13.2  17.8  23.9  26.6  26.8  26.6  24.8  19.2   9.6   7.8 
1962   4.3  13.3  11.6  19.7  25.9  27.6  28.8  29.1  25.6  20.3  13.2   8.4 
1963   5.0  10.8  14.6  21.2  25.2  27.6  29.9  27.8  24.9  20.6  12.2   4.5 
1964   5.5   6.7  13.8  18.7  24.9  27.7  29.5  28.9  24.3  18.2  12.6   8.4 
1965   9.3   7.8  10.5  20.8  23.9  27.5  29.2  26.9  26.1  18.8  15.8   9.9 
1966   4.9   7.0  14.5  18.7  23.5  27.0  30.1  26.8  25.3  16.9  14.7   7.1 
1967   7.0  10.0  17.0  22.5  22.8  27.4  28.4  26.7  23.3  18.8  13.0   6.4 
1968   7.3   9.0  12.1  18.4  23.7  27.9  27.8  27.8  23.1  18.6  10.6   7.7 
1969   9.0  10.8   9.5  19.6  23.2  26.8  29.8  29.3  25.0  17.6  10.8   9.3 
1970   6.6   9.6  11.3  18.1  22.2  26.6  28.2  28.3  24.5  15.8  11.2  10.3 
1971   9.6   9.6  14.3  18.3  22.9  27.5  28.5  25.5  23.7  18.7  13.2   9.1 
1972   8.6  10.4  17.1  20.8  22.9  27.2  28.2  26.5  25.8  19.3   9.6   7.3 
1973   5.2   7.8  14.0  15.7  22.1  27.1  27.8  27.7  23.7  19.1  13.9   8.3 
1974   7.3  10.1  17.7  20.0  24.8  28.0  29.0  26.5  20.4  18.5  11.1   7.5 
1975   8.0  10.1  13.1  17.0  21.7  27.8  26.5  27.4  22.1  18.6  11.8   8.1 
1976   6.8  12.9  14.5  18.8  20.8  28.0  27.2  28.0  23.2  15.1   7.8   6.1 
1977   5.4  10.5  13.1  19.0  24.5  28.8  29.6  30.8  27.7  19.3  12.1  10.4 
1978   5.5   7.1  14.5  20.9  24.3  28.6  29.5  27.6  23.4  17.9  12.3   7.6 
1979   4.0   8.3  13.1  18.5  21.9  25.5  29.1  26.4  23.9  19.6   9.4   7.6 
1980   8.6   9.8  13.4  16.6  22.4  29.7  30.8  28.5  25.1  17.0   9.4   9.1 
1981   7.6  10.4  12.8  18.9  22.1  27.2  29.2  26.3  24.0  18.6  13.4  10.0 
1982   8.1   8.9  15.2  19.0  22.8  27.0  29.5  29.3  26.4  18.5  11.8   7.2 
1983   6.7  10.1  14.5  15.9  23.0  26.4  30.0  29.4  26.7  20.4  13.8   4.4 
1984   5.2  10.0  14.1  18.4  24.5  27.1  28.5  27.8  23.1  17.0  11.3   9.3 
1985   5.0   7.6  15.4  19.9  24.6  26.6  28.2  29.3  24.9  17.9  13.6   6.6 
1986   8.3  11.8  15.6  21.4  23.1  26.7  28.4  27.9  24.4  17.3  10.6   6.8 
1987   6.6   9.7  10.7  15.4  21.8  25.7  28.2  28.1  23.1  19.5  11.4   7.2 
1988   4.9   9.7  12.8  17.8  23.1  26.5  27.5  27.4  23.5  18.9  13.1   7.0 
1989   7.9   9.2  14.5  19.9  24.4  27.2  28.8  27.6  22.8  19.2  12.3   4.7 
1990   8.0  10.8  13.2  18.6  22.7  30.6  26.6  25.2  24.0  17.5  13.1   7.5 
