Number= 754540
Name= SEMINOLE------------
Country= USA---------
Lat=   32.7
Long=  102.7
Height= 1018
Start year= 1922
End year= 1990
First Good year= 1922
Source ID= 30
Source file= New
Normals source= Data
Normals source start year= 1961
Normals source end year= 1990
Normals=   4.9   7.4  11.8  16.8  21.2  25.3  26.7  25.8  22.5  17.0  10.8   6.0 
Standard deviations source= Data
Standard deviations source start year= 1941
Standard deviations source end year= 1990
Standard deviations=   1.8   1.8   1.9   1.6   1.2   1.3   1.2   1.1   1.2   1.3   1.7   1.6 
Obs:
1922 -99.0 -99.0 -99.0 -99.0 -99.0 -99.0 -99.0  27.0  22.5  15.6   9.4   6.9 
1923   8.1   5.2   8.9  15.1  20.1  25.3  26.2  25.6  22.0  13.8   8.1   4.9 
1924   2.5   6.2   7.1  15.5  18.2  26.7  26.5  27.1  20.7  16.1  10.7   3.3 
1925   2.5  10.3  13.7  18.1  20.2  26.8 -99.0  25.2  25.0  17.2   9.3   4.2 
1926   3.1 -99.0   9.6  13.9  21.6  24.9  25.0  23.2  21.8  16.6 -99.0 -99.0 
1927 -99.0 -99.0   9.2 -99.0 -99.0 -99.0 -99.0 -99.0 -99.0 -99.0 -99.0 -99.0 
1928 -99.0 -99.0 -99.0 -99.0 -99.0  25.5  26.6  23.8  20.8  18.3   9.5   6.2 
1929   5.7   4.4  11.9  16.8  20.1  25.0  25.6 -99.0  22.3 -99.0 -99.0 -99.0 
1930 -99.0 -99.0 -99.0  17.4  19.0  23.1  25.5  25.5  23.3  15.7   8.4   3.7 
1931   4.8   7.5   8.3  13.5  17.9  24.6  25.6  24.6  24.3  18.0  11.1   3.0 
1932   2.6   8.3   7.6  15.9  18.5  23.6  25.3  25.0  18.7  14.1   8.4   1.8 
1933   6.0   4.0  11.1  13.8  19.1  24.3  26.3  24.9  23.2  17.4  10.6   8.4 
1934   4.6   7.0  10.2  16.0  21.1  25.7  27.1  26.3  21.7  18.2  11.3   6.4 
1935   7.9   7.0  12.1  17.2  18.6  23.8  25.4  26.3  19.4  17.4  10.0   5.3 
1936   5.0   6.6  12.5  15.9  20.5  25.6  26.5  26.8  21.5  14.5   8.7   6.7 
1937   2.6   6.7   8.0  16.0  21.1  25.1  27.1  26.6  22.1  15.6 -99.0   5.9 
1938   6.2   9.2  13.0  15.6  21.2  25.0  25.9  26.2  23.0  17.7   8.5   6.1 
1939   6.7   4.5  12.0  16.2  22.4  27.0  26.9  25.5  23.5  17.3   8.9   7.8 
1940   2.2   6.9  11.9  16.1  20.3  23.0  26.5  25.1  22.7  17.1   9.5   7.2 
1941   6.8   7.8   8.8  14.5  19.6  22.1  25.0  25.4  21.7  17.3  10.8   6.5 
1942   4.4   6.6   8.9  14.8  19.4  24.4  25.5  24.1  20.3  16.0  12.1   7.1 
1943   5.2   9.8  10.7  18.2  19.9  25.3  26.6  28.2  22.3  15.6   9.0   4.5 
1944   4.6   8.7  11.1  15.5  20.1  26.0 -99.0  26.4 -99.0  16.1  10.8   4.5 
1945   6.5   9.1  13.1  14.6  21.9  25.7 -99.0 -99.0  22.7  15.7 -99.0 -99.0 
1946   3.5 -99.0 -99.0 -99.0 -99.0 -99.0 -99.0 -99.0 -99.0 -99.0 -99.0 -99.0 
1947 -99.0 -99.0  11.5 -99.0 -99.0 -99.0 -99.0 -99.0 -99.0 -99.0 -99.0 -99.0 
1948 -99.0 -99.0 -99.0 -99.0  21.4  26.8  26.3  25.3  22.2  16.4   9.0   8.5 
1949   1.1   7.8  12.0  14.1  20.4  23.8  25.9  25.1  21.2  14.2  12.4   6.1 
1950   7.8   9.7  11.3  15.9  20.4  24.2  24.5  24.3  21.2  18.7  10.5   6.5 
1951   4.2   7.9  10.6  15.2  21.0  25.8  27.1  26.3  22.5  17.3   8.4   6.5 
1952   8.1   8.2   9.6  14.5  20.2  26.0  24.8  27.5  20.9  15.4   8.0   5.5 
1953   9.3   5.7  13.4  16.0  19.2  27.6  27.4  26.2  22.7  16.1   9.6   3.2 
1954   6.1  10.0   9.3  17.9  17.7 -99.0  26.1  24.9  22.4  16.4   9.7   5.5 
1955   3.2   4.7  10.6  15.4  20.0  23.7  24.6  24.2  21.8  16.3   9.6   7.7 
1956   5.9   5.3  11.6  15.3  22.0  26.5  26.6  25.2  22.2  16.9   8.1   7.6 
1957   5.9  10.8  11.5  15.3  19.4  24.7  27.8  26.5  21.7  15.1   7.3   7.9 
1958   4.1   6.5   6.9  13.9  21.1  26.8  27.8  26.6  22.4  15.5  10.8   5.8 
1959   4.7   6.2  10.5  14.9  21.3  25.5  25.6  26.7  23.0  15.6   7.5   6.2 
1960   4.0   4.1   9.5  17.7  21.4  27.6  26.0  26.3  23.6  18.1  11.6   3.5 
1961   4.0   7.9  11.6  16.6  21.6  24.7  24.8  25.3  22.6  17.7   8.2   5.9 
1962   2.8  10.7   9.6  16.9  23.2  24.7  26.4  26.6  21.9  18.1  11.6   6.9 
1963   3.2   8.4  12.6  19.1  22.2  24.7  26.5  26.1  22.9  18.8  10.7   3.1 
1964   4.4   3.4  10.2  16.7  22.2  26.5  28.3  27.7  22.4  17.4  11.4   6.3 
1965   7.6   5.2   8.2  18.2  21.8  25.6  27.6  25.5  23.4  17.4  14.3   8.1 
1966   2.2   4.7  12.8  15.4  20.4  25.1  28.4  25.1  22.8  15.7  13.3   4.7 
1967   5.8   7.7  15.3  19.5  20.8  25.8  26.4  25.2  21.5  17.4  11.6   4.5 
1968   5.5   6.2  11.1  15.2  20.3  24.8  25.3  25.2  21.4  18.2  10.0   6.1 
1969   7.7   8.2   6.9  17.2  20.7  25.1  28.3  27.2  22.8  15.2  10.2   7.9 
1970   4.5   7.9   8.9  15.8  20.4  24.3  27.0  26.5  23.0  14.4  10.1   9.0 
1971   6.5   6.7  11.4  16.0  20.6  26.2  26.9  23.2  22.1  17.2  11.9   7.5 
1972   6.3   8.5  15.2  19.0  21.0  26.1  26.0  24.8  23.2  17.1   7.5   5.1 
1973   2.9   5.5  11.5  13.5  19.9  24.7  26.1  25.7  22.9  18.8  13.0   6.9 
1974   5.7   7.7  15.9  18.0  23.4  25.5  27.3  24.4  18.6  16.8  10.0   5.5 
1975   6.0   6.8  10.4  14.9  19.7  25.1  24.3  24.7  20.1  17.2  10.9   6.7 
1976   5.4  11.6  12.4  17.3  18.9  25.0  24.2  25.6  22.1  13.3   6.8   5.6 
1977   2.3   8.9  11.4  16.0  22.7  26.5  27.4  27.9  26.1  18.2  11.6   7.7 
1978   2.8   4.2  12.2  19.6  21.8  26.3  28.1  26.5  22.6  17.3  11.0   4.9 
1979   1.6   6.7  11.6  17.3  20.1  23.7  27.2  25.0  23.2  18.9   8.4   7.0 
1980   6.2   7.7  11.1  15.3  20.9  28.1  29.2  26.8  23.4  15.9   8.7   8.1 
1981   6.0   8.4  11.4  17.9  20.8  25.5  27.2  24.5  22.4  16.7  12.5   8.1 
1982   4.9   6.5  12.9  16.0  20.6  24.8  27.5  27.5  24.2  16.7  10.2   4.6 
1983   3.5   7.8  12.6  14.0  20.9  24.5  27.7  27.5  24.4  18.3  11.2   0.9 
1984   3.7   8.5  11.7  16.2  22.3  25.4  26.6  25.6  21.3  15.2  10.5   7.6 
1985   3.6   6.0  13.3  18.5  22.1  24.3  26.5  27.4  22.4  16.1  11.7   4.7 
1986   7.5   9.8  14.1  19.3  21.7  23.8  26.5  25.8  22.5  16.2   9.7   5.7 
1987   5.4   8.4   9.8  14.9  20.8  24.2  26.3  26.2  21.7  18.0  10.7   6.1 
1988   3.6   7.2  11.8  15.6  20.9  25.3  25.3  25.3  22.1  17.5  12.2   5.9 
1989   7.4   6.3  13.1  18.2  23.3  24.8  27.2  25.6  21.0  18.2  11.2   3.0 
1990   7.1   9.6  11.5  16.9  20.8  29.2  25.0  24.6  23.1  16.4  12.6   5.1 
