Number= 756005
Name= MUSCLE-SHOALS-FAA-AP
Country= USA---------
Lat=   34.8
Long=   87.6
Height= 163
Start year= 1940
End year= 1990
First Good year= 1940
Source ID= 30
Source file= New
Normals source= Data
Normals source start year= 1961
Normals source end year= 1990
Normals=   3.7   6.2  11.2  16.1  20.4  24.6  26.5  25.9  22.6  16.2  10.9   6.0 
Standard deviations source= Data
Standard deviations source start year= 1941
Standard deviations source end year= 1990
Standard deviations=   2.9   2.5   2.3   1.6   1.5   1.3   1.2   1.3   1.5   1.8   1.8   2.3 
Obs:
1940 -99.0 -99.0 -99.0 -99.0 -99.0 -99.0 -99.0 -99.0 -99.0 -99.0 -99.0   8.9 
1941   6.1   4.2   7.7  17.7  22.4  25.4  26.9  26.1  24.8  20.5   9.5   8.0 
1942   3.5   4.3  11.4  17.3  20.8  25.6  27.2  25.2  21.5  16.9  11.9   6.0 
1943   6.1   7.8   8.8  15.8  22.2  27.4  28.1  27.9  21.1  15.2   9.1   5.4 
1944   6.0   9.7  11.3  15.4  22.2  26.9  25.9  25.6  22.9  16.6  10.6   3.9 
1945   4.5   7.5  16.2  17.3  19.1  24.1  25.9  25.8  24.3  15.8  11.4   2.6 
1946   5.8   8.2  15.1  18.2  19.4  23.8  25.6  24.1  21.5  16.4  13.6   8.9 
1947   7.4   2.4   6.6  17.2  19.3  24.2  24.3  27.7  23.6  20.3   9.4   7.1 
1948   0.6   7.2  12.6  18.7  20.4  25.8  27.1  25.8  22.0  15.1  11.3   8.0 
1949   9.6   9.0  11.2  15.1  21.8  25.0  26.9  25.2  20.6  18.1   9.9   7.7 
1950  12.2   9.2  10.2  14.2  22.4  24.6  25.4  24.0  21.3  18.4   7.4   3.4 
1951   6.1   7.6  11.3  14.7  20.6  25.1  27.1  28.0  22.9  17.3   7.0   8.2 
1952   9.2   9.0  10.3  15.4  21.2  28.4  27.8  26.5  21.1  12.3   9.8   6.4 
1953   8.4   8.1  13.4  14.7  22.4  27.5  26.5  26.1  22.8  17.5   9.7   5.2 
1954   6.8   9.8  10.4  19.2  18.0  25.7  29.0  28.7  25.7  17.3   9.6   5.8 
1955   4.8   7.0  12.3  18.4  22.1  22.1  26.8  27.0  24.6  16.0   9.5   6.0 
1956   4.2   9.8  10.9  15.4  22.5  24.3  27.4  26.6  22.0  17.7   9.4  11.6 
1957   5.5  11.1  10.1  17.8  21.6  25.1  26.0  25.8  22.1  14.4  10.9   8.7 
1958   2.9   0.9   8.4  15.9  20.9  24.8  26.1  25.6  22.7  16.1  12.0   4.3 
1959   4.3   7.4  10.2  16.6  22.2  24.1  26.4  26.6  23.1  17.7   8.9   7.6 
1960   5.5   4.3   4.7  17.5  19.2  24.5  26.4  26.3  22.6  16.9   9.3   2.6 
1961   1.9   9.3  12.2  13.6  18.1  21.7  24.8  24.7  22.8  15.5  10.9   6.2 
1962   3.0  10.1   8.6  14.6  24.1  24.6  26.6  26.4  22.3  17.4   9.4   3.0 
1963   1.0   2.9  13.6  17.9  21.2  25.7  25.7  26.3  22.2  19.4  11.3   1.1 
1964   4.5   4.8  11.2  17.8  21.3  26.4  26.2  25.2  23.2  14.6  11.9   7.4 
1965   5.8   5.9   7.5  18.1  22.5  24.1  26.3  25.5  23.1  15.3  12.2   7.6 
1966   2.1   7.6  11.6  16.6  20.1  25.1  28.6  26.1  23.2  16.0  12.7   7.1 
1967   6.8   4.5  14.0  19.7  20.1  25.2  24.2  23.4  20.3  15.8   8.4   7.9 
1968   3.4   2.2  10.3  16.3  20.0  25.3  26.9  27.4  21.9  16.9  10.7   5.3 
1969   4.6   5.4   6.8  16.9  21.0  25.3  28.2  25.1  21.5  16.4   9.3   5.4 
1970   3.0   6.8  11.1  18.4  21.3  24.5  26.7  27.2  25.3  16.4   9.3   7.6 
1971   4.9   5.6   8.1  15.0  17.9  25.1  25.6  24.4  24.1  19.8  10.5  10.5 
1972   7.4   7.3  11.5  16.9  20.6  23.6  24.4  24.9  24.2  15.4   7.2   6.4 
1973   3.4   5.1  14.0  13.8  18.3  24.6  26.3  24.8  24.1  18.7  13.8   6.5 
1974   9.1   6.5  14.1  15.2  20.6  21.6  25.6  24.7  19.2  14.8   9.8   6.3 
1975   6.9   7.7   9.3  14.6  21.1  24.3  25.2  25.2  19.8  16.3  10.5   5.4 
1976   2.5  10.2  13.3  15.6  17.2  22.5  24.8  24.4  21.0  12.7   5.5   3.6 
1977  -2.8   5.6  13.4  18.1  22.4  25.6  28.1  27.0  24.1  15.8  12.6   5.9 
1978  -0.8   0.7   8.9  17.0  20.2  25.6  27.4  25.9  25.3  15.8  14.6   7.0 
1979   0.3   4.5  11.8  16.6  19.4  23.3  25.6  24.7  21.2  15.8   9.3   5.8 
1980   5.4   3.1   8.2  14.4  20.2  25.6  29.7  28.8  24.6  14.2   9.9   5.2 
1981   2.3   7.0   9.8  18.6  18.6  25.8  26.9  25.4  21.1  15.8  11.8   5.0 
1982   3.6   5.8  12.8  13.6  21.7  23.6  26.7  25.5  21.2  15.8  10.3   8.7 
1983   3.1   7.0  10.9  13.4  19.6  23.8  27.4  28.4  22.8  17.2  10.7   2.4 
1984   2.3   8.2  10.2  15.1  19.3  25.4  25.8  25.6  21.9  20.4   9.6  11.1 
1985  -0.1   4.4  13.5  17.0  20.8  25.2  26.3  25.3  21.2  17.9  14.3   2.4 
1986   4.3   8.6  11.9  16.4  21.3  25.4  28.2  25.6  24.2  16.6  11.9   5.9 
1987   4.1   7.8  12.3  15.3  23.4  25.9  27.1  28.3  22.8  13.3  11.9   8.5 
1988   2.6   5.5  11.2  16.1  20.3  25.3  26.9  27.5  23.4  13.5  11.9   6.6 
1989   8.0   6.0  12.3  15.4  19.3  23.7  26.0  26.0  21.7  16.1  11.1   0.8 
1990   8.4  11.2  12.6  15.2  19.2  25.3  26.6  27.3  24.7  16.1  12.5   7.3 
