Number= 756014
Name= GRAND-CANYON-NATL-PA
Country= USA---------
Lat=   36.1
Long=  112.2
Height= 2068
Start year= 1903
End year= 1990
First Good year= 1903
Source ID= 30
Source file= New
Normals source= Data
Normals source start year= 1961
Normals source end year= 1990
Normals=  -1.6  -0.1   2.0   5.8  10.7  15.7  19.0  17.8  14.5   8.8   2.7  -1.2 
Standard deviations source= Data
Standard deviations source start year= 1941
Standard deviations source end year= 1990
Standard deviations=   1.9   2.0   1.9   1.7   1.3   1.3   0.8   0.8   1.1   1.7   1.6   1.8 
Obs:
1903  -0.8  -3.9   3.1   5.9  14.9 -99.0  15.6  16.7 -99.0   9.5   8.8 -99.0 
1904 -99.0   0.6   4.8   6.0 -99.0  15.8  21.4  20.4  18.2  10.1   4.6  -3.2 
1905  -1.0 -99.0   4.2   6.7  10.1  14.8  20.7  17.4  13.8   6.6   1.8  -8.0 
1906  -7.0   2.5   0.4   0.6   6.4  13.9  18.1  15.9  12.8 -99.0 -99.0   4.3 
1907  -2.5 -99.0   3.4   8.2   8.8  13.1  18.6  16.8  12.9   7.9   1.7  -0.4 
1908  -1.4  -2.2   1.4   5.2   7.0  11.5  18.3  17.4  12.2   2.5   0.9  -3.7 
1909   0.0  -3.0  -2.8   2.9   7.3  16.6  17.8  20.0  12.4   6.1  -0.2  -7.4 
1910  -4.6  -1.7   1.6   4.5   9.3  15.6  20.1  18.4  14.6  11.2   3.4   0.8 
1911  -1.7  -2.7   3.1   4.0   8.5  14.5  16.7  17.0  13.1   5.5  -3.5  -6.5 
1912  -3.9   0.0  -1.1   1.8   6.1  14.0  15.9  16.3  10.5   3.7  -0.9  -6.5 
1913  -7.8  -1.4  -1.5 -99.0  10.8  15.1  18.2  18.9  13.1   6.2   1.3  -3.3 
1914  -0.6  -1.9   2.7   5.3  12.7  14.9  17.5  18.5  14.4   8.2   3.3  -5.0 
1915  -5.0  -2.5   0.1   5.0   6.5  15.6  18.6  17.9  11.9   7.2   1.6  -2.1 
1916  -3.0   0.6   2.9   5.2   9.3  15.5  16.8  15.6  12.3   6.5   0.8  -4.5 
1917  -6.4  -3.5  -2.5   3.3   6.6  16.8  20.6  18.4  14.0   9.6   4.6   3.1 
1918  -2.6   0.3   2.9   5.2   8.4  19.4  18.6  17.6  14.8   8.8   0.7  -2.7 
1919  -2.3  -2.9   0.1   6.3  11.2  17.2  20.1  20.3  15.5   4.9   2.3   0.6 
1920   0.2   1.0   0.5   3.0  10.8  17.2  19.9  17.1  12.6 -99.0  -0.3  -3.9 
1921  -2.9  -1.0   2.2   2.3   7.3  14.4  18.2  16.8  14.6   9.7   3.2   0.8 
1922  -5.3  -2.4  -1.0   2.3  10.5  17.6  20.0  17.2  15.4   8.9   0.4   0.5 
1923   0.8  -2.0  -1.3   3.8  10.9 -99.0  19.1  16.8  12.2   6.7   2.3  -1.8 
1924  -2.8   2.5  -2.1   5.6  12.1  18.8  17.9  17.1  15.5   7.4   3.0  -3.6 
1925  -4.5   0.9   2.4   6.3  12.7  15.2  19.8  16.4  12.6   6.7   1.2  -0.6 
1926  -2.9   1.4   1.6   5.2  10.2  17.8  19.2  18.8  15.2  10.3   4.1  -2.7 
1927   0.9   0.8   0.7   6.4  12.2  15.7  19.2  16.7  13.8   8.6   4.3  -3.8 
1928  -0.2  -0.4   2.9   5.7  10.7  17.9  20.1  18.1  16.4   8.9   1.8  -1.7 
1929  -2.5  -3.1   1.2   4.4  11.4  16.3  19.2  17.8  14.5   9.4   2.4   2.6 
1930  -4.8   2.6   0.7   8.2   7.2  16.7  18.3  17.5  14.2   7.3   1.4  -1.8 
1931  -1.5   0.5   2.0   7.2  11.5  17.0  21.3  18.6  15.0   9.2  -0.2  -3.1 
1932  -5.1  -0.3   1.5   6.3  10.1  16.6  20.5  19.8  16.9   9.1   5.0  -3.8 
1933  -3.0  -3.2   3.2   4.5   8.1  18.8  21.7  19.2  16.9  10.7   4.2   1.8 
1934  -0.2   2.9   6.7   8.8  14.0  14.7  20.9  18.5  15.1  10.8   3.3   0.6 
1935  -0.7   0.8   0.3   5.7   8.5  18.5  19.4  18.8  15.5   9.1   1.6  -0.2 
1936  -0.5  -1.3   2.3   8.2  13.1  18.5  19.5  18.0  13.4   8.6   2.9  -0.6 
1937  -8.8  -1.5   0.8   5.4  13.1  16.3  19.6  19.8  16.7  11.2   5.1   1.6 
1938   0.2  -0.7  -0.1   6.8  10.6  17.2  19.4  18.4  16.2   9.0   0.6   0.7 
1939  -1.8  -5.9   2.0   7.6  12.1  16.5  20.2  19.3  13.8   7.3   3.2   1.7 
1940  -1.0  -0.5   3.2   5.8  12.3  18.4  20.2  18.6  13.5   8.7   1.7  -0.2 
1941  -1.9   1.4   1.3   1.8  10.2  14.1  19.0  16.9  12.7   5.9   2.7  -1.2 
1942  -1.1  -2.5   0.1   5.3   9.8  17.0  20.3  18.3  15.4   8.3   4.5   1.3 
1943  -0.4   1.1   3.1   8.1  11.8  15.3  19.6  17.9  15.4   8.7   2.9  -1.5 
1944  -2.8  -1.6  -0.2   3.1   9.3  13.6  18.4  19.5  16.0  10.1   0.2  -0.2 
1945  -1.4   1.0  -0.8   4.0  11.2  14.4  19.3  18.2  15.6   9.9   2.3  -2.7 
1946  -2.3   0.0   1.7   7.1  10.3  16.6  18.0  17.4  15.1   6.0   0.2   0.7 
1947  -3.2   2.2   2.7   5.6  12.2  14.7  18.7  16.5  16.7   9.2  -0.7  -2.9 
1948  -0.5  -1.4  -2.5   6.6  11.4  15.7  18.8  17.5  15.6   8.7   0.3  -2.3 
1949  -8.4  -5.9   0.3   6.7   9.4  14.6  18.4  17.2  15.6   6.1   5.2  -3.3 
1950  -2.9   0.6   1.8   7.4   9.5  16.0  18.1  16.8  13.5  12.1   4.5   2.7 
1951  -1.8   0.3   0.6   5.6  10.3  14.9  20.2  17.4  15.6   8.1   0.5  -2.8 
1952  -3.3  -1.7  -3.0   5.2  11.5  16.3  18.2  17.9  15.5  11.4  -0.7  -2.8 
1953   1.4  -0.1   1.6   5.1   7.5  16.6  19.9  17.5  15.3   9.1   4.3  -1.7 
1954  -0.6   3.1  -0.1   8.5  12.6  15.5  19.5  17.6  15.1  10.1   3.9  -1.6 
1955  -4.6  -5.0   1.1   4.6  10.1  15.1  18.7  18.2  15.7  10.8   2.3   1.3 
1956   1.2  -2.3   2.6   5.0  11.5  18.3  18.4  17.1  16.6   8.9   0.7  -0.8 
1957  -2.0   2.7   2.1   4.6   7.4  16.9  18.7  15.8  14.4   7.3  -0.2   0.9 
1958  -1.7   1.3  -1.4   4.0  12.2  17.2  19.1  18.6  14.4   9.5   2.2   1.7 
1959  -1.1  -1.9   2.0   7.2  10.2  16.6  20.4  16.7  14.3   9.5   2.7  -0.7 
1960  -4.8  -3.7   2.9   6.9  11.1  17.0  19.8  19.1  15.8   7.4   2.9  -1.9 
1961  -0.7   1.0   1.4   5.7  10.5  17.6  19.3  16.8  12.7   8.0   1.3  -3.3 
1962  -1.8   0.1  -1.1   8.4   9.4  14.6  17.7  18.6  15.8   9.8   4.9  -0.6 
1963  -3.6   2.5   1.2   4.0  12.1  14.1  20.2  17.1  15.7  11.2   4.0  -0.5 
1964  -3.3  -2.5  -0.8   4.4  10.0  14.7  19.9  17.1  14.6  11.3   0.9  -1.2 
1965   0.0  -0.7   0.2   3.6   8.3  11.9  17.3  17.0  12.1  10.3   3.5  -1.5 
1966  -3.7  -4.0   3.2   6.7  12.5  15.9  19.1  18.9  15.6   9.1   4.0  -1.6 
1967  -1.2   1.4   3.8   3.6   9.8  13.2  19.1  18.1  15.2  10.3   4.7  -4.6 
1968  -1.7   2.2   2.7   4.0  11.0  16.0  18.2  15.1  13.1   9.1   2.0  -3.3 
1969  -0.2  -2.1  -0.8   6.1  11.6  13.9  18.0  19.0  14.4   5.8   2.0  -0.1 
1970  -1.9   1.7   0.5   2.9  11.1  15.2  18.1  18.4  13.6   7.3   4.6  -1.5 
1971  -0.6  -0.6   2.2   5.7   9.3  16.1  20.1  18.0  15.1   5.8   1.1  -3.9 
1972  -0.9   1.8   6.2   6.9  11.6  14.4  20.2  17.6  13.8   7.2   0.2  -3.5 
1973  -3.8  -0.9  -1.0   4.2  11.7  15.9  19.8  17.5  14.7   9.0   2.7   0.4 
1974  -2.7  -0.7   4.6   5.7  12.8  18.4  18.3  17.1  14.9 -99.0 -99.0  -2.7 
1975  -1.6  -1.8   0.5   2.2   9.1  15.3  19.3  17.5  15.1 -99.0   3.9   0.8 
1976 -99.0   1.7   1.1   5.2  10.9  15.2  18.8  17.8  14.0   7.6   3.5  -0.5 
1977  -2.5   1.2   0.9   6.9   8.7  17.0  19.2  18.8  15.2  10.1   3.7   1.1 
1978  -0.9  -0.5   4.3   6.0  10.0  16.4  19.4  18.2  14.0  10.7   2.4  -3.2 
1979  -5.2  -2.2   1.0   5.8  10.7  15.9  19.4  17.0  16.2  10.5   0.7   0.5 
1980   0.2   1.9   1.0   6.2   8.3  15.3  19.3  18.1  15.0   8.3   3.4   2.9 
1981   1.3   1.0   2.3   7.7  10.9  17.7  19.2  18.2  14.5   7.3   4.4   1.4 
1982  -1.9  -0.3   2.0   6.1  10.1  14.5  18.0  17.8  14.5   6.8   1.8  -1.3 
1983  -0.1   0.6   2.5   3.4   9.9  14.9  18.6  17.5  15.9   8.7   2.4   0.7 
1984  -1.0 -99.0   2.4   5.3  14.0  16.0  18.7  17.6  15.5   5.4   2.4  -1.2 
1985  -2.5  -2.6   2.0   8.0  11.7  17.3  20.0  18.8  12.3   8.8   0.9   0.5 
1986   2.8   1.8   4.9   6.7  11.4  16.9  18.2  19.3  12.4   7.2   3.2  -0.6 
1987  -2.2   0.1   0.5   8.1  10.6  16.6  17.7  17.3  14.0  10.8   2.4  -3.1 
1988  -2.7   1.4   2.3   6.3  10.4  17.0  20.0  17.9  13.5  11.6   2.2  -1.9 
1989  -3.6  -0.7   5.3  10.0  12.1  16.5  20.3  17.7  14.8 -99.0 -99.0  -0.2 
1990  -1.8  -1.6   3.4   7.4  10.4  17.6  19.0  17.5  15.4   9.1   2.7  -4.8 
