Number= 756062
Name= BARTOW--------------
Country= USA---------
Lat=   27.9
Long=   81.9
Height= 38
Start year= 1887
End year= 1990
First Good year= 1887
Source ID= 30
Source file= New
Normals source= Data
Normals source start year= 1961
Normals source end year= 1990
Normals=  15.8  16.6  19.2  22.0  24.9  27.2  27.9  28.0  27.2  23.8  20.0  16.9 
Standard deviations source= Data
Standard deviations source start year= 1941
Standard deviations source end year= 1990
Standard deviations=   2.2   2.3   1.6   1.2   0.7   0.7   0.5   0.5   0.5   1.1   1.7   1.8 
Obs:
1887  15.5  22.0  18.5  22.7  24.4  26.6  27.9  28.0  27.1  25.2  18.7  18.3 
1888  18.4  19.1  19.2  23.4  25.3  27.3  28.1  28.0  27.0  24.2  20.2  15.4 
1889  18.2  16.6  17.2  21.0  24.4  27.4  27.9  26.9  27.7  22.3  20.8  17.9 
1890  19.8  20.9  18.4  22.7  25.4  27.5  27.3  26.9  26.7  24.1  21.6  15.8 
1891  14.8  21.4  19.6  20.9  23.6  28.2  27.6  27.7  26.7  22.4  19.5  20.2 
1892  15.9  18.2  17.6  23.1  23.7  24.0  25.7 -99.0  24.9  21.2  16.2  15.7 
1893  11.7  18.6  17.4  21.4  23.6  26.1  27.4  27.8  26.1  23.2  19.4  15.9 
1894  16.3  17.2  18.8  20.4  23.1  25.0  26.3  26.4  25.3  21.9  18.0 -99.0 
1895  15.3  11.5  18.7  20.1  25.2  26.6  27.7  26.9  25.7  22.0  18.6  14.3 
1896  13.2  14.7  17.6  20.3  24.0  26.8  26.8  28.1  26.3  22.6  22.1  15.7 
1897  14.3  19.2  21.8  20.9  22.7  27.9  27.8  28.0  25.7  22.9  20.2  16.5 
1898  16.4  15.3  20.5  20.5  24.6  28.3  27.8  26.8  27.0  23.1  21.5 -99.0 
1899  18.5  17.9  20.0  20.2  25.6  27.6  27.5  28.1  26.1  23.6  19.4  16.1 
1900  14.7  16.4  18.3  20.9  24.0  27.2  28.0  27.7  27.0  24.8  18.7  16.1 
1901  15.2  14.5  16.2  18.2  23.3  26.9  27.6  27.1  27.2  24.0  16.8 -99.0 
1902  14.9  15.1  20.1  20.5  25.1  27.6  27.9  28.1  27.5  25.5  22.8  18.5 
1903  18.0  20.9  22.8  20.0  23.5  27.0  27.6  28.5  26.3  22.7  17.8  12.8 
1904  15.2  18.3  20.2  20.9  24.0  27.1  27.4  27.3  26.5  23.6  17.0  15.7 
1905  13.4  17.7  19.9  21.1  26.0  27.4  28.4  27.8  27.2  23.7  19.3  17.1 
1906  16.1  17.0  17.8  21.1  24.4  28.0  28.2  27.9  27.2  23.3  19.9  15.7 
1907 -99.0 -99.0  22.2  21.4  26.0  27.1  27.9  28.1  27.7  23.4  20.9  16.8 
1908  15.8  15.3  20.9  25.5  24.8  27.0  28.2  28.1  27.1  23.6  19.0  18.2 
1909  18.2  17.2  20.4  22.5  24.7  28.1  27.9  28.3  27.1  23.1  19.7  13.7 
1910  13.8  15.8  18.5  20.5  24.4  27.1 -99.0 -99.0 -99.0  23.7  17.2  12.4 
1911  17.2  17.9  19.8  23.1  23.5  27.7  27.4  27.3  27.6  26.2  20.6  18.5 
1912  15.1  13.0  20.3  23.1  25.1  26.4  27.9  27.7  27.1  25.3  18.0  18.7 
1913  19.5  18.7  21.0  19.5  22.7  25.4  27.5  26.8  25.8  21.7  19.4  16.8 
1914  15.4  16.7  15.9  21.1  24.3  27.7  27.6  27.8  25.7  23.7  19.0  16.6 
1915  15.1  15.8  13.8  19.0  25.4  26.9  27.7  28.2  27.2  24.8  20.0  13.4 
1916  19.4  15.9  16.7  19.9  24.5  26.5  27.7  27.3  26.2  23.8  19.2  16.7 
1917  18.4  15.7  20.4  21.0  23.2  26.7  27.7  27.5  26.4  22.9  16.7  13.5 
1918  13.1  19.9  21.5  21.2  23.3  27.0  27.1  27.4  25.9  25.6  19.9  16.5 
1919  15.7  16.6  20.0  19.6  23.7  26.3  27.7  28.1  27.4  26.6  21.4  16.6 
1920  17.1  15.3  18.6  22.1  23.7  26.6  27.6  27.8  27.4  22.6  18.9  17.3 
1921  18.1  18.2  23.0  22.4  23.1  27.5  27.5  28.2  28.1  24.5  21.3  18.5 
1922  16.2  19.4  20.7  23.8  24.9  27.2  27.8  27.5  26.4  25.0  21.5  18.5 
1923  15.8  17.9  21.3  23.0  23.5  26.8  27.2  28.2  27.3  23.0  18.3  18.8 
1924  17.3  15.2  16.7  22.1  23.9  28.1  27.8  29.1  27.6  22.6  19.1  18.4 
1925  18.8  17.8  18.6  21.1  23.0  27.0  27.6  28.4  28.9  24.9  19.6  14.9 
1926  15.0  16.3  16.9 -99.0  23.5  26.8  27.8  28.4  27.7  24.2  18.5  18.0 
1927  15.6  20.5  19.6  23.0  25.7  28.9  28.2  28.2  27.1  23.9  20.4  15.8 
1928  14.3  18.5  20.1  19.2  22.1  27.1  28.1  27.5  26.8  24.5  19.3  16.3 
1929  18.8  19.8  21.5  23.0  24.5  26.6  27.5  27.8  27.2  22.4  21.6  15.2 
1930  18.0  18.3  17.6  21.5  24.2  26.1  28.4  27.4  27.6  22.5  18.8  13.3 
1931  14.0  15.7  15.7  19.7  23.3  27.1  28.6  28.1  27.3  24.1  20.8  21.5 
1932  19.1  21.6  17.6  21.2  24.4  27.2  29.6  28.5  27.0  24.3  18.4  18.5 
1933  17.7  20.0  19.1  21.5  26.0  26.5  27.7  28.3  28.2  24.8  18.3  17.0 
1934  16.7  16.4  18.7  21.5  24.3  27.0  27.9  27.6  27.1  24.4  20.0  15.9 
1935  16.6  16.5  21.4  22.4  25.4  27.0  26.7  27.7  26.5  23.4  19.1  10.9 
1936  15.3  16.2  18.5  21.3  23.8  25.8  27.2  28.2  27.3  25.0  18.3  17.5 
1937  21.5  16.4  16.6  20.2  23.7  27.0  27.8  28.6  27.9  23.4  18.3  15.1 
1938  15.7  19.0  22.1  22.2  25.5  26.2  26.8  28.5  27.4  23.4  21.5  16.4 
1939  16.1  19.3  20.2  21.4  23.4  27.5  28.3  27.6  27.9  24.9  18.1  15.3 
1940  11.2  14.8  18.0  20.2  23.1  26.9  28.3  28.4  26.1  22.1  19.4  18.7 
1941  14.5  13.7  16.4  21.4  22.8  27.8  27.8  29.2  27.9  25.9  20.1  19.1 
1942  14.7  13.8  17.9  20.4  23.9  26.6  29.0  28.5  27.5  23.4  20.4  18.0 
1943  17.2  15.1  18.9  20.6  24.9  27.9  27.6  28.2  27.4  21.7  19.0  16.3 
1944  15.2  20.0  21.1  23.4  24.0  28.8  28.0  28.2  28.4  22.9  19.1  15.1 
1945  16.4  19.3  22.1  24.4  24.0  28.1  27.7  28.2  27.8  24.3  19.3  16.2 
1946  17.3  18.2  20.2  21.9  25.1  27.0  27.6  28.0  27.2  24.3  23.0  19.1 
1947  20.5  13.8  16.3  23.9  24.2  26.4  26.4  27.0  26.4  24.3  21.2  18.5 
1948  15.7  19.9  22.0  22.0  25.3  27.8  27.8  27.8  27.3  23.4  23.2  20.5 
1949  19.0  21.4  19.4  22.7  25.4  27.2  28.3  27.7  27.5  25.5  17.3  18.7 
1950  19.9  18.6  19.6  19.7  25.5  28.2  27.3  27.8  26.9  24.9  18.9  14.9 
1951  16.2  16.4  19.6  20.7  24.7  27.7  28.1  29.2  27.9  24.6  17.5  18.5 
1952  16.8  16.1  19.8  20.0  25.0  27.5  27.7  27.5  27.2  23.1  18.9  14.5 
1953  15.4  18.1  21.1  21.8  26.4  26.8  27.8  27.4  26.6  22.5  19.5  18.0 
1954  17.3  17.6  18.4  24.3  24.6  27.1  27.5  28.7  27.1  23.0  18.0  14.4 
1955  15.5  17.5  20.2  22.4  25.5  26.7  27.6  28.4  27.7  22.9  18.5  15.6 
1956  12.5  18.9  17.6  20.6  24.9  26.5  27.9  28.4  26.6  23.9  18.1  18.3 
1957  18.3  19.8  18.9  22.6  25.4  27.5  28.5  27.7  27.7  22.5  21.4  15.5 
1958  12.5  12.3  18.0  21.8  24.5  28.2  28.7  28.5  28.3  23.2  22.6  16.1 
1959  15.5  21.0  17.6  22.1  25.7  27.6  28.1  27.7  26.8  26.2  20.4  16.2 
1960  16.2  16.4  16.4  22.0  24.0  26.8  28.3  28.3  27.0  25.5  21.4  14.6 
1961  14.3  18.1  20.5  20.0  24.3  26.5  27.9  27.6  27.0  23.4  20.7  17.5 
1962  16.8  20.1  18.0  21.0  25.7  27.0  28.5  27.8  27.1  24.3  17.2  14.7 
1963  15.5  14.8  20.2  22.4  24.6  26.8  27.2  27.6  26.4  23.3  18.7  13.9 
1964  15.7  14.3  20.0  23.0  24.7  28.3  28.0  28.2  26.8  23.1  21.4  18.6 
1965  16.5  18.8  19.9  23.7  25.0  26.5  27.4  28.2  27.5  23.8  20.7  16.9 
1966  14.9  16.5  17.4  21.0  25.2  25.9  28.2  28.2  27.3  24.6  18.8  15.9 
1967  18.0  16.6  20.3  23.1  25.7  26.8  27.6  27.0  26.3  22.9  19.3  19.0 
1968  16.0  13.2  16.7  23.2  24.4  26.2  27.4  28.1  27.1  23.8  18.0  15.3 
1969  15.7  14.8  15.6  22.8  25.1  28.5  29.2  27.8  27.3  25.5  17.7  15.1 
1970  13.4  15.0  18.5  23.5  23.9  26.8  27.8  27.7  27.1  24.2  16.4  16.8 
1971  16.2  17.3  17.4  20.8  24.3  26.5  27.4  27.5  26.7  24.7  19.5  20.4 
1972  19.7  16.1  19.3  21.8  24.1  26.1  27.4  27.2  26.4  23.4  20.8  18.6 
1973  16.6  14.6  20.7  21.0  25.1  27.6  28.0  27.6  27.6  24.7  22.0  15.5 
1974  21.5  16.6  21.3  21.4  25.1  26.7  26.9  27.8  28.0  22.7  20.1  16.4 
1975  19.2  20.2  20.2  23.6  26.6  27.2  27.2  27.3  26.3  24.4  19.8  15.9 
1976  14.0  17.1  20.8  21.0  24.7  26.4  27.3  27.7  26.8  22.1  17.5  15.9 
1977  11.9  14.2  21.3  21.5  24.2  28.4  28.0  27.8  27.7  22.1  19.8  15.6 
1978  12.6  13.0  17.7  22.0  25.5  27.5  27.8  28.2  27.5  24.0  21.8  18.9 
1979  14.2  15.4  17.4  22.6  24.3  27.1  28.3  27.9  27.0  23.8  20.0  16.9 
1980  16.2  14.1  20.4  21.8  24.8  27.4  28.7  28.9  27.8  24.4  19.7  15.1 
1981  11.2  16.7  17.5  23.1  25.1  28.7  28.9  28.4  26.6  24.6  18.3  16.1 
1982  16.1  20.9  20.7  22.8  23.8  27.9  27.9  27.9  27.2  23.6  21.8  19.4 
1983  15.0  15.9  17.3  20.4  24.4  27.4  28.4  28.8  26.8  24.6  19.3  17.5 
1984 -99.0  17.1  19.1  21.8  25.1  26.7  27.6  28.0  26.6  24.4  19.3  18.9 
1985  14.0  17.2  20.8  22.5  25.9  28.6  27.9  28.1  26.9 -99.0  22.6  15.4 
1986  15.6  18.9  18.2  20.8  25.2  27.4  28.0  28.1  27.6  25.0  24.2  19.4 
1987  15.4  17.4  19.1  19.7  25.0  27.9  28.6  29.0  27.8  21.5  20.4  17.8 
1988  14.7  15.7  18.7  22.0  24.3  27.0  27.8  28.2  28.2  23.1  21.5  17.1 
1989  19.4  18.4  21.1  22.5  25.7  27.8  28.0  28.5  27.7  23.8  20.9  13.8 
1990  18.8  20.4  20.0  22.2  26.4  27.6  27.7  28.1  27.6  24.6  20.7  18.7 
