Number= 756011
Name= CANYON-DE-CHELLY----
Country= USA---------
Lat=   36.2
Long=  109.5
Height= 1709
Start year= 1908
End year= 1990
First Good year= 1908
Source ID= 30
Source file= New
Normals source= Data
Normals source start year= 1961
Normals source end year= 1990
Normals=  -1.5   2.1   5.9  10.1  15.2  20.9  24.4  23.2  18.4  11.8   5.0  -0.9 
Standard deviations source= Data
Standard deviations source start year= 1941
Standard deviations source end year= 1990
Standard deviations=   2.2   1.8   1.8   1.6   1.4   1.4   0.8   0.8   1.0   1.4   1.5   2.2 
Obs:
1908 -99.0 -99.0 -99.0 -99.0 -99.0 -99.0 -99.0 -99.0 -99.0 -99.0 -99.0   1.2 
1909   4.6   3.7   4.4   9.4  13.5  21.4  24.6  23.3  17.7  11.9   5.5  -4.4 
1910   0.3   2.9   8.5  11.5  16.9  22.2  25.0  23.6  20.7  11.5   7.2   1.7 
1911   3.9   4.2   8.3  11.0  15.5  19.5  22.3  22.5  19.8  10.6   2.5  -2.4 
1912   0.1   2.5   5.9   8.3  14.8  19.9  21.9  22.1  15.6  10.1   3.7  -3.1 
1913  -3.3   1.0   3.8   9.3  15.8  18.9  19.9 -99.0 -99.0 -99.0   5.9  -1.9 
1914   3.1   2.4   5.8  11.0  16.3  21.1  22.8  22.2  15.4 -99.0 -99.0  -1.5 
1915  -4.0   2.6   5.8  11.4  13.6  19.5  22.9 -99.0  17.5  11.5   4.5   1.2 
1916   0.7   5.1   7.8  11.2  14.7  20.4  23.7  22.2  18.2  11.6   2.7  -0.6 
1917  -4.3   2.1   2.8   8.4  12.5  20.6  25.2  23.0  18.8  11.3   5.2   3.9 
1918  -2.1   3.0   7.5   8.7 -99.0 -99.0  23.7  21.8 -99.0 -99.0   2.5  -2.7 
1919 -99.0  -1.5   4.5  11.6  17.1  21.0  24.4  23.5 -99.0 -99.0 -99.0   0.0 
1920  -1.7   5.4   5.0   6.9  15.4  19.5  23.9  21.4  17.5  10.0   3.7 -99.0 
1921   1.7   3.6   7.3   8.5  14.5  19.8  23.6  22.2  18.8  13.6   5.1   3.3 
1922  -3.1  -0.3   4.5   7.8  14.6  21.3  24.1  23.3  19.0  11.3   2.2   2.9 
1923   2.6   1.3   2.7   8.4 -99.0  20.3  24.2  21.6  16.0  10.6   4.2  -1.0 
1924  -2.3   3.1   2.8   8.7  15.3  20.7  23.3  22.6  17.7  10.2   4.0  -3.5 
1925  -9.7 -99.0 -99.0 -99.0 -99.0 -99.0 -99.0 -99.0 -99.0 -99.0 -99.0 -99.0 
1926 -99.0 -99.0 -99.0 -99.0 -99.0 -99.0 -99.0 -99.0  16.1 -99.0   3.8  -4.6 
1927  -2.1   3.9   4.0  10.2  14.9  18.8  23.5  20.8  16.3  10.2   5.7  -2.3 
1928   0.2 -99.0   5.7   8.1 -99.0 -99.0 -99.0 -99.0 -99.0 -99.0 -99.0 -99.0 
1929 -99.0 -99.0 -99.0 -99.0 -99.0 -99.0 -99.0 -99.0 -99.0 -99.0 -99.0 -99.0 
1930 -99.0 -99.0 -99.0 -99.0 -99.0 -99.0 -99.0 -99.0 -99.0 -99.0 -99.0 -99.0 
1931 -99.0 -99.0 -99.0 -99.0 -99.0 -99.0 -99.0 -99.0 -99.0 -99.0 -99.0 -99.0 
1932 -99.0 -99.0 -99.0 -99.0 -99.0 -99.0 -99.0 -99.0 -99.0 -99.0 -99.0 -99.0 
1933 -99.0 -99.0 -99.0 -99.0 -99.0 -99.0 -99.0 -99.0 -99.0 -99.0 -99.0 -99.0 
1934 -99.0 -99.0 -99.0 -99.0 -99.0 -99.0 -99.0 -99.0 -99.0 -99.0 -99.0 -99.0 
1935 -99.0 -99.0 -99.0 -99.0 -99.0 -99.0  24.3  23.4  18.6  11.7   2.9  -1.3 
1936  -0.8   3.1   5.7  10.8  15.3  22.7  23.7  23.0  17.3  11.3 -99.0 -99.0 
1937 -11.4   0.0   4.9   9.6  15.6  20.4  23.4  24.2  19.3  13.1   5.9   1.8 
1938   0.5   2.1   5.6   9.9  15.6 -99.0  24.3 -99.0  18.7  12.0   0.6   1.5 
1939   0.4  -2.4   6.2  11.9  16.5  21.2  24.8  23.4  19.2  10.1   4.4   1.0 
1940   0.1   2.9   7.3  10.7  17.3  22.3  25.1  23.0  18.5  12.2   3.7   1.4 
1941   0.5 -99.0 -99.0   7.1  15.0  18.7  22.3  21.7  16.6  10.3   3.8   0.9 
1942  -1.6  -0.2   2.8  10.3  14.4  20.5  24.3  22.3  17.6  12.1   6.4   2.4 
1943   0.3   4.1   7.2  12.7  16.1  20.6  24.4  23.3  18.7  12.3   4.0   0.4 
1944  -3.6   2.0   4.1   7.4  13.3  17.5  23.3  22.5  17.6  12.8   3.5  -0.7 
1945   0.0   4.2   2.6   7.6  14.4  17.7  23.9  23.6  18.8  12.0   2.8  -3.2 
1946  -1.5   1.9   6.6  12.0  13.7  21.6  24.1  23.1  18.7  10.1   3.6   2.3 
1947  -2.6   3.4   6.4  10.5  17.7  20.6  25.3  22.0  20.0  12.3   1.9  -1.7 
1948  -0.9   0.2   3.0  10.5  15.0  20.0  23.7  22.3  17.7  11.1   1.6   0.5 
1949  -4.5  -2.4   4.6  10.3  14.2  20.2  23.4  22.3  18.6   9.2   5.5  -1.6 
1950  -0.9   3.3   5.1  10.4  13.4  18.9  22.7  21.9  17.5  15.1   6.1   2.2 
1951  -0.3   2.4   4.9  10.4  15.5  19.6  25.3  22.9  19.0  11.1   2.6  -1.5 
1952  -0.3   1.0   2.8  10.0  16.2  21.4  24.0  24.3  19.6  13.6   2.2  -1.0 
1953   3.0   0.9   6.7  10.1  13.3  22.1  25.2  22.8  19.6  11.6   5.5  -1.6 
1954   1.2   4.6   4.9  13.6  17.5  21.2  24.7  23.0  19.6  14.4 -99.0  -0.7 
1955  -2.8  -1.5   4.8   9.0  15.1  19.0  23.3  23.6  19.5  13.3   4.5   3.7 
1956   4.4   0.9   6.2  10.2  17.2  23.4  23.7  21.6  20.1  12.3   0.4  -1.8 
1957   1.3   5.7   6.9   9.6  13.1  20.9  23.2  22.6  17.7  11.1   2.7   1.5 
1958  -0.8   4.8   4.2  10.1  18.2  22.8  24.1  24.1  18.6  11.7   3.4   1.9 
1959   0.2   1.7   5.5  11.0  15.3  22.7  24.8  22.4  18.6  11.6   3.8   0.2 
1960  -3.6   0.2   7.5  10.4  14.8  21.1  24.0  23.1  20.3  11.4   5.6  -2.1 
1961  -2.7   3.6   6.2  10.1  15.5  22.2  24.2  23.1  16.8  10.8   4.5  -6.1 
1962  -5.0   3.3   3.4  12.7  14.6  20.1  23.8  23.7  19.6  12.6   6.9   0.7 
1963  -4.8   4.1   5.5   9.4  17.1  19.8  25.9  22.5  20.0  14.8   5.2  -3.0 
1964  -1.6  -0.8   2.7   9.2  16.1  20.0  25.4  22.8  18.3  13.6   2.9   1.0 
1965   0.3   1.3   3.6   9.1  13.2  18.6  22.3  22.4  16.5  11.8   7.1   0.9 
1966  -1.9  -0.3   6.2  10.3  17.4  21.1  25.0  23.6  19.2  11.4   6.8  -0.8 
1967  -1.1   2.8   8.4   9.2  14.6  19.5  24.7  23.0  19.0  12.8   6.4  -4.6 
1968  -6.6   4.2   5.8   8.1  14.6  21.1 -99.0  20.6  18.1  12.4   4.3  -4.0 
1969   1.4   1.8   3.6  11.3  16.6  20.4  24.6  24.7  19.3   9.8   3.4   1.0 
1970  -0.3   4.0   4.0   6.9  14.9  20.0  24.6  24.7  17.5   9.9   5.5  -0.3 
1971  -0.8   2.0   6.2   9.8  13.9  21.0  25.4  24.4  17.4  10.4   4.6  -1.8 
1972   0.9   3.6   9.4  11.4  15.0  21.0  25.1  23.4  18.3  12.4   3.5  -1.7 
1973  -4.3   2.0   4.1   8.0  15.0  19.5  23.9  23.3  16.9  11.2   5.7   1.0 
1974  -2.8  -0.9   9.1   9.0  16.2  22.9  24.0  23.2  18.4  12.8   5.1  -2.7 
1975  -2.1   1.1   6.0   8.0  13.2  19.9  24.2  23.2  18.4  12.0   3.7  -1.6 
1976  -2.1   4.7   5.2   9.9  16.1  20.4  24.1  22.6  17.9  10.2   3.9  -2.5 
1977  -4.7   1.6   4.1  10.8  13.7  21.9  24.2  23.8  19.5  12.6   6.0   2.9 
1978   1.7   1.2   7.9  10.8 -99.0  21.0  24.0  22.4  17.8  12.5   5.5  -4.4 
1979  -3.3  -1.1   4.4   9.9  14.9  20.4  24.4  22.2  19.4  13.4   2.0  -1.2 
1980   0.9   3.8   4.7   9.1  13.1  20.9  24.6  23.2  18.2  10.3   4.8   2.4 
1981   0.7   2.8   5.7  12.5  14.7  22.8  23.5  23.8  19.2  11.5   7.3   1.8 
1982  -0.1   0.7   6.8  10.6  14.5  19.5  23.9  23.7  19.4   9.7   4.8  -0.8 
1983  -0.5   3.0   6.6   7.4  13.4  19.0  23.9  23.5  19.4  12.9   6.0   2.2 
1984  -2.1   0.6   6.0   8.9  17.8  20.9  24.8  23.3  19.6   9.2   5.2   0.8 
1985  -0.6   1.0   7.0  11.6  16.1  22.3  24.7  24.3  16.3  12.0   5.5   0.4 
1986   1.8   4.7   7.7  10.4  15.3  21.7  23.8  24.0  17.6  10.5   5.3   0.3 
1987  -0.6   2.6   4.7  11.9  15.6  22.1  23.1  22.3  17.9  13.5   4.0  -1.4 
1988  -2.5   3.0   5.7  10.8  15.7  22.0  25.3  23.2  17.8  14.2   5.8  -0.7 
1989  -2.6   1.9   9.5  13.8  17.1  21.8  25.5  22.9  19.5  11.8   5.0  -0.3 
1990  -0.9   1.6   7.8  12.5  15.8  23.4  24.7  22.9  20.0  12.3   4.7  -4.8 
