Number= 756099
Name= ANNA-1E-------------
Country= USA---------
Lat=   37.5
Long=   89.2
Height= 195
Start year= 1875
End year= 1990
First Good year= 1875
Source ID= 30
Source file= New
Normals source= Data
Normals source start year= 1961
Normals source end year= 1990
Normals=  -0.7   1.6   7.7  13.6  18.6  23.2  25.3  24.3  20.5  14.3   8.0   1.8 
Standard deviations source= Data
Standard deviations source start year= 1941
Standard deviations source end year= 1990
Standard deviations=   2.8   2.6   2.6   1.7   1.6   1.3   1.1   1.3   1.4   1.8   1.6   2.5 
Obs:
1875 -99.0 -99.0 -99.0 -99.0  18.0  22.1  24.8  20.9  17.2 -99.0   6.7   6.7 
1876   6.7   6.7   5.6  15.0  21.2  22.8  25.9  25.1  18.4  13.6   7.3  -3.3 
1877   0.9   6.2   5.3  13.8  17.9  24.5  25.4  27.3  21.6  16.7   7.0   9.6 
1878   2.9   5.9  12.1  18.4  20.0  23.8  28.0  27.2  21.9  14.7   9.1  -1.8 
1879  -0.7   1.8   9.4  12.5  22.2  23.9  27.4  23.6  19.3  18.1  11.9   2.8 
1880   9.4   5.9   7.9  15.3  21.9  23.7  25.4  23.6  18.8  13.6   1.1   0.3 
1881  -3.8 -99.0   6.3  13.3  22.6  24.8  28.6  29.7  25.2  11.9   8.1   6.4 
1882   2.2   8.9   9.4  16.3  17.1  24.6  24.5  24.2  20.9  18.3   8.8   1.8 
1883  -1.5   2.2   5.8  14.6  18.2  23.4  24.6  23.9  20.3  16.2   9.6   4.3 
1884  -3.6   3.7   7.6  12.6  18.6  23.2  25.3  24.0  23.7  18.1   8.6   0.3 
1885  -3.4  -2.2   4.8  14.7  17.9  24.7  26.1  24.3  20.7  12.6   8.8   5.1 
1886  -4.3   1.0   6.6  14.6  21.0  23.2  26.2  25.5  21.8  16.2   6.8  -0.9 
1887 -99.0 -99.0 -99.0 -99.0 -99.0 -99.0 -99.0 -99.0 -99.0 -99.0 -99.0 -99.0 
1888 -99.0 -99.0 -99.0 -99.0 -99.0 -99.0 -99.0 -99.0 -99.0 -99.0 -99.0 -99.0 
1889 -99.0 -99.0 -99.0 -99.0 -99.0 -99.0 -99.0 -99.0 -99.0 -99.0 -99.0 -99.0 
1890 -99.0 -99.0 -99.0 -99.0 -99.0 -99.0 -99.0 -99.0 -99.0 -99.0 -99.0 -99.0 
1891 -99.0 -99.0 -99.0 -99.0 -99.0 -99.0 -99.0 -99.0 -99.0 -99.0 -99.0 -99.0 
1892 -99.0 -99.0 -99.0 -99.0 -99.0 -99.0 -99.0 -99.0 -99.0 -99.0 -99.0 -99.0 
1893 -99.0 -99.0 -99.0 -99.0 -99.0 -99.0 -99.0 -99.0 -99.0 -99.0 -99.0 -99.0 
1894 -99.0 -99.0 -99.0 -99.0 -99.0 -99.0 -99.0 -99.0 -99.0 -99.0 -99.0 -99.0 
1895 -99.0 -99.0 -99.0 -99.0 -99.0 -99.0 -99.0 -99.0 -99.0 -99.0 -99.0 -99.0 
1896 -99.0   2.7   4.4  16.7  21.1  21.7  24.6  25.2  18.8  12.3   7.5   4.0 
1897  -0.4   2.6   8.1  12.4  16.2  22.5  25.2  23.9  22.6  17.2   7.1   0.9 
1898   3.5   2.6   8.9  11.3  19.0  23.7  24.1  23.8  21.3  11.7   4.6   0.1 
1899  -0.1  -5.9   3.7  13.0  19.5  23.5  24.6  26.3  20.0  15.9   8.6   0.0 
1900   2.6  -0.6   6.4  13.4  19.5  22.2  24.8  27.3  22.8  17.0   7.2   3.3 
1901   2.9  -0.6   7.3  10.9  17.6  25.0  28.9  24.8  20.8  15.2   6.2  -1.1 
1902   0.3  -3.8   8.5  12.7  21.9  23.4  26.1  24.4  18.2  15.6  10.4   1.8 
1903   0.9   1.5   9.5  13.0  19.3  19.6  25.8  24.7  20.5  14.0   4.9  -0.1 
1904  -1.3   0.4   8.0  10.5  17.9  21.9  23.7  23.2  20.9  13.5   7.2   2.3 
1905  -3.6  -3.6  10.7  13.8  20.1  24.3  23.6  24.8  21.0  13.2   7.8   1.9 
1906   3.2   0.7   2.3  15.3  18.9  22.6  23.8  24.5  22.1  13.0   5.9   3.0 
1907   3.6   1.7  12.6   9.0  15.4  21.4  25.8  24.5  20.1  13.3   6.1   3.0 
1908   1.3   1.9  10.8  13.5  19.6  23.2  24.8  24.6  22.2  13.7 -99.0   4.7 
1909   1.4   5.5   7.9  13.9  17.9  24.2  25.3  26.4  20.0  13.7  12.8  -1.6 
1910   1.3   0.1  14.4  13.4  17.0  21.6  25.3  24.0  22.2  15.7   6.0   0.5 
1911   4.1   5.1   9.3  13.3  21.3  25.0  25.2  24.0  23.2  14.6   4.6   4.3 
1912  -5.0  -1.4   3.6  14.4  19.3 -99.0  25.0  23.9  21.5  15.3   7.2   2.8 
1913   3.1   0.8   6.9  13.0  19.3  24.6  26.5  27.1  20.7  13.2  11.2   5.0 
1914   4.4  -0.2 -99.0  13.4  20.0  26.2  27.6  25.1  20.7  14.9   9.3  -0.5 
1915  -0.2   4.4   3.7  16.1 -99.0  21.9  24.3  21.1  21.6  15.7  10.1   2.8 
1916   2.8   1.7   7.4  12.8  20.6  21.3  27.2  25.5  20.2  15.2   9.0   2.0 
1917   2.9   1.3   8.7  13.7  15.9  21.7  24.3  23.4  20.6  10.6   8.1  -2.5 
1918  -7.2   3.7  12.2  11.9  20.9  24.5  25.0  27.3  16.9  16.2   7.1 -99.0 
1919   3.4   3.4   9.1  14.7  17.3  24.2  27.1  24.4  22.2  16.6   6.9   0.5 
1920  -0.2   2.5   7.4  11.8  18.6  22.5  24.7  23.2  21.7  17.0   6.3   3.8 
1921   4.4   4.9  13.1  14.1  19.8  25.1  27.5  24.0  23.2  14.0   9.0   4.7 
1922   0.1   3.9   8.7  15.3  20.3  24.7  25.1  24.6  22.1  16.3   8.9   4.1 
1923   5.0   0.6   6.7  13.4  17.5  23.1  26.2  24.9  20.4  12.7   8.3   8.2 
1924  -1.9   2.1   5.0  14.9  15.7  22.9  23.2  24.9  18.3  18.5   8.5   1.1 
1925   1.9   6.2  10.4  17.6 -99.0 -99.0 -99.0 -99.0 -99.0 -99.0   6.2 -99.0 
1926   1.1   5.1   5.2  11.1  20.1  23.3  27.2  25.2  22.6  14.9   4.8   2.0 
1927  -0.1   6.5   7.8  15.2  18.9  21.8  24.2  21.6  22.9  15.9 -99.0   0.5 
1928   0.1   2.3   7.4  12.0  19.1  21.1  26.2  25.2  19.3  16.8   7.5   3.3 
1929  -0.8  -2.4  10.6  15.2  17.0  22.1  25.4  23.0  19.8  13.9   5.6   3.0 
1930  -3.1   7.3   6.3  15.4  18.7 -99.0  28.1 -99.0  22.1  13.5   7.7   1.5 
1931   2.2   4.8   4.6  13.5  16.4  24.9  26.8  24.2  24.4  17.1  12.3   7.6 
1932   5.1   7.6   4.7  14.3  18.8  24.6 -99.0  25.3  20.4  13.8   4.5   1.4 
1933   6.1   1.7   7.2  13.0  19.9  26.0  25.9  24.5  25.0  14.2   7.7   5.6 
1934   2.6   0.0   6.2  14.2  20.8  25.9  28.5  25.3  19.2  16.6  10.2   1.4 
1935   2.1   4.4  11.8  12.0  17.0  21.1  26.0  25.3  20.7  15.6   7.0  -1.2 
1936  -2.6  -2.4  10.8  11.0  20.5  25.2  28.4  29.1  23.2  14.3   5.5   4.1 
1937   2.0   1.7   5.7  12.8  19.0  24.0  24.9  27.0  20.4  13.1   6.1   0.5 
1938   1.0   6.9  11.7  14.6  18.8  22.0  25.7  26.3  22.1  17.9   8.8   2.8 
1939   4.7   2.4   9.8  12.3  19.5  24.0  25.9  24.0  24.2  16.0   6.8   3.8 
1940  -7.3   1.2   6.9  12.6  16.6  22.6  24.2  24.1  20.7  17.1   7.0   5.0 
1941   1.9   0.4   5.0  15.6  20.3  24.0  26.2  25.5  22.2  17.4   7.7   4.5 
1942  -0.2   0.7   8.9  14.3  17.7  22.7  25.0  22.9  19.5  14.6   9.8   1.1 
1943   2.5   4.8   5.2  13.4  18.7  24.6  26.1  25.7  18.5  13.9   7.0   1.4 
1944   3.0   5.2   6.9  13.1  20.5  25.0  25.2  24.6  20.5  15.1   8.4  -0.8 
1945  -0.6   2.9  12.6  14.2  16.0  21.2  24.2  23.9  21.3  13.8   8.7  -1.4 
1946   1.6   5.0  13.5  15.7  16.8  23.6  25.0  22.1  20.2  16.0   9.9   5.1 
1947   2.7  -1.6   3.6  13.6  17.3  22.8  23.1  28.1  21.2  18.5   5.7   3.4 
1948  -3.6   1.9   8.3  15.9  17.8  23.3  25.1  24.5  20.9  13.2   9.0   4.1 
1949   2.7   3.9   7.4  12.9  19.6  23.9  26.2  24.5  17.9  16.1   8.7   4.6 
1950   4.8   3.5   6.2  10.5  19.6  23.0  23.5  22.1  19.5  17.8   4.6  -0.6 
1951   1.3   2.6   6.8  11.3  19.2  22.5  25.1  25.2  19.5  15.6   4.1   3.0 
1952   3.9   5.2   7.3  13.0  19.2  27.3  26.8  25.0  20.3  12.3   8.4   3.2 
1953   3.2   4.8   9.7  12.1  19.6  26.9  26.5  25.4  22.6  16.9   8.3   2.2 
1954   1.4   7.5   7.2  17.1  16.5  24.7  27.2  26.5  23.1  15.1   8.3   2.7 
1955   1.7   3.0   8.7  16.9  19.9  20.9  27.1  25.8  23.3  14.5   6.7   1.0 
1956  -0.5   4.1   8.3  13.0  19.9  23.0  24.8  25.0  20.4  17.5   7.5   5.9 
1957  -1.3   5.1   6.9  14.9  18.8  23.2  25.2  24.1  20.5  13.4   7.3   5.6 
1958   0.2  -2.4   4.0  13.7  19.3  21.8  24.5  24.4  20.7  14.9   9.5   0.2 
1959  -0.4   2.7   8.1  14.1  21.0  23.2  24.9  25.5  21.4  14.8   4.9   4.7 
1960   2.2   0.8  -0.1  15.2  17.2  22.9  24.3  25.1  23.1  15.4   7.8  -0.6 
1961  -0.7   4.9   9.1  10.6  16.3  21.8  24.2  23.6  22.2  15.4   7.4   1.6 
1962  -1.4   4.2   5.3  11.9  23.0  23.2  25.5  24.9  19.3  16.4   7.5   0.6 
1963  -3.3  -0.8  10.4  15.2  18.3  23.8  24.4  23.7  20.7  19.0   8.8  -4.1 
1964   1.4   1.4   7.3  15.5  20.0  24.3  25.2  24.4  20.4  13.4   9.6   1.6 
1965   1.6   1.7   2.7  15.2  21.0  22.9  24.5  23.9  20.5  13.9  10.1   5.9 
1966  -2.4   0.9   8.4  12.0  17.5  22.7  26.7  22.9  19.0  12.5   8.5   2.0 
1967   2.5   0.3  10.3  15.6  17.4  22.9  23.0  21.5  18.7  14.2   5.7   2.9 
1968  -1.2  -0.9   7.5  14.2  17.0  23.9  24.9  24.9  19.9  13.8   7.4   1.2 
1969  -0.2   2.0   3.6  13.6  18.9  23.4  26.4  24.0  20.3  14.0   5.8   0.4 
1970  -3.3   0.9   4.8  14.5  20.2  22.1  24.4  24.7  22.8  14.3   6.8   3.9 
1971  -1.3   1.5   5.4  13.4  16.9  25.1  23.8  23.2  21.8  17.8   8.1   6.4 
1972   0.4   2.1   7.7  13.3  18.9  22.7  23.8  23.8  21.3  13.0   5.0   0.5 
1973   0.5   1.5  10.9  12.0  16.0  23.6  25.7  24.0  21.5  16.4   9.9   1.2 
1974   1.6   3.7   9.8  14.0  19.0  20.3  26.2  23.7  16.9  13.8   8.3   2.4 
1975   2.6   2.0   4.9  12.7  19.6  23.4  24.6  24.2  18.2  15.5   9.4   2.7 
1976  -0.7   6.9  11.1  14.1  16.3  21.7  24.7  22.9  19.7  10.8   3.9   0.5 
1977  -7.6   2.0  10.6  16.0  20.7  23.7  26.2  24.7  21.8  12.8   8.3   0.7 
1978  -5.2  -4.8   4.7  14.1  18.2  23.5  25.8  25.0  22.1  13.2   9.3   1.7 
1979  -5.9  -3.5   7.4  12.3  17.2  23.0  25.0  23.9  20.0  14.6   7.0   3.2 
1980   0.7  -1.3   5.0  12.6  19.1  23.7  28.0  27.7  22.9  12.9   7.3   2.6 
1981  -0.4   3.6   7.8  17.0  15.8  24.0  25.6  24.0  19.3  13.3   9.6   1.2 
1982  -3.3   0.4   9.6  10.9  20.8  21.7  25.6  23.8  19.4  14.5   7.8   6.1 
1983   0.7   3.7   7.6  10.1  17.7  22.6  26.8  27.9  21.4  15.4   8.9  -4.4 
1984  -2.5   4.4   4.9  12.4  16.9  24.9  24.5  24.7  19.3  16.4   7.2   6.0 
1985  -5.0  -0.5   9.5  15.1  19.3  22.4  25.6  23.7  19.9  16.0  10.0  -1.3 
1986   1.3   3.6   9.0  15.2  19.8  24.6  26.9  23.1  22.3  14.6   6.4   2.0 
1987   0.2   4.2   9.5  13.8  21.7  24.5  25.6  26.0  21.5  11.6   9.9   3.9 
1988  -1.1   0.6   7.7  14.1  19.2  24.2  25.8  26.3  20.4  11.5   8.0   2.9 
1989   4.4  -0.9   7.5  13.8  17.6  22.3  25.0  24.5  19.3  15.1   8.2  -3.9 
1990   5.7   5.5   9.9  12.6  16.9  24.0  24.8  23.6  21.8  13.5  10.6   3.2 
