Number= 756016
Name= LEES-FERRY----------
Country= USA---------
Lat=   36.9
Long=  111.6
Height= 978
Start year= 1921
End year= 1990
First Good year= 1921
Source ID= 30
Source file= New
Normals source= Data
Normals source start year= 1961
Normals source end year= 1990
Normals=   2.9   7.0  11.2  16.3  21.9  27.6  30.9  29.2  24.3  16.8   9.3   2.9 
Standard deviations source= Data
Standard deviations source start year= 1941
Standard deviations source end year= 1990
Standard deviations=   1.8   1.9   1.8   1.8   1.5   1.4   0.8   1.0   1.2   1.5   1.3   1.6 
Obs:
1921 -99.0 -99.0 -99.0 -99.0 -99.0 -99.0 -99.0 -99.0 -99.0  19.0   9.1   5.1 
1922   0.9   5.1   9.8  12.5  20.9  27.6  30.3  28.8  25.6  17.0   8.0   6.2 
1923   4.8   5.7   9.9  15.7  22.1  24.3  29.8  27.3  22.1  14.9   9.0   3.7 
1924   0.9   7.9   9.9  15.6  22.2  27.3  29.6  29.0  22.8  15.2   7.8  -0.2 
1925  -3.3   7.1  11.7  16.9  23.7  25.8  31.2  26.9  22.1 -99.0 -99.0   4.0 
1926   2.1   7.3  11.6  15.8  21.1  27.6  29.3  28.8  23.7  17.2   9.8   3.0 
1927   3.6   8.1  10.7  16.3  21.8  26.0  30.3  27.3  23.3 -99.0  11.1   3.6 
1928   4.7   7.9  14.6  16.6  23.2  27.3  31.0  29.3  26.5  17.8  10.1   2.0 
1929   3.3   5.0  11.6  14.5  22.0  27.7  30.9  30.0  24.7  18.3   7.7   4.6 
1930   1.3   8.0  12.6  20.3  19.9  28.7  30.1  28.6  24.3  16.2   6.1  -0.6 
1931  -0.1   8.3  12.2  18.8  22.2  28.5  33.5  31.0  26.3  18.7   7.9   0.3 
1932   0.2   6.8  12.6  17.6  21.9  26.6  31.4  30.0  25.5  16.8   9.7   0.6 
1933  -1.1   1.7  12.4  15.0  19.4  28.7  32.5  30.1  27.5  20.0   9.2   4.4 
1934   4.9   9.6  16.7  20.4  25.5  26.4  32.5  31.1  24.8  18.8  11.3   4.1 
1935   3.8   7.7  11.2  17.6  20.1  28.7  31.0  30.3  25.6  17.8   8.1   3.1 
1936   3.8   7.9  13.4  18.7  23.4  29.7  32.1  30.8  24.2  17.2   8.1   4.6 
1937  -3.2   4.5  11.8  16.7  23.7  28.4  31.1 -99.0 -99.0 -99.0 -99.0 -99.0 
1938   4.6   7.4 -99.0  16.9 -99.0 -99.0 -99.0 -99.0 -99.0 -99.0 -99.0 -99.0 
1939 -99.0 -99.0 -99.0 -99.0 -99.0 -99.0 -99.0 -99.0 -99.0 -99.0 -99.0 -99.0 
1940 -99.0 -99.0 -99.0 -99.0 -99.0 -99.0 -99.0 -99.0 -99.0 -99.0 -99.0 -99.0 
1941 -99.0 -99.0 -99.0 -99.0 -99.0 -99.0 -99.0 -99.0 -99.0 -99.0 -99.0 -99.0 
1942 -99.0 -99.0 -99.0 -99.0 -99.0 -99.0 -99.0 -99.0 -99.0 -99.0 -99.0 -99.0 
1943 -99.0 -99.0 -99.0 -99.0 -99.0 -99.0  31.9  29.9  25.9  18.1   8.7   5.8 
1944   3.1   6.9  11.2  14.7  21.7  25.8  30.7  30.3  26.5  19.4   9.8   4.2 
1945   4.6   9.1  10.4  15.5  22.7  26.0  31.4  30.1  25.2  18.4   8.9   2.8 
1946   3.2   7.1  13.0  19.6  22.2  29.0  31.0  29.5  25.4  14.8   7.9   4.8 
1947   2.3   9.0  13.8  16.8  23.8  25.8  30.8  28.8  27.3  18.4   7.6   3.4 
1948   2.5   5.6   8.1  17.4  23.0  26.6  30.6  28.8  25.7  17.5   6.9   3.3 
1949  -0.9   1.7  11.1  18.6  22.1  26.2  31.2  29.0  25.9  16.0   9.5   2.7 
1950   2.1   8.1  12.6  18.6  21.4  26.6  28.8  27.2  23.0  20.4  10.6   5.8 
1951   3.0   6.6  10.6  17.2  20.8  26.9  32.1  29.1  25.8  17.0   7.9   2.8 
1952   2.4   5.9   9.3  16.7  23.0  26.9  30.5  30.1  25.6  19.1   7.4   3.2 
1953   5.8   7.1  11.9  16.2  19.7  27.8  31.2  28.5  25.6  16.7   9.2   2.5 
1954   3.4   9.5  10.3  20.3  24.9  27.8  31.5  28.7  25.2  18.0  10.0   2.1 
1955   2.5   3.2  10.9  15.9  21.1  25.7  30.4  30.4  25.8  18.8   9.4   5.6 
1956   6.0   5.9  11.8  16.8  22.9  29.2  30.4  27.8  26.6  17.7   5.2   1.9 
1957   3.9   9.4  13.1  16.0  19.4  27.5  29.9  28.6  24.9  17.1   6.8   4.3 
1958   3.3   9.2   9.5  16.2  24.1  28.7  31.0  31.4  24.5  18.1   8.4   4.3 
1959   3.8   7.1  12.4  18.2  22.3  29.4  32.2  29.2  24.9  17.1   8.4   4.3 
1960   1.1   6.1  13.1  16.7  22.7  29.4  31.8  30.9  26.5  16.5   8.5   1.6 
1961   1.4   8.5  11.2  16.4  22.5  30.1  32.5  29.3  22.6  16.0 -99.0  -0.6 
1962   2.4   7.2   8.9  19.5  21.2  26.7  30.9 -99.0  25.5  18.4  10.5 -99.0 
1963  -1.1   9.4  11.1  15.1  23.6  25.9  32.2  28.4  25.1  19.8  10.3   2.8 
1964   2.5   5.8   9.3  15.6 -99.0  26.6  31.5  28.6 -99.0 -99.0 -99.0 -99.0 
1965   6.2   7.3  10.4  15.3  19.4  23.9  29.7  28.9  22.7  17.6  10.9   3.6 
1966   1.6   3.4  11.1  17.1  23.8  27.8  30.6  30.6  25.5  16.9  10.4   3.6 
1967   1.8   7.5  13.0  14.2  21.1  25.8  31.3  29.3  24.1  18.1  11.2  -0.7 
1968  -2.4   9.5  12.1  14.8  22.1  28.0  30.6  26.4  24.0  16.7   8.7   1.0 
1969   5.6   6.1   9.4  17.4  24.0  27.2  30.5  31.1  25.5  15.0   8.6   4.7 
1970   4.0   8.5  10.1  13.8  23.1  27.1  30.4  30.6  24.0  15.9  10.1   3.7 
1971   2.9   7.4  11.5  16.4  20.6  28.2  32.2  30.0  25.0  15.1   7.7   1.3 
1972   3.8   8.1  15.6  17.9  22.9  28.4  31.9  29.4  24.1  14.7   7.7   1.4 
1973   0.0   6.1   9.1  15.1  22.5  26.6  30.7  29.8  24.3  17.3   9.7   4.5 
1974   1.8   4.6  14.3  16.0  24.2  30.3  30.7  29.5  25.0  17.7   7.9   3.2 
1975   2.5   5.9  10.1  13.2  19.6  26.3  30.3  28.1  24.6  16.6   8.4 -99.0 
1976   3.1   9.6  10.6  15.3  22.4  27.1  30.5  28.8  23.7  16.1   8.9   1.4 
1977   2.1   6.8   9.5  17.8  20.1  28.6  30.1  29.6  25.6  18.0  10.4 -99.0 
1978   5.5   7.7  12.0  16.6  21.1  28.5  31.0  29.3  23.6  18.7   8.6   0.1 
1979   0.4   2.9   9.8  16.1  22.0  26.3  30.8  28.0  25.8 -99.0   6.6   2.3 
1980   4.8   7.1   8.9  15.0  18.1  26.0  30.8  29.2  22.3  15.5   8.4 -99.0 
1981 -99.0   6.8  10.8  18.3  21.5  29.8  31.2  28.8  24.6  15.8   9.6   5.1 
1982   3.2   5.4  11.6  15.8  21.3  26.5  29.8  28.2  24.2  13.9   8.1   3.8 
1983   4.1   8.2  11.9  13.3  19.2  27.5  29.7  28.5  24.8  17.6  11.0   5.3 
1984   3.6 -99.0   8.0  13.2  23.8  26.6  30.4  28.9  26.0  15.0  10.4   4.3 
1985   3.0   5.6  11.0  18.4  20.5  29.7  31.3  30.0  21.6  16.3   8.3   3.8 
1986   5.8  10.6  14.5  18.3  22.8  29.2  30.1  30.0  22.3  14.8   9.8   4.5 
1987   3.4   6.1  10.6  18.6  22.4  28.6 -99.0 -99.0 -99.0  18.6   8.7   2.8 
1988   3.0   7.7  11.3  16.9 -99.0  28.7  32.1  29.6  24.5  20.3  10.3   4.0 
1989 -99.0   6.8  15.4  20.7  23.3  27.8  31.6  28.6  24.6  17.3   9.8   4.8 
1990   4.8 -99.0  13.8 -99.0  23.1  29.4 -99.0  28.9  25.4  17.7   8.6 -99.0 
