Number= 756047
Name= ROCKY-FORD-2SE------
Country= USA---------
Lat=   38.0
Long=  103.7
Height= 1271
Start year= 1888
End year= 1990
First Good year= 1888
Source ID= 30
Source file= New
Normals source= Data
Normals source start year= 1961
Normals source end year= 1990
Normals=  -2.3   1.0   5.3  11.0  16.1  21.6  24.5  23.0  18.2  11.8   3.9  -1.3 
Standard deviations source= Data
Standard deviations source start year= 1941
Standard deviations source end year= 1990
Standard deviations=   2.6   2.5   2.1   1.8   1.1   1.4   0.9   0.9   1.2   1.3   1.8   2.2 
Obs:
1888 -99.0 -99.0 -99.0 -99.0 -99.0 -99.0 -99.0 -99.0 -99.0  13.6   3.6   1.3 
1889  -7.3  -1.9   7.2  13.1  16.9  18.1  23.4  22.5  15.1  11.8 -99.0   1.1 
1890 -99.0  -1.7   3.2   8.8  15.1  21.4  25.0  22.4  17.0   9.7   4.2   1.7 
1891  -5.8  -1.6 -99.0  10.1  15.7  19.8  22.7  22.8  19.2  11.3   2.8  -1.4 
1892  -3.9   1.0   2.2   9.8  13.6  19.7  23.6  23.0  19.9  11.1   3.9  -3.9 
1893   1.4   0.2   4.8   9.8  14.6  22.6  23.8  21.8  18.0  11.2   2.9   0.9 
1894  -0.9  -4.7   5.7  11.4  17.3  20.5  23.5  22.5  17.3  11.9   4.4  -1.1 
1895  -3.4  -4.8   3.9  11.3  15.4  19.6  21.0  21.8  19.4  10.4   2.0  -1.7 
1896   1.2   1.5   3.7  11.8  16.7  22.5  23.7  23.6  18.5   9.9   1.7   1.7 
1897  -3.9   1.1   3.8   9.6  17.5  21.2  23.0  20.9  20.2  11.9   4.8  -3.5 
1898  -3.1   3.0   3.9  11.4  13.7  20.4  23.1  23.2  15.6   9.1   2.4  -4.9 
1899  -1.7  -9.1   3.8  10.9  16.1  21.2  22.2  22.8  18.2  11.7   6.0  -3.2 
1900   0.9  -1.0   6.8   8.8  16.0  21.8  23.2  22.9  17.9  12.7   4.2  -0.3 
1901  -1.0  -2.4   4.3  10.5  15.9  21.7  25.8  23.6  18.1  12.5   6.1  -1.5 
1902  -1.8   2.7   4.9  11.4  17.2  21.4  22.9  23.8  16.1  11.6   4.8  -1.5 
1903   0.9  -4.6   4.6  11.1  14.6  18.0  23.8  23.1  17.1  10.5   3.3  -0.1 
1904  -2.2   3.1   6.7  10.1  14.7  18.7  22.4  22.0  18.3  11.7   3.9   0.0 
1905  -3.1  -5.1   6.8   9.0  14.7  22.0  22.2  23.3  18.6   9.6   5.8  -2.9 
1906   1.0   2.6   1.0  10.6  15.7  20.7  21.8  22.4  17.6  10.0   3.5   1.9 
1907  -0.2   3.8   8.8   9.4  12.5  19.5  23.2  22.6  18.6  12.1   3.9  -0.8 
1908  -0.2   1.4   7.9  10.6  14.5  21.7  23.4  22.5  18.6  10.5   2.4  -1.4 
1909   0.8   0.6   3.4   9.3  13.6  20.5  24.5  24.0  17.6  11.4   4.7  -6.0 
1910  -0.7  -0.8  10.4  11.7  14.7  21.4  23.8  22.1  19.5  13.1   6.2   0.1 
1911   2.9  -0.8   7.5  10.8  17.6  22.4  23.3  22.5  20.0  10.0   2.2  -5.8 
1912  -7.0  -0.6   0.0  10.0  15.3  18.7  23.1  21.6  14.8  10.9   4.7  -1.4 
1913  -2.3  -4.9   3.6  10.5  17.3  20.5  23.4  23.7  15.7   9.4   5.4  -7.0 
1914   0.5  -0.9   4.9  10.1  16.0  20.2  23.0  22.6  19.1  12.4   5.6  -5.0 
1915  -2.2   2.2   1.1  12.2  12.9  19.6  21.7  20.2  17.9  11.7   5.8  -0.8 
1916  -3.4   2.7   8.6   9.8  15.7  21.2  25.1  22.5  16.9  11.4   2.8  -2.4 
1917  -2.2   1.5   3.6   9.2  12.6  20.2  24.8  21.7  18.4  10.0   6.7   0.0 
1918  -6.7   2.3   7.6   8.2  16.5  23.4  23.6  23.5  16.0  13.7   2.4  -2.7 
1919  -5.2  -1.8   5.1   9.7  15.0  19.7  24.8  23.6  20.2  10.4   1.7  -2.4 
1920   0.4   1.6   4.8   6.7  15.9  20.9  23.8  21.4  18.2  12.4   2.8  -1.3 
1921   1.4   2.4   8.7   9.2  17.1  20.9  23.7  23.0  19.7  13.0   5.3  -0.5 
1922  -4.0   0.7   5.3   9.7  15.5  22.6  23.6  24.5  19.7  11.9   3.3   1.3 
1923   3.4  -1.1   3.6  11.4  14.3  20.1  24.2  21.8  17.0   8.8   4.2  -1.1 
1924  -3.3   2.7  -0.2   9.8  13.5  22.3  23.8  23.5  17.2  12.8   5.1  -8.1 
1925  -7.6   3.8   9.1  13.4  17.1  23.6  24.2  22.4  19.9   8.6   1.7   0.3 
1926  -0.7   4.3   4.6   9.2  16.3  21.2  23.6  23.5  18.8  12.3   4.7  -2.4 
1927   0.1   3.1   4.1  11.7  18.2  20.3  23.5  21.2  18.0  12.7   7.6  -4.3 
1928  -0.4   0.8   6.6   9.0  15.6  18.7  23.4  22.1  17.4  12.1   3.2  -3.6 
1929  -1.8  -3.7   5.9  10.7  15.3  21.2  24.5  23.1  17.1  11.3   0.2  -0.4 
1930  -7.8   5.4   3.6  13.7  14.2  21.3  23.6  23.1  18.3  11.1   2.2  -5.4 
1931  -2.2   3.3   3.1  10.0  14.5  23.1  24.8  22.6  21.0  13.1   1.1   0.0 
1932  -2.8   5.3   2.6  12.0  17.8  20.7  25.9  24.5  17.8   9.9   4.9  -6.9 
1933   1.2  -1.4   6.3   8.1  14.7  22.3  23.8  21.5  19.6  11.4   4.1   2.4 
1934   0.9   1.1   4.9  10.7  18.5  22.6  26.7  24.5  16.9  13.7   5.6   0.4 
1935   1.3   1.7   7.3   9.8  13.0  20.8  25.4  24.3  17.7  11.6   2.3  -1.4 
1936  -1.5  -4.2   5.9  10.7  17.1  23.0  25.0  23.4  17.4   9.4   3.7  -0.6 
1937  -7.1   0.4   3.1  10.3  16.6  20.8  24.9  25.0  19.1  11.3   2.8  -1.9 
1938  -0.5   2.0   6.5  10.1  15.1  21.7  24.1  24.4  18.9  13.4   0.7  -1.0 
1939   0.7  -3.5   4.4  10.8  17.1  22.6  25.3  22.9  20.4  12.1   3.9   0.9 
1940  -9.1   1.6   6.2   9.7  15.9  21.5  25.3  22.7  20.0  13.8   3.0   0.4 
1941   0.1   2.7   4.5  10.8  17.2  20.2  23.5  23.1  18.4  11.7   5.4  -0.8 
1942  -3.5  -1.4   4.4  12.5  16.0  21.2  24.1  23.3  17.5  11.2   6.6   0.1 
1943  -0.2   4.3   3.9  14.2  14.8  22.2  24.8  24.6  17.2  10.2   4.0  -2.6 
1944  -3.2   0.9   4.3   7.6  15.7  21.4  22.7  23.3  18.0  12.1   5.2  -0.6 
1945  -1.6   2.1   7.6   8.9  16.6  19.2  23.9  23.3  17.9  12.6   5.1  -3.3 
1946  -0.1   3.6   7.9  14.6  14.3  22.7  24.6  23.0  18.7  11.2  -1.0   2.2 
1947  -1.3  -1.2   3.7   9.9  15.2  19.5  24.0  24.0  20.0  14.0   1.4  -0.5 
1948  -3.6  -2.9   0.2  13.5  16.8  21.6  24.7  23.3  20.1  11.5   2.7   0.6 
1949  -6.2   0.1   6.1  11.2  16.7  20.9  24.3  22.8  18.5  11.3   7.8   0.7 
1950   0.2   4.2   5.4  11.7  15.2  22.2  22.8  21.3  17.5  15.1   3.5   1.3 
1951  -2.0   2.1   3.9   9.1  16.4  18.5  24.5  23.5  17.6  11.0   2.5  -0.6 
1952   1.2   2.1   3.7  10.6  15.9  24.2  24.3  23.9  19.0  11.5   0.9  -1.3 
1953   3.5   1.1   7.0   9.6  14.2  23.8  25.7  23.3  19.2  12.9   5.4  -0.8 
1954   0.2   6.4   4.3  13.7  15.7  23.4  26.3  23.0  20.4  11.9   5.7   0.7 
1955  -1.4  -1.9   5.4  11.7  16.2  20.0  25.5  24.1  18.7  12.7   3.3   1.3 
1956   0.1  -2.1   5.8   9.7  17.7  24.1  24.0  22.4  19.7  13.6   2.9   1.1 
1957  -2.5   4.6   4.7   8.7  14.9  20.5  25.0  23.9  17.4  12.7   3.1   3.0 
1958  -1.6   1.9   1.2   9.2  18.3  22.9  23.5  24.2  20.1  12.2   4.6   1.0 
1959  -3.5   0.7   5.2   9.9  17.1  23.2  23.9  24.5  17.4  10.0   3.4   1.1 
1960  -4.9  -5.8   2.5  12.6  16.1  22.4  23.4  24.0  18.9  12.0   5.2  -3.6 
1961  -2.4   1.9   5.4   9.9  16.5  21.1  23.0  22.9  16.1  11.2   2.5  -3.6 
1962  -5.9   2.3   2.7  11.8  17.6  20.5  23.4  23.4  18.6  13.4   4.8   0.9 
1963  -6.5   3.4   6.1  12.9  17.9  22.5  25.6  23.4  20.6  15.6   6.0  -3.3 
1964  -0.1  -1.8   3.4   9.8  16.6  21.4  25.9  22.8  18.4  11.9   4.8   0.7 
1965   1.6  -0.2   0.1  12.2  16.4  20.2  24.2  21.7  15.9  12.2   6.7   0.7 
1966  -5.6  -2.6   7.1  11.3  17.4  22.6  26.5  22.4  19.5  11.5   5.2  -2.2 
1967   1.0   2.6   8.7  13.1  14.8  20.2  23.9  21.9  17.5  12.3   3.9  -3.1 
1968  -1.3   1.2   5.9   9.0  14.4  22.6  24.0  22.1  17.7  12.7   2.7  -2.8 
1969   1.1   2.2   0.1  12.5  16.5  19.6  25.0  24.5  19.3   8.0   4.0  -0.1 
1970  -2.0   3.6   2.1   9.2  17.6  21.4  24.9  24.6  17.7   9.1   5.0   1.3 
1971  -1.0   1.3   6.1  10.9  15.1  22.8  23.6  22.1  16.4  11.1   4.0   0.4 
1972  -1.3   2.9   8.9  12.1  16.0  22.3  23.2  22.7  18.4  12.0  -0.9  -5.6 
1973  -2.3   2.1   5.3   7.6  14.8  21.1  23.4  23.2  16.4  12.8   3.6  -0.8 
1974  -5.2   2.3   8.2  11.3  18.0  21.9  25.0  21.6  16.5  12.9   4.3  -2.5 
1975  -1.7   0.2   5.0  10.1  15.2  21.1  23.8  23.6  17.0  12.4   1.7   1.6 
1976  -1.4   4.9   5.0  11.3  15.4  21.1  24.1  22.4  17.7   9.5   2.1   0.0 
1977  -3.4   1.9   5.3  11.6  18.0  23.1  25.4  22.7  20.0  12.0   4.4   1.4 
1978  -4.4  -3.2   6.7  12.6  14.9  22.1  25.7  22.2  18.9  12.2   3.7  -3.8 
1979  -8.7   0.9   6.2  11.0  14.4  20.8  24.1  21.9  19.2  13.1   0.9   0.3 
1980  -4.0   1.6   3.5   7.8  14.3  23.0  26.2  24.1  19.4  10.4   4.0   3.3 
1981   0.6   1.9   6.2  14.2  15.7  23.9  24.8  22.1  19.2  12.5   6.2  -0.7 
1982  -1.3  -2.7   6.2  10.8  15.7  19.8  24.1  24.0  18.8  11.1   3.2  -0.3 
1983  -1.0   2.4   4.8   7.7  14.2  20.2  25.4  25.2  20.4  12.6   4.4  -7.3 
1984  -3.7   1.6   3.5   8.0  17.1  21.7  24.4  23.9  17.3  10.2   4.7   0.9 
1985  -5.8  -2.4   6.4  12.1  17.0  21.6  24.2  23.5  17.2  11.4   1.6  -2.5 
1986   3.8   3.0   8.7  12.6  16.0  21.9  24.0  22.7  17.7  10.9   4.0  -1.4 
1987  -1.2   2.8   3.7  11.6  16.6  21.9  24.8  22.5  17.2  11.5   3.7  -2.2 
1988  -6.2   0.3   5.0  10.2  16.4  23.1  24.1  23.8  18.0  12.0   5.5  -0.9 
1989   0.4  -3.8   8.0  12.3  17.7  20.1  24.2  22.6  17.7  11.9   4.8  -3.0 
1990  -0.4   0.8   5.7  11.4  15.0  23.7  22.8  22.3  20.2  12.3   6.1  -4.1 
