Number= 756116
Name= GREENCASTLE-1SE-----
Country= USA---------
Lat=   39.6
Long=   86.9
Height= 262
Start year= 1884
End year= 1990
First Good year= 1884
Source ID= 30
Source file= New
Normals source= Data
Normals source start year= 1961
Normals source end year= 1990
Normals=  -3.4  -0.8   5.4  11.6  17.3  22.2  24.2  23.2  19.4  13.0   6.6  -0.5 
Standard deviations source= Data
Standard deviations source start year= 1941
Standard deviations source end year= 1990
Standard deviations=   3.0   2.6   2.8   1.7   1.9   1.4   1.2   1.3   1.4   2.0   1.8   2.8 
Obs:
1884 -99.0 -99.0 -99.0 -99.0 -99.0 -99.0 -99.0 -99.0 -99.0  14.3 -99.0  -2.2 
1885  -6.1  -6.9   0.4  10.6  15.7  20.0  23.9  20.7  17.4  10.6   5.7   0.2 
1886  -5.6  -1.4   4.4  12.5  17.2  20.3  23.1  22.7  19.0 -99.0 -99.0 -99.0 
1887 -99.0 -99.0 -99.0 -99.0 -99.0 -99.0 -99.0 -99.0 -99.0 -99.0 -99.0 -99.0 
1888 -99.0 -99.0 -99.0 -99.0 -99.0 -99.0 -99.0 -99.0 -99.0 -99.0 -99.0 -99.0 
1889 -99.0 -99.0 -99.0 -99.0 -99.0 -99.0 -99.0 -99.0 -99.0 -99.0 -99.0 -99.0 
1890 -99.0 -99.0 -99.0 -99.0 -99.0 -99.0 -99.0 -99.0 -99.0 -99.0 -99.0 -99.0 
1891 -99.0 -99.0 -99.0 -99.0 -99.0 -99.0 -99.0 -99.0 -99.0 -99.0 -99.0 -99.0 
1892 -99.0 -99.0 -99.0 -99.0 -99.0 -99.0 -99.0 -99.0 -99.0 -99.0 -99.0 -99.0 
1893 -99.0 -99.0 -99.0 -99.0 -99.0 -99.0 -99.0 -99.0 -99.0 -99.0 -99.0 -99.0 
1894 -99.0 -99.0 -99.0 -99.0 -99.0 -99.0 -99.0 -99.0 -99.0 -99.0 -99.0 -99.0 
1895 -99.0 -99.0 -99.0 -99.0 -99.0 -99.0 -99.0 -99.0 -99.0   9.1   5.3   1.1 
1896  -1.3   0.2   1.5  14.9  20.7  21.5  23.3  22.6  17.0  10.9   6.5   2.1 
1897  -3.2   0.6   5.8  10.4  14.2  20.5  24.3  21.8  21.7  15.6   6.7  -0.2 
1898   1.0   0.5   7.7   9.9  17.1  22.1 -99.0 -99.0 -99.0 -99.0 -99.0 -99.0 
1899 -99.0 -99.0 -99.0 -99.0  17.1  22.8  24.0  24.2  19.2  15.4   8.0  -1.1 
1900  -0.8  -3.7   1.4  11.2  18.0  22.4  24.9  26.6  21.5  16.8   6.0  -0.2 
1901  -1.5  -5.1   4.1   8.8  15.1  23.5  28.3  24.7  19.6  13.7   3.8  -3.4 
1902  -2.7  -6.7   5.5   9.7  18.8  22.0  25.1  22.6  17.6  14.2   9.7  -1.8 
1903  -2.9  -1.3   7.7  10.7  18.2  19.7  24.8  22.9  19.2  12.7   3.2  -4.7 
1904  -6.2  -4.9   4.3   7.5  15.8  21.5  23.3  22.6  19.5  12.2   5.9  -2.1 
1905  -5.8  -7.1   7.2  10.4  16.9  22.9  23.3 -99.0 -99.0 -99.0   5.5   0.0 
1906   1.2  -1.3  -0.8  12.4  16.7  20.9  22.3  23.8  21.4 -99.0 -99.0 -99.0 
1907 -99.0 -99.0 -99.0 -99.0 -99.0 -99.0 -99.0 -99.0 -99.0 -99.0 -99.0 -99.0 
1908 -99.0 -99.0 -99.0 -99.0 -99.0 -99.0 -99.0 -99.0 -99.0 -99.0 -99.0 -99.0 
1909 -99.0 -99.0 -99.0 -99.0 -99.0 -99.0 -99.0 -99.0 -99.0 -99.0 -99.0 -99.0 
1910 -99.0 -99.0 -99.0 -99.0 -99.0 -99.0 -99.0 -99.0 -99.0 -99.0 -99.0 -99.0 
1911 -99.0 -99.0 -99.0 -99.0 -99.0 -99.0 -99.0 -99.0 -99.0 -99.0 -99.0 -99.0 
1912 -99.0 -99.0 -99.0 -99.0 -99.0 -99.0 -99.0 -99.0 -99.0 -99.0 -99.0 -99.0 
1913 -99.0 -99.0 -99.0 -99.0 -99.0 -99.0 -99.0 -99.0 -99.0 -99.0 -99.0 -99.0 
1914 -99.0 -99.0 -99.0 -99.0 -99.0 -99.0 -99.0 -99.0 -99.0 -99.0 -99.0 -99.0 
1915 -99.0 -99.0 -99.0 -99.0 -99.0 -99.0 -99.0 -99.0 -99.0 -99.0 -99.0 -99.0 
1916  -0.7  -2.7   2.6   9.7  17.4  19.8  27.5 -99.0 -99.0  12.1   6.6  -2.2 
1917  -1.6  -3.3   4.4   9.3  12.8  20.5  23.8  22.5  17.9   7.9   6.0  -5.7 
1918 -10.3  -0.7   7.7   8.4  18.9  22.2  22.8  26.0  14.6  14.6   6.1   4.5 
1919   1.0   0.7   5.1  10.8  15.1  25.0  27.0  23.7  21.7  15.8   5.6  -3.7 
1920  -4.8  -0.5   5.8   8.3  16.0  22.8  23.9  23.1  20.9  16.5   5.1   0.2 
1921   1.3   2.5   9.2  12.7  18.6  25.4  27.9  23.3  21.8  13.1   6.6   2.0 
1922  -3.0   0.8   5.8  11.8  18.9  23.9  23.9  23.8  21.8  14.5   7.0   0.3 
1923   1.2  -3.3   2.8   9.6  15.8  25.0  24.9 -99.0  19.2  12.0   6.6   5.5 
1924  -4.6  -0.3 -99.0  11.9  13.2  21.8 -99.0 -99.0  17.3  16.2   6.3  -2.6 
1925  -2.0   3.4   6.2  14.4  15.9  24.3  24.2  24.0  23.3   8.3   4.7  -1.3 
1926  -2.0   1.2   1.1   7.4  18.1  21.0  25.7  24.8  19.9  13.0   3.6 -99.0 
1927 -99.0   3.9   7.1  11.4  16.0  20.6  23.9  20.7  23.1  15.7   7.3  -1.1 
1928 -99.0  -0.4   4.3   9.5  15.8  19.9  24.9  24.6  17.1  15.0   6.4   1.0 
1929  -4.4  -4.2   8.5  12.7  15.0  21.8  25.1  24.1  19.6  12.0   3.9  -0.6 
1930  -5.0   4.7   4.3  12.3  17.3  22.9  26.1  25.4  20.5  11.9   6.4  -0.6 
1931   0.3   2.7   2.0  11.2  14.8  24.4  26.2  24.0  22.3  14.9  10.7   4.1 
1932   3.0   3.7   0.9  10.8  16.5  23.3  25.6  24.2  18.9  12.5   3.2   0.0 
1933   3.6  -0.9   4.0  10.6  17.8  25.9  26.5  23.5  22.5  12.0   5.3   2.4 
1934   0.6  -5.0   2.3  10.8  18.2  26.2  27.9  23.7  18.6  13.7   7.8  -1.7 
1935  -1.0   0.4   8.3   8.9  13.7  20.5  25.8  24.7  18.9  13.0   5.3  -4.3 
1936  -6.1  -6.0   6.5   8.1  17.8  23.2  28.8  27.4  21.2  12.5   3.7   1.7 
1937   0.2  -1.0   2.7  10.2  16.2  22.3  23.8  25.1  17.9  11.9   4.3  -2.0 
1938  -2.2   3.7   8.5  11.9  16.0  21.5  24.6  24.7  20.4  15.0   7.7   0.4 
1939   1.2  -0.3   6.2   9.0  17.4  23.3  24.4  23.5  22.4  14.8   5.5   1.7 
1940  -9.5  -0.4   3.0   9.3  14.5  23.5  24.5  24.7  18.3  15.2   5.4   2.4 
1941  -1.1  -2.8   2.0  13.8  18.1  22.9  24.9  24.5  21.3  15.3   7.4   3.2 
1942  -1.6  -2.4   6.5  13.1  16.6  22.7  24.9  23.2  18.4  14.0   8.1  -2.3 
1943  -1.1   0.9   2.8   9.9  16.3  24.6  25.0  24.7  17.3  13.1   4.0  -1.1 
1944   0.8   0.9   3.2  10.3  19.9  23.9  24.1  23.6  19.6  13.0   7.0  -3.3 
1945  -4.4   0.8  11.4  12.3  14.5  20.4  22.6  22.8  20.1  11.9   6.1  -3.6 
1946  -0.9   1.6  11.9  12.4  15.2  22.0  23.9  20.8  19.2  15.4   8.0   2.6 
1947   0.9  -4.7   1.0  10.8  14.8  20.7  21.6  26.5  19.5  17.2   2.9   0.4 
1948  -5.5  -0.2   5.2  13.4  16.1  23.2  24.5  23.3  19.9  11.3   7.9   1.5 
1949   1.1   2.2   5.5  11.1  18.0  24.2  27.0  23.8  16.6  15.9   6.3   2.0 
1950   3.3   0.5   3.3   8.1  17.5  21.7  23.2  22.0  18.1  15.6   3.0  -4.4 
1951  -0.4  -0.4   4.0   9.7  18.2  21.7  24.0  22.7  17.5  14.8   1.7  -0.9 
1952   0.6   2.5   5.0  12.1  16.6  25.1  25.3  22.2  19.1  10.8   7.3   1.6 
1953   1.0   2.9   6.7   9.1  18.3  25.1  24.6  24.2  20.1  15.7   7.2   0.6 
1954  -0.7   4.8   3.7  13.9  15.1  25.0  26.0  24.1  21.4  13.7   5.5   0.1 
1955  -2.2   0.4   5.7  14.9  17.6  19.5  27.1  25.7  21.7  13.6   4.1  -1.6 
1956  -1.9   1.3   5.5   9.9  17.6  23.1  23.7  23.5  18.6  16.0   6.0   3.3 
1957  -4.5   3.2   5.3  12.0  17.8  23.1  24.2  23.7  18.2  11.5   5.5   2.3 
1958  -1.3  -3.8   2.5  11.8  16.6  20.0  23.1  22.8  18.9  13.0   7.2  -4.7 
1959  -3.9   0.4   4.4  12.2  19.1  22.6  24.0  25.3  20.1  12.8   3.5   2.5 
1960  -0.2  -1.6  -2.8  13.9  15.1  20.8  22.8  23.8  21.5  12.9   6.9  -3.3 
1961  -3.8   2.5   7.0   8.1  14.0  20.8  23.6  23.0  21.4  13.9   5.8  -1.0 
1962  -3.8   0.0   3.2  10.9  21.1  22.6  23.3  23.0  17.4  14.1   6.0  -2.9 
1963  -6.9  -4.8   6.5  12.7  16.4  22.5  23.6  21.8  18.9  17.4   7.7  -6.8 
1964   0.0  -0.7   4.6  12.5  19.5  23.5  24.6  23.2  19.7  11.5   8.9  -0.4 
1965  -1.8  -1.4   1.6  12.3  20.8  22.0  22.8  22.0  19.5  12.3   6.8   2.9 
1966  -4.9  -0.5   6.5  10.1  14.9  22.2  25.7  22.7  18.0  10.6   6.8   0.0 
1967  -0.9  -2.6   6.3  12.4  14.9  22.4  22.9  21.0  17.4  12.5   3.8   1.5 
1968  -3.8  -2.7   6.3  12.4  14.9  22.9  24.8  24.4  19.5  13.6   6.6  -0.7 
1969  -3.8   0.3   2.6  12.0  17.7  21.2  25.3  23.1  18.6  12.8   4.2  -1.3 
1970  -6.6  -1.2   3.6  12.5  18.9  21.8  23.6  23.5  21.1  13.5   5.3   1.4 
1971  -4.2  -1.0   3.3  11.4  15.3  24.3  22.8  22.1  20.9  17.4   6.5   3.7 
1972  -2.4  -1.7   4.4  10.7  18.6  19.8  23.8  23.4  20.3  11.1   4.4  -1.0 
1973  -0.7   0.3   9.9  11.1  16.0  23.3  24.8  23.8  21.2  15.9   7.5  -0.5 
1974  -1.0   0.8   7.3  12.7  16.5  19.9  24.9  23.2  16.6  12.2   7.0   1.0 
1975   0.5  -0.1   3.0   9.6  19.5  22.9  23.6  24.9  17.1  14.0   8.8   0.9 
1976  -4.0   4.3   9.3  12.8  15.7  22.5  23.3  22.2  17.9  10.2   1.9  -3.5 
1977 -11.2  -1.1   9.0  14.5  21.6  21.8  25.8  23.2  21.2  11.7   6.9  -2.6 
1978  -7.7  -7.1   1.9  12.1  16.0  22.7  24.1  23.2  21.8  12.1   8.3   0.9 
1979  -8.1  -6.4   6.2  10.1  16.6  22.8  22.8  23.0  19.5  13.6   6.1   1.7 
1980  -1.3  -3.4   3.0  10.0  18.1  21.3  26.3  25.4  20.6  12.1   5.8   0.2 
1981  -3.8   0.7   5.0  14.6  15.3  23.2  24.3  22.8  18.6  12.1   7.8  -1.6 
1982  -7.0  -2.3   5.5   9.1  20.1  19.5  24.4  21.9  18.5  13.6   7.0   4.8 
1983  -0.6   2.2   6.4   9.2  15.6  22.5  26.5  26.7  20.3  14.0   7.9  -6.5 
1984  -4.4   3.3  -1.1  10.4  15.5  24.2  22.9  23.8  18.6  16.2   6.0   3.6 
1985  -5.9  -2.4   7.6  14.7  18.5  21.5  23.4  22.3  20.0  15.1   8.6  -5.0 
1986  -1.9   0.2   6.2  13.0  17.7  22.7  26.1  21.5  21.1  13.3   4.6   0.1 
1987  -2.4   2.0   7.4  11.6  20.7  23.1  24.8  24.0  20.2   9.1   8.8   2.1 
1988  -4.0  -2.0   6.2  11.4  18.6  23.4  25.2  25.5  19.6   9.1   6.7  -0.4 
1989   2.1  -2.2   5.9  11.1  14.8  21.7  23.9  22.2  17.4  13.1   5.3  -7.5 
1990   3.2   3.6   7.8  12.2  15.7  21.7  22.9  22.0  19.4  12.3  10.1   1.2 
