Number= 756151
Name= JETMORE-12NNW-------
Country= USA---------
Lat=   38.3
Long=  100.0
Height= 691
Start year= 1901
End year= 1990
First Good year= 1901
Source ID= 30
Source file= New
Normals source= Data
Normals source start year= 1961
Normals source end year= 1990
Normals=  -1.6   1.4   6.6  12.9  17.9  23.4  26.6  25.1  20.3  14.0   6.0   0.3 
Standard deviations source= Data
Standard deviations source start year= 1941
Standard deviations source end year= 1990
Standard deviations=   2.5   2.7   2.7   1.9   1.7   1.9   1.4   1.2   1.5   1.8   1.5   1.9 
Obs:
1901 -99.0  -2.5   5.1  10.5  16.9  25.0  28.2  25.5  21.2  14.5   6.8  -0.4 
1902  -2.1  -1.4   5.2  13.4  19.5  21.6  24.7  25.7  17.9  14.7   6.0  -3.0 
1903   0.1 -99.0 -99.0 -99.0  16.0  18.0 -99.0 -99.0 -99.0 -99.0 -99.0 -99.0 
1904  -2.9  -0.4   8.3 -99.0  16.6  20.9  25.3 -99.0 -99.0 -99.0 -99.0 -99.0 
1905  -5.8  -7.5   8.1 -99.0 -99.0 -99.0 -99.0 -99.0 -99.0 -99.0 -99.0 -99.0 
1906   2.5   2.1   1.3 -99.0  18.6  21.7  22.6  24.4  19.9  10.5   4.0   2.9 
1907  -0.6 -99.0  11.9   9.8  15.1  21.7  25.9  25.5  20.8  13.6   4.9  -0.2 
1908   2.2 -99.0   9.4  13.4  19.0  22.0  23.9  24.8  20.7  12.0   5.3   1.6 
1909  -2.0   2.1   5.1  11.2  16.6  22.1  25.5  26.0  20.3  12.3   8.0  -6.6 
1910  -1.6  -1.3  13.1  13.4  15.6  21.9  25.6  24.3  21.1  14.6   6.7   1.0 
1911   1.2   1.2   8.9  12.4  18.3  25.4  25.3  24.1  23.1  11.5   2.2  -3.3 
1912  -8.5  -0.7  -0.5  11.7  18.9  20.0  26.0  24.3  17.6  12.7   6.2 -99.0 
1913  -2.5  -5.0   4.9 -99.0 -99.0 -99.0 -99.0 -99.0 -99.0 -99.0 -99.0 -99.0 
1914   3.1  -1.6   6.9  12.7  17.5  24.4  25.2  24.2  21.4  13.4   7.8  -5.9 
1915  -1.4   3.3   0.2  14.3  15.1  19.6  22.4  19.8  19.3  13.3   7.4   0.4 
1916  -3.7   0.4   9.7  10.0  17.5 -99.0  26.4  25.8  19.1  13.4   5.0  -2.5 
1917  -1.0   0.2   5.9  11.4  15.0  23.1  26.7  23.0  20.2  10.0   8.4  -2.8 
1918  -6.2   2.5  10.6   9.8  20.0  25.7  25.6  27.0  17.2  15.1   4.8   0.6 
1919  -1.2  -0.2   6.7  11.2  16.4  20.7  25.9  25.0  21.9  11.3   2.9  -1.9 
1920  -0.1   1.5   7.3   9.6  17.6 -99.0  25.4  22.0  19.7  14.5 -99.0   0.7 
1921   1.2 -99.0  11.1  12.2  18.5  22.3  25.8  25.3  22.3  14.9 -99.0  -0.8 
1922 -99.0   0.2   5.7 -99.0  17.7  22.6  24.6  26.3  22.1  13.6   6.6   0.7 
1923   2.2  -1.5   4.6 -99.0  16.6 -99.0 -99.0  25.7  20.5  10.0 -99.0 -99.0 
1924  -3.4   1.3   1.6  12.9  14.5  23.4  25.1  26.2  18.2  14.5   7.1  -4.2 
1925  -3.2   4.4  10.2  15.1  17.9  25.5  26.4  24.5  21.9   8.4 -99.0   0.4 
1926   0.3   4.4   5.2   9.6  18.5  22.2  25.9  25.8  20.7  14.9   3.6  -0.7 
1927   0.1   2.7   6.6  13.0  19.1 -99.0  24.6  21.7  20.7  14.6   6.3  -3.3 
1928   1.7   1.4   7.6  10.4  17.6  18.2  25.0  24.0  19.3  13.2   5.1   1.7 
1929  -3.8  -5.2   8.3 -99.0  16.4  21.9  26.1  26.3  18.9  13.2   0.1   1.4 
1930  -7.2   7.6   4.5  14.1  16.1  23.5  27.6  26.4  20.7  11.9 -99.0   0.0 
1931   2.2   5.3   2.7  11.1  15.8  25.4  26.6  24.5  25.0  15.8   5.4   3.3 
1932  -3.9   4.1   2.6  13.7  18.5  22.3  28.3  26.2  19.5  12.3   4.3  -2.6 
1933   3.2  -1.1   8.4  11.8  18.0  26.7  28.0  24.9  22.4  13.7   7.7   4.2 
1934   2.6   1.9   6.5  13.4  21.2  26.4  31.0  28.5  18.4 -99.0   7.8   1.9 
1935   3.5   4.2  10.7  11.2  15.2 -99.0  29.8  27.7  20.7  12.3   3.7   1.7 
1936  -2.3  -4.3   9.3  12.7  19.7  25.3  29.0  28.9  21.3  11.8   5.3   3.3 
1937  -6.4   0.8   4.4  12.6  19.8  23.2  27.9  29.8  21.2  12.6   4.6  -0.1 
1938   2.1   4.1   9.7  11.4  17.5  23.4  27.9  29.1  22.4  16.6   4.8   2.4 
1939   3.1  -1.0   6.7  12.9  20.5  24.9  28.7  26.7  22.7  14.8   6.0   4.1 
1940 -10.1   1.4   7.3  12.1  17.3  22.7  28.1  24.4  20.9  16.5   4.6   2.9 
1941   0.4   0.2   4.2  12.0  19.3  21.3  25.4  25.3  20.8  12.9   5.6   3.3 
1942  -1.7  -0.7   6.6  12.8  17.2  22.9  26.3  24.3  18.7 -99.0 -99.0   0.1 
1943   0.2   4.7   3.6  14.2  15.8  24.6  27.3 -99.0  19.1  12.1   4.8  -1.8 
1944   0.1   2.5   3.5   8.6  17.6  23.8  25.4  25.4  19.8 -99.0   6.0  -0.6 
1945   0.1   1.2   9.6   9.0  16.7  19.3  25.4  26.0  20.3  13.4   6.6  -2.4 
1946   2.0 -99.0 -99.0  15.3  15.1  24.2  27.4  25.4  20.3  13.5   5.6   3.3 
1947  -0.3  -0.2   4.0   9.9  15.6  21.5  25.5  27.6  22.9  17.9   3.1   0.0 
1948  -2.0  -1.1   0.9  15.1  17.7  23.0  25.1  24.0  21.6  13.8   4.3   0.5 
1949  -5.5   0.1   5.7  11.7  17.7  23.4  26.6  24.2  19.0  13.9   8.8   0.8 
1950  -0.5   3.5   5.4  11.2  17.2  24.6  23.6  22.1  18.7  16.2   5.1   1.3 
1951  -2.2   2.7   3.8   9.9  17.2  19.9  25.0  25.1  18.2  12.2   2.6  -1.7 
1952   1.8   3.8   3.1  10.7  17.1  27.9  27.1  26.8  21.1  12.7   4.6  -1.0 
1953   4.2   4.0   8.6  10.8  17.4  28.0  26.1  24.6  21.5  15.2   6.2   0.5 
1954  -1.2   7.0   4.4  15.0  15.1  25.8  29.4  27.1  23.4  13.5   8.1   1.7 
1955   0.3  -1.5   5.5  15.4  19.1  21.0  28.1  26.3  21.6  14.9   3.7  -0.6 
1956  -1.0  -1.3   6.8  10.6  21.1  26.7  26.2  27.0  23.2  16.7   5.5   2.2 
1957  -4.2   3.6   5.7  10.7  16.4  21.7  27.5  25.6  17.7  12.4   3.4   3.3 
1958   0.7  -0.2  -0.7  10.6  19.1  23.0  24.6  25.0  21.9  14.1   6.3  -0.2 
1959  -3.5   0.0   5.9  10.9  18.6  24.1  23.8  26.4  19.2  11.9   4.2   2.4 
1960  -2.7  -4.1   1.2  14.3  16.7  22.7  25.1  25.3  21.0  14.6   5.9   0.2 
1961  -0.3   3.2   6.4  10.2  16.9  22.8  25.5  24.0  17.9  12.9   3.3  -1.8 
1962  -3.3   2.7   4.6  11.8  21.7  21.5  25.0  25.7  19.5  15.1   6.6   2.4 
1963  -5.5   4.0   9.0  14.7  20.0  24.7  28.1  26.5  22.2  18.7   7.9  -3.0 
1964   1.9   0.1   4.7  13.9  20.8  23.5  28.4  25.4  20.6  13.7   6.8  -0.2 
1965   1.1   0.1   0.8  14.1  19.4  22.4  26.4  24.3  18.5  14.2   8.8   2.0 
1966  -3.6  -0.9   7.8  10.9  18.6  24.6  28.9  23.4  19.6  13.6   5.5  -2.0 
1967   0.4   2.8   9.5  14.7  16.9  22.9  24.6  24.0  19.5  15.3   5.3   1.2 
1968  -0.2   1.1   8.8  12.6  15.5  24.5  26.1  25.7  20.2  15.4   4.9  -2.5 
1969  -0.4   1.3   0.4  13.4  18.7  21.4  27.6  25.5  21.0  11.0   6.5   0.8 
1970  -2.0   4.2   2.4  11.4  20.0  23.0  26.9  27.1  20.6  11.1   5.5   2.1 
1971 -99.0  -0.7   5.8  12.6  17.0  25.4  25.7  24.4  20.7  14.9   6.4   1.9 
1972  -1.5   2.7  10.8  13.4  17.6  23.8  25.4  24.7  21.1  13.4   3.6  -2.6 
1973  -1.4   2.6   7.9  10.4  17.1  24.4  26.5  26.9  18.7  15.6   6.4   0.8 
1974  -3.0   4.4   9.1  14.3  20.1  23.8  28.1  23.5  17.2  15.8   6.1   0.4 
1975   1.6  -0.6   5.0  12.6  18.2  22.9  25.9  27.0  19.8  15.6   5.5   3.0 
1976   0.4   6.5   7.4  13.9  15.7  23.5  26.2  26.0  20.0  10.0   3.9   1.9 
1977  -4.5   4.6   8.1  14.3  20.2  26.1  28.5  25.3  21.5  15.4 -99.0   1.9 
1978  -5.7  -5.8   6.7  13.4  16.2  23.2  28.0  25.6  22.6  14.5   5.1  -0.7 
1979  -9.1  -2.0   7.5  12.8  16.5  23.2  26.2  23.5  21.1  16.2 -99.0 -99.0 
1980 -99.0 -99.0 -99.0 -99.0  15.2  22.7  28.4 -99.0  22.0  13.7   7.3   3.4 
1981   1.5   3.4   7.8  17.2  16.3  25.0  26.1  23.8  20.4  12.6   6.8  -0.2 
1982  -2.9  -1.8   6.0  10.8  17.2  19.8  25.9 -99.0 -99.0 -99.0 -99.0 -99.0 
1983 -99.0 -99.0 -99.0 -99.0 -99.0 -99.0 -99.0 -99.0 -99.0 -99.0 -99.0 -99.0 
1984 -99.0 -99.0 -99.0 -99.0 -99.0 -99.0 -99.0 -99.0 -99.0 -99.0 -99.0 -99.0 
1985 -99.0 -99.0 -99.0 -99.0 -99.0 -99.0 -99.0 -99.0 -99.0 -99.0 -99.0 -99.0 
1986 -99.0   3.0   9.8  14.5  17.9  23.1  28.1  24.3  21.5  13.9   4.5   0.8 
1987   0.7   4.0   7.7  11.9  18.9  23.4  25.1  24.9  21.3  12.8   7.1   1.1 
1988  -3.5  -0.1   6.0  10.3  18.2  25.1  25.5  25.8  19.5  12.0   6.1   2.3 
1989   1.7  -4.0   5.8  14.1  17.3  20.1  24.8  24.5  18.3  13.9   5.8  -3.0 
1990  -0.3   1.8 -99.0  11.6  14.8  25.0  25.1  25.0  21.5  12.8   8.4  -2.8 
