Number= 756174
Name= WILLIAMSTOWN-3NW----
Country= USA---------
Lat=   38.7
Long=   84.6
Height= 286
Start year= 1902
End year= 1990
First Good year= 1902
Source ID= 30
Source file= New
Normals source= Data
Normals source start year= 1961
Normals source end year= 1990
Normals=  -1.7   0.4   6.3  11.8  17.1  21.7  23.8  23.0  19.6  13.3   7.3   1.3 
Standard deviations source= Data
Standard deviations source start year= 1941
Standard deviations source end year= 1990
Standard deviations=   3.0   2.7   2.6   1.7   1.8   1.2   1.1   1.2   1.4   1.8   1.7   2.7 
Obs:
1902 -99.0 -99.0 -99.0 -99.0 -99.0  23.7  26.5  24.2  20.6  16.9  12.0   0.3 
1903  -1.0   1.1  10.5  13.4  20.5  20.0  25.0  24.1  21.7  15.7   5.6  -3.0 
1904  -2.9  -1.4   7.3   9.5  18.7  22.4  24.3  24.0  21.6  16.2   7.5   0.0 
1905  -3.9  -4.1  10.4  13.8  19.4  22.8  24.0  23.5  21.0  15.2   7.3   1.3 
1906   2.6  -0.1   2.0  14.9  18.9  22.7  24.0  25.3  22.2  13.9   8.2   1.4 
1907   4.0  -0.2  11.2   7.1  15.6  20.6  24.5  22.7  20.8  13.0   6.4   1.7 
1908   0.2  -0.4  10.1  13.2  18.9  21.9  24.3  24.8  23.4  15.6   8.8   2.7 
1909   2.1   3.3   5.9  12.4  16.6  23.2  23.1  24.3  21.0  13.6  14.1  -1.8 
1910  -0.6  -2.1  12.9  13.5  15.7  20.8  24.2  23.6  21.5  16.1   4.2  -3.2 
1911   2.1   3.7   6.4  11.4  21.7  23.4  24.3  24.5  22.5  14.8   4.5   3.8 
1912  -5.7  -3.9   4.3  14.0  19.1  21.2  25.1  23.0  21.1  15.1   7.1   1.2 
1913   3.5  -1.2   7.0  12.4  18.2  23.8  25.8  25.1  20.3 -99.0   9.9   3.3 
1914   3.3  -2.6   6.0  12.8  19.8  24.6  25.3  23.4  20.0  16.8   9.0  -1.4 
1915  -0.6   4.4   3.4  16.7  17.3  21.8  24.4  21.7  21.7  16.7   9.6   1.0 
1916   3.8   0.2   6.1  12.2  19.4  20.7  26.5  25.5  19.7  15.9   9.0   0.4 
1917   0.4  -0.4   6.9  12.6  14.8  21.7  24.4  24.7  20.8  10.9   7.9  -3.7 
1918  -7.4   2.6  11.1  12.1  21.7  22.8  23.4  27.6  18.2  17.5   8.2   6.1 
1919   3.0   2.2   8.5  13.1  17.1  24.8  26.6  24.3  23.3  19.8   8.0  -0.4 
1920  -1.1   0.4   7.9  10.6  17.8  22.1  23.6  22.3  20.7  16.3   6.5   1.8 
1921   3.1 -99.0  12.8  13.7  18.1  24.6  26.5  23.6  23.3  13.7   8.0   2.8 
1922  -1.1   2.7   8.4  14.3  19.8  23.9  24.6  23.0  21.9  14.9   8.1   2.4 
1923   1.7  -1.5   5.4  10.9  17.0  22.7  24.7  23.5  20.3 -99.0   7.0   6.4 
1924  -2.9  -0.5   3.9  13.2  14.8  22.7  23.3  24.0  18.3  16.0   7.7   0.0 
1925  -0.7   4.8   8.1  15.4  15.7  24.7  23.7  23.7  23.9  10.1   6.1  -0.6 
1926  -1.4   2.3   2.9   9.5  18.7  21.1  24.9  24.8  21.8  14.2   5.5   0.9 
1927  -0.6   4.3   8.1  12.5  17.8  20.2  24.6  20.6  22.0  15.8   9.6   1.1 
1928  -0.8   0.7   5.6  10.2  17.2  20.2  24.6  24.6  18.4  17.1   7.3   2.3 
1929  -1.8  -2.9   9.6  14.2  16.8  21.3  24.1  21.5  20.0  12.3   4.9   2.1 
1930   0.2   6.1   4.9  14.1  19.1  22.9  27.1  24.9  21.7  11.9   6.7  -0.1 
1931   0.7   3.5   2.7  11.7  16.4  23.9  26.2  22.6  22.0  15.4  11.8   5.8 
1932   5.1   5.8   2.6  11.6  18.2  22.9  24.1  23.8  20.5  13.0   5.4   1.5 
1933   4.7   2.2   5.9  11.8  19.5  24.7  25.2  24.0  23.4  13.6   6.0   4.6 
1934   3.0  -2.4   4.9  12.9  20.7  25.9  28.2  24.3  21.2  14.8   9.3   1.2 
1935   1.0   2.9  10.6  11.4  16.9  21.2  26.4  24.9  20.7  15.5   7.3  -2.8 
1936  -3.8  -1.8   9.3  10.4  20.7  24.9  27.7  27.7  23.5  13.8   3.7   2.4 
1937   3.0   0.9   2.8  10.6  17.5  22.2  23.9  24.3  20.4  13.1   6.0   0.6 
1938   1.0   6.0  10.1  14.6  18.6  22.2  25.5  25.4  21.2  14.9   8.3   2.7 
1939   3.5   4.1   7.9  10.9  19.6  23.3  23.9  23.2  23.3  15.3   5.6   2.8 
1940  -7.5   0.2   4.7  10.6  16.1  22.3  23.9  23.9  18.4  15.4   7.4   4.9 
1941   0.7  -0.8   2.9  14.8  19.4  22.7  25.0  24.2  22.2  16.5   7.5   4.7 
1942  -0.9  -0.8   7.9  14.2  18.2  23.0  24.6  22.8  19.3  14.1   8.1   0.7 
1943   1.9   2.6   4.9  10.3  18.6  24.5  24.6  24.6  19.1  13.3   6.5   0.6 
1944   1.5   4.1   5.7  12.1  21.1  24.5  25.2  23.7  19.5  13.5   6.8  -1.0 
1945  -2.9   1.8  12.4  13.3  15.6  20.9  23.3  22.7  21.3  13.1   7.9  -1.9 
1946   1.4   2.8  12.3  13.2  16.6  21.8  23.5  21.0  20.1  15.1   9.1   4.1 
1947   3.1  -3.9   1.8  12.8  16.3  21.0  21.5  25.8  20.5  17.3   5.1   1.4 
1948  -4.6   2.0   8.0  14.3  16.7  22.7  24.3  23.7  20.4  11.5   8.5   3.1 
1949   3.8   4.1   4.3 -99.0 -99.0 -99.0  26.0  23.0 -99.0  14.8   5.5   2.6 
1950   4.1   0.6   2.5   9.3  17.6  21.0  22.2  21.3  18.2  15.5   3.5  -2.3 
1951   1.4   1.3   5.3  10.8  18.1  21.9  24.6  23.6  19.1  14.6   3.6   1.9 
1952   3.3   3.1   5.8  12.1  17.5  24.7  26.1  23.6  19.6  11.1   7.2   2.5 
1953   2.6   3.6   7.3  10.3  19.4  23.8  25.2  25.1  21.5  16.9   8.3   1.5 
1954   0.2   5.7   5.3  15.1  14.9  23.5  25.8  24.3  22.0  15.0   6.8   0.8 
1955  -0.6   0.9   6.5  14.5  18.0  19.7  25.8  25.3  21.5  13.5   5.3  -0.8 
1956  -1.5   4.1   5.8  10.0  16.9  22.0  23.5  22.9  18.0  15.6   6.3   5.4 
1957  -2.6   4.2   5.9  13.5  17.3  22.6  23.8  23.3  20.0  11.4   6.4   3.3 
1958  -1.8  -3.9   3.3  12.0  16.4  20.0  23.6  22.6  19.2  13.2   8.1  -3.5 
1959  -1.6   2.3   5.2  12.8  19.2  21.9  24.4  25.3  21.5  13.6   4.3   2.9 
1960   1.2  -0.7  -1.6  13.6  15.4  21.0  22.8  24.5  21.1  13.9   7.3  -2.5 
1961  -3.0   3.5   7.7   8.3  13.7  20.2  23.4  23.1  21.7  14.2   6.7   0.8 
1962  -2.0   1.5   4.6  10.2  20.6  22.2  23.2  23.6  17.7  14.6   6.1  -1.4 
1963  -5.0  -3.5   8.6  13.4  15.9  21.7  23.0  21.7  18.6  17.1   7.8  -5.3 
1964   0.1  -0.3   5.7  13.5  18.7  22.3  23.8  23.6  20.6  12.3   9.3   2.2 
1965  -0.2   0.0   3.1  12.2  20.2  21.6  22.7  23.3  20.3  12.4   7.7   3.3 
1966  -3.5  -0.3   6.4  10.1  15.3  21.9  25.4  22.7  18.2  11.3   7.2   1.4 
1967   2.3  -1.1   8.1  13.5  15.4  22.0  22.1  21.1  17.9  13.1   4.4   3.3 
1968  -2.7  -2.6   6.9  12.5  15.9  22.2  23.7  23.6  19.6  13.5   7.5   0.5 
1969  -1.4   1.2   3.0  12.8  18.1  22.0  24.8  23.0  18.7  13.6   5.0  -1.0 
1970  -3.7  -0.2   3.7  13.3  19.1  21.6  23.6  23.4  22.2  14.2   6.4   3.0 
1971  -2.3   0.9   3.9  11.2  15.3  23.2  22.6  21.8  20.9  16.9   6.9   6.1 
1972   0.5  -0.3   5.2  11.5  17.3  19.4  23.5  22.9  21.1  11.4   5.1   2.7 
1973   0.2   1.0  10.5  10.6  14.9  22.4  23.8  23.4  21.1  15.4   8.3   1.2 
1974   2.7   2.0   8.0  13.0  17.0  19.4  23.1  22.4  16.6  12.5   7.4   2.0 
1975   1.9   2.8   4.4   9.8  18.8  21.3  23.4  24.1  17.0  13.8   9.4   2.6 
1976  -2.1   6.2   9.9  12.5  15.4  21.4  22.8  21.3  17.6   9.9   2.8  -1.0 
1977  -9.7  -0.2   8.9  14.0  20.1  21.0  25.0  22.8  20.7  11.6   8.3  -0.2 
1978  -6.5  -6.5   3.3  12.3  15.9  22.0  23.7  22.4  21.3  11.7   8.6   2.5 
1979  -5.5  -4.1   8.1  10.8  16.5  21.3  22.3  22.4  18.7  12.6   7.6   3.2 
1980  -0.8  -3.0   3.7  10.2  17.6  21.0  25.3  25.0  21.1  12.1   6.1   1.4 
1981  -3.2   2.1   4.9  14.5  15.1  22.5  23.8  22.5  19.0  12.7   7.4  -0.4 
1982  -4.1   0.2   7.2   9.2  20.4  19.9  24.2  21.6  18.4  14.3   8.4   6.0 
1983  -0.4   2.4   6.5   9.4  14.9  21.8  25.6  26.2  20.3  13.9   7.9  -3.5 
1984  -3.7   4.8   2.3  10.9  15.4  23.3  22.4  23.1  19.0  16.5   5.6   5.8 
1985  -5.7  -1.2   8.0  14.4  17.6  20.9  23.5  22.3  19.5  15.3  10.3  -1.8 
1986   0.5   2.8   7.4  14.0  18.5  22.5  25.3  22.0  21.1  13.9   6.5   1.3 
1987  -0.4   2.9   7.2  11.8  20.5  23.0  24.8  25.0  20.7  11.1   9.6   2.7 
1988  -2.0   0.2   6.1  11.5  17.9  22.9  25.6  25.1  19.9   9.8   7.9   1.6 
1989   3.6  -0.4   7.3  11.5  15.5  21.1  24.2  22.9  19.1  13.6   7.3  -5.4 
1990   4.3 -99.0   8.6  11.6  15.8  21.7  23.3  22.7  19.9  13.2   9.7   4.3 
