Number= 756109
Name= BLOOMINGTON-IN-UNIV-
Country= USA---------
Lat=   39.2
Long=   86.5
Height= 251
Start year= 1868
End year= 1990
First Good year= 1868
Source ID= 30
Source file= New
Normals source= Data
Normals source start year= 1961
Normals source end year= 1990
Normals=  -2.2   0.1   5.9  11.8  17.4  21.9  24.2  23.0  19.5  13.4   7.2   0.4 
Standard deviations source= Data
Standard deviations source start year= 1941
Standard deviations source end year= 1990
Standard deviations=   3.0   2.6   2.7   1.7   1.9   1.3   1.1   1.3   1.4   1.9   1.9   2.8 
Obs:
1868  -4.9  -1.3   8.2   9.1  16.1  21.5  26.8  21.9  16.1  10.7   5.2  -2.5 
1869   2.1   1.8   2.1   9.7 -99.0 -99.0 -99.0 -99.0 -99.0 -99.0 -99.0 -99.0 
1870 -99.0 -99.0 -99.0 -99.0 -99.0 -99.0 -99.0 -99.0 -99.0 -99.0 -99.0 -99.0 
1871 -99.0   2.0   8.3  12.7  18.3  23.0  23.1  23.4  16.3  13.2   3.3 -99.0 
1872  -4.2  -1.4   1.0  12.6  17.3  21.7  24.1  23.0  18.1  10.4   1.0  -6.6 
1873  -5.3 -99.0 -99.0 -99.0 -99.0  23.2  23.1  22.4  16.7   8.7   2.2 -99.0 
1874   0.8   0.9   4.8   7.0  18.1  24.6 -99.0 -99.0  19.4  12.5   5.0   1.4 
1875  -6.7  -5.9   2.7   9.1  16.4  21.1  24.4  19.7  15.8   9.4   3.9   4.9 
1876   2.7   1.9   2.6  10.7  16.2  22.1  24.6  23.1  17.4   9.0   4.8  -5.8 
1877  -2.4   2.8   4.6  11.8  15.2 -99.0 -99.0 -99.0 -99.0 -99.0 -99.0 -99.0 
1878 -99.0 -99.0 -99.0 -99.0 -99.0 -99.0 -99.0 -99.0 -99.0 -99.0 -99.0 -99.0 
1879 -99.0 -99.0 -99.0 -99.0 -99.0 -99.0 -99.0 -99.0 -99.0 -99.0 -99.0 -99.0 
1880 -99.0 -99.0 -99.0 -99.0 -99.0 -99.0 -99.0 -99.0 -99.0 -99.0 -99.0 -99.0 
1881 -99.0 -99.0 -99.0 -99.0 -99.0 -99.0 -99.0 -99.0 -99.0 -99.0 -99.0 -99.0 
1882 -99.0 -99.0 -99.0 -99.0 -99.0 -99.0 -99.0 -99.0 -99.0 -99.0 -99.0 -99.0 
1883 -99.0 -99.0 -99.0 -99.0 -99.0 -99.0 -99.0 -99.0 -99.0 -99.0 -99.0 -99.0 
1884 -99.0 -99.0 -99.0 -99.0 -99.0 -99.0 -99.0 -99.0 -99.0  14.5  -0.1 -99.0 
1885  -3.4  -7.3   2.8  11.3 -99.0 -99.0 -99.0 -99.0 -99.0 -99.0 -99.0 -99.0 
1886 -99.0 -99.0 -99.0 -99.0 -99.0 -99.0 -99.0 -99.0 -99.0 -99.0 -99.0  -4.2 
1887  -4.0   2.5   4.2   9.7  21.3 -99.0 -99.0 -99.0 -99.0 -99.0 -99.0 -99.0 
1888  -4.4 -99.0 -99.0 -99.0 -99.0 -99.0 -99.0 -99.0 -99.0 -99.0 -99.0 -99.0 
1889 -99.0 -99.0 -99.0 -99.0 -99.0 -99.0 -99.0 -99.0 -99.0 -99.0 -99.0 -99.0 
1890 -99.0 -99.0 -99.0 -99.0 -99.0 -99.0 -99.0 -99.0 -99.0 -99.0 -99.0 -99.0 
1891 -99.0 -99.0 -99.0 -99.0 -99.0 -99.0 -99.0 -99.0 -99.0 -99.0 -99.0 -99.0 
1892 -99.0 -99.0 -99.0 -99.0 -99.0 -99.0 -99.0 -99.0 -99.0 -99.0 -99.0 -99.0 
1893 -99.0 -99.0 -99.0 -99.0 -99.0 -99.0 -99.0 -99.0 -99.0 -99.0 -99.0 -99.0 
1894 -99.0 -99.0 -99.0 -99.0 -99.0 -99.0 -99.0 -99.0 -99.0 -99.0 -99.0 -99.0 
1895 -99.0 -99.0 -99.0 -99.0 -99.0 -99.0 -99.0 -99.0 -99.0 -99.0 -99.0 -99.0 
1896 -99.0   2.6   3.9  16.3  21.1  22.4  24.9  23.7  17.9  10.9   7.4   2.9 
1897  -2.3   1.9   6.9  11.0  15.1  22.0  25.6  22.7  21.4  16.2   6.1   0.3 
1898   1.3   1.0   8.2  11.7  18.2  23.5  25.4  23.8 -99.0 -99.0   7.3  -2.0 
1899  -1.6  -5.5   3.3  11.7  17.6  23.0  23.8  24.2  19.3  14.8   7.8  -1.6 
1900   0.1  -3.8   2.8  10.7  17.8  21.6  23.8  26.0  21.2  16.2   6.4   1.2 
1901 -99.0  -5.1   5.4   8.0  15.2  21.4  26.3  23.2  19.6  15.2   5.1  -3.2 
1902  -2.2  -4.9   7.8   9.8  19.4  21.1  24.1  22.2  17.2  14.0  10.0  -2.1 
1903  -2.9  -0.4   8.5  10.9  18.3  18.7  24.2  22.1  18.9  13.1   3.1  -4.2 
1904  -5.4  -3.2   3.8 -99.0  16.6  20.8  22.7  22.3  19.6  12.2   4.5  -1.2 
1905  -6.1  -6.1   8.8  11.1  17.1  21.5  23.0  23.2  19.1  13.9   7.2   1.2 
1906   2.2  -1.8   1.0  12.7  17.5  21.4  23.2  24.2  21.3  13.1   7.5   2.0 
1907   2.6   0.9   9.8   6.4  14.0  20.2  24.0  22.3  18.7 -99.0 -99.0 -99.0 
1908   0.9  -1.1   7.7  11.5  18.1  21.4  24.1  23.5  21.6  13.3   7.0   1.4 
1909   0.5   2.8   4.6  10.9  15.7  22.5  22.5  23.9  17.8  10.5  11.4  -4.4 
1910  -1.7  -3.0  11.4  12.0  14.7  20.3  23.5  21.7  20.1  14.0   2.9  -3.0 
1911   0.6   2.7   5.5  10.3  20.2  22.8  23.5  23.4  21.5  12.6   2.1   2.6 
1912  -7.2  -4.5   1.6  12.2  18.1  20.0  23.6  21.7  20.0  13.1   5.5   0.6 
1913   2.0  -2.3   4.9  11.2  18.5  23.8  26.3  25.4  19.0  12.4   8.1   3.4 
1914   2.2  -4.5   3.4  11.0  18.7  24.7  25.9  23.5  18.9  14.6   6.2  -3.1 
1915  -3.7   3.6   2.6  14.4  15.8  20.7  22.7  19.7  20.0  14.1   7.3  -0.2 
1916   1.2  -1.8   3.6  10.1  18.0  19.4  26.5  24.1  18.4  12.6   6.5  -1.6 
1917  -0.7  -2.7   5.6   9.9  13.5  19.8  23.1  22.3  19.0   8.5   6.0  -5.2 
1918 -10.6  -0.2   9.1   9.4  19.7  21.8  22.3  25.2  14.7  14.6   6.4   4.5 
1919   0.9   0.7   6.6  11.7  15.4  23.7  25.0  22.3  21.0  15.6   5.3  -2.5 
1920  -4.5  -1.2   5.9   9.1  16.4  21.1  22.5  21.7  20.9  14.9   5.6   1.0 
1921   1.2   2.9  10.9  12.8  17.7  24.2  26.0  22.4  22.1  12.7   7.7   2.6 
1922  -1.8   1.5   7.2  13.3  18.9  23.1  23.4  23.3  22.2  14.3   7.3   1.6 
1923   1.5  -2.5   4.9   9.1  16.3  21.6  23.6  23.0  19.5  11.6   6.7   6.0 
1924  -3.9  -0.5   2.9  12.0  13.1  21.8  22.0  22.8  17.2  15.6   6.1  -1.4 
1925  -0.9   3.8   7.1  14.8  14.6  23.0  23.9  22.9  22.9   7.9   4.8  -1.5 
1926  -2.0   1.9   1.3   8.1  17.5  19.8  24.1  23.7  20.0  12.9   4.3  -0.6 
1927  -1.7   4.3   7.0  11.7  16.3  19.1  23.3  19.9  21.8  15.1   8.8   0.2 
1928  -1.2   0.3   4.7   8.9  16.4  18.6  23.5  23.2  16.8  14.7   6.8   1.4 
1929  -2.5  -3.1   8.6  12.3  15.5  20.4  23.6  22.0  19.0  12.3   3.4   0.7 
1930  -2.5   5.7   5.0  13.1  18.0  21.7  25.6  24.5  20.5  12.2   6.7  -0.7 
1931   0.9   3.6   2.7  11.7  15.3  23.2  25.3  22.9  22.4  15.0  11.2   5.3 
1932   4.2   5.2   2.1  11.6  17.3  22.7  24.8  22.8  19.5  13.0   4.2   0.8 
1933   4.4   1.0   5.4  11.5  18.7  25.1  25.1  22.5  23.2  12.7   5.7   3.7 
1934   1.7  -2.7   3.7  11.6  19.1  25.1  26.5  23.4  19.1  14.4   9.0  -0.2 
1935   0.6   1.9   9.6  10.1  15.2  20.0  25.7  24.0  20.0  13.8   6.3  -3.3 
1936  -4.4  -3.8   7.8   9.1  19.1  23.0  27.7  26.6  21.7  12.9   4.0   2.8 
1937   1.7   0.3   3.4  11.0  17.3  22.1  23.4  23.9  17.9  11.2   4.3  -1.4 
1938  -1.7   4.3   7.7  12.1  16.3  20.5  24.1  24.2  19.9  15.1   8.0   0.2 
1939   2.0   0.8   7.0   9.9  18.5  22.9  23.8  23.1  23.0  14.8   4.4   1.6 
1940  -9.0  -0.5   3.2   9.5  14.4  21.6  23.6  23.3  17.9  14.2   5.3   3.6 
1941   0.0  -2.0   2.6  14.0  18.8  22.5  24.6  23.7  21.0  15.1   6.7   3.5 
1942  -1.5  -1.5   6.9  13.3  17.5  22.3  24.6  23.0  19.3  14.1   7.9  -1.2 
1943  -0.1   1.8   3.3  10.3  17.4  24.4  24.7  24.9  17.8  12.5   4.6  -1.0 
1944   0.8   1.8   3.8  10.8  19.7  23.8  24.7  23.9  19.8  13.7   7.1  -2.2 
1945  -3.7   0.9  11.6  12.3  15.1  20.6  22.9  22.9  20.8  12.4   7.0  -3.1 
1946  -0.1   2.5  12.0  13.0  15.4  22.2  24.3  20.9 -99.0  15.8   9.7   3.7 
1947   1.9  -4.1   1.5  12.6  16.5  21.3  21.4  26.2  20.2  17.1   4.0   1.2 
1948  -5.0   1.0   6.4  13.4  16.0  22.1  23.8  23.1  20.0  11.8   8.4   2.8 
1949   2.1   3.2   6.0  11.1  18.1  22.9  25.8  23.0  16.7  16.1   6.8   3.5 
1950   5.0   0.8   4.3   9.5  18.3  22.0  23.0  22.4  19.4  16.9   3.1  -2.7 
1951   0.5   0.8   4.5   9.9  18.2  21.3  23.7  23.0  19.3 -99.0   2.0 -99.0 
1952   2.3   3.8   5.5  11.7  16.5  24.4  24.9  22.7  19.1  11.3   7.4   2.1 
1953   1.8   3.5   6.7   9.7  18.3  24.3  24.3  23.2  20.4  14.6   6.4   0.2 
1954  -0.2   5.1   4.4  15.8  15.1  24.2  26.1  24.0  22.1  13.9 -99.0   1.9 
1955  -1.3   1.5   6.4  15.4  18.3  19.4  26.5  25.0  21.2  13.2   4.9  -0.5 
1956 -99.0 -99.0 -99.0 -99.0 -99.0 -99.0 -99.0 -99.0 -99.0 -99.0 -99.0 -99.0 
1957 -99.0 -99.0 -99.0 -99.0  16.9  21.7  24.2  23.0  19.2  11.1 -99.0   3.6 
1958  -1.2  -3.5   2.2  11.8  16.7  20.1  23.2 -99.0  19.7  13.3   8.1  -2.7 
1959  -2.1   1.7   5.1  12.4  19.8  22.1  23.8  25.0  21.1  13.5   4.2   3.1 
1960   0.5  -1.2  -2.2  14.2  15.1  21.3  22.7  24.1  21.9  13.7   7.2  -2.3 
1961  -2.8   2.3   7.2   8.7  14.2  20.2  23.4  22.1  21.1  14.1   6.2  -0.3 
1962  -3.4   1.3   3.5  10.9  20.7  21.6  22.9  22.8  17.4  14.5   6.3  -2.0 
1963  -5.2  -3.5 -99.0 -99.0 -99.0  22.1  23.0  21.6  19.5  17.7   8.2  -5.7 
1964   1.1  -0.2   5.4  13.2  19.2  23.1  23.8  22.6  20.1  12.3 -99.0 -99.0 
1965  -1.2   0.6   1.8  13.2  20.2 -99.0 -99.0  22.2  20.3  13.3   8.1 -99.0 
1966  -3.9   0.4   6.7  10.3 -99.0 -99.0  25.6  22.3  18.4  12.0   7.5   1.3 
1967   1.4  -1.1   7.8  12.6  14.6  22.3 -99.0  20.6  18.3  13.8   4.4   2.8 
1968  -1.8  -2.3   6.7  12.4  15.5  22.4  23.7  23.6  19.5  13.6   7.0  -0.2 
1969  -2.4   0.8   2.7  12.6  17.6  20.9  24.2 -99.0  18.2  13.1   4.7  -0.5 
1970  -5.1  -0.9   3.8  12.9  19.0  21.3  23.7  23.3  22.3  14.1   6.2   2.5 
1971  -2.8  -0.1   3.3  11.5  15.3  23.6  22.7  21.7  21.0  18.1   7.5   5.2 
1972  -1.4  -0.5   5.1  11.2  18.5  19.6  23.4  23.0  20.4  11.8   5.2   0.6 
1973   0.5   0.6  10.2  11.0  15.5  22.8  24.5  23.5  21.3  16.0   8.3   0.9 
1974   0.9   0.9   7.2  12.6  16.7  19.8  24.7  23.2  16.7  12.5   7.5   1.9 
1975   1.6   1.3   3.6  10.2  19.4  22.1  23.9  24.8  17.4  14.2   9.5   2.1 
1976  -2.3   5.2   9.3  13.2  15.3  22.0  23.7  21.9  18.0  10.3   2.8  -2.5 
1977 -10.6  -0.5   9.1  14.8  21.3  20.7  25.7  23.3  20.7  12.1   7.6  -1.5 
1978  -6.6  -6.5   2.2  12.6  15.4  22.2  24.1  22.6  20.5  12.1   9.3   1.5 
1979  -6.5  -5.2   7.1  11.0  16.1  22.3  22.8  22.5  18.6  13.4   7.0   2.8 
1980  -0.3  -3.1   3.2  10.5  17.5  20.9  25.9  25.4  20.1  12.0   6.0   1.0 
1981  -2.7   1.3   5.3  14.6  15.2  22.7  24.3  22.9  18.5  12.1   7.7  -1.6 
1982  -5.5  -1.0   6.1   9.3  20.4  19.6  24.7  21.7  18.1  13.6   7.7   5.8 
1983   0.3   3.2   6.7   8.8  15.6  22.4  26.7  26.4  20.3  14.0   8.7  -5.4 
1984  -3.8   4.5   1.8  11.1  16.0  24.3  22.7  23.8  18.5  16.5   6.2   5.3 
1985  -5.0  -1.7   8.7  15.0  18.3  21.1  24.1  22.6  19.9  15.5   9.4  -3.0 
1986  -0.2   2.1   6.9 -99.0  18.4  22.8  25.7  21.5  20.9  14.0 -99.0   0.7 
1987  -1.0   3.3   8.3  11.6  20.6  23.3  24.9  23.7  20.6   9.5   9.4   3.0 
1988  -3.3  -1.2   5.7  11.7  18.6  23.5  25.6  25.9  19.4   9.7   6.9   0.9 
1989   3.3  -1.2   6.4  11.3  15.2  21.8  24.1  22.9  18.0  13.9   5.9  -6.2 
1990   4.2   4.7   8.1  11.2  15.6  21.8  23.7  22.4  20.1  12.4  10.0   2.6 
