Number= 756120
Name= LAPORTE-------------
Country= USA---------
Lat=   41.6
Long=   86.7
Height= 246
Start year= 1851
End year= 1990
First Good year= 1851
Source ID= 30
Source file= New
Normals source= Data
Normals source start year= 1961
Normals source end year= 1990
Normals=  -5.6  -3.5   2.9   9.1  15.3  20.5  22.7  21.6  17.9  11.4   4.6  -2.4 
Standard deviations source= Data
Standard deviations source start year= 1941
Standard deviations source end year= 1990
Standard deviations=   2.9   2.4   2.6   1.7   2.2   1.5   1.1   1.5   1.3   1.8   1.9   2.9 
Obs:
1851  -3.9  -2.2   2.2   4.4  10.0  15.6  17.8  18.3  12.2   7.2   1.1  -6.7 
1852 -99.0 -99.0 -99.0 -99.0 -99.0 -99.0 -99.0 -99.0 -99.0 -99.0 -99.0 -99.0 
1853 -99.0 -99.0 -99.0 -99.0 -99.0 -99.0 -99.0 -99.0 -99.0 -99.0 -99.0 -99.0 
1854 -99.0 -99.0 -99.0 -99.0 -99.0 -99.0 -99.0 -99.0 -99.0 -99.0 -99.0 -99.0 
1855 -99.0 -99.0 -99.0 -99.0 -99.0 -99.0 -99.0 -99.0 -99.0 -99.0 -99.0 -99.0 
1856 -99.0 -99.0 -99.0 -99.0 -99.0 -99.0 -99.0 -99.0 -99.0 -99.0 -99.0 -99.0 
1857 -99.0 -99.0 -99.0 -99.0 -99.0 -99.0 -99.0 -99.0 -99.0 -99.0 -99.0 -99.0 
1858 -99.0 -99.0 -99.0 -99.0 -99.0 -99.0 -99.0 -99.0 -99.0 -99.0 -99.0 -99.0 
1859 -99.0 -99.0 -99.0 -99.0 -99.0 -99.0 -99.0 -99.0 -99.0 -99.0 -99.0 -99.0 
1860 -99.0 -99.0 -99.0 -99.0 -99.0 -99.0 -99.0 -99.0 -99.0 -99.0 -99.0 -99.0 
1861 -99.0 -99.0 -99.0 -99.0 -99.0 -99.0 -99.0 -99.0 -99.0 -99.0 -99.0 -99.0 
1862 -99.0 -99.0 -99.0 -99.0 -99.0 -99.0 -99.0 -99.0 -99.0 -99.0 -99.0 -99.0 
1863 -99.0 -99.0 -99.0 -99.0 -99.0 -99.0 -99.0 -99.0 -99.0 -99.0 -99.0 -99.0 
1864 -99.0 -99.0 -99.0 -99.0 -99.0 -99.0 -99.0 -99.0 -99.0 -99.0 -99.0 -99.0 
1865 -99.0 -99.0 -99.0 -99.0 -99.0 -99.0 -99.0 -99.0 -99.0 -99.0 -99.0 -99.0 
1866 -99.0 -99.0 -99.0 -99.0 -99.0 -99.0 -99.0 -99.0 -99.0 -99.0 -99.0 -99.0 
1867 -99.0 -99.0 -99.0 -99.0 -99.0 -99.0 -99.0 -99.0 -99.0 -99.0 -99.0 -99.0 
1868 -99.0 -99.0 -99.0 -99.0 -99.0 -99.0 -99.0 -99.0 -99.0 -99.0 -99.0 -99.0 
1869 -99.0 -99.0 -99.0 -99.0 -99.0  18.1  22.2  22.3  17.7   6.3   0.9  -2.4 
1870  -3.8  -3.1   1.2  10.6  19.1  21.7  24.7  22.3  19.6  12.0   5.4  -2.8 
1871  -1.9  -0.8   5.8  12.3  17.3  20.8 -99.0 -99.0 -99.0 -99.0 -99.0 -99.0 
1872 -99.0 -99.0 -99.0 -99.0 -99.0 -99.0 -99.0 -99.0 -99.0 -99.0 -99.0 -99.0 
1873 -99.0 -99.0 -99.0 -99.0 -99.0 -99.0 -99.0 -99.0 -99.0 -99.0 -99.0 -99.0 
1874 -99.0 -99.0 -99.0 -99.0 -99.0 -99.0 -99.0 -99.0 -99.0 -99.0 -99.0 -99.0 
1875 -99.0 -99.0 -99.0 -99.0 -99.0 -99.0 -99.0 -99.0 -99.0 -99.0 -99.0 -99.0 
1876 -99.0 -99.0 -99.0 -99.0 -99.0 -99.0 -99.0 -99.0 -99.0 -99.0 -99.0 -99.0 
1877 -99.0 -99.0 -99.0 -99.0 -99.0 -99.0 -99.0 -99.0 -99.0 -99.0 -99.0 -99.0 
1878 -99.0 -99.0 -99.0 -99.0 -99.0 -99.0 -99.0 -99.0 -99.0 -99.0 -99.0 -99.0 
1879 -99.0 -99.0 -99.0 -99.0 -99.0 -99.0 -99.0 -99.0 -99.0 -99.0 -99.0 -99.0 
1880 -99.0 -99.0 -99.0 -99.0 -99.0 -99.0 -99.0 -99.0 -99.0 -99.0 -99.0 -99.0 
1881 -99.0 -99.0 -99.0 -99.0 -99.0 -99.0 -99.0 -99.0 -99.0 -99.0 -99.0 -99.0 
1882 -99.0 -99.0 -99.0 -99.0 -99.0 -99.0 -99.0 -99.0 -99.0 -99.0 -99.0 -99.0 
1883 -99.0 -99.0 -99.0 -99.0 -99.0 -99.0 -99.0 -99.0 -99.0 -99.0 -99.0 -99.0 
1884 -99.0 -99.0 -99.0 -99.0 -99.0 -99.0 -99.0 -99.0 -99.0 -99.0 -99.0 -99.0 
1885 -99.0 -99.0 -99.0 -99.0 -99.0 -99.0 -99.0 -99.0 -99.0 -99.0 -99.0 -99.0 
1886 -99.0 -99.0 -99.0 -99.0 -99.0 -99.0 -99.0 -99.0 -99.0 -99.0 -99.0 -99.0 
1887 -99.0 -99.0 -99.0 -99.0 -99.0 -99.0 -99.0 -99.0 -99.0 -99.0 -99.0 -99.0 
1888 -99.0 -99.0 -99.0 -99.0 -99.0 -99.0 -99.0 -99.0 -99.0 -99.0 -99.0 -99.0 
1889 -99.0 -99.0 -99.0 -99.0 -99.0 -99.0 -99.0 -99.0 -99.0 -99.0 -99.0 -99.0 
1890 -99.0 -99.0 -99.0 -99.0 -99.0 -99.0 -99.0 -99.0 -99.0 -99.0 -99.0 -99.0 
1891 -99.0 -99.0 -99.0 -99.0 -99.0 -99.0 -99.0 -99.0 -99.0 -99.0 -99.0 -99.0 
1892 -99.0 -99.0 -99.0 -99.0 -99.0 -99.0 -99.0 -99.0 -99.0 -99.0 -99.0 -99.0 
1893 -99.0 -99.0 -99.0 -99.0 -99.0 -99.0 -99.0 -99.0 -99.0 -99.0 -99.0 -99.0 
1894 -99.0 -99.0 -99.0 -99.0 -99.0 -99.0 -99.0 -99.0 -99.0 -99.0 -99.0 -99.0 
1895 -99.0 -99.0 -99.0 -99.0 -99.0 -99.0 -99.0 -99.0 -99.0 -99.0 -99.0 -99.0 
1896 -99.0 -99.0 -99.0 -99.0 -99.0 -99.0 -99.0 -99.0 -99.0 -99.0 -99.0 -99.0 
1897 -99.0 -99.0 -99.0   5.8  11.4  18.0  23.1 -99.0  18.2  12.3   2.0  -4.8 
1898  -2.7  -2.7   4.9   7.8  15.2  22.1  25.5  22.5  19.1 -99.0   1.9  -4.2 
1899  -4.6  -7.9 -99.0 -99.0  17.3  22.9  23.8  24.3  17.8  14.1   6.6  -1.8 
1900  -0.8  -4.8  -0.6  11.0  17.5  21.0  23.4  25.7 -99.0  15.9   4.8  -0.9 
1901  -3.1  -7.6   1.9   8.7  14.7  22.3  26.9  22.7  18.4  12.9   3.8  -3.8 
1902  -2.9  -5.6   5.1   9.6  17.5  19.3  23.9  20.5  15.9  12.4   8.9  -3.0 
1903  -4.0  -3.2   3.6   7.0  14.6  17.4  22.0  19.8  16.9  10.9   3.0  -6.2 
1904  -8.9  -7.2   2.9   6.2  15.8  20.0  21.3  19.7  16.9  10.1   4.5  -3.9 
1905  -6.9  -8.0   3.8   8.1  14.0  19.3  21.2  21.3  17.6   9.5   2.7 -99.0 
1906  -0.5  -4.0  -1.6   9.3  15.0  19.2  21.2  23.0  19.2   8.9   3.1  -1.4 
1907  -3.0  -4.4   5.7   3.5  10.6  17.9  21.5  19.8  16.5   8.6   2.8  -1.0 
1908  -3.4  -4.9   3.6 -99.0 -99.0  20.0  23.2  21.8  20.0  13.1   4.7  -1.5 
1909  -3.2  -1.7   1.0   7.6  11.6  20.1  22.3  23.7  16.4   8.1   7.6  -5.5 
1910  -5.8  -6.0   7.4   9.1  12.1 -99.0  23.4  20.9  16.5  12.2   1.4  -4.5 
1911  -2.8  -1.5   2.3   7.5  17.9  21.1  23.2 -99.0  17.3   9.9  -1.3  -0.6 
1912 -11.7  -8.0  -3.5   8.7  15.7  18.7  21.4  19.7  19.1  11.0   4.0  -0.2 
1913  -3.0  -5.9   0.9   8.9  14.3  20.4  22.3  21.8  17.4  10.1   6.1   0.8 
1914  -1.1  -8.6   1.3   8.3  15.9  20.5  22.4  21.4  17.3  13.9   4.8  -4.9 
1915  -5.8   0.7   0.4  12.7  12.6  17.9  21.3  18.8  18.6  12.0   5.4  -3.0 
1916  -2.1  -4.8  -0.1   8.6  15.4  17.6  26.1  23.7  16.8  10.7   4.6  -4.7 
1917  -5.3  -7.2   2.5   7.4  11.4  18.0 -99.0 -99.0  14.6   5.5   4.0  -6.6 
1918 -13.5  -4.0   5.0   5.8  16.2  18.4  19.9  23.2  11.9  11.2   3.9 -99.0 
1919  -2.3  -1.4   3.1   7.7  12.1 -99.0  23.4  19.8 -99.0  12.3   3.0  -6.8 
1920  -9.6  -5.5   2.6   3.7  11.7 -99.0 -99.0  20.6  18.6  13.2   2.7  -1.5 
1921 -99.0  -0.7   6.7  11.0  16.1  23.5  25.6  20.5  19.5  11.4   3.3  -0.8 
1922  -6.3  -2.7   3.3   9.4  17.9  20.1  21.9  22.5  18.9  12.3   5.0  -2.8 
1923  -2.5  -7.2  -0.3   7.6  13.7  21.8  22.6  21.8  17.9   9.7   5.2   2.7 
1924  -7.8  -2.7   1.2   9.2  11.8  19.3  21.6  21.7  15.0  13.8   4.9  -5.8 
1925  -5.9   0.0   3.4  12.3  13.0  22.3  22.6  22.4  20.7   7.0   2.9  -4.2 
1926  -3.7  -0.7  -1.0   5.7  16.2  18.3  22.8  23.3  18.2  10.2   2.7  -3.7 
1927  -4.5   1.3   4.8   8.7  13.6  17.5  21.1  18.0  20.0  13.1   5.8  -2.9 
1928  -4.4  -2.3   1.6   6.3  14.1  16.4  21.7  21.3  14.6  11.8   4.2  -0.8 
1929  -7.9  -7.2   5.2   9.8  12.8  17.8  22.6  19.9  16.7   9.0  -0.2  -3.9 
1930  -8.0   1.6   1.2   8.4  16.2  20.4  22.7  21.3  17.7   8.6   4.3  -2.8 
1931  -0.9   0.5   0.5   9.0  13.7  22.0  24.0  22.0  20.5  11.6   8.1   2.4 
1932   0.7   0.2  -2.5   7.5  15.5  21.0  23.0  22.0  16.9  10.8   1.2  -2.8 
1933   0.6  -4.2   1.3   8.6  16.0  24.1  23.2  20.6  20.5   9.6   2.0  -1.7 
1934  -1.0  -7.5  -1.0   8.6  18.4  23.4  25.9  22.0  17.2  11.3   5.8  -4.2 
1935  -4.7  -3.0   5.3   7.0  11.3  18.5  24.4  21.9  17.2  10.7   2.8  -5.4 
1936  -8.7  -9.9   3.7   6.0  16.5  19.1  26.0  23.9  18.8  10.3   1.1  -0.5 
1937  -3.0  -3.5  -0.4   8.0  15.0  18.9  22.2  22.7  16.2   8.9   1.3  -3.9 
1938  -4.6   0.0   6.3   9.3  14.6  18.5  22.2  22.5  17.4  12.7   4.7  -1.8 
1939  -1.9  -3.1   2.7   6.5  16.1  21.3  22.7  21.3  18.8  10.9   2.8   0.2 
1940 -10.9  -2.6  -1.0   6.8  12.6  19.3  22.7  21.7  16.3  12.1   1.8  -0.8 
1941  -3.9  -5.0  -0.8  12.0  16.1  20.3  22.7  22.3  19.0  11.9   4.3   1.6 
1942  -5.4  -5.1   3.7  10.9  15.7  20.4  22.9  20.6  16.0  10.7   4.3  -5.4 
1943  -6.4  -2.7   0.5   6.8  14.0  22.5  23.3  21.8  14.9  10.0   1.2  -3.7 
1944  -0.9  -2.0  -0.8   7.4  17.8  22.5  23.2  22.6  17.6  10.5   5.0  -5.8 
1945  -8.3  -2.7   8.7   8.2  11.4  17.5  21.4  20.9  16.8   9.0   3.9  -6.7 
1946  -3.8  -2.1   8.8   9.7  12.7  19.8  23.2  18.9  17.3  13.1   5.0  -0.2 
1947  -3.0  -7.8  -1.5   7.3  11.1  17.9  20.6  27.0  17.6  15.5  -0.3  -2.7 
1948  -9.0  -4.6   1.6  10.8  12.0  19.1  22.8  22.1  18.3   9.0   5.2  -1.6 
1949  -2.2  -2.7   2.5   8.0  15.1  21.4  24.4  21.8  13.5  12.4   3.0  -1.0 
1950  -0.9  -4.3  -0.4   4.6  15.0  19.4 -99.0  19.2  16.3  12.9   0.2  -7.5 
1951  -5.1  -3.7   1.6   7.1  16.0  18.4  21.4  19.3  15.1  11.4  -1.5  -3.8 
1952  -3.3  -0.6   1.1   9.7  14.4  22.5  23.6  21.3  17.6   7.5   4.4  -0.4 
1953  -1.8  -0.7   3.3   6.8  15.7  21.6  23.6  22.6  18.5  13.0   5.0  -0.6 
1954  -3.6   2.0   0.9  10.7  12.1  22.2  22.9  21.0  19.0  10.8   3.6  -1.6 
1955  -4.7  -3.0   2.4  12.5  16.5  18.9  25.7  24.1  17.6  11.7   1.6  -3.7 
1956  -3.0  -2.6   1.8   8.3  15.0  22.3  21.8  21.9  17.5  14.6   3.9   0.7 
1957  -7.5  -0.1   2.6   8.8  14.9  20.4  23.2  21.4  16.6   9.9   4.1   1.0 
1958  -3.5  -6.4   1.5   9.6  15.1  17.0  21.6  21.6  17.7  12.3   5.3  -6.4 
1959  -7.3  -3.7   2.2   8.7  17.7  21.3  22.2  24.3  19.3  10.4   0.3   1.4 
1960  -3.1  -4.1  -4.3  10.3  13.5  18.5  21.6  21.8  20.2  11.4   5.3  -4.7 
1961  -5.8  -0.6   4.1   5.8  12.6  19.9  22.1  21.5  19.9  12.3   3.8  -3.8 
1962  -7.8  -4.6   0.7   8.6  18.4  20.6  20.9  22.0  16.7  12.5   4.2  -5.3 
1963 -11.2  -8.1   4.4  10.2  13.6  21.0  22.2  19.7  17.1  15.6   6.4  -7.4 
1964  -2.3  -3.2   2.0   9.9  17.8  21.4  22.5  20.5  17.7  10.0   5.6  -3.2 
1965  -4.4  -3.6  -1.6   8.3  18.3  20.1  21.7  20.5  17.7  11.6   4.7   1.5 
1966  -7.4  -2.6   3.5   7.7  11.6  20.9  24.0  20.6  16.7  10.1   4.6  -2.5 
1967  -2.4  -6.3   2.4   9.1  12.2  21.4  20.9  19.7  16.8  10.8   2.0  -0.7 
1968  -5.5  -4.7   4.8  10.2  13.5  21.1  22.6  22.7  18.2  11.9   4.9  -2.5 
1969  -5.9  -2.2   1.0  10.0  15.2  18.2  22.8  22.6  18.1  10.9   3.0 -99.0 
1970  -7.6  -2.8 -99.0   9.5  17.0  20.2  23.0  21.7  18.7  12.2   3.5  -1.3 
1971  -7.5  -3.4   0.6   8.1  13.7  22.7  21.1  20.4  19.6  15.1   4.4   1.3 
1972  -5.4  -3.8   1.4   7.5  16.0  18.1  21.9  21.2  17.6   9.2   2.3  -3.0 
1973  -2.7  -2.3   7.0   9.0  12.9  21.3 -99.0  22.2  18.8  14.1   5.2  -2.7 
1974  -3.9  -3.6   3.2  10.4  13.7  18.7  24.1  21.5  16.1  10.8   4.6  -0.8 
1975  -2.3  -2.8   1.2   6.6  17.2  21.2  22.8  22.7  15.8  12.8   7.6  -0.6 
1976  -6.7   1.4   6.2  11.1  13.6  21.1  22.9  20.4  16.8   8.8   0.4  -6.0 
1977 -12.0  -3.7   6.6  12.7  20.7  19.3  24.3  20.8  18.5  10.1   5.3  -4.0 
1978  -8.6  -8.1  -0.4   8.8  15.2  20.7  21.8  21.9  20.4  10.9   5.4  -2.4 
1979  -9.1  -9.1   3.4   7.5  14.7  20.4  21.8  21.0  18.0  10.9   4.2   0.6 
1980  -3.9  -5.0   0.4   8.2  16.3  19.1  23.8  22.6  18.0   8.7   4.1  -2.2 
1981  -5.6  -2.3   3.0  10.3  13.3  21.0  21.9  21.6  17.1  10.3   5.4  -2.8 
1982  -9.7  -5.6   1.3   7.1  19.1  17.5  23.1  20.8  17.5  12.7   5.6   3.2 
1983  -2.5  -0.2   3.9   7.0  12.9  21.8  25.3  24.9  18.8  12.5   6.3  -8.3 
1984  -7.7   1.4  -1.3   8.4  13.5  22.1  21.9  23.4  16.9  13.1   4.6   0.9 
1985  -7.4  -5.0   4.6  12.4  17.3  19.3  22.7  20.8  18.6  12.6   4.9  -7.0 
1986  -3.4  -4.0   4.8  11.2  15.5  20.2  23.9  19.9  19.2  11.9   2.3  -0.8 
1987  -3.8   0.2   4.8  10.2  18.3  22.7  24.2  22.0  18.4   8.3   6.5   0.3 
1988  -6.1  -4.9   3.3   9.1  17.0  22.2  24.4  24.4  18.5   8.1   5.4  -2.1 
1989   0.6  -5.6   2.5   8.6  14.1  20.2  23.1  21.8  16.6  11.8   3.4  -7.9 
1990   1.2  -0.2   4.9   9.4  13.7  20.5  21.4  21.3  18.5  11.2   7.4  -0.9 
