Number= 756119
Name= HUNTINGTON----------
Country= USA---------
Lat=   40.9
Long=   85.5
Height= 220
Start year= 1893
End year= 1990
First Good year= 1893
Source ID= 30
Source file= New
Normals source= Data
Normals source start year= 1961
Normals source end year= 1990
Normals=  -4.9  -3.1   3.1   9.3  15.4  20.7  22.8  21.6  17.6  10.9   4.5  -1.8 
Standard deviations source= Data
Standard deviations source start year= 1941
Standard deviations source end year= 1990
Standard deviations=   2.8   2.6   2.6   1.7   1.9   1.3   1.1   1.3   1.4   1.9   1.7   2.8 
Obs:
1893 -99.0 -99.0 -99.0 -99.0 -99.0 -99.0 -99.0 -99.0 -99.0 -99.0   3.2  -1.1 
1894   0.0  -3.9   7.1  10.7  14.8  22.3  23.7  21.0  17.8  10.4   0.9   0.2 
1895  -7.6  -8.6   0.2  10.5  16.5  22.0  22.0  22.7  19.4   6.3   2.2  -0.8 
1896  -3.9  -2.9  -1.1  13.0  19.5  20.4  22.7  21.8  15.2   8.0   3.3  -0.4 
1897  -6.2  -2.4   2.9   7.9  13.4  20.0  24.6  20.0  18.5  12.9   2.9  -2.6 
1898  -1.5  -2.4   5.0   8.2  15.4  21.4  24.2  22.4  19.0  10.0   0.7  -2.8 
1899  -4.1  -6.8  -0.3  11.4  16.7  22.1  23.1  24.8  17.3  13.3   4.5  -2.9 
1900  -1.9  -5.3  -1.0   9.7  17.4  20.2  23.3  25.5  18.8  14.0   2.7  -1.6 
1901  -3.2  -8.4   1.5   8.2  14.8  22.6  26.7 -99.0 -99.0  10.3   2.0  -4.5 
1902  -4.0  -7.5   4.6   8.8  16.8  19.0  23.1  20.0  15.5  11.3   7.1  -4.0 
1903  -5.7  -4.3   5.8   9.1  17.0  18.0  22.1  20.8  17.1   9.6   1.4  -7.2 
1904  -9.7  -7.9   2.1   5.6  15.2  19.3  21.6  19.4  17.0   9.0   4.2  -3.8 
1905  -6.6  -8.3   6.3   9.7  16.1  20.4  21.8  22.4  18.1  10.1   2.8  -0.6 
1906  -0.2  -3.4  -2.0  10.1  16.8  20.5  21.5  23.4  19.3   9.8   3.0  -1.0 
1907  -1.4  -3.7   6.6   4.7  11.8  18.9  22.7  20.7  16.7   8.1   2.0  -0.6 
1908  -1.9  -4.2   4.7   9.6  16.1  20.5  23.1  22.0  19.6  10.5   3.9  -0.7 
1909  -1.6   0.1   2.1   8.0  13.9  20.8  21.6  22.5  15.3   7.4   7.7  -6.0 
1910  -3.1  -3.7   8.5  10.2  12.6  19.3  23.7  21.3  16.9  11.8   0.4  -4.3 
1911  -1.3  -0.3   2.3   8.1  18.8  21.5  23.1  21.5  18.4  10.0   0.9   1.1 
1912  -9.9  -5.8  -2.1   9.9  16.8  19.4  23.0  20.9  17.9  10.5   3.7   0.2 
1913  -0.7  -5.2   2.1   8.9  15.1  21.0  23.8  22.5  16.4  10.3   5.9   1.1 
1914  -0.3  -8.1   1.1   8.5  16.8  21.6  23.9  22.5  16.8  12.0   4.1  -4.8 
1915  -5.2   0.9   0.5  12.3  13.0  18.3  21.5  18.6  18.1  11.5   4.4  -3.5 
1916  -1.8  -5.6  -0.7   8.1  15.8  17.9  25.8  23.5  16.4  11.5   5.1  -1.5 
1917  -4.6  -7.5   2.8   8.2  11.4  18.4  22.0  21.3  15.5   5.8   3.0  -6.1 
1918 -12.6  -2.4   6.5   8.1  18.7  20.4  21.6  24.5  13.2  11.5   4.3   3.0 
1919  -0.5  -0.9   3.8   9.0  13.5  23.1  24.3  21.6  20.1  13.5   3.2  -5.7 
1920  -8.1  -4.0   4.1   7.3  14.1  21.0  20.7  20.4  18.8  13.6   2.9   0.2 
1921  -1.2   0.6   8.5  11.9 -99.0  24.0 -99.0  22.3  20.1   9.6   3.2 -99.0 
1922  -6.1  -1.2   3.3   9.5  17.9  21.5  22.6  21.6  20.4 -99.0 -99.0  -1.0 
1923  -0.6  -4.4  -0.4   7.2  13.5  21.5  23.0  21.1  17.8   8.9   3.5   3.0 
1924  -6.1 -99.0 -99.0   8.6  11.1  19.0  22.2  22.6 -99.0 -99.0 -99.0 -99.0 
1925  -5.3   1.1   4.0  11.6  12.9  22.5  22.2  21.6  21.5   6.8   2.9  -3.5 
1926  -3.1  -1.0  -1.1   5.8  15.6  17.8  22.6  23.2  18.2  11.4   3.5  -3.2 
1927  -4.4   1.4   4.6   8.8 -99.0  17.5  22.5  17.8  19.8  13.0   6.6  -2.3 
1928  -3.5  -2.2   2.0   6.6  14.6  17.3  22.1 -99.0  17.3  12.9   5.1 -99.0 
1929  -6.3 -99.0   7.1  10.6  13.7  18.6  22.8  20.3  16.9   9.1   1.5  -2.7 
1930  -5.9   2.7   1.6   9.4  15.7  19.8  23.6  21.4  17.9   9.4   4.2  -1.9 
1931  -1.1   1.1   0.4   9.0  13.6  21.8  24.8  22.3  20.4  12.8   8.2   2.8 
1932   1.8   1.6  -1.6   8.3  14.9  21.0  22.7  22.0  16.6  10.4   1.0  -2.0 
1933   1.7  -2.1   1.8   8.9  16.6  24.3  24.2  21.6  20.2   9.8   2.7  -0.4 
1934  -0.4  -7.2  -0.1   8.3  17.5  24.2  26.1  21.6  17.4  10.9   5.7  -3.7 
1935  -3.0  -2.2   5.7   6.8  11.6  18.6  24.3  22.0  16.6   9.7   3.2  -4.9 
1936  -7.0  -8.1   4.3   6.7  16.9  19.9  25.8  24.1  18.9  10.5   1.6   0.3 
1937  -1.7  -2.6   0.1   8.2  14.8  19.6  22.5  23.0  16.1   8.9   1.7  -3.7 
1938  -3.4   1.2   6.3   9.7  15.1  19.6  22.7  22.8  17.4  12.0   5.2  -1.3 
1939  -1.1  -2.4   3.1   6.5  16.8  21.9  22.7  21.5  19.9  11.2   3.0   0.2 
1940 -10.4  -2.5  -0.5   6.6  13.0  21.0  22.8  22.4  16.2  12.2   2.0   1.2 
1941  -3.0  -4.3  -0.5  11.5  16.2  20.5  23.8  21.8  19.9  12.0   4.5   1.5 
1942  -3.7  -5.0   3.4  11.2  15.4  20.5  22.7  20.8  15.8  11.1   4.9  -4.2 
1943  -3.9  -1.6   1.1   7.0  14.8  23.0  23.1  21.6  15.0   9.9   2.2  -3.0 
1944  -1.0  -1.1   0.6   7.3  18.2  22.9  23.3  23.0  17.9  10.2   4.4  -4.9 
1945  -7.3  -1.9   9.0  10.2  11.9  19.0  21.7  21.0  18.2   9.6   4.6  -5.1 
1946  -2.5  -1.2   8.9   9.5  13.8  19.8  22.7  19.7  18.0  13.5   6.1   0.8 
1947  -1.6  -6.6  -1.0   8.2  13.1  18.8  20.6  25.5  17.8  14.5   1.2  -1.8 
1948  -7.6  -3.0   2.8  11.1  14.5  20.1  22.7  21.4  18.6   8.9   6.2  -0.7 
1949  -0.7  -0.4   3.4   8.1  16.0  22.0  24.2  22.1  14.1  13.2 -99.0  -0.7 
1950 -99.0 -99.0   0.1   5.6  16.0  19.6  20.9  20.3  16.3  13.3   0.7  -6.2 
1951  -2.4  -2.7   2.0   7.7  15.6  19.5  22.0  20.7  15.9  12.3   0.0  -2.2 
1952  -1.2  -0.1   1.8   9.3  14.0  22.9  24.1  21.2  16.5   7.7   4.2   0.1 
1953  -1.0   0.3   3.6   6.7  16.3  22.4  23.3  22.4  17.6  12.7   5.1  -0.3 
1954  -2.3   2.0   1.1  12.0  12.8  22.3  23.3  21.5  18.9  11.3   4.0  -1.0 
1955  -3.5  -1.7   3.4  13.0  16.3  19.1  25.5  23.9  18.9  11.7   2.2  -3.0 
1956  -3.7  -1.7   2.5   8.4  15.4  21.5  22.4  22.3  16.5  13.9   4.3   1.6 
1957  -6.4   0.3   2.9   9.5  15.3  21.0  22.9  21.6  16.8   9.0   3.9   1.5 
1958  -3.2  -5.9   1.4   9.9  14.8  17.9  22.4  21.3  17.0  11.3   5.1  -5.9 
1959  -5.8  -2.2   2.3   9.7  17.7  21.1  22.5  24.6  19.2  10.8   1.3   1.8 
1960  -2.1  -3.2  -4.3  11.1  13.9  19.2  21.4  22.1  19.0  11.0   5.2  -4.1 
1961  -5.3   0.4   4.9   6.3  12.9  19.4  22.1  21.4  19.8  11.9   4.1  -2.9 
1962  -6.0  -3.4   1.3   8.9  18.6  20.8  21.5  21.9  16.1  12.3   3.6  -4.7 
1963  -8.7  -6.8   4.4   9.8  13.9  20.8  22.4  19.8  16.8  15.0   6.4  -7.3 
1964  -1.6  -3.0   2.3   9.9  17.4  21.3  22.7  20.8  17.6   9.1   6.0  -1.6 
1965  -3.6  -3.4  -1.2   9.0  18.5  20.3  21.4  20.3  18.6  10.7   5.0   2.3 
1966  -6.1  -2.1   4.4   7.7  12.5  21.2  23.7  21.2  16.2   9.5   4.8  -1.2 
1967  -1.6  -4.7   3.3  10.7  12.6  21.4  21.5  19.8  15.8  10.9   1.7   0.2 
1968  -5.3  -4.6   4.9  10.4  13.4  21.1  22.6  22.3  17.4  11.2   4.6  -2.0 
1969  -5.2  -2.4   1.0  10.5  15.5  19.1  23.3  21.9  17.3  10.3   2.3  -2.5 
1970  -8.1  -2.7   0.8   9.7  17.4  20.8  23.0  21.8  19.0  12.3   3.6  -0.2 
1971  -6.7  -2.6   1.3   8.4  13.8  22.9  21.4  20.5  19.1  14.8   4.1   1.9 
1972  -4.2  -3.6   2.0   8.5  15.9  18.5  22.2  21.5  17.6   8.4   2.4  -1.6 
1973  -1.8  -2.2   7.6   9.2  13.3  21.7  22.9  21.9  18.4  13.3   5.6  -2.5 
1974  -3.2  -3.3   4.0  10.6  14.1  19.2  23.7  21.8  15.1  10.2   4.1  -1.1 
1975  -1.3  -2.6   0.9   6.7  17.5  21.0  22.2  22.6  14.9  11.6   7.4  -0.5 
1976  -5.8   2.3   6.4  10.9  14.1  21.0  22.2  20.0  16.4   7.5   0.1  -4.8 
1977 -12.2  -3.5   6.4  13.0  19.3  19.8  24.1  21.0  18.1   9.4   4.6  -3.9 
1978  -8.7 -10.2  -0.4   9.4  14.9  20.8  22.3  21.7  19.9   9.8   4.8  -1.2 
1979  -8.8  -9.7   3.8   7.8 -99.0  20.9  22.0  21.3  17.8  11.8   4.8   0.3 
1980  -3.1  -5.6   0.9   8.5  15.9  19.9  24.7  23.9  18.7   9.5   3.4  -1.3 
1981  -5.8  -1.2   3.2  11.4  13.8  21.5  22.8  21.5  17.0   9.5   4.8  -2.2 
1982  -9.1  -5.6   2.2   6.8  18.6  18.5  22.8  20.7  17.0  11.6   5.4   4.1 
1983  -1.7   0.2   4.5   7.5  13.6  20.9  24.9  24.4  18.1  11.6   6.0  -7.2 
1984  -7.3   1.3  -1.8   8.1  13.3  22.5  21.0  22.8  16.5  13.1   4.2   2.2 
1985  -6.2  -4.7   5.3  12.8  17.4  19.4  22.7  21.2  18.2  12.7   6.6  -5.6 
1986  -3.1  -2.8   4.6  11.3  16.1  21.0  23.9  20.1  19.3  12.0   2.6  -0.2 
1987  -3.8   0.0   5.1  10.1  17.8  22.5  23.8  22.1  18.4   7.4   6.5   1.3 
1988  -4.6  -4.4   3.5   9.3  16.8  22.0  24.6  24.3  17.5   7.7   5.0  -2.0 
1989   0.4  -4.1   3.1   8.1  13.7  20.8  23.4  21.2  16.0  10.8   3.8  -8.1 
1990   1.4   0.8   5.5   9.1  14.0  20.7  22.2  21.0  18.1  10.6   7.0  -0.4 
