Number= 756225
Name= FAYETTE-4SW---------
Country= USA---------
Lat=   45.7
Long=   86.7
Height= 227
Start year= 1920
End year= 1990
First Good year= 1920
Source ID= 30
Source file= New
Normals source= Data
Normals source start year= 1961
Normals source end year= 1990
Normals=  -9.1  -8.3  -2.6   3.7   9.8  15.1  19.1  18.3  14.1   8.3   1.7  -5.6 
Standard deviations source= Data
Standard deviations source start year= 1941
Standard deviations source end year= 1990
Standard deviations=   2.4   2.2   2.0   1.4   1.6   1.2   1.2   1.3   1.1   1.7   1.5   2.2 
Obs:
1920 -99.0 -99.0 -99.0 -99.0 -99.0 -99.0 -99.0 -99.0 -99.0 -99.0 -99.0  -2.4 
1921  -5.0  -5.7  -1.1   5.7  10.7  18.4  23.7  19.2  16.5   8.4  -0.8  -5.1 
1922  -9.6  -9.6  -2.8   2.8  12.3  15.7  17.7  18.6  15.1   7.5   2.5  -7.2 
1923  -8.7 -12.5  -7.7   0.9   8.2  16.0  18.7  16.3  13.3   6.9   2.5  -1.2 
1924 -13.1  -9.0  -3.4   2.5   6.3  13.9  16.5  16.9  11.8   9.9   1.1  -9.7 
1925  -9.6  -8.2  -2.8   5.3   7.0  15.0  17.9  19.5  14.3   3.5   0.0  -6.6 
1926  -9.4  -8.2  -7.7  -0.1   9.2  13.6  18.0  17.7  11.8   5.9  -1.1  -7.9 
1927 -10.6  -6.6  -0.3   3.3   8.2  13.6  17.5  15.9  14.7   8.4   0.1  -8.1 
1928  -7.7  -8.7  -4.2   1.2   9.1  13.7  18.9  18.5  11.3   8.0   1.5  -3.2 
1929 -13.6 -12.4  -1.3   3.8   7.3  13.5  19.4  17.3  12.8   7.3  -0.9  -6.7 
1930 -11.6  -6.8  -3.4   3.2   9.7  15.9  19.1  20.5  14.7   7.8   2.1  -4.9 
1931  -5.9  -3.3  -1.9   4.3   8.6  17.0  20.8  18.8  16.6  10.8   4.8  -1.1 
1932  -2.6  -6.1  -5.0   3.0   9.3  17.4  19.6  19.8  14.6   6.8  -0.2  -5.8 
1933  -4.9  -9.2  -3.6   3.3  10.1  18.2 -99.0  19.3  16.1   6.5  -2.2  -7.5 
1934  -5.5 -12.1  -5.4   1.8   9.6  16.4  19.3  17.3  12.8 -99.0   2.8  -5.3 
1935  -9.2  -7.2  -1.9   3.4   8.6  14.9  21.7  19.7  12.7   7.4   0.3  -5.4 
1936  -9.5 -15.0  -2.7   0.9  11.1  14.0  21.3  18.6  14.8   5.8  -1.7  -4.1 
1937  -9.3  -6.6  -4.3   3.2  10.0  16.6  20.7  20.7  14.1   5.9   0.7  -6.8 
1938  -9.2  -6.4  -1.7   4.2   9.9  15.8  19.4  20.9  13.6   9.8   1.9  -4.1 
1939  -6.8 -11.0  -4.3   2.0   8.9  15.7  20.5  19.8  14.3   6.8   1.3  -1.8 
1940  -9.1  -5.9  -4.8   2.4   8.9  15.1  19.4  18.7  14.6   8.3   0.6  -3.9 
1941  -6.5  -6.7  -4.4   5.8  11.6  17.0  19.5  18.7  14.2   8.6   2.2  -2.4 
1942  -7.7  -7.1  -0.9   5.9   9.1  16.5  18.9  19.3  13.1   8.5   0.7  -6.8 
1943  -9.4  -8.0  -6.1   1.9   8.5  16.0  20.8  19.3  12.3   7.8   0.0  -5.3 
1944  -3.7  -6.2  -4.2   2.7  11.1  15.7  19.5  20.1  14.5   7.6   2.9  -5.8 
1945 -10.9  -8.4   1.3   3.5   7.7  14.3  18.2  19.2  13.7   6.8   1.1  -6.1 
1946  -6.9  -8.6   1.8   4.3   8.6  14.8  19.5  17.9  13.7   9.7   2.3  -5.0 
1947  -6.9  -8.6  -3.2   1.5   6.4  13.7  19.0  21.4  15.0  12.6   0.2  -4.4 
1948 -10.9  -9.4  -3.9   4.8   9.0  15.2  19.6  19.5  16.3   8.8   3.5  -3.7 
1949  -5.7  -6.8  -2.7   5.0   9.3  17.4  21.2  20.6  12.6   9.9   0.9  -4.4 
1950  -8.6  -8.4  -5.3   0.1   8.6  14.4  17.5  15.7  13.0   9.5  -0.5  -6.8 
1951  -8.7  -7.0  -2.8   3.9  11.2  14.8  18.8  16.9  12.7   7.4  -2.3  -6.1 
1952  -7.1  -5.4  -3.4   5.0  10.4  16.2  19.5  18.6  14.3   6.0   2.5  -1.9 
1953  -5.0  -6.5  -1.1   3.3   9.3  16.1  20.0  19.9  14.4  10.5   3.6  -2.7 
1954  -8.4  -2.5  -2.9   3.7   7.6  15.9  18.1  17.3  12.8   7.8   2.4  -3.4 
1955  -6.7  -7.1  -3.9   6.5  10.8  16.0  21.8  21.5  14.6   9.5   0.0  -6.4 
1956  -6.7  -7.4  -4.4   2.6   7.3  15.4  16.4  17.5  11.8   9.9   2.1 -99.0 
1957 -10.7  -6.7  -2.7   4.1 -99.0 -99.0  18.5  17.6  13.3   7.8   1.8  -3.2 
1958  -5.4  -9.2  -0.5 -99.0   8.8 -99.0  17.5  17.9  14.2   9.0   3.3  -8.4 
1959 -11.2 -99.0 -99.0 -99.0 -99.0 -99.0  18.7  20.2  15.1   6.6  -2.3  -2.4 
1960  -6.8  -7.0  -6.7   3.6   9.6  14.6  17.8  18.5  14.8   8.7   3.0  -7.1 
1961 -10.1  -5.8  -1.7   3.0   8.2  14.9  18.7  18.8  15.9 -99.0   1.9 -99.0 
1962 -10.9 -10.8  -2.8   2.5  11.0  15.3  18.0  17.8  13.0   9.1   2.1  -6.2 
1963 -13.6 -13.0  -3.6   4.6   8.4  16.3  19.7  17.4  13.0  12.6   4.7  -7.6 
1964  -5.3  -6.3  -2.5   3.9  11.7  15.3  20.0  16.9  13.4   7.4   2.7  -6.4 
1965  -9.4  -9.8  -4.8   2.4  10.1  14.6  17.5  17.3  12.2   8.0   1.4  -1.6 
1966 -10.2  -6.6  -0.3   3.4   7.7  16.7  21.1  17.9  14.9   7.9   1.0  -5.1 
1967  -6.7 -10.7  -3.2   3.5   7.5  16.0  17.9  16.6  14.1   7.4  -0.5  -4.9 
1968  -9.2  -9.4  -0.5   4.8   9.1  14.2  17.6  17.9  15.4   9.6   1.9  -5.3 
1969  -7.4  -6.2  -4.0   4.2   9.2  12.2  18.3  20.1  14.9   7.1   1.5  -4.2 
1970 -10.9 -10.0  -3.9   3.8   8.7  15.2  19.5  19.0  14.2  10.1   2.0  -4.8 
1971 -10.7  -9.1  -3.8   2.9   8.2  15.6  16.9  17.0  15.1  11.7   1.4  -4.2 
1972 -10.7 -10.7  -5.7   1.3  11.7  13.8  17.5  17.3  13.0   6.1   0.8  -7.4 
1973  -7.1  -7.9   1.3   3.9   8.3  15.5  19.2  19.3  13.9  11.1   1.5  -6.9 
1974  -8.7 -10.7  -3.7   3.4   8.1  14.0  18.8  17.9  11.6   7.9   2.5  -3.1 
1975  -7.0  -7.6  -4.0   0.8  11.9  15.6  19.8  18.8  12.2   9.2   3.9  -4.8 
1976 -10.9  -5.6  -3.2   4.2   8.5  16.7  19.4  18.0  12.9   5.9  -1.6 -10.6 
1977 -13.5  -8.4  -0.5   4.8  12.5  14.7  19.1  16.4  14.2   7.8   1.9  -6.1 
1978 -10.0 -10.7  -3.8   2.6  11.0  14.0  17.8  18.9  14.8   8.7   1.4  -6.9 
1979 -12.1 -12.3  -2.8   2.5   8.3  14.4  19.1  17.3  14.1   6.9   1.5  -3.1 
1980  -7.7  -8.1  -3.8   4.8  12.1  13.2  19.1  19.8  14.1   6.2   1.2  -7.1 
1981  -9.3  -5.8  -0.7   4.5   9.1  15.6  19.4  18.8  13.0   6.2   2.9  -4.2 
1982 -12.2  -9.1  -3.2   1.9  12.6  13.5  19.1  17.1  13.4   9.7   2.1  -2.1 
1983  -5.6  -3.9  -1.4   3.4   7.8  16.1  21.9  21.3  16.0   9.3   2.7 -10.0 
1984 -10.9  -3.3  -4.9   5.0   8.9  16.1  18.9  19.7  13.8  10.4   2.0  -4.6 
1985  -9.6  -9.1  -0.2   4.8  11.1  14.3 -99.0  17.7  15.6   9.5  -0.3  -9.6 
1986  -8.7  -8.7  -1.9   6.3 -99.0 -99.0  20.0  17.6  13.8   7.6  -0.1  -3.5 
1987  -5.0  -3.4   0.5   6.5  10.8  17.8  20.2  19.0  15.5   6.3   2.8  -1.7 
1988  -9.1  -9.5  -2.8   4.6  11.6  17.3  20.3  20.1  14.9   6.1   2.6  -5.1 
1989  -5.0 -10.8  -5.5   2.8  10.2  14.5  19.6  18.4  14.4   7.7  -1.0 -10.8 
1990  -4.0  -6.7  -1.2   5.0   9.5  15.1  18.2  17.8  14.7   7.8   3.2  -4.3 
