Number= 756283
Name= CLINTON-------------
Country= USA---------
Lat=   38.4
Long=   93.8
Height= 234
Start year= 1906
End year= 1990
First Good year= 1906
Source ID= 30
Source file= New
Normals source= Data
Normals source start year= 1961
Normals source end year= 1990
Normals=  -2.7   0.2   6.6  13.0  17.7  22.6  25.5  24.2  20.3  13.8   7.2  -0.1 
Standard deviations source= Data
Standard deviations source start year= 1941
Standard deviations source end year= 1990
Standard deviations=   2.6   2.7   2.8   1.9   1.9   1.5   1.6   1.4   1.6   2.0   1.8   2.8 
Obs:
1906 -99.0 -99.0 -99.0 -99.0 -99.0 -99.0 -99.0 -99.0 -99.0  13.0   4.9   1.5 
1907   1.4   1.6  12.3   9.5  15.8  22.5  25.7  25.4  20.8  13.5   5.0   3.3 
1908   0.8   2.5   9.3  13.5  19.3  22.4  24.9  24.9  21.5  13.0   8.0   2.7 
1909  -0.1   3.1   6.7  12.9  18.2  23.5  26.0  26.9  21.4  14.3  11.6  -4.4 
1910  -0.1  -1.2  14.1  13.3  16.0  21.8  25.8  24.8 -99.0  15.5   5.9  -0.6 
1911   1.5 -99.0 -99.0 -99.0 -99.0 -99.0 -99.0 -99.0 -99.0  13.8   4.2   2.0 
1912  -7.2  -1.6   0.5  13.2  19.5  19.6  25.2  24.1  20.4  15.2   7.0   2.0 
1913  -1.6  -3.7   2.5  12.1  18.3  22.7  27.3  28.1  21.9  12.2  11.6   3.0 
1914   2.4  -1.9   6.4  11.8  17.8  24.6  24.8  24.3  22.2  15.1   8.8  -3.6 
1915  -2.8   4.2   0.3  15.5  16.9  20.2  22.3  19.1  21.2  15.3  10.1   1.1 
1916  -1.7  -0.7   8.0  11.0  18.2  19.9  26.3  25.6  20.2  14.8   8.2  -0.2 
1917   0.3  -1.1   6.5  11.5  14.3  20.8  25.0  19.6  20.1   9.9   7.4  -3.8 
1918  -9.7   1.3   9.6   9.7  20.7  25.0  23.9  26.4  17.1  16.7   7.1   3.6 
1919   0.4   1.2   7.4  11.6  15.9  22.3  24.9  23.0  22.1  14.8   7.1  -2.2 
1920  -2.1   1.5   6.7   9.7  17.3  21.2  23.5  21.7  21.1  16.4   4.9   2.6 
1921   2.3   5.4  10.2  11.6  18.6  23.4  25.4  24.0  24.3  16.0   7.7   2.4 
1922  -2.1   2.2   6.7  13.5  19.4  24.0  23.9  24.8  22.7  14.8   7.4   1.4 
1923   2.9  -2.8   4.8  12.8  17.7  22.4  25.3  25.1 -99.0  12.7   8.6   4.8 
1924  -3.9   1.5   3.4  14.7  15.9  22.4  23.0  25.1 -99.0  18.2 -99.0  -1.9 
1925  -2.2   4.3   8.8  15.5  16.5  24.2  25.7  25.0  23.9  10.2   5.9  -0.1 
1926   0.5   4.7   4.5   9.5  19.3  21.4  24.9  24.2  21.0  14.7   4.8   1.4 
1927  -1.6   4.7   7.4  14.5  17.8  20.4 -99.0  22.3 -99.0  16.6   8.3  -1.7 
1928   0.5   3.1   8.0   9.1  18.1  17.6  24.4  24.3  19.8  17.3   7.0   3.1 
1929  -4.5  -4.1   8.3  13.4  16.6  21.5  24.9  25.1  21.1  15.2   3.5   1.3 
1930  -7.6   7.6   6.5  15.1  18.6  21.8  26.3  25.6  22.8  12.7   5.2  -0.1 
1931  -0.2   4.4   2.1  11.0  15.6  24.4  26.9  23.5  24.7  16.6  10.9   4.9 
1932   0.8   5.8   2.3  13.2  17.6  22.1  24.9  24.3  19.8  13.2   3.1  -1.4 
1933   4.3  -0.5   6.0  12.3  18.3  24.5  25.7  23.6  24.5  13.8   7.4   3.6 
1934   1.4   0.3   3.3  12.5  19.3  25.5  28.9  26.6  18.6  16.0   8.5  -0.9 
1935  -1.0   1.6   9.0   9.5  14.6  19.5  27.0  24.8  20.0  13.7   4.9  -0.7 
1936  -4.8  -5.6   9.2  11.8  20.2  24.3  29.4  29.4  23.3  13.5   4.9   3.6 
1937  -4.1  -0.7   2.8  11.8  18.3  22.9  24.2  26.3  21.4  13.7   4.6  -1.1 
1938  -0.2   3.6  11.4  12.6  17.3  21.9  25.7  27.1  21.9  18.2   7.7   1.6 
1939   2.7  -0.4   7.8  11.1  18.8  22.9  26.9  23.9  24.7  16.5   6.1   2.9 
1940 -11.1   0.2   5.2  11.2  16.1  21.8  25.1  23.5  20.5  17.8   5.1   2.0 
1941   0.5  -0.4   3.9  14.4  19.9  22.5  25.6  25.6  21.5  16.4   7.5   3.2 
1942  -1.5  -0.5   6.7  14.8  16.9  22.3  25.4  23.5  19.6  14.6   8.8  -0.5 
1943  -2.4   3.0   3.0  12.8  16.4  23.2  25.8  26.1  19.1  13.2   5.8  -1.8 
1944   1.0   2.0   4.0  10.1  19.8  24.0  24.9  23.2  20.6  15.4   8.3  -3.3 
1945  -1.6   1.1  10.5  10.5  15.1  19.9  23.1  24.6  21.0  13.5   8.1  -3.9 
1946  -0.5   4.0  12.5  14.6  15.8  22.7  25.8  23.6  20.0  16.4   7.6   2.7 
1947  -0.1  -3.0   1.9  12.1  15.4  22.0  23.9  28.3  22.7  19.1   5.1   2.3 
1948  -4.7  -0.8   4.2  15.5  16.8  22.1  24.5  23.9  21.4  13.8   7.5   2.0 
1949  -3.1   0.2   5.2  11.6  19.0  23.5  25.8  23.3  17.8  15.6   9.1   1.7 
1950   0.1   1.2   3.9  10.5  18.2  21.4  20.6 -99.0 -99.0 -99.0   5.3  -1.6 
1951  -1.0   0.6   3.7  10.2  17.0  20.5  23.6  23.9 -99.0  14.7   2.6  -1.0 
1952   0.6   3.7   4.8  11.4  17.8  26.3  26.0  23.9  19.5  11.2   7.0   0.2 
1953   0.9   3.2   7.7  10.0  18.0  26.9  25.7  25.1  22.4  16.2   7.7 -99.0 
1954  -1.4   5.6   5.3  16.2  15.2  24.9  29.4  27.1  23.9  15.6   7.7   1.1 
1955  -0.3  -0.3   5.1  16.0  18.5  20.2  27.5  24.9  21.9  15.2   4.6  -0.9 
1956  -2.5  -0.1   6.4  10.7  20.0  23.0  25.0  25.5  21.3  17.4   5.8   1.4 
1957  -4.3   3.7   5.4  12.0  17.6  22.7  25.8  24.1  19.3  12.6   6.4   3.0 
1958  -1.0  -4.0   1.8  11.9  17.7  21.2  23.4  23.9  20.4  14.6   9.8  -1.8 
1959  -3.8   0.7   7.1  13.2  19.6  22.3  23.0  25.7  22.1  12.7   3.5   3.1 
1960  -0.7  -0.8  -2.9  13.9  16.0  21.1 -99.0  24.5  22.6  16.3   7.3  -1.9 
1961  -2.7 -99.0 -99.0   9.7  15.2  21.3  23.9  23.2  19.8  14.6   6.5  -2.0 
1962  -5.8   2.2   3.9  11.5  22.3  22.3  24.6  25.0  19.6  15.7   6.9  -0.2 
1963  -5.9  -1.2   8.3  15.2  18.2  24.3  26.0  25.1  22.3  20.2   8.2  -5.7 
1964   0.6   0.7   4.2  13.8  20.4  21.8  25.8  23.2  20.7  13.0   9.8  -0.9 
1965   0.0  -0.1   1.0  14.2  20.5  22.8  24.1  23.3  21.2  14.1   9.7   4.4 
1966  -2.9  -0.6   7.9  11.3  16.5  21.6  27.2  22.8  18.8  11.8   9.6  -0.2 
1967 -99.0   0.2   8.2  14.6  15.5  21.8  23.2  21.5  18.9  13.4   6.3   0.8 
1968  -1.1   0.2   8.8  12.9  15.4  23.3  24.6  24.4  18.9  13.8   5.0 -99.0 
1969  -2.3   1.9 -99.0  13.6  18.9  21.7  26.3  23.6  20.2  13.3 -99.0   1.3 
1970  -4.3   1.1   4.5  13.4  20.0  22.5  25.2  26.2  20.5  12.3   5.2   2.7 
1971  -2.3   0.3   5.3  13.9  16.9  24.9  23.6  24.0  21.2  17.1   7.4   3.9 
1972  -2.0   0.7   8.7  13.7  18.3  23.6  24.8  24.5  21.2  12.7   5.1  -1.5 
1973  -1.6   1.8  10.0  11.5  16.4  23.6  25.7  24.9  21.1  16.2   8.5   1.4 
1974  -3.4   3.5   9.2  13.3  18.7  20.5  26.4  22.6  16.6  14.6   7.3   0.6 
1975   0.6  -1.1   3.6  12.6  19.2  22.9  25.7  25.1  17.9  14.9   8.8   1.9 
1976  -1.9   6.3   9.0  13.8  15.1  21.1  24.8  24.1  20.8  10.5   2.8  -1.3 
1977  -9.5   1.8   8.9  15.3  20.3  23.2  25.9  24.5  21.4  13.6   7.7  -0.4 
1978  -7.4  -6.2   3.4  13.8  16.6  22.7  26.8  23.6  23.2  13.2   7.7   0.1 
1979  -9.5  -5.9   6.6  12.0  17.1  22.2  24.2  23.7  20.5  14.7   6.3   1.7 
1980  -0.7  -2.5   4.4  12.5  17.8  24.1  29.9  27.1  22.5  13.2   7.6   1.6 
1981  -0.6   1.6   7.8  16.9  15.7  23.0  26.0  23.2  20.3  13.6   8.7  -1.0 
1982  -5.4  -1.7   7.2  11.0  19.1  20.0  25.9  23.6  20.0  14.1   7.6   3.1 
1983  -0.4   3.0   6.5   8.7  15.8  21.9  26.7  28.3  21.4  15.0   8.6  -9.2 
1984  -3.3   4.1   3.0  11.2  15.9  23.6  23.9  25.1  19.2  14.2   7.3   3.5 
1985 -99.0  -3.1   8.7  14.4  18.1  20.8  25.3  22.9  20.8  14.3   5.3  -4.5 
1986 -99.0   1.4   9.1  14.8  18.9  24.4  27.3  22.2  21.7  14.0   4.1   1.7 
1987  -1.8   4.1   8.4  13.1  21.3  24.1  25.8  25.1  19.2   9.5   7.5   1.4 
1988  -3.0  -1.7   5.3  11.6  18.4  23.9  24.5  25.2  19.5  10.0   6.8   0.5 
1989   2.2  -5.9   5.8  12.4  15.6  20.9  24.0  23.0  16.8  13.6   5.9  -7.4 
1990   2.7   2.2   6.9 -99.0  12.9 -99.0  25.6  24.3  22.3  12.8  11.4   0.2 
