Number= 756204
Name= SALISBURY-----------
Country= USA---------
Lat=   38.4
Long=   75.6
Height= 3
Start year= 1906
End year= 1990
First Good year= 1906
Source ID= 30
Source file= New
Normals source= Data
Normals source start year= 1961
Normals source end year= 1990
Normals=   1.6   2.6   7.5  12.2  17.5  22.1  24.6  24.0  20.4  14.5   9.4   4.2 
Standard deviations source= Data
Standard deviations source start year= 1941
Standard deviations source end year= 1990
Standard deviations=   2.6   2.2   2.1   1.3   1.2   1.1   0.8   0.9   1.1   1.6   1.4   2.3 
Obs:
1906 -99.0 -99.0 -99.0 -99.0  18.1  23.1  24.5  26.0  22.9  14.9   8.4   4.2 
1907   4.3  -0.3   9.2   9.0  15.6  19.4  25.6  23.6  21.3  11.6   8.1   4.9 
1908   2.1   1.1   9.4  13.8  19.4  22.3  26.3  23.3  19.8  15.9   8.7   4.5 
1909   4.8   7.2   6.6  12.8  18.0  23.6  23.9  23.4  19.5  12.3  10.1   0.5 
1910   2.5   3.9  10.4  14.2  17.0  21.3  25.8  23.4  21.8  16.0   5.6   0.5 
1911   4.8   3.8   5.8  10.4  20.1  23.4  26.4  25.4  22.2  15.0   7.9   6.5 
1912  -1.9   1.0   6.3  14.1  18.8  22.1  25.0  24.1  22.3  16.0   8.5   5.7 
1913   7.8   2.6  10.3  13.6  18.6  22.5  26.2  24.1  21.1  16.1   9.8   5.7 
1914   4.4   0.6   4.5  11.8  19.9  23.7  25.3  26.2  18.4  16.2   8.1   2.1 
1915   3.6   5.4   3.4  14.4  17.5  21.7  25.4  24.9  22.1  15.5   8.7   2.5 
1916   5.3   1.9   3.9  11.5  18.7  20.3  25.5  24.5  19.7  14.8   8.2   2.3 
1917   3.2   0.6   6.4  12.2  15.1  22.7  25.3  24.3  18.1  12.4   5.7  -0.5 
1918  -4.2   3.0   9.0  12.4  20.7  21.1  23.8  25.7  18.3  16.5   8.1   6.0 
1919   3.5   3.1   8.3  12.2  18.2  22.6  25.2  22.9  20.7  18.6   9.0   1.7 
1920  -0.5   1.4   7.5  12.0  14.6  22.3  23.9  24.1  20.8  16.3 -99.0 -99.0 
1921 -99.0   4.0 -99.0  14.8  16.4  23.0  25.9  22.4  23.5  13.9   9.9   3.3 
1922   0.3   3.6   8.1  12.7  18.3  23.5  24.3  22.4  20.4  15.3   8.0   4.3 
1923   3.1  -0.1   7.3  11.1  16.3  23.7  23.1  23.1 -99.0  13.6   7.2   7.3 
1924   2.6   1.3   5.7 -99.0 -99.0  21.6  23.3  23.8  18.4  13.8   8.2 -99.0 
1925   2.8   7.4   9.2  13.7  15.8  25.5  25.6  22.5  22.3  12.5   7.6   3.3 
1926   2.5 -99.0   4.7  10.7  16.8  21.2  25.0  25.1  20.8  14.1   7.8   2.2 
1927   2.5   5.9   8.9  10.9  17.8  20.1  24.3  21.6  20.5  15.9  11.1   4.9 
1928   3.0   4.1 -99.0  11.5  16.5  22.1  25.6  25.2  18.8  15.6   9.6   3.7 
1929   2.9   3.0  10.7 -99.0  18.1  22.2  24.4  23.0  21.0  13.6   9.4   5.4 
1930   4.3   6.4   7.1  11.2  19.5  23.4  26.3  24.3  24.2  13.3   9.1   2.8 
1931   3.3   3.9   5.1  11.6  17.6  22.2  26.4  24.7  23.1  17.1  12.2   7.8 
1932   8.6   6.1   5.5  11.3  17.5  22.6  24.8  24.5  20.7  15.4   8.3   5.8 
1933   6.8   4.2   6.7  12.4  19.2  23.2  23.6  24.7  22.9  14.2   7.2   4.6 
1934   4.6  -3.4   6.1  12.0  18.6  24.5  26.5  23.6  21.7  13.8  10.5   3.8 
1935   2.4   3.1  10.2  10.9  16.6  22.4  25.3  24.0  19.5  14.4  11.0   0.6 
1936   0.2  -0.8  10.7  11.3  19.0  22.6  24.9  25.4  21.6  16.0   7.7   5.7 
1937 -99.0   3.0   5.0  11.8  17.5 -99.0  24.3  24.9  17.8  12.5   7.4   2.3 
1938   1.6 -99.0   9.8  13.7  16.9  21.5  24.0  24.9  19.3  14.0  10.2   3.7 
1939   3.0   6.1   7.6  12.0  18.4  23.3  23.8  24.9  20.6  14.6   6.0   3.4 
1940  -5.0   1.5   4.4   9.1  16.5  22.7  24.0  22.4  18.0  11.5   7.9   5.6 
1941   1.0  -0.2   2.8  12.9  17.6  21.1  24.0 -99.0 -99.0 -99.0 -99.0 -99.0 
1942 -99.0 -99.0 -99.0 -99.0 -99.0 -99.0 -99.0 -99.0 -99.0  14.6  10.2   2.6 
1943   3.9   4.3   7.8  10.9  19.3  25.7  25.4  25.1  20.1  13.9   8.4   3.3 
1944   3.6   3.8   6.8  12.6  20.8  23.2  25.0  24.3  21.7  14.2   8.8   2.3 
1945   0.5   4.1  13.0  14.8  17.0  23.4  24.8  23.6  23.2  14.3  10.9   0.9 
1946   3.6   5.1  11.4  12.4  18.2  21.6  23.9  22.5  20.9  16.0  11.5   6.2 
1947   6.5   0.9   4.4  13.7  18.6  21.6  24.3  25.9  21.4  17.9   7.5   2.5 
1948  -0.9   3.5   9.4  12.9  17.9  22.7  25.0 -99.0  19.5  12.6  11.2   4.6 
1949   6.8   6.9   8.3  12.0  18.0  22.9  26.9  25.0  19.4  16.6   8.8   5.5 
1950   9.7   4.0   6.1  11.0  17.2  22.2  24.4  23.0  19.4  16.0   8.9   2.2 
1951   4.5   4.2   7.1  12.4  17.3  21.9  25.0  23.8  20.2  15.7   7.3   5.7 
1952   5.2   4.5   7.1  13.6  17.1  23.9  26.1  24.2  20.4  12.8   9.3   4.3 
1953   5.8   5.4   8.2  12.9  20.0  22.3  25.2  23.8  20.3  15.1   9.3   6.7 
1954   2.5   6.0   7.7  14.4  16.2  22.3  25.0  24.0  21.4  16.4   8.1   3.3 
1955   1.4   3.7   9.2  14.3  18.4  20.6  26.6  25.3  20.6  15.3   8.3   1.1 
1956   1.1   5.3   6.2  11.1  16.6  22.3  24.3  23.5  19.1  15.4   9.5   8.1 
1957   0.6   5.1   6.9  15.1  18.6  23.8  24.7  23.1  21.7  12.8   9.6   5.7 
1958   0.7   0.0   4.9  12.7  17.5  20.9  25.5  23.4  18.9  13.8   9.6  -0.8 
1959   1.8   3.4   7.3  13.5  19.6  23.3  24.9  25.0  21.1  16.2   8.9   5.5 
1960   3.5   3.7   1.2  15.1  16.9  22.2  23.5  24.6  20.4  14.5   9.4   0.5 
1961  -0.6   4.5   8.9  10.6  16.2  21.3  25.1  24.0  22.8  14.4   9.8   3.2 
1962   2.4   2.3   6.0  12.4  19.1  22.2  23.0  23.6  19.0  14.8   7.2   1.1 
1963   0.9  -0.2   9.3  12.8  17.0  22.3  24.5  23.3  18.3  15.2  10.3   0.3 
1964   3.5   2.2   8.3  11.6  18.4  22.3  24.4  22.6  20.1  12.4   9.8   5.9 
1965   1.5   3.2   5.4  10.5  19.9  21.3  24.1  23.7  21.3  13.3   8.9   4.9 
1966   0.5   2.2   7.9  10.2  16.9  22.1  25.4  24.6  19.8  13.7   9.4   3.4 
1967   5.0   1.2   6.5  12.4  14.6  21.7  24.3  23.4  18.8  13.9   6.6   5.0 
1968   0.0   0.1   8.5  12.4  16.5  22.6  25.1  25.2  20.2  15.9   9.9   2.9 
1969   1.3   2.2   5.2  13.5  17.6  23.3  24.7  23.3  19.7  14.6   8.4   2.6 
1970  -1.4   3.0   5.2  12.2  18.4  22.4  24.4  24.4  22.2  16.1   9.8   4.1 
1971   0.2   3.8   6.3  11.4  16.5  22.5  24.1  23.5  21.4  17.9   8.6   8.5 
1972   4.4   2.6   7.1  11.3  17.1  20.2  24.5  23.3  20.3  12.8   8.2   7.5 
1973   3.1   2.1  10.0  12.3  16.9  23.8  24.6  25.0  21.8  15.5  10.0   6.1 
1974   6.2   3.5   9.2  14.0  17.5  20.9  24.9  24.2  20.4  13.1   9.9   5.9 
1975   5.1   4.6   7.2  10.1  18.6  22.7  24.2  25.4  20.4  16.4  11.8   4.3 
1976   1.4   7.6   9.8  14.1  16.9  22.8  23.5  22.8  19.4  11.7   5.4   2.0 
1977  -3.7   3.2   9.9  13.9  18.2  20.4  25.1  24.5  21.7  13.3  10.1   3.3 
1978   0.4  -3.0   5.1 -99.0  15.6  21.3  23.8  25.6  19.9  14.1  10.5   5.1 
1979   2.3  -2.9   8.8  11.9  18.0  20.0  23.2  23.7  20.2  14.1  10.6   4.2 
1980   1.6  -0.5   5.2  12.9  17.8  20.6  24.6  25.2  22.2  13.3   7.0   2.7 
1981  -1.4   4.6   5.4  14.0  16.4  23.2  24.7  22.5  19.2  13.0   8.9   3.0 
1982  -0.6   3.6   7.5  11.2  18.5  21.1  24.9  22.7  19.7  14.4  10.4   7.7 
1983   2.6   2.7   8.7  11.5  16.9  21.8  25.4  24.3  20.3  15.6   9.9   3.4 
1984   0.0   6.2   5.1  11.4  17.7  22.9  23.6  24.2  18.8  17.3   7.9   7.8 
1985  -1.2   2.8   8.7  14.8  18.4  21.9  24.9  23.9  20.8  16.9  13.1   2.5 
1986   2.2   2.5   8.2  12.2  19.0  23.3  26.1  23.3  20.3  16.0   9.5   4.7 
1987   1.4   1.2   8.1  11.8  18.5  23.6  26.4  24.9  21.6  12.2  10.5   5.6 
1988   0.0   3.7   8.2  11.5  17.3  22.5  25.6  25.6  19.5  11.4   9.8   3.6 
1989   4.7   2.9   7.4  11.9  16.6 -99.0 -99.0  23.2  21.2  15.1   8.5  -2.3 
1990   6.5   6.8   9.2  12.6  16.9  22.5  25.7  24.0  19.6  16.6  10.1   7.1 
