Number= 756273
Name= MOORHEAD------------
Country= USA---------
Lat=   33.5
Long=   90.5
Height= 35
Start year= 1913
End year= 1990
First Good year= 1913
Source ID= 30
Source file= New
Normals source= Data
Normals source start year= 1961
Normals source end year= 1990
Normals=   5.2   7.7  12.8  17.9  22.3  26.2  27.7  27.0  23.8  17.9  12.3   7.4 
Standard deviations source= Data
Standard deviations source start year= 1941
Standard deviations source end year= 1990
Standard deviations=   2.8   2.6   2.2   1.5   1.3   1.1   1.1   1.2   1.4   1.7   1.7   2.3 
Obs:
1913 -99.0 -99.0 -99.0  16.2  20.9  24.9  27.0  26.2  22.5  15.7  14.1   7.2 
1914   8.7   5.7  10.5  17.1  21.2  27.9 -99.0  26.0  22.5  17.3  11.0   4.1 
1915   4.0   7.8   5.6  18.4  22.6  25.2  26.2  25.6  24.3  18.3  12.9   8.6 
1916  10.7   7.6  13.3  16.4  21.8  24.6  27.0  26.6  22.3  17.2  10.5   8.0 
1917   9.0   9.4  13.0  16.8 -99.0 -99.0 -99.0 -99.0 -99.0 -99.0 -99.0   2.8 
1918   1.0  11.4  16.7  17.1  23.0  27.8  27.2  28.1  20.2  20.0  10.4   9.3 
1919   6.1   8.5  13.0  17.1  19.9  26.3  28.2  27.9 -99.0  22.5  13.0   7.2 
1920   6.7   8.7  12.6  16.8  23.0  25.9  28.1  26.6  25.7  18.3   9.3   7.6 
1921  10.6  11.1  17.5  16.9  21.6  27.3  28.4  28.8  27.2  16.8  14.6  10.4 
1922   6.6  10.7  13.0  19.7  22.4  26.7  27.5  27.6  25.3  17.1  11.9  11.3 
1923  10.9   6.5 -99.0  17.3  20.7  25.8  26.8  27.1  23.6  16.4  11.3 -99.0 
1924   3.9   7.5   9.3  17.2  19.5  28.3  27.7  29.1  22.5  18.6  13.3   7.8 
1925   6.8  11.5  14.2  20.1  21.1  28.3  28.5  27.7  28.4  17.0  10.9   5.7 
1926   5.3 -99.0   9.5  14.7  20.2  26.3 -99.0 -99.0 -99.0  19.3   9.3   9.5 
1927   8.4  13.3  13.2 -99.0 -99.0  26.7  28.6  27.1  25.1  19.6  15.8   7.4 
1928   9.1   9.2  13.4  15.8  21.5  25.2  27.4  27.8  21.1  18.6  10.4   6.6 
1929   7.2   5.2  14.6  18.8  20.9  25.2  28.7 -99.0  23.9  18.1   9.8   7.6 
1930 -99.0 -99.0 -99.0  19.8  22.4  26.2  30.7  27.5  24.3  16.3  11.6   5.4 
1931   6.1  10.1   9.6  16.6  20.0  27.2  27.2  25.8  25.2  19.8  14.5  11.8 
1932   9.8  13.8  10.5  18.2  21.6  27.7  29.0  28.5  22.9  15.8   9.0   6.0 
1933  10.9   8.5  13.5  17.2  24.3  27.0  27.7  26.6 -99.0 -99.0  11.4 -99.0 
1934   8.8   6.3  11.5  17.6  21.5  27.1 -99.0  29.8  23.6  19.8  12.9   7.8 
1935   8.2   8.6  17.3  17.6  22.4  26.5  29.5  29.5  23.2  18.8  10.9   3.9 
1936   4.2   4.3  15.4  16.6  23.4  29.4 -99.0 -99.0 -99.0  17.7  10.0   8.9 
1937  10.6   8.5 -99.0  18.0  23.5  28.3  28.0  28.8  22.5  16.3   9.8   7.2 
1938 -99.0  12.2  16.9  17.3  23.3  26.5  28.7  29.4  24.3  18.8  12.0   8.1 
1939   8.9  10.3  14.9  16.5  23.0  27.4  28.7  27.4  25.6  17.3  10.4   9.1 
1940  -0.8   6.8  13.4  16.9  21.1  26.1  27.2  27.2  22.4  17.6  10.9   9.6 
1941 -99.0 -99.0 -99.0  19.5  23.3  26.2 -99.0  27.0  25.5  21.7   9.9   8.7 
1942   5.0 -99.0  12.4  17.8  21.1  26.7  28.4  26.7  22.7  18.3  14.1   8.4 
1943   6.6   9.5  10.7 -99.0 -99.0 -99.0  29.9  30.1  22.3 -99.0   9.9   7.3 
1944   6.8  11.2  13.2  17.4  22.7  28.7  29.0  27.9  23.9  17.0  11.4   5.8 
1945   6.4   9.5  17.1  18.5  20.5  26.7  27.5  27.1  24.6  16.3  13.1   4.8 
1946   6.8  11.2  15.6  20.3  20.9  25.5  26.8  26.2  23.0  18.4  14.0  10.2 
1947   8.0   4.1   8.7  18.1  20.7  25.8  25.9  28.9  25.2  21.3  10.9   8.7 
1948   2.1   7.8  13.2  19.5 -99.0  26.4  28.2 -99.0 -99.0  16.4  12.6 -99.0 
1949  11.3  10.7  12.1  17.1  23.5  27.1  28.8  27.3 -99.0  19.1  12.8  10.1 
1950  13.8  12.0  12.5  16.3  24.0  26.3  26.3  25.4  21.8  18.9   9.5   5.0 
1951   7.8   8.7  13.4  15.9  22.0  26.5  28.6  29.6  24.4  18.5   8.9  10.4 
1952  10.9 -99.0  11.5  16.0  22.1  29.0  29.7  28.7  22.8  13.1   9.9   7.6 
1953   9.6   9.2  15.3  16.2  23.3  29.6  28.1  26.7 -99.0  17.7  10.8   6.0 
1954 -99.0  11.6  12.9  20.4  19.5  28.1  30.5  30.7  26.8  20.0  12.1   7.3 
1955   6.3   8.7  15.0  19.6  23.8  24.4  28.2  27.4  26.0  18.3  11.3   7.2 
1956   5.0  11.0  12.5  17.1  23.9  25.7  28.5  28.4  23.2  19.4  11.7  11.5 
1957   6.6  11.6  11.4  18.6  22.5  26.4  27.7  27.1  23.0  16.3  12.7   9.8 
1958   4.3   3.4   9.5  17.4  22.8  26.6  27.9  27.1  25.5  18.0  13.7   4.9 
1959   5.8   9.1  12.1  17.4  24.5  26.1  27.6  28.1  25.0  19.7  11.2   8.1 
1960   6.6   5.2   7.3  19.1  21.2  26.6  28.9  27.7  24.6  18.7  12.3   5.1 
1961   3.6  10.5  14.9  15.8  21.3  24.7  26.5  26.4  23.9  17.3  11.6   6.9 
1962   3.6  11.9  10.6  16.9  24.6  26.2  28.7  28.0  24.5  19.9  11.3   5.8 
1963   2.8   4.8  15.6  20.0  23.1  27.1  26.9  27.2  23.3  20.4  12.7   1.0 
1964   6.0   5.4  12.7  19.4  23.0  26.8  27.7  26.5  23.3  15.4  13.3   8.2 
1965   7.6   5.9   7.8  19.6  23.9  25.2  27.0  26.1  23.8  16.3  14.8   7.9 
1966   1.5   5.9  12.3  17.8  21.2  25.7  28.5  26.2  23.7  16.5  14.3   7.2 
1967   7.1   6.0  15.7  20.5  21.5  26.6  25.8  24.7  21.5  17.7  10.3   9.0 
1968   5.0   4.0  11.4  17.9  21.3  26.8  26.5  26.8  21.9  17.8  11.3   6.6 
1969   6.7   7.3   8.3  18.0  22.8  26.4  29.1  26.6  22.7  17.9  10.9   6.6 
1970   3.5   6.9  10.9  19.5  22.8  25.8  26.8  26.8  25.5  17.2  11.0   9.8 
1971   7.2   8.1  10.2  17.1  20.4  27.5  27.1  25.8  24.4  20.8  11.7  11.6 
1972   8.5   9.2  13.5  18.8  21.8  25.8  26.2  26.9  25.9  18.2   9.3   7.1 
1973   5.6   7.1  15.6  16.1  21.1  26.5  27.6  25.4  24.5  20.7  15.2   7.9 
1974   9.1  10.0  16.6  17.5  23.3  24.1  27.5  26.3  21.0  17.2  12.1   8.3 
1975   9.3   9.6  11.8  16.8  23.0  25.9  27.8  26.7  21.5  18.5  12.4   7.4 
1976   5.5  13.1  14.8  17.9  19.5  24.5  27.1  26.6  23.0  15.0   7.5   5.8 
1977   0.0   8.2  14.9  19.1  24.6  27.8  28.3  27.7  25.5  17.3  12.7   7.6 
1978   1.2   2.5  11.0  19.0  22.4  26.6  29.1  27.4  24.8  17.4  14.2   8.3 
1979   1.5   6.1  13.6  17.9  21.7  25.6  27.4  26.7  22.7  18.3  10.4   7.1 
1980   6.8   6.0  10.8  16.3  22.3  27.6  30.2  29.0  25.9  16.1  10.7   7.1 
1981   4.5   8.9  11.7  21.1  21.0  27.6  28.4  27.5  22.5  17.6  13.3   6.3 
1982   6.0   6.3  14.8  15.8  23.7  25.4  27.8  27.4  22.5  17.5  12.2  10.9 
1983   5.4   8.2  11.2  14.4  21.0  24.8  28.2  29.2  23.8  18.9  12.6   2.9 
1984   2.5   9.3  12.0  16.6  21.8  26.6  26.8  25.8  22.9  20.7  10.1  13.6 
1985   1.5   5.7  14.9  18.5  22.5  26.8  27.4  27.1  23.6  19.7  15.5   4.5 
1986   6.7   9.8  13.6  18.5  22.8  27.1  29.8  27.1  26.3  18.0  12.5   6.5 
1987   5.1   9.1  12.4  16.8  24.2  26.1  27.5  28.8  24.6  16.6  12.8   9.2 
1988   3.7   7.2  12.5  18.2  22.4  27.0  27.5  28.3  25.1  15.8  14.3   8.3 
1989   9.4   6.3  13.1  17.2  21.4  24.9  26.8  27.3  22.4  18.1  12.6   2.6 
1990   9.6  12.3  13.7  16.7  21.4  27.2  27.8  28.2  26.0  17.2  14.5   8.6 
