Number= 756201
Name= OWINGS-FERRY-LANDING
Country= USA---------
Lat=   38.7
Long=   76.7
Height= 48
Start year= 1917
End year= 1990
First Good year= 1917
Source ID= 30
Source file= New
Normals source= Data
Normals source start year= 1961
Normals source end year= 1990
Normals=   0.4   1.6   6.7  11.9  17.3  21.8  24.2  23.4  19.6  13.5   8.3   3.0 
Standard deviations source= Data
Standard deviations source start year= 1941
Standard deviations source end year= 1990
Standard deviations=   2.6   2.3   2.1   1.4   1.4   1.1   1.0   1.0   1.1   1.7   1.4   2.4 
Obs:
1917   2.2   0.7   6.3  11.9  14.9  22.4  24.5  23.9  17.3  11.4   5.4  -1.8 
1918  -4.6   2.4   8.4  11.1  20.6  21.0  23.0  25.0  17.8  15.9   7.5   4.6 
1919   2.0   2.0   8.5  11.2  17.7  22.7  24.3  22.3  20.7  18.0   8.1  -0.1 
1920  -1.5  -0.2   6.7  11.2  14.7  21.5  23.3  23.5  20.1  15.8   7.3   3.8 
1921   2.5   3.3  12.9  14.4  16.3  22.9  26.1  22.4  23.2  13.6   8.5   3.2 
1922 -99.0   3.1   7.3  12.6  18.4  23.0  24.1  22.2  19.9  14.5   7.9   3.0 
1923   2.2  -0.1   7.4  11.1  16.6  23.3  23.5  22.7  19.6  12.8   6.2   7.3 
1924   1.9   0.5   5.8  10.2  15.4  21.0  23.0  23.0  16.9  12.7   7.6   2.8 
1925  -0.1   5.9   7.5  12.1  15.2  24.5  23.8  22.1  21.3  10.7   6.2   2.3 
1926   0.8   1.9   4.2  10.3  16.9  20.1  23.8  24.2  19.6  13.4   6.2   0.2 
1927   0.8   5.0   7.8   9.9  16.6  19.2  23.5  20.4  19.6  14.3   9.8   3.5 
1928   2.0   2.3   5.8  10.2  16.1  20.7  24.7  23.8  16.9  14.3   8.5   3.0 
1929   1.3   1.0   9.4  13.0  16.7  21.0  23.3  22.1  19.6  12.0   8.0   3.3 
1930   1.6   4.5   6.2  10.0  18.4  22.4  25.2  23.6  22.7  11.9   6.7   1.0 
1931   1.7   2.7   3.8  10.6  16.6  21.4  24.8  22.5  21.5  15.2  11.0   6.9 
1932   7.4   5.4   4.4  10.0  16.2  21.8  24.0  24.2  19.9  13.9   6.3   4.0 
1933   5.9   3.1   5.6  11.4  18.4  22.5  23.5  23.7  21.3  13.0   6.4   3.5 
1934   3.7  -5.1   4.3  10.8  18.0  24.1  26.1  22.4  19.8  12.2   8.5   2.2 
1935  -0.5   0.6   9.3   9.7  15.2  21.1  24.3  23.1  18.2  14.1   9.8  -0.2 
1936  -1.0  -2.4   9.7  10.8  18.5  21.8  24.5  25.0  20.8  15.1   7.1   4.3 
1937   6.4   2.6   5.2  11.4  18.0  23.2  24.4  24.6  17.8  12.5   7.6   2.6 
1938   1.7   4.6   9.5  13.4  16.9  21.5  24.8  25.2  18.8  13.6   9.7   2.7 
1939   2.4   4.5   7.3  11.3  18.6  23.5  23.9  25.0  20.8  14.4   6.6   4.2 
1940  -4.7   1.6   4.4   9.3  17.2  23.0  24.6  22.5  18.0  12.2   8.1   5.3 
1941   0.9   0.6   3.8  14.3  18.8  21.9  24.6  23.9  21.4  17.3   9.4   5.2 
1942   1.3   1.0   7.9  13.7  19.7  23.1  25.5  22.9  20.3  14.4   8.9   1.0 
1943   1.8   3.2   7.2  10.1  18.8  25.1  25.3  25.5  19.0  12.7   7.5   2.5 
1944   2.4   2.7   5.7  11.5  20.7  23.0  24.9  23.0  20.2  12.8   7.3   1.0 
1945  -0.7   3.0  12.9  13.9  16.2  22.2  23.6  23.0  21.4  13.4   9.3  -0.2 
1946   2.5   3.9  11.0  12.1  17.6  21.4  23.6  21.6  19.5  15.1  10.5   5.1 
1947   5.2  -0.6   3.4  12.9  17.2  20.7  23.2  24.7  19.6  16.4   6.5   1.8 
1948  -2.0   2.4   8.7  12.4  17.4  22.1  24.5  22.9  18.9  12.0  10.4   4.2 
1949   5.7   6.1   7.7  11.7  17.4  22.5  26.5  23.9  18.0  16.0   8.1   4.7 
1950   8.7   2.7   5.2  10.5  17.1  21.8  23.5  22.7  17.9  14.4   8.0   1.2 
1951   3.7   3.0   6.4  11.8  16.8  21.8  24.7  23.0  19.5  15.4   6.2   4.7 
1952   4.5   4.1   6.4  13.1  17.0  24.0  26.3  23.9  19.5  12.1   8.4   3.6 
1953   4.9   5.2   7.7  12.5  20.0  22.6  25.2  23.7  19.8  14.7   7.7   4.9 
1954   2.4   6.0   6.9  14.5  16.1  22.4  24.9  23.3  21.6  16.0   6.5   2.9 
1955   1.2   2.6   8.2  14.0  18.4  20.3  26.8  25.0  19.8  14.6   7.2   0.7 
1956   0.9   4.7   6.0  11.2  17.0  22.2  24.1  23.4  18.3  14.0   7.8   7.2 
1957   0.0   4.2   6.5  14.2  18.9  23.6  24.8  22.6  20.1  11.2   8.7   4.8 
1958   0.4  -1.5   4.2  12.3  17.1  20.6  25.0  23.0  18.8  13.2   8.7  -0.6 
1959   0.7   2.7   6.7  13.6  19.4  22.7  24.1  24.9  20.7  15.1   7.2   4.5 
1960   2.3   2.3   0.8  14.8  16.1  21.7  23.3  24.2  19.4  13.2   8.3  -1.1 
1961  -1.8   3.0   7.6   9.9  15.6  21.5  24.5  23.4  22.1  13.8   8.8   1.5 
1962   1.0   0.4   5.3  12.1  18.7  21.6  22.7  23.5  18.1  14.6   5.8  -0.1 
1963   0.3  -1.1   8.9  12.7 -99.0 -99.0 -99.0  23.0  17.7  14.7   9.4  -0.6 
1964 -99.0 -99.0 -99.0 -99.0  18.5  22.8  24.7  22.9  19.7  11.5   9.5   4.5 
1965   1.1   2.7   4.5  10.9  20.1  21.0  23.5  23.1  20.2  11.9 -99.0 -99.0 
1966 -99.0 -99.0 -99.0 -99.0 -99.0 -99.0 -99.0  24.6  18.4  12.3   9.0   2.4 
1967   4.4   0.3   6.0  13.0  14.2  22.2  23.4  23.1  18.1  12.8   5.9   3.6 
1968  -0.9  -0.1   8.4  12.9  16.1  22.5  24.4  24.4  19.6  14.6   8.5   1.5 
1969  -0.1   0.7   4.9  13.6  18.1  22.9  24.7  22.8  19.1  12.9   7.3   1.5 
1970  -2.3   1.4   4.3  11.4  18.5  21.8  24.2  23.9  21.6  15.4   8.0   3.0 
1971  -1.7   2.5   5.1  10.6  16.0  22.1  23.4  22.1  19.7  15.8   6.9   6.1 
1972   1.7   0.0   5.8  10.6  16.3  19.9  24.1  23.0  19.3  11.7   6.8   5.4 
1973   1.5   0.9   8.2  11.9  15.9  22.9  24.6  24.5  20.9  14.9   9.6   4.1 
1974   4.2   2.0   8.5  14.1  17.5  20.3  24.1  23.5  18.4  12.6   8.6   4.6 
1975   3.4   2.8   6.0   9.1  18.2  21.8  23.2  23.8  17.8 -99.0   9.6   2.2 
1976  -1.5   5.8   7.9  12.9  15.6  23.1  24.0  22.1  18.9  10.7   4.3   0.1 
1977  -5.3   2.3  10.1  14.6  19.1  21.3  24.9  23.9  20.8  12.3   8.6 -99.0 
1978  -2.5  -3.7   3.9  10.3  16.4  22.1  23.5  24.8  19.6  12.1   7.4 -99.0 
1979   0.3  -4.5 -99.0  10.7  18.3  19.8  22.3  23.1  19.3  14.7  10.3   4.2 
1980   1.5  -0.7   6.0 -99.0  18.3  19.4  24.4  24.2  21.9 -99.0 -99.0 -99.0 
1981 -99.0   3.7   5.9  13.3  16.2  22.1 -99.0  21.5  19.0  12.2 -99.0 -99.0 
1982  -2.1   2.5   6.5  11.0  18.8  20.5  25.0  21.4  19.1  12.7   9.6   6.5 
1983   2.0   2.4 -99.0 -99.0  15.1  21.9  23.6  24.7 -99.0 -99.0 -99.0 -99.0 
1984 -99.0   4.7   3.8 -99.0 -99.0 -99.0 -99.0 -99.0 -99.0  17.4   7.2   7.4 
1985  -1.3   2.7   8.4  14.2  18.6  21.3  24.2  23.4  20.0  15.6  11.7   1.2 
1986   1.2   1.4   7.7  12.2  19.0  23.2  25.8  22.6  20.4  15.1   7.2   3.2 
1987   0.3   1.0   7.8  11.6  18.6  23.2  26.4  24.4  21.0  11.2   9.3   4.2 
1988  -1.6   2.4   7.3  11.1  17.4  22.0  25.9  25.5  19.0  10.9   8.2   2.6 
1989   3.0   2.5   6.7  11.1  16.6  22.6  23.2  23.2  20.0  14.7   7.7  -3.8 
1990   5.5   6.7   9.1  12.2  16.4  21.9  24.6  22.9  18.6  15.6   9.4   5.9 
