Number= 756213
Name= PLYMOUTH-KINGSTON---
Country= USA---------
Lat=   42.0
Long=   70.7
Height= 13
Start year= 1886
End year= 1990
First Good year= 1886
Source ID= 30
Source file= New
Normals source= Data
Normals source start year= 1961
Normals source end year= 1990
Normals=  -1.8  -0.9   3.3   8.1  13.8  19.0  22.3  21.4  17.5  12.1   7.2   1.0 
Standard deviations source= Data
Standard deviations source start year= 1941
Standard deviations source end year= 1990
Standard deviations=   2.4   1.9   1.7   1.3   1.1   1.1   0.9   1.1   1.0   1.3   1.3   2.3 
Obs:
1886 -99.0 -99.0 -99.0 -99.0 -99.0  17.8  21.9  19.6  18.2  11.6   6.3  -1.0 
1887  -2.4  -1.2  -2.4   6.1  14.5  18.2  23.3  19.0  16.0  11.2   5.0   0.4 
1888  -6.3  -1.5   0.0   5.5 -99.0  19.4  20.3  20.6  15.4   9.1   7.1   1.1 
1889   1.4  -3.0   2.9   8.3  15.1  21.2  20.2  19.8  17.8  10.8   7.3   3.6 
1890 -99.0  -0.4   1.3   7.1  13.8  17.6  21.3  20.3  17.2  10.5   5.5  -2.7 
1891   0.2   1.1   1.0   8.4  12.8  18.2  20.0  21.6  18.6  10.8   5.5   4.5 
1892  -0.8  -1.2   0.8   8.0  13.2  21.2  22.0  20.4 -99.0  12.2   5.5  -1.2 
1893  -5.0  -2.0   0.9   6.9  13.8  18.8  20.7  20.7  15.3  12.5   6.0  -0.1 
1894  -0.6  -2.5   5.0   7.8  13.8  20.4  22.4  19.5  19.9  12.4   4.5   0.5 
1895  -1.4  -4.6   1.1   7.1  14.6  19.5 -99.0 -99.0  18.1   9.4   8.0   2.7 
1896  -3.4  -1.3  -0.2   7.9  14.9  18.3  22.1  20.3  15.5  10.1   7.1  -1.4 
1897  -1.9  -0.9   2.6   6.9 -99.0 -99.0 -99.0 -99.0 -99.0 -99.0 -99.0 -99.0 
1898 -99.0 -99.0   5.1   6.3  12.9  18.3 -99.0  21.6  19.4  12.9   4.9  -0.9 
1899 -99.0  -4.2   0.8   5.9  11.3  19.9  21.0  19.3  14.3  11.9   4.5  -0.8 
1900  -1.4  -2.3  -1.6   7.7  11.1  18.8  22.1  19.9 -99.0  13.4   6.8   0.0 
1901  -2.3  -5.0   2.7   6.3  12.3  19.4  21.6  20.0  17.6  10.5   3.3   0.6 
1902  -3.5  -3.0   4.6   7.9  12.3  17.7  18.8  18.6  17.0  11.5   7.8  -1.8 
1903  -1.9  -1.4   5.6   7.0  12.6  15.3  20.6  17.2 -99.0 -99.0 -99.0 -99.0 
1904  -5.0 -99.0 -99.0   5.6 -99.0  16.0  21.5  19.0  15.4   9.3   3.4  -3.3 
1905  -3.9  -5.0   1.6   7.1  10.7  16.4  21.1  18.3  15.1  10.5   3.8   0.5 
1906   0.9  -1.3  -0.9   5.9  12.4  17.4  19.2  20.5  16.6  11.3   4.7  -2.2 
1907  -2.4  -5.9   1.9   4.4   9.7  15.9  20.6  18.8  16.5   8.4   5.6   0.7 
1908  -2.1  -4.0   2.0   6.2  13.0  18.5  21.6  19.0 -99.0  11.1   5.1  -0.1 
1909  -0.4  -0.4   1.1   6.4  11.1  18.0  19.2  18.2  15.4   9.1   7.3  -2.4 
1910  -1.9  -2.5   3.0   8.2  11.2  16.0  20.8  18.1  14.8  11.0   3.7  -4.4 
1911  -1.3  -3.6  -0.6   4.2  13.9  16.1  21.6  18.4  14.3   9.4   4.3   2.0 
1912  -7.2  -5.0   0.1   6.0  12.1  17.1  20.4  18.0  14.7  11.5   5.4   0.7 
1913   2.2  -4.0   3.7   5.8  10.0  16.7  20.5  18.1  13.8  11.3   6.2   0.8 
1914  -3.0  -5.5  -0.1   5.2  11.9  17.5  17.5  18.4  14.8  11.4   4.1  -2.6 
1915  -1.4  -0.2  -0.8   6.7  10.7  14.8  18.7  17.8  16.2  10.4   5.2  -1.5 
1916  -1.5  -4.2  -3.2   4.6  11.4  14.4  19.3  18.1  14.9   9.9   4.0  -1.9 
1917  -3.0  -4.8   0.2   3.7   7.8  16.5  20.2  19.4  12.4   7.8   2.0  -6.3 
1918  -7.4  -4.3   0.2   5.7  13.9  14.8  18.6 -99.0  13.1 -99.0 -99.0  -0.4 
1919  -1.4  -2.0 -99.0 -99.0 -99.0 -99.0 -99.0  17.1  14.9  10.5   4.5  -3.1 
1920  -7.0  -3.8   1.5   4.7   9.5  15.4  19.2  18.9  14.7  12.4   3.7  -0.1 
1921  -2.2  -1.1   5.3   7.9   9.8 -99.0 -99.0 -99.0  16.8  10.5   4.4  -2.0 
1922  -4.2 -99.0   1.7   6.8  12.6  18.0  18.7  17.2  15.4  10.0   4.4  -1.9 
1923  -4.4  -6.9  -1.2 -99.0  10.8 -99.0  18.0  17.9  14.9  10.6   4.6   2.5 
1924  -1.5  -4.1   0.2   6.3  10.8  15.9  20.0  18.8  14.7   9.9   5.6  -1.9 
1925  -3.2   2.6   4.1   7.5  12.1  18.7  19.3  18.5  15.3   7.4   4.2  -1.2 
1926  -2.3  -2.8  -0.2   5.4   9.9  15.3 -99.0  18.4  14.6  10.8   5.9  -2.8 
1927  -1.7  -0.2   3.7   7.2  12.4  16.8  20.6 -99.0  16.7  12.0   8.7   1.5 
1928  -0.2  -1.9   2.0   6.7  10.8  17.2  20.9  21.5  15.6  12.0   6.7   2.1 
1929  -1.8  -0.4   4.3   7.4  14.2  18.8  20.6  18.6  16.7  10.6   6.8   0.6 
1930   0.2   0.3   2.8   6.9  13.9  21.0  20.8  19.5  18.6  10.3   6.8   0.1 
1931  -1.4   0.5   2.4   8.7  14.1  17.7  21.3  20.4  17.6  13.1   9.5   2.2 
1932   3.6  -0.8   1.5   7.2  13.6  17.5  20.9  21.0  16.3  12.9   6.3   3.1 
1933   2.8   0.6   1.5 -99.0 -99.0  20.3  20.8  20.9  18.0  12.4   3.4  -2.3 
1934  -1.4  -7.3   1.5   7.9  14.2  18.4  22.1  20.0  19.2  10.5   9.0  -0.4 
1935  -3.8  -2.3   4.0 -99.0  13.2  18.8  22.6  21.0  16.7  12.8   9.4  -1.8 
1936  -2.1  -4.2   7.1   7.8  15.5  18.4  20.1  20.1  15.8  12.8   4.7   3.0 
1937   4.2   2.1   2.3   7.6  15.1  18.5  22.3  22.8  17.0 -99.0 -99.0 -99.0 
1938  -3.0  -2.5   3.9   8.7  12.0  18.8  21.9  22.0  16.5  13.0   7.4   1.1 
1939  -2.3  -0.1   0.7   6.0  12.4  17.5  20.9  22.0  16.6  11.4   3.9  -0.4 
1940  -6.1  -2.5  -0.3   5.2  12.1  17.3  20.9  18.6  15.8   8.8   5.0   1.1 
1941  -3.3  -2.4   0.2   9.1  14.0  18.9  21.4  20.2  18.4  12.7   8.4   2.2 
1942  -2.1  -3.1   4.1   9.0  15.4  18.6  20.9  20.3  17.4  12.0   5.9  -2.4 
1943  -3.3  -2.0   1.9   4.6  12.7  20.4  21.9  20.2  16.5  12.3   5.6  -1.8 
1944  -1.0  -2.1   1.0   6.5  15.9  18.3  22.3  22.1  17.9  11.5   5.8  -1.0 
1945  -3.7  -1.5   7.7  11.1  12.9  18.2  21.5  20.5  19.4  11.1   7.5  -2.5 
1946  -1.1  -1.5   7.8   7.1  13.9  19.2  21.4  19.6  18.7  14.0   8.7   2.1 
1947   0.8  -1.4   2.7   8.1  13.9  17.8  23.3  22.2  18.4  15.5   4.7  -0.8 
1948  -4.5  -2.7   3.7   7.8  12.3  17.1  22.6  21.9  18.1  12.0   9.7   2.2 
1949   2.3   1.5   4.2   9.8  14.9  21.1  24.1  22.7  17.4  14.5   6.6   2.9 
1950   3.1  -1.6   1.2   7.3  12.7  19.2  22.8  20.6  16.1  13.0   8.8   1.7 
1951   1.6   1.4   3.8   9.4  14.3  17.8  22.8  20.6  18.7  12.5   6.1   2.0 
1952   0.8   0.0   2.0   9.6  13.2  20.1  24.5  21.5  18.4  11.4   7.0   2.0 
1953   1.9   1.8   4.1   9.1  14.6  19.9  22.1  21.1  18.8  12.7   9.0   4.3 
1954  -2.2   2.2   3.7   9.6  12.5  18.6  21.2  20.1  17.1  14.7   6.8   1.6 
1955  -2.2   0.0   3.5   8.9  15.4  18.4  24.5  23.6  17.5  12.9   5.3  -2.8 
1956  -1.1   0.4   0.9   6.8  12.1  19.6  21.6  21.2  16.5  12.1   7.9   3.7 
1957  -3.9   1.9   3.7   9.6  15.3  21.5  22.8  19.6  18.9  12.1   8.6   4.9 
1958   0.2  -3.4   3.5   8.6  12.4  16.9  22.0  21.3  17.9  11.4   7.9  -3.1 
1959  -1.2  -2.4   3.2   8.8  16.0  17.7  22.8  22.7  19.9  13.4   7.6   2.0 
1960  -0.8   2.1   0.2   8.5  14.5  19.6  21.5  21.5  17.1  11.9   8.2  -1.5 
1961  -3.3  -0.1   2.6   7.0  13.2  20.1  21.8  21.4  20.1  13.8   7.3   0.8 
1962  -1.2  -2.3   3.0   9.3  12.8  19.1  20.1  20.0  16.5  12.0   5.3  -1.1 
1963  -1.0  -2.5   4.2   8.5  14.2  19.8  23.0  20.6  15.9  14.6   8.9  -2.8 
1964  -0.1  -1.5   3.8   7.8  15.7  18.7  21.9  18.8  17.0  11.9   7.2   1.5 
1965  -2.5  -1.2   2.1   6.1  15.2  18.8  21.8  21.6  17.6  11.9   5.7   1.9 
1966  -1.4  -1.1   4.1   7.0  12.7  19.8  23.0  21.8  16.8  11.0   8.7   1.9 
1967   1.9  -2.5   0.9   7.1  10.7  19.2  22.3  21.5  17.0  12.5   5.3   1.6 
1968  -3.4  -3.1   3.9   9.7  12.9  18.0  23.2  20.7  17.7  14.0   6.7  -0.1 
1969  -1.2  -0.2   2.4   9.3  13.5  19.7  21.5  23.0  18.3  11.9   7.3   0.8 
1970  -6.3  -0.5   2.1   8.2  14.4  19.1  22.8  21.8  17.8  12.8   7.7  -0.3 
1971  -4.6  -0.7   3.0   6.9  13.1  19.3  22.8  22.1  19.6  14.6   5.8   2.2 
1972  -0.4  -2.0   2.4   5.7  13.6  18.5  21.7  20.6  18.5   9.8   5.9   3.0 
1973   0.3  -0.3   6.1   9.8  13.5  20.9  22.6  22.9  17.8  12.2   7.0   3.8 
1974  -0.1  -1.4   3.7   9.5  12.7  18.1  21.9  21.7  17.9   9.6   7.2   2.1 
1975   1.4  -0.6   2.3   5.9  15.5  19.3  23.3  21.8  16.7  13.5   8.9   1.7 
1976  -2.7   2.2   4.4  10.8  14.3  21.0  21.8  21.0  17.0  10.8   4.6  -2.3 
1977  -5.7  -1.5   5.9   8.6  15.2  18.1  22.1  22.0  17.0  11.9   8.1   0.6 
1978  -1.8  -4.4   0.8   7.4  13.5  18.8  21.6  21.7  15.4  11.0   6.7   1.4 
1979  -0.2  -5.0   5.2   7.9  15.8  18.4  23.3  21.0  17.2  12.4   9.4   3.0 
1980  -0.7  -2.6   2.6   9.1  13.7  18.4  23.5  22.7  18.7  11.0   5.4  -1.6 
1981  -6.9   2.1   3.0   9.7  14.6  20.1  22.3  20.7  16.8  10.6   6.7   1.4 
1982  -5.4   0.0   3.1   7.3  13.2  16.1  22.1  19.6  17.4  11.8   9.2   4.5 
1983   0.1   0.3   4.8   8.2  13.4  19.2  22.6  21.2  19.3  12.5   8.4   0.7 
1984  -2.8   3.5   0.4   7.4  13.9  19.6  22.3  22.0  16.5  12.5   7.4   4.7 
1985  -4.4   0.1   4.1   8.6  13.9  17.4  22.2  20.6  17.9  12.4   8.8  -0.4 
1986   0.2  -1.1   4.0   8.8  13.7  17.9  21.2  20.0  15.9  12.1   5.5   2.1 
1987  -1.2  -1.6   2.7   7.9  13.4  16.9  21.8  20.5  17.6  10.9   6.6   1.6 
1988  -3.3   0.7   3.5   7.9  13.8  19.5  23.7  23.8  17.2  10.1   7.7   0.7 
1989   0.9  -1.1   2.7   7.6  15.1  20.3  22.1  21.8  18.2  12.9   6.7  -6.3 
1990   3.1   2.1   4.9   8.2  12.8  19.3 -99.0  22.2  17.5  14.8   8.5   4.2 
