Number= 756241
Name= EVELETH-WASTE-WATER-
Country= USA---------
Lat=   47.5
Long=   92.6
Height= 440
Start year= 1893
End year= 1990
First Good year= 1893
Source ID= 30
Source file= New
Normals source= Data
Normals source start year= 1961
Normals source end year= 1990
Normals= -15.7 -11.9  -4.6   4.0  11.1  16.0  18.8  17.4  11.9   6.1  -3.2 -11.8 
Standard deviations source= Data
Standard deviations source start year= 1941
Standard deviations source end year= 1990
Standard deviations=   3.3   3.0   3.1   2.3   2.2   1.7   1.5   1.5   1.4   1.9   2.2   2.8 
Obs:
1893 -99.0 -99.0 -99.0 -99.0 -99.0 -99.0 -99.0 -99.0 -99.0 -99.0  -7.2 -18.9 
1894 -17.3 -15.5  -4.8   3.9   7.0  17.9  18.4  16.2  11.3   4.1  -8.1 -10.3 
1895 -19.7 -15.7  -9.2   5.5   9.8  15.1  15.3  15.0  10.8   1.3  -6.7 -11.7 
1896 -15.9 -13.2  -9.4   2.7  11.5  14.8  17.1  15.7   8.6   1.1 -11.5 -10.9 
1897 -18.2 -12.8  -8.6   2.5   7.9  12.9  18.8  13.8  13.9   4.5  -9.5 -18.0 
1898 -13.9 -11.3  -7.6  -1.0   6.6  16.4  17.5  15.0  11.3   1.4  -7.6 -13.9 
1899 -18.3 -19.5 -13.5   3.3   7.5  14.9  17.7  17.0   8.4   5.6  -0.3 -12.3 
1900 -12.4 -19.1  -9.7   5.9  10.6  16.4  16.2  20.4  11.4   9.2  -7.7 -12.6 
1901 -16.1 -16.2  -7.4   4.8  11.1  15.0  19.3  16.9  11.2   5.5  -6.0 -14.7 
1902 -14.0 -11.3  -1.9   2.0  10.7  13.0  17.6  14.3   9.3   4.1  -2.8 -14.8 
1903 -16.7 -14.9  -5.3   2.8  10.2  14.5  16.4  13.0   9.2   5.5  -8.1 -17.8 
1904 -19.5 -20.7  -9.0  -0.2   8.8  14.6  14.6  14.8   9.6   5.0  -0.9 -14.1 
1905 -18.3 -15.7  -4.5   1.6   7.4  14.4  17.1  16.8  12.6   2.6  -3.9 -10.5 
1906 -11.5 -14.9  -9.8   5.4   7.7  15.1  17.6  16.7  13.3   4.1  -4.0 -13.3 
1907 -19.2 -13.3  -6.1  -2.8   2.7  15.3  16.8  15.4  10.1   3.2  -3.9 -10.6 
1908 -13.2 -11.5  -7.0   4.0   8.8  14.3  17.3  14.8  13.8   5.7  -3.5 -12.8 
1909 -17.5 -13.9  -5.7  -1.5   7.8  16.4  18.2  18.2  11.1   4.1  -2.1 -13.7 
1910 -14.1 -16.3   2.0   6.2   7.1  18.1  18.2  15.4  11.4   6.5  -6.5 -14.3 
1911 -19.0 -11.1  -3.9   3.3  11.6  17.8  16.6  14.5  10.1   3.3  -9.2 -10.0 
1912 -25.4 -15.6  -9.3   3.8   9.6  13.2  17.3  13.3  12.0 -99.0  -2.2 -10.4 
1913 -17.7 -17.0 -10.6   5.4   7.4  15.8  15.8  16.9  11.6   2.8  -0.6  -6.4 
1914 -12.9 -19.9  -6.8   1.1  11.2  14.7  19.2  15.1  12.0   8.6  -4.0 -15.3 
1915 -16.2  -8.5  -4.9   8.5   7.7  12.1  15.2  14.8  11.5   5.6  -3.5 -10.4 
1916 -18.9 -16.4  -8.9   2.2   8.3  12.4  21.4  16.8  10.5   3.0  -4.1 -16.0 
1917 -18.4 -19.5  -6.6   1.4   9.8 -99.0  19.8  15.7  13.1  -0.9  -0.9 -18.7 
1918 -20.5 -14.6  -1.4   3.6   9.7  14.3  17.1  17.1   7.8   5.0  -0.9  -8.8 
1919 -11.0 -12.8  -6.6   3.5  11.0  17.4  19.1  16.1  12.2   1.7  -7.9 -18.0 
1920 -19.3 -13.5  -5.4  -1.2  10.1  15.2  16.2  16.1  13.9   9.0  -5.1 -10.4 
1921 -11.9  -9.6  -6.3   5.2  11.0  17.4  20.5  15.7  12.2   5.6  -8.1 -12.5 
1922 -16.6 -14.9  -5.1   3.0  13.8  15.4  16.3  16.8  13.2   6.2  -1.0 -15.2 
1923 -15.2 -16.9 -12.0   2.0  10.6  17.2  19.1  14.0  12.2   5.3  -0.6  -7.3 
1924 -21.0 -10.8  -5.2   2.1   6.1  12.6  16.2  14.5  10.2   8.9  -5.1 -18.7 
1925 -15.6 -12.0  -3.7   5.2   8.4  14.4  16.9  17.1  12.6  -0.9  -4.7 -14.1 
1926 -14.6 -10.9  -8.9   1.3  11.0  11.8  17.2  15.3   8.5   3.0  -8.2 -15.4 
1927 -17.1 -11.9  -3.4   2.3   6.9  13.6  15.8  13.5  13.5   6.2  -6.9 -18.8 
1928 -15.0 -11.9  -6.2  -0.9  11.6  12.6  16.9  16.2   9.6   5.1  -1.7  -9.5 
1929 -22.9 -16.5  -4.2   3.2   7.8  13.9  18.2  16.7  10.5   6.2  -6.1 -14.2 
1930 -20.3  -9.1  -5.7   4.5  10.1  15.9  17.6  18.2  11.4   4.7  -2.7 -10.4 
1931 -10.5  -6.1  -4.6   4.8   9.2  16.7  19.0  15.8  14.9   8.5   0.1  -6.7 
1932 -11.6 -12.7 -10.4   3.2  10.4  17.2  17.5  17.0  11.3   3.3  -6.0 -14.7 
1933 -12.2 -17.0  -6.1   1.9  10.7  18.6  18.9  15.6  13.4   2.1  -7.1 -17.0 
1934 -12.1 -14.8  -8.9   1.6  13.2  15.3  17.4 -99.0  10.5   6.8  -1.2 -15.0 
1935 -18.6  -9.6  -6.0   1.5   7.7  12.1  20.1  16.0   9.5   4.1  -8.1 -12.3 
1936 -19.9 -22.2  -6.3  -1.4  11.0  13.2  20.3  16.3  12.7   1.3  -7.5 -12.2 
1937 -20.5 -14.3  -7.7   1.5  10.7  14.7  18.2  19.0  11.7   2.8  -5.4 -14.2 
1938 -16.7 -10.1  -1.1   2.8   9.0  14.5  17.5  18.1  11.7   7.8  -6.1 -12.8 
1939 -13.1 -18.3  -8.1   1.1  11.1  15.1  18.5  16.8  12.1   3.6  -1.5  -6.5 
1940 -16.9 -10.7  -8.6   1.8   8.3  13.2  17.5  15.1  13.6   6.5  -6.9 -11.8 
1941 -14.3 -13.4  -6.6   6.6  12.6  15.4  20.0  15.7  12.4   5.5  -3.5  -9.4 
1942 -12.4 -12.4  -3.2   6.8   8.4  14.0  16.3  16.3   9.9   5.7  -4.7 -15.2 
1943 -19.3 -12.7 -10.5   2.0   8.5  15.0  19.5  16.4   9.8   6.0  -6.5 -11.8 
1944  -9.6 -13.7  -7.6   2.4  11.4  15.3  17.1  16.4  11.6   6.0  -1.0 -12.9 
1945 -15.9 -12.3  -0.2   1.1   6.3  11.9  16.1  15.8   9.8   4.0  -5.7 -15.0 
1946 -15.3 -15.4   0.4   4.1   8.5  14.4  17.9  15.3  11.1   4.9  -4.5 -13.6 
1947 -13.7 -15.4  -7.1   0.3   7.1  12.8  18.3  18.8  10.9   9.8  -7.0 -12.9 
1948 -17.6 -15.4  -6.5   4.4   9.6  13.9  17.7  17.2  14.2   6.6  -3.1 -12.7 
1949 -14.1 -15.6  -7.8   4.7  10.7  16.3  18.0  17.9  10.3   5.6  -2.7 -13.2 
1950 -20.6 -13.2  -9.6  -2.7   7.7  13.9  15.8  13.0  11.9   6.5  -7.0 -15.6 
1951 -16.6 -11.9  -8.5   2.0  11.7  13.5  17.0  13.7   8.9   4.4  -7.9 -14.2 
1952 -15.7  -8.3  -6.5   6.2  10.1  16.3  17.8  15.6  12.5   2.6  -2.4  -8.3 
1953 -13.1 -11.8  -4.4   1.5   9.2  15.5  17.2  17.8  11.3   9.4  -0.6 -11.6 
1954 -17.9  -5.6  -7.2   2.0   6.6  16.2  17.9  16.0  11.0   4.8  -1.2  -9.3 
1955 -14.6 -13.5  -9.5   7.3  12.1  16.4  20.2  18.8  11.6   6.8  -7.8 -15.4 
1956 -11.9 -13.0  -7.7   0.7   8.7  17.4  16.2  15.8  10.0   9.4  -3.1 -11.8 
1957 -19.9 -12.9  -5.6   3.0  10.0  14.5  19.5  16.5  11.1   6.2  -3.5 -10.3 
1958 -11.0 -12.9  -2.7   5.4  10.5  12.0  16.9  16.3  12.3   7.0  -2.8 -17.6 
1959 -19.0 -13.6  -3.7   3.1  11.0  16.3  18.5  18.4  12.2   3.3  -9.2  -7.0 
1960 -13.9 -11.2  -8.7   2.8  10.4  14.4  18.0  18.2  12.2   6.2  -2.3 -13.9 
1961 -16.4  -7.6  -1.2   1.0   9.6  16.9  18.3  18.9  12.1   6.6  -3.5 -12.1 
1962 -18.0 -14.4  -3.6   1.5  11.0  14.8  16.1  17.7  11.9   7.3  -0.4 -10.7 
1963 -19.9 -15.5  -3.2   4.9   9.1  17.0  19.4  16.4  13.5  11.4  -0.1 -15.3 
1964 -10.9 -10.9  -7.3   4.2  12.5  15.2  19.4  14.8  10.7   5.5  -1.9 -15.2 
1965 -17.5 -17.1 -10.2   3.0  11.5  14.8  16.6  15.8   7.5   6.5  -3.9  -7.7 
1966 -20.8 -12.6  -2.9   1.3   7.7  16.7  20.0  16.1  11.6   4.9  -5.2 -12.3 
1967 -14.1 -17.9  -4.9   2.5   7.3  15.3  17.0  15.2  12.5   4.5  -5.0 -10.9 
1968 -14.8 -13.9  -1.6   4.0   9.1  14.7  17.4  16.3  12.6   7.3  -2.8 -12.8 
1969 -15.5 -10.5  -6.7   5.4  10.8  12.0  17.5  18.7  12.4   3.5  -3.1  -9.4 
1970 -17.9 -13.5  -7.5   3.2   9.0  17.0  20.2  17.8  12.4   6.5  -4.1 -13.3 
1971 -19.9 -11.8  -6.5   3.5   9.3  17.5  16.1  15.8  13.1   8.0  -4.1 -12.1 
1972 -19.9 -15.5  -7.6   1.6  13.2  16.1  16.9  17.1  10.1   4.0  -4.1 -15.6 
1973 -12.2 -10.6   1.0   3.5  10.3  16.5  18.6  19.0  11.6   8.7  -3.0 -11.5 
1974 -16.0 -12.4  -6.5   4.2   8.0  15.3  20.9  16.2   9.9   7.0  -2.2  -7.8 
1975 -14.2 -11.7  -7.9   1.2  13.3  16.2  20.9  17.3  10.5   7.2  -1.9 -12.9 
1976 -16.3  -7.2  -6.0   6.7  11.2  18.0  19.3  19.0  12.5   2.4  -7.0 -17.7 
1977 -20.0  -9.2   0.5   7.5  16.1  16.6  19.3 -99.0  11.7   6.2 -99.0 -13.3 
1978 -17.4 -14.6 -99.0 -99.0 -99.0  15.3  18.0 -99.0 -99.0 -99.0 -99.0 -99.0 
1979 -99.0 -99.0 -99.0 -99.0 -99.0 -99.0 -99.0  15.8  12.8   4.3  -4.0  -7.7 
1980 -14.3 -12.7  -7.6   5.7  13.4  16.0  18.9  17.5 -99.0 -99.0  -2.4 -13.1 
1981 -12.8  -8.5  -1.9 -99.0 -99.0 -99.0  18.8  17.9  10.6 -99.0   0.6 -11.6 
1982 -22.3 -14.6  -7.0   2.3  12.5  12.7  18.9  16.0  12.4   7.2  -5.0  -8.4 
1983 -12.4  -8.0  -2.8   2.6   8.2  15.8  21.4  20.8  13.6 -99.0 -99.0 -99.0 
1984 -16.1  -5.8  -6.6   5.8  10.7  17.1  17.9  19.6  10.4   7.9  -4.3 -12.7 
1985 -16.7 -13.8   0.8   7.0  13.1  13.0  17.6 -99.0 -99.0 -99.0 -99.0 -99.0 
1986 -99.0 -99.0 -99.0 -99.0 -99.0 -99.0 -99.0 -99.0 -99.0   5.5  -5.7  -8.3 
1987  -9.4  -3.7 -99.0   9.2  13.2  18.6  20.4  17.1  14.0   3.4  -0.4  -6.5 
1988 -15.7 -14.2  -4.3   4.8  15.4  18.4  21.8  18.0  13.1   3.3  -2.9 -11.1 
1989  -9.4 -14.2  -6.8   2.5  12.0  17.1  21.0  17.8  13.0   7.4  -5.8 -16.5 
1990  -8.7 -11.1  -2.5   4.3   9.8  16.7  18.6  18.5  13.2   4.9  -1.2 -11.7 
