Number= 756340
Name= WEEPING-WATER-------
Country= USA---------
Lat=   40.9
Long=   96.2
Height= 335
Start year= 1882
End year= 1990
First Good year= 1882
Source ID= 30
Source file= New
Normals source= Data
Normals source start year= 1961
Normals source end year= 1990
Normals=  -6.0  -2.9   3.3  10.6  16.6  21.7  24.3  22.6  17.8  11.5   3.5  -3.9 
Standard deviations source= Data
Standard deviations source start year= 1941
Standard deviations source end year= 1990
Standard deviations=   3.0   3.2   2.9   1.9   1.8   1.6   1.5   1.5   1.4   1.8   1.9   2.8 
Obs:
1882  -1.2   1.4   5.8  12.8  11.0  22.5 -99.0 -99.0  16.7  13.7   3.1  -2.3 
1883 -10.8  -6.4   0.7  10.6  15.5 -99.0  31.1  29.0  20.4  11.2   4.2   1.5 
1884  -7.7  -6.2   1.3 -99.0  14.0  22.0  24.7  21.5  20.1  13.6   2.2  -8.1 
1885 -99.0  -5.8   2.4  10.1  14.6 -99.0  23.7  20.3  17.2   8.2   1.9  -1.1 
1886 -12.9  -3.3  -0.3  11.2  18.7  20.9  24.1  24.4  17.6  10.0   1.8  -5.3 
1887  -9.0  -5.6   3.7  12.9  19.5  24.5  24.5  22.7  18.7   8.5   2.2  -3.8 
1888 -99.0  -2.1  -0.5  11.1  14.6  20.7  26.3  23.3 -99.0   8.2   2.4   0.9 
1889  -3.2  -4.2   5.5  11.7  18.1  20.7  23.8  22.8  16.0   9.4  -0.2   4.7 
1890  -7.0  -3.1   0.5  13.2  15.9  23.5  25.7  21.5  15.2   9.9   3.7   1.0 
1891  -0.5  -4.5  -0.1  12.6  15.9  21.3  21.0  21.5  19.4   9.3   1.7   2.4 
1892  -6.0   0.2   2.6  10.1  13.9  22.0  24.3  22.3  17.5  11.3   0.8  -6.4 
1893  -8.5  -6.0   1.1   9.1  14.4  21.7  23.5  20.0  17.1  10.6  -0.1  -2.2 
1894  -6.5  -6.6   5.6  12.4  16.9  22.2  23.5  23.9  17.5   9.9   1.1   0.0 
1895  -7.9  -5.9   2.6  13.8  16.8  20.4  21.9  22.0  20.7   7.7   1.2  -2.0 
1896  -2.6  -0.2   1.8  14.5  19.2  22.0  23.2  22.7  14.3   8.0  -2.4   1.5 
1897  -6.2  -2.1   1.8  10.1  16.0  22.0  25.3  21.2  20.8  12.7   0.8  -5.9 
1898  -3.2  -1.2   3.4   9.6  15.4  22.9  22.8  24.2  17.5   8.2  -0.9  -5.8 
1899  -5.5  -9.6  -2.3   9.8  16.9  22.3  23.5  23.7  16.3  12.3   4.9  -3.8 
1900  -2.1  -7.6   1.9  11.9  18.1  21.0  22.9  23.8  17.2  13.4   0.2  -0.8 
1901 -99.0 -99.0 -99.0 -99.0 -99.0 -99.0 -99.0 -99.0 -99.0 -99.0 -99.0 -99.0 
1902 -99.0 -99.0 -99.0 -99.0 -99.0 -99.0 -99.0 -99.0 -99.0 -99.0 -99.0 -99.0 
1903 -99.0 -99.0 -99.0 -99.0 -99.0 -99.0 -99.0 -99.0 -99.0 -99.0 -99.0 -99.0 
1904 -99.0 -99.0 -99.0 -99.0 -99.0 -99.0 -99.0 -99.0 -99.0 -99.0 -99.0 -99.0 
1905 -99.0 -99.0 -99.0 -99.0 -99.0 -99.0 -99.0 -99.0 -99.0 -99.0 -99.0 -99.0 
1906 -99.0 -99.0 -99.0 -99.0 -99.0 -99.0 -99.0 -99.0 -99.0 -99.0 -99.0 -99.0 
1907 -99.0 -99.0 -99.0 -99.0 -99.0  19.4  23.2  22.0  17.9  10.7   2.9  -1.6 
1908  -1.7  -3.8   3.8  11.3  15.2  19.4  22.3  22.5  19.8  11.0   3.7  -1.7 
1909  -4.9  -1.0   2.1   8.2  15.4  20.8  22.9  24.9 -99.0  10.5   5.9 -10.3 
1910  -6.6  -4.8  11.0  12.5  13.7  20.4  23.7  22.2  18.9  13.5   3.1  -4.1 
1911  -3.8  -1.0   5.7   9.6  18.2  24.3  24.8  22.9  21.2  10.2   0.1  -2.6 
1912 -12.5  -5.0 -99.0  11.1  18.2  18.5  25.2  23.0  16.4  11.6   5.1  -1.0 
1913  -5.3  -5.4   1.6  11.2  17.1  21.7  25.6  26.1  19.0   9.3   6.9  -0.4 
1914  -0.8  -5.6   2.4  10.8  17.5  23.0  24.6  23.9  19.5  12.9   5.7  -8.8 
1915  -7.0  -1.2  -1.8  14.2  14.5  18.4  20.5  18.4  18.7  13.7   5.1  -2.7 
1916 -99.0  -5.4   5.2   9.2  16.2  18.1  25.4  22.5  17.5  11.6   3.4  -6.9 
1917  -5.7  -5.2   2.9   8.6  12.1  19.1  23.5  19.4  17.8   7.9   6.3  -8.5 
1918 -10.9  -3.7   7.3   7.8  19.7  24.1  24.3  26.1  16.6  14.5   5.9   3.2 
1919  -0.6  -1.8   4.6   9.5  15.8  21.5  26.0  22.7  21.8  10.4   3.1  -5.3 
1920  -3.0   0.1   5.8   7.0  15.6  21.3  22.5  20.3  17.9  15.4   2.5  -2.7 
1921 -99.0   1.2 -99.0 -99.0 -99.0  22.7  23.1 -99.0  20.9  14.2   2.8 -99.0 
1922  -4.5  -2.1   4.8  12.1  16.7  21.6  19.6  23.4  20.9  13.5   4.8  -2.6 
1923  -0.2  -3.4   1.4   9.9  14.0  20.1  24.2  20.9  17.7  10.6   4.7 -99.0 
1924  -9.7  -1.9   0.9  11.0  12.9  18.3  20.4  22.9  15.3  14.5   4.9  -8.2 
1925  -6.2  -0.6   4.9  14.2  14.9  20.6 -99.0  20.5  19.9 -99.0   2.9  -3.1 
1926  -3.7   1.9   2.6   9.7  18.8  20.1  26.1  23.1  17.0  11.5   0.6  -3.1 
1927  -2.4   0.0   4.4  10.5  15.5  19.8  23.7  18.5  18.5  12.7   4.5  -6.8 
1928  -2.8  -0.6   5.5   8.0  17.5  17.7  23.9 -99.0 -99.0 -99.0   2.8  -1.2 
1929  -9.3  -7.4   5.4  11.1  14.6  20.2  23.6  22.4  16.8  10.9  -0.4  -2.9 
1930 -12.4   3.6   3.4  12.5  15.4  19.8  25.9  22.7  18.6  10.2   5.2  -1.8 
1931  -1.7   0.9   1.6  10.7  14.2  24.3  24.5  21.6  22.2  13.7   5.3   1.0 
1932  -7.6  -1.8  -0.7  11.1  17.4  21.4  24.5  22.0  17.0   9.4   0.7  -7.8 
1933   0.2  -4.3   2.7   9.7  15.4  24.8  24.1  20.6  20.4  10.0   3.2  -1.6 
1934  -2.4  -3.6   1.3  10.9  21.0  24.6  28.1  24.0  15.9  13.6   5.6  -4.6 
1935  -5.0  -0.5   6.3   8.8  12.7  18.9  27.3  23.0  18.4  10.2   0.9  -3.2 
1936 -13.4 -15.7   5.2   8.6  19.4  21.6  28.4  26.1  19.2  10.1   1.4  -1.9 
1937 -12.0  -6.6   0.7   8.8  16.1  20.4  24.0  25.2  17.5   9.9   1.0  -3.6 
1938  -4.1  -1.6   7.0  11.0  15.6  21.3  25.8  24.9  19.6  15.3   2.4  -1.9 
1939  -0.3  -5.8   3.9  10.2  20.4  22.3  26.2  22.3  21.9  12.4   3.9   0.2 
1940 -15.2  -4.5   2.3   9.7  15.9  22.3  26.5  21.5  19.9  15.4   0.7  -1.8 
1941  -3.5  -3.1   2.1  12.3  19.4  20.8  24.7  24.4  19.8  12.1   4.2   0.1 
1942  -4.4  -4.3   3.6  13.3  14.6  20.5  24.4  22.6  16.1  11.6   4.0  -5.1 
1943  -6.7  -0.1   0.6  11.1  14.5  20.9  23.5  23.6  15.7   9.9   0.9  -3.1 
1944  -0.7  -2.4  -0.9   6.9  18.1  22.0 -99.0  21.9  17.4  12.1   4.1  -4.8 
1945  -4.1  -2.1   7.8   9.6  13.6  16.9  21.9  21.9  18.4  12.5   3.8  -6.9 
1946  -3.3   1.9  10.2  12.6  13.4  21.5  22.6  20.7  17.3  12.7   3.7  -0.4 
1947  -2.1  -5.3   1.1   8.9  13.9  18.4  21.7  26.0  20.0  16.9   1.5  -2.2 
1948  -6.7  -4.1   0.0  13.4  16.8  21.7  25.4  24.3  20.3  10.5   3.8  -3.3 
1949  -9.3  -6.9   2.1  10.7  18.0  22.8  24.9  22.8  15.6  13.6   7.0  -1.0 
1950  -5.8  -1.6   2.5   9.0  16.7  21.4  20.7  20.5  17.3  14.4   2.0  -2.9 
1951  -6.3  -1.8  -0.4   7.2  16.7  18.0  22.5  22.1  15.2  10.1   0.2  -6.1 
1952  -4.6   1.9   0.3   9.6  16.4  24.7  24.0  20.8  18.8   9.3   2.9  -4.0 
1953  -4.0   0.4   4.8   7.6  16.0  24.6  24.7  22.9  18.9  13.9   5.3  -0.2 
1954  -6.8   5.1   1.8  12.7  13.9  23.4  27.0  23.1  20.3  11.3   6.1  -0.6 
1955  -4.9  -5.9   2.2  14.3  18.1  19.2  27.0  24.9  19.9  12.2  -0.6  -5.0 
1956  -6.5  -3.6   3.1   8.7  18.4  23.4  23.7  23.8  18.3  14.7   2.8  -0.7 
1957  -8.4  -0.7   3.0   9.6  15.6  20.5  26.4  23.5  15.9   9.7   2.0   0.7 
1958  -3.7  -6.1   0.9   9.7  17.7  20.2  22.2  22.9  18.9  12.7   5.0  -2.8 
1959  -7.7  -4.5   4.0  10.2  17.1  22.3  22.1  25.1  17.6   9.4  -0.1   1.3 
1960  -6.9  -7.5  -5.4  11.6  16.2  20.2  22.5  22.9  19.0  12.4   3.8  -2.5 
1961  -4.3  -0.1   4.1   7.7  15.0  20.9  24.1  22.1  15.7  12.1   2.0  -7.5 
1962  -8.2  -2.9  -0.2   9.9  20.8  20.7  23.0  22.1  16.2  12.4   3.7  -2.6 
1963 -11.4  -2.7   5.4  11.9  16.5  23.3  24.5  22.8  18.7  16.2   5.9  -7.8 
1964  -1.7  -0.8   0.9  11.2  18.9  20.4  25.7  20.5  17.6  10.9   6.0  -4.2 
1965  -4.8  -5.6  -3.1  10.9  18.9  21.1  23.0  22.1  15.6  13.1   5.0   1.6 
1966  -7.3  -2.8   5.5   7.7  15.9  21.1  25.9  20.6  16.0  11.1   3.5  -3.1 
1967  -4.6  -2.8   5.7  11.7  14.9  20.1  22.1  21.0  16.1  10.7   2.9  -2.2 
1968  -5.6  -2.8   7.2  11.1  13.7  23.1  23.7  22.7  17.3  12.3   2.1  -4.6 
1969  -7.8  -3.8  -1.3  10.6  17.6 -99.0  24.9  23.3  19.3  10.1   5.1  -3.0 
1970  -8.4   1.6   2.4  11.8  19.7  22.1  24.4  24.1  18.2  10.2   2.7  -1.3 
1971  -7.4  -3.1   2.3  11.5  14.6  24.0  22.4  22.8  19.3  14.2   4.7 -99.0 
1972 -99.0 -99.0 -99.0 -99.0 -99.0  21.6  23.0  22.1  18.0   9.2   1.4  -6.8 
1973  -5.7  -2.6   5.3   9.2  15.1  21.6  23.4  23.9  17.3  13.6   3.9  -5.6 
1974  -7.4  -0.6   6.0  11.6  16.9  20.7  27.3  21.2 -99.0  13.5   4.4  -2.2 
1975  -5.5  -5.5  -0.2   9.3  17.9  21.5  24.6  25.3  16.4  13.5   4.1  -1.6 
1976  -4.6   1.9   4.1  12.2  14.9  21.9  25.3  24.1  18.5   8.9   0.3  -4.2 
1977 -10.8   0.0   6.8  13.8  20.2  23.0  26.5  22.2  18.5  10.7   3.0  -4.6 
1978 -11.7  -9.4   1.0  10.8  15.7  22.1  23.9  22.9  19.8  10.9   2.2  -5.3 
1979 -13.1 -10.0   3.2   9.0  15.9  21.4  22.7  22.5  18.8  11.4   2.0  -0.7 
1980  -5.1  -6.1   0.6   9.8  15.9  22.0  26.3  24.2  19.0   9.9   5.2  -2.3 
1981  -2.6  -1.1   5.2  14.5  15.1  22.7  24.0  20.8  18.1  10.4   5.2  -4.5 
1982 -11.2  -4.6   2.2   8.5  17.1  18.9  24.7  22.1  17.8  12.0   2.3  -1.1 
1983  -3.1  -0.1   3.5   6.9  14.4  21.2  25.9  26.9  20.1  12.2   4.4 -13.2 
1984  -5.8   1.7  -0.1   8.0  14.9  22.9  24.2  24.4  17.1  12.1   4.2  -2.3 
1985  -7.3  -5.4   5.4  12.4  17.3  19.7  23.5  20.3  16.6  11.2  -1.9  -7.5 
1986  -1.0  -4.3   6.6  11.2  16.7  23.0  24.4  19.8  18.9  11.0   0.4  -2.1 
1987  -2.5   2.1   4.6  11.5  18.5  22.4  24.7  21.3  17.2   8.4   5.8  -1.0 
1988  -6.3  -4.3   4.2   9.9  18.7  23.6  23.6  23.9  18.3   9.1   4.7  -1.0 
1989   0.3  -9.1   3.5  12.5  16.1  20.3  24.4  22.5  16.4  12.0   2.9  -7.9 
1990   0.6  -0.7   5.3  10.1  14.7  22.9  23.1  23.3  19.7  11.5   5.9  -5.9 
