Number= 756345
Name= ATLANTIC-CITY-STATE-
Country= USA---------
Lat=   39.4
Long=   74.4
Height= 3
Start year= 1874
End year= 1990
First Good year= 1874
Source ID= 30
Source file= New
Normals source= Data
Normals source start year= 1961
Normals source end year= 1990
Normals=   0.8   1.9   5.8  10.4  15.4  20.2  23.5  23.3  20.3  14.7   9.4   3.7 
Standard deviations source= Data
Standard deviations source start year= 1941
Standard deviations source end year= 1990
Standard deviations=   2.2   1.9   1.7   1.2   1.2   1.1   0.9   0.9   1.1   1.4   1.2   2.2 
Obs:
1874   1.6   0.5   3.4   5.4  13.2  20.4  21.3  20.5  19.6  12.4   5.7   1.6 
1875  -3.9  -4.2   1.0   5.5  12.6  18.3  23.0  22.0  17.4  12.0   4.1   1.4 
1876   2.1   0.8   1.9   7.7  13.0  20.4  23.5  23.0  18.0  10.4   6.6  -3.4 
1877  -2.1   1.5   2.6   7.9  13.7  19.4  22.3  23.6  19.0  14.5   7.7   4.2 
1878   0.0   1.8   5.9  11.3  14.8  18.2  22.7  22.2  19.9  13.7   6.2  -0.2 
1879  -2.8  -2.1   3.5   7.0  14.5  18.6  21.0  21.4  17.1  15.4   5.7   4.3 
1880   4.4   2.7   4.0   9.3  16.9  21.2  22.7  21.8  19.3  12.4   4.2  -2.2 
1881  -3.2  -1.9   3.2   7.0  14.0  18.3  23.0  21.9  22.3  15.7   8.2   4.8 
1882   0.0   2.4   4.5   7.9  11.5  19.2  22.6  21.9  20.2  15.3   5.0   0.3 
1883  -2.0   1.2   1.1   7.1  13.4  19.4  22.5  20.9  17.7  12.3   6.9   2.1 
1884  -2.3   2.3   3.3   8.0  14.8  18.7  21.5  21.8  20.6  14.2   7.0   2.9 
1885  -0.5  -4.0  -0.5   7.9  12.7  19.3  23.2  22.8  18.0  12.9   7.3   2.2 
1886  -1.8  -1.6   3.0   8.5  13.0  18.3  22.2  21.6  20.2  14.2   7.6   0.3 
1887  -1.0   2.4   1.8   8.0  15.4  19.2  24.6  22.0  17.2  12.8   6.1   2.2 
1888  -1.8   0.2   0.5   7.8  13.3  19.6  21.1  22.1  18.1  10.3   7.8   1.9 
1889   2.6  -1.9   3.4   8.9  14.7  19.6  22.7  21.3  18.5  11.4   8.6   6.0 
1890   5.1   4.6   3.0   8.3  13.6  21.1  22.2  22.2  19.1  13.5   8.0   0.4 
1891   1.3   3.2   2.3   9.1  13.4  19.5  21.1  22.8  21.0  13.0   6.6   4.8 
1892  -0.2   1.1   1.3   7.7  13.8  20.8  22.0  23.6  19.2  13.2   6.9  -0.4 
1893  -5.6  -0.5   2.1   8.1  13.3  19.9  23.1  22.8  18.7  14.1   7.5   2.8 
1894   2.5   0.3   6.3   8.3  15.0  19.9  21.9  21.5  21.2  14.6   6.2   3.1 
1895  -0.6  -4.2   2.7   7.8  13.3  21.1  21.9  23.5  21.4  11.5   8.8   3.5 
1896  -0.8   0.4   1.6   9.1  16.7  19.8  23.2  23.0  19.3  12.5  10.3   1.1 
1897  -1.1   1.0   4.6   8.8  14.2  19.3  23.1  23.0  19.9  14.5   8.1   3.1 
1898   1.7   0.9   6.2   7.9  12.8  19.8  23.6  24.0  20.5  14.9   6.9   2.0 
1899   0.2  -3.2   3.4   8.2  14.1  21.1  22.0  22.5  19.2  14.6   8.2   2.3 
1900   1.0  -0.4   2.2   9.0  14.6  20.3  23.7  25.1  21.7  16.1  10.1   2.4 
1901   0.4  -2.9   4.1   7.2  12.7  19.7  24.8  23.6  20.6  13.7   5.0   1.1 
1902  -1.0  -1.7   5.1   8.6  13.8  18.4  22.3  21.7  19.2  15.0  11.0   2.1 
1903   0.9   2.5   6.9   9.5  14.9  17.3  22.7  21.4  19.0  14.6   5.7   0.3 
1904  -2.6  -3.1   2.9   7.2  14.7  18.9  22.3  22.4  19.7  12.3   5.7  -0.1 
1905  -1.4  -3.5   3.8   8.4  14.4  18.9  23.1  22.1  19.7  14.3   6.9   3.7 
1906   3.6   0.4   2.3   9.8  14.6  20.5  21.9  24.2  21.5  13.9   7.6   2.3 
1907   1.7  -2.6   5.0   6.0  11.8  16.9  22.4  21.8  19.9  11.4   7.7   3.8 
1908   1.2  -1.1   5.0  10.0  14.2  20.1  23.2  21.7  19.2  15.4   7.9   3.2 
1909   2.8   4.3   3.6   9.0  14.4  20.1  22.1  21.6  19.0  11.9   9.1  -0.2 
1910   1.1   0.7   5.9  10.2  14.2  18.9  23.6  22.3  20.5  15.1   5.9  -1.1 
1911   2.4   1.7   3.0   7.2  14.8  20.4  23.7  23.2  20.1  14.1   6.7   5.4 
1912  -3.4  -1.1   2.8   8.7  14.5  19.7  22.2  22.0  20.3  15.1   8.9   5.2 
1913   5.8   0.9   6.0   9.6  15.3  19.5  23.4  22.7  19.4  14.7   9.1   4.6 
1914   2.0  -1.0   1.2   7.9  15.6  20.2  21.4  23.1  18.6  15.5   7.9   1.3 
1915   2.2   2.5   2.4  10.6  14.0  18.1  22.6  22.7  21.0  14.5   8.2   1.6 
1916   2.8  -0.2   0.6   8.0  15.2  17.7  22.4  22.9  19.2  13.8   8.5   1.8 
1917   1.8  -0.8   4.0   8.5  12.2  19.2  22.8  23.6  17.4  11.6   5.6  -1.7 
1918  -4.2  -0.2   4.6   8.1  15.5  18.5  22.2  23.8  18.7  15.4   8.2   5.0 
1919   3.0   2.1   5.9   8.9  15.0  19.2  23.2  22.2  20.0  16.7   8.5   0.9 
1920  -2.1  -0.4   3.9   8.5  12.1  19.7  21.1  20.9  20.4  15.7   8.4   4.3 
1921   2.1   3.2   8.3  11.1  13.8  19.8  23.5  21.6  22.1  13.9   9.1   2.2 
1922   0.1   2.6   4.9   9.2  15.8  21.1  22.3  21.8  20.4  15.2   8.5   3.1 
1923   2.0  -1.0   3.8   8.6  13.4  21.6  22.3  22.1  20.2  13.8   7.9   7.0 
1924   1.8   0.4   4.1   8.9  13.3  19.1  22.3  22.6  17.9  13.8   8.2   2.7 
1925   1.3   4.4   6.1  10.1  14.0  22.4  22.5  22.2  21.2  11.5   7.5   2.5 
1926   1.2   1.1   2.2   8.2  14.4  18.3  22.4  23.5  19.6  13.9   8.0   0.6 
1927   0.3   4.7   5.3   8.0  13.7  18.3  21.8  20.2  19.8  15.2  10.5   3.9 
1928   2.1   2.2   4.0   8.2  13.1  18.9  22.3  23.7  18.7  15.1   9.1   4.1 
1929   1.6   1.7   7.2  10.9  14.0  20.2  22.3  21.8  19.9  13.2   8.6   4.0 
1930   2.4   4.1   5.0   8.3  16.6  20.9  23.7  22.3  22.5  12.7   8.7   2.5 
1931   2.3   2.5   4.0   9.1  14.0  20.2  24.8  23.6  22.5  16.5  11.7   6.6 
1932   7.4   3.9   3.0   9.0  13.9  20.3  23.1  23.6  20.2  15.0   8.1   5.1 
1933   5.8   2.9   4.5   9.1  15.8  21.1  22.4  23.6  22.1  14.4   7.1   2.9 
1934   3.5  -4.7   2.3   8.9  14.9  21.5  24.3  22.2  21.0  13.2   9.9   2.4 
1935   0.2   1.2   6.5   8.7  13.4  20.0  24.0  23.4  19.1  14.1  10.2   0.3 
1936  -0.4  -1.8   6.1   8.2  15.3  19.6  23.2  23.4  20.1  15.3   7.4   5.1 
1937   6.3   2.3   4.0   9.3  15.5  20.8  24.3  23.3  18.9  13.4   8.4   2.9 
1938   2.1   3.8   6.2  10.6  14.8  19.5  22.8  23.9  19.5  14.4  10.1   4.2 
1939   2.2   4.2   5.1   9.0  15.5  21.1  22.5  24.7  20.4  14.9   7.6   3.9 
1940  -3.9   1.4   2.4   7.0  13.7  20.7  23.1  22.1  19.4  12.2   8.7   5.3 
1941   1.3   0.2   2.2  11.0  16.7  20.3  22.7  22.8  20.7  16.9  10.6   5.1 
1942   0.9   0.1   5.9  10.5  16.4  21.4  24.6  23.0  20.9  15.5   9.9   1.8 
1943   1.3   2.2   4.5   7.5  14.9  23.0  22.8  22.3  18.9  13.6   8.0   2.3 
1944   2.2   2.2   3.8   8.7  15.8  21.1  22.9  22.7  20.5  14.1   8.2   1.8 
1945  -1.5   1.9   9.1  11.1  14.3  21.1  23.7  22.6  21.3  14.4   9.9   0.8 
1946   1.9   2.4   8.0   9.9  15.2  19.2  22.5  22.2  20.5  16.3  11.1   5.4 
1947   5.2  -0.5   2.7   8.9  13.9  18.9  22.7  23.7  20.9  17.3   7.8   2.3 
1948  -1.4   1.3   5.1   9.0  13.9  20.0  23.3  23.2  20.2  13.7  11.5   4.9 
1949   5.4   5.0   5.0  10.3  14.7  21.7  25.3  24.5  19.0  17.1   9.1   4.8 
1950   6.8   2.8   3.1   8.0  13.0  19.8  23.1  22.3  18.5  15.6   9.6   2.6 
1951   3.4   2.9   5.2  10.4  15.6  20.1  23.7  23.1  20.7  16.0   7.4   5.1 
1952   3.8   3.7   4.5  11.1  15.1  22.0  25.3  23.7  20.7  13.2   9.4   4.6 
1953   4.7   4.6   6.7  10.4  16.0  20.1  24.3  23.6  21.0  15.3  10.1   5.9 
1954   1.6   4.8   5.1  10.4  14.5  20.6  23.3  22.5  20.6  16.6   8.3   2.8 
1955   0.7   1.3   6.0  10.3  15.3  19.6  24.4  24.6  20.4  15.9   7.9   0.4 
1956   0.7   4.0   4.0   7.9  12.9  20.4  22.4  23.1  19.1  15.0   8.6   7.3 
1957  -0.1   3.8   5.1  10.5  15.1  21.1  23.2  21.4  21.0  13.7  10.4   5.7 
1958   1.0  -1.2   4.1  10.2  13.9  18.8  23.7  22.9  19.6  14.0   9.9  -1.3 
1959  -0.1   1.3   4.6   9.8  16.2  21.9  23.2  24.4  22.0  16.3   8.5   4.8 
1960   2.7   2.9   0.6  11.6  15.7  20.8  22.4  23.2  20.4  14.7   9.6   0.2 
1961  -1.8   2.4   5.6   8.2  13.0  19.4  23.7  23.5  22.8  16.2  10.6   3.9 
1962   1.8   1.4   4.5  10.3  14.9  18.3  22.3  23.6  19.0  14.6   7.4   1.2 
1963   0.3  -0.7   7.1  11.3  15.1  20.9  24.3  22.0  17.5  15.3  10.4  -0.1 
1964   2.6   1.4   5.9   9.4  16.6  20.9  23.1  22.4  21.1  13.9  10.8   4.1 
1965  -0.1   1.3   4.2   9.1  17.1  20.0  22.8  22.9  21.0  13.6   8.9   4.2 
1966  -0.1   1.3   5.9   9.0  14.6  20.2  24.8  23.2  19.9  14.0  10.0   3.2 
1967   3.8   0.3   3.9  10.7  13.0  20.3  24.1  23.1  19.3  15.0   7.8   4.8 
1968   0.0   0.3   7.1  11.4  15.7  21.4  24.7  24.6  22.1  16.1   9.5   2.0 
1969   0.2   0.9   3.7  11.6  16.3  21.6  24.0  24.1  21.1  15.2   9.2   3.3 
1970  -1.4   2.6   5.0  10.6  16.3  20.7  22.5  23.8  20.6  15.1   9.5   3.4 
1971  -0.3   3.4   4.9   9.3  13.8  19.9  22.2  21.7  20.4  16.0   8.3   7.2 
1972   3.7   2.6   4.7   9.1  14.5  18.1  22.8  22.2  20.1  12.8   8.4   6.4 
1973   3.9   3.6   9.1  12.2  14.0  20.4  23.2  23.9  21.4  16.2   9.8   4.9 
1974   3.9   1.2   6.4  11.4  15.4  19.7  24.2  23.0  19.2  12.3   9.0   4.2 
1975   3.0   2.2   4.1   7.7  16.3  20.4  23.1  23.8  18.6  15.6  10.9   3.6 
1976   0.4   5.6   7.2  11.9  14.4  20.6  22.1  21.9  19.3  12.1   5.8   1.4 
1977  -4.2   2.0   7.6  11.2  16.1  19.5  24.1  24.5  22.1  14.1   9.8   2.7 
1978  -0.4  -2.3   4.3   9.8  12.9  18.8  21.4  23.6  18.8  13.3   9.4   4.1 
1979   0.6  -2.6   6.3  10.3  15.2  19.2  22.7  22.8  20.1  13.9  11.2   5.5 
1980   1.9   0.4   4.8  11.2  16.8  19.4  22.7  23.9  21.2  13.5   8.0   2.6 
1981  -1.2   3.9   5.2  11.8  15.9  21.9  25.3  23.7  20.0  13.0   8.7   3.3 
1982  -1.6   2.1   5.7   9.3  15.7  18.9  22.7  20.9  19.3  13.9   9.8   4.8 
1983   1.5   3.9   7.8  10.7  15.0  19.7  24.4  23.7  20.8  14.6   9.5   1.9 
1984  -0.9   5.2   4.2  10.6  15.9  22.7  23.0  25.2  20.1  17.5   9.1   8.4 
1985  -0.8   2.7   8.0  12.3  16.7  20.2  23.9  23.6  21.8  16.9  12.9   2.4 
1986   1.9   1.1   6.4  10.8  16.9  20.8  25.0  22.9  20.6  15.9   9.5   5.1 
1987   1.7   1.6   6.7   9.9  17.1  21.3  24.6  23.6  21.0  12.8  10.1   4.8 
1988  -0.8   1.8   6.1   9.7  15.2  20.2  23.1  23.2  19.4 -99.0 -99.0 -99.0 
1989 -99.0 -99.0 -99.0 -99.0 -99.0 -99.0 -99.0  23.9  20.7  15.2   8.4  -2.6 
1990   5.1   5.6   6.9  10.6  15.4  21.1  23.9  24.1  19.9  16.8  10.1   6.7 
