Number= 756304
Name= PHILIPSBURG-RS------
Country= USA---------
Lat=   46.3
Long=  113.3
Height= 1606
Start year= 1903
End year= 1990
First Good year= 1903
Source ID= 30
Source file= New
Normals source= Data
Normals source start year= 1961
Normals source end year= 1990
Normals=  -6.1  -3.5  -0.5   3.7   8.1  12.5  15.9  15.2   9.8   5.3  -1.4  -5.5 
Standard deviations source= Data
Standard deviations source start year= 1941
Standard deviations source end year= 1990
Standard deviations=   3.3   2.4   2.2   1.9   1.4   1.4   1.1   1.3   1.8   1.7   2.3   2.9 
Obs:
1903 -99.0 -99.0 -99.0 -99.0 -99.0 -99.0 -99.0 -99.0 -99.0   8.3  -1.7  -2.8 
1904  -3.8  -4.3  -2.4   6.6   9.2  12.4  16.3  16.7  13.8   8.8   5.0  -1.7 
1905  -6.2  -6.7   2.6   6.3   8.0  12.6  16.8  16.6  12.4   2.9  -0.1  -3.3 
1906  -2.5  -2.1  -4.6   6.3   7.9  11.3  18.2  16.0  12.4   7.3  -2.0  -1.2 
1907 -12.2  -2.2  -1.3   2.6   7.1  11.1  15.8  13.6  10.5   8.9   1.4  -4.8 
1908  -6.4  -4.8  -1.3   3.7   6.6  10.2  17.3  15.2  11.9   5.1   1.0  -3.9 
1909  -7.6  -2.7  -1.6   0.5   6.7  12.0  15.9  16.3  11.6   6.9   1.3  -8.3 
1910  -7.7  -8.5   5.1   8.6  10.7  14.6  18.6  15.0  10.9   8.8   0.7 -99.0 
1911  -5.4  -8.3 -99.0 -99.0   7.4 -99.0 -99.0 -99.0   9.4   5.1  -3.0  -5.7 
1912 -99.0 -99.0  -7.4 -99.0 -99.0  15.1  14.9 -99.0 -99.0 -99.0 -99.0 -99.0 
1913 -99.0  -8.0  -2.2   5.5   9.0  14.1  15.3  17.9  12.6   4.8   1.9  -5.1 
1914  -2.7  -4.5   2.4   6.0  10.5  12.6  18.1  16.5  10.7   5.7   1.4 -10.4 
1915  -5.1  -4.2   0.4   7.5   7.8  11.4  15.1  18.9   9.3   6.8  -1.9  -6.6 
1916 -15.6  -6.1   1.0   4.5   5.6  11.3  17.1  16.1  11.1   4.2  -4.2  -8.5 
1917  -8.1  -5.8  -6.5   1.5   6.9  12.1  18.8  16.5  13.2   6.4   3.6  -0.2 
1918  -5.5  -5.5   2.5   3.2   6.8  16.9  17.7  15.1  12.2   7.9  -1.3  -3.4 
1919  -2.4  -5.4   0.6   5.6   9.5  15.2  19.2  17.6  12.2   1.6  -3.3  -7.8 
1920  -3.4  -4.0  -3.3   1.1   6.8  12.4  18.3  16.6  11.2   4.6  -1.4  -3.4 
1921  -5.2  -1.2   0.3   2.5   8.9  15.2  17.5  16.4   8.4   8.6  -0.4  -7.3 
1922  -9.1  -9.2  -2.8   1.1   7.8  15.7  16.3  17.6  13.1   8.0  -2.3 -99.0 
1923  -5.3  -7.2  -1.2   4.2   8.6  12.5  18.4  16.3  12.3   3.8   2.1  -4.8 
1924  -6.1  -0.6  -3.0   3.2   9.6  11.9  17.3  15.1  10.9   6.3  -0.5  -9.1 
1925  -3.5  -0.2   1.2   6.0  10.2  12.9  18.6  15.9  10.5   2.8  -0.2  -0.3 
1926  -4.1  -0.1   1.2   6.3   8.8  14.0  18.1  16.0   7.3   7.0   1.3  -3.6 
1927  -6.0  -4.2  -0.1   2.9   5.5  13.4  17.1  14.7   9.9   6.7   0.9  -9.9 
1928  -4.5  -6.4   0.1   2.7  11.3  10.4  17.4  14.6  11.4   5.7 -99.0  -5.4 
1929 -10.3  -8.1  -0.9   1.7   7.3  12.3  17.0  18.7   8.2   5.4   0.2  -0.7 
1930 -15.5  -1.0  -1.8   7.4   8.4  12.5  17.8  17.5  11.4   3.5  -0.7  -4.6 
1931  -2.7  -2.6   0.3   3.8   9.7  14.1  17.2  16.9  10.0   5.3  -3.7  -5.1 
1932  -8.1  -4.4  -3.4   3.8   8.4  13.5  16.4  15.0  10.5   3.5   1.5  -9.8 
1933  -6.1  -9.1  -0.7   2.3   5.4  14.2  17.2  14.7   9.0   7.7   2.7  -0.3 
1934  -1.2  -0.4   3.7   7.1  11.5  11.8  16.2  16.3   9.2   7.0   2.2  -4.3 
1935  -4.6  -1.5  -2.2   1.6   6.2  12.0  16.5  15.4  11.0   4.5  -2.6  -2.9 
1936  -6.1 -13.4  -2.1   5.1  11.1  14.0  19.4  16.8  10.8   6.5   0.0  -3.7 
1937 -16.7  -6.2  -1.8   3.0   9.2  12.6  17.5  15.4  12.1   7.3  -0.5 -99.0 
1938  -5.2  -5.3  -1.5   5.8   7.2  13.1  17.0  15.5 -99.0   4.2  -3.3  -3.0 
1939  -2.0  -7.7   0.5   5.8   9.4  11.1  17.7  16.1  11.0   4.9   2.3  -1.1 
1940  -8.8  -3.4   1.5   3.5   9.8  14.1  16.8  17.0  12.6   6.5  -4.4  -2.7 
1941  -2.4  -3.0   1.5 -99.0 -99.0 -99.0 -99.0 -99.0 -99.0 -99.0 -99.0 -99.0 
1942  -8.5  -7.6  -1.3 -99.0 -99.0 -99.0 -99.0 -99.0 -99.0 -99.0 -99.0 -99.0 
1943  -7.8  -3.0  -3.9   6.2   6.1  10.2  15.8  15.5  11.1   4.5  -0.6  -4.9 
1944  -5.3  -4.6  -2.8   4.6   8.5  11.4  15.3  14.0  11.3   8.9  -0.4  -5.4 
1945  -3.5  -2.5  -0.2   1.9   7.4  10.6  16.7  16.6   9.2   7.6  -1.2  -5.0 
1946  -3.4  -3.0   2.6 -99.0   7.7  11.8  17.0  15.5   9.3   1.3  -1.6  -2.2 
1947  -6.8  -4.0   1.2   4.2  10.4  10.5  17.1  15.4  10.4   7.2  -3.9  -5.0 
1948  -7.7  -6.2  -4.3   3.7   8.7  13.3  14.4  15.1  10.7   4.7  -1.5 -10.8 
1949 -15.5  -7.5  -2.9   6.1   9.6  12.0  15.6  16.2  10.8   2.6   3.9  -5.7 
1950 -11.1  -2.5  -2.2   2.6   5.9  11.1  15.2  15.0   9.1   6.1  -1.6  -1.2 
1951  -8.1  -3.9  -4.2   2.6   7.3   9.5  16.3  14.4   9.4   4.0  -1.9  -7.6 
1952  -6.3  -4.9  -4.3   5.5   9.2  12.5  14.6  15.4  12.0   7.5  -3.6  -4.4 
1953   0.2  -3.4   0.5   2.2   6.0  10.9  16.8  15.7  12.5   7.2   2.1  -2.5 
1954  -5.8   0.0  -3.0   4.0   8.5  10.1  17.7  14.4  10.8   4.5   3.6  -3.4 
1955  -6.7  -7.2  -5.0   1.4   6.7  12.2  15.6  16.5  10.5   6.6  -6.1  -7.8 
1956  -6.8  -6.8  -2.3   4.0   9.6  13.5  17.1  15.1  11.6   5.1  -1.4  -1.6 
1957 -12.1  -4.6  -0.8   3.2   9.8  12.8  17.0  15.6  11.3   3.9  -2.6  -1.6 
1958  -4.6  -1.7  -3.3   2.6  11.7  12.5  14.8  17.0   9.8   6.3  -0.9  -0.5 
1959  -3.9  -7.2  -0.7   4.3   5.9  13.5  16.3  14.7   9.1   4.9  -2.8  -2.6 
1960  -8.7  -6.2  -1.3   4.1   7.5  13.1  18.5  13.7  11.1   5.7  -1.6  -4.5 
1961  -2.3   0.1   0.2   2.6   8.6  15.7  17.2  18.4   7.4   4.7  -2.3  -5.9 
1962  -8.6  -5.4  -2.4   5.6   7.7  12.4  14.8  14.7  10.3   6.4   0.2  -1.4 
1963 -10.8   0.8  -0.3   2.6   8.5  11.7  15.2  15.8  13.3   7.8   0.9  -4.3 
1964  -5.5  -4.7  -3.8   2.7   7.9  11.4  16.7  13.9   8.6   6.3  -2.2  -6.5 
1965  -4.1  -2.7  -5.4   4.3   6.7  11.2  15.6  14.4   5.2   7.8   0.2  -3.5 
1966  -4.9  -5.8  -0.9   3.3   9.8  11.0  16.7  14.9  12.6   5.0  -0.3  -3.5 
1967  -3.8  -2.7  -1.7   0.9   7.8  12.2  17.0  17.1  13.3   5.2  -1.5  -9.1 
1968  -8.3  -3.2   2.1   1.5   6.5  12.0  16.0  13.4   9.6   5.4  -1.2  -7.3 
1969  -8.7  -7.9  -3.8   5.9   9.6  11.0  15.3  16.2  10.5   1.6   0.4  -2.8 
1970  -5.4  -2.1  -2.4   0.1   8.5  13.6  16.6  15.8   7.3   2.6  -1.6  -6.2 
1971  -5.6  -2.8  -1.5   3.5   8.5  11.1  15.4  17.8   7.7   2.6  -1.8  -8.1 
1972  -8.7  -4.4   2.0   1.0   7.0  13.2  15.0  16.2   8.2   4.2  -2.8 -10.5 
1973  -7.4  -4.7   2.1   3.3   8.9  11.7  16.2  15.4   9.2   5.4  -3.4  -3.0 
1974  -9.0  -2.2  -0.6   5.7   6.5  14.7  17.1  14.1  11.8   7.8   0.4  -4.2 
1975  -6.5  -6.9  -3.3  -0.9   6.2  10.4  17.9  12.9   9.4   4.0  -3.8  -4.9 
1976  -2.6  -3.0  -1.9   4.3  10.0  11.4  16.0  13.6  10.7   5.5   0.3  -1.9 
1977  -7.2  -1.1  -1.6   5.8   7.6  13.7  14.0  14.7   9.4   5.5  -2.9 -99.0 
1978  -5.4  -3.8   2.4   4.6   7.0  11.9  15.2  14.0  10.7   6.2  -5.7  -9.8 
1979 -15.6  -4.4   1.0   3.8   9.1  13.3  16.0  16.1  12.6   6.2  -4.0  -0.8 
1980  -9.8  -3.0  -2.2   5.4   9.0  11.4  15.0  12.4  10.7   5.1  -0.9  -1.5 
1981  -3.2  -2.8   0.8   3.6   7.7  12.4  15.1  16.9  11.4   4.5   0.5  -4.8 
1982  -7.1  -6.8  -0.3   1.5   7.1  11.9  14.9  16.0 -99.0   3.9  -3.3  -7.0 
1983  -2.6  -1.2   0.8   1.6   7.0  11.4  14.1  17.0   8.7   5.8  -0.3 -13.2 
1984  -1.8  -0.6   1.4   3.0   7.9  11.1  15.9  16.3   7.0   3.1  -1.6  -6.7 
1985  -8.1  -5.8  -1.3   5.7   9.3  12.5  18.4  13.3   7.2   4.1  -8.3  -7.1 
1986  -1.2  -2.4   3.8   4.4   9.7  15.5  13.7  16.3   8.1   6.3  -1.0  -2.5 
1987  -5.1  -0.9   1.9   8.2  10.0  13.8  15.2  14.0  11.6   6.5   1.8  -5.5 
1988  -6.6  -1.8   1.1   7.1   9.3  16.3  16.5  15.3  10.1   8.6  -0.2  -3.3 
1989  -3.2 -11.2  -1.2   5.5   8.0  12.8  18.1  14.4  10.1   5.6   2.0  -4.0 
1990  -2.7  -3.0   0.7   5.8   6.8  12.7  16.4  15.5  12.8   5.6   1.8  -9.6 
