Number= 756382
Name= STILLWATER-RESERVOIR
Country= USA---------
Lat=   43.9
Long=   75.0
Height= 515
Start year= 1927
End year= 1990
First Good year= 1927
Source ID= 30
Source file= New
Normals source= Data
Normals source start year= 1961
Normals source end year= 1990
Normals= -10.4  -9.5  -3.7   3.4  10.8  15.5  18.3  17.2  13.2   7.0   1.0  -7.1 
Standard deviations source= Data
Standard deviations source start year= 1941
Standard deviations source end year= 1990
Standard deviations=   3.0   2.7   2.6   2.1   1.8   1.2   0.9   1.4   1.3   1.8   1.8   3.1 
Obs:
1927  -9.7  -5.7  -1.1   2.4 -99.0  13.1  17.6  14.8  14.2   8.8   2.2  -5.5 
1928  -8.8 -99.0  -5.2   0.7  10.0  13.9  18.6  19.0  11.5   7.8   0.6  -4.7 
1929  -9.7  -9.0  -0.5   4.8  10.3  15.4  17.2  14.6  14.8   5.8   0.4  -6.7 
1930  -7.6  -6.6  -4.1   2.1  11.4  17.1  17.5  16.4  14.7   7.4   2.2  -6.2 
1931 -10.0  -9.3  -2.2   4.6  11.4  15.9  20.1  17.8  15.9   9.0   4.5  -5.2 
1932  -2.2  -7.8  -6.4   1.5  11.0  15.0  15.8  17.2  13.8   8.1  -1.1  -4.4 
1933  -3.8  -7.9  -4.8   4.2  11.6  16.5  19.4  17.5  14.7   5.6  -4.5  -9.5 
1934  -8.2 -18.4  -5.8   4.0  11.7  17.2  18.9  15.3  15.8   4.7   2.6 -10.4 
1935 -13.2 -10.5  -3.8   2.9   8.0  15.0  20.1  17.4  11.6   6.5   2.5 -10.5 
1936 -11.0 -13.4  -0.2   2.3  12.2  16.0  17.7  16.3  13.6   6.9  -2.6  -5.7 
1937  -3.8  -5.9  -7.7   3.1  12.1  16.9  19.7  20.5  13.2   6.0   0.5  -7.5 
1938  -9.9  -7.0  -2.7   5.1  10.9  16.6  18.8  19.1  11.4   9.5   1.6  -7.1 
1939  -9.3  -7.6  -6.5   1.5  11.5  15.7  18.1  19.3  13.3   6.3  -2.9  -7.7 
1940 -15.4  -9.7  -7.9   1.1  11.0  14.9  17.8  17.0  12.7   4.9  -1.0  -6.9 
1941 -12.3 -11.2  -9.8   6.3  11.2  16.4  19.2  15.5  14.4   6.8   1.8  -6.1 
1942 -11.4 -11.7  -1.7   5.1  12.4  15.7  17.9  16.2  12.9   7.5  -0.6 -10.9 
1943 -12.9 -10.7  -6.0  -2.3   9.6  17.4  18.9  16.8  12.9   6.6  -1.5 -11.9 
1944  -8.6 -12.0  -7.7   0.3  14.2  16.0  19.1  18.5  13.8   5.7   0.5 -10.8 
1945 -15.0  -8.4   1.1   6.3   8.4  15.8  18.6  17.2  15.0   6.1   1.5 -10.7 
1946 -10.0 -12.4   2.2   2.6  10.1  14.6  17.9  15.3  15.1   9.5   2.6  -6.2 
1947  -7.1 -11.2  -4.8   2.7  10.1  15.5  18.9  20.3  14.9  12.1   0.0  -9.1 
1948 -12.2 -11.2  -3.7   6.1   9.7  15.7  18.9  18.1  15.1   7.4   5.7  -4.6 
1949  -4.9  -5.0  -2.7   4.7  11.6  19.4 -99.0  19.4  12.6  11.1  -0.1  -4.9 
1950  -3.0  -9.2  -7.5   1.8  11.1  15.3  17.8  17.3  11.6   9.2   2.3  -7.6 
1951  -6.6  -6.8  -2.3   4.1  11.4  15.3  18.2  16.5  13.4   9.0  -2.5  -6.0 
1952  -7.3  -6.5  -3.7   5.8   8.7  15.5  19.4  17.5  14.2   4.8   2.2  -5.0 
1953  -5.9  -6.9  -2.4   3.6  11.9  16.2  18.6  18.2  14.0   9.1   3.3  -3.4 
1954 -12.3  -5.2  -3.9   4.6  10.2  16.9  17.3  16.2  12.4  10.0   1.8  -7.5 
1955 -11.7  -8.5  -4.2   6.4  13.0  16.6  21.1  20.7  13.2   9.1  -0.3 -11.4 
1956  -8.6  -7.4  -6.6   1.5   7.6  16.2  16.5  17.0  11.3   7.8   1.5  -4.2 
1957 -13.6  -5.9  -2.7   4.7  10.0  18.2  17.5  15.6  13.6   6.5   1.8  -4.0 
1958  -9.4 -12.7  -1.7   4.8   8.6  13.0  18.1  16.7  13.2   7.0   1.8 -13.2 
1959 -11.2 -13.0  -5.8   3.9  11.7  16.2  19.1  19.4  15.4   7.7   0.3  -5.5 
1960 -10.0  -6.8  -9.0   4.7  13.2  15.4  16.6  16.5  14.4   5.8   2.8 -10.7 
1961 -13.3  -8.6  -3.8   1.8   9.0  14.9  18.1  17.4  17.8   9.0   1.5  -6.8 
1962 -10.1 -11.2  -3.0   3.7  12.4  15.9  16.6  16.9  12.0   7.0  -1.3  -8.4 
1963 -10.2 -13.2  -3.7   3.2   9.2  15.8  18.2  14.9  11.3   9.9   4.0 -11.9 
1964  -8.0 -10.5  -2.6   3.0  12.2  14.9  19.4  14.5  13.0   5.9   2.5  -6.1 
1965 -11.0  -9.5  -5.3   0.9  12.0  14.4  16.0  16.9  14.2   5.9  -0.7  -4.6 
1966 -11.1  -9.7  -3.7   2.1   7.2  15.9  18.6  17.3  11.8   5.4   2.9  -6.7 
1967  -5.9 -12.4  -5.7   3.4   6.6  17.9  18.2  17.1  12.8   7.3  -2.3  -5.7 
1968 -12.9 -12.2  -2.0   6.4   9.2  14.6  18.4  16.5  14.9   8.2  -0.2 -10.2 
1969 -10.0  -8.0  -5.0   3.3   9.6  15.3  18.1  18.2  13.9   6.4   0.9  -9.9 
1970 -15.9  -9.4  -5.5   3.0  11.7  15.2  18.0  17.9  13.4   9.1   3.0  -9.9 
1971 -14.4  -8.9  -7.8  -0.5   8.5  15.6  16.7  15.9  14.8  10.6  -0.4  -5.9 
1972  -8.3 -12.6  -5.5  -0.3  12.1  15.1  18.7  16.5  14.3   4.8  -1.0  -5.0 
1973  -7.5 -10.6   2.3   5.7  10.1  17.4  19.6  19.8  13.5   8.9   1.1  -5.7 
1974  -7.4 -11.0  -4.5   4.6   9.1  16.1  18.1  18.2  12.6   4.2   1.6  -4.4 
1975  -7.9  -7.9  -5.9  -1.2  13.6  16.6  19.6  18.1  11.5   8.3   3.8  -7.2 
1976 -13.6  -5.9  -2.3   5.2   9.2  17.9  17.1  16.8  11.8   4.6  -2.3 -11.5 
1977 -14.4  -8.0  -0.6   4.1  12.6  14.4  18.2  16.5  13.6   6.2   2.9  -7.4 
1978 -10.2 -13.8  -6.2   1.7  11.7  15.4  18.6  17.8  12.1   5.7   1.3  -6.5 
1979  -9.5 -15.4  -1.0   3.6  12.2  15.4  19.1  16.8  13.1   6.8   3.9  -4.6 
1980  -8.1 -11.2  -4.4   4.7  11.7  13.8  18.6  19.3  13.5   5.0  -2.1 -11.0 
1981 -15.2  -3.5  -3.2   5.4  11.9  15.6  18.9  17.7  12.4   5.4   0.7  -5.7 
1982 -14.7  -8.5  -4.0   1.8  13.3  14.6  18.7  15.5  14.1   8.2   2.4  -2.3 
1983  -8.2  -6.1  -0.7   3.5   9.5  16.6  19.2  18.8  14.9   7.8   1.1  -8.5 
1984 -10.7  -3.1  -7.6   4.9   9.0 -99.0  18.0  19.2  12.1   9.9   0.3  -2.4 
1985 -11.9  -7.6  -3.4   4.7  11.9  13.0  17.5  16.8  14.2   7.5   2.6  -8.0 
1986  -9.6 -10.0  -1.7   6.9  13.1  14.1  17.8  15.8  12.1   6.4  -0.4  -4.7 
1987  -9.7 -11.3  -1.4   7.4  11.7  16.3  19.1  16.3  12.9   5.7   0.9  -4.2 
1988 -10.5  -9.3  -5.2   4.1  12.1  13.9  19.4  18.2  12.0   4.7   1.6  -8.0 
1989  -7.3  -9.7  -4.6   1.2  11.2  16.2  18.2  16.2  13.1   7.1  -0.4 -17.2 
1990  -3.5  -6.1  -2.5   4.7   9.3  15.7  18.1  17.9  12.4   8.5   1.8  -3.0 
