Number= 756318
Name= HASTINGS-4N---------
Country= USA---------
Lat=   40.7
Long=   98.4
Height= 591
Start year= 1890
End year= 1990
First Good year= 1890
Source ID= 30
Source file= New
Normals source= Data
Normals source start year= 1961
Normals source end year= 1990
Normals=  -4.7  -1.7   3.7  10.8  16.8  22.3  25.0  23.4  18.3  11.9   3.7  -3.1 
Standard deviations source= Data
Standard deviations source start year= 1941
Standard deviations source end year= 1990
Standard deviations=   3.2   3.2   3.0   2.0   1.7   1.7   1.3   1.7   1.7   1.8   1.9   2.9 
Obs:
1890 -99.0 -99.0 -99.0 -99.0 -99.0 -99.0 -99.0 -99.0  18.6 -99.0 -99.0 -99.0 
1891 -99.0 -99.0 -99.0 -99.0 -99.0 -99.0 -99.0 -99.0 -99.0 -99.0 -99.0 -99.0 
1892 -99.0  -1.1   2.2   9.9  12.3  22.9 -99.0  23.4  20.0  14.7   5.9  -3.1 
1893 -99.0 -99.0 -99.0 -99.0 -99.0 -99.0 -99.0 -99.0 -99.0 -99.0 -99.0 -99.0 
1894 -99.0 -99.0 -99.0 -99.0 -99.0 -99.0 -99.0 -99.0 -99.0 -99.0   2.5  -1.5 
1895  -7.0  -6.2 -99.0  13.4  17.5 -99.0 -99.0  22.5  19.7   8.3   1.5  -2.0 
1896  -1.7   0.1   0.3  12.6  18.0  22.0  24.1  23.3  15.6   9.8  -1.2   3.0 
1897  -3.0  -0.8   3.9  11.8  18.3  21.9  25.6  22.2  22.8  13.1   1.5  -3.4 
1898  -0.2   0.9   5.1  11.9  16.6  22.1  24.4  24.7  18.9   9.5   1.0  -2.9 
1899  -2.6  -8.8  -0.6  11.4  18.5  22.6  23.3  25.2  19.3  13.8   7.3  -3.0 
1900  -0.3  -4.4   5.0  13.8  20.9  24.6  25.6  26.0  18.8  14.5   2.7   1.7 
1901  -1.3  -3.6   4.4  12.4  19.0  24.3  30.7  26.3  18.7  13.8   5.4  -2.2 
1902  -1.7  -3.6   6.9  12.6  20.2  19.9  23.4  22.9  16.5  13.0   5.0  -4.9 
1903  -1.6  -6.1   4.0  12.6  17.0  18.3  25.1  22.7  17.3  13.4   3.6  -0.7 
1904  -3.6  -3.5   5.6   9.6  18.0  20.7  23.7  22.4  18.2  13.7   6.7  -1.5 
1905  -7.3  -6.8   9.0  10.8  16.9  22.2  23.1  25.3  20.4  11.4   6.7   0.7 
1906   0.6   0.1  -0.9  14.5  19.3  22.8  24.3  24.7  20.8  11.8   4.0  -0.6 
1907  -5.1  -1.6   8.6   7.5  15.4  21.5  25.1  25.0  19.8  13.2   4.7  -0.2 
1908   1.4  -0.4   7.9  15.5  17.0  20.5  22.7  22.5  21.4  11.3   5.5   1.1 
1909  -3.5   0.0   4.6   9.6  17.1  21.5  24.7  26.5  18.2  11.6   5.7  -7.3 
1910  -4.7  -2.5  13.8  13.9  15.0  21.1  24.9  22.5  19.4  14.5   4.3  -0.7 
1911  -2.2   0.2   8.5  12.1  19.2  26.0  24.9  22.5  20.7  10.5   0.8  -1.7 
1912  -9.4  -1.6  -0.8  12.4  19.0  19.8  25.5  24.3  17.7  12.0   6.3   1.6 
1913  -3.7  -3.4   3.9  13.8  18.2  22.8  26.7  28.4  19.0  10.0   7.3   0.9 
1914   1.1  -3.8   5.0  12.7  18.4  24.0  25.6  24.5  20.4  13.8   7.3  -7.6 
1915  -5.1  -0.1  -1.4  15.8  15.9  19.0  22.0  20.5  18.4  14.2   6.6  -0.2 
1916  -7.7  -1.9   6.7  10.6  17.6  18.8  27.4  24.2  18.4  11.6   3.8  -5.6 
1917  -3.0  -4.4   4.4  10.2  14.9  21.6  26.2  22.5  19.4   8.0   7.9  -5.5 
1918 -10.0  -1.6   8.7   8.9  19.6  24.3  23.9  25.9  16.3  13.9   4.5   1.6 
1919   0.8  -2.0   5.0   9.9  16.2  21.3  26.6  24.4  20.5   7.2   0.6  -5.4 
1920 -99.0  -0.8   5.3   7.4  16.5  21.8  24.9  22.2  20.7  15.2   2.4  -1.4 
1921   1.3   3.2   8.6  12.2  18.4  24.2  25.7  25.1  22.0  15.0   4.2   0.7 
1922  -4.4 -99.0   6.1  11.0  18.1  24.1  24.1  26.6  22.1  14.5   3.8 -99.0 
1923 -99.0 -99.0   4.8  12.1  16.5  22.2  26.9  24.6  20.6  10.4   6.7   1.1 
1924  -4.9 -99.0 -99.0 -99.0  14.1  20.9  24.0  25.4  17.5  15.4   5.6  -7.3 
1925  -4.5   2.2   8.1  14.7  16.1  24.5  25.1  24.6  21.2   6.3   4.5  -0.5 
1926  -0.3   5.0   4.3  10.7  19.9  22.2  26.0  25.6  18.5  13.7   2.8  -1.2 
1927  -0.8   2.8   5.4  12.6  17.4  21.1  24.1  21.6  19.7  15.3   5.0  -4.5 
1928   1.5   2.1   8.2  10.5  18.6  18.7  24.5  24.8  18.5  13.0   4.2   0.2 
1929  -7.0  -5.5   7.2  12.2  15.7  21.5  25.7  25.5  17.0  12.7   1.2   0.0 
1930  -9.5   6.7   5.3  13.6  16.1  21.0  27.9  25.1  20.3  11.9   5.5   0.9 
1931   2.8   4.6   3.6  12.3  15.9  26.6  27.2  24.9  24.1  15.3   5.6   2.6 
1932  -5.7   0.4   1.7  13.4  19.1  22.5  27.2  24.4  18.6  11.4   4.0  -3.2 
1933   2.9  -1.4   5.9  11.2  16.8  26.9  26.1  23.7  23.2  14.1   7.1   1.9 
1934   0.8   0.7   5.7  13.4  22.5  26.2  30.1  26.7  16.8  15.8   6.3  -3.0 
1935  -0.9   2.7   8.9   9.6  13.3  20.0  28.7  25.6  18.8  10.6   2.0   0.1 
1936  -6.8 -10.0   7.7  10.5  19.7  24.2  30.3  28.5  21.3  11.8 -99.0 -99.0 
1937 -99.0 -99.0 -99.0  10.3  18.4  22.0  27.1  28.6  21.1  13.1   3.9  -0.4 
1938  -0.7  -0.4 -99.0  12.0  17.0  23.9  27.8  27.7  21.9  18.2 -99.0   0.7 
1939   1.7  -3.6   5.5  11.0  20.9  23.3  28.0  24.5  22.7  14.1   5.7   3.3 
1940 -11.0  -2.1   4.6  11.1  17.2  23.6  28.5  25.1  22.1  16.1   2.2   0.4 
1941  -2.0  -1.2   1.9  13.1  20.0  21.6  26.6  25.6  20.5  13.0   6.0   1.5 
1942  -2.2  -1.8   5.1  13.0  16.2  21.8  26.7  23.8  17.5  13.1   4.9  -2.6 
1943  -2.8   4.2   3.6  13.4  16.0  22.8  27.0  27.6  18.8  13.0   4.1   0.0 
1944   1.7   0.9   1.0   7.7  19.4  22.8  25.7  25.5  18.8  13.9   4.7  -0.9 
1945   0.1   0.7   9.9  10.2  15.1  18.3  24.6  25.3  19.5  14.0   6.6  -3.9 
1946   1.0   4.2  11.8  15.6  15.1  23.8  25.9  24.0  18.5  12.5   4.1   2.5 
1947   0.7  -2.0   3.3   9.6  15.2  20.4  24.5  28.7  21.2  18.3   2.6   0.2 
1948  -1.8  -2.3   1.9  15.4  17.5  22.3  25.7  25.8  22.1  13.1   4.1  -1.7 
1949  -7.9  -4.6   3.6  11.5  17.6  23.1  26.4  24.8  17.2  13.1   8.9  -0.5 
1950  -5.3  -0.2   4.1   9.7  16.8  23.1  22.8  22.1  18.4  14.8   3.4  -0.8 
1951  -4.3   0.8   1.0   8.8  16.7  18.3  23.0  23.6  16.6  12.3   2.9  -3.7 
1952  -1.4   2.9   1.3   9.8  17.1  26.1  25.4  24.2  21.5  12.3   4.5  -1.8 
1953  -0.5   2.8   7.0   8.7  16.2  25.1  25.8  24.7  20.5  15.0   5.7   0.4 
1954  -3.8   7.0   2.9  13.7  14.9  24.6  29.0  24.5  22.0  12.2   8.3   1.3 
1955  -2.8  -4.1   4.0  15.2  19.3  20.1  27.6  26.4  20.9  13.6   2.3  -5.3 
1956  -4.2  -1.8   4.6   9.3  18.8  24.6  25.0  24.4  20.4  16.8   5.6   1.7 
1957  -6.3   2.3   4.5   9.9  16.1  21.7  27.6  25.2  17.9  12.0   4.5   3.5 
1958  -1.0  -3.5  -0.6  10.2  18.9  21.7  23.5  24.2 -99.0  14.4   6.9  -0.6 
1959  -3.9  -2.5   5.5  11.4  18.3  24.1  24.1  26.9  19.3  11.1   2.7   2.7 
1960  -5.3  -5.1  -2.5  12.8  16.9  21.3  24.2  24.0  20.8  14.2   5.8   0.0 
1961  -1.4   2.4   5.2   8.5  14.7  22.0  24.8  23.4  16.2  12.6   2.2  -6.4 
1962  -5.7  -2.9  -0.7  10.8  20.7  21.5  23.6  23.9  16.9  13.0   5.3  -1.6 
1963 -10.7  -0.7   5.9  12.4  17.1  24.3  25.7  23.8  20.8  17.0   5.6  -5.8 
1964  -1.5  -2.2   1.0  10.5  19.0  21.5  26.8  21.4  17.5  11.6   3.7  -4.1 
1965  -4.0  -5.8  -3.5  11.5  18.1  21.1  24.0  22.5  13.6  12.8   5.3   1.0 
1966  -7.7  -2.8   5.6   7.9  17.0  21.7  26.7  21.7  18.3  12.7   3.7  -2.4 
1967  -2.7  -0.3   6.1  11.8  14.4  20.3  23.6  21.6  17.0  11.7   4.2  -1.9 
1968  -4.1  -2.1   7.6  10.7  13.8  22.7  24.3  23.6  18.0  12.4   3.3  -6.1 
1969  -6.7  -2.6  -1.2  11.3  16.8  19.9  25.3  23.9  19.8   8.8   4.9  -2.8 
1970  -6.7   1.0   0.8  10.3  18.7  22.3  25.1  25.1  18.0   9.4   3.1  -2.1 
1971  -5.7  -2.8   2.6  10.8  15.1  23.9  23.3  23.6  18.4  13.8   4.6  -1.2 
1972  -5.7  -1.6   6.1  10.4  16.1  22.7  23.7  22.4  18.5   9.8   1.6  -6.4 
1973  -4.2  -1.1   5.4   8.7  14.9  23.0  24.2  24.9  16.9  12.8   3.3  -4.4 
1974  -7.2   1.0   6.1  11.5  17.9  21.2  26.8  21.1  16.4  13.0   4.2  -2.5 
1975  -4.2  -4.8  -0.1   8.8  17.7  21.2  25.1  24.9  16.7  13.6   2.3  -2.1 
1976  -3.7   3.3   4.0  12.2  15.8  21.9  24.8  24.0  18.3   9.3   1.2  -1.4 
1977  -7.4   2.3   5.8  13.7  19.9  23.8  26.0  22.1  19.6  11.9   3.7  -2.9 
1978 -10.5  -8.5   2.1  10.9  15.2  22.2  24.9  23.9  20.9  12.4   2.8  -5.4 
1979 -11.1  -7.2   3.7  10.4  16.1  22.2  24.2  23.2  19.6  11.9   1.4   1.8 
1980  -4.2  -3.4   1.6  11.3  16.8  23.9  26.9  24.7  20.0  12.3   6.6  -0.3 
1981  -0.4   0.6   6.7  14.7  15.3  23.8  24.5  22.3  18.6  10.3   5.3  -3.2 
1982  -8.8  -3.4   2.9   9.2  16.9  19.9  25.7  23.3  18.3  11.9   2.3  -1.1 
1983  -2.9   0.6   3.8   6.8  14.4  21.4  27.2  27.9  20.2  12.4   3.4 -12.3 
1984  -3.9   1.7   1.2   8.4  15.9  22.9  24.8  25.9  17.6  12.2   4.8  -2.4 
1985  -6.1  -3.9   6.3  13.5  18.6  20.7  24.9  21.9  16.5  11.1  -1.6  -5.9 
1986   1.4  -2.0   7.7  11.8  16.6  23.9  25.7  21.8  19.5  11.8   2.2  -0.2 
1987  -0.5   3.7   4.6  12.5  18.9  23.9  25.5  22.6  19.0   9.9   6.2  -0.8 
1988  -6.4  -2.5   5.3  10.7  19.2  25.5  24.5  24.8  18.9  10.5   4.6   1.1 
1989   0.3  -7.1   3.1  12.6  16.7  20.1  24.7  23.0  17.2  12.9   3.8  -5.6 
1990   1.1   0.0   5.8  10.5  14.9  23.1  24.0  23.9  21.2  11.9   6.7  -5.1 
