Number= 756300
Name= MALTA-7E------------
Country= USA---------
Lat=   48.4
Long=  107.7
Height= 684
Start year= 1905
End year= 1990
First Good year= 1905
Source ID= 30
Source file= New
Normals source= Data
Normals source start year= 1961
Normals source end year= 1990
Normals= -11.9  -7.8  -1.1   6.8  12.8  17.4  20.5  19.4  12.7   7.0  -2.5  -9.7 
Standard deviations source= Data
Standard deviations source start year= 1941
Standard deviations source end year= 1990
Standard deviations=   5.2   4.5   3.9   2.3   1.6   1.9   1.2   1.6   1.9   1.7   3.2   4.0 
Obs:
1905 -99.0 -99.0 -99.0 -99.0 -99.0  15.4  20.4  21.3  15.2   4.7   0.5  -9.4 
1906  -9.9  -5.5  -4.9   9.2  11.3  16.1  20.5  19.9  15.0   9.3  -2.9  -7.7 
1907 -99.0 -11.6  -6.4   2.2   8.0  15.5 -99.0  17.5  12.5   9.2   0.3  -6.9 
1908  -7.9  -8.8 -99.0   8.1  11.1  15.4  21.4  18.1  14.6   5.9   0.1  -8.4 
1909 -14.3  -8.9 -99.0 -99.0  10.6  16.2  19.4  20.8  15.1   5.3  -3.3 -14.6 
1910  -9.3 -14.0   6.4  11.9  12.3  18.1  21.4  16.0  12.0   8.4  -3.6  -9.2 
1911 -99.0 -17.2   2.3   4.9  11.7  17.9  17.8  15.9  10.6   5.3  -8.6  -9.1 
1912 -17.3  -9.8 -11.0   7.5  11.4  17.1  16.6  15.5   8.6   5.7   0.0  -4.1 
1913 -15.0 -11.0  -6.2   9.1  12.3  17.5  18.0  18.4  13.3   3.2  -2.8  -9.5 
1914 -11.3 -15.7  -1.0   6.3  11.7  14.8  21.4  17.0  12.9   6.8  -0.9 -13.7 
1915 -15.8 -11.6  -6.2  11.3  12.1  14.0  16.7  20.3  11.7   9.0   1.0  -6.3 
1916 -25.2 -11.6  -1.8   7.1   9.8  14.6  20.9  18.5  12.5   4.6  -1.9 -16.0 
1917 -13.8 -16.8  -7.3   5.0  11.8  15.3  23.5  19.2  13.5   4.1   3.2 -16.1 
1918 -15.0 -11.7   2.1   6.8  12.2  20.0  20.2  19.2  12.1   7.8  -3.8  -4.0 
1919  -2.7 -10.8  -8.7  10.2 -99.0  19.9  21.6  20.0  12.6  -1.3  -8.8 -12.5 
1920 -12.9  -8.1  -2.5   2.4  13.2  16.7  21.9  21.0  13.7   6.9  -1.8  -7.1 
1921  -4.6  -3.8  -2.6   5.6  13.3  19.2  20.2  19.9  11.2   8.2  -4.4  -8.8 
1922 -11.4 -19.4  -4.7   5.8  12.8  18.0  19.2  21.3  15.4   7.4  -1.6 -13.1 
1923  -9.0 -11.8  -1.9   5.9  13.6  17.6  21.3  17.8  14.5   5.5   1.0  -6.2 
1924 -14.2  -3.6  -3.5   4.4  11.8  14.9  19.2  17.0  12.7   8.1  -2.5 -14.1 
1925 -10.0  -6.7  -1.8   8.9  13.1  16.2  19.4  18.9  12.0  -0.5  -1.0  -5.3 
1926  -4.8  -2.2   1.4   7.8  14.8  16.4  22.5  19.2   9.4   7.6  -4.5 -11.2 
1927 -12.3 -11.6  -0.8   6.7  10.6  16.2  19.9  18.5  13.6   8.2  -7.2 -20.4 
1928 -10.3  -7.3   0.9   4.7  15.9  14.2  19.5  16.7  12.6   5.7  -0.6  -6.1 
1929 -18.3 -15.5   2.7   5.6  10.7  16.1  22.0  21.2  11.0   8.1  -1.4 -11.1 
1930 -18.2  -1.8  -0.1  11.2  12.3  17.4  22.4  21.8  13.2   3.4  -3.2  -4.5 
1931  -4.3   0.5   0.1   8.1  14.4  19.8  21.1  19.9  14.3   7.6  -3.4  -8.1 
1932 -10.0  -8.8  -4.7   8.9  13.8  18.0  20.8  19.6  12.8   5.0  -3.7  -8.7 
1933  -7.7 -10.9   2.0   6.1  12.5  19.9  21.9  19.5  13.5   5.5  -0.1 -11.8 
1934  -6.4  -2.5   0.4   9.0  17.1  16.0  21.7  19.5  10.3   8.7   0.6  -9.5 
1935 -17.0  -8.6  -3.9   4.5  10.6  16.5  22.2  18.1  13.3   6.2  -5.5  -5.8 
1936 -17.7 -27.4  -1.5   5.3  17.5  19.2  25.6  20.2  14.1   7.2  -1.5  -9.5 
1937 -23.2 -13.6  -1.9   7.1  14.4  18.0  22.1  19.5  13.7   7.9  -2.7  -9.6 
1938  -7.8 -14.4  -0.1   6.9  12.0  17.2  20.6  18.9  17.0   8.3  -4.2  -5.5 
1939  -7.2 -15.0  -2.8   8.2  14.7  13.8  21.4  19.0  13.8   5.0   1.2  -3.1 
1940 -16.1  -9.6  -1.2   4.6  15.0  17.2  20.6  19.6  16.4   9.6  -7.3  -5.6 
1941  -9.6  -6.4   0.2   8.0  15.2  17.2  21.6  19.4  10.6   6.2  -0.6  -5.3 
1942  -9.4  -9.9   0.8   9.0  11.2  14.2  19.7  18.5  12.5 -99.0  -4.0  -8.8 
1943 -18.2  -7.5  -6.3  10.0  11.2  14.2  20.0  19.4  12.6   8.6  -0.6  -4.6 
1944  -5.2  -5.8  -5.9   8.0  14.8  14.9  19.0  17.2  13.4   9.5  -4.2  -8.1 
1945 -11.0  -7.8   1.7   4.6  10.7  13.9  21.1  19.1  11.0   7.8  -5.6 -11.7 
1946  -9.3  -7.5   4.8  10.5  11.6  16.2  21.6  18.2  12.3   4.3  -6.0  -9.9 
1947  -7.2 -11.1  -6.8   6.8  11.9  14.7  22.2  18.9  12.6   9.3  -3.8  -6.0 
1948  -5.9 -10.7  -3.1   6.9  13.7  16.2  19.6  19.9  15.1   7.4  -0.8 -14.1 
1949 -17.2 -16.3  -2.2  11.0  14.9  16.8  20.1  20.9  12.8   5.5   4.0 -13.5 
1950 -26.7 -11.4  -6.7   4.2  11.4  15.1  18.7  17.4  12.4   7.3  -4.8  -8.3 
1951 -15.1 -13.1 -11.0   4.8  13.7  12.7  20.1  17.2  10.5   4.3  -3.8 -13.8 
1952 -17.0  -9.0  -8.3  10.5  13.2  16.1  18.4  18.7  14.5   6.3  -2.0  -8.5 
1953  -7.8  -4.1  -0.9   3.5  10.2  15.4  20.4  19.2  13.6   9.2   1.9  -3.8 
1954 -17.3   0.5  -5.0   3.7  10.9  13.5  21.3  18.6  12.1   7.5   4.3  -2.5 
1955 -11.4 -12.0  -5.3   7.0  12.3  15.4  20.5  20.4  11.9   8.2 -10.1 -13.7 
1956 -14.6 -13.1  -1.1   4.4  12.8  18.7  19.8  17.9  13.4   7.5   0.1  -6.0 
1957 -17.5 -10.5  -1.2   5.7  13.8  16.5  21.6  18.9  12.8   4.8  -0.8  -1.5 
1958  -4.1 -11.2  -2.5   7.3  16.5  15.6  18.8  21.0  13.9   7.8  -2.5  -9.0 
1959 -14.5 -16.2   1.6   6.5  10.8  17.9  21.1  18.5  12.0   4.4  -4.6  -2.6 
1960 -11.0  -9.4  -4.3   5.9  12.9  16.2  23.0  18.9  13.8   8.8  -2.6  -9.4 
1961  -7.1  -3.6   3.9   5.3  13.5  20.8  21.2  21.8  10.4   7.0  -4.0 -11.9 
1962 -10.4  -9.8  -6.6   9.0  12.0  17.0  18.1  18.2  11.8   8.4   2.0  -4.9 
1963 -16.4  -3.3   3.5   7.1  12.2  16.9  20.8  19.9  16.4  11.0  -1.3  -9.6 
1964  -6.1  -0.9  -2.2   7.2  13.6  16.0  21.8  17.2  10.5   8.4  -3.8 -18.4 
1965 -15.5 -11.0 -10.9   4.9  11.8  15.9  19.8  18.4   7.0   9.1  -4.9  -6.5 
1966 -19.6 -14.1  -0.5   3.9  13.6  16.2  21.4  18.0  15.5   7.1  -6.1  -8.2 
1967 -11.3  -7.9  -4.3   2.6  11.1  15.7  21.4  20.6  15.8   8.2  -1.1  -9.0 
1968 -11.9  -6.5   4.4   5.9  11.6  16.1  20.0  17.6  13.2   7.3  -0.5 -12.4 
1969 -22.5 -13.6  -6.6   9.8  13.4  15.0  19.4  21.4  15.3   2.7   0.7  -5.7 
1970 -15.2  -8.6  -4.5   4.5  11.9  19.2  21.0  20.7  11.9   5.3  -4.4 -13.0 
1971 -15.5  -8.5  -2.1   6.7  12.6  16.7  19.5  22.7  11.9   6.3  -0.3 -14.3 
1972 -16.3 -12.1  -0.6   6.0 -99.0  18.4  17.2  20.9  10.1   4.0  -0.9 -12.8 
1973  -7.2  -5.4   3.6   4.9  12.4  17.2  19.7  20.8  11.8   8.1 -99.0  -8.8 
1974 -11.2  -5.0  -2.2   8.4   9.6  17.6  21.2  16.1  10.9   7.8   0.2  -4.2 
1975  -7.3 -12.3  -3.8   1.9  11.2  15.9  22.6  17.2  12.6   5.9  -2.1  -8.1 
1976  -9.9  -0.8  -1.9   9.0  14.5  16.2  20.5  20.5  14.7   4.8  -3.2  -5.5 
1977 -13.9  -1.4   1.9   9.3  14.6  18.9  20.3  16.8  13.1   7.0  -4.5 -11.3 
1978 -16.3 -13.1  -3.8   7.4  13.3  17.3  19.8  18.3  13.8   8.1  -6.0 -12.2 
1979 -19.6 -16.7  -2.7   3.5  10.9  17.5  20.3  20.0  15.3   8.7  -4.1  -4.3 
1980 -13.5  -7.3  -1.9  10.9  15.6  18.2  21.3  17.7  13.8   8.3   1.6  -9.2 
1981  -4.2  -3.8   3.3   8.5  13.7  15.8  21.5  21.6  15.2   6.2   1.8  -9.3 
1982 -21.4 -12.6  -3.6   4.7  10.6  15.9  19.4  19.3  12.5   6.6  -5.9  -6.9 
1983  -6.3  -2.7   1.3   5.7  11.4  17.3  20.7  23.0  12.6   7.7  -0.6 -21.1 
1984  -7.6   0.3  -0.6   8.1  12.7  18.0  22.5  21.9  10.2   4.8  -2.9 -14.0 
1985 -12.1  -9.6   0.4   9.1  15.1  15.8  22.2  17.0   9.6   5.3 -13.2 -10.0 
1986  -5.8 -12.3   4.8   6.2  12.1  19.1  18.8  18.5   9.8   8.3  -4.3  -5.3 
1987  -5.0  -1.6   0.3  10.7  14.8  18.5  20.0  16.6  14.1   7.1   1.0  -4.7 
1988 -12.7  -7.6   2.4   8.3  16.2  23.5  21.0  19.8  12.7   7.5  -3.2  -8.0 
1989 -10.1 -14.8  -4.8   6.4  12.0  17.3  22.6  19.2  12.9   6.8  -0.6  -9.4 
1990  -5.9  -6.4   1.7   6.9  11.8  18.3  20.2  20.8  16.1   7.6  -1.6 -12.2 
