Number= 756335
Name= SEWARD--------------
Country= USA---------
Lat=   40.9
Long=   97.1
Height= 451
Start year= 1885
End year= 1990
First Good year= 1885
Source ID= 30
Source file= New
Normals source= Data
Normals source start year= 1961
Normals source end year= 1990
Normals=  -5.7  -2.6   3.4  10.8  16.8  22.4  25.1  23.2  18.1  11.8   3.5  -3.6 
Standard deviations source= Data
Standard deviations source start year= 1941
Standard deviations source end year= 1990
Standard deviations=   3.0   3.1   2.9   2.0   1.8   1.7   1.4   1.6   1.6   1.7   1.8   2.7 
Obs:
1885 -99.0  -7.3   3.7  10.9  16.9 -99.0 -99.0 -99.0 -99.0 -99.0 -99.0 -99.0 
1886 -99.0 -99.0 -99.0 -99.0 -99.0 -99.0 -99.0 -99.0 -99.0 -99.0 -99.0 -99.0 
1887 -99.0 -99.0 -99.0 -99.0 -99.0 -99.0 -99.0 -99.0 -99.0 -99.0 -99.0 -99.0 
1888 -99.0 -99.0 -99.0 -99.0 -99.0 -99.0 -99.0 -99.0 -99.0 -99.0 -99.0 -99.0 
1889 -99.0 -99.0 -99.0 -99.0 -99.0 -99.0 -99.0 -99.0 -99.0 -99.0 -99.0 -99.0 
1890 -99.0 -99.0 -99.0 -99.0 -99.0 -99.0 -99.0 -99.0 -99.0  12.7 -99.0   0.6 
1891  -2.9  -7.8   0.3  14.4  16.5  21.7  22.9  24.7 -99.0   9.5   3.7   2.3 
1892  -7.0  -1.3   2.4   9.7  13.0  23.7 -99.0  23.5  20.7 -99.0   2.3 -99.0 
1893  -5.8  -4.3   1.7   8.8  15.6  25.2  24.3  22.9  20.4  11.8   3.4  -0.8 
1894  -5.3  -6.8   6.3  12.8  15.9  22.7  24.2  23.4  19.2  12.8 -99.0   2.3 
1895  -8.0  -3.7   3.2 -99.0 -99.0  23.4  23.8  25.2  22.3  10.4   4.1  -0.3 
1896  -0.8   2.3   0.9  14.2  19.6  23.4  25.1  24.8  16.6   9.2  -0.7   2.8 
1897  -5.3  -1.9   2.0  10.0  15.8  23.6  25.4  22.0  21.2  14.2   2.3  -5.2 
1898  -1.3  -1.2   3.3   9.3  14.5  22.9  24.1  24.8  19.2   8.8   0.5  -5.3 
1899  -4.4  -9.8  -2.6  10.8  16.9  22.0  23.8  24.0  18.7  14.7   7.9  -4.0 
1900   0.1  -6.6   2.4  12.4  19.2  23.9 -99.0  27.6  18.3  17.1 -99.0 -99.0 
1901 -99.0  -4.6   4.3   9.9  16.4  23.7  29.3  24.2  17.2 -99.0 -99.0  -4.7 
1902  -4.3  -5.9   4.7  10.9  18.1  19.5  23.4  21.9  16.1  12.9   4.7  -6.7 
1903 -99.0  -5.2   3.3  12.1  16.3  20.8  25.2  23.1 -99.0  13.8 -99.0 -99.0 
1904  -4.9  -5.0   3.9   7.7  16.4  19.6  24.2  21.9  18.1  12.9   5.3  -3.8 
1905 -10.3  -8.2   9.0   9.3  14.6  21.6  22.4  24.4  19.7  10.1   5.2  -1.4 
1906  -1.8  -1.9  -1.9  12.6  16.9  21.2  22.4  24.3  20.0 -99.0   3.9  -0.7 
1907  -5.3  -2.6   7.7   6.8  12.8  20.6  25.0  24.4  20.0  12.4   4.4  -0.8 
1908  -1.8  -1.2   6.0  11.5  16.9  21.3 -99.0  22.1  20.9  12.0   5.8   1.1 
1909  -5.1 -99.0 -99.0   7.8  14.2  21.2 -99.0  24.2  17.9  11.6   6.4 -10.2 
1910  -6.2  -4.6  11.8  12.8  13.2  21.1  24.7  22.3  19.1  14.3   3.4  -3.2 
1911  -2.9  -1.3   6.2  10.8  17.7  25.2  25.0  23.0  20.0   9.9   0.6  -2.9 
1912 -11.5  -4.0  -3.0  11.4  16.6  19.5  24.7  23.5  17.1  12.8   6.8  -1.3 
1913  -5.7  -6.5   0.6  10.9  16.9  22.0  26.0  26.5  18.2   9.6   7.0  -0.6 
1914  -0.1  -5.6   2.4  10.7  17.0  23.0  25.7  24.4  19.3  13.8   6.7  -7.9 
1915 -99.0  -0.6  -2.5  14.3  14.9  19.5  22.4 -99.0  19.0  14.4   6.4  -2.1 
1916  -7.8  -4.7   5.3   8.8  15.5  19.1  26.3  23.0  17.3  11.5   3.5  -5.3 
1917 -99.0  -2.2 -99.0  10.4  15.3  23.5  25.5  20.9  18.6   7.6 -99.0  -8.8 
1918 -11.7  -2.9   6.7   7.3  18.8  24.0  24.4  25.8  14.7  12.5   3.8   0.4 
1919  -1.3  -3.9   3.5   7.9  14.6  20.9  26.2  23.0  19.1   9.6   1.0  -7.0 
1920  -4.7  -1.6   3.1   5.0  14.5  21.0  23.6  21.1  18.1 -99.0   1.8  -3.1 
1921  -1.2   1.1 -99.0  10.4  16.5  23.2  24.3 -99.0 -99.0  12.0   1.1  -2.0 
1922 -99.0 -99.0   3.8  10.0  16.4  22.2  22.2  24.6  20.1  13.5   6.3  -3.3 
1923  -0.3  -4.4  -0.4   9.4  14.9  22.2 -99.0  20.2  18.9  10.2   5.6 -99.0 
1924 -99.0 -99.0 -99.0 -99.0 -99.0 -99.0 -99.0 -99.0 -99.0 -99.0 -99.0 -99.0 
1925 -99.0 -99.0 -99.0 -99.0 -99.0 -99.0 -99.0 -99.0 -99.0 -99.0 -99.0 -99.0 
1926 -99.0 -99.0 -99.0 -99.0 -99.0 -99.0 -99.0 -99.0 -99.0 -99.0 -99.0 -99.0 
1927 -99.0 -99.0 -99.0 -99.0 -99.0 -99.0 -99.0 -99.0 -99.0 -99.0 -99.0 -99.0 
1928 -99.0 -99.0 -99.0 -99.0 -99.0 -99.0  24.1  23.2  16.4  11.6   5.3   0.7 
1929  -8.8  -7.3   4.8  10.5  14.5  22.1  25.7  24.0  16.7  11.7   1.6  -1.6 
1930 -99.0   4.7   3.6  12.0  15.4  21.4  27.1  23.9  19.3  12.9   7.2  -0.1 
1931   2.2   4.6   2.6  11.4  14.2  24.2  25.1  23.0  22.4  13.7   5.1   2.0 
1932  -7.7  -2.4  -0.9  11.1  16.7  22.2  25.4  23.2  17.5  11.0   2.2  -5.9 
1933   1.5  -3.8 -99.0   9.1  14.9  26.5  25.5  21.8  21.8  12.2 -99.0  -1.8 
1934  -0.7  -1.7   2.5  11.9  21.1  25.3  29.3  25.3  16.6  14.3   5.4  -4.1 
1935  -3.9   0.7   6.0   7.9  11.6  19.3  27.6  24.2  18.2  10.4   1.7  -2.1 
1936 -10.5 -13.6   5.8   8.7  18.9  22.7  30.1  27.2  21.1  11.1   3.3  -0.9 
1937 -11.7  -4.9   1.3   9.7  16.8  22.1  26.8  28.1  19.8  11.4   1.8  -3.3 
1938  -2.9  -2.6   7.0  11.0  14.9  21.6  26.1  25.8  20.4  16.3   2.8  -0.4 
1939   0.4 -99.0   3.9   9.8  19.9  23.2  27.2  23.0  22.2  13.1   5.0   1.1 
1940 -13.6  -2.7 -99.0   9.9  15.8  22.2  27.0  22.4  20.8  15.8   0.3  -1.9 
1941  -3.8  -3.3   1.5  11.1  19.1  21.3  24.7  24.4 -99.0  12.1   4.5  -0.4 
1942  -4.1  -3.8   3.7  12.3  14.8  21.0  25.4  23.8  16.4  12.2   4.6  -5.2 
1943  -6.9   1.1   0.9  11.5  14.4  22.2  24.6  25.1  17.3  11.0   2.3  -2.1 
1944  -0.6  -0.7  -0.1   6.9  18.4  22.3  24.4  23.4  18.2  12.7   3.9  -3.9 
1945  -3.0  -1.3   7.4   8.8  13.7  17.8  23.8  23.8  18.3  12.0   4.0  -7.1 
1946  -2.3   1.4   9.2  13.8  13.6 -99.0  24.9  22.2 -99.0  11.8   3.6   0.0 
1947  -1.8  -4.9   1.1   8.5  13.9  19.9  24.1  27.5  21.1  17.4   1.8  -1.9 
1948  -6.0  -4.3   0.7  14.4 -99.0  22.0  25.1  24.1  21.0  11.7   3.3  -3.2 
1949  -9.4  -6.4   1.5  11.1  17.2  22.7  24.7  22.7  16.0  12.9   7.9  -1.5 
1950  -6.9  -1.9   1.5   8.0  15.6  21.8  21.5  20.4  17.3  13.9   1.8  -3.2 
1951  -6.2  -1.3  -0.3   7.5  16.5  18.3  22.7  22.5  15.3  10.5   0.8  -6.0 
1952  -4.7   1.1   0.1   9.4  16.0  24.7  24.4  22.0  19.1  10.2   2.9  -4.4 
1953  -4.3   0.3   5.0   7.6  15.1  24.4  25.0  23.6  19.8  14.6   5.2  -0.5 
1954  -6.3   4.7   1.5  12.2  13.7  23.0  27.7  23.0  20.4  10.8   6.4  -0.4 
1955  -4.8  -6.0   2.1  14.0  18.2  19.9  27.8  25.9  20.0  12.2   0.4  -5.8 
1956  -6.6  -4.0   3.1   8.4  17.7  24.2  24.7  24.2  18.9  15.6   3.8  -0.2 
1957  -7.9  -0.2   2.9   9.1  14.9  20.6  26.6  24.1  16.3  10.4   2.4   1.2 
1958  -3.5  -5.8   0.0   9.3  17.4  20.4  22.0  23.3  18.7  12.7   5.0  -3.2 
1959  -6.6  -4.6   3.9  10.0  16.7  22.7  23.0  25.7  17.8   9.2   0.4   1.2 
1960  -6.8  -7.2  -4.8  11.4  15.9  20.7  23.4  23.1  19.0  12.7   4.4  -2.2 
1961  -4.2   0.0   4.0   8.2  14.9  21.3  24.6  23.0  15.8  12.1   2.6  -6.8 
1962  -7.6  -3.3  -0.5  10.1  20.3  21.2  23.4  23.1  16.8  12.9   4.8  -2.2 
1963 -10.3  -1.5   5.5  12.1  16.9  24.3  25.5  23.3  19.1  17.1   6.2  -7.0 
1964  -1.6  -1.5   1.5  11.3  19.4  21.3  26.8  21.6  17.8  11.5   5.0  -4.0 
1965  -4.5  -5.4  -3.4  11.1  18.5  21.3  23.9  22.9  14.8  13.0   5.0   1.0 
1966  -8.1  -2.9   5.5   8.0  16.0  21.8  27.0  21.3  16.8  11.9   3.4  -3.8 
1967  -4.9  -2.1   6.0  11.8  14.3  20.3  22.8  21.6  16.6  10.9   3.2  -2.0 
1968  -5.1  -2.6   7.0  10.8  14.1  23.4  24.6  23.0  17.6  12.7   2.3  -5.8 
1969  -7.9  -3.8  -1.5  11.2  16.9  20.0  25.6  24.5  19.4   9.5   4.2  -4.0 
1970  -8.1  -0.3   1.2  10.9  19.4  23.3  26.4  25.0  18.5   9.6   2.5  -1.8 
1971  -7.6  -4.1   2.0  11.5  15.2  24.9  23.3  23.6  19.1  13.5   4.2  -2.0 
1972  -6.2  -2.6   5.5  10.0  16.4  22.9  23.8  22.7  18.6   9.8   1.9  -6.2 
1973  -5.0  -2.0   5.7   9.6  15.6  23.4  24.3  25.1  17.0  13.4   3.9  -4.7 
1974  -8.4  -0.3   6.3  11.7  17.5  21.9  28.2  20.8  15.7  13.4   3.9  -2.6 
1975  -5.2  -6.0   0.0   8.9  17.8  21.4  24.9  25.5  16.5  13.6   3.6  -1.7 
1976  -4.0   3.0   3.7  12.3  15.4  22.1  24.8  24.2  19.1   8.9   0.4  -3.0 
1977  -9.2   0.6   6.1  13.5  19.8  23.7  26.6  21.8  18.8  11.4   3.2  -4.0 
1978 -11.4  -9.3   0.9  10.3  15.9  22.5  24.5  22.9  20.0  11.5   2.2  -6.0 
1979 -12.8  -9.9   2.7   9.0  15.4  21.9  23.3  22.4  19.2  12.1   1.9   0.2 
1980  -4.8  -5.3   1.0  10.7  17.1  23.2  27.5  24.5  19.2  11.2   5.5  -1.8 
1981  -2.2  -0.5   5.4  14.6  15.3  24.1  24.9  21.8  18.6  10.6   5.2  -3.6 
1982 -10.7  -4.6   2.3   8.8  16.9  19.5  25.1  22.4  17.2  11.7   2.2  -1.2 
1983  -3.4  -0.5   3.2   6.3  14.5  21.0  26.4  27.4  20.1  12.0   3.6 -13.3 
1984  -5.3   1.2   0.3   8.2  15.2  22.6  24.5  24.6  17.1  11.2   4.7  -1.8 
1985  -6.4  -4.5   6.2  12.8  18.2  20.9  24.6  21.1  17.2  11.6  -2.2  -6.2 
1986   0.4  -2.9   7.4  11.8  17.3  23.7  25.4  20.6  19.4  11.2   1.6  -1.4 
1987  -1.2   3.1   4.9  12.6  19.2  23.2  25.6  22.0  18.0   9.6   5.9  -0.6 
1988  -6.6  -3.0   5.1  10.9  19.6  25.2  24.7  25.3  19.6  10.5   4.4  -0.1 
1989   0.4  -8.1   3.2  13.1  17.1  20.9  25.4  23.4  17.2  12.7   3.4  -6.6 
1990   1.4   0.1   5.9  10.7  15.1  23.7  24.3  24.1  21.1  12.7   6.6  -5.6 
