Number= 756477
Name= WEATHERFORD---------
Country= USA---------
Lat=   35.5
Long=   98.7
Height= 498
Start year= 1901
End year= 1990
First Good year= 1901
Source ID= 30
Source file= New
Normals source= Data
Normals source start year= 1961
Normals source end year= 1990
Normals=   2.1   5.0  10.1  15.9  20.7  25.2  28.1  27.1  22.5  16.4   9.1   3.6 
Standard deviations source= Data
Standard deviations source start year= 1941
Standard deviations source end year= 1990
Standard deviations=   2.5   2.7   2.2   1.8   1.4   1.4   1.4   1.5   1.6   1.6   1.6   2.1 
Obs:
1901 -99.0 -99.0 -99.0 -99.0 -99.0 -99.0  30.1  28.0  22.8  17.4   8.6   3.3 
1902   2.8   2.8  10.8  17.0  22.8  25.8  27.3  29.8  21.0  18.0 -99.0   0.5 
1903   2.7   0.7   8.2  14.3  16.6  20.4  27.5  27.1  22.0  16.6   7.6   3.9 
1904   1.8   5.9  13.3  14.6  18.9  22.9  25.9  25.8  23.0  16.5  10.0   2.7 
1905  -2.1  -2.9  13.1  13.6  19.5  25.3  25.4  27.2  23.9  14.5   9.7 -99.0 
1906 -99.0 -99.0   5.4  17.8  20.8  23.6  24.8  25.6  23.3  13.6 -99.0 -99.0 
1907   6.5   8.1  17.6  13.2  17.1  24.0  27.4  28.5  24.8  16.8   9.0   6.5 
1908   6.3   8.7  13.8  16.3  20.5  24.0  24.1  27.9  23.6  16.4  11.3   8.2 
1909   6.5   8.9  12.0  17.8  22.5  27.3  30.5  30.2  24.6  18.4  13.1   1.8 
1910   6.0   3.6  17.1  17.8  19.3  25.4  29.4  27.2  25.3  17.9  11.1   5.2 
1911   6.6   7.1  14.3  16.7  22.9  29.5  27.0  26.5  27.4  17.9   7.8   2.8 
1912  -1.5   4.7   6.3  16.3  22.4  23.7  29.2  27.1  21.9  17.3   9.6   4.1 
1913   2.8   0.6   8.0  17.2  22.6  24.6  28.7  30.5  21.4  14.6  12.8   4.0 
1914   7.9   2.8  11.4  16.0  19.8  27.6  29.9  26.8  25.1  16.7  12.6   0.0 
1915   3.2   7.5   5.0  18.1  19.5  23.7  26.7  24.4  23.6  17.5  11.9   6.5 
1916   1.5   5.7  14.7  15.2  23.1  25.5  28.9  29.5  23.1  17.3   9.8   3.2 
1917   4.2   4.6  11.4  15.4  17.8  25.8  29.6  25.9  24.0  13.7  11.3   0.0 
1918  -1.4   6.1  13.4  13.9  22.4  27.4  28.3  29.8  20.9  18.7   8.0   4.3 
1919   3.0   5.3  10.9  15.3  19.7  23.2  26.9  27.6  23.4  14.9   7.2   1.2 
1920   1.9   6.4  10.6  13.9  20.7  24.8  26.8  23.9  23.0  17.4   7.2   4.5 
1921   6.1   6.7  13.6  15.4  21.5  24.1  27.2  28.5  25.4  17.6  10.5   6.1 
1922   1.7   6.6   9.9  16.2  21.2  26.0  28.3  29.8  25.0  17.5  10.3   6.0 
1923   8.5   4.0   9.0  15.7  20.5  24.9  29.0  28.9  23.5  13.4   9.8   6.1 
1924   1.5   5.9   5.9  15.4  18.5  27.4  26.7  28.8  21.8  18.3  11.4   0.4 
1925   1.6   9.0  14.0  19.1  21.3  28.1  29.3  27.4  23.9  12.0   9.2   4.4 
1926   2.5   9.2   8.7  13.1  21.0  25.4  26.8  26.4  21.9  17.7   8.0   4.1 
1927   3.4   7.9  10.1  17.4  22.8  24.7  27.1  25.2  23.3  18.3  12.6   2.1 
1928   5.2   6.7  11.8  14.6  21.2  23.8  27.1  27.4  23.0  19.1   8.3   5.3 
1929   1.6  -0.9  11.6  17.6  19.1  25.7  27.6  29.1  22.2  16.9   5.1   5.9 
1930  -4.7  10.2   9.8  19.2  20.2  25.8  29.3  29.5  26.0  15.4  10.3   4.4 
1931   5.6   9.0   7.6  13.5  18.6  26.8  28.7  27.1  27.4  19.2  11.1   6.2 
1932   3.7   9.8   7.9  17.3  21.2  24.8  28.4  27.5  22.6  15.8   8.2   0.8 
1933   8.0   4.2  12.2  16.5  22.7  27.8  29.0  26.4  24.4 -99.0  11.2   7.3 
1934   5.5   6.2  10.0  17.2  22.3  28.3  31.5  30.4  21.7  19.0  11.7   4.9 
1935   6.3   7.1  14.1  15.2  18.8  24.2  28.5  29.4  21.4  17.5   7.2   4.5 
1936   2.2   0.8  13.4  16.8  22.0  27.0  30.6  31.1  23.2  14.6   8.9   6.5 
1937  -0.9   5.4   8.5  15.9  22.4  25.6  29.9  30.0  23.7  16.0   7.6   3.1 
1938   5.9   7.5  14.4  14.7  20.8  25.2  27.9  29.0  24.6  20.4   8.8   5.2 
1939   6.7   3.6  11.9  15.8  22.4  25.7  29.0  27.8  26.3  19.0   9.3   7.3 
1940  -4.5   5.4  11.9  15.9  20.9  24.1  27.2  26.0  22.4  19.0   7.8   5.7 
1941   4.7   4.3   7.7  15.7  21.3  23.2  26.9  27.2  23.4  16.8   9.5   6.3 
1942   3.1   4.9  10.7  16.4  20.2  25.1  27.4  25.8  21.0  15.5  10.2   4.1 
1943   3.0   8.4   7.7  18.0  18.5  26.4  28.4  30.7  22.9  15.5   9.2   2.4 
1944   3.8   7.7   9.5  14.5  21.2  27.3  28.3  28.4  22.8  18.4  10.4   2.5 
1945   3.9   4.9  12.2  13.4  20.4  24.7  26.3  27.1  23.8  16.2  11.0   2.8 
1946   3.8   8.9  13.9  18.9  19.2  25.5  29.4  28.4  22.1  17.1   9.6   7.0 
1947   3.1   3.4   7.6  14.7  19.6  26.4  28.3  29.9  25.8  21.0   7.0   5.1 
1948   0.5   2.5   6.9  19.2  21.5  25.7  27.6  26.4  23.4  16.2   8.9   6.4 
1949  -1.6   4.5  10.2  15.3  21.4  25.2  28.3  26.0  21.5  16.9  12.5   5.6 
1950   4.0   8.6  10.0  15.7  20.8  25.5  24.9  24.4  21.4  19.6   8.5   4.8 
1951   4.2   6.7   9.8  14.9  21.0  24.1  28.6  29.9  22.9  16.9   6.3   5.0 
1952   6.8   7.9   9.0  14.4  21.4  28.5  28.2  30.3  23.9  15.5   9.2   4.2 
1953   6.8   7.4  13.0  14.6  21.2  29.7  26.6  26.4  24.8  17.2   9.5   4.4 
1954   3.7  11.7   9.1  18.9  17.8  26.1  31.6  29.8  26.5  18.4  11.3   6.1 
1955   4.1   5.3  11.0  18.6  22.0  23.3  28.3  26.9  23.8  16.4   7.8   3.8 
1956   3.0   5.2  11.3  15.4  23.9  27.1  28.6  29.3  24.8  18.5   8.5   6.1 
1957   1.0   7.8   8.5  13.8  19.3  23.9  29.4  28.0  21.3  14.5   7.3   7.2 
1958   4.8   2.9   5.3  13.7  22.4  26.3  27.1  27.7  23.8  17.1  10.9   3.5 
1959   1.6   5.0  10.6  15.7  22.1  25.1  25.3  27.1  22.7  14.2   6.7   7.0 
1960   2.2   1.8   5.1  17.3  20.0  26.0  26.1  26.6  23.8  17.3  10.5   3.1 
1961   2.5   6.0  10.9  15.2  20.9  23.4  26.5  25.3  20.8  16.6   7.4   2.5 
1962   0.8   7.7   9.8  15.1  24.1  23.6  27.8  27.9  22.0  17.8   9.4   5.4 
1963  -1.0   5.9  12.2  18.5  22.8  25.6  28.7  28.3  23.4  20.4  10.5   0.7 
1964   5.0   3.5   9.1  17.9  22.1  25.2  29.9  27.4  22.4  15.3   9.3   3.7 
1965   4.6   4.5   4.9  18.1  21.9  24.6  28.8  26.8  22.6  16.2  11.7   6.6 
1966  -1.0   2.1  11.3  14.4  20.9  26.0  29.2  24.3  20.6  15.3  11.4   3.0 
1967   5.2   5.3  13.4  18.4  19.9  25.0  25.9  25.5  20.7  16.8   8.3   3.6 
1968   2.8   3.3  11.0  15.3  19.4  25.1  26.7  26.8  21.4  17.4   7.8   2.2 
1969   3.8   5.2   4.6  15.4  20.0  24.8  29.4  26.8  22.5  13.7   9.8   4.7 
1970   0.0   6.3   6.4  15.1  21.6  25.5  28.1  28.5  23.6  14.5   7.9   6.3 
1971   2.3   3.7   9.7  16.8  21.1  26.4  28.0  25.2  22.2  17.2   9.6   4.7 
1972   2.4   6.7  13.1  18.3  20.6  25.6  26.7  26.7  24.3  15.7   5.4   1.4 
1973   0.7   5.0  11.3  13.1  20.1  24.9  27.3  27.5  20.9  17.6  10.6   4.6 
1974   1.9   8.1  13.0  16.7  23.3  24.4  29.0  25.8  18.0  16.4   8.5   3.9 
1975   4.2   2.2   8.6  15.0  20.2  24.9  26.1  26.5  20.4  16.8   9.5   5.6 
1976   4.1  10.8  11.4  16.0  18.3  24.7  26.7  27.7  22.0  12.9   6.1   3.9 
1977  -0.9   8.6  11.5  16.5  22.1  26.9  29.2  27.1  24.9  17.5   9.4   5.1 
1978  -2.3  -1.4   9.2  17.0  20.1  26.3  30.3  27.1  24.8  17.6   8.9   2.6 
1979  -4.9   0.3  10.5  14.3  19.8  24.2  27.0  25.9  22.8  19.0   7.4   4.4 
1980   2.3   3.6 -99.0  13.7  19.3  27.3  31.0  29.5  24.1  16.7   9.5   6.2 
1981   4.8   7.3  10.1  18.4  18.9  26.1  28.3  26.5 -99.0 -99.0 -99.0 -99.0 
1982 -99.0 -99.0 -99.0 -99.0  19.8  22.7  28.3  29.2  23.7  16.6   9.0   4.8 
1983   3.1   4.7   9.2  11.9  18.1  22.6  28.4  29.3  23.8  17.0  10.0  -4.5 
1984   1.1   7.3   7.5  13.0  19.6  26.2  27.5  27.6  22.1  15.1   9.4   5.4 
1985   0.0   2.3  11.1  17.2  22.0  25.3  28.3  28.2  23.8  15.8   7.6   1.1 
1986   6.1   7.3  12.8  17.4  20.1  26.0  29.0  26.7  22.9  15.9   7.1   4.8 
1987   1.9   7.5   9.7  16.3  22.0  24.9  26.8  27.6  22.2  14.9  10.1   3.5 
1988  -0.1   4.7   9.8  14.1  21.1  26.4  28.3  28.8  22.6  14.8  10.1   5.8 
1989   5.8   0.1  11.2  16.9  20.4  23.0  27.4  26.0  20.8  17.7  10.7   0.0 
1990   6.8   7.2  10.6  14.4  19.8  28.0  27.3  27.3  24.8  15.6  12.1   1.1 
