Number= 756460
Name= HAMMON-3SSW---------
Country= USA---------
Lat=   35.6
Long=   99.4
Height= 554
Start year= 1913
End year= 1990
First Good year= 1913
Source ID= 30
Source file= New
Normals source= Data
Normals source start year= 1961
Normals source end year= 1990
Normals=   1.3   4.1   8.6  14.4  19.0  24.8  27.8  26.6  21.6  15.2   8.2   2.6 
Standard deviations source= Data
Standard deviations source start year= 1941
Standard deviations source end year= 1990
Standard deviations=   2.5   2.7   2.4   1.9   1.4   1.8   1.5   1.6   1.7   1.5   1.6   2.0 
Obs:
1913 -99.0 -99.0 -99.0 -99.0 -99.0 -99.0 -99.0  29.8  20.2  13.5  11.4   3.2 
1914   7.4   3.1   8.4  13.8  18.0  27.3  29.1  25.8  23.8  15.8  11.4  -0.5 
1915   2.3   6.1   2.7  15.1  16.7  23.2  25.8  23.5  22.5  15.8  11.0   4.9 
1916   0.2   5.5  10.8  11.8  19.5  24.3  28.3  28.8  21.6  15.5   8.4   2.1 
1917   3.7   3.9   8.1  13.0  15.5  26.0  29.5  25.5  22.6  13.0  10.4  -0.6 
1918  -2.5   6.0  10.8  11.1  20.1  26.9  29.2  30.0  20.2  17.7   8.5   4.7 
1919   3.2   5.5   9.4  13.6  17.4  22.8  27.0  27.5  23.1  15.0   6.2   1.1 
1920   1.4   5.8   7.9  10.9  17.7  24.3  27.1  23.7  21.9  16.5   6.4   4.2 
1921   5.7   5.6  11.0  12.5  18.4  23.5  27.0  28.0  25.0  17.4   9.6   5.5 
1922   0.9   5.5   7.7  13.2  18.2  25.6  28.4  29.4  24.3  16.5  10.1   5.5 
1923   8.1   3.5   6.9  13.4  17.4  24.8  28.5  28.5  22.6  12.7   8.7   5.4 
1924   1.0   5.3   3.3  13.8  16.5  28.2  27.0  28.8  21.0  17.5  10.2   0.0 
1925   1.0   8.4  11.5  16.6  18.6  28.3  29.5  27.1  23.5  11.9   7.8   3.4 
1926   2.1   8.3   6.2  10.5  18.1  25.5  26.6  27.0  21.5  16.6   7.4   2.8 
1927   3.0   6.6   7.3  14.7  20.2  24.7  27.5  24.8  22.5  17.6  12.0   1.0 
1928   4.8   5.6   9.3  13.0  19.4  24.4  28.9  28.0  23.1  18.9   8.7   6.0 
1929   0.2  -1.9   9.0  16.9  17.8  26.9  29.0  30.0  22.1  16.9   4.3   4.2 
1930  -5.4  10.3   6.8  17.8  18.7  26.7  30.0  29.9  25.9  15.5   9.2   3.2 
1931   4.7   8.2   5.2  12.7  17.6  28.5  29.8  27.4  27.5  19.5  10.0   5.4 
1932   3.1   8.9   5.3  16.4  20.1  25.8  30.3  28.8  22.9  16.4   7.3  -0.3 
1933   6.9   1.1   9.7  13.7  19.9 -99.0 -99.0 -99.0 -99.0 -99.0 -99.0 -99.0 
1934 -99.0   3.9   7.7  14.6  19.5  28.4  31.2  30.5  21.0  17.7  10.6   4.3 
1935   5.8   6.6  12.3  12.9  16.2  24.1  28.8  29.1  20.6  17.5 -99.0   3.0 
1936   2.1  -0.6  10.7  13.7  19.3  27.7  30.2  31.9  21.9  13.8   8.0   5.8 
1937  -2.1   4.2   4.8  13.4  19.4  25.4  29.3  29.0  23.1  15.1 -99.0   2.4 
1938   4.6   6.7 -99.0  11.4  18.2  25.2  27.6  29.2  23.3  18.5   8.5 -99.0 
1939   5.9   2.6   9.9  13.2  19.8 -99.0  28.9  28.1  25.5  17.4   7.8 -99.0 
1940  -4.3   6.3  10.2  13.5  18.6  24.6  29.1  26.6 -99.0  17.6   5.9   4.7 
1941   4.2   4.5   5.3 -99.0  18.5  22.2  27.3 -99.0  22.0  15.0   8.7   5.2 
1942   1.8   3.4   7.9  14.7  18.2 -99.0 -99.0 -99.0  20.1  15.2  10.7   3.5 
1943   3.6   8.2   5.8  16.1  17.2  25.7  28.5  31.2 -99.0  14.6   8.2   2.0 
1944   3.2   6.2   7.0  12.1  19.8  26.1  26.8  27.4  21.5  15.9   9.6   2.2 
1945   2.8   4.1  10.5  11.4  18.6  23.9  27.0  26.8  22.5  15.1   9.9   1.7 
1946   3.3   8.1  11.2  17.3  17.9  25.8  28.9  26.2  21.0  15.9   8.7   6.0 
1947   1.6   2.3   4.8  11.7  16.4 -99.0  26.5  29.0  24.2  19.0   5.7   3.6 
1948  -0.1   1.6   4.7  16.7  19.4  25.5  28.0  25.7  22.0  14.9   6.7   4.5 
1949  -2.8   3.3   7.6  12.8  18.5  24.6  28.1  25.2  20.2  16.0  11.5   4.6 
1950   3.7   8.0   8.5  14.2  19.0  26.3  24.7  24.6  20.7  18.7   7.0   3.1 
1951   2.9   5.4   7.2  12.9  19.0  24.4  29.1  29.4  21.4  16.1   5.2   3.8 
1952   6.7   7.4   7.4  12.8  19.8  30.3 -99.0  31.3  24.2  16.3   7.9   3.1 
1953   6.8   6.8  11.5  13.0  18.0  30.8  27.6  27.1 -99.0 -99.0   8.4   3.6 
1954   3.6  11.5   7.7  17.7  14.9  26.6  31.2  29.8  25.4  17.5  10.6   5.8 
1955   3.7   4.9   9.8  16.7  20.4  23.8  28.8  27.4  23.4  16.0   7.4   3.4 
1956   2.3   4.4   9.8  13.7  22.2  27.6  28.7  29.1  24.7  18.4   7.9   5.8 
1957   0.6   7.0   6.9  12.3  17.3  24.0  29.3  28.1  19.9  13.5   6.2   6.4 
1958   3.3   1.5   2.7  11.7 -99.0  27.0  27.7  27.5  23.2  16.2 -99.0   2.9 
1959   0.8   4.2   8.6  13.7  20.0  25.2  25.7  27.2  21.8  12.6   5.7   4.9 
1960   0.9   0.5   3.2  15.5  18.0  25.8  25.9  27.1  23.0  16.1   9.8   2.8 
1961   2.1   5.6   9.3  13.9  19.5  24.0  27.0  26.0 -99.0  15.8   6.5   1.9 
1962   0.0   7.0   7.6  13.6  22.5  23.7  27.3  26.9  21.2  16.5   8.7   4.5 
1963  -2.3   5.4  10.4  16.7  21.5  25.9  29.1  28.2  23.2 -99.0   9.7   0.4 
1964   4.3   2.4   6.7  15.9  19.4  24.8  29.7  27.3 -99.0  14.6   8.2   3.5 
1965   3.7   3.7   2.9  15.7  19.5  23.8  27.4  25.6  20.5  14.1  10.4   6.4 
1966  -1.3   2.0  10.3  13.9  19.2  26.0  29.0  23.9  19.9  14.3 -99.0   1.8 
1967   4.1   4.9  11.7  17.1  18.0  25.3  26.0  25.5  20.5  16.5 -99.0   3.0 
1968   2.5   2.7   9.2  13.4  16.8  24.9  26.5  25.6  20.6  16.5   6.7   1.5 
1969   3.5 -99.0   3.3  14.3  18.7  24.9  30.3  27.1  21.9 -99.0 -99.0   3.6 
1970   0.2   6.7   5.0 -99.0  20.1  25.7  28.6  28.0  22.6  14.1   7.6   5.3 
1971   2.4   4.6   8.9  15.0  18.7  26.6  27.6  24.7  22.2  16.7   9.4   4.0 
1972   1.7   5.7  11.6  16.3  18.3  25.5  26.6  26.5  23.7 -99.0   4.9   0.5 
1973  -0.3   4.7 -99.0  11.3 -99.0 -99.0  26.9  26.9  20.7  16.9   9.9 -99.0 
1974 -99.0   6.9  11.7  15.9 -99.0  24.1  28.4  25.6  17.6  15.4   8.1   2.4 
1975   3.1   1.1   8.1 -99.0  19.1  23.8  25.3 -99.0  18.6  15.7   8.5 -99.0 
1976   3.5   9.3  10.2  15.5  17.0  24.8  27.0  27.7  21.1  11.6   6.0   2.9 
1977  -1.9   7.5  10.7  16.0  20.8  26.6  29.6  26.6  23.8  15.8   8.9   3.7 
1978  -2.8  -2.0   7.5  16.4  18.5  25.7  30.5  26.5  24.0  15.9   8.2   1.8 
1979  -5.4  -0.3   9.1  12.6  17.4 -99.0  27.2  25.1  22.4  17.6   5.9   3.9 
1980   2.0   2.3   6.5  13.0  17.8  27.2  31.3  30.0  23.7  15.1   8.8   5.3 
1981   3.6   5.2   9.9  17.0  18.1  25.5  29.0  25.7  23.0  15.1   9.4   4.0 
1982   0.3   1.4   9.0  12.5  18.7  21.9  27.8  27.2  22.9  15.1 -99.0   3.3 
1983   2.2   3.7   7.9  11.0  16.7  22.2  28.2  29.3  23.9  16.4   8.9  -3.9 
1984   0.1   5.9   6.2  11.4  19.0  26.2  27.5  26.9  20.9  14.0   8.5   4.3 
1985  -0.1   1.8   9.9  15.8  21.0  24.5  27.8  26.8  22.6  14.7   5.9   0.4 
1986   5.0   5.8  11.3  15.8  19.4  24.5  28.5  25.9  21.1  14.9   6.1   4.5 
1987   0.6   6.3   7.6  13.0  19.5  22.9  25.2  26.6  21.1  13.9   8.8   2.4 
1988  -1.3   3.5   7.7  11.9  19.4  25.0  26.7  27.3  20.7  13.4   8.9   3.8 
1989   3.8  -1.3   9.6  15.8  19.0  21.8  26.2  25.1  18.6  15.4   9.2  -1.6 
1990   5.6   7.4   8.6  13.3  18.4  26.6  26.0  26.6  23.1  13.7  10.3   0.2 
