Number= 756446
Name= ADA-----------------
Country= USA---------
Lat=   34.8
Long=   96.7
Height= 309
Start year= 1907
End year= 1990
First Good year= 1907
Source ID= 30
Source file= New
Normals source= Data
Normals source start year= 1961
Normals source end year= 1990
Normals=   2.9   5.7  10.5  16.1  20.3  24.6  27.5  27.0  22.7  16.9  10.4   5.0 
Standard deviations source= Data
Standard deviations source start year= 1941
Standard deviations source end year= 1990
Standard deviations=   2.4   2.5   2.2   1.6   1.2   1.3   1.5   1.5   1.6   1.7   1.7   2.2 
Obs:
1907 -99.0   7.6  16.6  13.4  16.7  23.9  27.1  28.0  24.3  16.8  10.5   6.5 
1908   6.0   7.0  14.2  15.9  19.9  23.8  25.8  26.8  23.2  15.1  11.3   7.2 
1909   4.7   7.0 -99.0  15.2  19.7  24.6  29.6  29.0 -99.0 -99.0 -99.0 -99.0 
1910 -99.0 -99.0  16.4  15.3 -99.0  23.6 -99.0 -99.0 -99.0 -99.0  11.6   5.5 
1911 -99.0   8.3  13.8  16.1  21.9  28.0  26.8  26.8  26.4  17.2   8.1   4.7 
1912   0.8   4.2   6.4  15.3  20.8  23.3  28.3  26.2  22.5  17.9  10.5   4.7 
1913   4.3   4.3   9.6  17.0  20.9  24.7  28.7  29.7  22.2  15.3  14.1   5.4 
1914   8.2   3.8  10.3  15.0  19.3  27.0  29.6  25.4  24.7  17.3  13.6   1.2 
1915   4.9   8.8   5.8  17.4  20.5  23.6  25.7  23.5  24.5  18.2  14.9   8.8 
1916   4.1   5.0  13.0  14.0  21.0  23.5  28.6  28.7  23.3  18.1  11.4   5.0 
1917   5.9   5.4  11.9 -99.0  17.1  24.2  27.5  25.3  23.6  16.6  11.9   1.6 
1918  -1.6   6.1  14.6  14.7  21.5  26.9  28.2  30.0  22.0  20.1  10.7   8.1 
1919   5.4   5.6  11.2  16.6  19.9  24.4  28.1  27.6  24.0  19.4  11.6   4.4 
1920   3.4   7.2  12.0  15.5  22.6  24.4  28.4  25.7  25.2  18.3   9.6   6.6 
1921   7.7   9.3  14.9  15.4  21.8  24.5  27.4  28.6  27.0  18.8  13.6   9.1 
1922   3.3   8.6  10.4  16.4  21.4  25.9  27.6  27.8  24.7  18.1  11.5   8.4 
1923   9.9   4.3   7.8  16.6  19.6  24.9  28.5  28.6  23.4  14.5  10.9   7.7 
1924   1.4 -99.0   6.0  15.9  18.1  26.7  27.0 -99.0 -99.0  19.0  13.7   2.9 
1925   2.6   9.9  13.3  19.8  19.3  28.2  28.9  27.0  26.2  14.5  10.7   4.5 
1926   3.7   8.8   8.9  13.5  20.7  24.3  25.6  26.8  23.8  19.0   9.8   5.6 
1927   5.0  10.0  10.6  17.8  22.7  24.5  26.5  25.5  23.8  19.6  13.9   3.2 
1928   5.5   7.4  12.0  13.7  21.3  23.7  26.8  27.6  22.8  20.1  10.0   6.1 
1929   2.4  -0.2  12.5  17.8  18.8  25.0  27.5  29.2  22.9  17.7   6.5   7.5 
1930  -3.0  10.9   9.5  18.6  19.6  24.9  29.3  29.2  26.1  16.9  11.5   5.6 
1931   6.7   9.4   8.2  14.1  18.6  26.2  27.5  26.2  27.8  20.4  13.9   8.6 
1932   5.6  10.9   8.7  18.0  20.7  25.3  28.1  27.3  23.8  16.0   8.0 -99.0 
1933 -99.0   5.8  10.8  16.6  21.0  25.6  27.9  25.6  25.6  17.5  11.8   8.9 
1934   6.2   6.5   9.0  16.7  21.1  26.9  30.9  30.3  22.0  19.2  12.4   5.6 
1935   7.0   8.7  15.2 -99.0  19.8  24.0  28.5  28.6 -99.0  18.6   8.7   4.8 
1936   3.0   2.6  14.3  16.6  21.5  26.9  29.2  31.0  24.5  15.6   9.1   7.0 
1937   0.8   5.6   8.0  16.2  21.1  26.0  28.8  28.8  24.1  17.3   9.2   4.4 
1938   6.2   8.7  14.6  14.9  20.7  24.9  28.3  29.0  24.1  20.2   9.6   6.2 
1939   7.1 -99.0  12.9  15.6  21.9  25.7  29.5  28.7  27.6  19.7   9.8   8.6 
1940  -2.8   5.0  11.7  15.3  19.9  23.9  26.2  25.8  22.3  20.0   8.3   6.9 
1941   6.5   5.6   8.4  16.5  22.1  24.0  28.4  27.4  24.3  18.9  10.7   8.0 
1942   3.6   6.0  11.2  17.0  19.9  25.3  27.4  26.7  22.1  17.4  12.6   6.3 
1943   4.9   9.1   8.0  18.5  20.5  26.6  29.1  31.2  23.3  17.0  11.5   3.8 
1944   5.0   8.6  10.6  16.1  20.9  26.6  27.8  28.4  23.3  18.9  12.4   4.2 
1945   4.9   6.7  13.5  15.8  19.9  23.9  25.9  26.2  23.4  16.9  12.6   3.1 
1946   4.7  10.0  14.0  18.7  19.1  24.4  28.7  28.1  22.3  19.1  11.5   9.2 
1947   5.3   4.8   8.5  15.2  19.6  25.2  26.5  29.5  25.9  21.7   9.2   6.8 
1948   2.0   6.8   9.4  20.2  20.3  25.9  27.5  27.2  23.8  17.4  11.0   8.1 
1949   2.9   6.9  11.9  15.8  22.2  25.8  28.0  25.6  21.0  17.0  12.6   5.9 
1950   5.8   8.4   9.5  15.4  20.6  24.2  24.2  24.1  20.7  19.2   9.1   4.6 
1951   4.2   7.0  10.5  15.0  20.1  24.2  27.4  29.8  23.1  17.7   7.4   6.7 
1952   8.7   9.2   9.4  13.8  20.6  27.7  27.9  29.6  24.8  16.0   9.7   4.9 
1953   6.8   7.5  12.8  13.6  20.1  28.9  27.0  25.7  23.8  17.9  10.5   5.3 
1954   4.3  11.9   9.9  19.1  18.0  25.8  31.6 -99.0  26.7  18.3  11.2   6.9 
1955   5.0   6.0  11.4  18.3  21.9  23.4  29.1  27.2  24.7  17.5   9.8   5.0 
1956   3.1   6.8  11.9  15.6  23.4  26.2  29.6  30.5  25.8  20.0   9.4   7.5 
1957   2.4   9.3   9.1  14.7  20.0  24.8  29.4  27.3  21.8  14.5   8.6   8.9 
1958   4.6   3.7   6.5  14.8  21.3  25.9  27.2  26.9  23.3  17.5  12.4   4.4 
1959   2.9   6.6  10.7  15.9  21.7  24.6  25.7  27.2  23.4  16.5   7.6   7.8 
1960   4.1   3.3   5.6  17.5  19.8  25.8  27.0  26.6  24.3  18.5  12.1   3.9 
1961   3.1   7.9  12.7  15.3  20.2  23.4  26.4  25.6  22.3  17.7   9.3   4.5 
1962   1.4   9.4   9.6  14.7  23.3  24.4  28.0  28.6  22.6  19.5  10.6   6.2 
1963   0.5   6.3  13.0  18.8  21.5  26.3  28.8  28.8  24.4  22.8  12.0   1.8 
1964   6.0   4.3  10.2  18.1  21.3  25.0  29.4  27.7  22.5  16.1  12.0   5.3 
1965   5.2   5.2   4.5  18.3  20.8  24.3  28.8  26.7  23.4  17.1  14.4   8.9 
1966   1.8   5.3  12.3  15.9  20.0  25.2  29.3  25.4  21.3  16.0  13.3   4.9 
1967   6.4   6.4  15.1  18.5  19.6  25.0  25.5  26.2  20.3  16.5   9.5   4.9 
1968   3.3   4.1  10.3  15.4  19.3  24.1  25.8  26.3  21.4  17.0   8.7   4.4 
1969   4.1   6.0   6.4  16.1  20.1  24.2  29.3  26.7  22.9  15.4  10.0   5.8 
1970   0.7   6.2   7.9  15.8  20.3  23.8  26.9  27.9  23.5  15.0   8.7   8.4 
1971   4.0   4.9   9.4  15.5  19.1  25.5  26.9  24.0  22.3  18.4  11.1   6.7 
1972   3.4   7.2  13.0  18.4  20.0  26.0  27.0  26.8  24.1  15.9   6.1   2.7 
1973   1.5   4.5  11.9  13.4  20.6  24.0  26.1  26.2  22.3  18.9  12.6   5.3 
1974   2.8   8.4  14.3  16.1  22.1  23.8  27.4  24.5  19.0  17.6  10.0   5.0 
1975   5.8   3.9   8.2  15.5  20.4  23.7  26.1  26.6  20.7  17.6  10.9   6.6 
1976   5.0  11.8  11.8  16.5  16.9  22.1  25.0  26.0  21.5  12.9   6.6   4.2 
1977  -1.1   7.9  11.2  16.1  20.7  26.2  28.5  27.2  25.1  18.4  11.5   6.6 
1978  -2.5  -0.2   8.9  17.5  20.0  24.9  30.0  27.9  25.5  17.5  11.4   4.6 
1979  -3.1   1.9  11.2  14.9  19.4  23.9  26.7  26.5  21.5  18.8   8.8   7.1 
1980   3.8   4.7   9.3  15.4  20.4  26.5  30.6  29.6  25.0  16.8  10.0   6.6 
1981   4.9   7.0  10.8  18.8  18.1  24.5  28.1  25.7  22.6  15.5  10.6   4.9 
1982   2.1   3.4  11.2  14.0  20.1  22.6  27.2  28.5  22.9  16.3  10.0   6.5 
1983   3.3   5.5   8.8  12.7  18.6  22.2  27.3  28.9  23.2  17.1  10.5  -2.6 
1984   1.9   7.1   8.8  14.6  20.4  25.5  27.3  27.6  22.4  16.6   9.7   8.0 
1985   0.0   2.5  12.2  16.8  21.1  24.6  27.4  27.9  23.3  16.6   9.8   2.5 
1986   6.2   7.8  12.4  16.7  20.3  25.2  29.7  26.8  23.4  16.2   7.7   4.5 
1987   2.9   7.5  10.3  15.9  22.0  24.7  26.2  28.1  22.2  15.0  10.5   5.5 
1988   1.6   5.5  10.2  15.3  21.2  25.7  27.6  28.3  23.3  15.2  10.6   6.4 
1989   6.0   0.7   9.8  16.5  21.1  23.3  26.1  25.9  20.3  17.4  11.4   0.9 
1990   7.4   8.3  10.2  14.6  19.4  26.4  26.4  26.9  24.5  15.3  12.9   2.7 
