Number= 756422
Name= MOTT----------------
Country= USA---------
Lat=   46.4
Long=  102.3
Height= 766
Start year= 1907
End year= 1990
First Good year= 1907
Source ID= 30
Source file= New
Normals source= Data
Normals source start year= 1961
Normals source end year= 1990
Normals= -10.6  -7.0  -1.6   5.7  12.3  17.5  20.9  19.7  13.7   7.5  -1.8  -8.6 
Standard deviations source= Data
Standard deviations source start year= 1941
Standard deviations source end year= 1990
Standard deviations=   4.7   3.7   3.3   2.2   1.8   1.8   1.4   1.7   1.8   1.7   2.7   3.6 
Obs:
1907 -99.0 -99.0 -99.0 -99.0 -99.0 -99.0  17.7  17.6  11.0   6.6  -2.2  -5.1 
1908  -5.6  -8.8  -5.4   4.4   9.0  15.0  20.6  16.1  15.3   5.1  -2.1  -9.8 
1909 -15.2 -10.6  -3.2   0.7  10.2  16.0  18.8  21.0  14.4   4.5  -2.3 -15.7 
1910 -12.2 -16.6   3.3   8.0   8.6  16.7  20.0  15.4  12.4   6.5  -3.5  -6.0 
1911 -12.2  -9.6   1.8   4.5  12.4  19.7  18.0  15.7  13.2   4.8 -10.7  -7.9 
1912 -17.4 -10.0 -11.1   6.7  11.3  15.6  18.3  17.0  10.5   5.3   0.0  -5.9 
1913 -13.4  -9.1  -6.9   7.8   9.5  17.4  19.2  19.8  13.0   3.1   1.0  -5.1 
1914  -6.6 -13.5  -3.7   6.3  11.7  16.4  22.6  17.9  15.0 -99.0  -1.1 -12.7 
1915 -11.4  -6.3  -6.9  10.4  10.4  13.1  15.5  16.6   9.8   7.1  -3.2  -6.6 
1916 -20.9 -10.6  -4.1   3.6   9.9  14.6  22.8  18.4  12.2   4.0  -3.3 -16.4 
1917 -14.5 -16.9  -7.6   1.6  11.8  15.1  21.9  17.1  12.8 -99.0   5.5 -16.5 
1918 -15.6 -11.5   1.9   3.3  10.9  17.2  19.3 -99.0  10.7   7.8  -3.3  -7.3 
1919  -3.8 -10.4  -7.7   5.0  11.9  21.4  22.7  19.2  13.8  -0.4 -10.1 -10.9 
1920 -11.5  -7.6  -5.4  -1.4  10.6  17.2  21.9  20.7  12.8   8.4  -5.0  -9.0 
1921  -8.0  -4.8  -3.6   4.7  11.2  21.0  22.6  20.5  11.3   6.8  -7.2  -9.0 
1922 -14.2 -18.2  -5.6   3.7  12.3  20.6  19.0  19.1  15.9   7.5  -3.0 -11.9 
1923  -9.9 -14.2  -6.2   1.6  12.0  16.4  19.6  16.4  11.6   2.5   1.3  -3.5 
1924 -16.4  -6.2  -6.7   2.7   6.9 -99.0  17.5  14.8  11.3   7.8  -3.0 -15.0 
1925 -11.6  -5.7  -3.0   8.7  12.0 -99.0  19.3  19.4  15.2   0.1  -1.4  -7.0 
1926  -7.7  -3.9  -3.0   5.4 -99.0  16.3  23.2  19.1  10.9 -99.0  -5.0 -11.9 
1927  -9.7  -8.5  -2.9   3.1  10.6  15.3  18.1  16.5  13.6   7.9  -5.7 -19.7 
1928  -9.4  -6.4  -0.4   2.0  13.8  12.9  19.5  16.9  12.7   4.8  -0.6  -6.5 
1929 -19.1 -16.2  -2.4   5.5   9.1  14.4  22.5  18.9  10.2   8.6  -3.8 -10.0 
1930 -18.4  -4.0  -3.4   8.6  10.0  17.1  22.7  20.5  12.8   5.1  -1.4  -2.7 
1931  -2.0   0.5  -3.0   5.9  10.9  19.7  21.8  18.1  15.7   8.7  -1.3  -5.1 
1932 -12.4  -7.8  -7.3   7.3  12.7  19.0  21.6  19.6  13.1   3.6  -2.5  -8.6 
1933  -9.8 -10.9  -0.7   4.9  11.1  21.1  22.0  18.5  15.7   5.8  -1.2 -10.4 
1934  -5.3  -3.2  -2.8   6.7  18.3  16.8  22.5  19.2  10.7   9.1   1.1  -6.6 
1935 -10.2  -1.3  -2.1   3.0   8.3  15.3  23.3  18.7  14.2   5.8 -99.0  -5.4 
1936 -15.5 -22.1  -1.4   3.5  15.9  20.2  26.9  20.9  17.7   6.8  -0.5  -6.6 
1937 -19.3 -10.3  -3.0   4.8  13.9  16.7  22.0  22.7  15.4   7.8  -3.3  -8.1 
1938  -7.5 -11.9   0.2   6.1  10.4  17.7  20.3  19.8  15.8  10.1  -3.8  -4.5 
1939  -4.7 -14.1  -3.3   5.6  15.2  14.1  22.0  18.9  14.9   5.6   1.4  -0.6 
1940 -13.3  -7.2  -2.6   4.1  13.2  17.1  22.5  19.3  16.8   9.9  -4.9  -2.8 
1941  -7.1  -6.4  -1.7   6.6  14.9  16.6  21.7  20.3  14.0   6.7   0.6  -2.7 
1942  -5.2  -7.0  -2.3   7.2   9.7  15.1  21.0  19.3  13.3   7.9  -0.7  -6.5 
1943 -16.2  -4.4  -6.7   9.1  11.4  16.6  22.2  20.5  13.7   8.8  -1.7  -3.5 
1944  -3.5  -9.3  -9.0   4.5  14.3  15.5  18.7  17.8  13.3   8.8  -4.6  -6.4 
1945  -7.3  -6.4   0.7   3.6   9.0  12.4  19.7  18.8  12.9   7.1  -4.6 -11.5 
1946  -7.7  -7.2   2.9  10.0   9.7  16.9  22.2  18.6  13.9   4.0  -2.9  -7.8 
1947  -7.9 -11.1  -5.6   5.2  10.7  15.3  21.5  22.5  13.7   9.8  -4.6  -7.0 
1948  -9.0 -11.0  -5.2   7.0  12.7  16.1  20.1  20.3  17.4   7.3  -1.1 -10.5 
1949 -17.3 -15.4  -5.3   8.8  13.9  18.3  21.4  21.5  15.1 -99.0   4.5 -10.5 
1950 -20.6  -9.9  -6.5 -99.0   9.7  15.8  18.7  17.6  13.9   9.1  -4.3  -8.1 
1951 -12.2  -6.6  -9.6   3.9  12.4  13.6  19.4  17.5  11.7   5.6  -3.9 -13.6 
1952 -14.1  -6.8  -8.6   8.1  12.6  17.6  19.3  18.8  16.3   6.9  -1.2  -4.2 
1953  -5.0  -4.2  -1.6   2.1  10.3  16.8  19.5  19.4  14.3  10.5   2.4  -3.5 
1954 -14.0   2.1  -5.8   4.0  10.1  15.2  21.9  18.5  13.0   6.8   2.9  -2.5 
1955  -7.7 -10.7  -3.9   8.9  13.9  15.3  21.5  21.4  13.9   8.6  -8.3 -11.3 
1956 -11.1  -8.8  -1.2   2.6  12.2  19.8  18.5  18.0  13.4   9.3  -0.8  -4.9 
1957 -14.7  -7.2  -1.8   3.6  11.5  15.4  22.5  19.6  12.5   6.6  -0.6  -2.5 
1958  -4.3  -8.6  -3.5   5.8  14.5  14.1  17.5  20.3  15.0   8.3  -2.3  -8.3 
1959 -13.5 -13.0   0.8   5.1  10.9  18.9  21.1  21.2  13.2   4.9  -4.8  -3.2 
1960 -10.7  -8.8  -6.1   5.9  12.0  15.7  22.0  19.4  15.2   7.8  -2.1  -7.4 
1961  -7.2  -4.6   0.9   3.2  11.0  19.8  20.8  22.0  11.0   7.6  -1.3 -10.4 
1962 -10.9 -10.2  -5.3   6.3  11.5 -99.0  17.4  18.8  13.2   9.2   0.9  -5.2 
1963 -15.1  -4.3   1.6   5.4  12.0  19.1  21.5  20.5  16.9  12.9   0.2  -9.5 
1964  -6.6  -3.9  -4.3   6.5  13.8  17.0  21.9  18.4  12.6   8.4  -3.8 -14.2 
1965 -12.5  -9.3  -9.3   4.7  12.0  16.9  20.7  18.3   7.7   9.5  -1.6  -4.0 
1966 -16.6 -10.4   0.1   2.8  12.1  17.2  22.0  17.0  15.8   7.5  -5.2  -6.8 
1967  -7.4  -7.6  -1.1   4.4   9.2  15.9  20.0  19.4  16.4   6.9  -1.1  -9.4 
1968 -10.2  -7.6   2.0   5.1   9.5  15.9  20.1  17.7  14.4   8.0  -1.2 -13.2 
1969 -17.4  -8.5  -5.7   8.8  13.1  14.1  19.7  22.1  15.9   3.9  -0.3  -7.2 
1970 -14.6  -6.6  -5.0   3.0  12.0  18.6  21.0  20.4  14.0   5.8  -4.0 -10.4 
1971 -14.5  -8.8  -2.0   6.6  11.5  17.8  18.0  21.4  13.2   6.6  -0.8 -11.3 
1972 -14.0 -10.8  -2.2   4.3  13.1  17.6  17.9  19.8  12.5   5.1  -2.9 -10.9 
1973  -7.2  -4.0   2.4   5.2  12.2  17.1  19.9  22.2  13.3   9.5  -4.0  -8.0 
1974  -9.7  -3.7  -1.4   6.4  10.3  17.6  22.9  16.6  12.7   8.9  -0.9  -4.9 
1975  -7.8  -9.3  -5.5   1.4  12.0  16.7  22.1  17.9  13.0   7.4  -2.0  -6.3 
1976  -9.3  -1.7  -2.8   7.2  12.7  17.7  20.6  21.1  15.9   5.0  -4.2  -7.4 
1977 -16.5  -2.6   1.4   9.6  17.0  18.7  20.7  15.9  13.7   7.7  -3.3 -11.4 
1978 -18.2 -13.0  -2.5   5.3  13.4  16.8  19.9  19.0  15.7   8.4  -4.8 -12.0 
1979 -18.0 -14.8  -4.0   3.5  10.5  17.8  20.4  18.7  16.7   8.8  -2.7  -2.5 
1980 -11.3  -6.0  -2.7   8.5  15.5  18.6  21.9  18.0  15.1   7.4   1.9  -4.4 
1981  -3.1  -3.9   2.4   9.2  12.0  16.0  22.1  21.1  14.9   6.5   2.4  -7.8 
1982 -18.1 -10.0  -4.0   3.4  11.5  16.2  21.3  20.0  13.8   7.0  -3.3  -5.4 
1983  -3.3  -1.3  -0.8   3.9  10.3  16.5  22.3  23.9  13.5   7.2  -0.1 -18.2 
1984  -7.2   0.4  -2.2   5.9  11.0  17.0  21.4  22.5  10.9   6.2  -1.2 -12.5 
1985 -11.3  -8.4   0.0   8.2  14.9  15.0  22.1  18.0  11.4   6.6  -8.9 -10.7 
1986  -4.6  -9.8   4.7   5.2  11.9  19.4  20.2  18.6  10.9   8.2  -4.0  -3.8 
1987  -4.1  -1.3  -1.4   9.6  14.8  19.6  21.3  18.2  14.1   5.5   2.8  -3.8 
1988 -11.1  -8.4  -0.2   6.3  14.8  23.1  22.1  20.7  12.9   6.8  -0.6  -6.3 
1989  -7.3 -13.2  -3.5   6.0  12.0  16.1  23.6  20.8  13.5   8.4  -0.6 -10.1 
1990  -3.5  -5.4   1.2   6.1  11.6  18.0  20.6  21.7  16.8   6.8   2.0 -10.5 
