Number= 756497
Name= BEAUFORT-7SW--------
Country= USA---------
Lat=   32.4
Long=   80.8
Height= 6
Start year= 1862
End year= 1990
First Good year= 1862
Source ID= 30
Source file= New
Normals source= Data
Normals source start year= 1961
Normals source end year= 1990
Normals=   8.6  10.1  14.0  18.2  22.5  25.6  27.2  26.6  24.3  19.5  14.7  10.3 
Standard deviations source= Data
Standard deviations source start year= 1941
Standard deviations source end year= 1990
Standard deviations=   2.7   2.3   1.9   1.0   1.0   1.2   0.8   0.7   1.1   1.6   1.7   2.0 
Obs:
1862 -99.0 -99.0 -99.0  19.1  24.2  25.6  28.3  27.6  25.8  21.1  14.9  11.6 
1863  11.0  12.4  13.8  17.2 -99.0  23.6  27.8  27.7  23.8  20.2  15.7  10.8 
1864   9.7  11.1  14.3  16.2  20.7  24.1  27.4  27.4  25.3  19.1  14.3 -99.0 
1865   7.1  10.1  15.0  20.7  23.3  25.7  28.6  28.3  26.5  20.2  14.1  13.4 
1866   8.7   8.3  13.2  18.9  22.0  26.1  28.3  28.1  24.9  18.8  12.9   8.9 
1867   7.2  13.3  14.4  18.5  22.7  25.7  28.7  28.4  26.3  20.1  14.1  11.1 
1868 -99.0 -99.0 -99.0 -99.0 -99.0 -99.0 -99.0 -99.0 -99.0 -99.0 -99.0 -99.0 
1869 -99.0 -99.0 -99.0 -99.0 -99.0 -99.0 -99.0 -99.0 -99.0 -99.0 -99.0 -99.0 
1870 -99.0 -99.0 -99.0 -99.0 -99.0 -99.0 -99.0 -99.0 -99.0 -99.0 -99.0 -99.0 
1871 -99.0 -99.0 -99.0 -99.0 -99.0 -99.0 -99.0 -99.0 -99.0 -99.0 -99.0 -99.0 
1872 -99.0 -99.0 -99.0 -99.0 -99.0 -99.0 -99.0 -99.0 -99.0 -99.0 -99.0 -99.0 
1873 -99.0 -99.0 -99.0 -99.0 -99.0 -99.0 -99.0 -99.0 -99.0 -99.0 -99.0 -99.0 
1874 -99.0 -99.0 -99.0 -99.0 -99.0 -99.0 -99.0 -99.0 -99.0 -99.0 -99.0 -99.0 
1875 -99.0 -99.0 -99.0 -99.0 -99.0 -99.0 -99.0 -99.0 -99.0 -99.0 -99.0 -99.0 
1876 -99.0 -99.0 -99.0 -99.0 -99.0 -99.0 -99.0 -99.0 -99.0 -99.0 -99.0 -99.0 
1877 -99.0 -99.0 -99.0 -99.0 -99.0 -99.0 -99.0 -99.0 -99.0 -99.0 -99.0 -99.0 
1878 -99.0 -99.0 -99.0 -99.0 -99.0 -99.0 -99.0 -99.0 -99.0 -99.0 -99.0 -99.0 
1879 -99.0 -99.0 -99.0 -99.0 -99.0 -99.0 -99.0 -99.0 -99.0 -99.0 -99.0 -99.0 
1880 -99.0 -99.0 -99.0 -99.0 -99.0 -99.0 -99.0 -99.0 -99.0 -99.0 -99.0 -99.0 
1881 -99.0 -99.0 -99.0 -99.0 -99.0 -99.0 -99.0 -99.0 -99.0 -99.0 -99.0 -99.0 
1882 -99.0 -99.0 -99.0 -99.0 -99.0 -99.0 -99.0 -99.0 -99.0 -99.0 -99.0 -99.0 
1883 -99.0 -99.0 -99.0 -99.0 -99.0 -99.0 -99.0 -99.0 -99.0 -99.0 -99.0 -99.0 
1884 -99.0 -99.0 -99.0 -99.0 -99.0 -99.0 -99.0 -99.0 -99.0 -99.0 -99.0 -99.0 
1885 -99.0 -99.0 -99.0 -99.0 -99.0 -99.0 -99.0 -99.0 -99.0 -99.0 -99.0 -99.0 
1886 -99.0 -99.0 -99.0 -99.0 -99.0 -99.0 -99.0 -99.0 -99.0 -99.0 -99.0 -99.0 
1887 -99.0 -99.0 -99.0 -99.0 -99.0 -99.0 -99.0 -99.0 -99.0 -99.0 -99.0 -99.0 
1888 -99.0 -99.0 -99.0 -99.0 -99.0 -99.0 -99.0 -99.0 -99.0 -99.0 -99.0 -99.0 
1889 -99.0 -99.0 -99.0 -99.0 -99.0 -99.0  27.1  24.7  24.0  18.5  14.5  13.6 
1890  14.2  14.9  12.9  18.2  22.9  28.4  26.6  26.4  23.7  19.3  15.7  10.2 
1891   9.4  14.3  12.5  17.9  22.0  26.5  26.2  26.8  24.4  17.1  12.5  11.8 
1892   7.7  11.1  12.1  17.6  22.5  25.4  26.7  27.5  23.3  18.7  13.4  10.9 
1893   5.4  12.7  12.9  19.9  22.4  26.5  28.8  26.2  25.7  20.0  13.9  11.3 
1894  11.3  11.2  16.3  18.8  23.3  26.1  26.8  27.5  25.4  20.1  13.4  11.1 
1895   9.1   4.9  13.3  17.8  22.4  27.0  28.1  28.1  26.0  18.7  13.8   9.7 
1896   8.6  11.1  12.8  19.8  25.7  26.8  28.7  27.7  25.5  19.2  16.9   8.7 
1897   7.9  12.2  15.6  18.5  22.7  27.9  28.3  27.3  23.7  20.5  15.7  11.2 
1898  11.3   9.9  16.2  17.0  24.4  27.5  27.7  27.1  25.2  19.3  13.1   9.2 
1899   9.9   9.4  14.8  16.8  24.1  26.4  27.2  28.0  25.1  20.6  15.7  10.7 
1900   8.6   7.8  12.8  18.8  22.1  25.5  27.2  28.5  26.0  21.8  15.9   8.8 
1901   8.5   7.6  12.6  14.8  22.4  25.5  27.1  26.5  24.8  19.3  11.4   7.7 
1902   7.7   6.0  13.3  16.8  23.5  26.1  28.0  26.5  23.9  20.3  17.1  10.0 
1903   7.7  10.3  16.5  16.4  21.0  24.4  26.7  27.2  23.7  18.6  13.1   6.3 
1904   5.9   8.4  14.9  16.4  21.5  25.1  26.2  25.9  24.0  19.1  12.9   9.2 
1905   6.6   6.0  14.4  18.1  23.7  26.3  26.9  26.0  25.3  20.1  14.8   7.8 
1906   9.7   8.3  12.8  18.3  21.5  26.3  26.1  26.9  25.6  18.2  14.1   9.2 
1907  12.3   9.1  17.7  14.1  21.7  24.8  27.4  26.6  25.4  17.9  13.5   9.0 
1908   8.3   7.4  15.9 -99.0  24.1  26.0  26.7  27.0  24.2  19.1  16.4  13.7 
1909  12.8  12.5  14.3  18.6  22.7  27.2  26.7  25.7  23.4  17.7  16.2   7.1 
1910   8.3   8.7  15.2  19.0 -99.0 -99.0 -99.0 -99.0 -99.0 -99.0  12.7   6.7 
1911  11.3  12.4  13.8 -99.0  22.0  26.4  25.8  26.2  26.3 -99.0  13.0  10.5 
1912   5.6   6.3  12.8  18.6  22.9  24.1 -99.0  26.7  25.2  19.8  13.2  10.4 
1913  11.8 -99.0 -99.0  15.7  21.7  23.6  27.2 -99.0 -99.0  18.3  12.6   9.7 
1914 -99.0 -99.0 -99.0 -99.0  22.0  26.9  26.6  25.8  22.7  19.5  13.1   7.4 
1915   8.3   8.8   9.7  16.4  23.5  24.5  26.8 -99.0 -99.0  21.3  15.9   8.0 
1916  11.8   9.6  12.7  17.1  24.1 -99.0 -99.0 -99.0 -99.0  19.2  14.5   9.0 
1917  10.8   8.6  15.1  19.4 -99.0  25.1  26.8  26.1  22.1  16.7 -99.0 -99.0 
1918 -99.0  10.7  16.3 -99.0 -99.0 -99.0 -99.0 -99.0 -99.0  21.9  14.1  11.1 
1919   7.4   9.3  17.2  19.6 -99.0  25.8 -99.0  27.5  24.8  24.9  17.5  11.4 
1920  10.3   8.5  13.2  19.0  21.8  26.3  27.7  27.6  26.3  20.4  14.7  10.4 
1921  10.2  12.0  19.7  20.4 -99.0  27.8  28.1  28.0  28.6  20.3  17.9  12.5 
1922   7.8  12.4  15.6  20.8  23.6  27.7  28.3  26.1  24.9  20.2  16.3  12.5 
1923  10.1   9.6  15.6  18.5  21.8  25.8  26.8  27.2  26.0  19.7  13.3  14.3 
1924   9.8   9.7  12.4  17.8  22.4  26.7  26.8  27.9  23.7  19.3  15.6  12.6 
1925  11.9  14.2  17.4  20.0  21.9  26.8 -99.0 -99.0 -99.0 -99.0 -99.0 -99.0 
1926 -99.0  11.9  11.7  17.7  22.5  25.8  26.8 -99.0 -99.0 -99.0 -99.0 -99.0 
1927   9.6  15.6  14.4  18.9  23.1  24.8  26.3  26.1  26.4  21.0  16.9  10.6 
1928   8.9   9.9  13.5  16.8  21.0  25.5  26.7  26.8  24.5  21.1  14.0  10.5 
1929  11.1   9.0  14.2  19.2 -99.0  24.9  26.6  26.3  24.5  20.4  16.0   9.8 
1930  10.6  12.7  11.5  18.5  23.3  24.5  28.2  26.1  26.2  18.3  13.6   7.7 
1931   9.0  10.6  11.0  17.5  21.6  25.8  28.1  26.3  26.7  21.5  17.3  15.3 
1932  14.9  15.0  12.0  18.7  21.9  25.7  28.6  26.2  24.2  19.5  12.5 -99.0 
1933  11.3  11.5  13.5  17.2  24.8  25.7  25.9  26.5  27.8  20.4  13.7 -99.0 
1934  10.1   7.5  13.0  18.9  21.6  26.5  28.4  27.2  25.9  21.2  16.0  10.6 
1935  11.3  10.1  16.9  18.3  22.9  26.2  26.0  26.6  24.5 -99.0 -99.0 -99.0 
1936   8.2  10.1  15.0  17.4  22.7  26.0  27.8  27.4  26.3  21.6  14.1  11.0 
1937  16.8  10.8  13.1  17.9  22.7  26.5  26.9  26.5  24.2  18.4  12.9   8.2 
1938   9.2  12.9  16.7  18.2  24.0  24.6  25.7  27.8  24.9  18.8  16.1   9.8 
1939  11.1  13.2  14.8  18.2  21.4  27.3  27.9  26.4  26.6  21.6  12.4   9.0 
1940   3.5   8.6  12.6  17.3  22.2  26.6  27.2  27.3  25.3  21.2  15.1  12.4 
1941   9.1   7.4  10.2  18.8  24.1 -99.0  27.8  28.3  26.3  23.6  15.1  12.0 
1942   9.3   7.7  13.7  18.8  22.9  27.0  28.6  26.8  25.6  20.5 -99.0  10.5 
1943  10.4  11.1  12.9  17.4  22.9  27.5  27.6  27.2  24.0  19.0  13.6   9.2 
1944   8.8  12.8  14.2  17.5  22.9  27.9  25.9  26.3  26.7  19.9  13.9   7.1 
1945   8.4  12.1  17.8  20.1  21.8  26.6  27.2  26.2  26.6  19.0  16.2   7.5 
1946  10.4  11.6  16.0  18.8  22.3  24.3  26.2  26.1  24.3  19.7  17.5  11.6 
1947  13.2   7.4  10.1  19.6  22.7  25.4  26.2  26.6  25.1  21.5  13.5   9.5 
1948   6.2  10.2  15.5  19.4  23.0  26.3  26.8  25.9  23.9  17.4  17.2  12.5 
1949  14.0  14.3  13.4  18.2  22.3  25.5  26.9  26.7  24.5  21.8  13.4  10.7 
1950  16.1  13.0  12.6  16.5 -99.0  27.0  26.2  26.1  23.9  20.4  12.1   6.6 
1951   9.2  10.0  13.8  17.1  21.2  25.6  26.7  27.3  24.5  19.5  12.1  11.5 
1952  13.2  11.0  13.7  17.1  23.0  28.3  27.2  26.5  23.7  17.5  13.9   8.8 
1953  11.1  11.2  15.0  16.7  24.5  24.9  26.1  25.8  23.8  19.6  12.9   9.3 
1954  10.7  12.6  13.0  19.6  19.9  25.5  26.8  27.9  24.9  18.7  12.1   8.0 
1955   7.8  10.1  14.8  18.2  22.3  23.1  26.0  26.0  23.2  18.0  13.0   8.0 
1956   7.2  13.8  13.1  16.9  23.1  24.9  26.9  26.3  22.6  18.9  13.1  12.9 
1957  10.2  12.8  11.9  16.9  20.8  25.3  26.1  26.4  25.4  17.2  15.3  10.0 
1958   5.9   5.7  11.5  18.1  22.2  25.6  27.3  27.2  25.4  17.8  16.3   8.7 
1959   8.2  12.2  12.4  18.7  23.9  25.6  26.3  26.6  24.5  21.9  14.2   9.8 
1960   9.3   8.7   8.0  19.0  22.1  25.5  27.2  26.8  25.1  20.8  15.8   6.8 
1961   7.3  11.4  16.5  16.0  21.3  24.6  27.2  25.9  25.2  18.7  16.1  10.5 
1962   8.8  13.6  11.7  16.7  24.7  24.6  27.2  26.1  23.9  20.1 -99.0   7.7 
1963   7.4   7.4  14.9  18.7  22.0  25.5  26.4  27.4  23.1  19.8  14.0   6.2 
1964   7.8   7.9  14.1  18.2  22.6  26.7  25.5  26.1  23.7  17.7  16.3  11.6 
1965  10.3  10.5  12.7  18.9  24.0  24.8  26.6  26.8  24.5  19.0  14.8  10.2 
1966   7.1   9.5  12.2  17.7  21.4  23.1  26.7  26.1  24.4  19.7  13.9   9.2 
1967   9.9   8.6  15.0  19.9  21.8  23.8  25.8  25.9  21.3  18.0  13.2  11.7 
1968   6.4   6.0  12.0  18.8  22.1  25.1  27.1  27.4  24.0  20.2  12.6   8.1 
1969   7.8   7.8  10.7  18.0  21.6  26.3  28.3  25.5  23.4  20.4  12.2   8.0 
1970   5.1   8.8  13.6  19.4  22.7  25.3  27.3  27.1  25.8  20.5  12.6  11.5 
1971   8.9   9.9  11.1  17.2  21.2  25.8  26.2  26.0  24.6  21.5  14.0  14.2 
1972  13.1   9.6  14.0  18.2  21.5  23.6  26.7  26.8  25.3  20.7  14.5  13.1 
1973   9.2   8.9  16.2  17.4  22.8  25.9  27.2  26.5  25.9  20.9  16.4  10.0 
1974  16.4  11.7  17.0  18.3  23.7  25.0  26.5  26.1  24.5  18.1  14.3  10.7 
1975  11.9  13.1  14.2  17.6  23.9  26.0  25.8  27.4  24.2  20.6  15.1  10.5 
1976   8.0  13.2  16.8  18.3  21.3  24.4  27.3  25.2  23.2  17.0  10.5   9.2 
1977   3.9   8.5  16.1  19.5  23.1  27.1  28.1  26.9  25.5  18.1  16.0  10.0 
1978   6.1   6.0  12.6  19.0  22.6  26.3  27.5  27.4  24.6  19.1  17.4  12.0 
1979   7.2   8.3  13.8  19.3  22.3  24.3  27.2  26.7  24.4  19.6  15.5  10.1 
1980   9.8   8.3  12.8  18.7  22.7  25.9  28.3  27.6  26.0  18.5  13.5   9.3 
1981   6.3  10.6  12.6  20.1  21.8  28.2  28.1  25.6  23.4  18.4  13.9   8.7 
1982   8.7  12.0  15.6  17.5  23.3  26.4  26.8  26.6  23.0  18.6  15.7  13.4 
1983   7.2   9.6  13.1  16.1  22.2  24.7  28.1  27.7  23.8  20.5  14.0   9.3 
1984   7.8  11.2  14.2  17.9  22.4  25.8  26.5  26.9  23.0  22.1  12.8  13.8 
1985   7.2  10.5  15.3  18.7  22.9  26.4  26.9  26.5  24.4  22.3  19.0   9.2 
1986   8.4  13.1  14.3  18.4  22.8  26.9  29.2  26.6  25.3  20.5  17.3  11.1 
1987   8.6   9.0  13.6  16.7  22.7  26.1  27.8  28.0  24.6  16.2  15.7  12.0 
1988   6.3   9.5  13.8  18.5  21.6 -99.0  27.2  27.3  24.3  17.2  15.4  10.2 
1989  13.0  12.8  14.7  18.1  22.0  26.4  27.6  26.3  23.8  19.8  15.1   6.2 
1990  12.3  14.6  15.8  18.3  23.0  26.6  28.1  27.0  25.5  20.9  15.7  12.7 
