Number= 756413
Name= BOTTINEAU-----------
Country= USA---------
Lat=   48.8
Long=  100.5
Height= 499
Start year= 1892
End year= 1990
First Good year= 1892
Source ID= 30
Source file= New
Normals source= Data
Normals source start year= 1961
Normals source end year= 1990
Normals= -16.1 -12.5  -5.1   4.5  11.7  17.0  19.7  18.7  12.2   5.9  -4.1 -13.0 
Standard deviations source= Data
Standard deviations source start year= 1941
Standard deviations source end year= 1990
Standard deviations=   4.6   3.7   3.9   2.6   2.2   1.8   1.3   1.7   1.7   2.0   2.9   3.5 
Obs:
1892 -99.0 -15.0  -4.0   3.6   8.8  14.9  19.3  18.6 -99.0 -99.0 -99.0 -19.9 
1893 -20.4 -22.2 -11.6   0.4  12.0  18.3  19.6  19.2  12.7   2.2  -8.9 -17.9 
1894 -20.2 -15.9 -99.0   6.1  12.3  18.6  21.0  17.7  11.5   4.9  -7.1 -10.4 
1895 -22.1 -16.3  -6.2  10.2  11.9  13.3 -99.0  15.8 -99.0 -99.0 -99.0 -99.0 
1896 -99.0 -99.0 -99.0 -99.0  13.4  17.1  17.8  16.5  10.5   3.1 -99.0 -99.0 
1897 -99.0 -99.0 -99.0 -99.0  11.9 -99.0 -99.0 -99.0  16.0   5.5 -11.3 -16.2 
1898 -99.0 -99.0 -10.0   4.6  11.8  14.6  17.4  16.4  11.2   1.2  -8.2 -15.3 
1899 -19.9 -23.2 -99.0 -99.0 -99.0 -99.0 -99.0 -99.0 -99.0 -99.0 -99.0 -99.0 
1900 -15.1 -21.9 -10.3   9.6  15.3 -99.0 -99.0 -99.0 -99.0 -99.0 -99.0 -99.0 
1901 -17.6 -17.0  -4.9   5.7  15.4  14.2  19.7 -99.0 -99.0 -99.0 -99.0 -99.0 
1902 -99.0 -99.0 -99.0 -99.0  11.2 -99.0 -99.0  15.6 -99.0   4.3  -6.3 -17.3 
1903 -15.0 -19.2  -7.8   6.5  11.7  15.8 -99.0 -99.0 -99.0 -99.0 -99.0 -99.0 
1904 -17.4 -22.3 -10.4   2.5  12.2  15.2 -99.0 -99.0 -99.0 -99.0 -99.0 -12.7 
1905 -20.1 -99.0  -0.1   5.3 -99.0 -99.0 -99.0  19.6  14.7   3.2  -1.7 -10.2 
1906 -11.4 -14.0  -5.8  10.3   9.8  16.7  19.3  19.3  16.8   6.5  -5.1 -15.7 
1907 -23.6 -15.2  -7.3  -0.8   5.2  15.8  17.7  16.6   9.8   5.8  -3.8  -9.0 
1908 -11.8 -12.5  -9.2   5.0  10.2  15.0  18.8  15.3  14.2   4.7  -2.5 -13.1 
1909 -18.0 -14.4  -6.6  -0.5  10.2  16.2  18.5  19.5  14.5   4.8  -4.0 -15.2 
1910 -14.4 -17.6   3.5   8.3   9.4  19.2  20.0  16.7  11.5   7.1  -7.5 -13.8 
1911 -21.8 -15.9  -3.6   5.1  11.6  18.9  17.0  16.1  11.0   5.4 -10.7 -10.8 
1912 -22.6 -12.1 -10.0   6.7  11.7  16.9  17.8  16.8   9.9   5.9  -2.0 -10.7 
1913 -20.6 -17.2 -11.6   7.7  10.0  18.7  17.8  19.9  13.0   2.7  -0.5  -7.4 
1914 -12.4 -20.6  -4.8   3.8  12.4  16.1  22.3  18.0  14.0   9.4  -3.2 -15.7 
1915 -16.9  -8.5  -3.5   9.7  11.4  12.9  16.6  19.3  11.5   6.6  -4.7 -12.4 
1916 -23.8 -17.3  -9.1   3.2  10.1  14.1  22.1  18.1  12.4   3.0  -4.3 -18.2 
1917 -19.9 -19.7  -6.0   2.5  11.0  15.1  21.1  18.3  13.6   0.0   1.8 -20.3 
1918 -19.9 -14.3   1.3   5.5   8.5  16.3  17.9  17.7  10.7   5.9  -3.7 -11.0 
1919 -10.9 -16.3 -11.2   4.7  13.0  19.3  20.5  18.5  12.3  -1.4 -12.2 -16.1 
1920 -18.6 -13.4  -7.9  -0.5  12.0  16.5  20.1  20.6  14.4  10.3  -4.2 -12.8 
1921 -13.4 -10.6  -5.8   5.1  10.3  19.3  22.5  19.1  12.7   8.7  -9.0 -10.7 
1922 -16.2 -20.3  -5.0   6.2  14.1  16.3  17.1  20.4  13.0   4.9  -3.3 -18.4 
1923 -19.0 -20.8 -13.4   1.0  11.7  19.7  20.6  15.9  15.6   6.8  -0.2  -8.6 
1924 -19.3  -8.7  -4.7   3.4   8.2  14.9  19.0  16.8  13.0  10.5  -6.6 -20.3 
1925 -16.2 -12.6  -5.2   9.1  14.0 -99.0  19.2  18.9  14.2   0.7  -4.3 -10.5 
1926 -11.3  -8.5  -5.1   5.2  14.4  15.6  20.9  18.0  10.4   4.5  -8.0 -16.0 
1927 -16.3 -14.1  -1.8   5.1   8.7 -99.0  19.2  18.0  14.0   6.5  -9.5 -22.2 
1928 -14.6 -10.3  -4.2   0.4  13.3  13.7  17.8  16.3  10.3   4.7  -2.5  -9.3 
1929 -23.6 -19.2  -2.4   2.7   7.5  15.0  19.5  18.6   8.9   7.1  -6.9 -15.1 
1930 -22.2 -10.0  -5.7   6.4   8.8  16.2  20.6  19.9  11.1   3.1  -3.7 -11.3 
1931  -9.9  -4.6  -4.9   4.5  10.3  18.6  20.2  17.5  13.1   6.9  -2.5  -7.9 
1932 -14.4 -13.4  -9.6   4.1  12.2  18.9  19.1  18.8  11.4   1.0  -7.3 -14.9 
1933 -14.9 -16.4  -5.0   1.8  12.0  19.6  21.7  20.2  14.1   2.9  -4.5 -17.2 
1934 -12.7 -10.2  -4.4   5.5  16.8  17.0  22.0  18.9  10.4   8.4  -0.9 -12.9 
1935 -20.0  -8.6  -3.3   3.2   9.7  15.5  23.2  17.8  12.9   5.5 -11.7 -13.7 
1936 -24.0 -27.8  -5.9   0.4  16.9  17.6  26.5  19.9  14.3   3.2  -5.4 -14.1 
1937 -24.7 -15.4  -5.8   3.6  13.0  17.0  21.0  20.6  13.5   4.4  -6.8 -16.2 
1938 -15.3 -15.6  -0.6   3.7  10.6  16.6  20.1  20.7  15.9   9.5  -6.8 -11.0 
1939 -13.7 -21.3  -7.2   4.6  15.0  14.2  22.0  20.1  14.2   2.6  -1.0  -5.6 
1940 -18.3 -11.9  -7.9   1.9  11.9  16.4  20.6  18.9  17.0   9.5  -7.1  -9.4 
1941 -14.0 -13.9  -7.7   5.8  13.1  17.5  20.5  18.9  11.2   5.8  -2.7  -7.1 
1942  -9.6 -11.5  -2.0   5.4   9.9  14.9  18.7  18.0  12.1   7.5  -5.3 -14.9 
1943 -21.3 -11.8 -10.6   7.8  10.6  17.0  22.0  20.8  12.9   9.5  -2.7  -7.0 
1944  -6.6 -11.6  -9.6   5.6  15.1  16.4  18.9  17.0  12.5   8.6  -3.7 -11.4 
1945 -12.1 -10.2   0.2   1.4   7.0  13.7  18.7  18.1  10.7   6.0  -8.9 -16.8 
1946 -14.4 -16.0  -2.0   8.5  10.4  16.9  20.2  17.2  12.8   2.6  -6.2 -13.3 
1947 -12.6 -16.5  -8.4   2.7   8.1  14.2  20.4  19.8  11.1   9.1  -7.4 -13.4 
1948 -16.0 -16.9 -10.1   1.5  12.0  16.5  19.1  18.9  16.1   6.0  -5.2 -16.1 
1949 -19.6 -20.1  -9.8   5.1  11.4  14.9 -99.0  20.0  11.6   3.7   0.0 -16.6 
1950 -27.1 -16.5  -9.9  -1.2 -99.0  13.8  17.4  15.9  12.6   5.7  -8.3 -14.5 
1951 -18.4 -15.2 -13.9   2.4  12.6  13.8  19.6  16.6   9.8   4.5  -7.8 -15.8 
1952 -19.1  -8.5  -7.9   8.9  12.0  16.4  17.8  18.5  14.0   4.8  -2.3  -9.8 
1953 -13.1  -9.9  -6.6   1.4  10.1  15.6  18.4  20.4  12.6  10.1   0.1  -9.1 
1954 -21.6  -4.2  -6.3   1.6   8.5  14.9  19.3  17.2  11.4   5.2   0.3  -5.8 
1955 -14.7 -15.6 -12.3   7.4  12.5  16.2  20.2  19.8  11.9   7.6 -10.8 -17.2 
1956 -15.6 -16.0  -8.1   1.0  10.8  19.3  18.0  18.2  10.7   7.5  -4.6 -11.5 
1957 -19.5 -14.2  -4.5   3.4  12.4  15.0  22.6  18.5  11.7   6.1  -3.3  -8.9 
1958 -10.5 -13.4  -3.5   5.9  13.8  14.6  17.7  19.6  12.9   6.9  -3.6 -14.3 
1959 -18.5 -16.6  -1.4   3.9   9.6  17.7  19.3  19.7  11.6   1.8  -8.2  -6.7 
1960 -16.0 -12.5 -10.5   3.4  11.4  15.7  21.0  19.6  13.8   6.7  -3.8 -11.6 
1961 -13.9 -10.2  -2.8   1.9  11.0  20.1  20.4  22.0  10.7   6.0  -3.8 -16.7 
1962 -16.8 -16.1  -7.6   4.0  10.0  16.9  17.4  19.4  11.7   8.1  -0.3 -10.5 
1963 -19.0 -13.2  -2.3   5.1   9.5  17.2  21.0  19.2  14.8  12.6  -2.1 -14.6 
1964 -12.5  -9.8 -10.0   5.8  12.2  15.7  20.3  16.8  10.3   6.5  -4.9 -18.5 
1965 -18.9 -15.6 -10.5   3.6 -99.0  16.0  18.8  18.4   6.7   7.8  -6.1  -8.3 
1966 -23.7 -15.5  -2.0   1.4   9.9  17.0  21.2  17.8  14.4   5.9  -8.3 -12.6 
1967 -13.9 -16.8  -6.7   1.3   8.5  16.4  19.6  19.2  15.3   4.9  -3.6 -11.6 
1968 -17.0 -13.7  -0.7   4.7   9.7  15.7  18.3  15.6  12.5   5.8  -3.0 -13.6 
1969 -20.5 -12.1  -9.5   5.6  11.2  12.7  18.1  20.9  13.7   2.3  -1.8  -8.4 
1970 -18.1 -12.2  -9.2   2.0   9.4  19.6  20.5  19.4  12.4   5.4  -5.0 -15.3 
1971 -19.9 -12.0  -5.1   5.2  11.7  17.4  17.4  21.0  12.2   5.9  -4.0 -14.0 
1972 -19.7 -16.4  -6.4   3.2  13.9  17.8  17.3  19.7   9.5   3.6  -4.6 -16.5 
1973 -10.4  -8.9   2.3   4.1  11.7  17.3  18.6  20.3  11.6   8.2  -8.0 -13.8 
1974 -19.5 -13.5  -9.2   3.2   8.1  17.2  21.4  15.7  10.0   7.4  -2.3  -8.6 
1975 -14.0 -14.0  -8.9   0.7  11.6  16.6  21.9  16.9  11.8   6.2  -2.6 -11.0 
1976 -13.8  -8.2  -8.3   7.1  12.7  18.1  19.5  20.0  13.7   3.2  -5.6 -13.6 
1977 -21.0  -7.1  -0.6   9.2  17.6  17.7  20.0  14.9  12.5   7.1  -4.3 -16.3 
1978 -21.4 -15.6  -6.2   4.8  14.7  16.6  19.3  18.9  14.9   6.4  -7.3 -16.0 
1979 -21.5 -19.6  -7.8  -1.5   8.1  17.3  20.8  17.7  13.6   5.6  -4.8  -8.4 
1980 -16.8 -13.2  -9.4   8.9  15.7  17.0  19.9  16.4  11.7   5.2  -0.7 -12.1 
1981 -10.6  -8.6   0.8   6.3  11.6  15.2  20.6  20.7  13.3   4.7   0.9 -12.3 
1982 -23.9 -14.4  -7.0   2.2  11.5  14.8  19.3  17.4  12.4   5.7  -5.6  -8.9 
1983  -9.7  -7.5  -3.4   3.0   9.2  17.0  21.1  22.0  12.2   5.6  -1.3 -20.1 
1984 -99.0  -4.1  -5.6   6.2  10.2  17.5  20.3  21.6   9.6   4.9  -4.6 -15.8 
1985 -15.0 -15.1  -0.5   7.1  14.1  13.3  19.2  15.9   9.9   4.8 -11.4 -15.5 
1986 -10.0 -12.9   0.2   4.8  12.9  17.6  18.7  17.5  11.0   6.4  -7.9  -8.8 
1987  -9.0  -4.9  -3.4   9.3  14.9  19.1  19.4  16.5  13.9   4.4   0.8  -6.1 
1988 -15.2 -13.1  -2.5   5.9  14.7  23.0  21.0  19.9  12.3   4.7  -3.8 -10.5 
1989 -12.9 -18.4  -8.8   4.8  13.3  16.1  21.9  19.8  13.2   6.1  -5.4 -15.3 
1990  -7.6 -11.6  -1.1   4.2  11.0  17.4  18.4  19.7  14.3   4.9  -2.8 -15.8 
