Number= 756441
Name= UPPER-SANDUSKY------
Country= USA---------
Lat=   40.8
Long=   83.3
Height= 260
Start year= 1882
End year= 1990
First Good year= 1882
Source ID= 30
Source file= New
Normals source= Data
Normals source start year= 1961
Normals source end year= 1990
Normals=  -4.3  -2.6   3.3   9.4  15.4  20.3  22.4  21.3  17.8  11.4   5.2  -1.2 
Standard deviations source= Data
Standard deviations source start year= 1941
Standard deviations source end year= 1990
Standard deviations=   2.9   2.5   2.6   1.7   1.9   1.3   1.1   1.2   1.4   1.9   1.7   2.7 
Obs:
1882 -99.0 -99.0 -99.0 -99.0 -99.0 -99.0 -99.0 -99.0 -99.0 -99.0   4.4  -3.7 
1883  -7.3  -1.8  -0.5   8.7  14.0  20.2  22.1  19.9  16.3  11.5   6.1  -1.4 
1884  -8.3  -1.2   2.4   8.5  15.5  21.5  21.5  21.2  20.4  13.1   4.0  -3.2 
1885  -7.4  -9.2  -2.6   8.1  15.1  19.6  23.8  19.8  17.5  10.6   4.7  -1.3 
1886  -6.1  -4.0   2.3  11.6  16.4  20.1  23.0  21.9  18.7  12.1   3.5  -5.1 
1887  -5.2  -0.2   1.1   9.4  18.3  22.2  25.8  21.1  17.5   9.4   3.8  -1.8 
1888  -6.5  -2.6   0.2   9.2  14.4  20.6  22.2  20.8  15.7   8.3   6.0  -0.5 
1889  -0.6  -5.1   3.9   8.9  15.0  18.6  22.0  20.1  16.5   8.7   4.7   4.8 
1890   2.2   2.5   0.5   9.7  14.1  22.2  21.9  19.6  15.8  11.2   6.3  -2.0 
1891  -1.2   0.5   0.5  10.5  12.7  20.6  20.5  20.5  19.9  10.3   4.0   2.8 
1892  -5.6  -0.2   1.2   8.5  14.1  21.4  22.0  21.4  17.8  11.4   2.7  -2.8 
1893  -9.0  -3.5   2.8   8.9  13.8  20.0  22.6  20.0  17.2  11.7   2.8  -2.1 
1894  -1.6  -4.6 -99.0 -99.0  15.5  22.1  24.3  21.6  21.0 -99.0 -99.0   1.2 
1895  -5.6  -7.6   0.5  10.6  16.0  21.9  21.5  22.1  19.8   7.1   4.4   0.1 
1896  -2.3  -2.0  -0.5  13.3  19.4  19.8  22.7  21.3 -99.0   8.7   6.5  -0.3 
1897  -4.7  -0.8   4.7   9.3  13.6  19.2  23.7  20.2  19.1  14.3   5.1  -0.1 
1898   0.0  -1.7   6.5   8.1  15.4  21.6  24.2  22.7  20.1  12.0   3.4  -2.6 
1899  -3.0  -7.2   1.6  11.8  17.0  21.7  23.2  22.7  17.4  13.9   5.5  -2.2 
1900  -1.8  -5.0  -0.2   9.5  16.8  20.6  23.1  24.1  19.7  14.9   3.9  -0.5 
1901  -1.8 -99.0 -99.0   8.6  14.6  21.9  25.8  22.1  17.9  12.2   2.6  -3.6 
1902  -3.3  -6.3   5.0   8.8  16.3  19.2  23.6  20.0  16.9  12.3   8.8  -1.9 
1903  -3.7  -2.4   7.4  10.1  17.5  18.5  22.8 -99.0  18.6  11.1   2.3  -6.0 
1904  -8.5  -7.0   3.3   6.3  15.1  19.3  21.7  19.9  18.2  10.5   4.6  -3.1 
1905  -6.2  -7.6   5.3   8.6  15.1  19.8  22.3  21.7  18.3  11.0   4.2  -0.3 
1906   1.3  -3.6  -1.8  11.0  16.4  20.5  22.1  23.1  20.1  10.6   3.9  -0.7 
1907  -1.0  -4.2   7.4   5.1  11.8  17.8  22.1  20.4  17.7   8.5   3.2  -0.1 
1908  -2.3  -3.4   5.7  10.1  16.7  20.0  22.6  21.1  19.8  11.7   5.3  -0.2 
1909  -1.1   0.2   2.0   8.9  14.6  20.7  21.5  22.0  16.6   8.8   9.4  -4.5 
1910  -3.5  -4.6   9.0  10.8  13.1  18.5  23.1  22.0  19.1  12.6 -99.0  -4.9 
1911  -0.5   0.5   2.2   7.9  18.7  21.2  22.6  21.3  18.7  10.6   1.8   0.6 
1912  -9.7  -7.0  -1.2   9.9  17.3  19.0  22.5  19.5  18.6  10.8   4.7  -0.1 
1913  -0.3  -4.8   3.0   9.1  15.1  20.3  23.3  22.1  16.7  11.1   7.1   1.6 
1914   0.0  -7.3   1.6   9.0  15.7  20.8  23.6  22.8  17.2  13.4   4.9  -4.2 
1915  -4.8  -0.1   0.5  13.3  14.4  19.0  22.2  19.8  19.2  12.7   6.6  -2.3 
1916   0.0  -4.9   0.1   9.7  16.5  18.5  25.7  23.2  17.7  11.2   5.1  -3.3 
1917  -3.7  -5.1   3.4   8.6  11.6  19.1  22.0  21.2  16.0   6.5 -99.0  -7.2 
1918 -11.4  -2.5   6.1   8.4  18.3  18.5  22.6  24.2  13.9  12.0 -99.0   3.8 
1919  -0.7  -0.7   4.2   9.1  13.3 -99.0 -99.0 -99.0 -99.0 -99.0 -99.0  -5.1 
1920  -7.1  -3.6   4.5   6.6  14.2  20.1  20.7  20.9  18.7  14.9   3.6  -0.1 
1921  -0.3   0.6   8.7  12.7  16.5  22.4  25.3  20.8  20.3  11.3   4.2  -0.3 
1922  -4.8  -0.4   4.3  10.0  17.1  20.3  21.6  20.7  19.0  12.8   6.2  -1.2 
1923  -1.1  -4.4   1.7   8.2  13.7  20.9  21.8  20.2  18.3   9.4   3.7   3.6 
1924  -5.7  -2.9   1.2   8.9  12.1  19.1  20.6  21.9  15.5  12.8   3.8  -2.8 
1925  -4.6   1.6   4.7  11.6  12.8  22.2  21.6  21.8  20.3   6.9   3.1  -2.9 
1926  -3.0  -1.0  -0.4   5.8  15.2  17.9  22.3  22.8  18.1  10.5   3.4  -2.9 
1927  -3.7   1.6   5.2   8.7  14.7  17.8 -99.0  18.8  19.5  13.2   6.8  -1.2 
1928  -3.6  -1.1   2.3   6.5  14.9  17.9  22.7  22.6  16.0  12.8   5.1  -0.2 
1929  -5.3  -5.0   7.1  10.6  14.1  18.7  22.2  19.1  17.4   9.2   2.3  -1.5 
1930  -3.8   2.6   2.6   9.6  16.0  19.9  22.7  21.0  17.7   8.4   4.3  -1.7 
1931  -1.9   0.5   1.3   9.2  14.4  20.5  23.6  21.4  19.7  13.1   8.9   3.4 
1932   3.4   2.0  -0.1   8.8  16.1  20.8  21.8  21.1  17.6  11.5   2.2  -0.8 
1933   1.9  -0.8   2.1   9.4  17.1  23.1  23.3  21.3  19.2  10.2   2.9   0.3 
1934  -0.3  -7.1   0.6   8.7  17.7  23.9  25.2  21.2  19.3  11.0   6.5  -2.0 
1935  -2.3  -1.9   6.5   7.3  12.9  18.4  23.9  22.0  17.5  11.2 -99.0  -4.6 
1936  -6.4  -6.6   5.4   6.9  17.5  20.0  23.8  23.6  20.5  10.9   1.6   1.4 
1937   0.3  -1.7   0.2   8.9  15.2  19.6  22.4  22.6  16.2   9.5   2.6  -2.7 
1938  -2.5   1.6   6.8   9.9  15.7  19.2  22.4  22.9  17.5  11.9   5.7  -0.6 
1939  -0.2  -0.7   3.4   7.1  16.6  21.4  21.6  21.4  20.3  11.7   3.3   1.1 
1940  -9.0  -1.7   0.4   6.8  14.5  21.0  22.2  21.6  16.2  11.0   2.9   1.8 
1941  -2.0  -3.6  -0.3  11.8  16.2  20.5  22.8  20.8  19.4  13.2   5.2   2.5 
1942  -2.8  -3.7   4.3  10.9  16.0  20.8  22.6  20.4  16.5  11.7   4.9  -3.4 
1943  -3.4  -1.3   1.4   6.8  15.2  23.0  22.6  21.4  15.7  10.3   2.8  -2.4 
1944  -0.5  -0.4   1.7   7.3  18.5  22.3  23.0  22.6  17.6  10.4   4.7  -4.2 
1945  -7.5  -2.2   9.2  10.7  11.9  18.7  21.0  20.9  19.0   9.6   4.7  -4.8 
1946  -1.9  -0.7   9.5   9.1  14.0  19.4  22.3  18.8  17.9  13.2   6.3   0.7 
1947  -0.3  -5.5  -0.3   8.8  13.6  19.1  20.2  24.5  18.6  15.2   2.6  -1.0 
1948  -6.9  -1.8   4.2  11.6  14.1  19.9  22.8  21.1  18.5   9.0   7.3   0.5 
1949   0.9   1.0   3.7   8.6  16.0  22.6  24.7  22.0  15.3  14.1   4.3   0.8 
1950   2.3  -1.1   0.9   5.8  16.3  19.2  21.0  20.0  17.0  13.1   1.6  -4.6 
1951  -1.9  -1.5   3.1   8.8  16.0  20.1  22.3  20.6  16.6  12.9   1.2  -1.7 
1952  -0.1   0.3   2.4   9.6  14.7  22.9  24.4  21.5  17.9   9.0   5.7   1.1 
1953   0.3   0.8   4.6   7.3  16.9  21.8  23.2  21.9  17.9  13.3   5.8   0.4 
1954  -1.4   2.5   2.3  12.8  13.5  22.0  22.1  20.8  19.0  12.3   4.6  -0.7 
1955  -3.1  -0.9   3.8  12.9  16.8  19.1  24.8  23.3  19.0  11.9   2.8  -2.2 
1956  -3.4  -0.6   2.7   8.1  14.9  20.5  21.9  21.4  16.0  14.0   4.8   2.7 
1957  -4.9   0.7   3.2  10.5  15.3  20.7  22.3  21.4  17.6   9.3   5.2   1.4 
1958  -3.0  -5.1   1.7   9.7  14.3  17.9  22.3  20.6  17.4  11.5   5.3  -5.6 
1959  -5.0  -1.4   2.4   9.7  18.3  20.7  22.5  23.8  19.6  11.3   2.9   1.6 
1960  -1.4  -2.2  -3.8  11.5  14.4  19.6  20.8  22.1  19.6  11.7   5.7  -4.6 
1961  -5.2   1.1   5.2   6.3  13.0  19.0  21.9  21.4  20.0  12.6   4.9  -1.9 
1962  -4.6  -2.8   1.0   9.2  18.8  20.8  21.2  21.2  16.1  11.8   4.1  -4.3 
1963  -7.3  -6.0   4.1   9.3  14.0  20.6  22.2  19.5  16.7  15.6   6.6  -6.3 
1964  -1.4  -2.7   3.2  10.1  17.4  20.5  22.7  20.3  18.2   9.8   6.9  -0.5 
1965  -3.0  -2.6  -0.3   8.5  18.7  19.8  20.8  20.1  19.0  10.3   5.8   2.5 
1966  -5.9  -1.8   4.2   8.0  12.5  20.7  22.8  20.3  16.0   9.5   5.1  -1.2 
1967  -0.7  -3.9   2.6  10.5  12.2  21.6  21.0  19.5  15.4  11.6   2.3   0.7 
1968  -5.3  -4.7   4.3  10.6  13.4  20.6  22.0  22.0  18.5  11.8   5.4  -1.8 
1969  -4.1  -2.1   1.3  10.3  15.5  18.8  22.8  21.6  17.4  11.5   3.1  -2.8 
1970  -7.3  -2.7   0.9  10.3  17.6  20.4  22.3  21.7  19.9  12.8   4.6   0.4 
1971  -6.0  -1.6   1.2   8.1  13.7  22.0  21.0  20.2  19.5  15.5   4.4   2.8 
1972  -3.1  -2.8   2.0   8.6  16.0  17.8  22.1  20.7  18.0   9.2   3.2   0.0 
1973  -1.4  -2.0   8.0   9.3  13.9  21.7  22.6  22.1  19.0  13.9   6.4  -0.6 
1974  -1.6  -2.5   4.0  11.0  14.7  19.1  22.9  21.5  15.6  10.6   5.4  -0.9 
1975  -0.5  -1.0   2.0   6.2  18.0  20.8  22.2  22.7  15.3  12.1   8.4  -0.2 
1976  -5.1   2.6   6.6  10.4  14.1  20.9  21.8  19.3  16.4   8.0   0.5  -4.9 
1977 -11.6  -3.1   6.6  12.3  18.6  18.8  23.5  21.1  19.0  10.2   5.6  -3.1 
1978  -8.1  -9.4  -0.7   9.0  15.0  20.7  21.9  21.5  20.2  10.2   5.5  -0.2 
1979  -7.2  -8.3   5.1   8.3  15.0  20.4  21.2  20.6  17.5  10.9   5.1   0.8 
1980  -3.3  -5.2   1.2   8.5  15.9  18.8  23.2  23.2  18.9   9.2   3.3  -1.8 
1981  -6.6  -0.6   2.8  10.9  13.7  20.8  22.5  21.0  16.8   9.8   5.0  -1.8 
1982  -7.9  -4.3   2.2   6.9  18.9  18.2  22.6  20.0  17.1  12.4   6.5   3.9 
1983  -2.3 -99.0   5.2   7.9  12.8  20.4  24.5  23.6  18.0  11.8   6.5  -5.5 
1984  -6.8   2.4  -1.7   8.9  13.0  22.3  21.1  22.1  16.5  14.3   4.1   2.4 
1985  -5.9  -4.6   5.3  13.1  16.2  18.1  21.7  20.8  18.5  13.1   7.8  -5.0 
1986  -3.3  -1.7 -99.0  11.8  16.6  20.7  23.0  20.7  19.3  13.0   4.5  -0.1 
1987  -2.7   0.1   6.0  10.2  17.4  21.8  23.7  22.4  18.8   8.8   7.5   1.2 
1988  -4.2  -2.9   3.3   9.0  16.8  21.0  24.6  24.0  17.7   8.0   5.3  -1.6 
1989   1.0  -3.0   4.1   8.1  13.5  20.8  23.1 -99.0 -99.0 -99.0   3.9  -8.3 
1990   1.7   1.4   6.2  10.0  13.8  20.1  22.2 -99.0  17.8  11.7   7.5   1.3 
