Number= 756472
Name= OKMULGEE-WATER-WORKS
Country= USA---------
Lat=   35.6
Long=   96.0
Height= 197
Start year= 1903
End year= 1990
First Good year= 1903
Source ID= 30
Source file= New
Normals source= Data
Normals source start year= 1961
Normals source end year= 1990
Normals=   1.7   4.9  10.5  16.3  20.2  24.3  26.8  26.3  22.1  16.4   9.8   4.3 
Standard deviations source= Data
Standard deviations source start year= 1941
Standard deviations source end year= 1990
Standard deviations=   2.4   2.5   2.4   1.6   1.3   1.2   1.3   1.4   1.6   1.7   1.6   2.3 
Obs:
1903 -99.0 -99.0 -99.0 -99.0 -99.0 -99.0 -99.0 -99.0  21.1  15.4   7.9   4.3 
1904   2.8   6.6  13.9  13.7  18.8  23.5 -99.0 -99.0  23.0  16.5   9.5   4.7 
1905  -1.2  -2.7  13.7  14.7  20.8  25.0  24.4  25.4  22.5  14.6   9.8   2.8 
1906   3.7   4.9   6.0  17.8  20.0  23.5  24.8  24.8  23.4  13.6   8.2   7.0 
1907   6.4   5.8  15.7  12.6  16.5  22.5  26.7  28.3  23.8  15.9   8.6 -99.0 
1908   5.5   6.2  13.7  14.7  19.4  23.0  24.7  26.1  22.1  15.0  10.4   7.8 
1909   4.0   8.9   9.2  16.1  18.9  24.0  26.8  27.4  24.0  16.1  14.2   0.0 
1910   4.4   3.2  16.4  15.4  17.9  22.2 -99.0 -99.0  24.9  16.4  10.8   4.0 
1911   6.2 -99.0 -99.0  16.2  22.6  28.5  27.2  25.4  25.6  16.1   6.2   4.3 
1912  -0.3   3.6   4.1  16.7  21.8  22.6  28.8  26.4  22.9  19.0  11.2   6.6 
1913   5.4   3.2   8.2  18.7 -99.0  24.7  29.2  29.1  21.2  14.0  14.1   5.9 
1914   7.5   4.1  10.8  16.2  20.0  27.7  29.5 -99.0  24.1  17.7  11.8   1.1 
1915   3.2   7.9   5.4  18.1  19.8  23.3  25.8  21.6  23.8  17.0  12.9   6.5 
1916   3.3   4.8  13.3  14.9  21.1  23.2  27.3  28.3  23.0  16.2  10.2   3.2 
1917   4.0   4.3  11.4  13.5  17.0  24.5  26.6  24.5  21.1 -99.0  10.5   0.0 
1918  -5.4   6.4  13.4  12.3 -99.0  28.9  28.0  30.6 -99.0 -99.0 -99.0   6.4 
1919   3.4   4.4  10.5  15.6  17.3  23.1  27.8  29.3  23.6 -99.0 -99.0 -99.0 
1920 -99.0 -99.0 -99.0 -99.0 -99.0 -99.0  27.2  25.6  24.6  18.6   8.5   5.9 
1921   7.2   7.6  14.0  14.8  21.5  25.1  27.5  27.4  26.1  17.1  11.5   6.4 
1922   2.2   6.6   9.6  15.5  20.2  24.8  26.7  27.4 -99.0  16.2  10.0   6.6 
1923   8.5   3.3   7.9  14.4  18.8  25.2  28.2  29.0  23.0  14.0  10.0   7.2 
1924   0.9   5.6   6.4  15.0  17.5  26.7  26.2  28.5  20.9 -99.0 -99.0   0.6 
1925   2.1   8.2  12.6  18.7  18.9  27.6  27.7  26.1  24.3  13.0   8.1   2.8 
1926   3.0   8.3   7.9  14.0  21.0  24.4  26.3  27.9  23.2  18.3   8.9   5.8 
1927   4.5  10.0  10.9  18.7  22.4  24.3  25.9  24.5  22.1  19.0  13.2   2.9 
1928   5.0   6.9  12.0  14.2  21.1  23.8  26.8  27.1  20.7 -99.0 -99.0   5.4 
1929   2.2  -0.4  12.2  17.8 -99.0  24.7  27.4  27.2  20.9  16.0   5.2   7.4 
1930  -3.8  10.4   9.1  17.7  19.5  23.4  27.1  27.4  23.9  15.2   8.8   4.2 
1931   4.9   8.0   7.3  13.5  18.1  25.8  27.3  25.3  25.8  19.0  12.4   7.1 
1932   4.6   9.9   7.4  17.4  20.4  25.2  27.9  26.5  22.0 -99.0   6.3   3.7 
1933   8.1   4.2  11.0  16.2  21.6  25.7  28.2  25.8  24.9  16.2  10.8   8.4 
1934   5.6   5.5   8.8  16.5  21.0  27.0  29.4  29.1  20.5  17.9  11.6   4.8 
1935   5.4   7.0  13.7  14.2  18.6  23.6  28.9  28.0  21.8  16.5   7.8   4.0 
1936   1.4   0.4  13.7  15.6  21.6  26.6  29.9  30.4  24.6  14.2 -99.0   6.6 
1937   0.3   5.1   7.9  15.7  20.3  25.4  27.6  28.0  21.5  14.3   6.6   3.2 
1938   4.3   7.8  13.6  14.8  21.2  24.7  27.3  27.7  22.9  18.3   9.3   5.6 
1939   6.7   3.8  12.2  15.1  20.2  25.0  27.9  26.7  25.9  18.1   8.0   7.8 
1940  -3.9   4.6  10.9  14.9  19.5  23.8  25.4  24.9  20.9  18.0   7.4   5.7 
1941   5.3   4.3   7.7  16.6  21.7  23.5  26.9  26.1  23.1  18.4   9.5   6.9 
1942   2.4   4.7  10.0  16.7  19.5  23.9  26.0  25.4  21.0  16.1  11.5   5.0 
1943   2.4   7.4   6.9  17.6  20.0  25.4  27.8  29.4  21.2  14.8   8.6   1.8 
1944   3.2   6.1   8.4  14.1  19.8  25.1  26.3  27.0  21.2  16.4  10.6   2.5 
1945   3.4   5.6  12.8  14.9  19.1  23.2  25.2  25.3  22.1  15.6  11.1   2.8 
1946   3.8   8.5  13.6  17.6  18.4  23.5  27.1  26.8  21.5  17.8  10.1   8.5 
1947   3.9   2.8   6.8  15.2  19.3  24.3  24.9  28.3  24.5  19.4   8.0   5.6 
1948   0.0   3.9   7.5  19.2  19.8  24.5  26.6  25.4  22.2  15.3   8.6   6.0 
1949   0.9   4.4   9.9  15.1  21.2  25.3  26.6  24.8  19.4 -99.0  12.4   7.1 
1950   4.0   7.2   8.5  14.7  20.0  24.0  24.0  23.6  20.5  18.6   8.0   3.0 
1951   3.4   6.4   9.1  14.1  19.6  23.3  26.4  27.7  21.4  16.8   6.2   4.9 
1952   7.1   7.9   8.4  13.1  19.7  26.6  26.7  27.8  21.9  14.0   8.6   4.4 
1953   5.7   7.4  12.5  13.4  20.0  28.2  26.1  25.2  22.5  16.9   9.2   5.2 
1954   3.5  10.9 -99.0  18.8  17.2  25.5  30.8  29.5  25.3  18.2  10.0 -99.0 
1955   4.4   5.1  10.6  18.2  21.5  23.5  28.8  26.8  23.7  16.5   8.4   4.0 
1956   2.8   6.6  11.7  15.0  22.9  25.8  29.6  30.3  25.5  19.7   9.3   6.9 
1957   1.7   9.1   9.0  14.9  20.3  24.7  29.3  26.8  21.2  13.8   8.4   8.1 
1958   3.6   2.6   5.8  15.1  21.3  25.0  26.6  26.4  23.1  16.4  11.7   3.3 
1959   1.8   5.5  10.1  15.4  21.3  24.0  24.9  27.0  22.5  14.9   6.5   6.7 
1960   2.4   1.7   3.0  15.9  18.8  24.5  26.4  25.8  23.4  18.4  10.6   2.8 
1961   1.1   6.6  11.0 -99.0  20.0  22.9 -99.0  24.6  21.1  16.9   9.0   2.8 
1962  -0.2   6.8   8.2 -99.0  22.6  23.9  27.0  26.8  21.7  18.9   9.8   5.2 
1963  -0.7   4.7  12.6  17.8  20.9  26.3  27.9  27.9  23.5  21.6  10.8   0.4 
1964   5.3   4.4   9.4  18.0  20.8  25.0  28.2  26.8  21.6  15.3  11.5   3.4 
1965   4.2   4.0   4.5  18.4  21.5  24.6  27.7  25.9  23.0  16.2 -99.0   8.0 
1966  -0.3   3.5  11.4 -99.0  19.3 -99.0 -99.0  25.4  21.1  14.7  11.7   4.0 
1967   5.0   4.2  14.2  18.2  18.7 -99.0 -99.0  25.7  20.4  16.7   9.0   4.5 
1968   3.0   3.8  10.2  16.4  20.5  24.5  25.8 -99.0  21.5  17.5   8.3   4.6 
1969   1.8 -99.0 -99.0 -99.0  20.4  24.0  28.7  26.3  22.7  16.3   9.6   5.2 
1970  -0.2   6.7   7.9  16.5  21.1  24.5  26.7  27.2  24.2  15.3   8.6   7.3 
1971   2.9   4.7   9.4  15.6  19.1  25.6  26.6  24.8  22.2  18.2  10.6   7.0 
1972   2.8   6.3  12.9  17.2  19.4  24.8  25.8  26.1  24.1  15.9   6.2   1.9 
1973   1.5   4.9  12.5  14.4  19.8  23.8  26.6  25.7  22.5  17.9  13.1   5.2 
1974   2.4   7.6  13.8  17.0  22.4  23.0  27.4  24.8  17.4  17.1  10.2   4.6 
1975   5.0   3.6   7.9  16.0  20.5  23.7  25.7  26.0  19.8  16.7  10.2   5.8 
1976   3.2  11.2  11.7  15.6  16.8  22.1  24.8  25.1  20.5  12.4   6.4   3.8 
1977  -3.0   7.4  11.9  16.4  21.6  26.0  28.0  26.9  24.3  16.7  11.2   5.2 
1978  -4.0  -1.4   8.1  17.1  19.9  24.1  28.3 -99.0  24.5  16.4  10.3   3.8 
1979  -4.4  -0.1  10.7  15.1  18.5  23.4  25.9 -99.0  20.4  17.8   7.8   5.7 
1980   3.1   3.2   8.8  14.7  20.3  25.9 -99.0  29.1  24.5  15.1   8.6   5.7 
1981   2.6   5.3  10.9  18.7  18.3  25.0  27.2  24.8  21.6  16.1   9.9   3.5 
1982   0.7   2.9  11.4  13.7  20.6  22.4  26.5  27.9  21.8  15.9   9.8   6.5 
1983   3.2   5.1   9.0  12.2  18.5  22.5  26.5  28.5  22.9  17.0  10.8  -3.4 
1984   0.5   7.2   8.8  14.5  19.8  25.1  26.2  26.3  20.6  16.5   9.3   7.5 
1985  -0.9   2.0  12.5  16.7  20.5  23.6  26.6  27.8  23.1  17.2   9.4   1.8 
1986   5.1   7.8 -99.0  17.0  20.8  25.4  28.8  24.9  23.6  16.4   7.3   4.7 
1987   3.0   8.1  11.5  16.7  22.4  24.8  26.2  27.1  21.3  14.0  10.3   5.6 
1988   1.0   4.6  11.1  15.7  20.4  24.8  26.5  26.7  22.4  14.5  10.2   6.4 
1989   6.4   0.9  11.2  17.0  20.1  23.0  25.2  25.4  19.8  17.1  11.0  -1.5 
1990 -99.0 -99.0 -99.0 -99.0  19.3  26.3  25.8  26.4  23.8  14.2  12.4   3.6 
