Number= 756533
Name= ALPINE--------------
Country= USA---------
Lat=   30.4
Long=  103.7
Height= 1365
Start year= 1900
End year= 1990
First Good year= 1900
Source ID= 30
Source file= New
Normals source= Data
Normals source start year= 1961
Normals source end year= 1990
Normals=   6.9   8.5  11.6  16.0  19.7  24.0  24.3  23.4  20.4  16.2  11.2   7.7 
Standard deviations source= Data
Standard deviations source start year= 1941
Standard deviations source end year= 1990
Standard deviations=   2.1   1.5   1.7   1.5   1.0   1.2   1.2   1.3   1.3   1.4   1.6   1.6 
Obs:
1900 -99.0 -99.0  13.3  14.4  20.7  25.3  23.8  24.4 -99.0 -99.0 -99.0 -99.0 
1901 -99.0 -99.0 -99.0 -99.0 -99.0 -99.0 -99.0 -99.0 -99.0 -99.0 -99.0 -99.0 
1902 -99.0 -99.0 -99.0 -99.0 -99.0 -99.0 -99.0 -99.0 -99.0 -99.0 -99.0 -99.0 
1903 -99.0 -99.0 -99.0 -99.0 -99.0 -99.0 -99.0 -99.0 -99.0 -99.0 -99.0 -99.0 
1904 -99.0 -99.0 -99.0 -99.0 -99.0 -99.0 -99.0 -99.0 -99.0 -99.0 -99.0 -99.0 
1905 -99.0 -99.0 -99.0 -99.0 -99.0 -99.0 -99.0 -99.0 -99.0 -99.0 -99.0 -99.0 
1906 -99.0 -99.0 -99.0 -99.0 -99.0 -99.0 -99.0 -99.0 -99.0 -99.0 -99.0 -99.0 
1907 -99.0 -99.0 -99.0 -99.0 -99.0 -99.0 -99.0 -99.0 -99.0 -99.0 -99.0 -99.0 
1908 -99.0 -99.0 -99.0 -99.0 -99.0 -99.0 -99.0 -99.0 -99.0 -99.0 -99.0 -99.0 
1909 -99.0 -99.0 -99.0 -99.0 -99.0 -99.0 -99.0 -99.0 -99.0 -99.0 -99.0 -99.0 
1910 -99.0 -99.0 -99.0 -99.0 -99.0 -99.0 -99.0 -99.0 -99.0 -99.0 -99.0 -99.0 
1911 -99.0 -99.0 -99.0 -99.0 -99.0 -99.0 -99.0 -99.0 -99.0 -99.0 -99.0 -99.0 
1912 -99.0 -99.0 -99.0 -99.0 -99.0 -99.0 -99.0 -99.0 -99.0 -99.0 -99.0 -99.0 
1913 -99.0 -99.0 -99.0 -99.0 -99.0 -99.0 -99.0 -99.0 -99.0 -99.0 -99.0 -99.0 
1914 -99.0 -99.0 -99.0 -99.0 -99.0 -99.0 -99.0 -99.0 -99.0 -99.0 -99.0 -99.0 
1915 -99.0 -99.0 -99.0 -99.0 -99.0 -99.0 -99.0 -99.0 -99.0 -99.0 -99.0 -99.0 
1916 -99.0 -99.0 -99.0 -99.0 -99.0 -99.0 -99.0 -99.0 -99.0 -99.0 -99.0 -99.0 
1917 -99.0 -99.0 -99.0 -99.0 -99.0 -99.0 -99.0 -99.0 -99.0 -99.0 -99.0 -99.0 
1918 -99.0 -99.0 -99.0 -99.0 -99.0 -99.0 -99.0 -99.0 -99.0 -99.0 -99.0 -99.0 
1919 -99.0 -99.0 -99.0 -99.0 -99.0 -99.0 -99.0 -99.0 -99.0 -99.0 -99.0 -99.0 
1920 -99.0 -99.0 -99.0 -99.0 -99.0 -99.0 -99.0 -99.0 -99.0 -99.0 -99.0 -99.0 
1921 -99.0 -99.0 -99.0 -99.0 -99.0 -99.0 -99.0 -99.0 -99.0 -99.0 -99.0 -99.0 
1922 -99.0 -99.0 -99.0 -99.0 -99.0 -99.0 -99.0 -99.0 -99.0 -99.0 -99.0 -99.0 
1923 -99.0 -99.0 -99.0 -99.0 -99.0 -99.0 -99.0 -99.0 -99.0 -99.0 -99.0 -99.0 
1924 -99.0 -99.0 -99.0 -99.0 -99.0 -99.0 -99.0 -99.0 -99.0 -99.0 -99.0 -99.0 
1925 -99.0 -99.0 -99.0 -99.0 -99.0 -99.0 -99.0 -99.0 -99.0 -99.0 -99.0 -99.0 
1926 -99.0 -99.0 -99.0 -99.0 -99.0 -99.0 -99.0 -99.0 -99.0 -99.0 -99.0 -99.0 
1927 -99.0 -99.0 -99.0 -99.0 -99.0 -99.0 -99.0 -99.0 -99.0 -99.0 -99.0 -99.0 
1928 -99.0 -99.0 -99.0 -99.0 -99.0 -99.0 -99.0 -99.0 -99.0 -99.0 -99.0 -99.0 
1929 -99.0 -99.0 -99.0  15.5  17.9  24.9  23.4  22.6  20.4  14.9   6.5   7.9 
1930   5.5  10.7   8.5  16.6  18.2  23.3  23.3  23.1  21.9  15.2   7.5   3.9 
1931   5.6   7.9   7.7  12.1  17.1  23.5  23.2  23.2  23.3  18.5  11.5 -99.0 
1932   7.2  11.1   8.0  16.3  18.9  24.6  25.3  24.0  17.7  14.1   8.8   6.4 
1933   8.4   8.1  12.1  13.6  19.1  23.5  24.7  23.7  22.2  16.8  11.2  11.0 
1934   6.5  10.7  10.3  15.7  19.6  26.4  24.9  24.4  20.7 -99.0  10.7   9.1 
1935  10.1   8.0  13.7  15.8  17.8  24.4  23.7  24.8  18.5  17.4  11.5   7.2 
1936   6.3   9.7  11.6  15.3  18.5  25.1  24.5  23.1  17.2 -99.0   8.4 -99.0 
1937   7.3  10.3 -99.0  16.3  20.0  24.1  24.5  25.2  21.0  16.7  10.2   6.8 
1938   7.2  11.6  12.8  14.0  19.2  24.4  22.6  23.5  19.5  17.5  10.1   7.6 
1939   7.1 -99.0  12.4  15.0  20.1  25.2  23.9  22.2  21.3  16.7   7.7   8.9 
1940   4.2   8.3  12.0  14.6  18.6  22.2  24.3  22.6  20.6  16.7   9.2   9.0 
1941   6.8   9.0   8.4  14.2  19.0  22.0  22.6  23.1  19.6  16.1  10.7   8.4 
1942   6.3   7.4   9.9  14.7  19.9  25.0  24.7  22.5  18.2  15.3  12.8   9.1 
1943   7.0  10.7  11.4  17.5  19.9  23.5  24.5  26.7  19.6  15.5   9.5   6.0 
1944   6.0   9.6  10.2  14.6  19.1  24.3  25.2  23.9  18.6  15.7  10.3   6.1 
1945   7.9  10.3  12.5  14.1  20.5  24.1  22.7  23.8  20.1  14.6  12.9   7.7 
1946   3.5   9.6  11.7  16.7  18.4  23.7  24.6  24.5  20.1  17.3   9.8   8.0 
1947   2.8   7.3   9.7  14.1  19.2  24.7  24.8  23.1  20.8  19.1  10.1   6.3 
1948   3.9   9.2  10.2  18.2  19.8  25.5  25.1  25.3  20.4  15.2   9.7  10.5 
1949   2.2   9.8  12.6  12.6  20.4  24.2  24.7  23.3  20.4  14.9  13.1   8.6 
1950  11.2  11.4  11.4  15.8  19.7  23.8  23.7  24.1  20.7  19.2  12.1  10.1 
1951 -99.0   8.8  10.6  14.4  20.0  25.6  26.1  26.1  21.6  18.7  11.0   9.5 
1952  11.1   8.8   9.2  14.2  18.9  25.1  23.6  26.9  20.7  16.4   9.3   7.5 
1953  10.3   8.2  13.6  15.1  18.8  27.1  25.8  24.4  21.6  16.5  10.7   4.3 
1954   9.8  11.5  11.0  17.2  18.9  24.8  25.5  24.1  22.5  17.4  11.3   9.1 
1955   5.8   8.1  12.1  16.9  19.3  24.3  23.8  24.0  21.8  17.6  11.6   9.6 
1956   8.9   7.2  12.3  14.2  21.5  25.5  25.5  24.8  21.7  18.7   9.7   7.8 
1957   9.5  12.8  10.9  14.0  17.7  24.1  26.1  25.2  20.7  14.6   8.2   9.7 
1958   4.2   8.6   7.4  14.5  18.9  25.5  25.8  25.1 -99.0 -99.0  11.7   8.1 
1959   7.9   9.5   9.8  13.8  19.9  25.0  23.9  24.6  22.2  17.0   9.2   7.9 
1960   7.4   6.5  10.3  15.7  18.6  26.1  23.3  23.5  21.2  17.7  12.0   4.7 
1961   4.1   9.0  11.7  15.5  20.5  23.2  22.3  22.3  21.0  15.9   9.9   8.9 
1962 -99.0 -99.0   9.1  15.6  20.5  24.2  25.1  25.0  22.1  18.3  11.5   7.4 
1963   5.6   9.5  12.7  16.9  20.3  24.2  25.6 -99.0 -99.0 -99.0 -99.0 -99.0 
1964 -99.0   5.2  10.5  16.1  20.4  23.9  25.4  25.7  21.6  16.5  12.6   8.1 
1965   9.1   6.4   8.4  17.7  19.5  24.4  24.8  23.5  21.6  16.2  14.4   9.8 
1966   4.6   5.7  11.8  15.6  19.3  24.2  26.1  23.2  20.5  14.6  13.0   6.8 
1967   6.9   8.9  14.3  18.3  18.9  24.1  24.1  21.9  18.6  15.9  11.9   5.2 
1968   7.0   7.6   9.6  14.2  19.9  23.8  22.9  23.1  19.1  17.1   9.4   7.5 
1969   9.7   9.0   7.7  16.2  19.2  24.2  25.1  25.2  20.5  16.2   9.4   8.4 
1970   6.9   7.9   9.7  16.2  18.5  22.9  24.7  23.8  20.5  14.0  10.7  10.7 
1971   8.8   9.2  13.4  15.4  19.8  24.2  24.8  22.0  19.4  15.4  12.5   9.7 
1972 -99.0  10.4  14.3  17.8 -99.0  24.1  24.4  22.8  21.5  17.6   9.2   8.9 
1973   6.3   7.6  11.3  13.5  19.3  23.5  23.6  22.9  20.7  17.2  13.5   7.8 
1974   9.1   8.8  15.4  16.8  21.8  24.4  24.5 -99.0  17.9  15.4   9.8   6.9 
1975   7.2   8.9  11.1  14.9  18.5  25.4  22.0  22.8  18.5  16.1  10.7   7.5 
1976   6.2  12.0  12.0  16.2  17.6  23.6  21.8  22.4  18.9  12.9   6.3   5.6 
1977   6.1   9.3  11.1  15.3  20.6  24.7  24.4  26.0  23.5  17.2  11.5  10.5 
1978   7.1   7.2  12.3  17.6  21.1  24.9  25.0  22.8  19.0  15.1  11.7   7.2 
1979   5.5   8.1  10.8  15.6  18.5  22.3  24.8  22.5  19.0  17.8   8.2   7.0 
1980   8.1   8.5  11.0  14.7  20.2  27.5  26.9  24.5  21.0  14.1   8.6   9.4 
1981   6.6   9.2   9.9  16.3  19.2  24.0  24.5  22.3  20.4  17.3  12.5   9.5 
1982   7.2   7.6  13.3  16.2  19.4  23.9  24.6  24.5  22.5  16.6  11.2   5.8 
1983   6.8   8.2  11.0  12.8  19.3  24.1  25.4  24.0  23.0  17.9  12.3   6.7 
1984   5.6   8.4  12.6  16.1 -99.0  22.9  22.6  23.2  19.9 -99.0  10.8 -99.0 
1985   3.9   7.0  12.8  16.7  21.7  23.2  23.4  24.7  21.1 -99.0  13.5   7.0 
1986   8.5  11.2  13.1 -99.0 -99.0  22.4  24.3  23.7  21.0  15.4  11.2   5.9 
1987   6.1   7.9   9.3  13.2  18.2  22.6  24.4  23.8  20.1  17.3  10.7   7.4 
1988   6.0   8.8  11.6  15.9 -99.0  22.6  23.2  22.8  20.8  17.0  12.8   7.1 
1989   8.0   9.4  13.6  18.6 -99.0  24.1  24.7  23.3  19.4  16.6  11.5   4.9 
1990   8.6   9.5  12.6  17.3 -99.0  26.9  22.4  21.5  19.5  15.8  12.4   8.1 
