Number= 756548
Name= RIO-GRANDE-CITY-3W--
Country= USA---------
Lat=   26.4
Long=   98.9
Height= 53
Start year= 1849
End year= 1990
First Good year= 1849
Source ID= 30
Source file= New
Normals source= Data
Normals source start year= 1961
Normals source end year= 1990
Normals=  13.4  15.8  20.5  24.6  27.0  29.2  30.1  30.2  27.8  23.5  18.9  14.7 
Standard deviations source= Data
Standard deviations source start year= 1941
Standard deviations source end year= 1990
Standard deviations=   2.3   2.1   1.9   1.4   1.2   1.0   1.1   0.9   1.3   1.7   1.8   2.0 
Obs:
1849 -99.0 -99.0 -99.0 -99.0 -99.0 -99.0 -99.0 -99.0 -99.0  22.8  21.0  16.2 
1850  18.6  18.7  21.7  24.9  25.0  29.6  31.6  31.7  28.4  25.1  19.2  13.1 
1851  15.4  17.2  22.5  25.3  28.8  30.2  29.1  30.6  27.0  23.9  17.3  15.2 
1852  11.6  21.0  23.1  25.4  28.6  28.7  29.8  30.6  27.6  24.2  20.6  17.2 
1853  14.1  15.9  19.7  25.3  28.1  28.8  30.7  29.2  27.0  22.9  20.7  16.1 
1854  13.2  16.9  23.4  24.7  27.6  29.1  28.1  28.3  27.4  24.4  18.6  13.6 
1855  15.2  15.0  18.6  24.6  28.6  28.5  27.9  27.9  26.6  22.1  19.4  15.8 
1856   8.8  15.2  19.5  25.6  26.7  29.8  30.1  31.3  26.2  22.1  16.1  13.3 
1857  13.1  20.4  19.3  20.1  25.2  29.6  29.8  30.8  27.4  23.1  18.7  14.9 
1858 -99.0  14.6  21.7  25.6  29.3  29.9  31.1  29.8  27.1  26.3  15.2  14.4 
1859  14.2  19.6 -99.0 -99.0 -99.0 -99.0 -99.0 -99.0 -99.0 -99.0 -99.0 -99.0 
1860 -99.0 -99.0 -99.0 -99.0 -99.0  31.8  31.9  30.1  27.7  24.0  19.8  16.1 
1861  15.2 -99.0 -99.0 -99.0 -99.0 -99.0 -99.0 -99.0 -99.0 -99.0 -99.0 -99.0 
1862 -99.0 -99.0 -99.0 -99.0 -99.0 -99.0 -99.0 -99.0 -99.0 -99.0 -99.0 -99.0 
1863 -99.0 -99.0 -99.0 -99.0 -99.0 -99.0 -99.0 -99.0 -99.0 -99.0 -99.0 -99.0 
1864 -99.0 -99.0 -99.0 -99.0 -99.0 -99.0 -99.0 -99.0 -99.0 -99.0 -99.0 -99.0 
1865 -99.0 -99.0 -99.0 -99.0 -99.0 -99.0 -99.0 -99.0 -99.0 -99.0 -99.0 -99.0 
1866 -99.0 -99.0 -99.0 -99.0 -99.0 -99.0 -99.0 -99.0 -99.0 -99.0 -99.0 -99.0 
1867 -99.0 -99.0 -99.0 -99.0 -99.0 -99.0 -99.0 -99.0 -99.0 -99.0 -99.0 -99.0 
1868 -99.0 -99.0 -99.0 -99.0 -99.0 -99.0 -99.0 -99.0 -99.0 -99.0 -99.0 -99.0 
1869 -99.0 -99.0 -99.0 -99.0 -99.0 -99.0 -99.0 -99.0 -99.0 -99.0 -99.0 -99.0 
1870 -99.0 -99.0 -99.0 -99.0 -99.0 -99.0  31.2  30.5  30.3  24.6  19.6  12.3 
1871  15.2  20.1  22.6  26.0  28.0  30.0  30.7  31.9  29.3  23.4  20.0  15.3 
1872  13.2  18.2  21.6  26.3  29.7  30.2  31.5  30.3  29.4  24.0  16.1  14.4 
1873  12.7  20.2  22.7  23.0  28.5  30.1  30.4  30.4  27.9  23.1  18.4  16.6 
1874  14.4  18.0  23.4  22.6  26.6  28.6  29.6  31.9  26.9  22.8  20.4  17.7 
1875  11.4  17.3  22.5  23.7  28.6  30.1  30.7  30.6  26.8  23.9  21.0  18.2 
1876  17.9  18.1  20.8  24.7  27.6  29.7  30.6  31.1  27.6  24.3  17.9  12.1 
1877  13.3  15.6  19.9  23.4  26.8  29.3  30.3  30.4  28.9  26.4  18.4  15.9 
1878  13.8  17.2  21.3  26.1  28.6  32.2  30.2  30.4  27.9  24.4  19.4  12.3 
1879  15.0  16.4  24.7  25.8  29.8  30.8  32.7  27.9  25.6  22.3  20.7  17.7 
1880  19.3  16.7  20.5  25.6  28.4  31.6  30.6  28.8  27.8  21.2  12.8  14.7 
1881   9.8  16.3 -99.0  25.2  27.7  32.1  31.4  30.7  28.1  24.6 -99.0 -99.0 
1882  15.3 -99.0 -99.0 -99.0 -99.0 -99.0 -99.0 -99.0 -99.0 -99.0 -99.0  15.8 
1883 -99.0 -99.0 -99.0 -99.0 -99.0 -99.0 -99.0 -99.0 -99.0 -99.0 -99.0 -99.0 
1884 -99.0 -99.0 -99.0 -99.0 -99.0 -99.0 -99.0 -99.0 -99.0 -99.0 -99.0 -99.0 
1885 -99.0 -99.0 -99.0 -99.0 -99.0 -99.0 -99.0 -99.0 -99.0 -99.0 -99.0 -99.0 
1886  11.5  16.9  21.3  25.6  29.6  30.9  31.1  31.6  27.4  24.5  18.6  15.7 
1887  14.7  19.7  21.6  24.6  27.4  27.9  29.4  30.5  26.7  21.2  18.4  11.9 
1888  12.6  17.9  18.4  24.4  27.0  28.3  30.1  30.2  25.6  24.6  17.7  15.8 
1889  14.2  16.4  18.2  24.8  26.1  29.8  28.6  29.2  25.1  23.4  15.9  21.6 
1890  18.8  19.1  20.0  23.6  27.2  28.8  30.2  30.1  27.6  23.9  16.1  16.0 
1891  15.3  18.4  18.1  22.4  25.0  29.7  30.8  29.9 -99.0 -99.0 -99.0 -99.0 
1892  11.5  20.7  19.1  26.1  28.9  29.7  30.5  27.9  26.8  23.8  18.1  14.8 
1893  13.8  16.4  20.4  26.2  27.2  28.8  28.0  29.7  28.6  23.3  17.1  18.6 
1894  16.9  16.0  21.6  26.8  27.7  28.8  29.3  29.2  28.0  25.3  19.3  17.2 
1895  15.6  10.4  20.4  25.3  27.0  27.8  30.7  30.9  27.9  21.4  16.7  13.3 
1896  14.6  15.6  20.8  25.3  29.0  30.1  30.4  30.2  27.8  22.0  20.0  12.2 
1897  10.7  17.2  21.8  22.9  25.0  28.8  30.2  28.7  25.4  24.0  19.3  12.5 
1898  14.8  17.1  19.5  22.2  27.1  27.9  29.1  30.2  27.2 -99.0  18.1  11.5 
1899  12.9  10.8  22.3  23.0  29.1  28.1  30.2  30.8  27.5 -99.0  17.6  13.0 
1900  14.2  14.9  19.9  23.0  27.1  30.7  29.6  30.7 -99.0  22.1  19.6  13.8 
1901 -99.0  16.0  21.5  24.2  27.4  29.8  31.1 -99.0  29.8  27.6  22.8  15.2 
1902  15.6  16.7  23.7  27.5  30.3  31.2  31.4  31.6  29.4  25.4  23.0  16.4 
1903  14.3  16.0  17.6  23.5  26.2  28.1  30.1  29.0  26.9  22.7  18.6  13.5 
1904  13.4  19.8  24.3  26.2  26.3  29.6  28.9  29.2  28.0  23.1  17.6  15.2 
1905  14.4  11.8  21.1  25.3  29.5  28.3  30.7  31.9  29.5  23.9  21.1  13.2 
1906  14.6  17.0  20.1  25.1  27.6  30.8 -99.0 -99.0 -99.0 -99.0 -99.0 -99.0 
1907 -99.0 -99.0 -99.0 -99.0 -99.0 -99.0 -99.0 -99.0 -99.0 -99.0 -99.0 -99.0 
1908 -99.0 -99.0 -99.0 -99.0 -99.0 -99.0 -99.0 -99.0 -99.0 -99.0 -99.0 -99.0 
1909 -99.0 -99.0 -99.0 -99.0 -99.0 -99.0 -99.0 -99.0 -99.0 -99.0 -99.0 -99.0 
1910 -99.0 -99.0 -99.0 -99.0 -99.0 -99.0 -99.0 -99.0 -99.0 -99.0 -99.0 -99.0 
1911 -99.0 -99.0 -99.0 -99.0 -99.0 -99.0 -99.0 -99.0 -99.0 -99.0 -99.0 -99.0 
1912 -99.0 -99.0 -99.0 -99.0 -99.0 -99.0 -99.0 -99.0 -99.0 -99.0 -99.0 -99.0 
1913 -99.0 -99.0 -99.0 -99.0 -99.0 -99.0 -99.0 -99.0 -99.0 -99.0 -99.0 -99.0 
1914 -99.0 -99.0 -99.0 -99.0 -99.0 -99.0 -99.0 -99.0 -99.0 -99.0 -99.0 -99.0 
1915 -99.0 -99.0 -99.0 -99.0 -99.0 -99.0 -99.0 -99.0 -99.0 -99.0 -99.0 -99.0 
1916 -99.0 -99.0 -99.0 -99.0 -99.0 -99.0 -99.0 -99.0 -99.0 -99.0 -99.0 -99.0 
1917 -99.0 -99.0 -99.0 -99.0 -99.0 -99.0 -99.0 -99.0 -99.0 -99.0 -99.0 -99.0 
1918 -99.0 -99.0 -99.0 -99.0 -99.0 -99.0 -99.0 -99.0 -99.0 -99.0 -99.0 -99.0 
1919 -99.0 -99.0 -99.0 -99.0 -99.0 -99.0 -99.0 -99.0 -99.0 -99.0 -99.0 -99.0 
1920 -99.0 -99.0 -99.0 -99.0 -99.0 -99.0 -99.0 -99.0 -99.0 -99.0 -99.0 -99.0 
1921 -99.0 -99.0 -99.0 -99.0 -99.0 -99.0 -99.0 -99.0 -99.0 -99.0 -99.0 -99.0 
1922 -99.0 -99.0 -99.0 -99.0 -99.0 -99.0 -99.0 -99.0 -99.0 -99.0 -99.0 -99.0 
1923 -99.0 -99.0 -99.0 -99.0 -99.0 -99.0 -99.0 -99.0 -99.0 -99.0 -99.0 -99.0 
1924 -99.0 -99.0 -99.0 -99.0 -99.0 -99.0 -99.0 -99.0 -99.0 -99.0 -99.0 -99.0 
1925 -99.0 -99.0 -99.0 -99.0 -99.0 -99.0 -99.0 -99.0 -99.0 -99.0 -99.0 -99.0 
1926 -99.0 -99.0 -99.0 -99.0 -99.0 -99.0 -99.0 -99.0 -99.0 -99.0 -99.0 -99.0 
1927 -99.0 -99.0 -99.0 -99.0 -99.0 -99.0 -99.0 -99.0 -99.0 -99.0 -99.0 -99.0 
1928  14.2  17.1  22.1  22.6  25.6  31.2  31.9  31.8  26.6  25.5  18.2  14.4 
1929  14.5  13.7  22.1  26.9  27.6  29.7  30.3  30.6  28.4  24.1  16.0  13.1 
1930  10.3  17.7  18.2  24.4  27.0  27.7  30.0  30.9  29.3  24.0  17.5  11.6 
1931  12.2  14.9  16.6  20.3  25.0  29.0  29.3  29.1  28.6  26.8  21.3  14.0 
1932  15.6  19.2  18.1  24.0  26.2  30.9  31.0  31.3  26.8  22.3  16.7  11.9 
1933  16.7  14.2  22.3  24.9  29.0  28.1  29.8  28.8  27.3  24.6  19.5  16.7 
1934  15.0  14.8  18.2 -99.0  26.6  31.1  30.3  31.2  27.7  25.8  21.6  14.9 
1935  16.7  14.8  23.6 -99.0  27.7  29.3  30.3  31.4  27.0  23.8  20.3  13.1 
1936  12.2  13.6  21.5  21.8  25.6  30.1  29.6  30.1  27.3  20.8  17.0  14.0 
1937  13.4  14.8  17.2  22.7  25.6  30.5  29.4  30.9  29.9  25.6  18.5  12.8 
1938  13.7  17.4  24.7  23.9  27.5  29.7  31.0  29.8  26.6  24.0  18.4  13.7 
1939  14.7  14.8  22.7  24.1  28.3  28.4  30.8  29.7  26.8  23.8  15.2  14.0 
1940   8.4  15.5  21.7  23.6  27.0  30.3  31.0  31.8  28.2  24.9  19.3  14.8 
1941 -99.0  13.0  16.2  24.1  26.6  28.9  30.3  30.6  29.1  27.0  19.2  14.6 
1942  11.9  13.6  19.4  23.7  25.9  28.2  28.0  28.0  26.0  24.9 -99.0  13.8 
1943  10.3  18.4  19.9 -99.0 -99.0  27.8  30.6  30.9  27.5 -99.0 -99.0  13.9 
1944 -99.0  17.0  20.5  23.0  25.0  29.4  30.4  30.0  27.7  23.7  20.9 -99.0 
1945 -99.0 -99.0 -99.0 -99.0 -99.0 -99.0 -99.0 -99.0 -99.0 -99.0 -99.0  12.2 
1946  12.3  16.9  22.6  25.8  28.9  28.6  31.4  30.9  30.3 -99.0  21.3  16.0 
1947  11.8  12.6  18.7  24.9  27.8  31.2  31.8  28.7  28.9  27.3  19.8  14.5 
1948  11.4  14.9  19.2  25.2  28.2  30.1  30.8  30.7  26.7  22.6  17.8  16.6 
1949  11.2  16.0  20.6 -99.0 -99.0 -99.0 -99.0 -99.0 -99.0 -99.0  20.0  16.4 
1950  19.2  18.8  20.4  25.0  29.2  30.2  31.4  30.7  30.3  26.0  19.4  13.6 
1951  13.8  14.4  19.7  23.4  26.3  29.7  30.7  30.0  28.1  24.4  18.3  15.5 
1952  16.8  16.6  20.4  22.9  25.4  27.4  28.8  30.1  27.2  21.1  17.6  12.2 
1953  14.3  14.3  23.5  25.3  27.7  31.3  30.6  29.2  25.9  21.6  16.8  11.2 
1954  14.9  18.1  19.9  25.1  26.0  29.7  29.5  30.6  28.7  24.4  17.8  15.0 
1955  13.1  14.8  21.6  25.6  28.4  29.5  29.6  30.2  27.5  22.2  18.4  13.2 
1956  14.2  16.8  20.6  23.5  26.9  29.5  30.4  30.4  28.4  25.0  17.2  16.6 
1957  17.9  21.6  21.0  24.4  27.9  28.9  30.8  31.1  27.5  22.8  16.8  16.5 
1958  13.1  15.4  18.0  25.3  27.4  30.0  30.2  31.2  28.6  21.3  18.4  13.6 
1959  13.0  15.5  18.2  22.5  29.3  29.2  30.2  30.5  29.1  24.3  14.9  15.9 
1960  15.2  14.9  18.0  25.0  27.2  29.9  30.8  30.5  25.9  25.4  18.8  13.0 
1961  11.6  16.8  23.4  24.4  28.9  29.2  30.0  29.0  26.9  22.6  16.9  16.2 
1962  11.1  22.0  18.4  23.8  27.7  29.7  31.7  31.4  29.0  26.5  18.7  14.2 
1963  11.0  14.4  22.4  28.3  27.7  30.3  30.8  31.3  28.5  24.2  19.7  10.6 
1964  13.4  13.4  20.5  26.1  27.9  28.5  30.4  32.1  29.3  21.3  20.9  14.5 
1965  16.7  14.9  18.0  25.8  28.1  30.5  31.0  30.0  29.0  21.4  21.8  17.0 
1966  11.0  13.0  19.2  24.6  25.0  27.9  30.1  31.4  29.0  22.5  19.3  14.5 
1967  13.4  15.5  23.2  28.1  27.1  29.8  31.0  29.0  25.0  21.2  18.6  13.5 
1968  12.5  13.2  17.1  23.3  26.5  28.0  28.6  29.4  26.8  24.3  17.6  14.9 
1969  15.8  16.9  16.6  24.7  26.1  29.3  31.5  30.4  27.4  24.9  17.3  15.7 
1970  11.2  15.6  17.9  25.1  24.2  28.6  29.1  30.3  27.2  21.8  16.6  19.2 
1971  17.0  17.6  21.2  24.1  27.8  29.8  29.9  28.4  26.9  24.4  19.8  17.8 
1972  17.4  16.6  22.9  26.6  25.8  28.2  28.6  29.4  29.5  24.7  16.2  13.6 
1973  10.8  13.7  21.9  22.4  25.9  27.8  28.8  28.1  27.7  24.2  21.9  14.9 
1974  15.4  17.1  23.4  23.8  28.2  28.5  29.0  30.7  26.0  22.5  18.0  13.3 
1975  15.2  16.9  22.2 -99.0  28.1  28.8  28.4  28.7  25.4  23.2  18.9  15.1 
1976  13.2  18.9  21.9  24.1  24.7  28.9  27.7  28.6  27.5  19.3  14.1  11.9 
1977  10.7  15.0  20.1  22.7  27.3  29.0  30.3  31.3  28.6  23.8  19.6  15.6 
1978  10.9  12.1  19.7  25.1  28.4  29.8  31.1  29.9  27.3  22.0  19.3  14.5 
1979  11.7  14.4  21.1  26.0  26.3  28.8  31.4  30.6  26.0  24.9  18.4  14.6 
1980  15.6  15.2  21.3  23.4  28.3  31.3  32.3  30.0  29.8  22.9  15.9  15.0 
1981  13.5  16.1  19.7  25.3  26.7  29.1  30.0  30.3  27.6  25.0 -99.0 -99.0 
1982 -99.0  14.4  21.7  24.5  25.9  29.8  31.7  31.6  29.2  23.3  18.9  15.2 
1983  13.0  16.2  19.7  22.5  27.3 -99.0  29.5  30.3  27.9  24.2  20.6  10.7 
1984  11.8  16.6  21.5  25.3  26.7  28.8  30.1  30.2  26.8  25.5  19.2  19.2 
1985  11.2  14.5  22.3  24.8  27.1  28.2  28.9  30.8  29.4  24.1  21.2  13.2 
1986  14.3  17.6  20.5  25.9  26.4  28.5  30.1  30.2  28.6  23.2  17.3  12.6 
1987  12.3  16.1  16.7  20.5  25.9  27.2  29.7  30.6  28.6  23.9  18.7  16.4 
1988  11.8  15.4  20.2  24.0  26.8  29.2  31.3  30.5  27.5  24.7  21.1  15.8 
1989  17.3  15.6  20.5  24.0  29.3  30.3  30.6  30.4  27.5  23.7  20.5   9.6 
1990  17.3  18.8 -99.0  24.6 -99.0  31.8 -99.0 -99.0  28.0  23.5  20.5  15.9 
