Number= 756545
Name= HASKELL-------------
Country= USA---------
Lat=   33.2
Long=   99.8
Height= 487
Start year= 1890
End year= 1990
First Good year= 1890
Source ID= 30
Source file= New
Normals source= Data
Normals source start year= 1961
Normals source end year= 1990
Normals=   5.3   7.8  12.9  18.1  22.4  26.4  28.9  28.2  23.9  18.5  11.9   6.9 
Standard deviations source= Data
Standard deviations source start year= 1941
Standard deviations source end year= 1990
Standard deviations=   2.2   2.1   2.3   1.7   1.3   1.4   1.4   1.3   1.5   1.6   1.8   1.9 
Obs:
1890 -99.0 -99.0 -99.0  18.9  22.9  28.1  32.1  30.8 -99.0 -99.0 -99.0 -99.0 
1891   4.8   7.7   9.7  19.0  23.1  28.7  31.1  29.4  25.0  19.0  11.8   8.6 
1892   4.8   9.8   9.2  18.9 -99.0 -99.0  30.9  29.6  25.7 -99.0 -99.0 -99.0 
1893   6.1 -99.0  11.4  21.7  23.3  29.3  32.8  30.6  28.0  20.1 -99.0  10.2 
1894   5.5   0.7   9.2  18.3  21.4  26.1  30.0  26.9  26.2  20.6 -99.0 -99.0 
1895 -99.0 -99.0 -99.0 -99.0  20.8  26.8  28.0  29.5  26.1  15.0   7.9   5.1 
1896   5.0   7.0   8.9  20.6  26.4  30.1  27.9  28.4  21.3 -99.0   8.7   6.3 
1897 -99.0 -99.0 -99.0 -99.0 -99.0 -99.0 -99.0 -99.0 -99.0 -99.0  12.1   4.0 
1898   8.2   9.7  11.2 -99.0  22.5  25.8  27.6  26.6 -99.0 -99.0 -99.0 -99.0 
1899 -99.0 -99.0 -99.0 -99.0 -99.0 -99.0 -99.0 -99.0 -99.0 -99.0 -99.0 -99.0 
1900 -99.0 -99.0 -99.0 -99.0 -99.0 -99.0 -99.0 -99.0 -99.0 -99.0  12.3   7.8 
1901   7.8   4.0  11.6  16.8  22.1  29.0  31.0  30.4  25.8  20.1  12.3   5.1 
1902   4.9   5.7  12.4  18.9  24.1  28.6  27.2  29.8  23.3  18.6  12.9   5.1 
1903   5.5   3.3  10.9  17.1  20.0  22.6  28.9  29.4  23.5  17.3  11.0   7.9 
1904   5.2  10.8  16.2  18.0  22.8  25.4  28.1  27.7  24.1  18.9  11.7   6.1 
1905   1.9  -1.6  14.0  15.8  21.8  25.9  26.1  28.4  24.8  17.0  12.8   4.6 
1906   6.2   6.6   9.2  14.0  21.3  25.6  25.9 -99.0  23.4  13.2   9.5   8.2 
1907   9.4   9.4  17.5  16.2  18.6  26.9  27.8 -99.0 -99.0 -99.0   9.6   7.5 
1908   7.4   9.3  15.2  16.4  21.6  26.6  25.5  27.0 -99.0 -99.0 -99.0   8.1 
1909   6.9   9.8  12.3  17.3  22.1  27.2  30.8  29.0  25.3  18.6  14.0   1.4 
1910   6.2   6.1  16.3  17.8  21.1  28.7 -99.0  30.4  28.2  18.9  12.2   7.2 
1911   9.4   8.3  16.4  18.2  23.4  30.6  28.5  28.5  27.3  18.8   9.9   6.9 
1912   3.5   6.1   9.4  18.6  24.0  25.2  29.8  28.6  23.5  20.0  11.7   6.8 
1913   6.8   5.0  10.7  18.1  23.1  24.9  29.6  29.5  22.9  16.2  15.5   7.4 
1914  11.2   6.2 -99.0  17.2  20.2  26.6  29.1  25.4  24.2  18.0  13.0   3.8 
1915   6.3  11.0   7.2  17.8  20.6  25.9  27.5  25.7  24.5  18.6  13.8   9.2 
1916   5.5   9.9  17.0  16.2  22.6  26.9  28.6  28.1  23.7  18.4  10.7   6.3 
1917   7.3   7.9  12.5  16.7  19.0  26.7  29.2  28.5  24.7  16.5  13.8   3.3 
1918   2.1   9.7  15.7  16.5  23.5  28.0  30.1  30.2  22.4  20.6   9.8   6.4 
1919   4.0   7.1  11.2  17.5  20.8  24.0  26.5  27.3  24.4  18.9   8.8   4.9 
1920   3.6   8.2  12.0  17.5  22.3  25.7  28.5  24.5  24.3  19.5   9.0   6.1 
1921   8.5   8.8  15.0  17.4  23.1  25.3  28.5  29.8  27.2  19.0  11.9   7.2 
1922   3.7   9.0  11.7  18.4  21.6  25.1  28.7  29.7  25.2  18.5  11.9   8.5 
1923  10.6   6.1   9.9  16.7  22.3  25.9  28.8  28.4  25.5  15.4  10.9   7.0 
1924   4.5   7.1   9.2  17.0  20.0  28.9  27.9  29.2  21.6  18.4  13.4   5.1 
1925   4.3  12.3  17.1  21.1  21.2  27.9  30.0  27.6  24.7  14.5  10.7   6.1 
1926   4.4  11.9  10.9  14.4  21.8  26.1  27.0  26.8  23.6  19.6  10.4   6.4 
1927   6.5  10.4  13.1  17.4  23.3  25.9  28.8  28.4  24.4  19.5  15.6   4.1 
1928   6.6   8.4  15.0  17.2  23.0  27.0  28.6  27.2  24.3  20.6  10.7   7.8 
1929   7.1   5.1  16.6  21.2  22.2  26.5  27.8  30.3  23.7  19.0   7.4   8.5 
1930  -1.2  12.6  11.7  21.8  21.3  25.7  29.5  30.4  25.4  17.4  11.5   5.3 
1931   8.0   9.7   9.6  15.1  19.8  27.5  29.0  27.8  27.9  20.7  13.2   7.1 
1932   6.5  11.8  10.2  18.9  21.2  26.3  26.9  26.1  21.2 -99.0   9.1   4.1 
1933  10.4   5.7  14.9  18.6  23.5  27.3  30.5  29.8  28.5  21.3  14.5  10.1 
1934   8.2   9.6  11.7  19.9  24.4  30.6  31.0  30.3  24.4  21.9  12.8   7.1 
1935 -99.0 -99.0  17.1  18.2  20.6  25.1  28.7  29.3 -99.0  19.5 -99.0   7.3 
1936   5.4   5.3  15.6  17.4  22.9  28.7  28.8  29.3  23.5  16.2 -99.0   9.1 
1937   3.4   8.3  10.2  17.8  23.0  27.1  29.7  30.2  25.5  18.7  10.7   7.0 
1938   9.0  10.5  17.1  16.6  22.1  27.4  28.4  29.2  25.2  20.2  10.4   8.0 
1939   9.0   6.1  15.6  20.1  24.2  27.6  30.2  27.8  25.2  18.8   9.7   8.1 
1940   1.2   7.8  13.4  16.0  22.2  24.5  28.0  26.3  22.7  19.2  10.2  11.2 
1941  10.2   9.4  11.0  18.4  23.3  25.5  28.0  27.3  23.5  19.8  13.5   9.6 
1942   6.6   9.3  12.5  17.4  20.9  26.9 -99.0  28.2  21.3  17.2  13.2   7.0 
1943   5.6  10.2   9.2  19.3  20.8  27.9  30.1  30.0  23.4  16.9  11.0   5.0 
1944   6.9   9.0  11.0  15.7  20.7  27.1  28.5  28.8  23.8  19.0  12.4   6.8 
1945   8.0   9.9  15.4  16.2  22.4  26.8  28.0  28.9  24.4  16.7  13.6   6.1 
1946   5.8  10.2  16.2  21.0  21.2 -99.0  31.7  30.9  24.7  21.0 -99.0 -99.0 
1947 -99.0 -99.0   9.5  17.0  21.5  27.8  29.5 -99.0 -99.0 -99.0 -99.0 -99.0 
1948   2.4   5.3   9.5  21.2  23.5  27.6  28.8  28.8  24.6  17.5  11.2   9.5 
1949   2.0   8.5  12.9  16.0  22.5  26.8  30.3  27.7  22.9  18.5  14.9   8.7 
1950   7.8  10.2  12.6  16.9  21.0  26.0  27.1  27.3  23.1  21.7  12.2   6.8 
1951   7.3   8.6  11.5  17.1  22.3  26.8  30.1  30.4  25.0  19.6  10.0   8.0 
1952  10.4  10.2  12.0  17.2  22.3  29.6  29.4  32.0  24.0  17.3  12.4   7.7 
1953 -99.0   9.1  16.0  17.0  21.7  30.3  29.0  28.4  25.4  19.0  10.3   6.6 
1954   7.1 -99.0 -99.0 -99.0 -99.0  28.1  31.7  30.7  27.4  19.5  12.5   8.5 
1955   6.4   7.0  13.1  19.8  23.8  26.2  29.5  29.4  26.2  19.4  11.8   7.8 
1956   6.9   8.2 -99.0 -99.0  25.0  29.7  30.9  29.8  26.3  21.3  10.5   9.6 
1957   6.1  10.9  11.5  16.0  20.1  25.2  30.6  29.4  23.3  16.7   8.7   9.5 
1958   6.1   5.7   7.6  15.7  21.8  28.1  29.1  29.5  24.5  17.6  12.4   5.9 
1959   4.6   7.6  12.9  17.2  23.6  26.4  26.9  29.1  26.0  16.8   7.8   9.0 
1960   6.0   5.5   8.4  19.1  22.2  28.4  28.5  28.7  25.8  19.9  13.0   5.2 
1961   4.7   7.6  14.0  18.1  23.0  24.8  26.8  27.0  23.5  18.7   9.9   6.7 
1962   3.3  11.6  11.2  17.4  25.5  25.4  29.0  29.7  23.8  21.0  12.7   8.0 
1963   2.9   7.9  14.6  21.2  23.6  27.0  30.4  29.8  25.7  22.9  13.5   4.0 
1964   6.7   6.2  12.0  19.8  24.2  26.6  30.8  29.7  23.8  18.2  13.2   7.1 
1965   8.0   6.8   7.6  19.7  22.6  26.0  29.6  28.5  25.9  18.1  15.3   9.8 
1966   2.5   5.7  14.4  17.0  21.6  26.9  30.2  26.1  22.6  16.9  14.5   6.0 
1967   7.5   7.8  16.7  20.7  21.2  26.9  27.6  27.2  21.9  17.9  11.9   6.4 
1968   5.5   5.8  11.8  16.0  21.6  25.6  27.3  28.0  22.8  19.7  11.1   7.1 
1969   7.5   8.4   7.6  18.4  21.5  26.0  30.9  29.1  23.5  16.0  11.5   8.6 
1970   4.5   8.9   9.9  17.7  22.0  26.7  29.5  28.9  24.6  16.5  10.4  10.1 
1971   6.9   7.5  12.4  18.2  22.6  27.4  28.6  24.8  22.9  19.1  12.5   8.5 
1972   5.5   8.6  15.7  20.4  21.7  27.3  27.6  26.8  24.3  18.0   8.0   5.5 
1973   3.5   6.8  14.3  14.6  22.1  25.6  28.5  28.2  23.4  19.5  14.2   8.7 
1974   5.4  10.1  16.6  18.9  25.1  27.0  29.9  27.4  19.9  18.5  11.5 -99.0 
1975   6.8   6.1  11.2  16.7  22.2  26.0  27.0  27.5  20.9  18.6  12.7 -99.0 
1976   7.1  12.9  14.0  18.3  20.0  26.4  26.5  28.3  23.1  13.9   7.7   6.4 
1977   1.9   9.9  13.5  17.2  23.5  27.9  29.6  29.1  27.8  19.5  13.1   8.9 
1978   1.4   2.4  12.3  21.1  23.6  28.1  31.6  27.2  24.7  19.1  12.0   6.2 
1979   0.5   5.5  12.9  17.9  21.0  25.8  28.9  27.7  24.9  21.1  10.1   7.8 
1980   6.5   7.3  12.0  17.5  22.1  29.5  32.6  30.5  25.0 -99.0  10.9   8.9 
1981   7.3   9.2 -99.0  19.4  21.6  26.7  30.1  28.0  25.2  18.6  13.5   8.5 
1982   6.0   6.2  13.8  16.1  21.2  24.9  28.7 -99.0  24.7  18.3  11.8   7.3 
1983   5.3   7.5 -99.0  15.1  20.6  23.8  29.1  30.3  25.7  19.2  13.1  -0.1 
1984   3.9   9.1  11.5  16.1  23.0  27.8  29.1  28.3  22.5  16.3  11.2   7.9 
1985   3.0   5.3  13.6  18.9  23.4  25.6  28.2  29.5  24.1  18.0  10.9   5.1 
1986   8.5  10.5  15.6  19.7  22.8  26.3  29.3  28.0  24.6  17.3  10.0   6.8 
1987   5.3   9.4  10.9  16.6  22.4  25.4  27.4  29.0  23.1  18.5  12.4   6.5 
1988   4.1   7.3  13.7  17.8  22.6  26.3  27.8  28.7  24.6  18.7 -99.0   8.1 
1989   8.9   4.2  13.9  19.0  23.7  24.6  28.6  28.1  22.5  19.6 -99.0   2.6 
1990   9.2  10.6  12.9  16.3  21.2 -99.0  26.9  27.3  25.4  18.3  14.1   5.7 
