Number= 756555
Name= OGDEN-PIONEER-P-H---
Country= USA---------
Lat=   41.3
Long=  112.0
Height= 1325
Start year= 1870
End year= 1990
First Good year= 1870
Source ID= 30
Source file= New
Normals source= Data
Normals source start year= 1961
Normals source end year= 1990
Normals=  -2.5   0.7   5.0   9.7  14.9  20.3  24.9  23.6  17.9  11.5   4.4  -1.4 
Standard deviations source= Data
Standard deviations source start year= 1941
Standard deviations source end year= 1990
Standard deviations=   2.7   2.5   2.1   2.0   1.7   1.8   1.0   1.2   1.7   1.9   1.9   1.8 
Obs:
1870 -99.0   9.8   4.8 -99.0  17.2  21.2  24.5  20.4  19.2  15.0   7.1  -0.1 
1871   0.7   1.3   4.7  10.9  18.4  22.2  25.1  19.9  21.9  10.7  -1.6  -0.5 
1872  -0.3   1.1   5.2  11.6  19.3  21.9  22.7  21.0  18.4  13.5   2.1   1.7 
1873   1.9  -0.1   7.2 -99.0  12.4  21.3  26.1 -99.0  22.5  12.7   8.7  -2.9 
1874  -0.5  -1.9   2.0  12.9  20.2  21.6  27.1  25.4  20.9  13.4   5.4  -0.9 
1875  -3.1  -1.6   0.2  11.9  17.2  20.8  24.4  23.8  21.4  14.1   4.5   1.9 
1876  -2.1  -0.2   3.7  10.2  12.9  19.2  24.6  22.1  20.3  14.1   5.7  -0.9 
1877  -1.7   1.7  10.1  10.4  15.6  19.4 -99.0 -99.0 -99.0 -99.0   5.5   0.6 
1878  -1.0   3.4   7.9  10.4  13.6  21.7  26.7  27.0  16.7   7.8   6.3  -2.5 
1879  -2.8   4.2  10.1  13.7  17.0  19.5  26.2  23.7  19.5   9.7   2.6  -2.6 
1880  -3.0  -4.1  -1.0  10.0  16.2  22.5  25.8  23.9  15.6   7.6  -4.8  -1.4 
1881  -1.3   4.7   6.1  14.5 -99.0 -99.0  23.8  23.0 -99.0  12.9   2.8   1.9 
1882  -1.5   0.3   1.9   9.1  15.5  19.9  25.9  25.0  16.9   7.6   1.0  -0.3 
1883  -4.6  -5.6   8.2   8.8  16.4  22.5  26.2  24.2  20.5   7.7   2.7  -1.6 
1884  -4.2  -2.0   4.9  10.1  17.6  22.9  24.5  23.6  16.2  10.8   4.1   1.6 
1885  -3.4   2.8   6.9  13.2  16.6  20.1  25.0  23.5  18.9  10.8   6.1   0.9 
1886  -1.8   3.8   3.1  11.2  19.6  22.6  27.5  25.0  17.6 -99.0   0.8   2.9 
1887   1.1   2.3   8.0  10.7  19.2  21.5  25.3  24.3  18.5  10.5   3.3  -2.3 
1888  -6.7   3.1   4.5  14.0  17.4  21.8  26.9  24.8  23.5  12.2   4.3   0.0 
1889  -6.9  -0.8   7.7  12.0  16.0  20.0  25.5  23.8  15.1   9.7   3.2   5.0 
1890  -4.8  -1.0   1.7   9.2  16.0  15.0  20.8  19.2  19.9   7.7   2.7   0.9 
1891  -2.1  -2.4   2.7  10.8  16.8  17.0  22.8  22.4  18.2  10.1   5.3  -2.9 
1892  -4.4  -2.6   5.1   8.6  13.4  17.4  24.5  25.5  22.8  13.5   6.2  -0.5 
1893  -1.6  -1.7   3.6   9.6  15.5  22.3  25.5  24.8  19.0  13.0   4.3   1.8 
1894  -1.9  -3.8   3.6   9.0  17.4  17.8  23.4  23.9  16.1  10.2   5.2  -0.7 
1895  -2.3  -2.3   3.7  10.9  15.2  17.7  22.5  23.1  16.6  11.8   1.9  -3.0 
1896  -0.6   1.5   3.6   9.0  12.2  22.1  23.0  23.6  18.2  12.2   2.5   0.8 
1897  -1.5   1.1   1.7  10.8  20.2  21.0  23.8  23.4  18.0  10.3   5.1  -2.4 
1898  -4.3   0.3   3.0  12.7  12.7  20.4  24.4  25.4  17.5 -99.0   3.1  -3.9 
1899   0.7  -1.3   3.4   9.5  12.3  17.4  23.4  19.3  21.0  11.0   8.1  -3.3 
1900   0.1  -0.7   6.4   7.5  15.5  22.4  23.0  22.2  16.6  10.2   5.5   1.1 
1901   0.2   0.9   3.4   9.7  16.5  18.5  26.4  23.6  16.0  11.8   6.1   0.4 
1902  -3.3   2.4   2.4   9.7  14.6  20.1  21.9  22.1  17.2  12.4   5.0  -0.4 
1903  -1.8  -7.5   3.9   8.9  12.7  21.9  24.1  23.8  15.6  11.3   4.5  -2.8 
1904  -4.4   0.9   3.6  10.6  14.5  19.6  23.5  22.9  18.6  11.5   6.4  -1.1 
1905  -0.9   0.3   6.4  10.5  12.7  20.3  24.6  23.9  18.4   8.4   5.6  -4.3 
1906  -3.9  -0.4   2.9   9.7  13.4  17.8  24.5  22.2  17.0  10.8   3.8   2.4 
1907  -2.4   5.1   6.1  11.1  13.7  16.4  23.5  21.2  17.6  14.0   4.9  -0.2 
1908  -1.9   0.6   4.7  11.5  11.7  16.2  24.5  21.1  17.0   8.6   4.0  -2.2 
1909   1.3   0.8   3.9   7.8  12.2  21.6  23.4  23.6  16.6  11.7   5.5  -6.3 
1910  -4.3  -2.3   8.8  12.8  14.9  22.1  24.8  21.9  18.9  12.1 -99.0   0.9 
1911 -99.0  -2.5   6.1   8.7 -99.0  18.4  20.9  21.8 -99.0   8.9 -99.0  -2.7 
1912  -0.7   1.9   4.9   8.2 -99.0  18.5  20.6  20.3  12.3 -99.0   4.3  -2.5 
1913  -3.9  -1.0   2.0   8.8  14.5  18.1  19.7  21.9  15.5   8.1   4.3  -1.0 
1914   0.1  -0.7 -99.0 -99.0 -99.0 -99.0 -99.0  23.3  16.5  11.4   3.5  -4.5 
1915  -3.1   3.0   7.4  14.3  13.8  17.9  23.6  25.5  16.5  12.5   5.5   0.0 
1916  -2.6   1.9   7.4  11.4  12.8  18.2  23.9  22.6  18.2   9.4   1.7  -3.2 
1917  -6.9  -2.6  -0.1   7.3  12.7  18.5  25.9  22.7  18.6  11.4   5.3   4.3 
1918  -1.3  -1.8   6.1   8.1  13.0  23.2  22.8  20.0  17.0  10.5   0.8 -99.0 
1919 -99.0 -99.0 -99.0 -99.0  14.3  22.0  24.7  22.2  17.1   5.5   2.3  -5.7 
1920  -1.1   2.4   3.2   6.3  13.5  18.8  24.5  22.8  16.1   8.5   3.3  -0.9 
1921   0.6   1.6   7.2   8.1  14.6  21.3  25.3  23.6  16.7  13.7   7.6   2.5 
1922  -5.1  -0.3   2.1   7.6  15.3  22.9  24.9  25.0  20.3  13.1   3.1   0.4 
1923   0.4  -3.3   2.6   9.3  15.4  18.1  25.7  22.9  17.9   8.5   5.3  -2.4 
1924  -5.5   1.7   1.8   8.6  14.7  20.5  24.5  23.2  15.7  10.4   3.6  -6.0 
1925  -3.5   3.4   6.6  10.1  16.3  18.2  24.9  22.2  16.9  10.3   3.4   0.6 
1926  -3.3   2.4   5.9  12.1  15.2  21.4  23.9  23.4  15.8  11.3   7.1  -3.0 
1927  -1.8   1.3   4.4   8.6  12.6  19.9  24.6  22.6  16.5  11.8   7.3  -3.7 
1928  -2.3   0.6   6.6   8.3  16.8  18.9  24.5  23.3  17.8  10.8   4.1  -4.1 
1929  -5.2  -4.7   3.7   7.9  13.5  19.0  25.4  24.7  15.6  11.4   2.6   2.0 
1930  -6.9   2.8   5.4  12.6  12.3  19.1  25.1  23.9  16.6   9.0   0.6  -7.2 
1931  -6.2   0.1   4.3  10.2  14.2  21.9  26.2  24.2  17.7  12.3   1.1  -4.4 
1932  -7.2  -1.9   3.3   9.0  14.2  19.1  23.6  22.2  17.5   8.4   6.3  -6.5 
1933  -3.1  -7.3   3.8   7.7  11.4  23.0  25.9  22.7  18.2  14.2   5.6   2.8 
1934   0.7   5.2   9.4  13.3  18.8  20.2  25.6  25.1  16.9  12.8   6.3  -0.7 
1935  -1.1   1.6   4.4   9.6  12.9  20.6  25.8  24.5  19.5  10.8   2.2  -1.3 
1936  -2.9  -0.6   4.2  11.2  16.6  22.0  26.2  24.1  16.7  11.2   2.6   0.2 
1937 -10.3  -2.0   5.0   7.7  16.4  19.6  25.2  24.5  19.6  12.8   6.4   1.5 
1938   1.2   2.1   4.7  10.1  13.2  21.1  23.5  23.8  20.3  12.2   0.3   0.4 
1939  -1.2  -4.4   5.6  11.6  16.4  19.5  25.5  24.1  17.9  11.0   7.1   2.9 
1940  -0.9   2.9   7.2  10.7  17.4  22.8  26.3  25.2  18.2  12.5   1.7  -0.7 
1941  -1.9   1.4   5.5   8.0  16.0  18.4  24.5  22.6  15.7   9.9   3.4   0.7 
1942  -6.5  -3.5   1.0  10.2  12.2  18.4  26.5  23.9  18.6  11.9   4.3  -0.5 
1943  -1.2   0.5   4.2  13.3  14.2  18.4  25.0  24.2  20.2  12.9   4.6   0.1 
1944  -6.7  -0.8   2.1   8.3  15.9  17.1  24.4  24.0  19.0  14.3   3.3  -1.3 
1945  -0.3   1.7   3.4   7.7  15.7  16.2  25.2  23.2  16.9  12.4   2.3  -2.4 
1946  -2.7   0.6   6.4  12.9  14.7  21.4  26.2  25.2  18.4   8.4   3.6 -99.0 
1947  -5.4   2.4   6.6   9.2  17.4  17.6  25.5  22.8  18.3  12.8   1.3  -1.9 
1948  -1.6   0.2   1.6   9.9  15.6  20.4  24.1  23.6  19.0  11.7   0.6  -4.2 
1949 -11.1  -4.5   4.7  12.2  15.9  18.7  24.1  23.6  18.6   7.7   5.3  -1.8 
1950  -3.8   0.9   3.9   9.2  12.2  19.1  22.7  22.3  17.2  13.6   4.4   0.1 
1951  -3.5   0.6   1.7  10.1  14.0  16.6  23.4  21.1  16.7   8.1   1.3  -2.8 
1952  -3.4  -2.9   0.2  10.6  15.7  20.1  24.2  24.0  20.5  14.7   1.4  -0.9 
1953   3.6   1.8   6.2   7.8  11.5  19.5  25.6  24.1  20.3  12.1   7.3  -1.5 
1954   0.5   1.7   3.7  12.1  16.7  18.8  26.1  22.8  18.4  11.0   6.7  -1.3 
1955  -6.5  -4.4   1.5   7.5  14.6  19.2  24.0  24.6  18.4  11.7   1.0   1.6 
1956   1.1  -3.3   5.0   9.9  15.9  21.1  24.9  22.2  19.6  11.3   0.6  -2.0 
1957  -4.5   3.6   5.2   8.3  14.0  19.3  24.6  24.1  17.9  10.4   0.2  -0.2 
1958  -2.4   4.1   2.7   7.8  18.7  21.3  23.5  24.6  17.9  12.4   2.5   1.0 
1959  -0.5   0.6   4.1  10.6  13.1  21.9  24.9  23.0  16.0  10.7   3.5  -1.3 
1960  -4.0  -2.5   5.0  10.2  14.6  21.3  26.7  21.5  20.2  11.3   4.6  -1.0 
1961  -0.8   2.4   4.9   8.8  15.9  23.2  26.0  24.6  14.4   9.7   1.7  -1.9 
1962  -6.0  -0.3   2.4  11.8  13.9  19.8  23.5  23.0  19.0  13.1   5.8  -1.0 
1963  -5.4   3.9   4.2   6.6  16.2  17.3  24.3  24.5  19.4  14.0   3.4  -4.0 
1964  -5.5  -4.6  -0.4   6.9  13.5  17.4  25.4  22.1  17.2  12.3   3.2   0.4 
1965  -0.6   0.6   2.8  10.3  13.0  18.8  23.7  21.6  14.0  13.5   7.8  -0.6 
1966  -1.8  -1.3   5.5   9.7  17.1  20.5  26.2  23.7  19.9  10.7   6.5  -2.2 
1967  -0.8   2.2   6.7   7.3  14.0  17.8  25.4  25.8  19.4  11.9   6.7  -3.4 
1968  -3.5   3.2   7.2   7.4  13.9  19.4  25.4  20.1  16.4  10.9   2.9  -0.9 
1969   0.7  -0.1   2.8  10.6  18.5  18.1  24.8  25.1  20.1   8.5   4.8   0.4 
1970   0.6   4.7   4.5   6.6  14.9  20.3  24.6  25.1  15.4   8.5   5.3  -0.9 
1971  -0.4   0.7   3.8   9.3  14.2  19.9  25.5  25.2  15.3   8.7   3.3  -3.4 
1972  -1.9   2.1   8.3   9.1  16.7  21.6  24.5  24.2  16.8  11.8   3.6  -4.6 
1973  -4.9  -0.1   4.2   8.1  16.4  20.3  24.2  24.3  16.4  12.4   4.9   0.7 
1974  -2.1  -0.8   7.0   9.2  15.3  22.6  25.5  22.8  19.1  12.3   5.4  -1.7 
1975  -3.3   0.7   4.2   6.4  11.9  18.0  25.7  22.7  18.5  11.2   3.1   0.6 
1976  -1.7   0.4   1.8   9.4  16.9  18.8  25.2  22.0  19.6  10.7   5.5  -0.3 
1977  -2.6   2.3   3.2  12.7  12.2  23.3  24.6  22.5  18.1  12.7   5.0   2.1 
1978   0.9   2.9   8.1   9.5  13.1  20.2  24.6  22.2  16.7  12.9   2.4  -3.7 
1979  -5.9  -0.1   5.2   9.7  15.6  20.4  25.1  23.4  21.3  13.1   1.6   0.4 
1980  -0.3   2.8   4.2  11.7  13.7  20.1  25.2  22.3  18.1  11.1   4.8   0.7 
1981  -1.2   2.5   6.4  12.6  13.6  20.6  25.2  25.3  19.8   9.4   6.6   1.9 
1982  -2.9  -1.6   4.9   8.1  13.6  19.9  23.3  25.0  17.1   8.6   3.1  -1.3 
1983   1.0   2.4   5.8   6.9  12.9  19.1  24.1  24.4  18.7  12.5   4.7  -2.6 
1984  -6.2  -4.2   3.0   8.6  15.7  18.6  24.3  23.6  17.6   8.0   4.5  -2.7 
1985  -5.4  -4.2   3.2  12.6  16.9  21.4  26.1  23.3  15.7  10.6   1.4  -4.3 
1986 -99.0   4.3  10.0   9.7  15.0  23.5  23.4  25.4  15.8  11.7   5.6  -0.3 
1987  -2.7   2.7   6.0  13.7  17.0  21.9  23.4  23.0  19.4  14.2   4.9  -0.6 
1988  -3.2   1.7   4.8  11.0  15.3  23.8 -99.0  24.4  17.8  16.5   3.9  -2.1 
1989  -5.4  -3.6   7.1  13.2  15.4  20.3  27.1  23.7  19.5  13.1   5.1  -0.6 
1990  -0.2   0.7   7.5  12.6  14.4  20.9  25.6  24.0  21.8  11.7   5.2  -5.9 
