Number= 756585
Name= PORT-ANGELES--------
Country= USA---------
Lat=   48.1
Long=  123.4
Height= 27
Start year= 1891
End year= 1990
First Good year= 1891
Source ID= 30
Source file= New
Normals source= Data
Normals source start year= 1961
Normals source end year= 1990
Normals=   3.7   5.1   6.3   8.1  10.8  13.3  15.0  15.2  13.5   9.6   6.2   4.2 
Standard deviations source= Data
Standard deviations source start year= 1941
Standard deviations source end year= 1990
Standard deviations=   1.8   1.3   1.0   0.9   1.0   1.1   1.1   0.9   1.1   0.8   1.4   1.4 
Obs:
1891 -99.0 -99.0 -99.0 -99.0 -99.0 -99.0 -99.0 -99.0 -99.0   9.7   6.7   4.0 
1892   3.3   4.2 -99.0 -99.0 -99.0 -99.0 -99.0 -99.0 -99.0  10.0   6.3   3.6 
1893   2.2   1.2   4.7   6.1   9.6  11.4  13.3  13.7  11.4   7.7   4.2   5.3 
1894   2.9   2.7   4.4   6.9   9.9  12.3  13.8  15.2  11.9   8.3   6.8   3.3 
1895   2.8   5.7   5.6   7.6  10.2  12.4  13.8  13.5  10.4   9.2   6.7   4.6 
1896   3.9   5.6   4.2   6.7   8.6  12.2  14.9  14.6 -99.0   8.9   2.8   5.9 
1897   4.0   4.6   3.4   8.3  11.0  12.6  12.8  15.6  11.6   8.8   5.1   5.0 
1898   3.7   5.6   4.7   7.3  10.6  12.7  13.5  14.7  12.8 -99.0 -99.0 -99.0 
1899   3.4   3.3   5.3   7.7   9.0  11.6  15.3  13.8  14.1   9.2   9.3   5.5 
1900   5.3   4.3   8.7   9.6  11.2  13.9  15.0  14.2  12.4   9.3   5.2   6.5 
1901   3.0   4.4   6.2   7.1  10.6  11.6  13.0  16.0  11.5  11.9   7.3   5.0 
1902   3.6   5.7   6.3   7.8  11.6  13.0  14.6  15.1  12.1  10.6   6.4   4.2 
1903   4.9   3.8   4.8   7.5  10.0  13.7  13.7  14.1  12.0   9.7   6.4   5.4 
1904   4.8   3.1   4.8   9.5  10.0  12.3  14.5  13.5  12.4  10.0   8.6   5.6 
1905   4.3   4.4   8.7   9.2  10.7  13.0  14.6  14.0  12.7   7.8   6.2   5.1 
1906   4.8   5.6   6.2   9.5  11.1  12.5  15.9  14.3  11.6  10.1   6.3   4.7 
1907   0.5   4.5   5.0   7.5  10.9  12.0  14.1  13.7  12.7  10.1   7.5   5.0 
1908   4.5   3.6   6.0   7.3   9.6  12.6  14.4  13.6  10.8   8.8   7.8   4.3 
1909  -0.2   4.2   5.6   7.0   9.3  12.0  13.5  13.1  11.4   8.7   6.0   2.5 
1910   2.9   2.4   7.2   7.3  10.4  11.5  13.8  12.9  11.3   9.4   6.0   5.2 
1911   2.1   2.8   6.2   5.8   9.9  11.1  14.6  14.2  10.8   8.7   5.3   4.5 
1912   4.6   5.3   5.2   7.7  11.5  12.6  14.6  14.0  11.9   7.6   6.3   4.8 
1913   1.9   3.0   4.3   7.8  10.2  13.1  14.8  15.0  11.8   8.3   6.0   4.9 
1914   4.5   4.7   7.4   8.9  11.4  12.5  13.8  13.6  11.2  10.5   6.9   3.6 
1915   4.1   5.1   8.6   9.4  11.5  12.9  14.9  15.9  11.9   9.6   5.2 -99.0 
1916 -99.0 -99.0 -99.0 -99.0 -99.0  12.2  13.2  14.1  12.0   8.1   4.8   2.7 
1917   2.6   2.9   4.0   7.0   8.9  11.4  13.2  14.0  11.9   8.9   7.7   5.2 
1918   5.3   3.6   5.3   8.2  10.3  13.2  14.2  14.9  13.8   9.3   6.1   4.3 
1919   4.5   3.8   6.1   8.2   9.9  11.6  13.5  14.3  12.9   7.5   5.2   2.6 
1920   3.7   4.0   5.7   6.3   8.6  12.5  14.9  15.1  11.7   8.1   6.3   5.2 
1921   3.6   4.8   5.6   7.0  10.1  13.6  13.7  14.1  11.9   9.6   5.3   3.0 
1922   2.2   2.6   4.6   7.0   9.6  13.2  14.2  15.0  12.2   9.7   5.2   2.2 
1923   4.0   2.8   5.8   8.6  10.0  13.7  15.1  16.1  13.2  10.0   6.9   5.0 
1924   4.2   6.4   6.6   7.7  11.9  13.0  14.6  14.3  12.3   9.8   5.7   2.4 
1925   4.8   6.1   6.4   8.9  11.9  13.5  14.8  15.9  13.1   8.9   5.8   6.3 
1926   4.7   6.6   8.2  10.4  11.4  14.4  15.8  14.9  11.6  10.4   7.8   4.8 
1927   3.8   5.2   6.0   7.4  10.1  14.1  15.3  15.1  12.9   9.6   6.3   2.8 
1928   5.2   5.3   7.5   8.4  12.3  13.8  16.2  14.7  12.1   8.8   6.8   4.1 
1929   1.5   2.2   6.3   6.9  10.2  13.1  15.4  15.4  13.4  10.2   5.7   4.8 
1930  -0.8   4.9   6.8   9.5   9.9  12.8  14.3  15.7  12.4   8.2   5.7   5.4 
1931   6.0   5.6   7.2   9.8  12.1  13.2  16.2  15.2  12.8   9.7   5.3   4.6 
1932   3.1   4.6   7.4   9.2  11.1  13.8  13.9  15.3  12.5  10.2   7.8   3.5 
1933   3.8   2.5   6.0   8.0   9.9  12.7  14.4  16.0  11.9  10.1   6.8   5.2 
1934   5.9   6.6   8.6  11.2  12.3  13.3  14.5  15.9  13.3  10.8   8.0   5.4 
1935   3.7   5.2   5.0   8.2  10.6  13.3  14.9  15.2  13.3   8.8   5.4   5.6 
1936   4.5   0.3   5.0   9.1  12.1  14.6  15.4  15.8  12.2  10.9   5.8   5.2 
1937  -0.9   3.0   7.1   8.0  10.7  14.1  14.6  14.4  13.2  11.1   7.2   5.7 
1938   4.8   4.2   6.1   8.8  10.9  13.3  15.2  13.7  14.3   9.7   5.8   5.4 
1939   5.6   3.3   6.0   8.8  11.3  12.6  14.6  15.9  13.6   9.7   8.7   7.1 
1940   5.6   6.1   8.0  10.0  12.9  14.0  15.0  16.2  14.4  11.2   5.2   5.9 
1941   5.5   6.3   8.6  10.1  11.8  13.8  17.1  15.0  12.4  10.3   7.5   4.8 
1942   4.6   5.2   6.2   8.8  11.4  13.3  16.1  15.6  12.9  10.4   5.3   4.7 
1943   0.6   5.0   5.1   9.2   9.6  12.4  13.6  14.1  13.7   9.7   6.8   4.6 
1944   4.4   4.2   5.6   8.1  10.9  12.8  14.9  14.7  14.6  11.7   7.5   4.0 
1945   5.0   5.7   6.4   7.4  11.4  13.2  14.7  14.6  12.1  10.3   5.3   4.3 
1946   4.7   4.7   6.2   8.0  11.9  13.0  15.0  14.9  12.5   8.4   4.7   3.8 
1947   1.9   5.6   7.4   9.6  12.4  13.9  15.4  14.6  13.1   9.8   6.5   5.5 
1948   4.0   3.8   5.8   7.6  11.2  15.2  15.2  14.6  13.0   9.5   6.4   2.6 
1949   0.3   2.6   6.8   8.8  12.2  12.9  14.3  14.9  14.3   8.6   9.1   3.8 
1950  -3.0   3.8   5.7   7.7   9.7  14.0  14.9  15.0  13.0   8.8   6.3   6.2 
1951   3.3   4.0   4.3   9.1  10.4  14.1  15.2  14.3  13.0   9.7   7.0   3.2 
1952   2.5   4.1   5.8   8.4  10.8  11.9  14.6  15.1  13.9  11.7   6.1   5.5 
1953   5.2   5.2   6.1   8.2  11.6  12.4  15.2  15.9  14.3  10.7   8.3   6.2 
1954   2.2   6.1   4.9   7.3  11.0  12.0  13.7  14.0  14.1   9.8   8.7   5.2 
1955   4.6   4.0   3.7   6.8   9.5  13.0  13.7  14.3  13.5   9.1   3.2   3.0 
1956   3.1   2.7   4.7   9.3  12.6  12.7  15.9  15.4  13.4   9.3   5.7   4.7 
1957   0.7   3.4   6.1   8.9  12.7  13.7  14.6  15.1  16.1   9.8   6.5   5.7 
1958   5.6   7.6   6.6   8.7  12.9  16.4  18.2  16.5  13.9  10.3   5.0   5.9 
1959   3.9   4.3   6.3   8.7  10.6  13.9  16.1  14.4  12.8   9.6   5.6   4.7 
1960   3.6   5.0   5.5   8.5  10.2  12.9  16.0  15.0  13.2  10.6   6.3   4.7 
1961   5.8   6.4   6.9   8.4  11.6  15.3  16.5  16.3  12.3   8.6   4.3   3.7 
1962   3.4   5.4   5.0   8.8   9.7  12.6  14.1  14.8  14.0  10.2   7.5   5.5 
1963   2.6   7.2   6.3   8.9  11.7  13.2  14.5  15.2  15.6  11.1   6.6   5.6 
1964   4.9   5.2   6.5   7.4  10.1  12.9  14.2  14.6  12.4   9.3   4.4   1.8 
1965   2.7   5.2   6.8   8.6   9.5  12.9  15.2  15.0  12.4  10.8   7.6   4.3 
1966   3.5   5.2   6.0   8.2  10.4  12.9  14.2  15.2  13.9   9.1   6.4   5.4 
1967   4.3   5.8   5.4   7.2  10.8  15.1  15.7  16.6  14.9  10.4   7.2   4.7 
1968   4.1   6.2   7.4   7.9  11.6  13.3  16.2  14.9  13.6   9.3   7.0   2.3 
1969  -0.6   3.9   6.7   8.3  12.5  15.6  15.3  14.9  13.6   9.8   6.6   5.8 
1970   4.0   6.4   6.7   7.8  10.3  14.6  15.0  14.2  11.9   8.9   6.5   3.8 
1971   4.2   5.1   4.5   8.4  11.2  11.9  15.2  16.6  12.9   9.7   6.8   2.7 
1972   1.9   4.8   6.7   6.6  12.5  13.3  16.2  16.2  12.2   9.3   6.7   3.0 
1973   3.1   5.2   6.7   8.4  11.2  12.8  15.1  13.6  14.3   9.4   5.0   6.3 
1974   3.4   5.1   6.3   8.6   9.6  12.8  14.4  15.4  15.7  10.2   7.0   6.0 
1975   3.7   3.8   5.6   6.7  10.8  12.8  15.5  14.2  14.4   9.6   6.6   4.5 
1976   4.8   4.8   5.0   8.5  10.6  12.3  14.9  14.1  14.4  10.0   6.9   5.8 
1977   3.7   7.0   6.0   9.0  10.4  13.8  14.2  16.4  12.7   9.0   5.3   4.2 
1978   4.7   6.1   7.5   8.6  10.8  15.6  15.9  15.8  13.3  10.6   4.5   3.1 
1979   1.6   4.1   7.3   8.9  11.7  13.1  15.9  15.6  15.4  10.7   6.4   6.5 
1980   1.8   5.9   6.4 -99.0  11.2  12.7  15.1  14.5  13.9  10.8   7.2   6.3 
1981   6.5   6.1   8.2   8.6 -99.0  12.7  14.9  17.0  13.6   9.3   7.1   5.0 
1982   3.6   5.0   6.1   7.2  10.7  14.7  14.7  15.5  14.7  10.4   5.2   4.7 
1983   6.3   6.9   8.3   9.3  12.8  13.8  15.4  16.5  13.3   9.3   7.8   1.5 
1984   5.2   6.5   8.1   9.0  10.4  12.9  15.5  15.6  13.2   9.0   6.1   2.6 
1985   3.2   4.0   5.4   7.0   9.8  11.7  14.4  13.6  11.3   8.2   0.1   1.2 
1986   4.8   3.3   6.3   6.0   9.0  12.4  11.6  15.3  11.2   8.4   5.2   3.5 
1987   3.1   5.3   5.9   7.5   9.6  11.3  13.0  13.1  12.2   8.4   6.2   2.6 
1988   1.8   3.9   4.6   6.6  10.1  13.0  14.9  15.3  13.1  10.5   6.7   4.8 
1989   3.6   0.8   5.0   9.5  11.0  14.5  14.3  14.6  14.7   9.6   7.0   5.9 
1990   4.9   3.5   6.3   9.3  10.9  13.6  16.6  16.2  15.1   9.2   7.1   1.9 
