Number= 756613
Name= BUFFALO-BILL-DAM----
Country= USA---------
Lat=   44.5
Long=  109.2
Height= 1571
Start year= 1905
End year= 1990
First Good year= 1905
Source ID= 30
Source file= New
Normals source= Data
Normals source start year= 1961
Normals source end year= 1990
Normals=  -3.2  -0.8   1.8   6.1  10.7  15.0  18.6  18.3  14.4   9.4   2.8  -2.0 
Standard deviations source= Data
Standard deviations source start year= 1941
Standard deviations source end year= 1990
Standard deviations=   3.2   2.5   2.2   1.9   1.4   1.5   1.2   1.2   2.0   2.0   2.2   2.7 
Obs:
1905  -4.5  -5.9   3.7   5.3   8.2  13.4  19.0  20.9  17.8   6.7 -99.0   0.3 
1906  -0.3  -0.6  -4.7   8.1   9.6  13.0  19.3  18.5  16.3   9.0   0.4   0.0 
1907  -8.8   1.0   2.2   4.1   8.1  12.5  17.9  17.5  13.6  11.3   2.4  -1.1 
1908  -1.8  -0.1   1.2   7.8   8.6  12.3  19.0  16.9  15.5   6.0   3.0  -3.8 
1909  -5.4  -1.6   1.2   2.2   8.9  15.4  19.5  21.0  15.1   9.3   3.3  -8.5 
1910  -3.7  -5.4   8.7  11.3  11.7  17.0  20.7  17.9  14.6  11.2   2.5   0.0 
1911  -3.2  -3.4   6.1   4.7  10.9  17.4  18.2  16.7  14.5   6.4  -0.7 -99.0 
1912  -2.6  -1.1  -4.6   6.0   9.9  15.8  17.5  17.0   9.1   7.1   5.8 -99.0 
1913  -4.2  -7.7  -1.4   7.7  10.8  15.8  18.1  20.2  14.6   5.7   5.2  -1.0 
1914  -0.3  -2.6   2.7   5.4  11.5  14.9  20.1  18.6  15.0   9.7   7.3  -4.6 
1915  -2.6   1.0   0.9  10.6   8.9  11.9  15.7  18.9  12.0  11.6   3.3  -1.2 
1916 -12.4  -0.6   3.6   5.8   8.0  13.8  20.9  18.4  14.4   6.7   1.7  -6.8 
1917  -6.2  -4.3  -3.2   3.3   9.0  13.5  21.5  17.9  14.9   7.2   7.4  -2.1 
1918  -6.2  -2.9   5.0   2.4   9.1  17.8  17.9  17.6  13.4  10.9   2.5  -1.1 
1919   1.0  -3.6   1.6   6.9  12.5  18.5  21.3  19.9  14.9   3.0   0.1  -2.7 
1920  -0.7  -1.3  -0.2   1.2   9.6  13.8  19.3  19.2  14.6   7.6   0.6  -2.2 
1921  -2.4   0.5   1.6   4.6  10.3  17.6  21.1  19.5  12.8  12.3   2.1  -1.8 
1922  -6.4  -6.4   1.7   4.7  10.9  17.5  18.8  21.1  17.6  11.2   2.9  -4.6 
1923  -0.5  -3.6  -0.2   5.1  10.9  15.1  21.5  17.6  15.0   5.1   4.7  -3.3 
1924  -5.1   1.3  -3.0   4.9  10.0  14.4  19.2  18.1  13.9   7.8   3.5  -8.6 
1925  -2.4   1.8   2.9   6.8  12.1  15.0  20.7  18.1  13.9   3.1   2.6   0.2 
1926  -1.0   0.5  -0.1   7.6  12.1  16.9  20.3  18.0  10.1   8.8   3.6  -2.9 
1927  -5.1  -0.8   1.2   3.5   8.4  14.1  18.3  15.4  12.9   9.3   1.7  -8.6 
1928  -2.7  -4.0   3.1   4.3  12.9  11.6  18.0  17.4  14.6   6.0   3.2  -1.7 
1929  -8.8  -7.9   0.5   4.1   9.5  15.4  21.0  22.3  11.2   9.5   0.3   0.0 
1930 -12.6   1.2  -0.6  10.0  10.6  17.1  21.5  19.9  15.1   6.1   3.0   0.5 
1931   0.5   1.2   0.7   5.6  11.0  18.5  21.9  21.1  15.3   9.8   1.4   0.2 
1932  -5.8  -1.2  -3.5   6.6  11.5  15.7  20.9  20.4  15.0   6.6   4.3  -6.8 
1933  -2.5  -6.5   3.0   4.9   9.6  19.1  22.7  19.1  16.0  11.3   5.7   0.5 
1934   2.0   1.4   4.3   7.2  16.5  15.7  21.4  19.8  12.5  11.6   5.8  -0.7 
1935  -1.7   2.1   0.5   2.4   8.4  15.4  22.1  19.8  15.5   8.3  -0.2  -0.6 
1936  -5.0 -13.5   0.9   4.2  13.7  17.7  23.2  19.7  15.4   8.4   4.8  -1.2 
1937 -12.5  -2.9   1.5   5.7  13.4  16.4  20.5  21.9  16.2  10.7   3.5  -0.4 
1938  -0.8  -1.4   1.4   6.8   9.3  16.2  19.0  19.5  17.5  10.1  -1.3  -0.8 
1939  -1.2  -7.1   1.9   7.3  12.8  14.0  21.4  19.5  15.2   9.3   6.9   2.8 
1940  -7.1  -0.8   3.8   5.6  13.2  18.1  21.6  21.4  16.9  11.6   0.4   0.7 
1941  -0.3   0.4   2.0   5.2  13.0  15.6  20.4  19.0  12.0   7.8   5.2  -0.6 
1942  -3.7  -5.0   1.0   7.7   9.5  14.4  19.9  19.6  14.3   9.1   2.0   0.0 
1943  -5.3  -0.6  -2.7  10.3   8.7  13.4  20.7  20.1  15.1  11.2   4.7  -0.1 
1944  -1.4  -2.1  -0.9   6.3  11.4  12.8  17.7  17.0  15.0  12.3   2.6  -1.1 
1945  -0.7  -1.9   2.6   3.5   9.7  12.4  18.3  18.5  13.3  11.7   3.0  -2.9 
1946  -0.7  -0.5   4.3  10.1   8.7  15.5  19.3  18.3  14.6   5.9   2.4   1.1 
1947  -1.9  -1.8   0.5   6.3  11.8  13.1  18.6  20.5  15.6  11.9  -0.4   0.5 
1948  -2.0  -4.0  -0.8   6.9  11.3  14.0  18.5  18.9  16.7  10.3   1.4  -4.6 
1949 -10.7  -4.4   1.0   9.7  12.3  14.7  19.6  20.2  14.7   6.4   8.6  -1.4 
1950  -8.0   1.8   0.6   5.2   8.3  13.7  16.4  18.5  13.1  11.3   2.0   2.2 
1951  -4.8  -0.2  -1.2   4.7  11.1  11.7  17.2  18.0  13.0   7.5   2.2  -4.0 
1952  -2.4   0.1  -0.7   8.9  11.7  16.9  19.5  19.6  17.6  11.7   1.6   0.1 
1953   2.7  -0.3   4.3   3.8   8.3  16.0  21.1  20.2  17.3  11.9   6.7   0.6 
1954  -2.6   5.3  -1.4   6.4  10.7  14.8  20.5  19.3  16.1   9.0   7.1   1.9 
1955  -1.9  -4.3  -2.8   6.6  11.0  14.4  20.3  21.8  15.0  11.5  -2.1  -2.8 
1956  -2.6  -3.1   1.2   5.0  11.0  17.1  18.8  18.3  16.4  10.7   2.2   1.4 
1957  -8.6  -0.4   2.1   4.0  11.0  14.3  19.6  19.5  14.6   8.1   0.9   3.0 
1958   1.3   1.0  -0.5   4.9  14.3  14.8  17.0  19.0  15.5  11.7   3.4   0.0 
1959  -2.1  -4.2   2.6   5.8   9.1  16.9  19.3  19.5  13.9   8.2   0.5   1.7 
1960  -2.2  -3.6   2.2   6.8  11.4  17.2  19.5  19.1  15.9  10.5   2.2  -0.6 
1961   1.5   2.4   3.6   4.7  11.5  17.9  18.8  19.9  10.7   8.0   1.4  -2.6 
1962  -5.7  -2.4   0.6   8.5  11.1  15.4  17.6  18.5  14.8  11.8   4.8   2.1 
1963  -8.1   2.3   3.1   5.4  11.7 -99.0 -99.0  18.9  17.5  13.3   4.7  -1.5 
1964  -1.7  -1.7  -1.3   5.9  11.6  14.3  19.5  17.3  14.1  11.0   1.7  -3.6 
1965   0.8  -1.6  -5.6   6.6   9.3  14.1  18.0  17.5   8.6  13.0   5.8   1.2 
1966  -3.0  -1.6   3.5   4.7  12.4  15.6  21.2  18.9  17.1   9.2   2.5  -0.7 
1967  -0.4   0.3   1.5   5.0   9.3  13.1  18.3  18.7  17.2  10.3   2.6  -4.7 
1968  -3.7   0.9   4.4   4.2   9.7  15.3  18.2  16.5  14.9  10.5   3.0  -4.2 
1969  -5.1  -1.2   0.1   9.3  12.4  13.3  19.1  20.4  17.1   4.9   4.3   0.5 
1970  -2.7   2.5  -0.1   2.5  11.3  15.6  19.8  19.5  12.6   7.0   1.8  -1.7 
1971  -3.0  -1.6   0.6   5.5  10.1  15.1  17.7  19.3  13.3   7.2   2.4  -2.9 
1972  -6.4   0.9   6.0   6.3  11.0  15.6  17.7  18.4  13.7   8.2   1.5  -6.0 
1973  -3.5  -0.3   2.1   3.6  11.1  16.1  18.2  20.2  13.7  10.7   1.2   0.7 
1974  -5.2   1.4   1.8   6.6   9.4  15.1  19.0  16.0  13.7   9.8 -99.0  -1.0 
1975  -4.4  -4.8   0.1   1.6   8.4  13.6 -99.0  17.5  14.4   8.9   1.6   0.8 
1976  -2.5   0.8   0.0   6.1  12.0  13.9  19.4  17.8  15.4   8.9 -99.0 -99.0 
1977  -4.7   3.2   1.2   8.4  11.3  16.8  20.2  17.7  14.9  10.4   2.3  -2.6 
1978  -6.5  -4.0   3.5   7.2   9.3  15.0 -99.0  17.7  15.5  11.2  -2.2  -7.5 
1979 -11.8  -2.6   2.8   6.0  10.4  15.4  18.4  19.2  18.5  11.1   0.7   0.2 
1980  -5.6  -0.9   0.2   6.3  10.6 -99.0  19.2  17.0  13.9   9.8 -99.0 -99.0 
1981 -99.0   0.0   4.3   8.5   9.9  14.4  18.2  18.0  15.9   7.4   6.3  -0.2 
1982  -6.8  -1.7   1.5   4.5   8.8  11.7  16.3  17.5 -99.0 -99.0 -99.0 -99.0 
1983 -99.0 -99.0 -99.0 -99.0 -99.0 -99.0  17.9  18.7  14.3  10.2   1.8 -10.1 
1984   0.2   1.1   2.7   5.5  10.3  13.3  18.5  18.8  11.7   5.8   3.0 -99.0 
1985 -99.0  -4.8   1.1   7.6  11.5  15.1  18.9  17.3  10.3   7.7 -99.0 -99.0 
1986   2.9  -2.3   5.9   5.5 -99.0  14.8  16.7  17.8  10.3   8.0   1.9   1.3 
1987  -0.1   0.9   3.0   9.7  12.5  15.7  17.1  16.9  15.7  10.0   5.3  -1.0 
1988  -2.4  -0.4   2.6   8.1  12.2  18.7  21.1  19.8  14.4  11.7   2.4   0.1 
1989   0.5  -8.2   0.9   6.9  11.2  14.6  19.4  18.0  14.8   8.8   5.1  -0.9 
1990   0.2  -0.9   2.9   6.3   8.9  15.2  17.3  18.6  17.5   8.8   4.9  -5.8 
