Number= 601010
Name= TANGER
Country= MOROCCO
Lat=   35.5
Long=    5.6
Height= 60
Start year= 1880
End year= 2011
First Good year= 1880
Source ID= 10
Source file= Jones+Anders
Jones data to= 1963
Normals source= WMO
Normals source start year= 1961
Normals source end year= 1990
Normals source percent availability= 100
Normals source variable code= 14
Normals=  12.5  13.1  14.0  15.2  17.7  20.6  23.5  23.9  22.8  19.7  15.9  13.3 
Standard deviations source= Data
Standard deviations source start year= 1941
Standard deviations source end year= 1963
Standard deviations=   0.9   1.2   0.7   0.6   1.0   0.7   0.7   1.1   1.6   0.8   1.0   0.9 
Obs:
1880  12.1  13.9  15.3  16.1  17.9  20.7  24.0  23.3  22.5  19.7  15.5  13.1 
1881  15.1  14.0  16.3  16.4  19.4  21.6  24.0  25.9  22.6  18.6  16.4  12.5 
1882  12.8  13.7  14.8  16.7  18.7  22.4  23.7  23.5  20.6  18.1  15.2  13.0 
1883  13.0  13.4  13.3  15.8  18.1  21.1  23.4  24.4  21.8  18.0  15.9  11.8 
1884  13.4  13.1  13.9  15.1  18.4  20.6  23.8  25.0  22.1  18.5  16.1  12.4 
1885  11.8  14.6  13.7  14.5  18.9  21.6  23.5  24.5  20.8 -99.0 -99.0 -99.0 
1886 -99.0 -99.0 -99.0 -99.0 -99.0 -99.0 -99.0 -99.0 -99.0 -99.0 -99.0 -99.0 
1887 -99.0 -99.0 -99.0 -99.0 -99.0 -99.0 -99.0 -99.0 -99.0 -99.0 -99.0 -99.0 
1888 -99.0 -99.0 -99.0 -99.0 -99.0 -99.0 -99.0 -99.0 -99.0 -99.0 -99.0 -99.0 
1889 -99.0 -99.0 -99.0 -99.0 -99.0 -99.0 -99.0 -99.0 -99.0 -99.0 -99.0 -99.0 
1890 -99.0 -99.0 -99.0 -99.0 -99.0 -99.0 -99.0 -99.0 -99.0 -99.0 -99.0 -99.0 
1891 -99.0 -99.0 -99.0 -99.0 -99.0 -99.0 -99.0 -99.0 -99.0 -99.0 -99.0 -99.0 
1892 -99.0 -99.0 -99.0 -99.0 -99.0 -99.0 -99.0 -99.0 -99.0 -99.0 -99.0 -99.0 
1893 -99.0 -99.0 -99.0 -99.0 -99.0 -99.0 -99.0 -99.0 -99.0 -99.0 -99.0 -99.0 
1894 -99.0 -99.0 -99.0 -99.0 -99.0 -99.0 -99.0 -99.0 -99.0 -99.0 -99.0 -99.0 
1895 -99.0 -99.0 -99.0 -99.0 -99.0 -99.0 -99.0 -99.0 -99.0 -99.0 -99.0 -99.0 
1896 -99.0 -99.0 -99.0 -99.0 -99.0 -99.0 -99.0 -99.0 -99.0 -99.0 -99.0 -99.0 
1897 -99.0 -99.0 -99.0 -99.0 -99.0 -99.0 -99.0 -99.0 -99.0 -99.0 -99.0 -99.0 
1898  12.8  13.3  13.6  14.8  17.5  20.6  23.8  24.3  24.1  19.5  14.4  12.9 
1899  12.3  13.8  14.5  17.4  18.3  19.9  23.6  24.6  23.6  21.9  18.0  14.2 
1900  11.5  14.1  13.2  16.3  17.2  21.0  23.9  23.9  22.8  19.6  14.1  13.1 
1901  12.1  11.5  13.1  16.0  17.5  21.7  23.8  25.3  24.0  18.4  19.9  11.6 
1902  13.4  12.9  14.2  15.8  16.7  19.2  22.3  24.6 -99.0 -99.0 -99.0  12.6 
1903  12.3  13.1  14.1  15.6  16.9  20.1  23.0  23.3 -99.0 -99.0  15.1  10.9 
1904  10.3  11.1  12.0  15.1  19.4  21.2  23.4  24.1  24.1  20.1  16.1  13.6 
1905 -99.0 -99.0 -99.0 -99.0 -99.0 -99.0 -99.0 -99.0 -99.0 -99.0 -99.0 -99.0 
1906 -99.0 -99.0 -99.0 -99.0 -99.0 -99.0 -99.0 -99.0 -99.0 -99.0 -99.0 -99.0 
1907 -99.0 -99.0 -99.0 -99.0 -99.0 -99.0 -99.0 -99.0 -99.0 -99.0 -99.0 -99.0 
1908 -99.0 -99.0 -99.0 -99.0 -99.0 -99.0 -99.0 -99.0 -99.0 -99.0 -99.0 -99.0 
1909 -99.0 -99.0 -99.0 -99.0 -99.0 -99.0 -99.0 -99.0 -99.0 -99.0 -99.0 -99.0 
1910  12.0  12.8  13.3  15.6  17.4  20.5  22.4  22.6  21.8  19.4  15.5  13.6 
1911  11.6  15.5  16.9  16.7  21.5  22.9  24.1  24.4  24.0  19.5  15.0  14.3 
1912 -99.0 -99.0 -99.0 -99.0 -99.0 -99.0 -99.0 -99.0 -99.0 -99.0 -99.0 -99.0 
1913 -99.0 -99.0 -99.0 -99.0 -99.0 -99.0 -99.0 -99.0 -99.0 -99.0 -99.0 -99.0 
1914 -99.0 -99.0 -99.0 -99.0 -99.0 -99.0 -99.0 -99.0 -99.0 -99.0 -99.0 -99.0 
1915 -99.0 -99.0 -99.0 -99.0 -99.0 -99.0 -99.0 -99.0 -99.0 -99.0 -99.0 -99.0 
1916 -99.0 -99.0 -99.0 -99.0 -99.0 -99.0 -99.0 -99.0 -99.0 -99.0 -99.0 -99.0 
1917 -99.0 -99.0 -99.0 -99.0 -99.0 -99.0 -99.0 -99.0 -99.0 -99.0 -99.0 -99.0 
1918 -99.0 -99.0 -99.0 -99.0 -99.0 -99.0 -99.0 -99.0 -99.0 -99.0 -99.0 -99.0 
1919 -99.0 -99.0 -99.0 -99.0 -99.0 -99.0 -99.0 -99.0 -99.0 -99.0 -99.0 -99.0 
1920 -99.0 -99.0 -99.0 -99.0 -99.0 -99.0 -99.0 -99.0 -99.0 -99.0 -99.0 -99.0 
1921 -99.0 -99.0 -99.0 -99.0 -99.0 -99.0 -99.0 -99.0 -99.0 -99.0 -99.0 -99.0 
1922 -99.0 -99.0 -99.0 -99.0 -99.0 -99.0 -99.0 -99.0 -99.0 -99.0 -99.0 -99.0 
1923 -99.0 -99.0 -99.0 -99.0  18.0  20.0  23.8  25.4  21.6  19.9  14.4  11.6 
1924  12.0  11.7  14.6  16.3  20.0  22.7  24.3  23.5  22.3  19.2  14.9  13.5 
1925  13.0  12.5  12.4  15.8  18.1  20.1  22.2  24.0  22.4  19.6  14.5  14.7 
1926  13.5  14.9  15.9  16.6  17.3  20.6  23.9  24.7  24.5  21.0  14.0  12.3 
1927 -99.0 -99.0 -99.0 -99.0 -99.0 -99.0 -99.0 -99.0 -99.0 -99.0 -99.0 -99.0 
1928  11.5  12.5  13.8  15.1  16.7  21.3  25.2  24.4  23.0  19.1  14.7  12.1 
1929  11.9 -99.0 -99.0  16.1  17.5  21.0  23.5  23.6  22.1  18.6  14.2  13.3 
1930  12.8  11.4  13.8  14.6  17.7  19.0  22.4  23.2  22.5  21.1  16.7  12.8 
1931  10.9  11.3  14.4  15.4  19.4  21.1  22.2  22.9  21.2  19.7  16.5  12.5 
1932  12.8  12.1  14.1  14.0  16.9  18.9  20.5  22.0  21.0  17.7  15.5  13.4 
1933  12.1 -99.0 -99.0 -99.0 -99.0 -99.0 -99.0 -99.0 -99.0 -99.0 -99.0 -99.0 
1934 -99.0 -99.0 -99.0 -99.0 -99.0 -99.0 -99.0 -99.0 -99.0 -99.0 -99.0 -99.0 
1935  11.7  11.6  14.1  15.9  16.3  19.2  22.4  22.1  20.8  17.3  14.6  14.6 
1936  14.1  14.4  13.8  15.5  15.7  18.1  21.5 -99.0  22.0 -99.0  14.1  12.6 
1937  13.3  13.7  13.5  15.9  17.0  19.3  22.3  22.6  23.1  18.0  18.0  13.2 
1938  12.0  13.2  14.8  15.9  17.2  21.2  21.5  22.0  19.9  18.3  16.6  12.5 
1939  13.3  13.1  13.5  14.8  16.8  19.3  21.7  21.7  21.2  18.6  15.8  13.2 
1940  12.8  14.3  15.9  16.3  17.4  19.8  21.5  23.1  21.3  17.8  15.2  12.1 
1941  11.6  12.8  14.1  14.9  16.3  19.6  22.0  22.5  22.0  19.5  15.8  13.3 
1942  11.6  11.5  14.9  15.3  17.9  20.1  21.9  22.0 -99.0 -99.0 -99.0 -99.0 
1943 -99.0 -99.0 -99.0 -99.0 -99.0 -99.0 -99.0 -99.0 -99.0 -99.0 -99.0 -99.0 
1944 -99.0 -99.0 -99.0 -99.0 -99.0 -99.0 -99.0 -99.0 -99.0 -99.0 -99.0 -99.0 
1945 -99.0 -99.0 -99.0 -99.0 -99.0 -99.0 -99.0 -99.0 -99.0 -99.0 -99.0 -99.0 
1946  11.9  13.9  13.8  15.5  16.3  19.9  22.3  22.7  20.6  18.9  15.8  12.1 
1947  12.2  13.3  15.3  16.8  17.3  20.4  22.5  22.5  21.5  19.9  17.0  13.4 
1948  13.5  14.5  15.7  15.7 -99.0 -99.0  22.0  23.3  20.9  18.9  17.1  15.1 
1949  12.3  13.9  14.6  17.1  17.7  20.8  22.7  24.0  27.4  19.9  16.5  14.1 
1950  12.8  13.9  15.0  16.1  17.9  20.9  22.9  23.0  21.6  19.3  17.2  12.8 
1951  12.2  12.2  14.8  16.0  16.5  20.8  22.1  21.8  21.0  17.8  15.7  14.6 
1952  11.7  13.0  15.8  15.7  17.8  21.3  22.8  22.0  20.2  19.4  16.3  13.5 
1953  12.2  12.4  14.1  16.6  19.3  20.4  22.3  23.2  21.1  18.6  17.1  15.0 
1954  11.5  11.3  13.7  15.2  18.2  19.7  22.0  21.6  20.6  19.4  17.5  14.1 
1955  14.5  13.9  14.1  17.4  19.8  21.0  22.8  22.9  22.4  19.3  17.3  14.8 
1956  12.8   9.8  13.8  15.2  17.6  20.2  21.6  22.0  20.5  19.2  14.2  12.9 
1957  11.4  13.4  15.3  15.4  17.1  19.2  22.8  22.7  22.2  18.6  15.5  12.2 
1958  12.7  14.7  14.4  15.7  18.1  19.7  21.6  22.6  21.5  19.1  15.5  13.9 
1959  14.0  13.0  14.7  16.1  17.7  20.5  22.7  22.2  21.5  19.0  15.3  13.2 
1960  12.4  14.2  14.8  16.5  18.5  21.4  22.3  22.1  21.2  18.1  16.2  12.2 
1961  11.2  14.4  16.0  16.1  19.8  21.6  24.9  25.9  23.8  19.0  16.0  14.9 
1962  13.5  12.3  14.0  16.1  18.4  21.4  23.2  25.6  23.8  21.2  14.1  13.4 
1963  13.3  12.1  13.8  16.0  17.6  20.9  23.7  23.3  21.2  20.9  16.9  13.9 
1964 -99.0 -99.0 -99.0 -99.0 -99.0 -99.0 -99.0 -99.0 -99.0 -99.0 -99.0 -99.0 
1965 -99.0 -99.0 -99.0 -99.0 -99.0 -99.0 -99.0 -99.0 -99.0 -99.0 -99.0 -99.0 
1966 -99.0 -99.0 -99.0 -99.0 -99.0 -99.0 -99.0 -99.0 -99.0 -99.0 -99.0 -99.0 
1967 -99.0 -99.0 -99.0 -99.0 -99.0 -99.0 -99.0 -99.0 -99.0 -99.0 -99.0 -99.0 
1968 -99.0 -99.0 -99.0 -99.0 -99.0 -99.0 -99.0 -99.0 -99.0 -99.0 -99.0 -99.0 
1969 -99.0 -99.0 -99.0 -99.0 -99.0 -99.0 -99.0 -99.0 -99.0 -99.0 -99.0 -99.0 
1970 -99.0 -99.0 -99.0 -99.0 -99.0 -99.0 -99.0 -99.0 -99.0 -99.0 -99.0 -99.0 
1971 -99.0 -99.0 -99.0 -99.0 -99.0 -99.0 -99.0 -99.0 -99.0 -99.0 -99.0 -99.0 
1972 -99.0 -99.0 -99.0 -99.0 -99.0 -99.0 -99.0 -99.0 -99.0 -99.0 -99.0 -99.0 
1973 -99.0 -99.0 -99.0 -99.0 -99.0 -99.0 -99.0 -99.0 -99.0 -99.0 -99.0 -99.0 
1974 -99.0 -99.0 -99.0 -99.0 -99.0 -99.0 -99.0 -99.0 -99.0 -99.0 -99.0 -99.0 
1975 -99.0 -99.0 -99.0 -99.0 -99.0 -99.0 -99.0 -99.0 -99.0 -99.0 -99.0 -99.0 
1976 -99.0 -99.0 -99.0 -99.0 -99.0 -99.0 -99.0 -99.0 -99.0 -99.0 -99.0 -99.0 
1977 -99.0 -99.0 -99.0 -99.0 -99.0 -99.0 -99.0 -99.0 -99.0 -99.0 -99.0 -99.0 
1978 -99.0 -99.0 -99.0 -99.0 -99.0 -99.0 -99.0 -99.0 -99.0 -99.0 -99.0 -99.0 
1979 -99.0 -99.0 -99.0 -99.0 -99.0 -99.0 -99.0 -99.0 -99.0 -99.0 -99.0 -99.0 
1980 -99.0 -99.0 -99.0 -99.0 -99.0 -99.0 -99.0 -99.0 -99.0 -99.0 -99.0 -99.0 
1981 -99.0 -99.0 -99.0 -99.0 -99.0 -99.0 -99.0 -99.0 -99.0 -99.0 -99.0 -99.0 
1982 -99.0 -99.0 -99.0 -99.0 -99.0 -99.0 -99.0 -99.0 -99.0 -99.0 -99.0 -99.0 
1983 -99.0 -99.0 -99.0 -99.0 -99.0 -99.0 -99.0 -99.0 -99.0 -99.0 -99.0 -99.0 
1984 -99.0 -99.0 -99.0 -99.0 -99.0 -99.0 -99.0 -99.0 -99.0 -99.0 -99.0 -99.0 
1985 -99.0 -99.0 -99.0 -99.0 -99.0 -99.0 -99.0 -99.0 -99.0 -99.0 -99.0 -99.0 
1986 -99.0 -99.0 -99.0 -99.0 -99.0 -99.0 -99.0 -99.0 -99.0 -99.0 -99.0 -99.0 
1987 -99.0 -99.0 -99.0 -99.0 -99.0 -99.0 -99.0 -99.0 -99.0 -99.0 -99.0 -99.0 
1988 -99.0 -99.0 -99.0 -99.0 -99.0 -99.0 -99.0 -99.0 -99.0 -99.0 -99.0 -99.0 
1989 -99.0 -99.0 -99.0 -99.0 -99.0 -99.0 -99.0 -99.0 -99.0 -99.0 -99.0 -99.0 
1990 -99.0 -99.0 -99.0 -99.0 -99.0 -99.0 -99.0 -99.0 -99.0 -99.0 -99.0 -99.0 
1991  10.7  10.9  14.0  14.5  17.1 -99.0  24.6 -99.0  23.5  17.9  14.6  13.5 
1992  11.4  12.8  14.3  16.0  19.2  19.0  24.2  24.2  22.3  17.7  14.5  13.4 
1993  11.2  12.9  14.1  14.4  17.1  20.7  23.9 -99.0  20.2  17.7 -99.0  12.8 
1994  11.7  12.1  15.2  15.0 -99.0 -99.0  24.1  23.9  20.4  18.2  16.5 -99.0 
1995  11.6  13.7  14.5 -99.0  19.5  21.2 -99.0  24.6  21.3  21.3  17.9  15.2 
1996  14.4  12.2  14.7  16.5  18.3  22.9  24.4  22.2  21.2  18.9  15.8  14.2 
1997  13.6  14.5  16.2  18.3  18.3  20.5  22.9  23.8  23.8  21.1  17.1 -99.0 
1998 -99.0  15.1  15.9  15.6  17.6  21.5  24.0  24.9  22.4  18.6  15.7  12.3 
1999  11.5  11.0  14.1  13.1  18.9  21.9  23.6  23.7  21.9  19.9  14.8  13.2 
2000  11.6  13.5  15.3  15.3  18.6  22.3  24.1  24.7  22.9  18.4  14.6  14.0 
2001  13.0  13.8  15.0  16.8  18.0  22.6 -99.0  23.6  22.4  20.6  15.2  13.8 
2002  13.7  13.5  14.8 -99.0 -99.0  21.0  23.2  22.1  21.5  19.6  15.5  14.4 
2003  11.7  11.7  15.1  16.1  19.8  23.0  23.6  26.4  23.1  19.2  15.7  13.0 
2004  12.6  13.8  13.8  15.6  16.7  23.6  25.3  25.0  23.5  20.1  15.6  12.8 
2005  11.1  11.0  14.3  16.2  19.8  24.3  24.4  25.1  22.5 -99.0  15.1  13.3 
2006  10.7  12.1  13.7 -99.0  19.5  22.2  24.9 -99.0  23.5  21.2  17.4 -99.0 
2007  11.5  13.5  13.5  15.4  18.1  21.3  24.2 -99.0  22.9  20.2  16.6  13.2 
2008  13.1 -99.0 -99.0 -99.0  17.6 -99.0 -99.0  23.5  22.1 -99.0  13.9  12.5 
2009  12.8 -99.0  15.2  15.0  18.8  22.4  23.9  25.7  22.9  21.3  17.5 -99.0 
2010  13.6 -99.0  15.1  17.6  18.7  21.2  25.5  26.6  23.5  19.1 -99.0  14.8 
2011  13.2  12.2  13.8  17.8  20.1 -99.0 -99.0 -99.0 -99.0 -99.0 -99.0 -99.0 
