Number= 601500
Name= MEKNES
Country= MOROCCO
Lat=   33.9
Long=    5.5
Height= 549
Start year= 1923
End year= 2011
First Good year= 1923
Source ID= 10
Source file= Jones+Anders
Jones data to= 2001
Normals source= Data
Normals source start year= 1961
Normals source end year= 1990
Normals=   9.9  11.2  12.7  14.3  17.2  20.5  25.0  24.7  22.9  18.6  13.6  10.3 
Standard deviations source= Data
Standard deviations source start year= 1941
Standard deviations source end year= 1990
Standard deviations=   1.2   1.4   1.4   1.8   1.8   1.9   1.5   1.4   1.6   1.6   1.7   1.3 
Obs:
1923 -99.0 -99.0 -99.0 -99.0  18.2  20.8  25.8  27.3  21.9  20.8  16.9   7.9 
1924   9.2   9.4  13.0  14.7  20.1  23.2  26.4  25.8  23.0  17.7  13.4  10.3 
1925   9.7   8.8  10.0  13.4  16.7  19.5  23.4  26.6  22.9  17.6  12.5  13.7 
1926  12.5  13.4  13.7  15.9  16.4  21.3  25.9  26.0  26.1  20.3  10.9  10.1 
1927 -99.0 -99.0 -99.0 -99.0 -99.0 -99.0 -99.0 -99.0 -99.0 -99.0 -99.0 -99.0 
1928   8.3  11.6  13.3 -99.0  15.0  20.4  26.9  24.6  23.7 -99.0 -99.0  10.2 
1929  11.0  11.6  13.1  14.7  15.8  21.5  25.6 -99.0  21.1  18.1  12.2  11.3 
1930 -99.0   9.1  12.8  11.7  17.5  18.5  23.7  27.1  23.3  21.3  15.4   9.9 
1931   8.4   9.0  13.5  13.3  16.6  22.5  24.4  22.8  21.0  18.9  14.1   8.6 
1932   9.1   9.5  12.9  13.2  17.7  19.6  22.7  24.6  20.4  16.4  13.6   9.7 
1933   8.1  10.1  11.2  15.5  20.4  19.4  24.8  27.3  20.8  19.8  11.5   9.2 
1934   8.3   9.5   9.7  13.7  17.5  21.8  24.3  23.3  22.6  19.3  17.2  12.4 
1935   8.8   8.7  14.0  16.0  15.4  21.8  26.6  25.1  23.6  16.5  13.3  10.8 
1936  12.2   8.0  11.9  15.1  14.2  18.8  23.9  27.7  24.4  17.1  11.6   9.6 
1937  10.8  12.3  11.8  16.9  18.9  20.4  27.0  25.0  21.4  18.4  16.7  10.5 
1938   9.6  11.5  14.4  15.9  17.2  23.9  25.4  23.5  19.5  18.7  14.5  10.1 
1939  10.4  10.3  12.1  13.4  17.1  20.4  25.8  23.6  22.2  17.5  14.3  11.4 
1940  10.1  13.5  16.6  16.9  17.7  20.7  24.6  27.4  22.6  16.8  13.4   9.5 
1941   9.5  11.7  13.0  14.0  15.9  21.3  24.9  26.4  23.6  20.9  14.2   9.6 
1942   8.2   9.2  13.8  14.8  18.9  21.6  25.3  24.7  22.4  20.0  14.4  11.1 
1943   9.9  10.4  12.7  16.9  19.5  24.0  23.5  27.7  21.8  17.5  10.7   9.3 
1944   9.8  10.3  12.6  16.3  20.1  21.4  25.5  24.4  22.5  17.8  14.4   9.6 
1945   7.5  12.0  15.4  20.2  19.9  24.3  25.7  24.0  24.9  20.5  16.4  12.7 
1946 -99.0  11.4  12.3  13.8  15.6  22.5  28.6  26.2  22.8  19.0  14.8 -99.0 
1947   9.9  10.9  15.5  17.7  17.5  21.8  24.1  24.2  22.9  20.0  17.0  10.3 
1948  12.0  13.4  15.3  14.9  17.2  23.9  26.4  26.2  23.8  18.2  16.9  12.9 
1949  10.7  12.1  13.4  17.4  16.9  22.4  26.4  25.9  21.0  20.6  14.1  11.7 
1950   9.9  12.5  14.1  15.0 -99.0  15.2  27.7 -99.0  22.7  18.0  15.7  11.3 
1951   9.2   9.8  14.8  15.6  15.5  24.3  24.3  24.9  23.0  16.1  14.4  11.6 
1952   8.6  10.9  15.4  13.7  17.6  22.8  24.7  24.7  21.4  20.2  15.7  10.3 
1953   9.8  10.0  12.3  16.6  20.7  20.7  26.2  27.5  22.3  17.9  15.1  12.2 
1954   8.5   9.2  11.8  13.0  18.4  21.2  25.5  24.4  23.6  20.9  15.7  11.0 
1955  12.0  12.4  12.0  16.4  21.0  23.5  24.3  25.4  23.4  18.9  15.9  12.2 
1956   9.9   7.8  11.8  13.4  17.4  21.6  24.1  24.1  21.5  20.6  11.8   9.3 
1957   8.5  12.9  15.3  13.4  17.6  20.6  26.4  26.6  23.8  17.1  12.6   8.8 
1958  10.3  13.6  13.1  14.3  19.3  20.6  24.0  25.4  23.7  18.8  13.1  11.0 
1959  11.8   9.7  13.0  14.6  16.6  21.1  25.7  25.8  20.5  17.9  13.2  10.4 
1960  10.3  13.4  13.6  14.9  18.8  22.1  24.6  24.4  22.2  16.5  15.1   8.6 
1961 -99.0 -99.0  15.3  15.4 -99.0  20.4  26.4  25.6  22.7  17.6  13.4  13.3 
1962  10.4   9.6  11.6  14.3  18.4  21.3  24.9  27.6  23.4  19.4  11.1  10.4 
1963  10.9   9.6  12.6  14.5  16.4  20.0  24.0  24.4  20.1  19.6  15.1  10.7 
1964   9.6  11.3  12.7  13.2  20.9  21.6  24.6  24.6  25.4  18.3  13.8   8.5 
1965   8.5  10.2  13.7  13.7  19.9  22.9  21.9  25.2  19.5  17.8  12.9  10.1 
1966  12.0  13.3  12.3  15.1  19.6  21.2  22.4  24.9  23.6  16.0  10.3   9.7 
1967   9.6  10.9  13.7  13.6  17.3  21.1  25.8  25.5  21.1  18.1  12.7   8.4 
1968   9.1  10.3  11.2  14.0  17.4  21.9  25.6  23.4  21.4  21.2  14.8  10.2 
1969  11.9  12.0  13.0  12.4  16.7  20.1  26.4  24.4  19.0  17.6  14.3   8.2 
1970  11.6  11.2  11.5  14.5  18.7  20.0  26.1  23.4  24.0  17.7  15.9   9.3 
1971  10.3  11.4  11.1  12.5  13.7  19.2  23.1  22.7  21.5  20.8  11.1   8.9 
1972   8.6 -99.0 -99.0 -99.0 -99.0 -99.0 -99.0  22.2 -99.0  17.7  13.5   9.5 
1973   9.0   9.3  11.4  14.5  18.2  20.0  23.7  26.2 -99.0 -99.0 -99.0 -99.0 
1974 -99.0 -99.0 -99.0 -99.0  17.4  20.4  26.2  25.6 -99.0  15.3  14.1  11.2 
1975 -99.0  11.6  10.8  13.2  14.7 -99.0  26.7 -99.0  20.8 -99.0  12.7   9.8 
1976 -99.0  10.7  11.2  11.8  15.8  22.3 -99.0 -99.0 -99.0  15.9  11.7  12.0 
1977  10.2  11.2  14.2  16.4  16.3  14.8  20.8  21.6  22.6 -99.0  10.4 -99.0 
1978   9.5  12.8  12.2  17.0  15.3  17.4  26.3  25.0  24.8  18.4  14.2 -99.0 
1979  11.7 -99.0  11.4  13.7 -99.0  20.4  24.4 -99.0 -99.0  16.6  13.4  10.6 
1980   9.7  11.7  12.2 -99.0  16.3 -99.0  25.3 -99.0  24.4  17.8 -99.0 -99.0 
1981   8.9 -99.0  15.1 -99.0 -99.0 -99.0  25.5 -99.0 -99.0  19.9  17.4 -99.0 
1982 -99.0 -99.0  13.6 -99.0 -99.0 -99.0 -99.0 -99.0 -99.0  21.9  13.4 -99.0 
1983 -99.0 -99.0  15.6 -99.0  16.2  22.9 -99.0  22.2  25.0  21.6  15.8 -99.0 
1984 -99.0  10.0 -99.0  16.7  13.5  20.1  26.9 -99.0  22.2 -99.0  14.1  11.2 
1985   8.8  13.5  11.4  16.4  15.9  21.1  25.7  26.4  24.3  20.5  14.9  10.8 
1986 -99.0  10.9  11.5  11.6  20.0  20.0  25.6  24.7  23.2  18.5  13.5  10.0 
1987  10.6  11.0  14.2  17.4  18.3  21.9  23.7  23.9  25.8  17.4  13.2  11.8 
1988   9.7  10.7  13.1  14.5  16.2  19.3  26.2  26.7  24.9  19.0  15.1   9.4 
1989   8.6  11.7 -99.0  12.5  18.5  21.3  26.6  26.2  22.7  20.4  14.5  13.0 
1990   8.4  12.7  14.4  13.2  18.2  20.5  26.4  26.5  23.7  17.7  14.1  10.6 
1991  13.7   9.9  11.7  13.7  17.2 -99.0  26.6 -99.0  22.7  16.1  12.8 -99.0 
1992   9.2  12.0  12.6  15.3  19.4  17.3  25.0  27.7  23.2  16.2  13.7  11.0 
1993   8.4  11.0  13.0  14.0  16.5  20.8  26.5 -99.0  19.3  16.2 -99.0  10.6 
1994   9.2  11.0  13.9  14.2 -99.0 -99.0  27.4  25.1  20.5  18.5  15.4 -99.0 
1995 -99.0  12.4  14.2 -99.0  20.8 -99.0 -99.0  25.3  20.2  20.6  16.4  12.5 
1996  11.6   9.4  12.3  15.1  17.9  23.4  25.2  22.3  20.3  18.1  14.0  11.5 
1997  10.9  12.9  15.9  16.6  17.5  19.5  22.4  23.4  23.4  19.7  14.8  11.3 
1998  10.5  12.9  15.8  13.6  16.0  22.6  25.1  26.1  22.5  17.8  11.9   9.7 
1999   9.5   8.6  12.5  16.1  19.7  22.2  24.7  24.8  21.1  19.0  12.4   9.8 
2000   8.8  12.8  15.3  13.6  18.2  23.8  25.2  26.5  22.8  16.2  12.8  11.9 
2001  10.7  10.9  15.2  15.3  18.0  24.0 -99.0  24.7  20.9  20.8  13.8  12.8 
2002  12.4  13.2  14.4 -99.0  17.5  21.3  24.2  22.6  21.6  19.5  14.0  12.3 
2003   9.4 -99.0  14.5  14.8  19.9  23.1  25.3  26.1  23.3  17.5  13.4  10.7 
2004  10.1  11.7  12.5  14.5  15.8  24.8  25.7  25.7  23.6  19.9  13.8   9.6 
2005   8.4   8.3  14.2  15.6  20.4  25.1  25.1  27.2  22.8 -99.0  13.3  10.2 
2006   8.2   9.6  13.3  16.3  20.5  22.3  27.4  26.0  23.6  21.2  16.4  11.0 
2007  10.5 -99.0  12.3 -99.0  17.8  22.1  26.5  25.3  21.9  19.2  15.0  10.9 
2008  11.3 -99.0  13.4  17.0  16.9  23.8  25.9  25.5  22.1  16.5  11.5   9.6 
2009   9.0  11.3  14.2  13.7  19.4  24.0  27.2  26.5  21.3  21.7  16.7 -99.0 
2010  11.7 -99.0  14.0  17.0  18.2  21.1  26.8 -99.0  24.0 -99.0 -99.0  13.3 
2011  11.1  10.3  12.5  17.7  20.4 -99.0 -99.0 -99.0 -99.0 -99.0 -99.0 -99.0 
