Number= 604250
Name= CHLEF
Country= ALGERIA
Lat=   36.2
Long=   -1.3
Height= 143
Start year= 1951
End year= 2011
First Good year= 1951
Source ID= 31
Source file= Jones+Anders
Jones data to= 1999
Normals source= Data
Normals source start year= 1961
Normals source end year= 1990
Normals=  10.5  11.8  13.2  15.7  19.9  24.7  28.8  28.9  25.5  20.2  14.8  11.2 
Standard deviations source= Data
Standard deviations source start year= 1951
Standard deviations source end year= 1990
Standard deviations=   1.3   1.6   1.3   1.2   1.4   1.4   1.2   1.1   1.6   1.6   1.5   1.5 
Obs:
1951   9.7  11.3  14.6  16.9  18.4  26.4  29.4  29.2  25.8  17.3  15.7  12.5 
1952   9.3  10.0  15.7  16.3  20.4  28.5  29.9  29.4  25.0  21.8  14.9  11.6 
1953   8.0  10.0  12.7  18.0  22.6  24.3  29.7  29.0  25.2  19.5  15.6  14.2 
1954   9.0   9.7  13.7  15.0  20.8  25.6  27.8  28.3  26.4  19.5  16.5  11.6 
1955  13.3  12.8  13.2  16.4  22.8  26.7  31.2  29.5  24.7  19.7  15.9  12.7 
1956  11.6   7.4  13.8  16.1  20.0  24.4  28.4  30.1  26.1  19.8  12.2   9.8 
1957   8.2  13.4  16.4  16.0  19.8  23.7  29.4  29.4  26.4  19.5  13.9  10.0 
1958  10.5  13.7  13.2  14.5  21.8  24.5  26.2  29.5  27.4  19.6  14.3  12.8 
1959  11.8  10.8  15.1  16.3  19.5  25.3  30.2  29.0  25.5  19.7  14.6  11.5 
1960   9.8  13.3  14.1  15.2  20.8  26.0  28.7  29.6  24.0  19.4  16.0  10.1 
1961   9.9  14.0  14.6  18.6  23.1  26.3  29.7  28.5  27.7  19.8  15.9  12.0 
1962  11.4   9.9  13.3  16.1  21.1  23.5  29.0  29.3  27.5  21.6  12.5  10.1 
1963  11.5  11.0  13.2  16.1  19.2  24.7  28.9  28.7  23.4  20.2 -99.0 -99.0 
1964 -99.0 -99.0 -99.0 -99.0 -99.0 -99.0 -99.0 -99.0 -99.0 -99.0 -99.0 -99.0 
1965  10.3   9.4  13.6  14.8 -99.0  26.1  28.8  28.0  22.7  21.4  15.1  12.0 
1966  12.5  14.5  11.7  16.8  20.8  25.2  28.4  29.0  25.5  18.1  11.4   9.3 
1967   9.5  11.8  13.7  14.4  20.3  22.9  29.8  29.8  24.7  21.6  16.1   8.7 
1968   9.3  12.2  13.6  16.5  19.0  24.3  29.7  27.8  24.0  20.7  15.8  11.2 
1969  11.9  11.2  14.0  15.1  20.2  23.0  27.4  29.7  22.2  18.9  15.4   9.4 
1970  11.6  10.6  12.4  15.2  19.7  24.4  28.4  29.3  26.5  18.4  16.0  10.4 
1971  10.4  10.4  11.4  15.9  18.0  23.2  28.3  31.2  24.8  20.1  12.8  10.8 
1972  10.2  12.6  11.7  13.4  17.5  22.7  26.4  27.2 -99.0 -99.0 -99.0 -99.0 
1973 -99.0 -99.0 -99.0  14.5  21.7  25.0  28.6  28.6  25.4  18.5  15.5  10.1 
1974  11.3  11.0  12.3  13.8  21.4  24.6  28.2  28.1  24.2  16.6  13.0   9.8 
1975  10.8  11.7  12.3  16.0  18.2  23.1  29.6  28.7  23.9  19.4  13.0  10.9 
1976   8.8  11.0  11.9  14.6  19.7  24.6  28.3  28.2  23.8  18.2  12.1  12.6 
1977  11.0  12.3  14.6  17.1  19.3  22.2  26.1  25.7  24.0  20.9  15.0  13.8 
1978  10.0  13.4  13.5  15.6  19.0  23.1  28.9  28.9  24.7  18.4  13.5  13.7 
1979  13.6  12.4  13.2  14.9  20.2  25.7  29.6  28.9  29.5  20.6  13.0  11.5 
1980  10.7  13.3  14.4  15.3  19.2  25.1  27.8  30.3  27.7  23.7  15.8   9.4 
1981   8.4  10.9  15.4  15.9  19.5  25.3  27.3  28.0  25.9  22.1  16.4  13.6 
1982  11.5  12.0  13.6  16.0  20.7  27.9  30.8  28.4  25.3  18.0  14.2   9.6 
1983   9.1   9.7  13.6  15.7  19.9  26.1  29.3  27.2  27.1  21.8  17.1  11.1 
1984  10.1   9.4  11.2  18.0  16.5  23.9  30.4  27.7  24.8  18.5  15.7  11.0 
1985   8.5  13.8  11.5  16.5  19.2  26.4  30.1  28.8  25.8  20.7  16.1  11.7 
1986   9.8  10.8  12.2  13.5  22.6  25.2  28.8  30.0  26.4  20.4  14.2  10.3 
1987   9.8  11.4  13.8  18.3  19.7  25.9  28.1  30.1  27.7  22.2  15.0  13.4 
1988  12.0  11.4  13.0  17.1  20.3  23.8  29.4  30.8  25.1  22.3  16.3  10.2 
1989  10.1  12.4  14.8  15.3  20.9  25.7  30.3  30.7  25.1  22.1  17.4  14.8 
1990  10.7  14.6  15.9  15.4  21.0  27.0  29.7  30.1  29.2  20.9  14.3  10.4 
1991   9.5   9.8  14.0  14.1  17.5  25.5  29.7  30.6  27.4  18.8  14.2  11.1 
1992  10.5  11.6  12.8  16.1  21.3  21.8  27.8  30.0  26.9  18.9  15.1  12.5 
1993   9.9  11.3  14.2  16.6  21.1  25.7  29.2  30.5  23.7  19.1  15.0  11.9 
1994  10.7  12.1  16.5  15.7  22.9  26.5  31.9  32.4  24.7  21.0  16.6  12.2 
1995  10.6  13.8  14.1  16.2  23.0  25.3  29.5  29.4  23.5  21.8  16.9  13.7 
1996  13.0  13.5  13.8  16.5  19.7  25.2  28.4  27.9  22.8  18.5  15.7  13.0 
1997  12.4  13.2  15.2  17.7  21.3  25.6  27.4  28.3  26.5  21.9  15.7  12.3 
1998  11.8  13.5  14.7  16.2  19.2  26.2  30.0  29.7  26.1  19.1  14.8   9.8 
1999  10.7  10.0  14.0  16.7  23.2  26.4  29.7  30.6  25.5  22.5  13.2  11.0 
2000   8.8  12.1  14.9  17.0  22.8  27.0  29.9  30.6  27.0  18.6  14.3  12.9 
2001 -99.0  11.0  16.9  16.7  19.8 -99.0  29.6  30.4  25.8  24.0  13.8   9.9 
2002  10.6  11.8  14.5  15.8  21.0  27.7 -99.0  27.2  24.7  20.7  14.9  13.0 
2003   9.9  10.3 -99.0 -99.0  20.9  29.4  30.4 -99.0 -99.0  20.7  15.1  10.7 
2004  10.8  10.8  13.1 -99.0  17.9  26.3  29.8  30.6  26.8  22.3  13.6  11.2 
2005   7.8   8.2  13.6  16.3  22.9  27.2  30.8  28.8  24.1  21.5  13.7  10.6 
2006 -99.0  10.3  15.2  19.5  24.4  26.8  31.5  29.3  25.9  23.6  18.3  12.4 
2007  11.7  13.6  13.1  16.0  20.9  25.5  30.4  30.1  26.0  20.2 -99.0  11.2 
2008 -99.0  13.7  14.3  18.5  20.2  25.9  30.3 -99.0  25.9  21.2  13.4  10.6 
2009  11.0  11.4  14.7  14.5  23.0  27.9  31.4  29.8  24.2  21.7  17.5  13.5 
2010  11.8  13.1  14.6  17.6  20.0  25.1  31.0  29.8  25.3  19.6  14.1  11.9 
2011  10.8  10.5  14.6  19.1  21.8 -99.0 -99.0 -99.0 -99.0 -99.0 -99.0 -99.0 
