Number= 604680
Name= BATNA
Country= ALGERIA
Lat=   35.6
Long=   -6.2
Height= 1054
Start year= 1878
End year= 2011
First Good year= 1878
Source ID= 10
Source file= Jones+Anders
Jones data to= 1951
Normals= -99.0 -99.0 -99.0 -99.0 -99.0 -99.0 -99.0 -99.0 -99.0 -99.0 -99.0 -99.0 
Obs:
1878   4.1   4.9   7.3  13.8  20.7  26.6  28.7  28.4  19.4  15.5   7.3   6.8 
1879   6.3   7.3   7.6  10.2  13.5  26.2  26.4  26.2  20.5  14.1  10.1   4.0 
1880   3.5   6.1   8.0  11.8  15.6  20.3  26.4  24.8  20.6  14.7  10.9 -99.0 
1881   8.6   7.3  11.5  14.2  14.3  20.3  26.7  25.0  21.7  13.7   7.2   4.8 
1882   2.6   4.2   6.2  10.9  17.6  21.4  24.1  23.1  18.7  15.1   8.6   5.7 
1883   5.1   6.8   8.3  10.2  16.1  21.9  26.2  23.4  20.1  13.0   7.7   3.8 
1884   2.8   6.4   6.8  10.4  15.2  16.0  23.4  24.8  21.1  12.7   8.4   4.1 
1885   2.2   8.3   8.7   9.4  16.7  21.5  26.1  25.0  18.6  12.1   8.1   5.5 
1886   2.5   4.7   9.8  11.5  15.9  21.3  26.4  23.2  20.2  15.8   8.4   5.1 
1887   2.2   3.3   9.8  10.2  17.9  22.5  26.2  24.8  21.1  11.5   9.5   5.0 
1888   3.8   3.9   8.5  12.2  16.9  22.0  24.9 -99.0 -99.0  13.3 -99.0   7.9 
1889   3.7   5.5   6.6  10.0  18.3  23.5  25.8 -99.0 -99.0  17.0   8.0   3.0 
1890   4.5   5.0   5.7  11.0  16.2  21.0  27.0 -99.0 -99.0  13.7   7.2   3.0 
1891   0.7   2.7   7.8  13.2  15.8  23.6  25.5 -99.0  20.6  16.7  10.6   5.4 
1892   5.2   7.2  11.0  11.0  16.4 -99.0 -99.0 -99.0 -99.0 -99.0 -99.0 -99.0 
1893 -99.0 -99.0 -99.0 -99.0 -99.0 -99.0 -99.0 -99.0 -99.0 -99.0 -99.0 -99.0 
1894 -99.0 -99.0 -99.0 -99.0 -99.0 -99.0 -99.0 -99.0 -99.0 -99.0 -99.0 -99.0 
1895 -99.0 -99.0 -99.0 -99.0 -99.0 -99.0 -99.0 -99.0 -99.0 -99.0 -99.0 -99.0 
1896 -99.0 -99.0 -99.0 -99.0 -99.0 -99.0 -99.0 -99.0 -99.0 -99.0 -99.0 -99.0 
1897 -99.0 -99.0 -99.0 -99.0 -99.0 -99.0 -99.0 -99.0 -99.0 -99.0 -99.0 -99.0 
1898 -99.0 -99.0 -99.0 -99.0 -99.0 -99.0 -99.0 -99.0 -99.0 -99.0 -99.0 -99.0 
1899 -99.0 -99.0 -99.0 -99.0 -99.0 -99.0 -99.0 -99.0 -99.0 -99.0 -99.0 -99.0 
1900 -99.0 -99.0 -99.0 -99.0 -99.0 -99.0 -99.0 -99.0 -99.0 -99.0 -99.0 -99.0 
1901 -99.0 -99.0 -99.0 -99.0 -99.0 -99.0 -99.0 -99.0 -99.0 -99.0 -99.0 -99.0 
1902   3.0   7.8   8.4  13.8  13.5  21.4  28.0  25.9  20.5  13.4   9.9   5.6 
1903   4.9   4.3   8.2  11.4  16.4  19.2  24.2  24.8  20.1  15.5   8.3   4.7 
1904   3.3   6.3   7.5  12.2  18.7  22.5  24.2  24.0  19.6  13.3   7.8   5.5 
1905   1.9   2.5   9.5  13.7  14.7  20.7  25.8  25.4  20.8  13.3   9.6   4.4 
1906   4.7   3.9   8.0  11.7  14.1  19.3  24.1  23.8  20.5  13.7   8.9   4.2 
1907   1.8   2.3   3.0  10.0  16.6  21.2  24.6  23.4  17.8  12.7  10.3   6.4 
1908   4.4   4.0   6.2   9.2  19.0  21.2  24.4  23.5  20.8  14.6  10.4   4.8 
1909   2.1   2.9   8.2  12.0  15.1  19.4  22.6  24.2  19.7  14.8   8.9   6.2 
1910   3.0   4.3   7.1  11.2  13.4  19.9  26.9  24.9  17.6  17.2   9.3   6.0 
1911   1.4   5.0   7.0  10.5  14.3  22.3  23.2  24.9  20.0  16.1   9.1   7.7 
1912   4.3   8.1  10.4  10.4  18.0  20.6  27.0  25.4  17.3  14.1   6.2   3.5 
1913   5.4   4.8   8.8  11.3  16.3  21.5  25.2  24.1  22.5  16.5  10.2   5.6 
1914   2.5   5.1   9.5  14.0  16.7  21.5  26.0  23.8  18.7  14.5   8.6   4.5 
1915 -99.0 -99.0 -99.0 -99.0 -99.0 -99.0 -99.0 -99.0 -99.0 -99.0 -99.0 -99.0 
1916 -99.0 -99.0 -99.0 -99.0 -99.0 -99.0 -99.0 -99.0 -99.0 -99.0 -99.0 -99.0 
1917 -99.0 -99.0 -99.0 -99.0 -99.0 -99.0 -99.0 -99.0 -99.0 -99.0 -99.0 -99.0 
1918 -99.0 -99.0 -99.0 -99.0 -99.0 -99.0 -99.0 -99.0 -99.0 -99.0 -99.0 -99.0 
1919 -99.0 -99.0 -99.0 -99.0 -99.0 -99.0 -99.0 -99.0 -99.0 -99.0 -99.0 -99.0 
1920 -99.0 -99.0 -99.0 -99.0 -99.0 -99.0 -99.0 -99.0 -99.0 -99.0 -99.0 -99.0 
1921 -99.0 -99.0 -99.0 -99.0 -99.0 -99.0 -99.0 -99.0 -99.0 -99.0 -99.0 -99.0 
1922 -99.0 -99.0 -99.0 -99.0 -99.0 -99.0 -99.0 -99.0 -99.0 -99.0 -99.0 -99.0 
1923 -99.0 -99.0 -99.0 -99.0 -99.0 -99.0 -99.0 -99.0 -99.0 -99.0 -99.0 -99.0 
1924 -99.0 -99.0 -99.0 -99.0 -99.0 -99.0 -99.0 -99.0 -99.0 -99.0 -99.0 -99.0 
1925 -99.0 -99.0 -99.0 -99.0 -99.0 -99.0 -99.0 -99.0 -99.0 -99.0 -99.0 -99.0 
1926 -99.0 -99.0 -99.0 -99.0 -99.0 -99.0 -99.0 -99.0 -99.0 -99.0 -99.0 -99.0 
1927 -99.0 -99.0 -99.0 -99.0 -99.0 -99.0 -99.0 -99.0 -99.0 -99.0 -99.0 -99.0 
1928 -99.0 -99.0 -99.0 -99.0 -99.0 -99.0 -99.0 -99.0 -99.0 -99.0 -99.0 -99.0 
1929 -99.0 -99.0 -99.0 -99.0 -99.0 -99.0 -99.0 -99.0 -99.0 -99.0 -99.0 -99.0 
1930 -99.0 -99.0 -99.0 -99.0 -99.0 -99.0 -99.0 -99.0 -99.0 -99.0 -99.0 -99.0 
1931   5.7   2.4 -99.0  12.7 -99.0  24.8 -99.0 -99.0 -99.0  15.9  11.1   4.0 
1932   5.2   4.5   9.2  11.8  17.4  21.2  24.0  23.2  20.8  15.4   8.7   7.4 
1933   4.2   6.2   8.2  11.5  16.6  19.0 -99.0 -99.0 -99.0 -99.0   8.5   4.9 
1934   3.8   4.5   6.2  13.9 -99.0  21.4 -99.0 -99.0 -99.0 -99.0 -99.0 -99.0 
1935 -99.0 -99.0 -99.0 -99.0  14.9  23.5  24.3  25.4  20.9  14.0  10.7   7.8 
1936   7.9   9.3 -99.0  13.2 -99.0 -99.0  25.1  22.8  20.9  12.7   8.5 -99.0 
1937 -99.0 -99.0 -99.0 -99.0  15.2 -99.0 -99.0 -99.0 -99.0 -99.0 -99.0 -99.0 
1938 -99.0 -99.0 -99.0 -99.0 -99.0 -99.0 -99.0 -99.0 -99.0 -99.0 -99.0 -99.0 
1939 -99.0 -99.0 -99.0 -99.0  10.6  17.8  25.3  22.8  18.8  16.4   9.5   5.4 
1940   5.1   7.9  10.2  10.0  15.7  16.9  23.3  22.4  19.5  13.9   8.1   3.1 
1941   5.0   7.2  10.1  11.5  15.6  19.7  24.3  25.2  17.9  13.2   8.2   3.9 
1942   3.4   3.4   9.8  13.2  16.9  21.2  23.1  22.9 -99.0  15.7   9.9   6.4 
1943   5.2   4.8   7.8  12.3  14.8  19.4  25.3  22.6 -99.0 -99.0   7.4   5.8 
1944   3.3   2.5   5.6  11.9  17.9  19.8  23.8  24.7  19.3  12.0   9.0   3.4 
1945   0.5   5.2   7.2  14.1  18.3  22.2  24.2  25.3  20.2  12.3   9.7   5.6 
1946   4.2   5.8   8.2  13.1  15.0  21.8 -99.0 -99.0 -99.0 -99.0 -99.0 -99.0 
1947 -99.0   9.1 -99.0  10.9  15.4  21.9  25.0  24.1  20.2  15.3   9.3 -99.0 
1948   2.4   7.2   7.5  11.6  12.7  19.3  22.2  23.4  18.2  15.3   9.1   5.7 
1949   4.8   6.0   6.7  13.3  14.7  21.3  24.4  23.0  22.2  16.1   8.5   7.1 
1950   4.4   6.2   5.1 -99.0 -99.0  22.6 -99.0  23.6  20.3  13.5   9.5 -99.0 
1951   4.2   6.0   9.1  12.5  14.7  22.0  25.1  25.5  19.3  11.8   9.9   4.2 
1952 -99.0 -99.0 -99.0 -99.0 -99.0 -99.0 -99.0 -99.0 -99.0 -99.0 -99.0 -99.0 
1953 -99.0 -99.0 -99.0 -99.0 -99.0 -99.0 -99.0 -99.0 -99.0 -99.0 -99.0 -99.0 
1954 -99.0 -99.0 -99.0 -99.0 -99.0 -99.0 -99.0 -99.0 -99.0 -99.0 -99.0 -99.0 
1955 -99.0 -99.0 -99.0 -99.0 -99.0 -99.0 -99.0 -99.0 -99.0 -99.0 -99.0 -99.0 
1956 -99.0 -99.0 -99.0 -99.0 -99.0 -99.0 -99.0 -99.0 -99.0 -99.0 -99.0 -99.0 
1957 -99.0 -99.0 -99.0 -99.0 -99.0 -99.0 -99.0 -99.0 -99.0 -99.0 -99.0 -99.0 
1958 -99.0 -99.0 -99.0 -99.0 -99.0 -99.0 -99.0 -99.0 -99.0 -99.0 -99.0 -99.0 
1959 -99.0 -99.0 -99.0 -99.0 -99.0 -99.0 -99.0 -99.0 -99.0 -99.0 -99.0 -99.0 
1960 -99.0 -99.0 -99.0 -99.0 -99.0 -99.0 -99.0 -99.0 -99.0 -99.0 -99.0 -99.0 
1961 -99.0 -99.0 -99.0 -99.0 -99.0 -99.0 -99.0 -99.0 -99.0 -99.0 -99.0 -99.0 
1962 -99.0 -99.0 -99.0 -99.0 -99.0 -99.0 -99.0 -99.0 -99.0 -99.0 -99.0 -99.0 
1963 -99.0 -99.0 -99.0 -99.0 -99.0 -99.0 -99.0 -99.0 -99.0 -99.0 -99.0 -99.0 
1964 -99.0 -99.0 -99.0 -99.0 -99.0 -99.0 -99.0 -99.0 -99.0 -99.0 -99.0 -99.0 
1965 -99.0 -99.0 -99.0 -99.0 -99.0 -99.0 -99.0 -99.0 -99.0 -99.0 -99.0 -99.0 
1966 -99.0 -99.0 -99.0 -99.0 -99.0 -99.0 -99.0 -99.0 -99.0 -99.0 -99.0 -99.0 
1967 -99.0 -99.0 -99.0 -99.0 -99.0 -99.0 -99.0 -99.0 -99.0 -99.0 -99.0 -99.0 
1968 -99.0 -99.0 -99.0 -99.0 -99.0 -99.0 -99.0 -99.0 -99.0 -99.0 -99.0 -99.0 
1969 -99.0 -99.0 -99.0 -99.0 -99.0 -99.0 -99.0 -99.0 -99.0 -99.0 -99.0 -99.0 
1970 -99.0 -99.0 -99.0 -99.0 -99.0 -99.0 -99.0 -99.0 -99.0 -99.0 -99.0 -99.0 
1971 -99.0 -99.0 -99.0 -99.0 -99.0 -99.0 -99.0 -99.0 -99.0 -99.0 -99.0 -99.0 
1972 -99.0 -99.0 -99.0 -99.0 -99.0 -99.0 -99.0 -99.0 -99.0 -99.0 -99.0 -99.0 
1973 -99.0 -99.0 -99.0 -99.0 -99.0 -99.0 -99.0 -99.0 -99.0 -99.0 -99.0 -99.0 
1974 -99.0 -99.0 -99.0 -99.0 -99.0 -99.0 -99.0 -99.0 -99.0 -99.0 -99.0 -99.0 
1975 -99.0 -99.0 -99.0 -99.0 -99.0 -99.0 -99.0 -99.0 -99.0 -99.0 -99.0 -99.0 
1976 -99.0 -99.0 -99.0 -99.0 -99.0 -99.0 -99.0 -99.0 -99.0 -99.0 -99.0 -99.0 
1977 -99.0 -99.0 -99.0 -99.0 -99.0 -99.0 -99.0 -99.0 -99.0 -99.0 -99.0 -99.0 
1978 -99.0 -99.0 -99.0 -99.0 -99.0 -99.0 -99.0 -99.0 -99.0 -99.0 -99.0 -99.0 
1979 -99.0 -99.0 -99.0 -99.0 -99.0 -99.0 -99.0 -99.0 -99.0 -99.0 -99.0 -99.0 
1980 -99.0 -99.0 -99.0 -99.0 -99.0 -99.0 -99.0 -99.0 -99.0 -99.0 -99.0 -99.0 
1981 -99.0 -99.0 -99.0 -99.0 -99.0 -99.0 -99.0 -99.0 -99.0 -99.0 -99.0 -99.0 
1982 -99.0 -99.0 -99.0 -99.0 -99.0 -99.0 -99.0 -99.0 -99.0 -99.0 -99.0 -99.0 
1983 -99.0 -99.0 -99.0 -99.0 -99.0 -99.0 -99.0 -99.0 -99.0 -99.0 -99.0 -99.0 
1984 -99.0 -99.0 -99.0 -99.0 -99.0 -99.0 -99.0 -99.0 -99.0 -99.0 -99.0 -99.0 
1985 -99.0 -99.0 -99.0 -99.0 -99.0 -99.0 -99.0 -99.0 -99.0 -99.0 -99.0 -99.0 
1986 -99.0 -99.0 -99.0 -99.0 -99.0 -99.0 -99.0 -99.0 -99.0 -99.0 -99.0 -99.0 
1987 -99.0 -99.0 -99.0 -99.0 -99.0 -99.0 -99.0 -99.0 -99.0 -99.0 -99.0 -99.0 
1988 -99.0 -99.0 -99.0 -99.0 -99.0 -99.0 -99.0 -99.0 -99.0 -99.0 -99.0 -99.0 
1989 -99.0 -99.0 -99.0 -99.0 -99.0 -99.0 -99.0 -99.0 -99.0 -99.0 -99.0 -99.0 
1990 -99.0 -99.0 -99.0 -99.0 -99.0 -99.0 -99.0 -99.0 -99.0 -99.0 -99.0 -99.0 
1991   4.1   5.6  10.9  10.9  13.4 -99.0  24.7  24.9  22.0  15.8   9.5   4.4 
1992   3.7   5.7   8.3  11.1  15.9  20.2  23.0  24.8  21.6  16.9  10.9   6.5 
1993 -99.0   5.0   7.8  11.7  17.7  23.9  26.2  26.1  21.4  18.0  10.0   6.4 
1994   6.6 -99.0  10.5  10.8  21.6  23.8  26.6  28.3  22.7  16.4 -99.0   6.3 
1995 -99.0 -99.0   8.5  11.3  18.2  22.6  26.4  24.1  20.0 -99.0  10.5 -99.0 
1996   8.6 -99.0  12.0  11.9  16.8  20.1  25.4  26.2  19.1  13.8  11.5 -99.0 
1997 -99.0  10.2   8.5  12.3  20.3  25.9  26.6 -99.0  20.4 -99.0  11.1   7.4 
1998 -99.0   7.0   8.6  14.2  16.5  24.0  27.2  25.4 -99.0  14.6  12.1 -99.0 
1999   6.2   4.9   9.3 -99.0  21.8 -99.0  26.0 -99.0 -99.0  18.7 -99.0   6.5 
2000   3.1   6.8  11.0  15.3  20.4  22.8  27.2  26.1  21.7  15.3  11.1   7.7 
2001 -99.0   6.3  14.6  12.8  18.5  24.4  27.8  26.7  21.7  19.9  10.2   5.5 
2002   4.7   7.6  11.3  14.6  19.0  24.9  26.4  24.9  21.0  16.8  11.6   7.9 
2003   5.9   5.8 -99.0 -99.0 -99.0 -99.0 -99.0 -99.0 -99.0 -99.0 -99.0 -99.0 
2004   5.5 -99.0  10.2 -99.0  15.2  21.4  25.7  27.5  20.5  18.7   9.0   6.7 
2005   3.4   4.2  10.8  13.4  19.8  23.9  28.1  25.5  21.2  16.8  10.7   6.0 
2006   4.5   6.3  10.9  15.7  20.1  24.7  26.5  25.8  20.4  18.6  11.2   6.8 
2007   6.6   8.4   8.8  13.5  17.8  25.4  27.1  26.9  21.1  16.6   9.4   5.4 
2008   6.4   7.7   9.7  14.5  19.1  22.6  28.2  26.6  22.0  16.0   9.3   5.6 
2009   6.2   6.0   9.1  11.0  17.6  23.6  28.7  26.6  20.4  15.1  10.8   9.4 
2010   7.5   9.4  11.6  14.5  16.2  22.9  27.0  26.7  21.5  16.4  11.5   7.4 
2011   6.6   6.0   9.8  14.6  16.8 -99.0 -99.0 -99.0 -99.0 -99.0 -99.0 -99.0 
