Number= 605220
Name= MAGHNIA
Country= ALGERIA
Lat=   34.8
Long=    1.8
Height= 426
Start year= 1938
End year= 2011
First Good year= 1938
Source ID= 31
Source file= Jones+Anders
Jones data to= 1999
Normals source= Data
Normals source start year= 1961
Normals source end year= 1990
Normals=  10.6  11.7  13.1  14.9  18.3  22.3  26.1  26.4  23.6  19.0  14.3  11.3 
Standard deviations source= Data
Standard deviations source start year= 1941
Standard deviations source end year= 1990
Standard deviations=   1.5   1.3   1.5   1.3   1.5   1.2   1.3   1.3   1.9   1.5   1.8   2.0 
Obs:
1938 -99.0 -99.0  10.8  13.8  17.2  24.7  26.4  25.0  21.2  19.6  14.8  10.8 
1939 -99.0 -99.0 -99.0 -99.0 -99.0 -99.0 -99.0 -99.0 -99.0 -99.0 -99.0 -99.0 
1940  12.1 -99.0  13.6 -99.0 -99.0 -99.0 -99.0 -99.0 -99.0 -99.0 -99.0  10.2 
1941  10.5  13.3 -99.0 -99.0 -99.0 -99.0 -99.0 -99.0 -99.0 -99.0 -99.0 -99.0 
1942 -99.0 -99.0 -99.0 -99.0 -99.0 -99.0 -99.0 -99.0 -99.0 -99.0 -99.0 -99.0 
1943 -99.0 -99.0 -99.0 -99.0 -99.0  23.5  25.6  24.3  23.1 -99.0  13.0  11.9 
1944 -99.0 -99.0 -99.0 -99.0 -99.0 -99.0 -99.0 -99.0 -99.0 -99.0 -99.0 -99.0 
1945 -99.0 -99.0 -99.0 -99.0 -99.0 -99.0 -99.0 -99.0 -99.0 -99.0 -99.0 -99.0 
1946  10.5 -99.0 -99.0 -99.0 -99.0 -99.0  29.0  29.0  25.5  19.7  11.5 -99.0 
1947   8.0  10.6  12.7  12.7  14.1  21.5 -99.0  28.2  17.3  15.4   9.2   5.2 
1948   5.9 -99.0   8.7  10.2 -99.0 -99.0 -99.0 -99.0 -99.0 -99.0 -99.0 -99.0 
1949 -99.0 -99.0 -99.0 -99.0 -99.0 -99.0 -99.0 -99.0 -99.0 -99.0 -99.0 -99.0 
1950 -99.0 -99.0 -99.0 -99.0 -99.0 -99.0 -99.0 -99.0 -99.0 -99.0 -99.0 -99.0 
1951 -99.0 -99.0  17.4  14.8  16.6  22.7  24.9 -99.0  22.9  15.4  14.2  12.1 
1952 -99.0 -99.0 -99.0 -99.0 -99.0 -99.0 -99.0 -99.0 -99.0 -99.0 -99.0 -99.0 
1953 -99.0 -99.0 -99.0 -99.0 -99.0 -99.0 -99.0 -99.0 -99.0 -99.0 -99.0 -99.0 
1954 -99.0 -99.0 -99.0 -99.0 -99.0 -99.0 -99.0 -99.0 -99.0 -99.0 -99.0 -99.0 
1955 -99.0 -99.0 -99.0 -99.0 -99.0 -99.0 -99.0 -99.0 -99.0 -99.0 -99.0 -99.0 
1956 -99.0 -99.0 -99.0 -99.0 -99.0 -99.0 -99.0 -99.0 -99.0 -99.0 -99.0 -99.0 
1957 -99.0 -99.0 -99.0 -99.0 -99.0 -99.0 -99.0 -99.0 -99.0 -99.0 -99.0 -99.0 
1958 -99.0 -99.0 -99.0 -99.0 -99.0 -99.0 -99.0 -99.0 -99.0 -99.0 -99.0 -99.0 
1959 -99.0 -99.0 -99.0 -99.0 -99.0 -99.0 -99.0 -99.0 -99.0 -99.0 -99.0 -99.0 
1960   9.9  13.7  14.0  14.6  19.5  23.4  26.7  26.6  22.3  17.9  15.7   9.1 
1961   9.4  12.7  13.2  16.3  21.1  23.2  26.9  25.7  24.7  18.6  15.4  12.6 
1962  10.9  10.1  12.9  14.9  20.1  21.3  26.5  27.8  25.4  21.0  12.0  10.3 
1963  11.6  10.7  12.9  14.6  16.8  22.1  25.9  26.2  21.0  17.7  15.8  11.9 
1964   9.4  11.8  13.6  13.6  20.7  22.5  25.7  25.4  27.8  18.1  14.2  10.1 
1965   9.9   9.6  14.4  14.6  20.0  24.1  25.4  25.7  20.9  19.4  15.1  12.5 
1966  12.9  14.9  11.6  15.8  18.7  22.3  25.1  26.5  23.4  18.4  13.4  10.5 
1967  10.2  11.7  13.3  13.7  18.0  20.2  26.6  27.1  23.5  20.7  14.7   9.0 
1968  10.9  12.4  13.4  15.8  18.3  21.9  26.7  26.1  24.1  21.5  13.9  12.1 
1969  13.0  12.4  14.5  14.5  18.7  21.7  24.8  25.3  20.7  18.4  15.1  10.2 
1970  13.3  11.6  13.1  15.3  17.9  21.8  26.4  27.1  24.7  17.6  15.6  10.2 
1971  11.4  10.9  11.6  14.7  15.7  20.7  25.1  27.6  23.3  19.9  11.9  10.9 
1972  10.7  12.3  12.4  14.7  16.8  21.3  24.9  24.8  21.1  18.7  14.8   9.6 
1973   9.5  10.1  11.6  14.3  19.1  21.6  26.1  27.6  23.1  18.5  15.3  10.1 
1974  10.8  10.7  12.0  13.5  20.3  22.9  26.8  25.8  23.0  16.1  14.2  10.6 
1975  11.6  12.5  13.1  14.6  16.4  21.8  28.3  27.5  21.8  18.7  13.3  11.3 
1976  10.1  11.3  12.0  13.3  17.7  22.6  25.8  27.1  23.4  18.3  12.8  14.2 
1977  11.6  13.3  15.0  16.9  17.5  20.9  23.6  23.3  22.3  20.0  13.7  14.0 
1978  10.2  14.3  13.3  13.9  17.1  20.5  25.9  25.6  22.6  17.1  13.7  14.8 
1979  13.6  12.4  12.8  14.5  18.9  23.4  26.9  27.1  22.7  19.0  13.5  11.5 
1980  10.2  12.4  13.3  14.3  17.8  23.7  26.0  28.5  25.4  19.0  14.3   9.7 
1981   8.7  11.1  15.4  15.4  18.5  22.7  24.4  24.0  23.5  20.9  16.1  13.1 
1982  11.7  12.1  14.6  15.6  19.3  25.8  27.7  26.4  24.0  17.1   9.3   9.2 
1983  10.0  10.6  14.7  16.7  19.0  24.3  25.5  24.8  24.8  21.4  17.8  11.9 
1984  10.0  10.8  12.4  16.1  16.2  21.6  29.9  25.8  24.6  18.0  15.5  12.8 
1985   8.6  13.7  10.9  15.8  17.0  22.7  27.0  26.5  24.3  19.1  15.0  10.6 
1986   9.2  11.0  11.5  12.5  20.0  21.6  26.1  27.4  23.6  19.1  12.8   9.5 
1987   9.6  11.0  12.7  16.3  18.1  22.1  24.4  26.6  25.0  19.7  13.7  12.9 
1988  11.3  10.7  13.4  16.0  17.9  20.7  26.1  28.0  22.7  19.8  15.3   8.4 
1989   8.6  10.7  13.0  13.6  17.6  22.5  27.2  28.2  23.1  19.8  16.3  14.6 
1990   9.0 -99.0 -99.0  14.0  18.6  23.5  26.7  26.9  26.7  18.9  13.9   9.6 
1991   8.4   9.0  11.9  12.8  15.8  22.4  26.8  28.0  24.7  16.5  13.1  10.1 
1992   7.8  10.3  11.4  15.2  18.0  18.7  25.1  27.2  23.5  16.9  13.2  11.0 
1993   8.2   9.1  13.2  14.4  16.7  21.8  25.7  26.7  20.7  17.4  13.4  10.5 
1994   9.3  10.6  13.5  13.4  19.5  22.5  29.0  28.7  21.6  19.2  15.1  10.7 
1995   9.8  12.3  13.4  14.8  20.0  21.9  25.9  26.7  21.0  20.0  16.1  13.3 
1996  13.0  10.1  12.3  15.1  17.8  23.3  25.8  25.3  21.1  17.0  14.1  12.4 
1997  11.7  12.2  13.4  16.4  19.1  22.4  24.1  25.6  23.6  20.1  15.3  11.9 
1998  10.6  11.9  12.9  14.4  16.9  23.4  26.5  26.6  23.2  16.8  13.0   8.6 
1999   9.5   8.6  12.5  15.1  20.0  22.0  26.0  26.9  22.4  20.3 -99.0   9.1 
2000 -99.0  11.4 -99.0 -99.0 -99.0  24.1 -99.0 -99.0 -99.0 -99.0 -99.0 -99.0 
2001 -99.0 -99.0 -99.0 -99.0 -99.0 -99.0 -99.0 -99.0 -99.0 -99.0  12.0   9.8 
2002   9.2  10.9  13.0  14.6  18.1  23.6 -99.0  24.8 -99.0 -99.0  13.6  13.4 
2003   8.8 -99.0 -99.0  14.6  18.6 -99.0 -99.0 -99.0 -99.0  18.7  13.5  10.3 
2004   9.9  11.8  12.2 -99.0  16.3  23.7  26.9  27.6  23.8  19.9  11.6   9.3 
2005   5.9   7.4  12.6  14.8  20.2  24.0  26.8  26.5  21.9  19.3  13.0   9.4 
2006   8.3   9.5  13.8  16.9  20.9  23.3  28.2  26.6  23.0  20.5  15.3   9.8 
2007   9.4  12.7  12.3  14.0  18.8  22.5  26.5  26.7  22.8  18.3  12.5   9.6 
2008  10.0  11.5  13.1  16.4  17.6  23.3  27.3  27.4  23.2  18.5  11.3   8.7 
2009   9.5   9.9  13.0  13.9  20.0  25.0  28.6  26.4  22.0  19.8  16.3  12.8 
2010  11.3  13.5  13.6  15.9  18.3  22.5  27.9  27.6  23.7  17.8  13.2  12.3 
2011  10.1   9.7  12.8  17.6  20.1 -99.0 -99.0 -99.0 -99.0 -99.0 -99.0 -99.0 
