Number= 605300
Name= TLEMCEN
Country= ALGERIA
Lat=   34.8
Long=    1.3
Height= -999
Start year= 1878
End year= 1971
First Good year= 1878
Source ID= 10
Source file= Jones
Jones data to= 1971
Normals= -99.0 -99.0 -99.0 -99.0 -99.0 -99.0 -99.0 -99.0 -99.0 -99.0 -99.0 -99.0 
Obs:
1878   7.8   8.7  11.6  14.9  18.1  21.2  25.1  26.1  25.8  19.0  13.3  10.7 
1879   8.5   8.9  10.2  13.0  17.0  21.6  24.9  24.9  19.0  16.2  15.1   7.4 
1880   6.9   8.8  10.8  12.0  14.2  19.0  25.3  22.4  22.6  17.7  12.2  10.2 
1881  12.2  10.8  15.8  14.1  16.2  20.0  26.1  27.2  22.4  15.2  12.6   7.1 
1882   7.4   7.8   7.8  12.7  15.6  19.8  22.4  24.8  17.9  15.5  12.7   8.7 
1883   9.0   9.5   8.5  11.2  15.7  18.4  23.5  24.2  20.8  15.4  12.1   8.3 
1884   9.6  10.9   9.5  12.2  15.4  17.8  24.8  26.9  19.0  15.5  12.1   7.9 
1885   7.1  12.9  11.2 -99.0  17.0  18.0  21.9  23.8  20.4  14.3  11.4   9.6 
1886 -99.0 -99.0 -99.0 -99.0 -99.0 -99.0 -99.0 -99.0 -99.0 -99.0 -99.0 -99.0 
1887 -99.0 -99.0 -99.0 -99.0 -99.0 -99.0 -99.0 -99.0 -99.0 -99.0 -99.0 -99.0 
1888 -99.0 -99.0   9.1  14.4  16.8  19.0  24.1  22.8  20.8  16.9  11.8   8.4 
1889   6.4   7.5   8.8  11.6  15.1  17.8  25.2  24.0  20.8  14.3  10.1   7.4 
1890 -99.0 -99.0 -99.0 -99.0 -99.0 -99.0 -99.0 -99.0 -99.0 -99.0 -99.0 -99.0 
1891 -99.0 -99.0 -99.0 -99.0 -99.0 -99.0 -99.0 -99.0 -99.0 -99.0 -99.0 -99.0 
1892 -99.0 -99.0 -99.0 -99.0 -99.0 -99.0 -99.0 -99.0 -99.0 -99.0 -99.0 -99.0 
1893   6.4   7.1  15.3  16.1  19.4  24.2 -99.0 -99.0 -99.0  20.3  12.3   7.5 
1894   6.8   7.8   9.6  11.5  14.2  20.6  25.4  27.1  23.7  16.6  14.0  10.8 
1895 -99.0 -99.0 -99.0 -99.0 -99.0 -99.0 -99.0 -99.0 -99.0 -99.0 -99.0 -99.0 
1896   8.3   8.7  10.4  11.7  13.8  20.1 -99.0 -99.0  22.2  15.1 -99.0   7.8 
1897 -99.0 -99.0 -99.0 -99.0 -99.0 -99.0 -99.0 -99.0 -99.0 -99.0 -99.0 -99.0 
1898 -99.0 -99.0 -99.0 -99.0 -99.0 -99.0 -99.0 -99.0 -99.0 -99.0 -99.0 -99.0 
1899 -99.0 -99.0 -99.0 -99.0 -99.0 -99.0 -99.0 -99.0 -99.0 -99.0 -99.0 -99.0 
1900 -99.0 -99.0 -99.0 -99.0 -99.0 -99.0 -99.0 -99.0 -99.0 -99.0 -99.0 -99.0 
1901 -99.0 -99.0 -99.0 -99.0 -99.0 -99.0 -99.0 -99.0 -99.0 -99.0 -99.0 -99.0 
1902 -99.0 -99.0 -99.0 -99.0 -99.0 -99.0 -99.0 -99.0 -99.0 -99.0 -99.0 -99.0 
1903 -99.0 -99.0 -99.0 -99.0 -99.0 -99.0 -99.0 -99.0 -99.0 -99.0 -99.0 -99.0 
1904 -99.0 -99.0 -99.0 -99.0 -99.0 -99.0 -99.0 -99.0 -99.0 -99.0 -99.0 -99.0 
1905 -99.0 -99.0 -99.0 -99.0 -99.0 -99.0 -99.0 -99.0 -99.0 -99.0 -99.0 -99.0 
1906 -99.0 -99.0 -99.0 -99.0 -99.0 -99.0 -99.0 -99.0 -99.0 -99.0 -99.0 -99.0 
1907 -99.0 -99.0 -99.0 -99.0 -99.0 -99.0 -99.0 -99.0 -99.0 -99.0 -99.0 -99.0 
1908 -99.0 -99.0 -99.0 -99.0 -99.0 -99.0 -99.0 -99.0 -99.0 -99.0 -99.0 -99.0 
1909 -99.0 -99.0 -99.0 -99.0 -99.0 -99.0 -99.0 -99.0 -99.0 -99.0 -99.0 -99.0 
1910 -99.0 -99.0 -99.0 -99.0 -99.0 -99.0 -99.0 -99.0 -99.0 -99.0 -99.0 -99.0 
1911 -99.0 -99.0 -99.0 -99.0 -99.0 -99.0 -99.0 -99.0 -99.0 -99.0 -99.0 -99.0 
1912 -99.0 -99.0 -99.0 -99.0 -99.0 -99.0 -99.0 -99.0 -99.0 -99.0 -99.0 -99.0 
1913 -99.0 -99.0 -99.0 -99.0 -99.0 -99.0 -99.0 -99.0 -99.0 -99.0 -99.0 -99.0 
1914 -99.0 -99.0 -99.0 -99.0 -99.0 -99.0 -99.0 -99.0 -99.0 -99.0 -99.0 -99.0 
1915 -99.0 -99.0 -99.0 -99.0 -99.0 -99.0 -99.0 -99.0 -99.0 -99.0 -99.0 -99.0 
1916 -99.0 -99.0 -99.0 -99.0 -99.0 -99.0 -99.0 -99.0 -99.0 -99.0 -99.0 -99.0 
1917 -99.0 -99.0 -99.0 -99.0 -99.0 -99.0 -99.0 -99.0 -99.0 -99.0 -99.0 -99.0 
1918 -99.0 -99.0 -99.0 -99.0 -99.0 -99.0 -99.0 -99.0 -99.0 -99.0 -99.0 -99.0 
1919 -99.0 -99.0 -99.0 -99.0 -99.0 -99.0 -99.0 -99.0 -99.0 -99.0 -99.0 -99.0 
1920 -99.0 -99.0 -99.0 -99.0 -99.0 -99.0 -99.0 -99.0 -99.0 -99.0 -99.0 -99.0 
1921 -99.0 -99.0 -99.0 -99.0 -99.0 -99.0 -99.0 -99.0 -99.0 -99.0 -99.0 -99.0 
1922 -99.0 -99.0 -99.0 -99.0 -99.0 -99.0 -99.0 -99.0 -99.0 -99.0 -99.0 -99.0 
1923 -99.0 -99.0 -99.0 -99.0 -99.0 -99.0 -99.0 -99.0 -99.0 -99.0 -99.0 -99.0 
1924 -99.0 -99.0 -99.0 -99.0 -99.0 -99.0 -99.0 -99.0 -99.0 -99.0 -99.0 -99.0 
1925 -99.0 -99.0 -99.0 -99.0 -99.0 -99.0 -99.0 -99.0 -99.0 -99.0 -99.0 -99.0 
1926 -99.0 -99.0 -99.0 -99.0 -99.0 -99.0 -99.0 -99.0 -99.0 -99.0 -99.0 -99.0 
1927 -99.0 -99.0 -99.0 -99.0 -99.0 -99.0 -99.0 -99.0 -99.0 -99.0 -99.0 -99.0 
1928 -99.0 -99.0 -99.0 -99.0 -99.0 -99.0 -99.0 -99.0 -99.0 -99.0 -99.0 -99.0 
1929 -99.0 -99.0 -99.0 -99.0 -99.0 -99.0 -99.0 -99.0 -99.0 -99.0 -99.0 -99.0 
1930 -99.0 -99.0 -99.0 -99.0 -99.0 -99.0 -99.0 -99.0 -99.0 -99.0 -99.0 -99.0 
1931   8.9   7.8  14.4  15.2  18.4  26.4 -99.0 -99.0  21.2  18.6  13.7   8.1 
1932   8.7 -99.0  12.9  13.2  17.5  19.7  22.1  24.8  21.6 -99.0  13.0   9.8 
1933   8.0  10.5  10.3  15.6  19.5  20.5 -99.0  28.5 -99.0  20.3 -99.0 -99.0 
1934   7.1   7.2   8.5  12.5  16.3  22.2  25.9  24.3  22.5  17.5  11.3  12.0 
1935   6.7   7.7  11.5 -99.0 -99.0 -99.0 -99.0 -99.0 -99.0  14.8 -99.0 -99.0 
1936 -99.0  12.7  11.1  14.6  12.8  19.7  25.9 -99.0 -99.0 -99.0  11.1   8.5 
1937  10.7  13.4 -99.0  15.4  16.9  21.0 -99.0 -99.0 -99.0 -99.0  16.5 -99.0 
1938   8.6   8.6  11.5  12.9  16.3  25.0  25.9  25.1  20.2  18.3  14.0   8.6 
1939  10.8   8.7  10.3  11.8  15.0  19.4 -99.0 -99.0  22.2  18.7  14.1  10.9 
1940   9.2  13.1  14.8  15.4  17.0  19.2  25.5  25.5  22.0  16.3  12.4   9.1 
1941   9.3  10.8 -99.0  12.5  13.8 -99.0  24.7 -99.0  21.0  17.7  12.5   9.2 
1942   6.9   7.3  12.8  14.2  18.9  21.9  26.7  24.5  21.8  19.9  13.6   9.9 
1943   9.9   8.4  10.9  12.4  18.5  24.3  24.1  25.4  21.6  16.3   9.9   8.6 
1944   8.9   6.7 -99.0 -99.0 -99.0 -99.0 -99.0 -99.0 -99.0 -99.0 -99.0 -99.0 
1945 -99.0 -99.0 -99.0 -99.0  20.5  22.7  25.4 -99.0  24.8  17.8  14.6 -99.0 
1946   7.1  10.8  11.8  12.2  15.5  21.5 -99.0  27.1  22.9 -99.0 -99.0   8.4 
1947  10.0  11.0  15.7  15.6  16.6  22.8  24.2  25.4  22.7  17.7  15.4   8.7 
1948  10.8  12.6  12.8  13.7  15.7  21.6  24.2 -99.0 -99.0 -99.0 -99.0 -99.0 
1949 -99.0 -99.0 -99.0 -99.0  15.1 -99.0  26.3  26.4  24.0 -99.0  13.3  10.9 
1950   8.1  10.8   7.9 -99.0 -99.0 -99.0 -99.0  25.5 -99.0  16.8 -99.0   8.3 
1951   7.7   9.0  13.8  14.2  15.3  21.6 -99.0  25.0  22.6 -99.0  12.4  11.7 
1952 -99.0 -99.0 -99.0 -99.0 -99.0 -99.0 -99.0 -99.0 -99.0 -99.0 -99.0 -99.0 
1953 -99.0 -99.0 -99.0 -99.0 -99.0 -99.0 -99.0 -99.0 -99.0 -99.0 -99.0 -99.0 
1954 -99.0 -99.0 -99.0 -99.0 -99.0 -99.0 -99.0 -99.0 -99.0 -99.0 -99.0 -99.0 
1955 -99.0 -99.0 -99.0 -99.0 -99.0 -99.0 -99.0 -99.0 -99.0 -99.0 -99.0 -99.0 
1956 -99.0 -99.0 -99.0 -99.0 -99.0 -99.0 -99.0 -99.0 -99.0 -99.0 -99.0 -99.0 
1957 -99.0 -99.0 -99.0 -99.0 -99.0 -99.0 -99.0 -99.0 -99.0 -99.0 -99.0 -99.0 
1958 -99.0 -99.0 -99.0 -99.0 -99.0 -99.0 -99.0 -99.0 -99.0 -99.0 -99.0 -99.0 
1959 -99.0 -99.0 -99.0 -99.0 -99.0 -99.0 -99.0 -99.0 -99.0 -99.0 -99.0 -99.0 
1960 -99.0 -99.0 -99.0 -99.0 -99.0 -99.0 -99.0 -99.0 -99.0 -99.0 -99.0 -99.0 
1961 -99.0 -99.0 -99.0 -99.0 -99.0 -99.0 -99.0 -99.0 -99.0 -99.0 -99.0 -99.0 
1962 -99.0 -99.0 -99.0 -99.0 -99.0 -99.0 -99.0 -99.0 -99.0 -99.0 -99.0 -99.0 
1963 -99.0 -99.0 -99.0 -99.0 -99.0 -99.0 -99.0 -99.0 -99.0 -99.0 -99.0 -99.0 
1964 -99.0 -99.0 -99.0 -99.0 -99.0 -99.0 -99.0 -99.0 -99.0 -99.0 -99.0 -99.0 
1965 -99.0 -99.0 -99.0 -99.0 -99.0 -99.0 -99.0 -99.0 -99.0 -99.0 -99.0 -99.0 
1966 -99.0 -99.0 -99.0 -99.0 -99.0 -99.0 -99.0 -99.0 -99.0 -99.0 -99.0 -99.0 
1967 -99.0 -99.0 -99.0 -99.0 -99.0 -99.0 -99.0 -99.0 -99.0 -99.0 -99.0 -99.0 
1968 -99.0 -99.0 -99.0 -99.0 -99.0 -99.0 -99.0 -99.0 -99.0 -99.0 -99.0 -99.0 
1969 -99.0 -99.0 -99.0 -99.0 -99.0 -99.0 -99.0 -99.0 -99.0 -99.0 -99.0 -99.0 
1970 -99.0 -99.0 -99.0 -99.0 -99.0 -99.0 -99.0 -99.0 -99.0 -99.0 -99.0 -99.0 
1971 -99.0 -99.0 -99.0 -99.0 -99.0 -99.0 -99.0 -99.0 -99.0 -99.0 -99.0   9.0 
