Number= 607450
Name= GAFSA
Country= TUNISIA
Lat=   34.4
Long=   -8.8
Height= 314
Start year= 1964
End year= 2011
First Good year= 1964
Source ID= 10
Source file= Jones+Anders
Jones data to= 1990
Normals source= Data
Normals source start year= 1964
Normals source end year= 1990
Normals=   9.3  11.2  13.7  17.0  21.7  26.3  29.0  29.0  25.0  19.6  13.9   9.9 
Standard deviations source= Data
Standard deviations source start year= 1964
Standard deviations source end year= 1990
Standard deviations=   1.2   1.3   1.2   1.2   1.3   1.2   1.3   1.1   0.9   1.3   1.2   1.3 
Obs:
1964 -99.0 -99.0 -99.0 -99.0 -99.0 -99.0  28.2 -99.0 -99.0  17.8  14.6   9.2 
1965   8.9   9.2  14.2  15.4  21.7  26.0  31.3  27.9  24.0  20.4  14.5  11.0 
1966  11.1  13.9  12.6  18.0  20.0  27.4  28.4  29.8  24.4  20.3  12.6   9.0 
1967   8.2  11.4  14.2  17.5  22.1  23.4  28.4  29.7  24.3  20.5  15.4   7.8 
1968   8.1  11.6  12.8  17.7  22.7  25.1  29.5  28.9  25.4  19.2  14.3  10.0 
1969   9.7  10.9  14.8  16.8  23.1  24.8  26.2  27.9  24.0  18.1  14.3   7.7 
1970  10.6  11.3  13.4  16.8  20.1  26.4  28.5  30.1  25.4  18.9  13.3  10.4 
1971   9.0  10.3  11.9  18.5  21.4  26.7  28.5  29.9  24.5  18.4  11.7   9.3 
1972   9.1  11.6  14.3  15.8  19.7  26.7  28.7  27.3  24.7  18.3  14.4   9.5 
1973   9.2   9.2  11.4  15.6  24.0  26.8  31.0  28.0  25.9  20.7  13.7   9.2 
1974  10.0  10.5  13.6  15.5  22.7  26.5  27.1  27.3  24.9  17.2  11.7   9.3 
1975   9.2  10.0  12.6  16.3  21.3  25.5  28.8  28.2  26.4  18.8  12.6  10.6 
1976   8.6  10.1  11.5  15.9  20.3  24.2  28.4  27.9  23.9  19.5  11.9  10.4 
1977  10.6  13.6  15.2  17.3  22.0  25.5  30.8  28.2  23.8  19.9  14.8  10.4 
1978   8.3  12.7  14.0  16.3  21.6  26.1  27.9  27.8  24.3  17.3  12.5  11.4 
1979  11.9  11.9  14.4  15.4  20.6  27.0  28.6  29.4  23.6  21.1  12.5  10.0 
1980   8.5  11.7  13.4  15.4  19.2  26.0  27.7  29.0  25.6  18.7  14.5   7.7 
1981   7.7  10.1  16.9  19.1  22.0  26.5  28.2  27.5  25.7  21.5  12.9  11.1 
1982  10.9  11.2  13.8  16.7  20.8  28.4  31.2  29.7  25.7  20.4  13.7   8.5 
1983   8.6  10.1  13.9  18.7  22.5  26.2  29.8  29.7  25.4  20.1  16.3  10.5 
1984  10.0  10.3  13.3  17.8  21.5  25.8  28.4  28.8  24.9  18.6  15.0  10.1 
1985   8.0  13.1  12.5  18.4  21.6  28.1  30.4  29.4  24.9  19.4  15.8  10.8 
1986   9.3  10.8  13.5  17.8  23.5  26.2  28.8  30.3  25.4  21.1  14.3   9.8 
1987   7.9  10.9  12.8 -99.0 -99.0  27.6  30.2  30.9  27.4  22.1  14.5  12.4 
1988  10.7  11.5  14.3  18.6  25.0 -99.0 -99.0  29.9  24.5  22.0  14.8   9.2 
1989   7.1  10.8  15.3  18.6  22.3  25.9 -99.0  30.3  26.6  20.0 -99.0  13.1 
1990  10.6  13.6  14.6  16.0  21.2  28.2  29.0 -99.0 -99.0 -99.0  15.0   8.9 
1991   9.1  10.3  15.4  15.1  18.8 -99.0  29.2  29.5  27.0  21.5  14.6   9.8 
1992   7.7 -99.0  13.5  16.8  21.4  25.6  27.7 -99.0  26.4  21.6  15.5   8.2 
1993   8.6  10.3  12.8  18.0  22.9  28.1  30.3 -99.0  26.2  22.3  15.4  10.6 
1994  11.1  12.0 -99.0  16.5 -99.0  27.2 -99.0 -99.0  27.3 -99.0  17.0  10.5 
1995 -99.0  13.7  13.8  16.4  23.2  27.4  29.9  30.8 -99.0 -99.0  15.0 -99.0 
1996  11.3  10.2  14.2 -99.0  22.7  25.3  29.1  31.1  24.0  19.3  14.8  11.7 
1997  11.3  12.9  13.9  16.9  23.2  30.2  31.5  29.1  26.4  21.3  15.1  11.3 
1998  10.1  11.9  13.9  19.6  25.2  28.2 -99.0  30.3 -99.0  19.9  13.6   9.3 
1999   9.7   9.5  14.3  18.7  25.2  29.8  29.8  32.8  27.9  22.8  15.1   9.7 
2000   8.2 -99.0  15.4  20.0  24.7 -99.0  29.8  29.7  26.8  20.5  15.6  11.7 
2001 -99.0  11.3 -99.0 -99.0  23.7  28.2  31.6  30.6  26.9  23.8  16.2  10.0 
2002 -99.0   9.0  17.0  18.8  23.0  27.8  31.2  30.5  26.7  21.0  15.9  12.1 
2003  10.2  10.3  13.6  18.6  23.9  28.1 -99.0  31.3  26.9  23.5  15.9  10.3 
2004  10.9  12.2  14.8  18.3  20.5  26.8  29.7  31.4  25.8  23.8 -99.0  11.1 
2005   8.4   9.2  15.1  18.8  24.3  27.8  31.6  29.8  25.8  22.3  15.8   9.3 
2006   8.1  10.6  15.5  20.7  24.8  27.2  30.3  30.1  25.2  21.7  15.5  11.7 
2007  12.5  13.2  13.9  17.8  23.4  28.4  29.0  30.1  26.7  21.0  14.1  10.5 
2008  10.5  11.7  15.4  20.1  24.0  26.9  31.9  30.6  27.0  21.0  13.8   9.7 
2009  10.3  10.2  14.2  17.0  22.2  28.1  33.0  32.4  24.2  20.3  14.8  12.2 
2010  10.9  12.0  16.2  19.1  22.0  27.5  31.0  30.7  25.6  20.4  14.0  11.7 
2011  10.7  10.5  13.9  19.3  21.9 -99.0 -99.0 -99.0 -99.0 -99.0 -99.0 -99.0 
