Number= 607650
Name= GABES
Country= TUNISIA
Lat=   33.9
Long=  -10.1
Height= 5
Start year= 1949
End year= 2011
First Good year= 1949
Source ID= 10
Source file= Jones+Anders
Jones data to= 1990
Normals source= Data
Normals source start year= 1961
Normals source end year= 1990
Normals=  12.1  13.3  15.1  17.7  20.9  24.0  26.6  27.5  25.6  21.6  16.7  12.9 
Standard deviations source= Data
Standard deviations source start year= 1949
Standard deviations source end year= 1990
Standard deviations=   1.3   1.5   1.0   0.9   0.8   0.9   0.9   0.8   0.7   1.1   1.1   1.4 
Obs:
1949 -99.0  11.6  13.3  17.3  21.6  25.5 -99.0  27.6  26.6  22.3  17.2  14.9 
1950  10.7  13.4  14.2  16.2  20.9  25.2  27.6  28.1  26.8  21.9  15.9  11.9 
1951  10.3  12.6  15.4  16.7  20.4  24.4  26.9  28.5  25.9  19.1  16.0  11.0 
1952   9.7  10.8  17.0  17.7  20.2  26.9  28.5  28.7  27.7  23.2  16.2  12.8 
1953   9.0  11.0  13.0  18.3  20.9  25.0  27.3  27.0  26.1  22.4  16.7  12.5 
1954  10.1  11.0  15.2  17.1  19.7  24.1  25.5  25.8  25.4  19.6  16.3  12.8 
1955  13.8  16.1  15.3  17.1  21.6  24.1  27.6  27.7  25.5  21.2  17.2  14.3 
1956  13.1   9.8  13.8  17.8  20.1  22.8  26.1  27.2  26.1  20.6  14.3  10.7 
1957  10.3  13.4  14.5  16.9  19.9  24.3  25.8  27.3  25.5  21.2  15.7  11.3 
1958  10.6  13.8  15.4  17.3  21.0  24.6 -99.0 -99.0 -99.0 -99.0  15.7  14.1 
1959  11.3  13.5  15.7  17.4  20.5  24.3  26.9  28.0  26.8  20.0  16.0  11.9 
1960  10.7  15.0  16.4  16.6  21.8  24.0  26.6  27.8  25.1  22.9  17.9  12.0 
1961  11.3  13.2  14.5  19.5  23.0  24.5  25.6  24.9  25.1  21.5  18.2  14.1 
1962  13.2  10.8  16.2  18.2  21.6  23.1  27.7  28.5  25.6  21.7  15.3  11.1 
1963  12.8  12.4  14.7  17.5  19.6  22.7  25.5  27.2  25.5  20.0  18.5  15.8 
1964  11.6  13.6  16.4  16.8  20.7  24.7  26.3  27.9  24.5  21.7  16.5  11.8 
1965  11.1  11.2  15.3  16.6  20.3  23.2  28.0  26.9  24.7  22.5  17.1  13.6 
1966  13.8  15.9  14.4  18.2  20.1  24.8  26.6  27.7  25.2  22.3  15.6  11.6 
1967  10.8  12.7  14.7  18.0  20.9  22.4  26.1  28.0  25.5  22.1  17.9  10.8 
1968  11.1  13.8  14.8  18.0  21.6  23.7  27.1  27.7  25.9  20.8  17.2  13.5 
1969  12.0  13.1  16.3  17.1  21.3  23.2  25.0  26.8  25.5  20.8  17.6  10.8 
1970  13.7  13.6  14.5  18.1  19.3  24.0  26.5  27.8  25.8  20.8  16.1  13.1 
1971  11.4  12.4  13.7  18.4  20.7  24.2  26.1  27.9  25.6  20.0  15.0  11.9 
1972  11.4  13.7  16.1  16.4  19.6  23.7  26.1  26.5  25.6  20.5  16.7  12.0 
1973  11.6  11.4  12.9  16.5  21.1  24.3  27.8  27.3  26.2  21.9  15.6  12.4 
1974  12.2  13.1  15.0  17.5  21.5  24.5  25.8  26.2  25.6  20.0  15.1  12.2 
1975  11.6  12.3  14.6  16.8  20.5  24.0  26.5  27.1  26.0  21.2  15.7  13.4 
1976  11.1  12.0  13.4  16.2  20.3  23.4  26.6  27.4  24.8  22.0  14.8  13.8 
1977  13.0  15.9  16.8  18.2  21.1  23.6  26.9  27.3  24.8  21.0  17.3  13.6 
1978  11.0  14.7  14.9  18.2  20.8  23.4  25.7  27.0  24.6  19.8  15.1  15.2 
1979  14.8  14.9  15.8  16.7  20.0  24.6  26.4  27.9  24.9  22.5  15.2  13.1 
1980  12.1  13.3  15.3  15.6  20.3  23.8  25.3  27.0  25.7  21.1  17.7  10.5 
1981   9.9  11.9  16.8  18.6  21.4  24.2  26.1  27.1  25.5  22.6  16.3  14.8 
1982  13.3  13.0  14.8  17.9  20.2  26.0  29.3  28.5  26.9  23.2  16.8  11.4 
1983  11.1  12.6  15.1  18.1  20.8  24.2  27.1  28.5  25.4  21.9  18.6  13.2 
1984  12.1  11.9  14.4  17.8  21.5  23.3  26.0  27.6  25.9  21.0  17.5  12.8 
1985  11.2  15.7  14.6  18.2  21.3  24.8  27.6  27.1  24.7  21.5  19.0  13.7 
1986  12.6  14.4  15.5  17.9  21.9  24.3  26.7  28.4  26.5  23.1  16.3  12.3 
1987  11.2  13.9  14.1 -99.0 -99.0  24.4  27.5  28.7  27.1  23.8  17.0  15.4 
1988  13.8  13.3  16.4  18.5  23.3 -99.0 -99.0  28.2  25.7  23.4  17.9  11.9 
1989  12.0  13.4  15.9  18.9  20.9  24.0 -99.0  28.7  26.9  21.8 -99.0  16.0 
1990  13.1  15.3  16.2  19.0  21.0  24.8  27.2 -99.0 -99.0 -99.0  17.7  11.3 
1991  11.7  12.2 -99.0  16.5  18.9 -99.0  26.7  27.1  26.9  22.9  16.9  12.1 
1992 -99.0 -99.0  15.5  17.3  20.0  23.7  25.3 -99.0  25.6  23.3  18.7  13.7 
1993  11.1  12.6  14.5  18.0  21.4  24.8  27.0 -99.0  26.5  23.7  17.9  13.5 
1994  13.3  14.0 -99.0  17.7 -99.0  25.0 -99.0 -99.0  27.5 -99.0  18.8  14.1 
1995 -99.0  15.0  15.8  17.0  21.6  24.8 -99.0 -99.0 -99.0 -99.0  17.0 -99.0 
1996  14.2  12.7  15.5 -99.0  21.3  24.2  27.0  28.9  26.3  21.0  17.5  14.7 
1997  13.0  14.2  14.9  17.6  21.8  26.4  27.6  28.2  25.8  23.3  18.3  14.1 
1998  12.0  13.9  14.9  19.1  21.5  25.3 -99.0  28.6  27.7  22.2  16.8  12.3 
1999  12.6  12.2  15.7  18.8  23.2  26.8  27.5  30.0  28.0  24.5  18.0  13.0 
2000  10.4 -99.0  15.9  20.0  22.9 -99.0  27.4  28.0  26.6  22.6  18.0  15.0 
2001 -99.0  13.6 -99.0  18.9  22.1  24.9  28.3  28.0  27.0  25.0  18.7  13.0 
2002 -99.0  13.6  17.0  18.9  21.6  25.0  27.9  28.6  26.8  22.5  18.4  14.7 
2003  13.7  12.0  14.3  18.2  22.3  25.9 -99.0  29.8  27.2  25.6  18.9  12.8 
2004  12.8  14.3  15.8  19.2  21.0  24.9  27.3  29.2  25.3  24.6  17.3  13.4 
2005  10.9  11.6  14.9  18.2  22.5  25.5  28.7  28.6  26.8  23.8  18.5  12.3 
2006  10.6  12.8  16.6  20.0  22.8  25.6  28.6  29.2  25.8  23.8  18.2  14.2 
2007  13.8  15.0  15.9  18.8  22.2  26.1  26.8  29.3  27.2  22.8  17.0  12.6 
2008  12.9  12.5  15.5  19.4  23.4  24.5  28.2  29.0  27.5  24.1  17.9  13.2 
2009  13.5  13.8  15.7  18.0  21.5  25.1  27.9  30.4  26.6  22.7  18.9  16.7 
2010  14.4  16.9  17.8  19.3  22.4  24.7  28.1  28.8  26.6  23.1  18.4  15.1 
2011  13.9  13.2  15.6  19.8  21.2 -99.0 -99.0 -99.0 -99.0 -99.0 -99.0 -99.0 
