Number= 341630
Name= OKTIABRSKII GORODOK
Country= USSR
Lat=   51.6
Long=  -45.5
Height= 190
Start year= 1881
End year= 2010
First Good year= 1881
Source ID= 10
Source file= Jones
Jones data to= 1989
Normals source= Data
Normals source start year= 1961
Normals source end year= 1989
Normals= -11.6 -11.1  -4.9   6.9  14.6  18.6  20.4  18.9  13.0   4.9  -1.9  -7.8 
Standard deviations source= Data
Standard deviations source start year= 1941
Standard deviations source end year= 1989
Standard deviations=   4.1   4.2   2.8   2.8   2.2   2.1   1.8   1.8   1.7   2.0   2.4   3.1 
Obs:
1881 -14.4 -11.9  -6.7   6.9  14.2  16.2  18.9  17.6  10.1   3.4  -4.5 -14.1 
1882  -6.2 -11.3  -3.0   1.8  15.6  18.8  22.0  21.0  13.5   0.8   1.4 -12.8 
1883 -18.8 -13.8  -6.4   4.2  17.0  16.8  21.8  19.0  14.4   6.3  -2.4  -6.5 
1884 -11.0 -11.0 -11.7   1.2  10.6  18.6  20.1  16.4   8.2   5.9  -2.0  -4.1 
1885 -13.2  -9.6  -4.9   3.8  14.6  18.6  23.7  17.4  11.1   5.0  -4.7  -6.7 
1886 -12.2 -17.1  -8.3   3.6  14.4  18.6  18.8  17.5  10.3   2.3  -0.7  -1.2 
1887 -11.8 -10.7  -6.5   4.0  15.6  16.6  18.8  18.6  16.7   5.6  -1.8  -2.0 
1888 -12.8 -14.3  -6.1  10.1  15.0  15.6  20.4  17.8  12.1   7.7  -5.6 -15.4 
1889 -16.6 -10.8 -10.0   4.0  15.8  17.2  21.5  19.6  10.8   7.4  -4.5 -12.7 
1890 -10.8 -10.5   0.0   8.2  14.6  20.0  23.4  21.0  13.3   4.6  -7.6 -14.8 
1891 -20.6 -10.2  -0.5   5.0  15.4  20.1  24.6  20.2  11.6   4.6  -8.7  -4.5 
1892 -15.8  -8.6  -8.7   1.7  14.0  19.8  21.4  18.2  14.0   3.5  -3.6 -14.3 
1893 -20.8  -9.1  -2.0   2.3  12.2  18.8  21.7  19.7  14.5   6.7  -1.3  -7.3 
1894 -13.2  -7.8  -6.9   1.6  15.0  15.8  18.4  20.3   9.3   3.2  -3.8 -12.6 
1895 -10.6 -12.2  -3.7   2.4  12.0  18.2  21.3  19.8  11.5   8.1  -4.8 -11.2 
1896 -18.8 -14.3  -8.8  -1.6  12.6  17.3  18.1  19.8  12.0   8.8  -4.9 -13.7 
1897 -15.3 -12.0  -6.1   5.1  16.9  19.0  21.5  20.0  14.8   4.2  -5.4 -13.7 
1898 -11.4 -14.5 -13.7   0.1  16.7  18.1  23.5  19.7  11.8  -0.3  -0.9  -4.2 
1899  -6.4 -13.5  -6.0   5.7  13.3  17.7  20.8  17.1  13.9   6.0   0.2 -13.6 
1900 -19.4 -17.1  -6.0   2.2  13.5  16.1  19.6  19.9  10.8   7.3  -3.8  -7.8 
1901 -12.3  -7.4  -3.6   8.6  14.2  22.9  21.0  21.8  10.7   3.1  -2.6  -8.7 
1902  -8.5  -8.4  -6.0   2.5  14.1  20.5  21.1  19.8  10.8   2.5  -6.5 -12.0 
1903  -9.1  -5.4  -7.5   9.4  13.0  20.1  23.6  20.7  12.7   3.6  -2.5 -13.3 
1904 -13.2  -4.2  -8.5   0.6  13.0  14.8  19.1  18.2  10.5   5.5  -0.9  -7.2 
1905 -13.7  -8.7 -11.1   4.6  17.3  21.0  19.5  19.2  14.0   9.5   0.0  -7.1 
1906 -10.2 -14.9  -0.4   7.9  19.5  20.2  23.7  17.4   9.4   4.3  -3.0  -7.4 
1907 -13.4 -12.9  -6.9   3.8  12.0  18.5  23.5  17.2  11.3   4.8  -9.8  -9.5 
1908 -14.6 -12.6 -10.7   1.2  10.2  19.8  20.1  17.9  12.9   2.5  -7.1 -13.2 
1909 -14.6 -13.6 -10.0   2.9  13.2  17.2  19.7  18.4  16.8   5.4   0.5  -7.6 
1910  -9.4 -16.6  -6.6   7.0  14.9  18.1  23.3  19.7  12.4   2.3  -2.5  -5.0 
1911 -14.7 -15.4  -8.4   5.1  15.5  19.0  22.2  18.8  10.6   2.8  -0.7  -8.7 
1912 -11.5 -14.7  -4.0   3.6  11.6  22.2  17.6  18.6  13.5   0.7  -2.1  -5.1 
1913 -10.2 -15.5  -2.4   7.2   9.9  15.2  18.7  21.0  13.3   2.9   1.9  -3.8 
1914 -10.1  -2.6  -1.2   3.5  14.7  17.8  21.6  15.6  10.4   2.9  -6.8  -9.8 
1915  -6.3  -7.2  -6.8   5.4  12.4  17.0  21.4  15.0  11.6   2.1  -1.7  -8.0 
1916  -8.7 -11.5  -8.7   5.3  12.2  18.2  18.4  16.5   9.7   3.9  -4.2  -9.9 
1917 -11.6 -17.8  -7.7   6.9   9.9  20.1  21.5  19.7  13.2   6.1   1.6  -8.8 
1918  -7.9  -9.4  -8.1   4.7   7.1  17.0  19.7  16.8  13.4   7.6  -4.5 -12.4 
1919 -14.7 -12.1  -9.7   7.3   9.4  17.5  20.1  17.2  14.0   6.8  -7.9 -10.3 
1920  -9.0 -15.6  -4.1   8.0  16.0  18.8  21.2  22.1  13.1  -0.3  -7.4 -14.4 
1921 -10.8 -12.7  -3.3   9.4 -99.0 -99.0 -99.0 -99.0   9.8   3.8  -5.4 -10.8 
1922 -11.8 -14.7  -3.7   5.4  15.7  17.7  22.6  17.5  10.6 -99.0  -0.4  -7.2 
1923 -12.7 -14.0  -6.0   0.3  15.9  19.9  20.3  17.3  15.5   7.8   2.0 -10.6 
1924 -12.3 -15.2 -10.3   5.2  17.2  24.2  20.8  19.1  14.6   4.1  -2.8  -9.0 
1925  -8.4  -5.3  -1.3   5.7  16.1  18.9  20.9  19.8  13.1   3.8  -0.2  -5.7 
1926 -10.6 -13.3  -6.0   2.8  13.7  18.1  19.1  15.9  11.5   4.1   1.4  -6.9 
1927 -16.1 -12.3  -8.8   4.5  14.7  20.5  20.9  20.8  14.4   7.0  -2.8 -14.2 
1928 -10.9 -13.3 -12.3   1.7  13.2  16.5  20.0  16.3  11.9   3.9  -0.3 -10.1 
1929 -14.1 -19.9  -8.3  -0.9  15.3  17.1  22.3  24.0  10.5   7.7  -1.0 -13.7 
1930  -9.8 -13.2  -1.2   7.8  15.8  14.7  20.7  22.9  10.8   5.5  -1.9 -13.1 
1931 -16.2 -20.0  -6.3   3.1  15.0  19.2  26.6  19.1  12.3   5.8  -4.5  -9.2 
1932  -5.5 -17.6  -8.0   4.8  16.1  20.6  21.2  22.5  13.9   6.9  -2.9  -5.5 
1933 -16.3 -17.1  -7.7   6.1  13.6  18.0  22.6  17.9  14.0   4.2  -1.9 -16.3 
1934 -15.8  -9.2  -8.1   3.5  16.3  15.3  21.1  19.4  11.8   7.0  -1.3 -13.9 
1935 -14.9  -6.7  -5.8   7.8  13.3  17.3  18.0  18.6  13.2   8.6  -6.2 -12.1 
1936  -9.2 -17.1  -9.1   3.0  12.8  21.8  23.4  21.3  11.6   3.8  -0.1  -5.4 
1937 -13.9 -11.5  -3.0   6.8  11.6  16.2  20.7  19.9  17.0   6.3  -2.1  -6.4 
1938 -10.0  -8.5  -4.4   7.7  14.6  19.2  24.4  22.0  16.9   7.8   0.8 -15.8 
1939 -13.6 -10.0  -7.4   5.2  14.9  20.4  22.6  19.4   9.7   1.5  -1.0  -8.1 
1940 -21.4 -15.4  -6.3   5.5  11.7  16.8  21.8  22.6  14.2   1.3   0.6  -8.5 
1941 -15.2 -10.1  -7.2   4.0   9.5  14.1  21.0  17.0  11.6   2.4  -8.1 -11.7 
1942 -19.3 -16.3 -11.4   1.6  13.2  15.8  19.2  17.0  11.0   6.0  -5.8 -10.7 
1943 -17.8 -12.4  -7.7   8.6  15.2  17.9  19.6  18.2  11.7   4.1  -2.5  -7.2 
1944  -6.1  -7.6  -1.5   6.0  14.4  16.1  18.6  16.2  14.6   4.2  -3.7 -12.8 
1945 -16.0 -17.6  -6.8   3.4   8.7  16.7  18.2  18.2  11.6   2.8  -4.7 -11.9 
1946 -10.8  -5.1  -5.2   4.7  14.6  20.9  18.7  22.1  13.8   0.5  -3.2 -12.1 
1947 -15.4 -11.8  -2.3   6.7  11.4  17.5  20.0  17.9  12.1   4.6   0.2  -5.3 
1948  -6.8  -9.0  -7.4   1.5  17.0  23.3  18.2  19.0  11.1   4.8  -2.0  -9.1 
1949  -6.9 -12.3  -7.8   3.6  15.6  19.7  20.6  18.8  11.9   3.7  -4.1  -9.3 
1950 -18.7 -11.3  -4.0  10.4  14.6  15.8  17.6  16.2  13.6   4.8  -2.5  -8.5 
1951 -15.3 -19.3  -4.8  11.2  12.6  20.7  21.0  22.4  13.1   2.2  -6.8  -5.5 
1952  -9.8 -11.2  -9.7   3.0  13.3  18.9  20.4  19.6  14.4   6.2  -2.9 -10.7 
1953 -12.4 -16.3  -6.4   6.3  13.3  19.6  21.0  22.0  12.5   3.5  -6.7  -8.6 
1954 -18.9 -23.0  -9.0   4.4  15.0  21.5  24.7  20.8  13.7   6.2  -1.0  -6.5 
1955  -7.4  -5.0  -5.9   4.5  13.8  17.8  20.4  17.9  12.9   8.8  -4.8 -12.7 
1956 -12.0 -21.6 -10.2   4.8  12.4  21.0  17.0  18.5   9.1   6.0  -7.0  -6.6 
1957 -12.6  -5.2  -8.2   6.7  19.5  20.4  20.7  20.6  16.4   4.2  -4.4  -4.9 
1958  -9.3  -8.6  -6.3   3.3  14.5  17.8  19.4  18.2   8.8   4.8  -3.5  -7.9 
1959  -8.4 -11.4  -7.0   7.0  15.8  18.0  22.8  18.1   9.6   1.9  -6.9 -13.3 
1960  -9.0 -10.0  -8.0   5.4  11.4  20.1  22.2  18.8  11.4   3.4  -5.6  -2.8 
1961  -8.9  -6.8  -2.3   5.8  13.1  20.0  19.8  19.3  10.9   5.2  -4.0  -6.8 
1962  -7.2  -9.3  -1.0   8.5  15.3  16.9  21.2  17.1  13.4   5.4  -0.6  -8.2 
1963 -15.5 -11.7  -9.9   4.4  16.4  16.1  19.9  18.3  14.9   6.6   0.2 -10.4 
1964 -11.2 -14.5  -8.9   2.5  12.0  18.7  19.9  17.2  13.3   5.6  -1.9  -5.0 
1965 -11.1 -13.1  -4.4   3.1  12.2  18.1  21.0  18.4  14.8   3.0  -4.2  -3.1 
1966 -10.1  -8.4  -0.9  10.0  16.1  17.7  22.8  21.7  12.0   6.4  -1.6 -13.5 
1967 -14.6 -14.8  -4.7   8.7  18.3  18.0  19.8  20.4  11.5   7.7  -0.4  -8.5 
1968 -13.9 -11.5  -3.8   5.8  15.0  18.5  16.9  19.2  12.8   3.0  -3.8  -9.2 
1969 -19.9 -16.2  -6.8   7.4  12.2  17.8  19.1  18.8  12.3   3.9   0.9  -9.9 
1970 -13.0  -8.6  -5.3   7.8  13.7  16.5  20.8  17.0  11.8   4.8  -1.5 -12.8 
1971  -5.4 -14.6  -7.0   5.2  12.4  18.5  22.2  19.2  16.3   4.7   1.7  -7.3 
1972 -19.5 -12.9  -4.9   9.7  15.2  21.3  24.4  24.3  13.3   5.9  -1.1  -4.7 
1973 -14.0  -5.0  -3.7  10.5  15.2  18.6  18.4  17.2   8.7   4.5  -1.5  -5.2 
1974 -13.7  -8.8  -2.5   5.0  14.0  17.5  19.8  17.9  15.0   9.8  -0.2  -6.9 
1975  -7.0 -10.9  -1.1  13.0  17.3  22.2  21.4  18.0  15.1   3.3  -3.6  -5.8 
1976 -11.3 -17.7  -9.8   7.3  12.9  16.7  16.9  17.3  11.1  -1.4  -2.6  -9.4 
1977 -16.6 -10.1  -1.2   8.6  16.3  19.7  20.4  18.7  11.6   2.4   1.2 -11.4 
1978  -8.3 -10.9  -1.2   5.9  12.3  15.0  18.3  17.9  12.4   4.3  -0.3 -12.6 
1979 -13.6 -10.1  -3.0   2.6  18.3  17.1  19.8  20.2  14.3   4.2  -2.3  -4.8 
1980 -14.9 -12.3  -9.9   5.5  13.5  18.2  20.0  16.4  12.8   4.4  -1.6  -2.7 
1981  -7.7  -6.9  -4.4   3.8  13.1  21.4  23.5  21.2  12.8   7.7  -0.9  -4.1 
1982  -8.5 -12.1  -4.1   7.9  13.4  15.5  20.0  18.8  13.8   4.5  -0.7  -2.8 
1983  -5.6  -4.3  -4.6  12.0  15.1  16.5  20.2  17.5  13.1   6.4  -2.0  -5.6 
1984  -7.9 -15.0  -6.0   6.7  18.2  19.2  22.1  17.1  14.9   6.5  -3.1 -13.3 
1985 -12.4 -13.2  -8.7   5.7  16.0  18.1  18.3  20.9  11.9   4.2  -2.1  -6.8 
1986  -8.4 -15.5  -3.9  10.7  13.2  20.2  20.0  21.0  12.3   5.2  -5.3 -10.0 
1987 -17.4 -10.5  -9.0   1.4  15.8  21.6  20.3  17.8  11.2   3.1  -6.5  -9.6 
1988 -10.7 -11.0  -4.7   5.2  13.9  22.1  23.1  20.3  13.1   5.5  -5.7  -9.2 
1989  -6.7  -4.7  -3.6   8.0  13.2  21.2  20.4  18.8  14.4   6.2  -2.8  -5.6 
1990 -99.0 -99.0 -99.0 -99.0 -99.0 -99.0 -99.0 -99.0 -99.0 -99.0 -99.0 -99.0 
1991 -99.0 -99.0 -99.0 -99.0 -99.0 -99.0 -99.0 -99.0 -99.0 -99.0 -99.0 -99.0 
1992 -99.0 -99.0 -99.0 -99.0 -99.0 -99.0 -99.0 -99.0 -99.0 -99.0 -99.0 -99.0 
1993 -99.0 -99.0 -99.0 -99.0 -99.0 -99.0 -99.0 -99.0 -99.0 -99.0 -99.0 -99.0 
1994 -99.0 -99.0 -99.0 -99.0 -99.0 -99.0 -99.0 -99.0 -99.0 -99.0 -99.0 -99.0 
1995 -99.0 -99.0 -99.0 -99.0 -99.0 -99.0 -99.0 -99.0 -99.0 -99.0 -99.0 -99.0 
1996 -99.0 -99.0 -99.0 -99.0 -99.0 -99.0 -99.0 -99.0 -99.0 -99.0 -99.0 -99.0 
1997 -99.0 -99.0 -99.0 -99.0 -99.0 -99.0 -99.0 -99.0 -99.0 -99.0 -99.0 -99.0 
1998 -99.0 -99.0 -99.0 -99.0 -99.0 -99.0 -99.0 -99.0 -99.0 -99.0 -99.0 -99.0 
1999 -99.0 -99.0 -99.0 -99.0 -99.0 -99.0 -99.0 -99.0 -99.0 -99.0 -99.0 -99.0 
2000 -99.0 -99.0 -99.0 -99.0 -99.0 -99.0 -99.0 -99.0 -99.0 -99.0 -99.0 -99.0 
2001 -99.0 -99.0 -99.0 -99.0 -99.0 -99.0 -99.0 -99.0 -99.0 -99.0 -99.0 -99.0 
2002 -99.0 -99.0 -99.0 -99.0 -99.0 -99.0 -99.0 -99.0 -99.0 -99.0 -99.0 -99.0 
2003 -99.0 -99.0 -99.0 -99.0 -99.0 -99.0 -99.0 -99.0 -99.0 -99.0 -99.0 -99.0 
2004 -99.0 -99.0 -99.0 -99.0 -99.0 -99.0 -99.0 -99.0 -99.0 -99.0 -99.0 -99.0 
2005 -99.0 -99.0 -99.0 -99.0 -99.0 -99.0 -99.0 -99.0 -99.0 -99.0 -99.0 -99.0 
2006 -99.0 -99.0 -99.0 -99.0 -99.0 -99.0 -99.0 -99.0 -99.0 -99.0 -99.0 -99.0 
2007 -99.0 -99.0 -99.0 -99.0 -99.0 -99.0 -99.0 -99.0 -99.0 -99.0 -99.0 -99.0 
2008 -99.0 -99.0 -99.0 -99.0 -99.0 -99.0 -99.0 -99.0 -99.0 -99.0 -99.0 -99.0 
2009 -99.0 -99.0 -99.0 -99.0 -99.0 -99.0 -99.0 -99.0 -99.0 -99.0 -99.0 -99.0 
2010 -99.0 -99.0 -99.0 -99.0 -99.0  23.1  26.7  24.9  15.6   3.7   4.0  -3.4 
