Number= 920850
Name= RABAUL
Country= PAPUA NEW GUI
Lat=   -4.2
Long= -152.2
Height= 9
Start year= 1949
End year= 2007
First Good year= 1949
Source ID= 10
Source file= Jones+Anders
Jones data to= 1994
Normals source= Data
Normals source start year= 1961
Normals source end year= 1990
Normals=  27.0  26.9  26.9  27.0  27.2  27.1  26.8  26.9  27.3  27.4  27.2  26.9 
Standard deviations source= Data
Standard deviations source start year= 1949
Standard deviations source end year= 1990
Standard deviations=   0.4   0.4   0.3   0.4   0.4   0.3   0.5   0.5   0.5   0.4   0.4   0.3 
Obs:
1949 -99.0 -99.0 -99.0 -99.0 -99.0 -99.0 -99.0 -99.0  27.8  27.6  27.0  27.0 
1950  27.1  26.6  27.2  26.8  27.1  27.0  26.9  27.4  28.2  27.6  27.9  27.1 
1951  27.2  26.8  26.5  26.7  27.0  27.2  26.8  26.7  27.3  27.4  27.6  27.4 
1952  27.5  27.7  27.4  27.2  27.8  27.1  26.1  26.9  28.7  27.7  27.1  26.9 
1953  27.1  26.6  26.7  27.0  27.6  27.7  26.7  26.8  27.0  27.5  27.6  27.4 
1954  27.3  27.1  27.1  27.6  27.6  27.6  27.5  28.3  28.1  28.1  27.3  27.2 
1955  26.9  27.4  26.8  26.7  27.1  27.3  26.7  27.6  28.2  28.0  27.6  27.1 
1956  27.1  27.2  27.0  27.2  27.5  27.0  27.0  27.8  28.5  28.1  27.3  27.4 
1957  27.2  27.0  27.0  27.2  27.3  26.8  26.8  27.3  26.9  27.1  27.1  27.6 
1958  27.5  27.6  27.5  27.6  27.5  27.4  26.3  26.9  27.1  27.6  28.1  27.4 
1959  27.4  26.9  27.6  27.2  27.8  27.8  27.9  27.1  27.6  27.7  27.8  27.7 
1960  27.2  27.1  26.8  27.2  27.2  26.7  26.5  26.7  27.3  27.1  27.4  27.2 
1961  26.6  27.1  26.6  27.1  27.1  26.8  26.5  26.4  26.6  26.6  26.9  27.2 
1962  27.9  27.7  27.1  27.2  27.3  26.9  26.7  27.2  27.2  27.9  27.0  26.8 
1963  27.6  27.7  27.3  27.0  27.9  26.7  26.3  26.7  26.6  27.0  26.7  26.5 
1964  26.9  26.9  26.9  27.0  27.0  26.8  26.7  26.7  27.6  26.8  26.7  26.3 
1965  26.4  26.4  26.5  26.4  26.7  26.4  25.4  25.7  26.2  27.1  26.7  26.8 
1966  26.6  26.7  26.7  27.2  27.1  26.9  25.9  26.8  27.6  27.3  27.3  26.8 
1967  26.5  26.6  26.4  26.2  27.1  26.9  27.2  26.5  27.5  26.9  26.6  26.6 
1968  26.6  26.3  26.8  26.4  26.8  27.0  26.8  26.9  27.8  27.3  27.0  26.9 
1969  26.4  26.7  26.9  27.0  27.7  27.4  27.3  26.8  26.8  27.5  27.4  26.8 
1970  26.9  27.1  27.2  27.3  27.5  27.5  26.8  27.3  27.1  27.2  27.1  26.9 
1971  27.1  26.9  26.7  26.6  26.7  26.7  26.8  27.1  27.4  27.3  26.7  26.6 
1972  26.7  26.7  26.7  26.7  25.9  26.9  26.1  26.7  27.2  26.7  27.9  26.7 
1973  27.1  27.0  27.4  26.8  27.4  26.7  26.7  27.3  27.3  27.5  27.3  27.1 
1974  27.1  27.0  26.8  26.9  27.3  26.8  27.2  27.3  27.9  27.4  27.3  26.7 
1975  26.6  26.6  26.9  27.1  27.2  27.7  27.4  27.4  27.7  26.9  26.7  26.7 
1976  26.5  25.6  26.4  26.1  27.0  27.0  26.4  26.5  27.2  27.2  27.2  26.5 
1977  26.7  27.2  26.6  27.1  27.0  26.9  26.6  26.6  27.3  27.6  27.4  27.1 
1978  27.0  26.5  27.2  26.4  27.6  27.4  27.1  26.9  27.2  27.7  27.3  27.2 
1979  27.2  26.8  26.8  27.1  27.1  27.6  26.8  27.0  27.4  27.4  27.8  27.1 
1980  27.1  27.1  26.7  27.2  27.5  27.3  26.9  26.6  26.9  28.1  27.6  27.2 
1981  27.2  27.0  27.0  27.2  28.0  27.2  26.8  27.0  27.7  27.2  27.5  26.7 
1982  27.3  26.9  26.9  27.1  27.3  26.8  26.3  25.6  26.8  27.1  28.1  27.3 
1983  27.1  26.9  26.9  27.3  26.8  27.3  27.1  27.5  27.5  27.4  27.4  27.3 
1984  27.7  27.9  27.4  27.4  27.3  27.1  27.4  27.7  28.0  27.8  27.1  27.1 
1985  26.8  27.4  26.9  27.5  27.5  27.6  27.0  27.3  27.2  27.5  26.9  27.2 
1986  27.3  26.9  27.6  27.1  27.3  27.3  26.2  27.6  27.0  27.9  27.2  26.8 
1987  27.1  27.1  27.0  27.1  27.4  27.1  26.8  27.0  27.4  27.5  27.3  27.1 
1988  27.2  26.9  27.7  27.7  28.1  26.9  27.2  27.7  27.8  27.5  27.4  26.9 
1989  27.2  27.1  27.1  27.1  27.1  27.3  27.7  27.5  28.1  28.3  26.9  26.9 
1990  27.3  27.1  27.3  27.4  27.3  27.3  26.9  27.0  27.5  27.8  27.0  27.4 
1991  26.8 -99.0  26.7  27.6 -99.0  28.5  27.2 -99.0  27.1  26.9  27.1  26.9 
1992 -99.0 -99.0 -99.0 -99.0  27.6  27.7  27.6  26.9 -99.0  27.7  27.7 -99.0 
1993 -99.0 -99.0  26.5 -99.0  27.7 -99.0 -99.0  27.0  27.5  27.9  28.7  27.7 
1994  27.3  26.9  27.5 -99.0 -99.0 -99.0  26.8  26.9 -99.0 -99.0 -99.0 -99.0 
1995 -99.0 -99.0 -99.0 -99.0 -99.0 -99.0 -99.0 -99.0 -99.0 -99.0 -99.0 -99.0 
1996 -99.0 -99.0 -99.0 -99.0 -99.0 -99.0 -99.0 -99.0 -99.0 -99.0 -99.0 -99.0 
1997 -99.0 -99.0 -99.0 -99.0 -99.0 -99.0 -99.0 -99.0 -99.0 -99.0 -99.0 -99.0 
1998 -99.0 -99.0 -99.0 -99.0 -99.0 -99.0 -99.0 -99.0 -99.0 -99.0 -99.0 -99.0 
1999 -99.0 -99.0 -99.0 -99.0 -99.0 -99.0 -99.0 -99.0 -99.0 -99.0 -99.0 -99.0 
2000 -99.0 -99.0 -99.0 -99.0 -99.0 -99.0 -99.0 -99.0 -99.0 -99.0 -99.0 -99.0 
2001 -99.0 -99.0 -99.0 -99.0 -99.0 -99.0 -99.0 -99.0 -99.0 -99.0 -99.0 -99.0 
2002 -99.0 -99.0 -99.0 -99.0 -99.0 -99.0 -99.0 -99.0 -99.0 -99.0 -99.0 -99.0 
2003 -99.0 -99.0 -99.0 -99.0 -99.0 -99.0 -99.0 -99.0 -99.0 -99.0 -99.0 -99.0 
2004 -99.0 -99.0 -99.0 -99.0 -99.0 -99.0 -99.0 -99.0 -99.0 -99.0 -99.0 -99.0 
2005 -99.0 -99.0 -99.0 -99.0 -99.0 -99.0 -99.0 -99.0 -99.0 -99.0 -99.0 -99.0 
2006 -99.0 -99.0 -99.0 -99.0 -99.0 -99.0 -99.0 -99.0 -99.0 -99.0 -99.0 -99.0 
2007 -99.0 -99.0 -99.0 -99.0 -99.0 -99.0 -99.0 -99.0 -99.0 -99.0 -99.0 -99.0 
