Number= 370180
Name= TUAPSE
Country= RUSSIA (EUROP
Lat=   44.1
Long=  -39.1
Height= 41
Start year= 1903
End year= 1990
First Good year= 1903
Source ID= 37
Source file= Jones
Jones data to= 1990
Normals source= Data
Normals source start year= 1961
Normals source end year= 1990
Normals=   4.5   5.3   7.5  11.9  16.2  20.2  23.1  23.1  19.4  14.3  10.5   6.9 
Standard deviations source= Data
Standard deviations source start year= 1941
Standard deviations source end year= 1990
Standard deviations=   2.5   2.3   1.6   1.5   1.3   1.1   1.0   1.3   1.2   1.9   2.0   2.1 
Obs:
1903 -99.0   3.8   7.3  14.0  16.3  20.9  23.5  23.5  18.0  14.9  10.3   7.8 
1904   1.2   7.7   6.4  10.0  14.5  19.6  23.3  23.5  20.3  16.7  10.2   5.7 
1905   3.2   3.4   9.0  11.1  14.9  20.2  23.3  24.0  20.4  17.9  13.0   4.9 
1906   5.4   7.2   8.6  12.1  18.3  21.0  22.8  21.6  17.3  14.1  10.4   9.7 
1907   2.6   3.8   6.0  10.1  15.9  21.3  23.1  23.3  17.9  15.3   8.3   6.0 
1908   2.9   5.7   7.3  11.3  15.8  20.8  22.2  23.9  21.0  14.3   8.0   4.8 
1909   2.3   5.0   9.8   9.7  16.7  18.8  23.6  24.5  23.0  18.7  13.7   8.3 
1910   5.6   7.6   7.4  11.5  16.7  20.5  22.8  22.5  19.2  14.6  12.8   7.0 
1911   1.5  -1.4   5.4   9.9  16.8  18.4  22.4  22.7  18.0  13.6  11.9   7.1 
1912   4.6   5.4   9.6   9.9  13.6  19.4  20.6  21.7  20.6  13.0  10.9   6.5 
1913   2.8   1.7   7.0  12.1  15.2  18.5  21.2  24.2  20.0 -99.0 -99.0 -99.0 
1914 -99.0   6.5  10.1  10.4  15.9  20.8  23.4  22.3  17.6  14.5   6.8   6.6 
1915  11.3   6.2   7.9  11.9  13.5  19.3  22.8  21.3  17.9  15.4  11.7   9.4 
1916 -99.0 -99.0 -99.0 -99.0 -99.0 -99.0  22.8  22.8  17.7  14.4  12.4   8.0 
1917   6.2   3.3   8.0  12.9  13.8  18.2  22.1  22.6 -99.0  15.5  13.1   6.5 
1918   5.8   4.3   7.2  11.3  14.8  17.8  20.7  21.6  21.3  18.6  11.2   8.7 
1919   8.4   6.8   8.0  12.3  14.6  17.4  21.6  21.4  20.4  19.1  12.4   8.5 
1920   5.7   1.0   8.5  13.3  16.7  20.8  23.1  25.7  19.7  11.3   3.9   4.0 
1921   5.6   1.8   5.8  11.7  18.0  20.1  22.7  24.0  16.7  12.3   9.7   5.5 
1922   5.5   5.5   8.6  11.5  17.2  19.8  23.6  23.5  19.1  15.4  12.2   8.7 
1923   6.9   6.2   8.3  10.4  16.9  21.5  23.3  20.1  21.0  15.3  13.1   9.8 
1924   5.7   4.6   8.6  10.4  16.9  23.1  21.9  23.6  22.5  15.4   9.9   2.4 
1925   2.1   6.4   8.8  10.9  16.4  18.8  21.8  23.1  20.7  14.4  12.0   9.0 
1926   6.5   5.0   6.9  11.2  16.7  20.7  23.8  22.2  17.4  13.7  12.0   8.5 
1927   4.0   1.8   8.8  11.4  15.8  21.2  23.3  23.8  21.3  17.4  10.5   4.4 
1928   4.4   1.5   4.2  12.9  15.8  19.0  23.7  20.9  20.4  13.4  13.0   7.8 
1929   3.8 -99.0   2.2   8.6  16.7  19.2  22.6  26.4  18.9  16.8  12.2   6.9 
1930   5.8   4.1   8.9  12.3  16.6  18.5  23.2  24.9  20.0  15.8  11.9   7.0 
1931   6.7   7.2   7.6  10.0  16.4  21.5  23.9  23.8  20.9  14.9   7.7   3.0 
1932   2.7   1.1   6.7  10.1  15.8  21.0  21.6  23.5  20.2  18.0   9.3   5.8 
1933   3.1   6.0   6.5   9.7  15.6  18.3  22.3  22.9  19.4 -99.0  11.4   4.3 
1934   4.6   4.1   9.1  12.3  18.8  20.3  23.8  23.2  19.9  16.3  11.1   5.2 
1935   3.9   5.6   5.9  11.0  16.6  20.9  21.9  24.1  21.9  17.9   9.3  10.6 
1936   7.2   6.3   8.9  11.7  16.4  19.6  25.3  24.8  18.2  15.0  11.8   6.4 
1937   2.3   5.6  10.1  12.3  17.2  18.0  24.5  24.3  23.6  16.2  13.2  10.7 
1938   6.2   3.5   4.7   9.8  16.7  19.6  26.5  26.2  21.6  16.4  11.0   7.5 
1939   8.4   4.3   7.0  10.9  17.6  21.3  23.5  22.8  19.1  15.6   9.4   8.0 
1940   2.8   6.1   5.3  11.8  14.9  20.5  24.0  24.2  19.1  14.9  13.3   6.5 
1941   4.3   8.2   6.2  13.5  16.2  21.4  23.4  22.2  18.0  13.0   6.7   3.8 
1942   2.0   7.1   3.5   9.2  14.6  20.2  23.2 -99.0 -99.0 -99.0 -99.0 -99.0 
1943 -99.0 -99.0 -99.0 -99.0 -99.0  19.1  21.5  24.0  19.8  17.1  12.9   7.0 
1944   4.5   7.4   8.8  10.7  14.5  20.2  22.5  21.5  19.0  16.2  12.4   5.1 
1945   6.4   2.0   5.1   8.3  14.0  18.7  22.6  22.2  19.4  12.4   8.6   4.4 
1946   2.0   5.6   7.2  10.1  16.9  21.4  22.3  24.2  20.3  12.0  10.6   4.7 
1947   2.1   5.6   9.1  11.3  16.4  21.0  23.9  21.6  18.6  12.5  11.3  10.3 
1948   8.6   5.7   3.7  10.5  16.3  21.6  22.7  24.4  19.6  13.2   7.2   2.0 
1949   3.1   1.3   6.9   8.7  16.9  20.0  22.1  22.9  18.4  13.0  12.1   6.5 
1950  -2.8   2.9   6.9  14.9  17.9  19.2  22.7  21.5  20.6  13.9  10.3   8.9 
1951   5.7   5.7  10.3  13.5  17.0  20.8  23.2  24.3  20.2  10.5  11.2   5.2 
1952   6.4   6.2   6.0  11.1  14.0  18.2  22.6  24.0  20.8  17.2  12.4   9.4 
1953   7.0   6.0   4.4  11.2  15.4  21.5  23.8  24.3  18.5  14.8   4.4   2.5 
1954   1.6   0.8   6.6   8.9  17.2  21.4  24.8  24.9  21.2  16.2  13.0   8.7 
1955   7.3   9.1   7.4  10.9  15.5  20.1  23.3  22.9  21.0  18.1  10.1   6.6 
1956   6.1   2.6   4.5  11.5  14.0  19.2  21.4  23.9  17.5  13.6   6.6   3.8 
1957   2.0   6.9   5.7  12.4  17.6  20.9  24.0  25.4  22.6  14.4  10.0   7.9 
1958   6.5   6.7   6.8  11.3  18.2  19.9  21.8  22.8  18.1  14.3   9.3   7.6 
1959   8.4   0.2   5.9  11.9  15.0  20.4  24.6  24.0  16.4  11.0   9.7   8.1 
1960   7.9   4.5   5.8  10.7  16.2  19.9  23.4  21.1  18.5  16.9  13.1  10.8 
1961   4.7   5.5   6.3  12.3  16.6  21.4  22.8  23.3  17.6  14.8  11.7   9.4 
1962   6.1   6.2  10.1  12.3  16.5  19.9  24.1  23.9  21.1  15.8  13.8   8.3 
1963   4.7   7.6   4.9  10.4  16.5  20.0  24.2  24.0  20.2  14.2  10.9   5.6 
1964   0.1   5.1   7.6  11.5  14.1  22.4  22.7  20.6  19.6  14.5   9.7   7.8 
1965   4.9   3.7   8.0  10.0  16.0  20.8  23.0  23.2  20.2  11.2  10.6   9.2 
1966   9.2   8.4   9.4  13.5  16.6  19.1  24.6  24.4  18.9  17.6  14.6  10.0 
1967   5.6   2.5   6.6  11.1  16.5  18.1  22.4  23.1  19.3  15.7  11.1   7.4 
1968   4.6   5.1   7.0  13.2  19.5  19.4  22.0  22.2  20.4  14.8  12.4   6.5 
1969   2.8   4.0   6.8  10.7  15.6  21.6  21.3  23.1  19.7  12.4  10.6   9.0 
1970   6.3   8.2   9.4  14.0  16.8  19.2  24.3  22.5  18.8  13.0  11.4   5.6 
1971   6.9   4.8   9.2  11.8  17.3  19.9  23.5  24.0  21.2  12.8  11.7   5.9 
1972  -1.1   3.9   5.9  14.3  16.6  22.4  24.7  25.1  19.1  16.0  10.7   4.3 
1973   2.1   8.3   7.5  11.8  15.6  19.5  22.5  21.7  18.0  15.3   7.9   5.3 
1974   1.8   6.2   8.5   9.7  15.5  20.0  22.2  23.3  19.4  19.0  11.1   7.1 
1975   4.9   3.2   7.8  14.5  17.2  23.0  24.5  23.8  20.6  14.3   9.1   5.6 
1976   4.0   0.3   5.9  12.9  15.0  19.0  22.0  22.3  18.8  12.2  11.1   7.5 
1977   2.1   8.8   7.7  12.5  15.8  19.9  22.4  23.1  18.8  10.7  11.9   3.6 
1978   3.6   7.1   9.9  11.4  15.5  18.4  22.9  21.2  19.0  14.6   8.1   6.2 
1979   6.1   5.1   9.5  12.1  18.9  22.0  22.1  25.2  20.3  13.6  11.0   7.0 
1980   3.3   5.5   7.4  10.2  14.0  20.0  25.2  23.0 -99.0  14.2  11.8   9.1 
1981   7.8   7.4   7.6   9.9  14.4  20.8  24.3  23.2  18.6  17.5  10.0  11.0 
1982   4.8   3.2   5.7  12.4  17.6  19.5  21.5  22.2  20.2  14.0   8.6   7.3 
1983   3.3   5.6   6.5  12.0  16.9  20.0  22.9  22.0  19.1  14.0   9.7   6.4 
1984   7.6   5.6   5.6  12.0 -99.0  20.1  22.4  20.6  21.0  14.5  10.1   3.7 
1985   6.1   0.6   5.4  10.9  18.1  19.2  20.6  24.4  17.4  13.0  10.9   6.0 
1986   7.6   4.4   7.5 -99.0  14.3  20.9  23.6  25.0  20.4  13.6   7.4   5.7 
1987   4.5   6.1   5.4   9.4  15.0  19.4  23.4  22.0  17.7  13.6  10.2   5.5 
1988   3.7 -99.0   8.4  11.9  14.9  20.2  23.8  23.6  18.7  14.5   7.7   6.9 
1989   3.2   4.7   8.9  13.7  15.5  20.2  23.1  25.0  19.4  13.9  10.0   6.2 
1990   4.1   6.1   7.3  11.5 -99.0 -99.0 -99.0 -99.0 -99.0 -99.0 -99.0 -99.0 
