Number= 370310
Name= ARMAVIR
Country= USSR
Lat=   45.0
Long=  -41.1
Height= 208
Start year= 1936
End year= 1989
First Good year= 1936
Source ID= 10
Source file= Jones
Jones data to= 1989
Normals source= Data
Normals source start year= 1961
Normals source end year= 1989
Normals=  -2.0  -0.3   4.6  12.1  17.0  20.5  23.1  22.4  17.7  11.2   6.0   1.1 
Standard deviations source= Data
Standard deviations source start year= 1941
Standard deviations source end year= 1989
Standard deviations=   3.5   3.4   2.6   2.2   1.4   1.2   1.2   1.5   1.7   2.2   2.1   2.6 
Obs:
1936   0.6  -0.4   4.7  11.0  15.8  20.0  24.8  24.2  15.8  11.2   7.0   0.1 
1937  -5.4  -1.7   6.1   9.8  16.2  17.2  24.9  22.9  21.4  12.5   8.2   4.6 
1938   0.6  -1.7   2.0  10.4  16.4  19.9  26.1  25.3  20.0  14.1   6.3  -1.1 
1939  -0.1  -0.1   3.7  11.1  17.7  20.7  22.9  21.5  16.1  10.5   5.0   1.0 
1940  -6.1  -1.9   2.6  12.6  13.9  20.3  23.8  24.9  18.6  10.6   7.7  -0.3 
1941  -4.0   2.3   2.1  13.2  15.7  19.9  23.5  20.9  16.0   9.7   0.5  -4.1 
1942  -7.8  -2.1  -0.5   8.7  16.4  20.8 -99.0 -99.0 -99.0 -99.0 -99.0 -99.0 
1943 -99.0 -99.0 -99.0 -99.0 -99.0 -99.0 -99.0  22.1  17.8  13.6   7.1   0.9 
1944 -99.0 -99.0 -99.0  13.5  15.3  19.0  21.8  19.1  17.5  12.5   7.8  -0.2 
1945  -1.5  -3.6   2.1   7.9  14.9  18.3  22.0  21.1  17.9   9.5   3.0  -5.5 
1946  -5.7  -0.1   4.8  10.5  17.3  20.9  21.9  23.6  18.7   8.0   6.5  -2.4 
1947  -5.5   0.3   8.5  11.1  15.7  22.0  23.5  20.0  16.1   8.9   7.0   5.2 
1948   3.4   0.8  -0.3   9.6  17.7  22.0  22.0  23.6  16.4  10.6   2.9  -4.9 
1949  -4.6  -6.8   1.8   8.5  17.5  20.5  22.7  21.3  15.7   9.5   7.6   1.0 
1950 -13.6  -3.9   4.3  15.4  18.6  19.4  21.6  20.4  19.8  10.8   5.5   3.5 
1951  -1.4   2.7   6.4  14.5  16.6  20.4  23.4  23.5  17.0   6.4   5.9  -0.8 
1952  -1.4   1.2   1.6  10.0  14.7  18.2  22.4  22.6  18.3  13.8   6.2   1.5 
1953  -0.8  -0.4   0.3   9.9  16.8  20.9  22.8  23.0  15.3   9.7  -1.4  -3.3 
1954  -7.1 -10.8   0.0   8.4  17.7  21.3  23.5  23.4  19.2  12.6   7.7   1.9 
1955   0.8   4.4   3.2   8.1  16.9  21.1  23.8  21.6  18.4  15.2   3.8  -1.0 
1956   0.8  -7.0  -1.0  11.2  13.6  19.4  19.7  22.8  13.9  10.8   0.2  -3.0 
1957  -5.0  -0.1   1.9  13.8  17.6  21.6  24.0  24.4  20.6  10.0   4.7   1.0 
1958   0.3   1.8   2.4   9.1  17.7  20.0  21.3  21.6  14.1   9.6   3.1  -1.3 
1959   1.8  -6.0   0.8  10.7  15.5  19.7  24.6  22.7  14.0   5.9   3.0  -2.2 
1960   0.9  -1.7   0.6   9.4  15.5  19.9  22.6  19.7  14.8  13.2   7.0   3.9 
1961  -2.4  -0.8   3.7  10.8  16.5  20.8  22.0  21.8  14.7  10.3   5.9   3.2 
1962  -2.6   1.1   7.5  11.7  16.5  21.2  24.2  23.1  17.7  11.1   7.2   0.3 
1963  -2.8   1.2   0.4  10.1  17.0  19.2  23.4  22.7  18.4  11.1   5.4  -1.2 
1964  -7.0  -1.9   2.4  11.0  15.0  21.7  22.6  19.5  17.3  10.7   4.1   0.8 
1965  -4.4  -3.2   3.6   7.8  16.2  21.3  22.8  22.3  17.5   7.8   5.8   3.8 
1966   3.3   4.4   6.6  13.3  16.5  19.0  24.2  23.2  16.5  13.6   9.0   3.3 
1967  -0.5  -5.2   2.0  11.5  18.7  18.8  21.3  22.2  16.6  13.1   6.7   0.7 
1968  -2.4  -0.4   4.3  12.0  19.3  19.8  22.8  21.3  19.4  11.8   6.2  -1.6 
1969  -5.2  -5.1   1.5  10.9  16.6  22.5  21.6  24.2  17.1   8.7   6.4   2.0 
1970  -1.3   2.3   6.2  14.3  17.1  19.0  25.2  21.5  16.8   9.3   6.5  -0.7 
1971   1.9  -0.9   6.8  11.0  17.4  20.3  25.0  23.7  21.5  10.6   7.8   2.0 
1972  -9.5  -1.5   2.0  15.2  17.9  22.9  24.5  25.4  18.1  13.0   7.6  -0.8 
1973  -5.3   4.7   6.0  12.4  16.7  18.8  22.3  20.8  15.1  12.0   4.4  -0.6 
1974  -3.3  -0.3   5.1   9.8  16.7  20.1  22.2  21.9  18.1  16.9   6.9   2.9 
1975   0.2  -2.1   4.5  16.5  18.7  23.5  24.7  22.9  18.6  11.3   5.0  -0.4 
1976  -2.2  -5.9   3.1  13.4  15.2  19.6  21.5  21.6  17.3   7.6   6.5   2.9 
1977  -5.6   4.7   6.6  14.0  17.7  20.5  22.8  22.0  16.9   8.0   8.1  -2.5 
1978  -2.4   1.0   9.1  10.8  15.5  18.9  23.1  20.6  18.6  11.7   4.3  -0.1 
1979  -0.6   1.5   8.3  11.5  20.0  22.0  22.8  24.4  18.9  10.4   6.6   2.2 
1980  -4.6   1.1   3.7  11.3  16.6  20.6  24.6  22.1  16.3  11.6   7.5   5.2 
1981   2.1   3.1   5.5   9.7  15.0  22.0  24.4  22.6  19.5  15.2   6.9   6.2 
1982  -1.8  -4.3   2.4  13.7  17.4  18.9  21.0  21.5  18.5  11.3   5.2   2.6 
1983  -1.5   3.4   4.1  13.9  18.4  19.9  23.8  21.7  18.1  11.9   4.5   1.0 
1984   3.7  -1.0   5.5  11.3  18.1  20.0  23.4  19.7  19.4  11.9   5.8  -2.1 
1985  -1.2  -4.5   0.7  12.7  18.9  19.8  20.7  25.2  16.7  10.0   6.6   1.4 
1986   2.8  -2.2   4.0  14.4  14.8  21.0  23.8  25.2  19.2  11.0   3.5   1.5 
1987  -1.9   0.4   2.1   9.3  17.3  20.5  22.6  20.9  16.0   9.8   6.1  -0.5 
1988  -2.0  -1.0   6.2  12.7  15.5  20.8  23.5  22.2  17.6  12.0   2.9   1.1 
1989  -1.4   2.0   8.6  14.9  15.1  20.5  22.4  23.5  17.9  11.1   5.4   0.6 
