Number= 375490
Name= TBILISI
Country= GEORGIA
Lat=   41.7
Long=  -45.0
Height= 490
Start year= 1844
End year= 2007
First Good year= 1844
Source ID= 10
Source file= Jones+Anders
Jones data to= 1997
Normals source= Data
Normals source start year= 1961
Normals source end year= 1990
Normals=   1.8   3.2   6.9  12.8  17.4  21.3  24.6  23.7  19.5  13.5   8.2   3.9 
Standard deviations source= Data
Standard deviations source start year= 1941
Standard deviations source end year= 1990
Standard deviations=   2.1   2.5   1.8   1.7   1.2   1.2   1.4   1.2   1.5   1.6   1.3   1.6 
Obs:
1844 -99.0 -99.0 -99.0 -99.0  16.3  19.2  24.5  23.9  19.1  12.4   6.0  -1.3 
1845  -3.1   2.8   8.6  12.8  18.3  20.2  23.9  24.2  17.7  13.7   5.9   2.5 
1846   2.0   4.3   6.4  11.9  16.3  18.7  23.6  23.8  19.7  14.3   4.6   6.4 
1847  -0.7   4.9   5.3  12.8  15.7  21.6  25.7 -99.0 -99.0 -99.0 -99.0 -99.0 
1848  -1.2   1.0   8.0  12.5  17.7  21.8  26.1  25.0  19.1  14.3  10.2  -0.1 
1849   1.5   3.1   5.9  13.0  17.9  21.1  23.8  23.9  20.2  14.9   7.8   4.2 
1850   0.9   2.2   5.9  10.5  15.6  19.5  24.0  22.6  18.8  14.0   7.6   2.2 
1851   0.8   2.8   6.4  12.7 -99.0  21.7  25.1  26.2  21.2  13.3   7.7   1.1 
1852  -0.5   2.7   5.5  11.2  16.6  20.4  23.0  24.1  19.6  16.0   8.9   3.6 
1853   0.7   3.8   9.0  13.3  17.1  20.5  23.5  25.7  18.3  15.7   6.6   2.2 
1854   0.7   2.1   3.6   7.4  16.8  19.1  22.1  21.7  18.2  16.3   9.3   5.6 
1855   0.4   4.8   9.6  12.5  18.8  22.2  24.5  24.9  16.6  14.1   6.0   1.8 
1856   1.0   2.8   2.6   9.6  18.3  22.5  24.8  25.1  20.7  12.0   6.9   4.1 
1857   3.5  -0.3   4.4  11.6  17.4  21.2  23.2  22.5  18.0  12.5   5.2   0.7 
1858  -3.2   0.3   5.3  11.1  16.8  22.7  25.2  22.8  17.0  14.2   9.6   3.3 
1859  -2.0  -0.7   7.1  13.0  18.2  20.4  24.3  25.5  22.5  13.9   6.9   1.9 
1860   0.2   2.5   1.8  13.7  17.0  22.9  26.1  24.5  20.4  14.2   7.3   2.4 
1861  -0.8  -0.2   7.6   9.7  15.8  19.2  25.6  22.3  18.9  12.2   9.3   2.0 
1862  -1.3  -0.1   7.6  12.1  16.8  23.5  25.7  22.5  16.9   9.5   5.6  -0.6 
1863  -1.2  -0.5   7.0  10.0  17.4  20.9  25.2  22.7  19.6  12.4   7.6   0.8 
1864  -3.7  -0.9   8.5  13.3  16.6  22.5  22.9  25.2  21.3  14.7   8.6   1.9 
1865   3.7   5.3   7.8   9.6  16.2  20.9  24.7  24.2  18.9  15.4   8.0  -0.8 
1866   0.5   3.2   8.0  11.4  17.1  20.8  24.4  25.9  19.9  12.6   5.9   2.5 
1867   1.1   1.7   6.6  12.2  17.9  20.6  24.8  23.1  18.9  13.8   8.6   3.2 
1868   3.0   0.1   7.0  10.4  15.4  20.8  24.5  23.6  20.0  16.4   8.2   2.0 
1869  -0.4   1.8   8.1  10.8  18.9  23.3  23.8  25.1  19.7  14.1   8.2   2.5 
1870   1.5   0.5   9.3   9.0  18.8  19.8  22.5  25.9  20.3  12.8   7.9   4.6 
1871   1.8   1.6   4.4  13.3  17.9  22.2  25.7  25.7  18.7  15.2   7.1   4.2 
1872   0.5  -0.8   8.6  15.5  19.3  20.7  25.6  26.1  21.4  14.7   8.9   4.6 
1873   4.9   4.0   7.9  13.0  19.6  20.6  23.8  24.0  19.9  16.0   7.8   3.3 
1874   1.6   1.3   2.0  13.0  18.7  20.7  22.6  26.0  19.2  13.4   9.1   5.9 
1875   2.3   4.1   4.5  11.2  17.7  22.3  22.3  24.0  18.7  15.1   8.5   1.1 
1876 -99.0 -99.0 -99.0 -99.0 -99.0 -99.0 -99.0 -99.0 -99.0 -99.0 -99.0 -99.0 
1877 -99.0 -99.0 -99.0 -99.0 -99.0 -99.0 -99.0 -99.0 -99.0 -99.0 -99.0 -99.0 
1878 -99.0 -99.0 -99.0 -99.0 -99.0 -99.0 -99.0 -99.0 -99.0 -99.0 -99.0 -99.0 
1879 -99.0 -99.0 -99.0 -99.0 -99.0 -99.0 -99.0 -99.0 -99.0 -99.0 -99.0 -99.0 
1880 -99.0 -99.0 -99.0 -99.0 -99.0 -99.0 -99.0 -99.0 -99.0 -99.0 -99.0 -99.0 
1881   1.4   4.5   8.2  12.7  17.4  20.5  23.3  24.0  19.4  12.5   5.2  -0.1 
1882   0.2  -1.5   4.8  10.3  16.1  20.7  26.0  25.9  17.7  10.8   7.4   4.3 
1883  -3.3   0.7   6.4  11.0  18.2  21.6  26.2  24.4  19.1  14.8   7.2   3.3 
1884  -0.4   0.7   5.9  12.3  15.3  20.0  23.5  22.1  17.1  13.9   7.8   3.1 
1885  -2.1   3.5   5.8  11.2  20.0  21.6  25.1  22.6  19.2  14.3   7.4   3.1 
1886   1.4   0.6   6.8  10.0  17.4  21.0  22.0  22.7  17.0  12.3   6.0   3.4 
1887  -1.1   0.9   5.8  11.3  18.0  21.3  22.3  22.9  21.2  14.6   9.0   4.9 
1888   0.5   3.5   7.8  13.0  16.9  20.6  23.5  24.2  18.4  16.0   6.1   1.6 
1889  -4.1   4.2   7.6  12.4  17.2  19.6  25.2  23.7  21.0  14.1   6.0   1.9 
1890  -1.1   1.2   8.5  12.8  17.9  21.5  24.2  24.3  20.1  12.5   8.1   1.1 
1891   0.2   0.1   7.6  11.6  16.3  23.6  24.0  24.8  19.3  13.1   5.9   3.3 
1892   1.6   2.3   6.5  10.3  15.9  23.9  25.0  24.3  20.0  15.1   8.3   3.6 
1893  -2.1  -0.6   6.4   9.2  16.4  20.6  23.9  24.4  20.0  14.1   9.0   3.0 
1894  -2.0   1.7   5.5  10.3  17.8  19.7  23.0  25.2  17.9  13.4   6.4   1.9 
1895   0.3   4.7   7.0  10.9  15.4  20.1  23.2  23.2  17.0  13.8   6.6   4.6 
1896   2.1   1.4   7.0   9.3  14.8  19.2  22.4  25.0  19.7  12.3   5.4   2.4 
1897   1.3   2.1   5.5  12.2  18.0  22.4  24.6  24.4  20.9  15.2   4.5   0.8 
1898  -2.0   3.0   3.7  10.2  16.6  19.4  26.3  23.6  18.4  14.2   6.1   2.8 
1899   0.9   5.0   7.2  13.8  18.0  20.8  26.2  25.1  21.4  14.0   6.9   0.1 
1900   1.5   4.0   6.9  11.8  16.6  19.9  23.5  22.3  17.7  14.0   4.3   4.9 
1901   1.0   5.7   9.9  13.6  16.4  21.4  24.8  24.8  19.5  10.3   7.1   4.8 
1902   1.9   3.7   6.9  11.7  16.8  22.1  23.7  23.8  17.2  12.8   5.4   2.6 
1903   0.4   2.1   4.1  13.7  17.9  21.3  23.6  23.5  17.8  13.2   7.5   2.5 
1904  -3.0   5.0   7.0   9.6  15.2  20.2  23.6  24.2  19.2  13.5   7.9   1.6 
1905  -0.2   1.3   5.4  11.7  15.5  21.2  24.2  22.4  19.7  16.7   9.3   2.6 
1906   0.0   3.4   7.7  12.3  17.3  21.4  23.1  22.1  17.6  13.8   7.6   4.9 
1907   0.2   1.4   5.5  10.7  18.2  22.3  24.4  23.7  17.4  12.0   4.5   1.7 
1908   0.6   2.5   5.0  10.7  16.3  21.9  22.9  24.3  21.3  12.3   5.5   0.9 
1909  -1.1   2.7   8.1  11.0  19.0  19.5  26.1  23.2  20.8  14.6   9.3   4.1 
1910   2.8   4.3   6.4  12.5  17.1  21.4  25.6  24.1  18.8  14.0   8.2   0.4 
1911  -2.5  -1.2   4.2  11.1  17.0  19.9  24.9  24.1  18.0  11.7   8.2   2.6 
1912   1.6   4.7   8.3  10.6  14.9  22.0  22.9  23.7  22.4  13.2   8.7   2.3 
1913   0.8   1.4   6.5  11.0  16.2  19.5  24.6  25.7  20.7  12.7   8.4   3.0 
1914   2.5   5.1   9.9  11.3  16.5  19.8  24.8  23.6  18.2  13.1   5.3   2.7 
1915   5.7   4.3   7.7  10.9  15.0  19.3  23.1  22.7  18.6  13.2   9.1   6.5 
1916   2.3   1.0   7.9  13.4  17.9  21.3  24.9  23.3  18.1  13.2   7.8   4.7 
1917   3.2   2.3   8.9  16.9  15.3  20.3  25.5  23.7  19.9  13.4   9.9   2.9 
1918   2.7   3.1   6.9  10.9  15.8  20.4  24.4  24.5  22.2  16.5   7.2   2.9 
1919   3.1   4.2   6.9  13.9  14.7  19.1  23.0  23.1  20.5  16.8  10.1   3.4 
1920   2.0  -1.4   7.6  12.5  16.1  20.9  23.0  24.3  18.3  10.9   2.9  -3.6 
1921   2.0  -0.2   5.0  12.0  19.1  22.0  24.1  24.0  17.9  11.7   5.6   2.7 
1922   2.4   3.6   9.1  13.3  19.1  20.9  24.0  24.0  18.4  14.6   8.4   3.8 
1923   3.0   3.8   6.9   9.4  19.4  23.5  24.5  21.3  19.1  14.4   8.6   3.8 
1924   3.8   2.6   7.2  11.1  19.0  24.2  24.9  25.1  21.8  13.1   7.8   0.3 
1925  -2.0   1.7  10.1  11.1  19.0  21.0  24.0  26.4  20.8  13.2   8.7   4.9 
1926   2.5   3.1   7.2  12.3  17.6  21.1  23.3  24.4  17.6  13.9   7.8   4.7 
1927   0.0   0.2   7.2  12.2  17.6  23.9  24.4  25.2  20.9  17.7   8.7   2.4 
1928   0.0   0.2   2.3  14.3  17.5  20.5  24.2  22.1  20.1  12.3   9.3   4.4 
1929   0.1  -1.8   2.9  11.1  19.4  21.0  23.7  26.5  19.5  15.0   9.4   1.0 
1930   1.2   0.9   7.2  12.1  17.9  19.6  25.6  26.2  19.6  14.0   9.5   3.2 
1931  -1.5   0.8   8.3  10.3  16.0  21.4  24.7  23.7  21.3  13.8   6.3   0.5 
1932   0.4   0.7   6.5  13.3  16.9  22.7  22.4  24.4  18.9  16.3   6.7   1.5 
1933  -1.2   3.3   5.5  10.5  18.0  19.9  24.0  25.1  20.5  14.4   9.1   1.9 
1934  -1.5   3.3   7.7  10.7  17.4  21.0  24.3  23.4  19.0  14.7   8.8   1.9 
1935  -2.9   4.0   5.1  13.8  17.3  20.5  24.4  25.8  22.5  16.2   6.3   4.7 
1936   1.5   3.0   6.1  12.7  15.5  20.7  24.4  24.3  17.7  13.3   9.4   3.1 
1937  -1.0   3.4   7.2  11.6  16.3  18.8  25.8  25.3  22.8  15.6   9.2   4.9 
1938   3.1   2.9   4.5  12.5  17.8  20.9  26.0  25.0  20.8  14.7   8.4   4.5 
1939   2.6   3.9   5.0  11.9  19.0  22.4  24.4  23.2  19.1  13.6   7.8   4.0 
1940  -0.1   4.1   5.0  14.4  15.4  21.5  24.8  27.0  20.4  13.6   9.7   5.8 
1941   2.2   6.7   7.0  14.0  18.8  23.1  26.2  23.9  21.5  11.7   6.1   1.7 
1942   0.6   2.4   4.9  10.2  17.1  22.9  24.7  24.9  19.7  14.5   8.7   3.4 
1943   0.9   1.1   3.0  12.3  17.7  21.1  23.8  24.4  19.2  15.2   9.3   4.2 
1944   1.8   4.8   9.5  11.9  16.2  22.0  23.8  22.4  20.3  14.8   8.7   0.2 
1945   1.7   1.3   5.2  10.7  17.1  19.6  24.7  24.5  20.3  13.4   6.5   1.4 
1946   1.3   3.7   6.4  12.0  17.4  20.6  22.9  24.0  21.4  11.4   7.9   0.8 
1947   1.9   4.0  10.7  13.5  17.2  22.4  25.8  23.5  18.5  12.8   9.4   4.5 
1948   5.3   4.5   4.0  10.3  18.4  22.8  25.1  25.5  18.5  12.4   6.7   0.9 
1949  -0.9   1.2   4.8   9.8  17.7  23.0  26.4  23.1  18.3  11.6   8.9   2.9 
1950  -2.9   1.4   7.2  15.3  19.3  19.9  23.7  23.5  21.5  13.3   7.3   3.7 
1951   1.5   1.4   9.6  15.1  17.8  21.4  25.7  25.3  19.1  10.0   8.0   3.0 
1952   2.4   4.2   6.0  10.9  16.3  19.2  25.0  25.5  20.4  17.0   6.8   4.1 
1953   3.8   4.2   4.8  12.0  18.6  22.8  24.5  25.1  18.8  13.8   4.2   0.7 
1954   0.0   0.6   5.2  10.0  18.4  22.9  26.0  25.6  20.2  15.3   9.0   3.8 
1955   3.6   6.2   7.3  11.5  17.6  22.3  24.8  23.3  19.6  15.3   8.1   3.2 
1956   3.6   1.1   3.8  12.6  15.1  21.0  23.2  24.8  17.0  12.1   5.8   1.2 
1957   0.4   5.9   6.7  13.8  19.6  22.3  24.9  25.4  22.8  14.0   8.5   5.1 
1958   4.2   4.9   7.1  11.6  19.5  21.6  23.5  24.5  18.2  12.5   5.7   3.5 
1959   3.8   0.5   4.8  13.8  17.4  20.0  25.0  23.1  17.0  11.2   7.4   1.9 
1960   4.4   3.8   4.4  10.7  17.5  21.3  23.5  22.8  19.8  14.8   9.4   4.2 
1961   1.8   3.2   6.3  13.8  20.0  23.6  23.9  24.6  19.5  12.4   9.5   5.8 
1962   3.6   4.7   9.9  12.0  19.0  22.6  26.6  25.2  20.5  14.1   9.4   5.8 
1963   4.9   5.5   6.0  12.4  16.4  20.2  23.8  22.9  20.4  14.6   8.0   4.0 
1964  -0.4   3.0   7.6  11.8  17.6  22.8  23.4  22.3  20.4  14.6   8.8   2.8 
1965   2.2   4.1   8.9  11.0  18.6  21.4  25.1  23.9  18.4  10.8   8.9   6.6 
1966   7.2   9.8   9.0  14.0  16.1  21.2  26.7  26.0  18.3  15.2  10.3   6.2 
1967   2.5   1.4   6.3  10.7  18.1  20.1  22.7  23.6  18.1  15.0   8.5   3.5 
1968   1.9   3.1   6.3  12.7  19.3  19.8  24.3  22.5  20.3  14.1   9.3   3.1 
1969  -1.6  -1.8   4.9  11.4  17.2  22.9  22.6  23.3  18.7  12.4   7.7   6.1 
1970   3.5   5.6   7.6  15.0  18.0  20.9  25.3  22.4  18.5  11.8   9.4   3.2 
1971   1.9   2.9   8.5  11.4  18.4  20.1  29.1  24.1  22.4  13.1   8.8   2.8 
1972  -3.4  -1.9   4.9  15.5  16.8  21.2  24.5  24.2  16.1  15.9   9.1   1.4 
1973  -1.4   5.5   6.5  12.6  17.2  20.6  23.4  23.2  18.0  15.7   5.4   2.1 
1974  -0.3   1.3   6.3   9.4  17.4  21.6  22.8  22.8  17.5  16.0   8.7   3.9 
1975   2.5   1.4   6.5  15.2  17.5  23.6  26.5  24.3  19.7  12.6   6.8   3.1 
1976   1.6  -2.0   4.4  13.1  15.6  19.8  22.7  25.0  18.6  12.2   7.1   4.6 
1977  -2.0   5.8   7.9  13.7  18.0  21.0  23.7  24.1  19.3  10.4   8.5   2.0 
1978   2.0   9.5   8.8  10.6  16.1  19.0  24.7  22.1  21.1  14.6   5.7   4.2 
1979   1.9   4.5   9.0  12.8  18.1  20.1  23.5  25.9  21.6  13.9   8.5   4.3 
1980   0.7   2.5   5.6  12.5  17.3  21.7  26.0  23.4  16.6  12.6   9.9   5.9 
1981   4.6   5.1   7.8  11.3  15.4  21.6  24.4  23.1  20.3  15.4   7.5   6.1 
1982   1.7   1.6   5.7  14.4  17.3  20.6  22.6  22.3  19.8  13.1   6.5   2.0 
1983   1.0   4.0   6.1  14.6  18.2  20.3  25.2  22.5  18.0  12.7   8.1   3.6 
1984   3.7  -0.9   6.9  12.4  16.5  20.9  25.5  22.1  21.3  14.1   8.2   1.0 
1985   3.0   1.2   5.1  14.1  19.3  21.9  21.9  24.9  19.9  12.5   9.4   3.1 
1986   3.0   3.0   5.2  14.2  15.0  21.0  25.2  25.9  22.3  13.7   7.6   3.3 
1987   3.6   4.5   4.8  10.3  18.5  21.9  25.2  23.0  18.2  11.2   7.2   3.5 
1988   1.6   1.9   7.2  13.7  15.6  21.3  24.8  22.8  18.8  14.1   6.6   4.8 
1989   1.0   2.4   9.7  16.3  18.0  22.3  25.8  25.6  20.1  13.4   8.0   3.9 
1990   2.5   4.3   8.2  12.3  15.8  21.8  25.2  22.9  20.9  14.0   9.6   4.4 
1991   2.5   1.6   6.7  13.9  16.0  18.8  22.6  25.2  20.0  14.4   8.6   2.3 
1992   0.3   0.8   6.8  11.3  15.4  20.3  23.1  23.3  14.6  12.6   6.6   2.3 
1993   0.3   1.2   6.9  11.5  16.1  20.0  23.3  23.8  19.5  12.8   3.5   3.2 
1994   3.2   0.1   7.4  13.6  17.1  20.7  29.9  23.2  22.5  14.7   8.4   0.6 
1995   3.5   5.3   7.9  13.3  19.2  23.2  24.8  25.0  21.2  12.7   8.3   2.8 
1996   1.0   2.7   5.2  10.5  19.1  19.9  25.6  25.2  19.9  14.9   7.8   6.6 
1997   3.9   2.8   4.7  12.0  18.8  22.2  24.1  25.3  16.9  15.6   7.3   3.9 
1998   1.9   2.3   6.9  16.2  18.4  24.7  25.5  26.2  20.5  15.3   9.5   5.0 
1999   4.2   5.2   7.8  12.7  15.5  21.9  25.7  27.5  19.7  14.5   7.0   5.5 
2000   1.1   3.8   6.2  16.2  16.9  22.2  28.0  25.9  21.1  12.8   7.1   5.0 
2001 -99.0 -99.0 -99.0 -99.0 -99.0 -99.0 -99.0 -99.0 -99.0 -99.0 -99.0 -99.0 
2002 -99.0 -99.0 -99.0 -99.0 -99.0 -99.0 -99.0 -99.0 -99.0 -99.0 -99.0 -99.0 
2003 -99.0 -99.0 -99.0 -99.0 -99.0 -99.0 -99.0 -99.0 -99.0 -99.0 -99.0 -99.0 
2004 -99.0 -99.0 -99.0 -99.0 -99.0 -99.0 -99.0 -99.0 -99.0 -99.0 -99.0 -99.0 
2005 -99.0 -99.0 -99.0 -99.0 -99.0 -99.0 -99.0 -99.0 -99.0 -99.0 -99.0 -99.0 
2006 -99.0 -99.0 -99.0 -99.0 -99.0 -99.0 -99.0 -99.0 -99.0 -99.0 -99.0 -99.0 
2007 -99.0 -99.0 -99.0 -99.0 -99.0 -99.0 -99.0 -99.0 -99.0 -99.0 -99.0 -99.0 
