Number= 377890
Name= YEREVAN
Country= ARMENIA
Lat=   40.1
Long=  -44.5
Height= 888
Start year= 1885
End year= 2010
First Good year= 1885
Source ID= 37
Source file= Jones
Jones data to= 1990
Normals source= Data
Normals source start year= 1961
Normals source end year= 1990
Normals=  -3.5  -1.1   5.8  12.6  17.5  21.9  26.0  25.2  20.7  13.2   6.5   0.2 
Standard deviations source= Data
Standard deviations source start year= 1941
Standard deviations source end year= 1990
Standard deviations=   3.9   3.6   2.5   1.7   1.3   1.3   1.2   1.0   1.3   1.7   1.8   3.0 
Obs:
1885 -99.0 -99.0 -99.0 -99.0 -99.0  20.8  24.1  24.6  20.4 -99.0   7.9  -3.0 
1886  -8.8  -1.8   6.5   9.6  19.1  22.2  24.3  23.9  18.4  12.6   5.4  -0.9 
1887  -9.0 -10.6 -99.0  11.4  18.4  23.2  23.5  24.5  21.4  14.8   8.5   1.7 
1888 -99.0  -0.7   6.5  12.8  17.6  21.2  24.3  24.3  18.4  15.5   4.2  -0.1 
1889  -6.1   2.2   8.0  12.6  18.1  20.6  26.6  24.7  21.6  13.9   5.6  -2.5 
1890  -9.3  -4.2   7.0  13.2  17.8  22.8  24.7  24.5  19.7  12.8   7.2  -0.9 
1891  -5.7  -7.2   4.2  12.2  16.8  23.0  24.5  25.3  19.3  12.9   4.4  -0.7 
1892  -3.8  -2.7   6.1  10.9  15.6  24.3  25.7  25.0  20.3  14.3   7.3   1.0 
1893  -3.5 -10.2   4.3  10.7  18.4  23.3  25.5  26.3  21.3  14.2   8.6   0.2 
1894 -10.6  -6.3   4.2  10.8  17.9  22.2  24.6  25.8  18.8  13.7   6.0   1.4 
1895 -99.0   1.4   5.5  11.9  16.5 -99.0 -99.0 -99.0 -99.0  14.1   5.1   4.2 
1896   0.3  -1.2   6.3 -99.0  14.4  19.6 -99.0  25.7  21.0  11.9   4.2  -0.2 
1897  -7.9  -9.7  -2.4  10.8  17.9 -99.0 -99.0 -99.0 -99.0 -99.0   2.9  -1.6 
1898 -11.1  -0.8   3.4  11.0  16.3  19.1  26.9  25.4  19.3  14.4   5.6  -0.8 
1899  -5.0   2.8   6.3  15.1  19.3 -99.0 -99.0  27.6  23.8  14.7   6.6  -2.0 
1900 -99.0 -99.0 -99.0 -99.0 -99.0 -99.0 -99.0 -99.0 -99.0 -99.0 -99.0 -99.0 
1901  -6.1  -4.1  10.5  16.5  17.7 -99.0 -99.0 -99.0 -99.0  11.5   6.9   4.4 
1902  -0.6   2.6   6.0  12.4  18.7 -99.0 -99.0 -99.0 -99.0 -99.0 -99.0 -99.0 
1903  -6.1  -4.1  -0.5  14.2  18.4 -99.0 -99.0 -99.0 -99.0 -99.0 -99.0 -99.0 
1904 -99.0 -99.0 -99.0 -99.0 -99.0 -99.0 -99.0 -99.0 -99.0  14.5   8.4  -2.0 
1905  -6.5  -6.7   1.4  12.6  16.8 -99.0 -99.0 -99.0 -99.0  15.0   9.4 -99.0 
1906  -9.5  -2.4   5.0 -99.0 -99.0  21.7  23.7  24.2  19.6 -99.0 -99.0 -99.0 
1907  -2.2  -1.7 -99.0 -99.0 -99.0 -99.0 -99.0 -99.0 -99.0 -99.0   0.0  -0.7 
1908 -99.0  -5.0   1.7  10.5  16.8  22.6  25.0  25.6  22.4  12.4   4.7  -3.1 
1909  -6.8  -2.5   5.7  11.4  19.3  19.7  26.9  23.1  20.5  14.9   9.4   1.4 
1910   0.1   3.4   5.2  11.5  16.6  21.9  25.7  24.7  19.6  13.8   7.3  -5.5 
1911 -10.3  -6.0   2.4  10.3  16.4  20.3  25.3  24.2  18.3  11.4   7.5   1.0 
1912   0.1   4.9   7.7  12.3  15.7  22.9  23.8  23.6  22.4  14.4   7.5  -1.8 
1913  -7.6  -8.4  -3.0  10.3  16.3  21.4  26.0  26.1  20.6  12.5   7.0   0.6 
1914  -0.7   0.6   8.4  11.2  15.5  19.9  25.7  24.3  19.5  13.1   5.0  -1.3 
1915  -1.4   1.4   8.3  10.7  16.3  20.0  23.3  24.7  20.7  13.8   8.0   1.6 
1916  -0.3   1.1   7.3  12.8  18.2  21.8  25.6  25.6  18.2  13.7   6.9   4.0 
1917   0.1   0.6   7.1  17.2  16.8  21.8  26.6  23.8  20.7  13.2   8.4  -0.5 
1918  -4.8  -0.8   5.5  11.7  17.1  22.1  26.6  26.1  23.0  17.2   7.6   0.6 
1919 -99.0 -99.0 -99.0  14.5 -99.0 -99.0 -99.0 -99.0 -99.0 -99.0 -99.0 -99.0 
1920  -0.2  -8.0   4.2  12.6  16.7  21.3  22.3  25.0  20.2  12.6   2.7  -3.3 
1921  -7.3  -5.1   1.3  11.7  18.0  20.9  25.0  24.3  20.2 -99.0   6.9   0.5 
1922  -2.0   1.2   6.9  13.5  19.2  22.1  25.2  24.7  19.9  16.1   7.2  -2.3 
1923  -3.6  -0.9   4.7   9.3  18.4  22.7  26.8 -99.0  20.1  13.5   7.1   3.6 
1924   3.2   1.7   6.9  10.9  17.8  22.9  25.0  26.3  21.9  13.7   7.5  -1.2 
1925 -10.1  -3.5   9.9  11.4  19.0  22.0  25.5  27.5  22.0  12.7   7.8   3.7 
1926  -2.8   1.4   5.8  10.5  17.8  21.4  23.7  26.3  18.7  13.8   7.3   1.0 
1927  -2.9  -7.1   2.7  11.7  18.7  23.8  25.4  26.2  21.8  16.5   6.9  -5.4 
1928 -10.8  -7.4  -2.2  14.7  18.1  21.8  24.2  22.8  21.3  12.1   7.5   0.5 
1929  -7.1  -7.8  -2.3  13.0  19.2  20.6  24.7  26.6  19.9  14.1   8.0   1.5 
1930  -0.3   1.0   7.1  13.5  18.2  21.1  26.6  26.8  20.9  12.7   9.0   2.0 
1931  -3.8  -3.5   6.1  11.9  15.9  21.6  25.8  24.9  21.8  13.2   5.4  -6.8 
1932  -9.4  -4.2   5.3  13.2  16.9  23.9  23.9  25.6  18.5  16.5   4.1  -9.5 
1933 -12.5  -9.2  -2.6   8.5  18.6  19.5  25.5  26.6  21.1  13.6   7.6  -2.3 
1934  -8.0  -6.5   3.4  11.2  17.0  22.3  26.0  24.5  19.6  14.4   6.9  -0.5 
1935  -4.9  -0.6   4.0  13.1  19.1  21.6  26.4  27.7  23.1  15.2   6.2   3.3 
1936  -2.7   2.4   5.3  12.9  15.6  20.4  24.9  24.7  18.0  12.9   8.2  -1.2 
1937  -6.8  -4.3   7.1  12.5  16.0  19.5  26.3  25.8  22.5  14.3   8.0   0.6 
1938  -1.9   0.2   2.3  12.8  16.8  21.3  25.2  24.8  19.2  12.1   6.0   3.4 
1939  -0.1   1.4   5.3  11.4  19.2  22.2  23.8  23.7  19.3  14.3   6.0   0.0 
1940  -2.1   1.5   3.4  14.1  16.4  21.3  25.4  27.0  20.3  13.5   8.0   3.7 
1941  -3.4   1.6   6.7  13.0  19.9  23.8  26.3  23.7  21.8  11.0   4.9  -7.2 
1942  -5.3  -2.2   1.3  10.5  18.5  22.6  26.4  25.9  19.9  13.6   8.2  -0.4 
1943  -0.7  -0.9   0.3  10.4  17.8  21.5  24.7  25.8  19.1  15.3   8.2   2.4 
1944  -6.1  -3.0   8.2  12.0  16.8  22.0  25.9  23.8  20.9  14.6   7.2  -0.9 
1945  -2.0  -2.8   2.4  11.0  16.7  19.9  25.0  25.0  20.0  15.9   5.3   1.2 
1946  -3.9  -1.9   5.3  11.5  17.2  20.0  23.4  23.9  21.3  10.0   6.4  -1.5 
1947  -2.4  -2.6   9.4  13.4  16.6  21.6  25.8  24.4  19.2  12.6   8.7   1.9 
1948   0.1   2.9   2.5  10.0  17.0  22.7  26.9  26.0  19.6  11.8   2.2  -2.4 
1949  -7.4  -6.7   0.1   9.0  18.0  24.7  28.1  25.0  19.5  12.5   6.4  -0.9 
1950  -9.1  -7.5   4.1  14.9  18.4  20.5  24.4  24.6  21.9  12.9   6.0  -0.9 
1951  -2.1  -4.8   7.8  14.1  17.7  21.9  26.2  25.7  19.1   9.4   7.0  -0.6 
1952  -3.2   1.2   5.2  11.9  17.4  19.9  26.1  26.7  21.2  16.5   6.0   1.5 
1953  -0.7   2.5   3.5  12.5  18.2  21.5  24.5  26.4  20.3  13.8   3.5 -11.4 
1954  -8.0  -3.3   4.5  10.8  17.9  22.1  26.1  26.5  20.8  15.2   7.7   1.4 
1955   1.0   5.0   8.0  13.4  17.9  22.9  25.6  24.6  20.8  15.6   7.5   1.5 
1956  -2.1   2.1   3.1  10.7  15.2  21.7  24.8  25.7  17.3  12.3   4.7  -7.1 
1957 -12.0  -6.3   5.1  13.7  16.7  20.7  24.7  26.0  22.7  13.5   7.2   0.9 
1958   1.2   1.7   8.2  12.6  19.1  21.6  24.4  25.1  20.0  12.8   4.1  -4.7 
1959  -3.9  -2.7   4.1  14.5  17.6  20.9  25.8  24.0  18.1  10.9   6.7  -1.0 
1960   0.4   2.7   4.7  10.6  19.1  21.3  24.4  23.5  21.3  14.1   7.6   0.5 
1961  -1.6  -0.2   3.8  12.9  20.2  23.8  26.5  25.5  18.8  12.6   8.3   1.0 
1962  -5.0   0.6   9.1  11.4  19.2  22.1  28.0  25.6  20.5  13.9   7.9   3.6 
1963   4.3   3.7   4.9  11.7  15.6  20.2  25.2  23.6  20.2  14.4   6.3  -0.7 
1964 -13.5  -4.3   4.7  10.5  18.1  22.6  25.5  23.8  20.3  12.6   7.1  -2.2 
1965  -6.0  -3.8   6.6  10.3  18.4  21.2  25.2  25.8  19.8   9.9   5.7   0.4 
1966   5.7   4.9   8.6  13.2  16.1  22.6  26.9  27.2  19.9  14.4   8.6   3.4 
1967  -0.8  -4.2   4.9  10.8  17.4  20.0  24.0  24.9  19.2  14.3   7.3   0.8 
1968  -4.1  -3.3   5.8  13.6  18.4  19.6  26.1  24.3  21.2  15.4   8.9   0.6 
1969  -4.3  -6.5   4.9  11.1  18.2  22.6  24.3  25.5  19.4  12.5   4.8   3.1 
1970   1.1   4.5   7.9  15.6  18.6  22.7  25.7  24.7  20.5  13.1   9.9  -0.7 
1971  -5.8  -1.1   9.1  12.7  18.7  21.2  27.2  24.6  23.5  12.1   6.5  -1.7 
1972  -9.1 -10.4   1.4  14.5  15.2  21.3  26.4  24.9  21.1  15.7   5.5  -2.0 
1973  -7.5  -3.3   4.7  11.6  17.0  20.8  24.7  26.1  20.4  14.8   2.1  -4.2 
1974  -7.2  -5.9   5.5   9.5  18.6  22.7  24.3  23.2  17.7  15.4   7.3   0.7 
1975  -2.7  -0.6   5.2  15.5  16.5  23.2  27.3  25.7  20.0  12.0   6.0  -3.5 
1976  -1.1  -3.9   5.0  12.3  16.4  21.2  24.5  27.1  19.9  12.9   5.3   2.4 
1977  -7.9  -1.6   6.6  13.3  17.3  22.2  25.0  25.3  21.0   9.8   6.9  -0.9 
1978  -2.4   1.6   8.1  11.0  15.8  19.0  26.4  24.9  22.0  14.3   2.7   2.0 
1979   0.6   4.9   7.6  13.9  18.0  20.5  25.5  27.3  23.2  12.8   6.9   1.5 
1980  -3.4  -1.0   5.7  12.1  18.4  23.5  28.2  25.0  20.0  12.8   7.9   2.9 
1981   0.5   4.3   8.1  10.6  15.1  21.6  26.5  25.2  21.7  14.8   4.7   3.5 
1982  -2.8  -2.1   3.9  14.1  17.4  21.5  25.3  24.1  20.9  12.2   3.2  -5.7 
1983  -9.9  -3.8   5.2  13.5  17.8  21.1  26.6  24.9  19.8  12.9   8.5   1.1 
1984   0.0  -0.9   7.6  12.7  15.1  22.4  27.1  24.4  22.3  13.0   7.3  -3.2 
1985  -3.8  -2.0  -1.4  14.5  19.3  23.7  24.3  25.7  21.5  12.5   8.7  -1.1 
1986  -2.6   1.6   5.0  14.6  15.0  21.1  27.1  26.8  23.4  13.5   5.7   0.1 
1987   2.4   3.4   4.2  10.9  19.7  24.1  26.5  24.8  20.0  10.4   4.9   1.0 
1988  -4.4   0.8   6.3  13.0  16.0  20.6  25.0  23.5  19.9  13.7   5.1   1.6 
1989  -6.6  -2.2   9.5  16.5  19.3  23.8  28.0  26.9  21.0  13.7   7.8   1.5 
1990  -7.0  -1.4   6.4  11.3  17.3  22.8  27.1  25.0  21.9  13.3   7.4   1.2 
1991 -99.0 -99.0 -99.0 -99.0 -99.0 -99.0 -99.0 -99.0 -99.0 -99.0 -99.0 -99.0 
1992 -99.0 -99.0 -99.0 -99.0 -99.0 -99.0 -99.0 -99.0 -99.0 -99.0 -99.0 -99.0 
1993 -99.0 -99.0 -99.0 -99.0 -99.0 -99.0 -99.0 -99.0 -99.0 -99.0 -99.0 -99.0 
1994 -99.0 -99.0 -99.0 -99.0 -99.0 -99.0 -99.0 -99.0 -99.0 -99.0 -99.0 -99.0 
1995 -99.0 -99.0 -99.0 -99.0 -99.0 -99.0 -99.0 -99.0 -99.0 -99.0 -99.0 -99.0 
1996 -99.0 -99.0 -99.0 -99.0 -99.0 -99.0 -99.0 -99.0 -99.0 -99.0 -99.0 -99.0 
1997 -99.0 -99.0 -99.0 -99.0 -99.0 -99.0 -99.0 -99.0 -99.0 -99.0 -99.0 -99.0 
1998 -99.0 -99.0 -99.0 -99.0 -99.0 -99.0 -99.0 -99.0 -99.0 -99.0 -99.0 -99.0 
1999 -99.0 -99.0 -99.0 -99.0 -99.0 -99.0 -99.0 -99.0 -99.0 -99.0 -99.0 -99.0 
2000 -99.0 -99.0 -99.0 -99.0 -99.0 -99.0 -99.0 -99.0 -99.0 -99.0 -99.0 -99.0 
2001 -99.0 -99.0 -99.0 -99.0 -99.0 -99.0 -99.0 -99.0 -99.0 -99.0 -99.0 -99.0 
2002 -99.0 -99.0 -99.0 -99.0 -99.0 -99.0 -99.0 -99.0 -99.0 -99.0 -99.0 -99.0 
2003 -99.0 -99.0 -99.0 -99.0 -99.0 -99.0 -99.0 -99.0 -99.0 -99.0 -99.0 -99.0 
2004 -99.0 -99.0 -99.0 -99.0 -99.0 -99.0 -99.0 -99.0 -99.0 -99.0 -99.0 -99.0 
2005 -99.0 -99.0 -99.0 -99.0 -99.0 -99.0 -99.0 -99.0 -99.0 -99.0 -99.0 -99.0 
2006 -99.0 -99.0 -99.0 -99.0 -99.0 -99.0 -99.0 -99.0 -99.0 -99.0 -99.0 -99.0 
2007 -99.0 -99.0 -99.0 -99.0 -99.0 -99.0 -99.0 -99.0 -99.0 -99.0 -99.0 -99.0 
2008 -99.0 -99.0 -99.0 -99.0 -99.0 -99.0 -99.0 -99.0 -99.0 -99.0 -99.0 -99.0 
2009 -99.0 -99.0 -99.0 -99.0 -99.0 -99.0 -99.0 -99.0 -99.0 -99.0 -99.0 -99.0 
2010 -99.0 -99.0 -99.0 -99.0 -99.0  24.4  27.0  26.5  23.6  15.2   9.0   4.9 
