Number= 800220
Name= CARTAGENA/NUNEZ A
Country= COLOMBIA
Lat=   10.5
Long=   75.5
Height= 2
Start year= 1951
End year= 2011
First Good year= 1951
Source ID= 30
Source file= Jones+Anders
Jones data to= 1991
Normals source= Data
Normals source start year= 1961
Normals source end year= 1990
Normals=  26.6  26.7  27.0  27.5  28.1  28.2  28.1  28.0  28.0  27.6  27.6  27.0 
Standard deviations source= Data
Standard deviations source start year= 1951
Standard deviations source end year= 1990
Standard deviations=   0.6   0.5   0.6   0.5   0.4   0.5   0.4   0.5   0.4   0.4   0.4   0.6 
Obs:
1951  26.6  26.9  26.6  28.8  28.9  29.1  28.6  28.8  29.0  28.5  28.5 -99.0 
1952  27.9 -99.0  28.3  28.7  29.0  28.6  28.8  28.9  28.4  28.7  28.4  27.8 
1953  27.8  27.2  26.9  28.2  28.6  28.8  28.8  29.3  28.5  28.5  28.4  28.4 
1954  27.6  27.5  28.0  28.1  28.5  28.3  27.9  28.2  28.1  27.1  27.6  28.0 
1955  27.7  27.8  27.1  27.6  28.2  27.7  27.7  27.7  27.6  26.6  27.5  28.0 
1956  27.1  27.2  27.2  28.1  27.8  27.6  28.0  28.1  27.9  27.3  27.2  27.5 
1957  26.7  26.5  27.1  27.8  28.1  28.8  28.6  28.7  28.6  28.0  28.8  27.7 
1958  27.7  26.9  28.0  28.5  28.3  28.8  28.3  28.3  28.6  28.1  27.8  27.1 
1959  26.6  25.6  26.7  27.4  27.7  27.6  27.8  27.6  28.0  27.4  27.4  27.7 
1960  26.0  26.7  26.4  27.1  27.8  27.7  27.1  27.2  27.7  27.0  27.0  26.2 
1961  26.7  26.0  26.6  27.4  27.9  27.9  27.6  27.9  27.6  27.3  26.7  27.2 
1962  26.4  26.2  26.8  26.9  27.4  27.3  28.0  27.7  27.8  27.6  27.8  27.6 
1963  26.8  26.7  27.0  27.7  27.8  28.2  28.3  28.2  28.1  28.0  27.6  27.7 
1964  27.2  26.8  26.8  27.1  27.8  27.4  27.6  27.5  27.5  27.0  27.6  26.3 
1965  26.0  26.5  26.6  26.8  27.7  28.2  28.2  28.0  28.1  27.9  27.4  27.4 
1966  27.6  27.2  26.6  27.9  27.9  27.9  28.3  28.3  27.9  27.4  27.4  27.1 
1967  26.5  26.4  26.3  27.0  27.5  27.6  27.7  28.0  27.8  27.6  27.7  27.1 
1968  26.1  26.6  26.8  27.4  28.3  28.0  28.8  28.5  28.2  27.7  28.2  27.4 
1969  27.3  27.0  28.3  28.3  29.3  29.0  29.1  28.0  28.1  27.5  27.5  27.8 
1970  27.4  27.6  27.8  28.4  28.2  29.0  28.4  28.1  28.0  27.8  27.9  27.9 
1971  27.1  27.3  27.7  27.8  27.7  28.3  27.6  27.4  27.0  27.5  27.6  26.3 
1972  26.4  26.7  27.1  27.4  28.4  28.6  28.8  28.1  28.5  28.2  27.9  27.4 
1973  27.2  26.9  27.9  28.1  28.3  28.0  28.3  27.9  27.9  27.7  27.0  26.5 
1974  26.0  25.8  26.5  27.1  27.8  28.1  27.8  28.0  27.3  27.1  27.1  26.7 
1975  26.0  25.9  26.7  26.7  27.9  28.2  27.4  27.6  27.3  27.1  27.1  26.2 
1976  25.7  26.0  26.0  27.1  28.0  28.0  27.9  28.1  28.2  27.8  27.9  26.7 
1977  26.6  26.8  26.8  27.3  28.0  28.3  28.0  28.2  28.3  28.2  28.2  27.7 
1978  26.8  27.5  27.5  28.0  28.2  28.3  28.2  28.4  28.0  27.7  27.8  26.8 
1979  26.5  27.0  27.3  27.6  28.3  28.3  28.5  28.3  28.1  27.6  27.8  27.5 
1980  27.0  26.8  26.7  27.9  28.7  28.7  28.3  28.5  28.5  27.6  27.6  27.2 
1981  27.1  27.0  27.9  27.8  28.2  28.2  28.6  27.9  28.2  27.7  28.0  27.6 
1982  26.6  26.9  26.7  27.6  28.1  28.6  28.0  28.4  28.2  27.6  27.7  27.0 
1983  27.2  27.0  28.1  28.1  28.8  29.1  28.7  28.6  28.4  27.8  28.0  27.3 
1984  26.8  27.2  27.2  27.5  27.7  28.0  27.4  27.3  27.4  27.4  27.3  26.0 
1985  25.4  26.2  26.2  26.7  27.9  28.2  28.0  27.6  27.8  27.7  27.3  26.3 
1986  26.1  26.2  26.8  27.4  28.0  28.0  27.8  27.9  28.0  27.1  27.5  26.5 
1987  26.7  27.2  27.3  28.0  28.0  29.1  28.3  28.6  28.2  27.8  28.1  27.6 
1988  26.1  26.8  26.8  27.6  28.7  28.0  28.1  27.5  28.0  27.9  27.6  26.3 
1989  25.8  25.8  26.8  27.1  27.6  27.7  28.1  28.3  27.8  27.9  27.8  26.5 
1990  26.4  25.9  26.4  27.3  28.2  28.5  28.3  28.4  28.3  27.6  28.0  27.0 
1991  26.3  26.5  27.2  27.6  28.1  28.6  28.0  28.5  28.3  27.9  27.7  26.4 
1992  26.3  26.7  26.7  27.8  28.3  28.7  27.8  28.0  27.8  28.0  27.8  27.2 
1993  27.0  27.1  27.4  28.0  28.4  28.7  28.2  28.4  28.2  28.4  27.7  27.8 
1994  25.4  26.3  26.9  27.2  28.1  28.5  27.9  28.3  28.5  27.8  27.6  26.9 
1995  27.1  26.9  27.5  28.1  28.2  27.8  28.2  28.0  28.8  27.9  28.1  27.6 
1996  27.2  27.3  27.3  27.7  27.9  28.3  27.9  28.0  28.1  27.7  27.5  26.6 
1997  26.7  27.0  26.3  27.2  28.1  28.2  28.5  28.7  28.8  28.5  27.9  27.9 
1998  27.5  27.9  27.5  28.5  28.7  27.9  28.5  28.7  28.5  28.3  28.0  27.3 
1999  26.8  26.3  27.2  27.8  27.9  28.0  28.1  27.5  28.1  27.2  27.5  27.1 
2000  26.1  26.5  26.5  27.3  27.9  27.9  27.7  28.3  27.7  28.0  27.8  27.4 
2001  26.8  25.6  26.8  27.2  28.2  28.1  28.2  28.9  28.6  28.0  27.8  27.8 
2002  27.5  26.7  27.1  27.7  28.5  28.7  28.3  28.7  28.6  28.4  28.2  27.8 
2003  27.4  27.5  27.5  28.1  28.8  28.2  28.1  28.6  28.6  28.0  28.3  27.6 
2004  26.7  27.1  27.1  28.0  28.2  28.6  28.1  28.6  28.0 -99.0  27.5  27.2 
2005  27.2  27.3  28.3  28.7  28.7  29.2  29.1  28.8  28.9  28.1  27.6  27.4 
2006  27.3  27.1  27.3  28.0  28.7  28.7  28.7  28.9  28.8  28.8  28.2  28.0 
2007  25.7  27.5  27.7  28.2  28.2  29.0  28.7  28.2  28.5  27.5  27.9  27.5 
2008  26.7  26.9  27.0  27.9  28.1  28.5  28.2  28.2  28.4  28.1  27.5  27.4 
2009  26.9  27.0  26.9  27.9  28.5  28.6  28.9  29.0  29.3  28.6  28.7  28.2 
2010  27.5  27.9  28.8  28.9  29.1  28.8  28.5  28.5  28.3  28.2  27.0  27.2 
2011  27.4  27.1  27.3  28.0  28.5 -99.0 -99.0 -99.0 -99.0 -99.0 -99.0 -99.0 
