Number= 803080
Name= LA FLORIDA
Country= COLOMBIA
Lat=    2.5
Long=   76.6
Height= -999
Start year= 1951
End year= 1960
First Good year= 1951
Source ID= 10
Source file= Jones
Jones data to= 1960
Normals= -99.0 -99.0 -99.0 -99.0 -99.0 -99.0 -99.0 -99.0 -99.0 -99.0 -99.0 -99.0 
Obs:
1951  16.6  16.9  17.6  17.4  17.6  17.5  17.1  17.9  17.4  17.2  16.5  16.5 
1952  16.7  16.9  16.8  16.7  16.4  16.2  16.9  17.7  17.8  17.7 -99.0  17.2 
1953  17.0  17.1  17.6  17.3  17.0  17.2  17.7  18.9  17.2  16.5  16.9  17.3 
1954  17.1  17.0  17.4  17.1  17.2  16.8  17.0  17.6  17.9  16.0  16.2  16.9 
1955  16.6  17.2  17.1  17.1  17.2  16.8  16.7  17.0  17.4  16.5  16.5  16.4 
1956  17.2  17.0  17.4  17.1  16.9  16.6  16.7  17.3  17.1  16.0  16.6  16.5 
1957  17.0  17.5  16.8  17.2  17.5  17.7  17.6  18.3  18.3  17.2  17.0  17.1 
1958  17.5  17.8  17.9  17.6  17.9  18.1  18.5  17.4  18.5  17.0  16.9  17.3 
1959  17.6  17.6  17.5  17.2  17.0  16.7  17.5  17.3  18.0  17.1  16.8  17.0 
1960  16.9  17.0  17.2  17.4  17.5  17.5  17.1  17.8  17.4  17.3 -99.0  17.2 
