Number= 804160
Name= CARACAS/LA CARLOTA
Country= VENEZUELA
Lat=   10.5
Long=   66.9
Height= 835
Start year= 1964
End year= 2011
First Good year= 1964
Source ID= 10
Source file= Jones+Anders
Jones data to= 2001
Normals source= Data
Normals source start year= 1964
Normals source end year= 1990
Normals=  20.2  20.8  21.7  22.7  23.1  22.6  22.2  22.3  22.7  22.4  22.0  20.8 
Standard deviations source= Data
Standard deviations source start year= 1964
Standard deviations source end year= 1990
Standard deviations=   1.1   0.8   1.0   0.9   0.6   0.9   0.9   0.6   0.9   0.8   0.9   1.0 
Obs:
1964 -99.0 -99.0  22.0  22.3  23.6  21.9  21.9  22.1  22.2  22.0  21.9  20.1 
1965  20.6  20.3  21.3  21.4  23.0  21.6  21.9  22.0  22.6  22.5  21.9  21.1 
1966  21.5  21.0  21.7  23.0  23.3  22.3  22.1  22.2  22.5  22.3  21.9  20.3 
1967  19.7  20.0  20.1  21.8  22.5  22.5  21.6  21.9  22.5  22.4  21.2  20.4 
1968  19.6 -99.0  20.8  21.9  22.5  21.9  21.6  22.2  22.5  22.5  21.8  20.8 
1969  20.7  21.1  22.8  23.5  23.9  23.4  22.2  22.5  22.8  22.0  22.1  21.8 
1970  20.8  20.0  20.9  22.7  23.2  22.4  22.1  22.5  24.8  22.8  21.6  21.4 
1971  20.0  20.4  21.0  22.0  22.6  21.6  21.6  21.8  21.2  21.8  21.2  22.1 
1972  20.0  20.9  21.8  22.0  22.9  24.0  22.5  22.8  23.4  23.8  22.4  21.5 
1973  22.0  21.7  22.6 -99.0  22.3  24.0  23.7 -99.0  22.4  22.9  21.2  19.4 
1974  19.1  20.3  20.8  21.7  22.9  23.3  22.4  22.1  23.9  22.5  22.2 -99.0 
1975  20.2  20.1  21.8  21.9  23.0  23.1  21.9  22.4  22.4  21.3  20.0  18.5 
1976  17.4  19.0  20.2  22.7  23.0  21.7  20.2  20.8  22.1  21.0  21.0 -99.0 
1977  19.8  20.6 -99.0 -99.0  22.5  21.8  21.8  22.5  23.0  22.9  22.9  20.7 
1978  20.5  22.4  23.2  23.0  23.2  21.8  22.1  22.0  23.1  22.8  22.8  20.8 
1979  20.2  21.7  23.3  24.2  25.5  24.7  25.4  23.2  23.7  22.3  22.5  21.9 
1980  21.2  20.7  22.0  24.8  23.9  23.7  23.5  22.9  23.6  23.2  23.2  21.6 
1981  21.5  22.1  22.5  22.4  23.1  22.7  22.2  22.5  22.7  22.8  23.1  22.3 
1982  21.2  21.5  21.5  22.4  22.7  22.3  22.3  22.5  23.2  22.8  22.5  21.4 
1983  21.6  22.2  23.9  23.8  23.4  23.3  22.8  23.0  23.2  22.8  23.0  22.1 
1984  21.2  21.8  22.4  23.3  22.9  23.4  22.4  22.7  22.8  22.8  22.4  21.1 
1985  20.2  20.9  21.6  22.7  22.6  22.8  22.4  22.4  23.2  22.2  21.7  20.5 
1986  20.3  20.4  21.2  23.3  22.8  22.3  22.4  22.7  21.8  21.0  20.2  19.5 
1987  19.2  20.7  22.3  23.6  22.7  21.2  21.0  21.0  23.1  23.5  23.2  21.1 
1988  19.2  19.6  20.2  21.7  23.4  22.3  21.3  20.5  19.9  19.6  20.8  18.8 
1989  18.1  20.0  20.4  21.6  22.5  20.9  21.8  22.7  22.2  22.4  21.5  21.0 
1990  20.6  20.4  21.8  23.7  23.5  23.2  22.5  22.9  23.4  23.1  22.5  20.9 
1991  20.1  21.7  22.3  23.1  24.4  23.9  23.3  22.8  23.1  23.2  22.3  20.6 
1992  20.7  21.6  22.9  24.5  24.1  23.1  22.2  22.6  23.0  23.4  22.9  20.6 
1993  20.7  21.3  22.4  23.9  23.9  22.9  22.8  22.5  22.9  23.5  22.5  21.8 
1994  20.7  21.7  23.3  23.0  24.9  23.7  22.1  22.7  22.7  23.7  22.3  21.6 
1995  21.1  21.9  22.9  23.8  24.1  23.1  23.0  23.0  23.1  23.0  22.4  22.3 
1996  21.3  22.4  22.5  23.8  23.8  23.1  22.4  23.0  23.5  23.1  23.9  21.7 
1997  20.5  21.1  21.5  23.2  24.0  24.4  24.0  24.3  25.3  24.7  22.4  22.7 
1998  24.2  24.5  25.2  25.8  25.2  24.3  24.0  25.0  24.9  24.7  24.2  22.7 
1999  19.7  19.9  21.0  21.1  22.4  21.9  21.5  21.3  21.6  21.0  21.1  19.5 
2000  18.5  18.5  19.1  21.9  22.8  21.8  21.8  24.1  22.1  22.0  20.9  20.6 
2001  20.7 -99.0 -99.0 -99.0  25.4  23.0  24.1  24.2  24.4  24.6  23.8  24.6 
2002  22.8  23.2  23.8  24.0  23.9  24.0  24.6  24.4  25.1  25.0  24.1  23.1 
2003  23.4  24.0  24.0  25.3  25.0  24.2  23.5  24.0  24.6  24.3  24.2  24.0 
2004  21.3  21.3  23.9 -99.0 -99.0 -99.0  22.7 -99.0  23.4  23.8  22.3  21.6 
2005 -99.0  21.3  22.5  24.0  23.0  23.3 -99.0  23.8  24.2  23.7  22.0  20.6 
2006  21.1  21.1  23.0  22.4  23.1  23.5  22.0  22.8  24.9  23.2  25.0  23.9 
2007  22.0  23.4  24.2  24.9  23.8  24.5 -99.0  22.9 -99.0  23.0  21.8  22.0 
2008  20.3  20.1  21.7  24.3  24.4  24.2 -99.0 -99.0  25.0  24.4  24.1  22.3 
2009  22.6  22.3  23.0 -99.0  25.7  25.9  25.3  25.0 -99.0  25.3  26.0  24.7 
2010  24.2  26.3  27.5  25.6  25.8  25.0  24.8  25.4  24.9  24.9  22.7  23.8 
2011  22.0  22.2  22.6  23.8  24.7 -99.0 -99.0 -99.0 -99.0 -99.0 -99.0 -99.0 
