Number= 804570
Name= PUERTO AYACUCHO
Country= VENEZUELA
Lat=    5.6
Long=   67.5
Height= 73
Start year= 1961
End year= 2011
First Good year= 1961
Source ID= 10
Source file= Jones+Anders
Jones data to= 2001
Normals source= Data
Normals source start year= 1961
Normals source end year= 1990
Normals=  27.5  28.2  28.6  27.4  26.1  25.4  25.2  25.5  25.8  26.3  26.8  27.2 
Standard deviations source= Data
Standard deviations source start year= 1961
Standard deviations source end year= 1990
Standard deviations=   0.9   1.2   1.3   1.0   0.8   0.6   0.7   0.7   0.9   1.0   0.6   0.8 
Obs:
1961  28.6  28.9  29.1  27.9  27.3  25.5  25.1  25.6  26.5  27.2  27.2  26.9 
1962  27.7  29.3  28.1  29.0  26.1  24.9  24.3  26.2  26.2  26.8  27.4  28.3 
1963  28.2  28.7  29.0  27.5  25.6  25.6  25.7  25.9  26.9  27.0  27.3  28.1 
1964  29.0  29.7  30.2  27.5  26.6  25.1  25.1  25.7  25.6  25.2  25.9  26.8 
1965  27.6  28.4  29.7  28.7  25.9  25.6  25.6  25.6  26.7  27.0  26.9  27.8 
1966  28.0  29.2  29.0  28.7  26.9  26.5  25.2  25.8  26.2  26.7  27.0  27.0 
1967  27.2  28.6  29.7  27.0  26.5  24.8  25.3  25.5  25.7  26.1  27.5  27.0 
1968  27.9  29.1  28.7  26.1  24.3  25.1  24.8  25.1  25.8  26.2  26.7  27.8 
1969  27.3  27.9  28.7  27.4  26.4  26.3  25.8  25.7  25.5  25.8  26.7  26.6 
1970  27.0  27.3  27.6  27.0  25.9  25.1  24.9  25.0  25.4  26.5  27.1  26.9 
1971  27.1  27.6  27.9  27.1  25.6  25.4  25.8  25.1  24.6  25.7  26.1  26.0 
1972  26.4  27.3  27.5  26.3  25.8  25.1  25.6  25.8  26.6 -99.0  27.0  28.8 
1973  28.7  30.2  29.0  26.0  25.6  25.4 -99.0  25.5  24.8  28.5 -99.0  26.7 
1974  27.2  28.8  28.1  26.9 -99.0  26.2  26.2  25.4  25.6  26.4  26.5 -99.0 
1975  26.8  25.6  28.1 -99.0 -99.0 -99.0  25.6  25.4  25.8  25.6  26.4  28.1 
1976  27.0  27.8 -99.0  26.6  26.5 -99.0  25.9  27.7 -99.0  27.5 -99.0 -99.0 
1977 -99.0 -99.0 -99.0  28.7 -99.0 -99.0 -99.0 -99.0 -99.0 -99.0 -99.0 -99.0 
1978 -99.0 -99.0 -99.0 -99.0 -99.0 -99.0 -99.0 -99.0 -99.0 -99.0  27.0 -99.0 
1979  27.5 -99.0 -99.0  27.0  26.2  24.9  25.2  24.9 -99.0 -99.0  27.7 -99.0 
1980  26.5  28.9 -99.0 -99.0 -99.0 -99.0 -99.0  25.6  26.0  26.1  26.4  27.1 
1981  28.1  27.9  28.8  26.5  25.8  25.5  24.7  25.2  25.4  25.9  26.8  26.9 
1982  27.8  28.1  27.8  26.0  25.1  24.7  24.4  25.3  26.1  26.2  26.8  27.2 
1983  28.3  28.8  29.5  27.0  26.7  25.9  25.8  25.6  25.9  26.2  26.8  26.4 
1984  26.5  28.0  29.9  28.8  27.3  25.7  25.4  25.8  26.4  27.1  27.2  27.6 
1985  28.2  28.7  29.3  27.8  25.4  24.1  24.3  24.4  25.3  25.7  25.7  26.6 
1986  27.2  27.1  27.9  26.6  26.2  25.7  25.1  26.0  26.3  26.4  27.0  27.5 
1987  28.5  28.8  29.3  28.1  26.8  26.0  26.3  26.3  27.0  27.3  27.9  28.1 
1988  29.1  29.7  30.9  29.2  27.4  26.0  25.2  26.1  26.6  27.1  26.2  27.1 
1989  26.3  26.8  27.5  27.3  24.8  24.1  23.1  23.8  23.7  23.5  24.8  24.7 
1990  24.9  24.3  24.0  26.2  25.7  24.9  24.3  24.2  23.3  24.6  26.3  26.8 
1991  27.7  28.6  28.3  27.1  26.4  25.0  23.6  23.3  25.1  24.8  25.6  26.3 
1992  27.0  28.8  29.5  27.3  25.0  25.7  27.8  24.4  25.5  25.6  25.8  27.7 
1993  26.6  27.9  27.2  25.8  24.8  23.8  23.9  25.8  26.1  27.7  27.0  27.3 
1994  28.2  28.7  28.5  26.9  25.7  25.2  24.4  24.9  25.1  25.3  25.1  24.7 
1995  26.6  28.8  28.8  27.9  26.2  25.3  24.7  24.8  26.3  26.1  26.4  27.2 
1996  27.4  27.4  29.7  28.2  26.2  25.2  25.6  25.7  26.0  27.1  27.2  27.1 
1997  28.1  27.6  29.5  28.2  26.2  26.3  25.3  25.9  25.8  27.2  26.4  26.1 
1998  26.8  26.2  24.9  23.1  23.4  23.6  26.2  26.0  26.2  26.6  26.6  26.8 
1999  27.6  27.9  28.4  26.3  27.0  26.2  25.6  24.9 -99.0 -99.0 -99.0 -99.0 
2000  28.6  28.1  28.4  27.5  26.4  26.1  25.9  26.0  26.1  26.6  27.6  27.4 
2001  28.2 -99.0  28.7 -99.0 -99.0 -99.0  26.4 -99.0 -99.0 -99.0  27.9  27.6 
2002  28.0  29.8  28.8  27.6 -99.0 -99.0 -99.0 -99.0  26.4  26.7  26.2  27.1 
2003 -99.0  29.5  29.4 -99.0  26.8  26.7  25.7  26.4  26.6  26.9  27.4  27.9 
2004  28.6  30.0  30.2 -99.0 -99.0  25.3 -99.0  25.4  26.7  27.5  27.4  27.6 
2005  29.1 -99.0  30.3  27.2 -99.0 -99.0  25.8  26.2  26.7 -99.0  27.8 -99.0 
2006  28.1  29.3  28.4  28.5  26.2  26.0  25.4  26.5  27.5  27.1  27.2  28.2 
2007  29.2  30.6  29.3  28.0  27.1  26.2  26.2  26.1  26.2  26.7  27.8  27.7 
2008  28.4  28.5  29.6  28.8  26.7  26.3  26.1  26.4  26.4  26.2  26.0  25.7 
2009  26.8  28.5  27.6 -99.0  26.4  25.0  24.6  25.5  26.2 -99.0  27.2  27.8 
2010  28.7 -99.0  28.8  26.8  26.8 -99.0  25.5  25.8  26.4 -99.0 -99.0  26.5 
2011 -99.0  28.2  27.3  26.7  27.5 -99.0 -99.0 -99.0 -99.0 -99.0 -99.0 -99.0 
