Number= 862180
Name= ASUNCION/CITY
Country= PARAG AY
Lat=  -25.4
Long=   57.8
Height= 116
Start year= 1893
End year= 2011
First Good year= 1893
Source ID= 10
Source file= Jones+Anders
Jones data to= 2001
Normals source= Data
Normals source start year= 1961
Normals source end year= 1990
Normals=  27.7  27.3  26.0  22.9  20.2  17.9  18.1  19.0  20.8  23.7  25.3  27.1 
Standard deviations source= Data
Standard deviations source start year= 1941
Standard deviations source end year= 1990
Standard deviations=   1.3   1.4   1.1   1.2   1.8   1.9   1.9   2.2   1.7   1.4   1.6   1.6 
Obs:
1893 -99.0 -99.0  25.3  21.2  17.0  15.0  19.7  17.6  18.0  21.5  24.2  28.6 
1894  27.4  27.0  24.7  21.5  18.7  14.6  18.1  19.1  20.0  22.4  25.9  26.0 
1895  26.0  26.6  26.7  22.5  18.6  19.1  18.6  21.4  20.9  22.8  23.8  28.0 
1896  26.6  25.7  25.8  22.5  20.5  17.0  19.9  23.2  24.3  23.4  26.2  26.4 
1897  26.3  28.3  27.2  24.0  20.7  17.0  15.1  18.0  18.8  24.5  24.7  28.8 
1898  28.1  28.3  24.5  21.9  17.6  20.0  16.3  15.9  19.3  22.4  23.9  26.2 
1899  27.7  25.4  25.5  22.8  21.6  15.0  20.3  21.7  19.6  22.5  24.7  27.0 
1900  28.5  28.5  26.8  21.9  19.4  18.4  21.5  20.5  21.3  23.6  24.8  26.2 
1901  26.6  26.7  25.5  19.6  20.2  18.2  19.1  19.1  22.9  24.5  24.9  27.6 
1902  26.1  29.1  26.0  22.8  21.1  20.5  18.8  16.0  22.7  22.3  25.7  26.7 
1903  26.6  27.2  25.7  21.3  18.3  18.2  17.2  18.3  23.0  21.7  24.6  25.2 
1904  25.5  25.7  26.2  22.9  17.5  17.3  19.1  18.6  21.5  21.6  24.9  25.3 
1905  25.2  25.2  25.9  20.8  19.2  19.2  16.5  18.8  21.1  24.3  23.4  25.7 
1906  28.8  29.0  27.6  22.9  22.1  18.1  18.9  18.5  20.3  23.5  25.9  25.5 
1907 -99.0 -99.0 -99.0 -99.0 -99.0 -99.0 -99.0 -99.0 -99.0 -99.0 -99.0 -99.0 
1908 -99.0 -99.0 -99.0 -99.0 -99.0 -99.0 -99.0 -99.0 -99.0 -99.0 -99.0 -99.0 
1909  27.7  26.1  26.0  23.5  17.1  17.0  18.0  22.2  22.1  22.8  23.9  25.3 
1910  27.6  25.9  25.5  24.1  20.0  19.3  17.4  20.4 -99.0 -99.0 -99.0 -99.0 
1911 -99.0 -99.0 -99.0 -99.0 -99.0 -99.0 -99.0 -99.0 -99.0 -99.0 -99.0 -99.0 
1912 -99.0 -99.0 -99.0 -99.0 -99.0 -99.0 -99.0 -99.0 -99.0 -99.0 -99.0 -99.0 
1913  24.1  25.0  23.6  22.4  19.0  15.9  20.9  18.4  20.2  22.4  24.6  25.2 
1914  25.8  25.5 -99.0 -99.0 -99.0 -99.0 -99.0 -99.0  19.7  22.1  22.9  24.8 
1915  26.4  28.4  22.9  23.5  21.3  13.3  16.5  19.4  18.7  21.8  22.4  25.1 
1916  25.2  23.9  22.4  22.3  18.8  11.5  13.8  17.2  22.4  21.8  24.7  25.0 
1917  28.7  26.0  24.4  19.8  14.5  16.7  15.3  17.5  21.6  20.5  23.2  27.3 
1918  27.3  24.3  23.9  21.4  17.5  16.1  16.1  18.8  21.4  22.8  25.5  25.8 
1919  28.1  25.3  26.1 -99.0  21.1  17.8  19.7 -99.0 -99.0 -99.0 -99.0  27.0 
1920  26.9  26.9  27.0  24.0  19.9  17.1  14.0  17.2  20.3  23.0 -99.0  26.1 
1921  27.1  26.8  24.7  21.9  22.8  15.3  16.6  19.1  20.4  23.2  25.1  29.8 
1922  27.2  26.8  25.0  22.9  19.2  15.4  19.3  18.9  20.8  19.9  25.9  26.5 
1923  28.0  27.4  27.3  24.2  16.8  17.7  15.6  19.8  21.7  23.0  24.8  27.7 
1924  26.8  27.4  26.1  20.3  17.0  18.1  16.3  17.0  19.1  21.9  23.0  28.2 
1925  26.2  28.1  26.3  23.3  19.2  15.3  16.1  22.3  21.2  22.2  25.4  28.0 
1926  28.5  28.5  29.4  23.0  18.9  20.3  17.2  20.6  23.6  24.6  26.6  26.9 
1927  27.9  28.3  26.6  22.6  19.8  16.4  17.9  19.4  22.4  24.0  25.5  25.9 
1928  29.3  27.8  26.4  24.0  19.6  16.1  16.1  18.3  19.6  23.3  26.5  27.1 
1929  29.3  27.8  26.4  24.0  19.6  16.1  16.1  18.3  19.6  23.3  26.5  27.1 
1930  27.0  26.6  26.7  24.4  20.6  23.6  17.7  18.3  20.2  22.6  25.3  27.3 
1931 -99.0 -99.0 -99.0 -99.0 -99.0 -99.0 -99.0 -99.0 -99.0 -99.0 -99.0 -99.0 
1932 -99.0 -99.0 -99.0 -99.0 -99.0 -99.0 -99.0 -99.0 -99.0 -99.0 -99.0 -99.0 
1933  31.2  28.9  28.2  26.0  22.6  18.7  15.9  22.0  23.2  26.9  26.7  29.2 
1934  29.4  27.4  28.3  21.1  21.3  21.6  18.8  20.2  22.9  23.4  27.7  28.6 
1935  30.0  29.2  29.2  23.4  22.4  21.2  17.9  19.9  20.0  22.7  25.8  28.6 
1936  30.1  27.9  28.4  22.7  23.2  19.5  17.7  17.1  22.6  25.3  26.6  28.9 
1937  29.7  28.0  26.3  21.3  19.4  20.3  19.7  22.4  21.7  23.8  27.2  29.2 
1938  28.9  27.4  27.2  21.6  21.1  19.5  19.1  19.4  22.6  24.2  27.0  29.2 
1939  30.8  28.5  25.6  22.3  22.4  20.8  17.6  21.7  22.1  25.6  25.1  27.2 
1940  27.7  27.9  26.3  24.1  22.6  20.7  21.3  19.1  22.2  23.0  25.6  29.9 
1941  29.0  26.7  25.3  25.3  21.4  18.5  19.2  21.7  18.7  25.4  25.3  27.5 
1942  29.5  29.2  25.9  23.7  18.8  15.0  15.5  20.8  22.1  24.6  28.1  29.3 
1943  29.6  28.7  27.4  23.5  21.6  18.3  19.5  16.4  22.5  25.5  25.6  27.9 
1944  29.9  29.9  26.4  23.5  22.0  20.7  20.0  22.5  25.2  26.1  26.0  30.0 
1945  30.3  28.4  26.7  25.7  20.8  17.9  19.4  25.6  23.2  27.0  26.4  28.7 
1946  27.6  30.2  26.5  23.2  20.4  16.6  16.6  21.7  24.2  24.4  27.8  27.5 
1947  29.1  29.1  26.8  24.1  21.3  21.1  16.6  18.3  22.0  22.9  27.0  28.0 
1948  30.8  28.4  26.5  23.4  20.5  20.3  19.1  19.2  24.2  24.5  26.2  31.6 
1949  29.2  28.8  28.4  23.1  21.3  19.5  19.0  20.4  21.7  22.3  28.4  29.1 
1950  27.8  27.8  25.4  24.3  23.2  19.4  18.6  22.9  21.7  24.0  26.5  29.0 
1951  28.9  26.3  25.6  21.2  22.5  19.7  20.7  20.5  22.9  26.2  27.5  27.9 
1952  29.9  28.6  27.7  21.9  22.6  14.7  19.8  22.0  21.2  24.0  26.2  29.9 
1953  29.1  28.9  28.7  23.0  21.2  19.2  14.8  24.0  25.5  23.6  27.4  30.0 
1954  28.1  29.8  27.5  24.9  19.1  18.9  17.8  20.5  21.3  24.1  29.6  29.1 
1955  31.2  31.5  26.0  23.8  20.1  19.8  14.5  19.9  21.7  22.6  28.0  28.9 
1956  27.2  28.5  27.0  22.4  17.6  17.0  17.9  18.7  22.5  24.5  27.1  29.2 
1957  27.9  27.0  28.3  22.6  23.0  18.3  16.1  20.5  19.9  26.1  27.0  29.6 
1958  30.5  30.4  26.5  23.5  19.8  21.1  20.7  17.0  21.7  23.5  26.1  27.9 
1959  29.2  29.0  27.9  24.5  21.3  19.5  21.2  18.7  21.9  24.7  26.4  27.6 
1960  30.4  27.9  27.0  23.4  19.0  19.8  19.2  20.1  22.7  25.5  26.7  29.5 
1961  30.2  28.6  25.6  23.6  22.0  18.5  19.3  23.8  22.2  25.8  27.4  29.6 
1962  28.3  27.8  27.4  23.1  19.7  18.5  14.6  18.8  22.7  22.6  28.5  31.3 
1963  30.1  28.7  27.6  24.4  21.9  19.0  21.6  22.4  22.8  27.0  27.6  28.8 
1964  30.7  29.1  27.2  23.9  22.1  16.8  17.4  19.8  21.9  23.9  26.1  27.6 
1965  28.0  28.2  25.3  23.9  20.7  21.8  18.1  21.0  20.3  25.1  26.3  27.0 
1966  28.7  27.5  26.3  24.6  21.1  20.8  19.7  18.6  21.6  24.7  21.8  29.1 
1967  26.6  26.7  24.7  23.5  24.0  15.8  18.6  20.6  21.7  25.8  25.3  29.1 
1968  27.0  28.1  26.5  20.8  18.4  19.2  19.6  19.7  19.6  24.7  28.6  28.2 
1969  27.0  28.4  26.0  21.6  21.0  17.2  19.6  17.1  23.3  22.5  25.5  27.1 
1970  28.6  27.6  26.8  25.8  21.7  18.3  18.1  18.0  21.2  23.3  23.3  27.2 
1971  27.4  26.5  24.9  21.5  18.1  15.0  19.3  18.5  22.8  21.7  25.5  26.4 
1972  27.5  26.5  26.0  21.8  22.6  21.9  17.5  17.4 -99.0  22.1  24.6  25.7 
1973  28.1  28.2  26.0  24.8  19.6  18.0  16.1  16.2  20.0  22.7  23.4  25.5 
1974  27.8  26.2  24.5  22.0  18.6  16.5  19.8  15.5  19.8  21.5  24.2  25.8 
1975  25.7  27.4  25.8  22.9 -99.0  19.0  15.9  17.9 -99.0  21.7  23.4  26.3 
1976  27.4 -99.0  24.7  21.7  18.2  16.8  17.9  18.2  19.6  23.2  24.9  26.7 
1977  26.8  28.4  26.8  22.4  19.5  19.3  21.1  18.7  23.1  24.8 -99.0  27.1 
1978  27.9  27.6  27.7  21.9 -99.0  19.0  20.2  17.3  20.7  24.4  25.0  27.4 
1979  28.9  27.3  24.8  21.0  18.3  16.8  17.8  21.2  18.9  25.5  24.3  26.6 
1980  26.8  26.6  27.4  25.0  21.3  17.1  16.9  19.7  18.4  23.3  23.5  26.5 
1981  27.3  27.2  25.2  23.4  23.1  16.1  17.1  21.3  19.4  23.3  25.5  25.8 
1982  27.3  25.9  25.3  23.2  20.4  18.2  19.8  21.0  21.9  23.0  24.4  25.7 
1983  27.5  26.9  25.0  22.8  20.4  14.6  16.2  18.3  18.5  23.4 -99.0  27.5 
1984  27.8  28.5  25.9  20.8  21.8  16.8  18.7  16.0  21.7  26.0  25.5  24.9 
1985  27.5  27.7  27.4  23.3  21.1  18.5  17.6  17.7 -99.0  23.7 -99.0 -99.0 
1986 -99.0 -99.0 -99.0 -99.0  20.8  20.5  18.3  19.9 -99.0  23.0  26.5  26.4 
1987  26.9  24.9  24.7  23.2  16.1  16.9  20.9  18.0  19.9  22.6  25.5  25.2 
1988  27.2  25.4  28.1  22.3  16.5  16.0  15.1  20.0  20.9  22.4  25.1  27.0 
1989  26.3  26.2  24.4  22.1  19.7  17.8  16.0 -99.0  18.1  22.3  24.6  26.8 
1990  27.2  25.4  26.6  23.6  18.1  15.4  14.1  19.4  19.4  24.5  26.6  27.1 
1991  27.5  26.2  25.9  23.0  20.7  18.3  17.5  19.5  22.4  22.6  23.8  26.7 
1992  26.8  26.8  24.2  21.8  19.9  20.0  14.2  16.8  19.4  22.3  23.4  26.6 
1993  27.5  27.5  26.9  24.4  19.9  18.4  15.6  18.0  19.6  23.5  24.6  27.1 
1994  27.1  25.9  24.4  22.9  22.9  21.6  18.3  19.9  19.9  24.9  25.3  27.0 
1995  26.5  26.0  26.7  20.7  18.8  19.8  20.0  20.3  22.1  22.3  26.4  26.8 
1996  27.7  26.5  25.0  23.2  20.1  14.7  15.4  20.4  20.1  22.8  25.8  26.5 
1997  27.9  27.2  26.2  21.9  20.2  17.7  20.5  19.9  22.7  24.7  25.9  27.6 
1998  28.7  26.4  25.1  22.6  18.6  17.8  20.0  17.9  19.2  23.2  24.8  25.8 
1999  27.2  27.6  27.2  22.8  18.3  17.2  16.8  19.1  23.7  24.5  25.7  27.5 
2000  28.5  27.5  26.7  23.9  18.6  18.9  13.3  19.8  20.5  24.6  24.2  26.3 
2001  27.9  27.0  26.4  24.0  17.9  17.9  19.4  22.3  22.3 -99.0 -99.0 -99.0 
2002 -99.0 -99.0 -99.0 -99.0 -99.0  17.5 -99.0 -99.0 -99.0 -99.0 -99.0 -99.0 
2003  27.5 -99.0 -99.0  23.3 -99.0 -99.0 -99.0 -99.0  22.0  24.6 -99.0 -99.0 
2004 -99.0 -99.0  25.8 -99.0 -99.0 -99.0 -99.0  18.4  21.8 -99.0 -99.0 -99.0 
2005  27.5 -99.0 -99.0  22.7  20.9 -99.0  17.0  20.8  17.9  22.2  25.2  26.5 
2006  28.5  27.4  26.4 -99.0  17.8  17.8  21.0  20.2  21.0  25.4  25.4  28.0 
2007  27.5  27.5  26.4  24.0  17.1  17.8  15.1  16.4  24.1 -99.0 -99.0  26.7 
2008  27.2  26.1  26.0  21.8  18.7  15.5 -99.0  19.4  19.4  24.1  25.9  28.1 
2009  26.3  27.0  27.2  24.3  20.4  15.5  14.8  19.1  19.9  23.7  28.4  26.7 
2010 -99.0  28.8  26.8  23.1  17.6  18.7  16.7  18.5  21.0  21.6  23.6  27.1 
2011  27.7  26.1  25.7 -99.0  19.4 -99.0 -99.0 -99.0 -99.0 -99.0 -99.0 -99.0 
