Number= 720088
Name= DUQUOIN-4SE---------
Country= USA---------
Lat=   38.0
Long=   89.2
Height= 128
Start year= 1886
End year= 1990
First Good year= 1886
Source ID= 30
Source file= New
Normals source= Data
Normals source start year= 1961
Normals source end year= 1990
Normals=  -1.4   1.1   7.4  13.4  18.5  23.3  25.5  24.2  20.1  13.8   7.4   1.0 
Standard deviations source= Data
Standard deviations source start year= 1941
Standard deviations source end year= 1990
Standard deviations=   3.1   2.7   2.7   1.7   1.6   1.3   1.1   1.3   1.4   1.8   1.8   2.7 
Obs:
1886 -99.0 -99.0 -99.0 -99.0 -99.0 -99.0 -99.0 -99.0 -99.0 -99.0 -99.0  -3.8 
1887  -2.7   3.3   6.9 -99.0  20.3 -99.0  24.5 -99.0  19.3   9.4 -99.0   0.7 
1888 -99.0   1.2 -99.0 -99.0  18.4 -99.0 -99.0 -99.0 -99.0  12.3 -99.0   2.6 
1889   1.3 -99.0 -99.0 -99.0 -99.0 -99.0 -99.0 -99.0 -99.0 -99.0 -99.0 -99.0 
1890 -99.0 -99.0 -99.0 -99.0 -99.0 -99.0 -99.0 -99.0 -99.0 -99.0 -99.0 -99.0 
1891   3.7 -99.0 -99.0 -99.0  16.3  23.0  23.7  23.9 -99.0 -99.0   7.8   7.6 
1892  -4.0   4.4   4.6  12.8  18.8  24.5  25.0 -99.0  20.9  15.0   3.5   0.3 
1893  -4.1   2.0   8.8  14.8  18.9  23.3  26.9  24.6  22.0  12.7   5.6   1.6 
1894   1.0  -0.8   8.3  12.9  18.1  24.6  25.1  24.9  19.7  13.9   3.0   2.0 
1895  -3.4  -3.3   6.5  17.3  21.0  25.9  26.5  26.7  23.1  10.5   5.2   2.2 
1896   1.6   3.4   4.1  17.7  23.2  23.1  26.0  26.0  19.1  12.6   6.6   3.3 
1897  -1.3   1.9   7.7  12.6  17.3  23.8  26.7  25.1  23.5  17.7   7.1   0.6 
1898 -99.0 -99.0 -99.0 -99.0  20.4  25.1  25.2  24.7  22.8  13.1 -99.0  -0.1 
1899   0.6 -99.0   5.7  14.0  20.6  24.2  25.0  26.0  20.2  15.5   9.2   0.7 
1900   1.4  -1.1   6.2  13.2  19.6 -99.0  25.8  27.5  23.0  17.1   7.9   3.5 
1901   3.1  -0.3   8.0  11.3  18.5 -99.0 -99.0  24.5  19.8  13.9   4.9  -1.6 
1902  -1.2  -4.4   7.3  11.3  21.8  23.2  25.7  23.9  17.9  14.8  10.2   0.6 
1903  -0.2   0.4   9.0  13.0  20.2  20.4  26.0  24.3  19.7  13.1   4.2  -0.8 
1904  -2.8  -1.0   6.9   9.9 -99.0  21.5  23.3  22.7  20.4  13.3   6.2   1.5 
1905  -3.7  -4.3   9.9  13.5  19.7  24.1  23.3  24.6  20.2  13.0   7.2   1.5 
1906   2.5  -0.1   1.7  14.6  19.1  22.4  23.7 -99.0  21.5  12.9   5.1   3.0 
1907   3.4   1.4  11.9   8.6  16.1  21.0  25.3  23.6  19.2  11.9   5.3   3.0 
1908   0.9   1.4 -99.0  13.4  19.4  22.5  23.7  24.6  21.9  13.1   7.9   3.9 
1909   1.4   4.3   7.0  12.9  17.5  24.3  25.1  26.6  20.3  13.1  12.6  -3.3 
1910   0.9  -0.8  13.9  13.0  16.6  21.5  25.4  23.8  21.8  15.3   4.9  -0.3 
1911   3.3   4.3   7.4  12.4  20.9  24.8  25.1  24.0  23.3  14.2   4.0   3.4 
1912  -5.8  -2.2   3.0  13.9  20.8  20.2  25.4  23.6  20.6  14.5   6.9   2.9 
1913   2.0  -0.4   5.8  12.7  19.2  24.2  26.3  26.9  20.5  13.1  10.0   4.2 
1914   3.8  -1.9   5.6  12.6  19.2  26.0  27.3  25.1  19.9  14.5   8.3  -1.8 
1915  -1.4   3.9   3.0 -99.0  17.9  21.2  24.6  21.3  22.4  15.9   9.2   1.7 
1916   1.5   0.4   6.1  11.7  19.3  21.4  27.4  25.8  19.4  13.9   8.4   0.5 
1917   1.7   0.2   8.1  11.9  15.1  22.4  25.7  23.5  20.5  10.4   7.4  -4.2 
1918  -8.3   1.4  10.1  11.1  20.5  24.2  25.2  28.9  16.3  15.9   7.2   6.2 
1919   2.5   2.5   7.8  13.8  16.6  24.7  27.2  25.1  22.1  16.3   6.1  -1.0 
1920  -1.7   1.1   6.9  10.8  17.6  22.7  24.4  22.8  21.3  16.0   5.3   2.5 
1921   3.3   3.6  12.1 -99.0  19.2  25.0  27.0 -99.0  22.8  12.9   8.1   3.2 
1922  -1.4   2.5   8.1  13.9  19.8  24.8  25.2  24.7  22.2  15.0   8.0   2.9 
1923   4.1  -0.1   5.7  12.3  17.1  22.8  25.5  24.7  19.9  11.3   7.0   6.6 
1924  -2.8   1.7   3.8  13.9  15.1  22.6  22.7  24.6  17.6  16.0   7.1  -0.4 
1925   0.2   5.5   9.5  16.8  16.7  24.8  25.1  24.5  24.2   9.7   5.6   0.8 
1926   0.7   3.9   4.1  10.3  19.5  21.4  26.0  25.2  21.8  14.0   4.0   0.5 
1927  -0.4   6.3   7.9  14.4  18.2  21.0  23.3  21.3  22.2  15.3   8.4   0.4 
1928   0.4   2.4   6.7  10.5  18.1  20.3  25.5  24.7  17.8  15.5   6.8   2.9 
1929  -1.7  -2.5  10.7  14.5  16.8  21.9  25.6  23.3  19.7  13.4   4.6   2.4 
1930  -3.6   6.6   6.6  15.0  18.5  22.8  27.8  25.8  22.0  13.2   7.4   1.5 
1931   2.6   4.7   5.1  13.1  17.1  24.9  26.7  24.3  23.4  15.9  13.2   6.8 
1932   5.0   6.8   4.1  14.2  19.0  24.4  26.5  24.8  19.7  13.1   4.2   1.5 
1933   6.1   1.1   6.9  13.1  20.0  25.5  25.9  24.3  23.5  13.9   7.1   4.6 
1934   3.3  -0.5   5.7  13.5  20.1  26.5  28.8  25.3  19.0  15.6   9.4   1.1 
1935   1.5   3.5  10.8  11.2  16.8  20.7  26.1  24.7  19.8  14.4   6.3  -1.1 
1936  -3.2  -3.0  10.2  10.8  20.3  23.9  28.2  28.3  22.8  14.0   4.6   4.0 
1937   0.8   1.4   5.0  13.0  19.3  22.3  23.7  26.0  19.0  12.6   4.8   0.0 
1938   0.5   7.0  11.8  14.6  19.0  22.0  25.6  26.5  21.2  16.0   7.8   2.3 
1939   3.9   1.4   8.7  11.2  19.6  23.5  25.6  23.5  23.4  15.5   5.3   3.0 
1940  -8.1   1.0   6.6  12.7  16.9  23.4  24.9  24.9  20.2  16.7   5.7   4.7 
1941   1.6  -0.3   3.7  15.1  20.5  23.9  26.1  26.1  22.2  16.5   6.6   4.0 
1942  -1.0   0.4   8.9  14.5  17.9  23.3  25.2  23.2  19.3  14.1   8.9   0.6 
1943   1.3   4.0   4.3  12.5  18.4  25.0  26.2  25.6  18.2  12.9   5.1   0.9 
1944   1.8   3.9   5.9  12.1  20.1  24.5  24.8  24.2  20.0  13.6   7.9  -1.4 
1945  -1.4   2.9  11.7  13.1  17.5  21.7  24.4  24.8  21.2  12.9   7.6  -1.3 
1946   1.6   4.5  14.1  15.1  16.8  23.4  25.1  22.0  19.7  15.5   8.5   5.2 
1947   3.0  -1.5   3.2  13.1  17.6  22.6  23.0  28.0  20.7  17.9   4.6   3.1 
1948  -3.2   1.7   7.4  15.4  17.8  23.3  25.2  24.0  20.9  11.9   8.1   4.5 
1949   2.7   3.6   6.7  12.6  19.7  23.9  26.2  24.3  17.0  15.0   7.5   4.6 
1950   4.5   3.3   6.0  11.0  19.3  23.3  23.5  22.4  19.5  17.5   4.1  -1.0 
1951   0.6   2.8   6.1  11.4  19.2  22.6  25.1  24.5  19.1  15.8   3.7   2.1 
1952   3.3   5.0   6.8  12.9  18.8  27.4  27.0  25.2  20.4  11.9   7.8   3.9 
1953   3.3 -99.0 -99.0  12.2  19.6  27.0  26.2  24.8  20.8  14.7   7.3   2.1 
1954   1.3   6.9   6.5  17.0  16.2  24.8  27.5  26.4  22.4  13.9   7.9   2.5 
1955   1.1   2.6   8.1  16.5  19.2  20.9  26.9  25.6  21.7  13.3   5.9   0.7 
1956  -0.8   4.0   7.7  12.1  19.7  23.1  24.8  24.5  19.5  16.2   6.7   5.3 
1957  -2.0   4.8   6.7  14.5  18.7  23.6  25.5  24.5  19.3  11.9   6.2   5.0 
1958  -0.1  -3.5   3.8  13.1  18.9  21.6  24.7  24.2  19.7  13.4   8.4  -0.6 
1959  -1.3   2.2   8.0  13.7  20.5  23.1  24.7  25.8  20.8  13.8   3.4   4.6 
1960   1.5  -0.3  -0.7  14.7  17.0  23.0  24.1  24.9  21.8  14.1   6.4  -0.9 
1961  -1.5   3.4   8.8  10.5  15.7  21.6  24.4  23.2  20.7  14.1   6.1   0.4 
1962  -2.8   3.1   4.4  11.4  21.9  22.4  24.8  23.5  17.2  14.9 -99.0   0.0 
1963  -4.1  -0.9   9.8  14.9  17.8  23.8  24.2  23.4  19.6  18.0   8.5  -3.9 
1964   1.8   1.6   7.5  15.4  20.2  24.1  25.7  24.3  19.9  12.1   8.8   1.8 
1965   1.2   1.7   2.7  15.0  21.1  23.6  24.7  24.2  20.3  13.1   9.7   5.9 
1966  -2.5   0.6   8.1  12.1 -99.0  22.5  27.4  22.9  18.2  12.0   8.2   2.6 
1967   2.6   0.5  10.3  15.4  17.1  23.1  23.1  21.6  18.3  13.6   5.2   2.6 
1968  -1.0  -0.9   8.1  13.4  16.9  23.7  24.7  24.3  19.2  13.2   6.2   0.7 
1969  -0.8   2.0   3.2  13.6  18.3  23.0  25.7  23.5  19.9  13.2   4.8  -0.5 
1970  -4.2   0.6   4.6  14.5  19.2  22.7  24.8  25.2  22.1  13.4   6.0   2.5 
1971  -2.6   2.0   5.8  12.8  16.4  25.4  24.0  23.4  22.0  17.7   7.1 -99.0 
1972  -1.0   0.9   7.2  13.1  18.6  22.0 -99.0  23.7  21.1  12.4   4.0   0.2 
1973  -0.1   1.5  10.8  11.6  16.5  23.5  25.7  24.5  21.0  16.6   9.0   0.4 
1974   0.9   3.2  10.2  14.6  19.4  21.0  26.4 -99.0  16.8  13.5 -99.0 -99.0 
1975   1.9   0.7   5.7  12.7  20.1 -99.0 -99.0 -99.0 -99.0 -99.0 -99.0 -99.0 
1976  -1.3   6.1  10.5  13.5  16.1  21.9  24.6  22.4  18.6  10.1   2.9  -1.3 
1977  -9.6   0.9   9.8  15.6  21.4  23.8  27.0  24.5  21.6  12.6   8.1  -0.2 
1978  -6.7  -6.4   3.6  13.9  17.6  23.4  26.1  24.6  21.7  11.9   8.7   1.6 
1979  -7.8  -4.2   7.1  12.1  17.4  23.3  25.3  23.8  19.6  14.0   5.9   2.9 
1980  -0.1  -2.5   4.7  11.9  18.6  23.4  27.8  27.0  21.3  12.3   6.6   2.2 
1981  -1.2   3.0   7.2  16.6  16.1  24.1  25.4  23.9  19.3  12.8   8.9   0.2 
1982  -3.8  -1.6   8.4  10.7  20.9  21.1  25.6  23.7  19.3  14.2   7.7   5.5 
1983   0.4   3.4   6.8   9.3  17.2  22.9  26.9  27.3  21.3  14.7   8.6  -5.1 
1984  -2.8   4.4   3.6  12.2  16.9  25.1  24.3  24.6  19.2  16.2   6.3   5.7 
1985  -5.3  -1.3   9.6  15.7  18.9  22.1  25.5  23.6  20.2  16.2   9.3  -2.1 
1986   0.8   3.4   9.2  15.4  19.8  24.9  27.1  22.7  22.4  15.0   5.8   1.9 
1987  -0.3   3.8   9.3  13.5  22.3  24.9  25.9  25.0  21.6  11.5  10.1   3.9 
1988  -1.2   0.2   7.7  13.6  19.1  24.3  26.6  26.7  20.8  11.3   8.5   2.6 
1989   4.6  -0.9   7.5  13.9  17.5  22.8  25.4  25.3  19.5  15.6   7.7  -5.8 
1990   5.7   5.3   9.8  12.7  17.4  23.9  25.3  23.4  21.6  13.6  10.7   2.2 
