Number= 720034
Name= SAN-LUIS-OBISPO-POLY
Country= USA---------
Lat=   35.3
Long=  120.7
Height= 96
Start year= 1887
End year= 1990
First Good year= 1887
Source ID= 30
Source file= New
Normals source= Data
Normals source start year= 1961
Normals source end year= 1990
Normals=  11.5  12.5  12.5  13.7  14.7  16.8  18.5  18.9  18.9  17.4  14.4  11.7 
Standard deviations source= Data
Standard deviations source start year= 1941
Standard deviations source end year= 1990
Standard deviations=   1.6   1.5   1.3   1.4   1.0   1.1   1.0   1.0   1.3   1.2   1.4   1.5 
Obs:
1887 -99.0 -99.0 -99.0 -99.0 -99.0 -99.0 -99.0 -99.0  15.8  17.2  13.3  11.3 
1888   7.9  11.1  10.9  14.0  13.9  16.7  17.0  17.3  16.8  16.7  13.7  13.2 
1889  11.1  12.9  14.4  15.6  15.5  17.9  18.0 -99.0 -99.0 -99.0 -99.0 -99.0 
1890 -99.0 -99.0 -99.0 -99.0 -99.0 -99.0 -99.0 -99.0 -99.0 -99.0 -99.0 -99.0 
1891 -99.0 -99.0 -99.0 -99.0 -99.0 -99.0 -99.0 -99.0 -99.0 -99.0 -99.0 -99.0 
1892 -99.0 -99.0 -99.0 -99.0 -99.0 -99.0 -99.0 -99.0 -99.0 -99.0 -99.0 -99.0 
1893 -99.0 -99.0 -99.0 -99.0 -99.0 -99.0 -99.0 -99.0 -99.0 -99.0 -99.0 -99.0 
1894 -99.0 -99.0 -99.0 -99.0 -99.0 -99.0 -99.0  18.6  18.4  17.1  15.5  10.9 
1895   9.8  12.5  11.4  13.2  14.9  15.7  16.8  16.8  17.6  16.5  13.1  10.9 
1896  11.7  12.9  12.2   9.4  13.2  15.8  17.9  17.3  17.5  16.2  13.2  11.9 
1897  10.4  10.3   9.0  14.0  14.9  15.3  16.7  16.7  17.3  14.6  13.1  10.1 
1898   8.1  12.9  10.3  14.0  12.3  15.6  16.2  16.8  17.7  17.6  13.7  11.2 
1899  11.8  11.9  10.9  12.2  10.9  15.1  16.1  15.9  18.0  14.8  13.6  11.8 
1900  12.9  12.9  13.2  11.0  15.2  15.8  16.0  16.4  17.5  16.6  14.9  12.6 
1901  10.7  12.6  12.5  11.7  13.0  14.2  16.3  17.0  16.6  17.0  14.2  12.1 
1902  11.2  11.7  10.0  12.5  13.2  15.1  16.4  16.3  18.0  16.0  12.7  10.9 
1903  12.3   8.9  10.6  11.8  12.2  16.1  14.8  16.6  17.4  17.1  15.1  12.3 
1904  10.9  11.0  11.1  12.8  13.2  15.3  16.0  17.1  18.8  17.1  15.1  12.4 
1905  11.9  12.7  12.8  12.3  11.8  13.6  16.8  16.5  16.7  15.6  12.7  10.9 
1906  11.3  12.9  11.2  12.4  12.8  15.6  16.8  16.8  17.6  17.6  13.2  11.6 
1907   8.9  13.8  10.1  12.7  12.2  14.4  16.9  16.1  16.1  15.9  14.1  12.2 
1908  10.7   9.6  12.3  12.9  11.6  13.5  16.5  16.5  16.8  14.2  11.7  10.1 
1909  11.2  10.6   9.0  12.2  11.5  13.6  15.5  15.9  17.4  16.3  12.9  10.0 
1910   8.9  10.8  12.3  13.3  14.5  13.5  15.9  15.5  17.2  17.2  13.3  12.2 
1911  10.9   8.7  12.2  11.3  11.9  13.9  16.0  15.9  16.0  15.7  13.9   9.4 
1912  11.8  12.3   9.0   9.5  13.3  14.7  15.5  16.0  17.5  14.8  14.1  10.1 
1913   8.7  10.0  10.5  11.0  12.9  15.1  17.6  17.7  19.0  16.3  13.2   9.6 
1914  10.9  12.5  13.5  13.2  13.1  14.5  17.0  17.2  16.3  17.1  15.9   9.6 
1915  10.2  10.8  13.3  12.0  13.0  15.1  16.6  18.6  17.0  15.1  13.7  11.2 
1916   7.9  13.1  13.0  13.7  12.2  14.5  16.0  16.4  16.6  13.4  11.7   9.2 
1917   8.6  10.5  10.4  11.8  11.4  17.5  18.4  16.7  19.1  17.0  14.0  14.3 
1918  11.6  10.6  12.4  13.2  11.9  17.9  17.2  18.1  18.0  19.0  13.0  10.1 
1919  11.4   9.6   9.9  12.4  13.4  15.9  16.5  17.4  17.2  15.0  12.7  11.2 
1920  11.0  11.9   9.9  11.2  13.0  15.8  17.0  17.9  16.7  14.4  12.7  10.7 
1921   9.2  12.0  12.0  11.5  12.1  17.2  17.8  17.5  17.2  17.1  14.1  12.4 
1922   8.7  10.2   9.9  10.5  14.4  16.9  17.6  18.4  18.7  15.5  11.9  11.9 
1923  11.3  10.9  11.9  11.8  13.6  14.4  16.7  17.5  18.0  16.7  16.1  11.2 
1924  10.8  14.7  10.3  12.3  15.3  16.5  16.1  16.4  17.1  14.3  14.1  10.7 
1925  11.7  12.9  11.3  12.3  14.3  16.3  18.6  17.1  17.1  15.3  13.7  13.7 
1926  11.2  14.1  13.9  15.2  15.2  16.1  17.2  18.3  15.9  17.2  15.7  10.2 
1927  10.8  12.4  11.3  12.0  14.0  16.0  16.9  17.2 -99.0  17.7  16.2  10.6 
1928  12.8  13.1  13.5  14.4  15.6  17.4  17.7  18.2  18.7  15.3  14.6  11.0 
1929   9.4  10.1  10.5  10.7  13.7  18.2  19.3  19.1  17.8  18.1  15.9  13.8 
1930   9.7  13.4  12.3  13.7  11.4  16.6  18.1  18.8  16.4  18.2  14.4  11.0 
1931  11.2  12.2  13.8  14.2  16.2  17.1  21.6  20.4  19.4  16.9  13.0   9.6 
1932   9.5  11.3  13.7  12.9  14.2  17.1  16.9  16.7  17.0  16.1  16.5   8.4 
1933   8.7  10.1  12.2  12.4  12.6  14.7  16.4  17.6  16.0  16.5  15.4  11.0 
1934  12.3  12.4  15.7  14.7  16.9  15.6  18.4  18.0  18.1  16.1  14.0  12.2 
1935   9.9  12.0   9.8  13.2  13.9  16.1  17.0  18.1  17.2  16.0  11.5  11.2 
1936  11.4  10.9  12.4  13.6  16.1  17.8  19.6  18.1  17.7  16.1  15.3  11.3 
1937   6.0   9.5  11.4  12.9  15.0  17.4  17.9  18.0  17.9  18.0  14.1  13.3 
1938  11.9  11.3  10.8  13.2  13.6  15.5  17.7  18.3  18.0  16.4  13.4  13.4 
1939  10.7   9.4  10.5  13.7  14.2  15.8  16.9  18.0  20.0  17.9  15.1  13.0 
1940  12.0  12.1  13.7  14.3  15.3  16.2  17.6  17.3  18.0  17.6  14.7  14.0 
1941  11.6  12.4  13.6  12.2  16.4  16.0  17.7  18.1  17.4  16.2  15.5  11.4 
1942  11.3  10.4  12.1  12.8  14.2  15.9  17.6  16.8  16.5  17.0  14.6  12.2 
1943  11.4  12.9  13.1  13.6  15.4  16.3  17.8  17.1  18.4  15.9  15.6  12.3 
1944  11.0  10.0  13.2  11.4  13.4  15.6  17.1  17.3  17.5  16.1  12.8  11.7 
1945  11.0  11.6  10.0  12.6  13.3  16.3  18.6  18.0  18.5  16.6  13.6  11.9 
1946  10.5   9.2  11.5  13.7  13.7  16.9  17.7  17.2  18.3  15.4  12.2  11.4 
1947  10.6  12.5  13.0  14.7  15.1  17.6  18.0  18.3  17.8  17.2  12.1  11.5 
1948  13.2  10.7  10.0  12.2  13.6  15.9  16.6  17.3  17.8  16.3  14.3   9.0 
1949   6.3   8.9  10.3  13.9  15.0  16.8  16.9  17.7  18.4  15.4  18.1  11.4 
1950   8.2  11.8  12.8  14.3  13.5  15.9  18.6  17.7  18.5  18.0  16.5  13.7 
1951  10.8  11.3  12.3  12.7  14.7  16.1  17.7  17.7  18.0  18.6  14.0  10.1 
1952   8.9  11.6  10.0  13.8  14.6  15.0  17.8  17.3  17.9  16.0  12.9  10.5 
1953  12.7  13.5  11.7  12.1  13.7  15.7  19.0  17.5  18.0  17.2  14.1  12.3 
1954   9.5  14.5  10.8  13.8  14.0  16.3  18.5  17.0  17.7  16.1  15.2  11.3 
1955   9.0  10.2  12.8  11.8  13.2  15.2  16.2  17.6  18.1  16.6  14.1  11.1 
1956  10.6   9.2  12.8  12.3  14.3  17.0  17.0  17.1  19.1  15.5  16.3  13.7 
1957   8.5  12.6  12.5  13.5  14.2  18.6  19.5  18.1  18.3  16.2  13.4  13.1 
1958  12.4  13.3  11.0  15.0  15.5  17.5  17.9  20.1  20.7  18.6  15.5  14.9 
1959  13.6  10.9  15.6  15.7  14.5  17.5  20.0  19.5  18.3  19.5  16.2  13.3 
1960   9.8  11.7  13.1  14.5  15.1  17.5  18.9  17.4  18.2  16.1  12.9  11.3 
1961  13.0  13.2  12.4  14.4  13.3  17.4  19.5  19.4  17.9  17.8  12.9  11.6 
1962  10.9  10.3  10.5  15.2  13.6  16.2  16.7  18.9  17.3  16.7  15.3  12.7 
1963  10.4  15.4  11.7  12.0  14.1  15.6  17.4  18.6  19.9  17.9  14.0  12.6 
1964  10.9  12.4  11.6  13.4  13.0  15.8  17.6  18.0  17.3  18.1  12.7  12.4 
1965  11.9  11.4  12.1  13.7  13.6  14.6  17.0  19.5  17.1  20.1  14.4  10.4 
1966  10.3  10.3  12.6  16.0  14.9  17.4  17.1  18.9  18.4  18.2  14.3  11.4 
1967  11.9  13.1  11.3   9.7  15.2  14.8  19.3  19.7  20.2  20.3  16.2  10.2 
1968  11.3  13.9  13.6  14.1  14.8  17.5  18.5  18.3  18.4  17.0  14.8   9.9 
1969  11.4   9.7  11.6  13.4  15.2  16.3  18.5  19.2  18.0  17.1  16.3  13.1 
1970  12.3  13.1  12.8  12.0  15.9  15.9  19.2  17.5  18.4  15.7  13.9   9.6 
1971  10.4  11.4  12.1  12.8  13.4  16.3  17.5  19.9  19.8  15.1  12.3   8.0 
1972   9.4  12.9  14.8  14.2  15.3  17.0  18.5  18.8  18.4  16.6  13.2  10.3 
1973   9.7  12.4  10.2  13.7  15.9  18.5  18.1  18.2  18.3  17.0  12.6  11.9 
1974  10.4  11.1  11.6  13.5  13.3  16.8  18.6  18.4  17.5  16.3  13.8  11.0 
1975  11.7  11.1  11.2  10.3  14.0  16.1  17.2  18.5  18.1  16.2  13.7  12.1 
1976  13.7  12.8  12.6  12.5  14.9  18.5  18.8  18.4  19.2  17.9  16.8  13.3 
1977  12.6  15.2  11.7  14.3  13.3  17.0  18.8  19.7  18.1  16.8  16.6  15.0 
1978  12.7  12.7  14.7  12.9  16.7  16.8  17.7 -99.0  21.1  17.5  13.1  10.4 
1979  10.4  10.7  12.5  14.5  15.7  17.3  18.6  18.8  21.6  17.7  14.1  13.2 
1980  13.4  14.0  13.2  14.9  13.3  16.3  18.2  18.7  18.0  18.5  16.0  14.7 
1981  13.2  13.1  12.7  14.7  15.1  20.0  19.3  19.2  18.9  16.5  14.7  12.7 
1982  10.3  13.4  11.4  13.7  14.3  15.8  18.2  19.4  19.5  17.9  12.8  11.5 
1983  12.5  12.4  12.6  12.3  15.4  17.0  19.7  20.7  21.5  19.6  14.0  12.3 
1984  12.6  12.1  14.6  13.4  17.6  17.1  20.2  20.8  23.8  16.6  12.7  10.3 
1985  10.7 -99.0  10.7  15.4  14.6  18.2  20.7  18.5  18.1  17.1  13.4  12.5 
1986  14.1  13.9  14.0  14.4  15.0 -99.0  17.7  18.9  16.6  17.1  16.1  12.2 
1987  10.2  12.7  12.1 -99.0 -99.0 -99.0 -99.0 -99.0 -99.0 -99.0 -99.0   9.5 
1988  11.0  14.6  14.9 -99.0  14.6  16.0  19.4  18.6  18.0  17.3  14.1  11.4 
1989  10.4  11.0  13.8  16.0  15.4  17.7  19.0  17.7 -99.0  16.6  16.6  13.7 
1990  12.4  10.9  12.9  15.7  14.5  17.8  18.9  18.5  19.2 -99.0  15.1  10.2 
