Number= 720078
Name= WEST-POINT----------
Country= USA---------
Lat=   32.9
Long=   85.2
Height= 175
Start year= 1882
End year= 1990
First Good year= 1882
Source ID= 30
Source file= New
Normals source= Data
Normals source start year= 1961
Normals source end year= 1990
Normals=   6.3   8.2  12.7  16.8  20.7  24.8  26.5  26.1  23.0  17.1  12.1   8.0 
Standard deviations source= Data
Standard deviations source start year= 1941
Standard deviations source end year= 1990
Standard deviations=   2.6   2.3   1.9   1.3   1.3   1.1   0.8   0.8   1.2   1.7   1.7   2.0 
Obs:
1882 -99.0 -99.0 -99.0  19.0  20.6  26.6  26.0  25.2  23.0  19.2 -99.0 -99.0 
1883 -99.0 -99.0 -99.0  18.1  20.7  26.5  27.6  26.6  23.1  21.3 -99.0 -99.0 
1884 -99.0 -99.0 -99.0  16.6  23.2  23.7  27.6  25.9  25.4  21.1 -99.0 -99.0 
1885 -99.0 -99.0 -99.0 -99.0  22.8  26.0  27.3  26.6  23.3  15.1 -99.0 -99.0 
1886 -99.0 -99.0 -99.0  19.2  21.8  25.4  26.5  26.7  24.6  17.7 -99.0 -99.0 
1887 -99.0 -99.0 -99.0 -99.0  23.6  25.9  27.6  26.2  23.1  16.4 -99.0 -99.0 
1888 -99.0 -99.0 -99.0 -99.0  23.0  26.9  29.1  27.9  23.5  17.7 -99.0 -99.0 
1889 -99.0 -99.0 -99.0 -99.0  22.9  26.2  28.6  26.0  24.3  17.7  13.4 -99.0 
1890 -99.0 -99.0 -99.0 -99.0  22.8  28.2  28.2  27.0  24.8  18.2  15.1 -99.0 
1891 -99.0 -99.0 -99.0 -99.0  22.4  28.1  27.4  27.7 -99.0 -99.0  11.8 -99.0 
1892 -99.0 -99.0 -99.0  19.4  23.0  27.2  26.9  27.3  23.4 -99.0  12.0 -99.0 
1893 -99.0 -99.0 -99.0  20.0  22.7  26.8  27.7  27.6 -99.0  19.0  12.9   9.0 
1894   9.2   9.5  14.4  18.7  23.4  26.7  26.6 -99.0  23.7  17.4  11.7   9.8 
1895 -99.0 -99.0 -99.0  17.1  22.0  27.2  27.1  27.1  25.7  15.4 -99.0 -99.0 
1896 -99.0 -99.0 -99.0 -99.0  25.0  26.3  28.0  28.0  24.4 -99.0 -99.0 -99.0 
1897 -99.0 -99.0 -99.0 -99.0  21.0  28.1  28.2  26.4  23.3  17.4 -99.0 -99.0 
1898 -99.0 -99.0 -99.0 -99.0  24.1  28.0  27.6  26.1  24.0  16.0 -99.0 -99.0 
1899 -99.0 -99.0 -99.0 -99.0  24.6  27.7  27.4  27.7  23.0  18.6 -99.0 -99.0 
1900 -99.0 -99.0 -99.0 -99.0  22.6  25.6  27.7  28.3  25.2  20.7  13.2   9.1 
1901   8.6   7.8  13.0  13.9  22.2  26.3  28.5  26.6  22.6  17.1   9.1   6.1 
1902   6.5   6.6  13.5  17.0  25.1  27.9  29.3  28.2  23.3  18.4  14.7   8.0 
1903   6.4   9.1  16.2  16.4  22.1  24.9  28.4  28.7  23.2  17.6  10.4   4.8 
1904   4.7   8.5  14.9  16.2  22.2  27.2  27.6  26.8  25.7  18.3  11.1   8.8 
1905   3.2 -99.0 -99.0 -99.0  24.8  28.3  28.7  27.2  25.0  17.1  13.1   6.5 
1906   8.2   8.2  11.5  18.7  21.4  26.7  25.9  26.9  25.3  16.0  12.3   9.2 
1907  11.8   9.1  18.5  14.5  20.7  24.3  28.1  27.6  23.4  16.2  10.3   7.5 
1908   6.6   6.3  17.5  19.8  22.4  26.8  27.9  27.3  23.5  16.3  14.2  11.3 
1909  10.3  10.1  14.0  17.8  21.2  26.7  27.4  27.0  24.2  16.8  14.4   5.0 
1910   7.2   7.4  16.1  17.0  21.2  25.1  26.8  26.9  25.1  19.9 -99.0   4.8 
1911   9.1  11.7  13.9  17.6  23.1  28.7  26.2  27.0  26.7  20.7   9.9   9.6 
1912   4.2   6.2  12.0  18.2  22.9  25.1  27.6  26.2  25.0  19.1  10.8   9.0 
1913  11.2   9.6  13.4  16.8  22.0  25.2  27.2  27.1  21.8  15.9  12.4   8.3 
1914   8.0   7.8  10.9  18.0  22.2  28.3  27.8  26.0  21.9  17.5  11.1   6.7 
1915   6.8   8.9   8.9  18.4  23.8  25.8  26.7  26.6  24.5  19.6  13.5   7.8 
1916  11.7   9.2  12.4  16.9  23.5  26.2  26.6  27.1  23.3  18.9  12.6   8.9 
1917  10.7   9.5  14.6  18.5  19.8  25.9  27.3  26.2  22.5  15.4  11.1   4.9 
1918   3.9  11.5  16.8  16.0  22.4  26.5  25.6  26.8  21.2  20.3  11.9  10.6 
1919   7.3   9.1  14.4  17.5  21.2  26.2  27.0  26.5  24.0  24.1  14.3 -99.0 
1920   9.3   8.2  11.7  16.8  20.7  25.7  26.9  25.9  25.0  17.4  11.0   7.6 
1921   9.4  10.7  17.7  17.4  21.4  26.8  27.5  26.9  27.3  16.6  14.2  10.2 
1922   7.5  12.6  13.8  18.9  22.2  26.6  27.3  25.7  24.7  18.1  12.8  11.3 
1923   9.6   8.8  13.0  17.3  20.9  25.3  26.3  26.9  24.8  17.4  10.5  11.1 
1924   5.1   7.2  10.5  16.8  20.0  27.3  27.2  28.0  21.8  16.4  12.0   8.8 
1925   8.1  11.1  14.2  19.8  21.3  27.7  28.5  27.4  28.6  18.4  10.6   6.6 
1926   6.2  10.1   9.3  16.2  21.4  25.9  26.6  27.8  26.0  18.7   9.4   9.2 
1927   7.7  13.9  14.0  19.8  23.0  26.5  27.7  26.0  24.7  19.0  13.9   7.5 
1928   5.7   8.3  12.9  15.3  20.4  25.0  27.5  27.0  22.2  19.1  10.9   6.8 
1929   8.3   7.9  15.0  19.0  21.5  25.3  27.1  26.9  23.1  16.1  12.7   6.3 
1930   7.4  10.6  11.2  17.7  23.0  24.8  28.8  26.3  24.9  15.8  11.4   6.0 
1931   6.5   9.4   9.8  16.5  20.2  27.2  29.0  26.4  26.5  19.1  15.2  12.6 
1932  11.4  13.8  10.9  17.8  21.3  26.8  28.7  27.4  24.1  16.9   9.8  10.8 
1933  11.2   9.3  13.7  17.0  25.0  26.8  26.7  27.4  26.0  18.8  12.0  12.1 
1934   8.3   6.1  11.8  17.2  21.9  27.1  28.2  27.5  23.9  18.4  12.9   7.1 
1935   8.7   9.2  15.7  18.3  23.2  25.9  27.7  27.6  23.6  18.9  14.2   4.2 
1936   7.0   7.4  14.4  16.8  23.4  27.8  27.9  27.3  25.3  19.3  11.5   9.7 
1937  14.4   9.2  12.2  16.5  22.2  27.9  27.3  27.3  22.5  17.0  10.4   8.5 
1938   8.8  12.8  16.4  16.1  21.8  24.9  26.4  27.6  23.3  18.0  12.9   7.1 
1939   9.0  11.1  13.9  16.1  20.9  26.3  27.2  25.9  24.5  18.3  10.4   7.9 
1940   0.4   6.6  11.2  16.0  19.9  25.4  25.9  26.9  22.4  17.5  11.3   9.4 
1941   7.6   5.4   9.1  17.5  22.0  25.7  27.1  27.1  24.5  21.1  11.5   9.1 
1942   6.0   6.2  11.5  16.7  21.3  25.7  27.5  25.9  22.7  17.2  12.6   8.3 
1943   8.9   8.9  11.1  16.7  22.3  27.0  27.4  27.0  21.8  15.8 -99.0   7.0 
1944   7.2  11.5  13.0  16.0  21.9  26.8  26.4  25.9  23.5  16.2  10.9   5.9 
1945   7.0  10.4  16.9  18.1  19.6  26.0  26.5  26.2  24.5  16.2  12.2   4.0 
1946   8.5   9.1  15.0  18.0  20.9  24.3  26.0  25.8  22.0  16.1  15.1   9.6 
1947   9.4   5.1   9.0  18.3  20.7  24.9  25.5  27.3  24.6  19.9  10.9   7.2 
1948   4.7   9.9  14.4  19.0  22.0  26.5  27.1  25.6  21.9  14.6  12.3   8.7 
1949  11.9  11.4  11.6  15.6  21.2  24.4  26.4  25.3  21.5  20.1  10.1   8.4 
1950  14.2  12.4  12.3  15.5  23.5  25.9  26.2  25.3  21.8  18.8   9.2   5.5 
1951   8.5   8.8  12.7  15.8  20.7  26.2  27.0  27.7  24.0  18.5   9.4   9.7 
1952  11.7  10.2  12.1  16.2  21.8  28.0  28.1  26.6  21.7  14.4  11.3   6.8 
1953   9.4   9.5  13.8  15.6  22.8  26.1  26.2  25.9  22.1  17.8  11.0   7.3 
1954   8.9  10.8  12.4  19.1  18.6  26.1  27.7  28.0  24.4  17.9  10.3   7.2 
1955   6.8   9.5  14.4  19.0  22.1  22.8  26.5  26.9  24.0  16.0  11.2   7.5 
1956   6.1  11.4  12.4  16.1  22.1  25.0  26.6  26.9  21.6  17.9  10.4  12.3 
1957   9.6  13.6  11.5  18.0  21.7  25.8  26.4  26.1  23.4  15.5  13.0   8.5 
1958   4.5   4.4  10.7  17.5  21.6  25.8  26.7  26.4  23.2  15.9  13.4   6.0 
1959   6.9   9.7  11.0  16.7  22.5  25.0  26.5  26.8  23.2  18.8  11.5   8.4 
1960   7.2   7.7   7.5  17.2  19.9  25.1  27.0  26.2  23.3  18.0  12.0   5.4 
1961   4.5  10.9  13.8  15.2  19.3  23.5  25.9  25.4  23.2  16.2  13.7   8.7 
1962   6.6  13.2  10.5  14.9  23.6  25.5  27.2  26.6  23.2  18.1  10.9   6.2 
1963   4.5   6.3  14.2  18.3  21.3  25.0  25.7  26.7  22.6  17.6  11.3   3.4 
1964   5.7   5.7  12.4  17.5  21.0  26.0  25.5  25.5  23.0  15.0  13.3   9.4 
1965   7.7   8.4  11.3  19.0  22.8  23.7  25.8  26.0  23.5  16.6  13.6   7.7 
1966   5.3   8.4  11.5  16.7  20.0  22.8  27.2  25.6  22.5  16.7  12.2   9.0 
1967   8.4   7.5  15.1  19.9  20.5  24.1  24.7  24.5  19.6  16.3   9.8  10.0 
1968   5.7   4.8  11.7  17.6  20.5  25.2  25.9  26.4  21.9  17.6  10.2   5.8 
1969   5.5   7.1   9.0  17.6  20.5  25.2  27.2  24.6  21.5  17.2  10.0   6.3 
1970   3.1   6.8  11.7  18.1  21.2  24.1  26.1  26.1  24.7  18.3   9.3   9.5 
1971   7.2   6.8   9.5  15.9  19.2  25.6  25.4  25.5  23.7  19.3  10.9  12.6 
1972   9.7   7.4  12.3  17.3  19.7  23.6  25.7  25.9  24.2  16.8  10.9  10.3 
1973   6.9   6.9  15.1  15.1  18.8  24.7  26.8  25.5  24.7  19.2  14.1   8.1 
1974  13.2   8.7  15.6  16.5  21.6  23.5  25.5  25.6  21.3  15.2  11.7   7.8 
1975   9.5  10.3  11.8  15.6  22.5  24.6  25.9  26.3  22.0  17.9  12.7   6.8 
1976   4.5  10.7  13.9  16.6  17.5  23.2  26.0  25.3  22.6  14.2   8.5   5.6 
1977   1.1   6.7  14.0  18.1  22.1  26.2  27.7  26.5 -99.0  15.9  13.5   7.5 
1978 -99.0   4.2  10.8  17.4  20.8  25.4  27.9  26.4  25.5  17.6 -99.0   7.9 
1979   4.1   6.6  13.4  17.6  21.1  24.1  26.4  26.6  22.7  16.8 -99.0   8.0 
1980   8.5   6.6  11.5  15.7  21.0  25.5  28.1  27.9  25.7  16.0  11.2   8.0 
1981   4.7   8.4  11.2  18.6  19.2  26.9  27.7  24.8  21.8  15.1  11.6   5.7 
1982   5.2   9.2  14.7  15.2  21.6  24.7  26.6  26.1  22.5  17.6  12.8  11.0 
1983   5.7   8.2  11.4  14.5  20.2  23.6  27.6  27.4  22.1  17.4  11.2   5.2 
1984   4.7   9.2  12.2  15.8  20.6  25.0  25.5  25.3  21.7  20.1  10.2  11.4 
1985   3.0   8.0  14.8  17.8  21.1  25.7  25.7  25.6  22.1  20.3  17.0   6.2 
1986   5.8  10.9  12.9  16.7  21.9  26.4  28.4 -99.0  24.4  18.3  15.7   8.5 
1987   6.4   8.4  12.9  15.2  22.1  24.7  26.7  27.8  23.4  14.0  13.6  10.7 
1988   4.9   7.8  12.5  17.1  19.7  24.8  26.0  26.9  23.3  15.5  13.2   8.3 
1989  10.3   9.2  14.2  15.8  20.1  24.4  26.1  26.0  22.5  16.9  12.2   4.3 
1990   9.4  12.2  14.1  15.7  20.6  25.2  26.7  27.2  23.9  18.1  13.5  10.4 
