Number= 720097
Name= MARENGO-------------
Country= USA---------
Lat=   42.3
Long=   88.6
Height= 249
Start year= 1856
End year= 1990
First Good year= 1856
Source ID= 30
Source file= New
Normals source= Data
Normals source start year= 1961
Normals source end year= 1990
Normals=  -7.6  -5.1   1.4   8.4  14.7  20.2  22.5  21.1  16.9  10.5   3.1  -4.7 
Standard deviations source= Data
Standard deviations source start year= 1941
Standard deviations source end year= 1990
Standard deviations=   3.1   2.7   2.6   1.8   2.0   1.5   1.2   1.4   1.3   2.0   1.9   2.9 
Obs:
1856 -11.6  -7.2  -1.4  11.2  13.9  23.3  24.1  20.6  16.8  11.0   1.7  -8.4 
1857 -13.2  -1.8  -1.5   2.4  11.9  19.8  25.3  20.6  17.9   9.4  -0.6   0.3 
1858   0.6  -7.6   3.7   7.6  13.1  22.7  23.3  22.3  17.9  11.0   0.6  -2.8 
1859  -4.4  -3.2   3.7   4.4  14.9  17.6  22.9  20.8  16.1   8.3   3.1  -8.5 
1860  -5.2  -3.6   3.8   6.4  13.8  17.8  21.7  19.2  14.2   9.2   0.6 -99.0 
1861 -99.0  -2.3   0.4   8.6  11.0  18.2  19.1  20.0  15.9   9.5   0.2  -1.1 
1862  -7.3  -6.9   0.1   5.4  13.0  16.7  21.9  21.4  17.1  10.1   0.8  -1.2 
1863 -99.0  -3.4  -0.4   9.0  16.0  18.3  20.7  21.1  15.6   6.1   2.4  -2.5 
1864  -7.9  -3.2   0.2   6.6  16.0  20.9  22.6  21.8  16.8   7.0   1.4  -8.0 
1865  -8.3  -2.0 -99.0   7.7  14.7  20.3  18.7  19.9  20.2   8.7   4.6  -7.3 
1866  -6.9  -6.3  -1.8   9.3  12.7  19.2  23.9  18.7  14.0  10.4   2.9  -5.7 
1867  -9.2  -3.4  -4.2   8.1   9.9  21.9  21.3  23.0  17.4  11.0   3.6  -4.7 
1868 -10.2  -6.9   3.6   5.2  14.6  19.7  26.8  19.2  13.8   5.3   3.2  -6.9 
1869  -2.7  -3.7  -2.7   7.4  12.9  18.2  20.2  20.8  15.7   3.7  -1.1  -4.3 
1870  -6.2  -4.8  -1.5   9.9  17.6  21.0  23.4  20.3  18.1  10.1   3.2  -5.3 
1871  -5.3  -4.8   2.4   8.9  15.6  19.1  21.2  20.8  14.0  10.3  -0.9  -8.8 
1872  -7.7  -5.7  -4.6   7.6  14.0  20.5  22.0  20.9  16.0   8.5  -2.9 -11.2 
1873 -10.5  -8.2  -1.3   5.3  12.4  21.9  20.9  21.2  14.7   6.6  -2.4  -3.4 
1874  -6.6  -4.9  -0.7   1.9  14.8  20.6  23.1  21.3  17.3   9.4   0.2  -4.8 
1875 -14.7 -15.2  -3.4   4.9  13.4  18.1  20.3  18.3  13.8   5.9  -1.1  -0.8 
1876  -3.6  -3.9  -2.3   6.9  14.5  19.0  22.1  21.6  14.4   6.8   0.4 -11.6 
1877 -10.9  -0.9  -1.0   6.6  14.1  17.9  21.7  20.4  17.4   9.9   0.6   3.2 
1878  -4.0  -0.7   5.4  10.3  12.1  18.1  23.2  21.3  16.9   7.8   2.3  -9.2 
1879 -10.6  -7.4   1.1   7.1  14.9  18.3  23.9  20.2  13.9  13.3   1.3  -6.3 
1880   0.7  -2.8   0.0   7.6  17.6  20.4  21.3  21.2  14.6   7.7  -4.4  -9.1 
1881 -12.1  -8.3  -2.8   3.8  18.0  17.9  22.5  22.7  18.4  10.8   0.7  -0.8 
1882  -6.3   0.2   1.0   6.5  10.5  17.6  18.6  20.3  15.9  11.7   2.6  -7.0 
1883 -13.2  -9.2  -3.0   7.2  11.3  18.4  20.8  18.7  13.8   7.8   1.9  -4.9 
1884 -99.0  -6.4  -1.6   6.5  13.9  18.9  19.7  18.8  18.4  10.8   0.4  -7.0 
1885 -12.9 -13.5  -4.0   5.7  12.4  18.2  22.1  17.8  15.4   7.1   2.1  -4.9 
1886 -10.9  -6.7  -1.0   8.6  14.4  18.6  21.6  20.9 -99.0  10.9  -0.4  -9.2 
1887 -11.6  -5.8  -1.8   8.3  17.2  20.6  23.9  20.1  15.2   6.2   0.3  -5.4 
1888 -13.3  -8.1  -3.3   6.5  10.9  19.3  21.5  18.9  13.6   7.4   2.8  -2.3 
1889  -4.4  -9.1   2.3   8.1  13.1  17.3  20.9  20.1  15.2   7.6   1.1   2.3 
1890  -3.6  -1.9  -3.6   7.8  11.9  21.1  21.6  18.4  14.4   9.4   3.6  -3.6 
1891  -3.4  -3.8  -2.2   8.8  12.9  19.1  18.6  19.9  20.2   9.7  -1.1  -0.3 
1892  -9.7  -2.3  -1.5   6.8  11.8  18.4  21.7  20.8  16.5  10.9  -0.6  -7.8 
1893 -14.5  -9.5  -1.2   6.3  11.8  19.8  22.3  20.4  16.7   9.9  -0.4  -6.5 
1894  -5.7  -8.0   4.0   8.9  13.5  21.7  23.3  21.4  17.4   9.6  -1.3  -1.8 
1895 -11.5 -11.5  -1.2   8.9  14.9  21.4  21.1  21.8  18.7   6.0  -0.4  -3.8 
1896  -4.9  -5.6  -2.3  11.5  18.4  19.6  21.7  21.2  14.4   7.3   0.2  -2.6 
1897  -8.0  -4.3  -0.8   7.2  12.9  18.7  23.4  19.6  20.0  13.0   0.7  -7.1 
1898  -5.0  -5.5   3.0   7.5  14.3  20.8  23.0  20.9  18.5   9.0   0.1  -7.0 
1899  -7.2 -10.0  -2.7  10.1  15.3  21.3  22.4  22.9  16.3  12.9   5.1  -4.8 
1900  -4.0  -9.6  -3.3   9.3  16.0  19.5  21.9  24.1  17.9  14.9   0.9  -2.9 
1901  -6.4 -11.2  -0.3   8.3  14.3  21.3  26.3  21.6  16.8  11.5   0.6  -6.5 
1902  -6.1  -8.5   3.1   7.7  15.4  17.5  21.7  19.4  14.8  11.2   6.3  -5.8 
1903  -6.6  -6.1   4.1   8.5  15.7  16.8  21.6  19.5  16.4  10.5   0.5  -8.9 
1904 -11.0 -10.6   0.5   5.0  14.1  19.1  21.4  19.3  16.8  10.7   3.9  -5.9 
1905 -10.1 -10.9   3.2   7.8  13.5  19.4  20.8  21.5  18.4   9.9   2.1  -3.1 
1906  -3.1  -5.0  -3.0   9.6  14.5  19.0  21.8  23.0  19.9  10.0   2.3  -2.9 
1907  -5.6  -5.7   4.5   3.8  10.4  18.5  21.9  20.3  15.9   8.9   1.7  -2.6 
1908  -5.5  -6.0   2.3   8.3  14.4  18.8  22.0  20.9  19.8  10.7   3.3  -3.4 
1909  -4.7  -2.7   0.2   5.5  13.0  19.2  21.2  22.6  15.9   8.0   6.3  -9.1 
1910  -7.6  -8.1   7.3  10.0  11.7  20.1  23.8  21.6  16.4  12.3  -0.8  -6.2 
1911  -5.8  -3.1   2.2   6.5  17.4  21.7  23.1  20.8  17.5   9.3  -0.7  -1.8 
1912 -15.2  -9.0  -4.2   8.4  15.2  18.2  21.6  19.7  17.3  10.7   2.9  -1.8 
1913  -4.7  -7.3  -1.0   9.0  13.7  20.6  22.4  21.7  16.7   9.5   5.7   0.2 
1914  -2.7  -9.7   0.7   8.5  15.7  19.6  23.0  21.9  17.2  13.2   3.8  -8.1 
1915  -9.1  -1.4  -0.6  12.5  11.5  17.3  19.7  17.6  17.5  10.9   3.8  -4.6 
1916  -4.9  -7.3  -0.9   7.5  14.2  16.5  25.7  22.5  15.6  10.0   3.0  -6.7 
1917  -8.3  -9.5   1.4   5.8  10.8  17.0  21.7  20.1  15.9 -99.0 -99.0 -99.0 
1918 -99.0 -99.0 -99.0 -99.0 -99.0  19.4  21.7  23.8  13.7  11.9   3.8   0.0 
1919  -4.2  -3.8   1.4   7.7  11.9  21.6  24.3  20.8  18.0  11.0   0.8  -9.9 
1920 -10.9  -6.7   1.7   4.4  12.1  20.3  21.2 -99.0  18.5  13.8   2.1  -2.5 
1921  -2.7  -1.9   5.6  10.9  15.8  23.1  25.7  21.4  18.9  10.4   1.2  -3.4 
1922  -6.7  -4.1   2.1   8.2  17.2  21.0  22.0  22.0  19.0  11.9   4.5  -4.3 
1923  -3.9  -8.5  -2.6   7.1  13.0  21.5  23.2  20.5  16.6   9.0   3.5   1.0 
1924 -10.7  -5.0  -0.7   8.0  10.8  17.8  20.3  20.6  13.8  13.5   2.8  -8.6 
1925  -7.5  -3.3   2.7  10.8  11.9  20.6  21.9  21.9  19.5   4.4   0.9  -7.3 
1926  -5.7  -2.6  -2.5   4.8  14.4  17.0  21.5  21.4  16.1   8.9  -0.2  -6.0 
1927  -7.1  -1.2   3.8   7.6  12.7  17.7  21.8  18.9  19.0  12.0   3.9  -5.8 
1928  -5.5  -2.9   1.3   5.9  14.6  17.0  21.9  21.3  14.5  11.0   3.2  -2.5 
1929 -12.0  -9.9   4.0   9.5  12.3  17.9  21.9  19.6  16.1   9.0  -0.4  -4.2 
1930 -10.7   0.0   0.8   8.8  14.6  20.0  22.8  22.4  17.6   8.9   3.3  -4.2 
1931  -3.0  -0.2   0.0   8.5  12.2  21.9  23.6  21.6  19.7  12.4   7.0   0.2 
1932  -1.9  -1.4  -4.1   7.2  15.1  21.0  23.3  22.1  16.0   9.2   0.3  -4.6 
1933   0.3  -6.1   0.5   7.4  14.4  24.0  22.9  20.7  19.7   9.2   1.1  -3.2 
1934  -2.3  -6.9  -0.6   8.8  18.4  23.7  24.5  21.8  16.2  11.6   5.4  -6.5 
1935  -7.1  -3.7   3.6   6.5  10.9  17.3  24.3  22.1  16.9  10.5   1.8  -6.1 
1936 -11.1 -13.1   2.8   5.4  17.1  18.7  25.6  23.6  18.4   9.7   1.0  -1.6 
1937  -5.8  -5.6  -0.6   7.1  14.8  19.3  22.9  23.7  16.4   8.9   1.1  -5.3 
1938  -6.1  -0.8   5.7   8.8  14.5  19.0  22.5  22.8  16.9  12.7   4.2  -3.5 
1939  -2.6  -5.7   1.8   6.4  15.9  21.0  23.0  21.1  19.5  11.3   3.1   0.0 
1940 -11.7  -4.0  -1.8   6.6  12.1  20.2  23.0  21.1  16.2  12.1   1.2  -2.2 
1941  -4.7  -6.6  -1.6  10.7  16.6  20.4  23.1  21.7  18.4  11.3   4.4   0.0 
1942  -6.6  -5.9   3.1  11.0  14.0  19.8  22.8  20.9  15.4  10.4   3.5  -7.2 
1943  -7.4  -4.8  -1.3   7.2  13.0  21.6  22.8  22.3  14.7  10.1   0.4  -3.6 
1944  -2.2  -4.1  -1.2   6.2  17.2  21.8  22.2  22.3  18.0  10.7   4.5  -7.3 
1945  -8.9  -4.2   8.1   9.1  11.4  17.7  20.9  21.0  16.3   9.1   2.5  -7.4 
1946  -4.3  -3.7   6.8  10.2  13.3  19.7  23.3  20.1  17.7  13.6   3.9  -1.4 
1947  -3.8  -7.8  -1.0   8.0  11.7  18.4  21.4  25.9  18.8  15.7  -1.0  -2.7 
1948  -9.3  -5.3   1.0  11.4  12.7  19.5  23.2  22.0  18.9   9.5   4.9  -3.1 
1949  -4.6  -4.9   1.7   7.5  15.7  22.5  24.1  22.3  14.3  12.9   3.0  -2.5 
1950  -3.7  -5.2  -1.4   4.7  14.7  19.5  20.4  19.1  16.4  13.2  -0.3  -9.5 
1951  -7.7  -4.9   0.0   6.7  15.3  17.3  20.4  19.0  14.9  10.4  -2.3  -6.7 
1952  -6.2  -2.1  -0.7   9.5  13.9  21.6  23.1  20.5  16.9   7.6   4.1  -2.3 
1953  -4.2  -2.2   1.6   6.2  14.6  21.4  22.5  21.8  17.0  12.7   4.5  -2.9 
1954  -5.7   0.9  -0.3  10.1  11.9  21.8  22.3  20.4  18.1  10.6   3.4  -3.0 
1955  -6.7  -5.2   0.8  11.9  16.0  18.3  25.4  23.6  17.6  12.1 -99.0 -99.0 
1956 -99.0 -99.0 -99.0 -99.0 -99.0 -99.0 -99.0  20.9  16.4  14.1   3.5  -1.2 
1957  -9.9  -1.0 -99.0   8.6  13.3  20.6  23.3  21.4  16.0   8.7   2.5  -1.1 
1958  -6.4  -9.5   0.8   8.5  14.5  16.7  20.7  21.6  16.9  12.1   3.9  -7.7 
1959 -10.4  -6.7   1.1   8.2  17.2  20.8  21.3  23.4  18.2   8.5  -1.7   0.0 
1960  -5.1  -5.6  -6.1  10.3  12.8  18.6  20.8  21.6  18.4  10.1   3.5  -5.8 
1961  -7.5  -1.4   2.2   5.2  12.0  19.2  21.5  21.4  17.9  10.9   2.2  -5.8 
1962 -11.1  -6.7  -1.2   7.7  17.2  19.8  20.5  21.4  14.9  12.2   2.8  -6.1 
1963 -13.4  -9.5   2.5   9.2  13.2  21.2  22.3  19.9  16.9  15.5   5.3 -10.6 
1964  -3.2  -3.8   0.7   8.8  17.7  21.0  23.4  20.4  17.2   9.3   4.7  -5.3 
1965  -6.8  -5.7  -3.3   7.2  17.3  19.9  22.1  20.4  16.5  10.9   3.6   0.0 
1966 -10.2  -4.6   2.8   6.9  11.3  20.7  23.6  20.4  16.1   9.6   3.6  -4.7 
1967  -4.3  -8.5   1.3   8.5  11.7  20.9  20.8  18.6  15.7  10.2   1.0  -2.7 
1968  -6.5  -6.3   5.0   9.5  12.7  21.0  21.6  21.9  17.1  11.1   2.5  -4.1 
1969  -8.3  -3.3  -0.6   9.2  15.1  17.3  22.4  22.2  17.2   9.2   1.7  -4.3 
1970 -11.2  -5.4   0.2   9.3  15.8  20.3  23.6  22.4  17.4  11.3   2.2  -3.2 
1971  -9.7  -5.1  -0.3   8.3  13.1  22.5  21.1  21.0  19.5  14.9   3.0  -1.3 
1972  -8.4  -6.3  -0.4   6.5  15.4  18.4  21.4  21.3  16.6 -99.0   1.7  -5.6 
1973  -3.8  -3.3   5.4   8.1  12.2  21.1  23.0  22.6  17.4  13.1   3.1  -4.6 
1974  -6.3  -4.8   2.2  10.1  13.1  18.5  23.4  20.2  15.1  11.0   3.6  -2.5 
1975  -4.3  -4.8  -0.8   5.7  16.8  20.9  22.0  21.9  14.7  11.9   5.9  -2.2 
1976  -9.0  -0.7   3.8   9.8  12.6  20.2  22.8  20.3  16.0   7.3  -1.8  -9.2 
1977 -14.6  -5.1 -99.0  12.0  18.8 -99.0  23.5  18.8  16.0   8.2   2.6  -6.1 
1978 -10.5 -10.7  -1.4   8.5  14.9  20.8  21.6  21.5  19.9  10.0   3.7  -5.5 
1979 -99.0 -10.2   1.1   6.6  15.0  20.5  21.9  20.8  17.7  10.3   3.1 -99.0 
1980  -6.3  -7.3  -1.0   7.5  15.4  18.7  23.2  21.8  16.9   8.0   3.2  -4.3 
1981  -6.3  -3.2   2.5  10.6  12.9  20.5  21.3  20.8  15.8   8.6   4.3  -4.8 
1982 -12.4  -6.6   0.1   6.2  18.1  17.3  22.9  20.0  16.1  11.3   3.5   0.6 
1983  -3.8  -1.1   2.8   6.3  12.4  20.5  24.4  23.8  17.1  11.3   5.0 -10.8 
1984  -8.8   0.5  -1.7   7.9 -99.0  21.1  21.3  22.5  16.5  12.1   3.3  -2.2 
1985 -10.6  -7.4   3.8  11.5  16.5  18.9  22.8  19.8  18.1  11.0   2.1  -9.4 
1986  -6.7  -5.3   3.1  11.0  15.3  19.9  23.7  19.1  17.9  10.5   1.4  -2.1 
1987  -4.4  -0.5   3.9  10.0  16.8  22.1  23.8  21.3  16.7   7.3   5.5  -1.2 
1988  -9.6  -6.3   2.5   8.1  16.4  22.4  24.4  24.3  18.1   7.1   4.2  -3.6 
1989  -1.6  -8.4   0.5   7.4  13.9  19.4  22.9  20.6  15.6  11.1   1.5  -9.8 
1990  -0.9  -2.3   4.0   9.0  12.2  19.8  21.9  21.0  17.8   9.2   5.8  -3.6 
