Number= 720029
Name= HEALDSBURG----------
Country= USA---------
Lat=   38.6
Long=  122.9
Height= 32
Start year= 1893
End year= 1990
First Good year= 1893
Source ID= 30
Source file= New
Normals source= Data
Normals source start year= 1961
Normals source end year= 1990
Normals=   8.4  10.9  11.5  13.5  16.5  19.0  20.4  20.3  19.7  16.5  11.5   8.4 
Standard deviations source= Data
Standard deviations source start year= 1941
Standard deviations source end year= 1990
Standard deviations=   1.3   1.3   1.4   1.7   1.3   1.3   0.9   0.8   1.1   1.0   1.1   1.3 
Obs:
1893 -99.0 -99.0 -99.0  11.2  15.2  18.8  19.8 -99.0  16.2  15.0 -99.0   9.4 
1894   5.1   5.5 -99.0  12.1  14.0 -99.0  18.9  19.6  16.8  16.0  14.1   6.4 
1895   6.2   9.3  10.1  12.8  15.0 -99.0  17.1 -99.0 -99.0 -99.0  13.3   9.2 
1896   9.1  11.2  11.2  10.3  12.8 -99.0 -99.0  17.9  16.7  15.2  12.7   8.1 
1897   5.8   7.2   7.8  14.4  16.6  18.8  22.4  18.0  18.1  14.3   9.1   5.4 
1898   4.0   9.8   9.4  13.3  13.0  17.0  18.6  18.3  18.6  16.7  13.1   7.4 
1899   9.9 -99.0  11.3  12.6  13.6  17.7  17.9  16.5 -99.0  13.1  11.4   7.8 
1900   9.7  10.9  12.1  12.0  15.8  17.4  18.5  17.5  16.6  13.4  11.1   8.1 
1901   8.0  10.4  12.2  11.2  14.5  18.4  17.2  16.6  15.6  15.9  11.1   9.1 
1902   6.4  11.0   9.8  11.4  13.2  17.4  18.8  17.7  18.0  13.9   9.5   8.5 
1903   7.2   7.4   8.7  11.1  16.5  19.3  18.2  18.6  19.1  16.8  10.9   9.1 
1904   8.5   8.9   9.2  12.5  17.9  19.1  18.7  18.6  19.7  15.9  11.4   8.6 
1905   9.2  11.5  12.4  13.6  14.5  16.9  20.2  19.2  16.9  15.9  10.6   8.5 
1906   9.4  12.2  10.6  13.6  14.7  17.6  21.6  19.4  19.9  17.7  11.6   9.4 
1907   7.0  13.1   8.9  14.3  15.4  17.1  18.9  18.2  16.9  15.7  12.2   9.5 
1908   8.5   9.4  12.0  15.0  13.9  17.5  20.7  17.9  19.0  15.0   9.9   6.5 
1909   9.4   9.1  10.0  15.1  16.0  20.9  21.1  19.4  18.8  15.8  11.1   7.1 
1910   5.5   8.8  13.0  15.2  18.5  19.0  20.1  19.3  18.2  16.6  11.2  10.1 
1911   8.9   8.6  10.6  10.7  13.7  16.4  19.0  17.7  16.8  14.9  11.2   8.4 
1912  10.1  11.7   9.6  11.5  17.7  18.4  17.2  18.2  17.5  12.9  10.0   8.5 
1913   7.5  10.7  10.3  13.0  16.8  17.7  20.4  21.0  20.5  17.1  11.0   8.0 
1914  10.2  12.9  14.1  14.2  15.1  16.8  18.0  18.0  17.5  14.8  11.4   6.9 
1915   8.5   9.6  11.8  13.8  14.0  17.9  19.5  20.3  17.6  16.1  10.5   8.6 
1916   6.2  12.1  11.9  14.9  15.0  17.2  20.3  19.1  18.9  12.6   8.6   6.9 
1917   6.3  10.0   9.6  12.8  14.0  18.6  19.8  18.4  19.7  16.6  11.4  10.4 
1918   9.9   9.4  10.4  12.5  14.1  18.4  18.3  18.1  16.9  16.5  10.2   7.5 
1919   7.6   8.8   9.2   9.6  15.8  17.1  17.4  18.0  17.6  14.4  10.0   7.0 
1920   9.2   9.7   9.1  11.7  15.0  18.0  17.7  18.5  17.7  13.4  10.0   8.9 
1921   8.5  10.5  11.2  11.4  13.1  19.2  18.7  17.5  17.9  15.8  11.8   8.1 
1922   6.5   8.6   9.2  11.9  15.7  17.2  18.2  18.5  19.6  13.8   9.0   8.7 
1923   7.6  10.0  12.0  12.9  15.7  15.6  18.4  19.3  18.8  15.6  13.0   8.4 
1924   8.3  13.1  11.0  13.8  16.2  17.1  17.3  17.6  18.4  13.8  10.7   7.3 
1925  10.3  11.5  10.9  12.6  15.0  18.0  18.6  17.1  16.8  15.1  10.3   9.3 
1926   6.6  12.3  13.4  14.8  17.3  18.4  20.2  19.2  17.5  16.4  13.5   9.6 
1927   9.5 -99.0  11.2  13.4  15.3  18.0  18.8  18.8  18.6  16.6  12.0   9.5 
1928   8.8  11.6  12.6  13.2  16.4  19.1  18.9  19.4  19.1  15.4  10.6   7.2 
1929   6.8   9.1  10.4  10.8  15.5  18.0  19.3  18.6  17.7  15.9  11.7  11.3 
1930   7.4  12.6  12.0  13.7  14.2  17.6  18.3  19.2  17.1  16.0  11.4   8.6 
1931   9.4  11.1  11.4  13.2  17.8  18.4  20.9  18.9  17.9  14.6  10.3   7.6 
1932   8.5  10.5  13.2  12.7  15.8  17.5  19.0  18.3  19.1  16.1  13.4   6.7 
1933   7.4   8.7  11.1  12.6  12.7  15.6  18.4  18.4  17.1  16.3  12.0   9.0 
1934  10.3  11.9  14.8  15.1  16.2  17.4  18.7  19.4  19.9  15.5  11.8  10.2 
1935   8.6  10.7   9.0  13.0  15.6  19.6  18.8  18.8  18.0  15.0   9.4   9.0 
1936  10.5  10.3  12.4  13.5  16.8  18.4  19.9  20.0  19.8  16.3  11.2   8.8 
1937   5.1   9.2  11.4  12.5  17.4  18.4  20.2  20.3  19.6  17.3  11.9  10.9 
1938   9.8  10.3   9.9  12.8  16.3  18.2  19.4  19.0  19.6  15.0   9.3  10.1 
1939   8.6   9.4  10.6  15.2  16.1  18.7  19.6  18.9  20.1  16.2  10.9  10.1 
1940   9.3  11.6  12.2  13.9  15.5  17.2  18.1  18.1  19.1  16.3  10.6  10.9 
1941  10.0  11.5  13.4  13.0  16.2  18.0  19.7  19.6  19.7  16.0  11.8   9.3 
1942   8.6  10.5  10.6  12.2  14.3  19.5  20.8  20.3  18.2  15.9  11.2   9.3 
1943   8.9  10.6  11.8  13.4  17.1  18.0  20.2  20.1  19.8  15.7  12.4   9.5 
1944   8.1   9.9  12.2  11.1  15.2  17.8  18.6  20.0  20.4  16.2  10.0   9.2 
1945   8.3  11.5   9.0  14.4  14.1  20.0  20.8  19.7  18.7  15.8  11.3   8.9 
1946   8.3   8.3  11.0  12.9  15.1  18.8  20.8 -99.0  18.9  14.8  10.1   8.8 
1947   6.3  11.0  12.1  14.8  16.9  19.6  20.2  18.8  19.6  15.7  10.4   7.9 
1948   9.5   9.0   9.2  10.6  14.3  17.7  19.0  19.2  18.5  16.3  11.1   6.4 
1949   4.5   7.7  10.5  14.5  15.6  18.6  18.6  18.7  19.3  14.8  13.5   7.3 
1950   5.8  10.1   9.9  13.8  15.7  17.3  19.2  20.4  19.2  16.2  14.1  10.5 
1951   8.4   9.7  11.4  11.9  16.0  16.8  18.6  18.5  18.5  16.1  11.3   7.9 
1952   6.5   9.8   9.7  13.0  16.9  16.2  19.6  19.3  19.9  15.9   9.9   8.8 
1953  10.5  11.1  10.6  11.2  14.0  17.3  20.1  18.8  19.8  15.6  11.6   9.5 
1954   8.2  10.4   9.1  13.8  16.3  18.7  20.3  18.2  18.3  15.2  11.1   7.2 
1955   6.6   9.4  11.1   9.9  16.5  17.5  19.4  18.7  18.9  15.9  11.3   9.6 
1956   8.8   8.7  10.8  12.4  15.6  19.3  18.8  19.1  18.9  15.0  12.1   8.1 
1957   6.5  10.5  11.1  13.6  15.1  20.8  20.1  19.3  19.0  15.0  10.6   8.0 
1958   8.7  12.1   9.4  14.0  16.1  18.7  19.3  21.0  21.7  17.2  12.8  11.7 
1959   9.6   9.8  13.4  14.9  16.1  20.5  20.8  19.6  19.1  18.2  11.9   8.9 
1960   7.8  10.3  11.6  12.8  15.8  20.0  19.9  19.1  18.6  15.4  10.0   8.2 
1961   6.7  11.3  10.1  13.6  14.1  19.8  21.3  20.3  18.7  16.1  10.6   7.3 
1962   8.3   8.9   9.6  15.4  15.2  18.1  18.7  20.1  18.4  15.2  12.5   8.7 
1963   6.7  13.9  10.1  10.4  15.0  17.7  19.0  20.3  20.7  16.1  10.8   6.1 
1964   7.5  10.4  10.5  13.1  14.3  17.8  20.2  20.4  19.5  17.6   9.7   9.7 
1965   8.1  10.3  11.2  12.7  15.6  16.0  18.9  20.3  17.4  18.0  11.9   6.1 
1966   8.5   9.2  11.1  15.0  15.9  19.5  19.1  20.2  19.6  16.9  11.5   8.9 
1967   9.1  10.5   9.8   8.3  16.2  16.8  20.5  20.7  21.1  17.9  13.2   8.4 
1968   7.3  12.8  12.3  14.5  15.8  19.9  20.2  19.9  20.4  16.2  11.0   7.4 
1969   7.1   8.0  11.0  12.6  17.4  17.7  20.2  21.7  20.1  15.9  12.1  10.5 
1970   9.9  11.8  12.8  12.4  18.0  18.0  19.9  19.7  20.3  14.8  12.3   7.9 
1971   8.8  10.3  10.8  12.0  14.9  18.2  20.4  21.4  20.4  14.8  11.0   7.0 
1972   6.8  11.0  13.6  13.2  16.4  18.7  20.7  20.2  18.3  15.3   9.7   5.9 
1973   8.0  11.3  10.0  14.7  17.5  20.9  20.4  18.6  19.1  15.9  10.4   9.4 
1974   8.6   9.9  11.0  13.1  16.1  18.5  20.4  20.0  20.0  16.8  11.0   8.6 
1975   7.8   9.9  10.4  10.7  17.2  18.0  19.4  19.3  18.9  14.8  10.0   9.5 
1976   9.0  10.1  10.3  12.2  17.4  20.0  20.5  19.4  19.1  17.1  13.1   8.9 
1977   7.5  11.8  10.6  15.2  14.1  19.4  20.4  20.6  18.8  16.4  12.4  10.6 
1978  10.2  11.3  13.8  12.5  18.7  18.9  20.5  20.7  20.7  18.1  10.5   7.2 
1979   8.0   9.9  11.9  13.6  17.8  19.6  21.3  20.4  22.1  16.9  10.8   9.8 
1980   9.6  12.4  11.9  14.1  15.9  17.6  20.1  18.8  19.0  17.2  12.6   9.6 
1981   9.4  11.9  12.0  14.2  17.9  22.7  20.1  21.0  19.7  15.1  12.5  10.7 
1982   6.9  11.4  10.2  12.6  17.0  16.9  20.0  20.7  20.1  16.4   9.9   8.4 
1983   8.1  11.3  11.0  12.0  16.4  19.3  21.1  21.1  21.1  17.8  10.9  10.1 
1984   9.6  10.2  13.8  13.5  19.3  19.7  22.2  21.6  23.0  15.4  10.0   7.6 
1985   7.2  12.1  10.9  16.2  16.2  21.0  21.6  20.0  18.1  16.5  10.6   6.8 
1986  10.8  12.6  14.3  14.4  17.2  20.2  20.5  19.9  16.8  17.0  13.5   8.9 
1987   8.9  11.6  12.1  16.2  18.7  19.5  19.8  20.0  19.7  18.6  12.3   9.2 
1988   9.2  12.4  14.3  14.4  16.6  19.5  22.8  20.4  19.3  16.9  12.2   9.2 
1989   7.9   8.5  12.4  15.9  17.0  19.3  21.6  20.3  18.5  16.0  12.7   8.1 
1990   9.0   9.2  12.5  16.1  16.3  20.2  20.8  21.3  20.8  18.2  12.4   6.7 
