Number= 720184
Name= BOWLING-GREEN-FAA-AP
Country= USA---------
Lat=   37.0
Long=   86.4
Height= 160
Start year= 1878
End year= 1990
First Good year= 1878
Source ID= 30
Source file= New
Normals source= Data
Normals source start year= 1961
Normals source end year= 1990
Normals=   0.5   2.9   8.6  13.9  18.8  23.5  25.6  24.7  20.9  14.3   8.6   3.2 
Standard deviations source= Data
Standard deviations source start year= 1941
Standard deviations source end year= 1990
Standard deviations=   3.0   2.6   2.6   1.6   1.7   1.3   1.2   1.3   1.6   1.9   1.6   2.5 
Obs:
1878 -99.0 -99.0 -99.0 -99.0  19.3 -99.0 -99.0 -99.0  20.5  13.9   8.7  -0.4 
1879  -0.3   1.7   9.5 -99.0 -99.0 -99.0 -99.0 -99.0 -99.0 -99.0  10.5 -99.0 
1880   9.7   6.9   4.8  13.4  16.4  23.7 -99.0 -99.0 -99.0 -99.0   3.0  -1.2 
1881  -0.6   2.4   4.7   9.6  21.6  24.1 -99.0 -99.0 -99.0 -99.0 -99.0   6.1 
1882   3.4   7.1   8.5  13.0  16.2  23.2 -99.0 -99.0 -99.0 -99.0   7.9   1.8 
1883   6.4 -99.0   5.0  13.6  14.5  22.6  24.7  17.3  19.0 -99.0   9.1   5.1 
1884  -3.1   7.7 -99.0 -99.0 -99.0 -99.0 -99.0 -99.0 -99.0 -99.0 -99.0 -99.0 
1885 -99.0 -99.0 -99.0 -99.0 -99.0 -99.0 -99.0 -99.0 -99.0 -99.0 -99.0 -99.0 
1886 -99.0 -99.0 -99.0 -99.0  19.0 -99.0  25.6  22.7  22.4  14.2   8.0   8.4 
1887   3.1 -99.0   6.7  10.1  24.4  25.7  27.7  25.1 -99.0  12.7   8.1   3.6 
1888   1.4   5.7   7.3  15.3  19.1  24.7  28.6  25.8  19.6  13.0   9.7   4.4 
1889   4.6   3.6   9.8  15.2  18.6  22.9  25.7  24.7  20.1  13.7   8.4  13.2 
1890   8.8   9.9   6.0  14.2  18.5 -99.0 -99.0 -99.0  20.5 -99.0 -99.0 -99.0 
1891   3.1   6.0   5.9  14.8  17.5  26.3  24.4  24.5  22.1  13.9   7.0   6.6 
1892  -1.0   7.5   4.9  13.6  18.7  26.1  26.3 -99.0 -99.0  15.5   5.9   3.1 
1893  -1.4 -99.0   5.1  12.6  14.9  20.6  24.1  21.7  18.3  11.2   5.0   2.6 
1894   3.2   1.9  10.9  13.6  18.2  26.2  24.5  25.8  22.0  14.7   5.5   2.9 
1895  -0.4  -2.3   6.8  14.0  18.3  25.2  24.6  25.1  22.7  11.0   7.3   3.6 
1896   1.9   3.2   4.3  17.3  22.1  23.6  25.7  25.6  21.0  13.5   9.4   4.2 
1897   0.1   4.7   8.9  12.9  16.0  24.5  26.6  25.1  23.1  17.7   8.1   3.6 
1898   4.4   3.0   9.4  10.6  20.2  25.4  25.8  25.2  23.0  13.2   5.8   0.9 
1899   0.8  -3.4   5.4  13.7  20.3  25.2  26.1  26.3  20.8  16.4   9.6   1.9 
1900   2.7   0.1   4.9  13.3  19.0  23.3  26.3  27.5  23.6  17.5   7.3   3.7 
1901   2.3   0.6   7.4  10.2  18.7  25.9  29.2  24.0  19.7  12.7   3.1  -2.0 
1902   2.6  -1.3   8.8  12.2  21.1  23.8  26.5  25.6  19.6  14.9   9.6   3.3 
1903   1.5   3.5  10.7  12.8  20.1  20.5  26.0  24.6  20.3  13.5   5.8  -1.9 
1904   0.8   2.2   8.3  10.7  18.5  23.3  24.4  24.5  22.1  14.3   6.1   3.2 
1905  -2.3  -1.8  10.9  14.3  21.2  25.0  25.2  25.5  22.1  14.5   8.0   2.7 
1906   4.5   2.5   3.3  16.3  19.8  24.1  24.7  25.8  23.2  14.0   8.7   5.8 
1907   8.1   4.2  13.7  10.1  17.6  23.5  27.2  24.8  21.7  14.5   7.6   5.1 
1908   3.0   4.0  12.0  15.8  20.0  23.5  25.8  25.4  22.9  14.6  10.9   5.3 
1909   4.8   7.5   8.3  14.7  18.8  24.8  25.2  26.6  21.0  14.5  13.2  -0.3 
1910   3.0   2.6  13.8  14.2  17.3  22.5  25.3  24.4  23.3  16.1   5.8   1.0 
1911   5.3   7.1   9.2  12.9  21.0  25.4  25.6  25.0  24.3  16.1   5.4   6.5 
1912  -2.1   0.6   6.0  15.3  19.6  21.7  25.4  23.2  21.9  15.6   7.3   3.0 
1913   6.4   2.5   8.1  13.7  19.4  24.5  27.0  26.4  21.1  13.6   9.9   4.6 
1914   4.6   1.6   6.2  13.9  19.4  26.8  26.6  24.9  19.9  15.0   8.4   1.0 
1915   0.6   6.6   4.1  16.4  18.9  22.2  24.7  22.0  22.1  15.7   9.6   3.4 
1916   5.4   2.8   7.4  12.6  20.5  22.6  26.8  26.2  19.5  15.2   9.4   2.9 
1917   2.8   3.4   8.9  13.9  15.8  22.5  25.1  24.2  21.1  12.0   7.7  -0.7 
1918  -5.1   6.0  13.0  12.6  21.6  24.6  24.4  27.5  17.5  17.2   8.0   7.9 
1919   4.0   4.3   8.9  13.9  18.0  25.9  27.7  25.5  22.4  18.9   8.2   1.9 
1920   2.2   3.3   7.2  12.1  17.9  23.3  24.8  23.0  21.8  15.9   7.7   4.0 
1921   5.3   6.1  13.7  14.3  19.1  26.5  28.0  25.5  24.5  14.0  10.1   6.3 
1922   2.3   5.5   9.5  15.5  19.9  25.0  25.5  24.5  22.3  15.4   9.2   6.1 
1923   5.7   2.3   7.4  13.0  18.0  23.8  25.7  25.0  21.3  13.9   8.0   8.4 
1924   0.1   2.6   4.4  13.8  15.6  24.7  24.4  26.2  19.0  16.3   8.6   2.5 
1925   2.4   7.1   8.7  15.5  16.1  25.5  24.8  25.0  25.0  11.2   6.9   1.7 
1926   2.0   5.6   4.3  11.0  18.9  22.0  25.7  25.2  23.4  15.0   5.2   3.4 
1927   2.4   8.1   8.3  15.0  18.6  22.1  25.6  23.9  23.0  17.3  10.6   3.8 
1928   2.4   4.1   7.4  11.9  17.6  21.4  25.5  25.6  19.4  16.9   8.4   4.8 
1929   2.2   0.2  11.3  15.5  18.4  23.4  26.0  24.8  21.8  14.2   6.9   4.7 
1930   2.4   8.5   6.9  15.1  19.1  23.6  28.0  25.6  23.3  14.0   8.5   2.3 
1931   3.8   6.2   4.9  13.7  17.6  25.7  27.8  24.6  24.8  17.2  13.0   8.5 
1932   6.7   9.3   5.5  13.8  18.6  24.8  26.9  26.2  21.7  14.1   6.7   4.3 
1933   7.5   3.8   8.1  13.1  20.6  26.0  25.2  23.5  22.9  13.5   7.9   8.0 
1934   5.1   1.2   6.9  13.5  19.0  25.2  27.5  24.6  20.0  14.9  10.2   3.6 
1935   3.9   5.2  12.1  13.1  17.0  21.2  26.0  25.7  20.4  15.2   8.7  -0.1 
1936   0.2   0.6  10.6  12.2  21.2  26.4  27.8  28.1  23.7  14.8   6.2   5.0 
1937   7.1   4.3   6.4  14.1  18.8  24.4  25.5  26.5  19.8  12.9   6.6   3.4 
1938   2.6   8.4  12.2  15.6  18.4  23.0  25.7  26.0  21.1  15.4   8.9   3.6 
1939   5.6   5.6   9.7  12.5  19.2  24.5  26.3  25.2  24.8  16.4   6.9   4.5 
1940  -4.5   2.7   7.4  12.5  16.8  23.9  24.7  25.1  19.7  15.7   7.1   6.4 
1941   2.8   1.9   5.5  16.0  20.5  25.0  26.4  25.4  23.3  18.5   7.3   6.7 
1942   0.8   1.9   9.3  15.3  19.0  25.2  27.2  24.8  20.7  14.7   9.9   2.9 
1943   3.8   5.4   6.1  13.2  19.9  26.3  27.0  26.1  19.3  13.9   8.0   1.9 
1944   4.1   6.6   7.7  13.4  22.0  26.4  26.2  25.6  22.0  15.4   9.3   0.8 
1945   0.6   4.3  13.9  15.1  16.9  22.6  24.4  25.1  23.2  13.6   8.8  -0.4 
1946   2.5   4.6  13.5  15.4  17.4  23.9  25.7  22.4  20.8  15.4  10.9   5.9 
1947   4.9  -1.6   3.3  14.9  16.5  23.0  22.5  27.1  21.2  18.4   7.1   3.0 
1948  -3.7   3.9  10.2  15.6  18.1  24.4  25.7  24.6  21.1  13.6   9.5   4.9 
1949   6.4   5.8   8.3  12.6  19.8  24.5  27.2  24.7  18.5  16.7   7.4   5.2 
1950   7.7   5.1   6.7  11.2  19.9  23.0  23.8  22.6  20.1  17.2   4.8  -0.2 
1951   3.0   3.1   7.4  11.9  18.8  23.9  25.7  25.3  19.9  15.0   4.5   4.7 
1952   5.1   5.7   7.9  13.2  19.3  27.7  27.6  26.4  20.6  10.7   7.9   4.2 
1953   5.8   5.2   9.6  11.8  20.7  26.2  26.1  25.3  21.4  16.1   7.6   2.4 
1954   2.5   6.9   7.6  16.6  16.0  24.6  27.4  26.6  23.5  15.2   7.6   3.0 
1955   1.8   3.8   9.2  16.4  20.2  20.7  27.5  26.5  23.3  14.4   6.4   2.6 
1956   1.1   6.6   8.2  12.6  19.6  23.7  25.9  25.1  20.3  16.7   7.1   7.6 
1957   1.4   6.8   7.6  15.8  19.5  24.2  25.3  24.5  21.3  12.5   7.9   5.7 
1958   0.7  -2.3   5.2  13.3  18.8  22.6  25.9  24.3  21.0  14.2   9.4   0.2 
1959   0.9   4.0   7.0  13.8  21.1  23.3  25.4  26.3  22.3  15.1   6.0   4.7 
1960   3.3   0.8   0.3  14.9  17.2  23.5  25.1  26.2  22.4  15.3   7.5   0.2 
1961  -0.6   6.2  10.1  10.9  16.8  22.2  25.1  24.3  22.6  14.8   8.6   3.6 
1962   0.5   5.8   6.4  12.1  22.9  23.5  25.4  25.8  19.7  16.0   7.9   0.2 
1963  -2.3   0.3  10.8  14.9  18.6  23.8  24.6  24.0  20.2  17.9   8.8  -2.2 
1964   1.8   1.7   8.6  15.7  20.2  25.2  25.9  25.1  20.9  12.8   9.9   4.5 
1965   2.5   3.0   4.7  15.7  21.4  23.5  25.3  25.3  21.9  13.7   9.7   5.8 
1966  -1.7   3.3   8.8  13.2  17.8  22.8  27.2  23.8  19.8  12.9   8.3   2.8 
1967   4.1   1.1  11.7  16.6  17.8  23.5  23.5  22.1  18.8  13.9   5.8   4.5 
1968  -0.7  -0.6   7.7  14.1  18.2  24.0  25.4  25.9  20.4  14.3   8.3   2.2 
1969   1.4   3.3   4.2  14.6  19.5  24.0  27.3  24.6  20.4  14.6   6.4   0.9 
1970  -2.1   1.6   6.6  15.3  20.0  23.1  24.7  25.4  24.3  14.9   7.9   5.2 
1971   0.9   2.3   5.7  13.4  16.9  25.1  24.3  23.8  22.7  18.2   8.6   7.8 
1972   3.0   2.9   7.7  14.4  18.8  21.9  25.2  24.6  22.8  13.7   6.9   4.4 
1973   1.4   2.5  12.7  12.8  16.7  24.6  25.7  24.6  23.4  16.7  10.3   3.3 
1974   5.6   4.3  11.3  14.2  19.8  21.4  25.3  24.4  18.5  13.6   8.5   4.1 
1975   4.1   4.7   6.2  12.8  20.4  24.1  25.2  26.3  18.7  15.3   9.8   4.0 
1976  -0.1   7.9  11.6  13.8  16.7  22.8  24.7  23.0  19.5  11.5   3.8   1.1 
1977  -6.7   3.0  11.3  16.3  21.7  24.3  27.3  25.7  22.9  12.7   9.8   2.1 
1978  -4.7  -3.8   6.6  15.6  18.8  24.8  26.6  25.4  23.3  13.1  10.3   4.2 
1979  -3.2  -1.2   9.6  13.9  18.6  23.6  25.3  25.2  20.3  14.8   7.9   4.2 
1980   2.3   0.4   6.4  13.3  19.7  23.5  28.1  27.6  23.0  13.4   8.1   3.9 
1981  -1.3   4.0   7.2  16.0  15.9  23.7  25.3  23.4  18.7  13.1   9.4   2.1 
1982  -0.4   2.6   9.8  11.0  20.6  20.8  25.3  22.5  19.0  14.4   9.0   7.1 
1983   1.5   4.1   8.1  10.4  15.9  22.4  26.4  27.0  21.1  15.3   8.6  -1.2 
1984  -0.7   4.7   6.1  12.8  16.6  24.6  23.4  23.8  18.8  17.2   6.8   8.4 
1985  -3.6   1.0  10.4  15.3  19.3  22.4  25.1  23.4  19.8  16.2  12.3  -0.5 
1986   1.2   4.6   9.3  14.8  19.1  23.5  27.1  22.8  22.5  14.7   8.0   3.2 
1987   1.1   4.3   9.2  12.9  21.5  24.0  25.1  25.3  20.6  10.8   9.5   4.7 
1988  -0.3   1.9   8.1  13.3  18.0  23.2  25.7  25.3  20.2  10.3   8.4   3.4 
1989   5.3   1.6   9.6  13.8  18.0  23.4  25.9  25.3  21.1  15.2   9.2  -3.1 
1990   6.3   8.2  10.9  13.2  17.6  24.7  25.8  24.6  22.3  14.2  10.9   5.3 
