Number= 720171
Name= INDEPENDENCE--------
Country= USA---------
Lat=   37.3
Long=   95.7
Height= 237
Start year= 1872
End year= 1990
First Good year= 1872
Source ID= 30
Source file= New
Normals source= Data
Normals source start year= 1961
Normals source end year= 1990
Normals=  -0.1   2.8   8.7  14.9  19.4  24.0  27.0  26.1  21.6  15.5   8.5   2.0 
Standard deviations source= Data
Standard deviations source start year= 1941
Standard deviations source end year= 1990
Standard deviations=   2.6   2.6   2.4   1.9   1.5   1.3   1.5   1.6   1.6   1.7   1.8   2.4 
Obs:
1872  -2.5   1.8   4.8  16.1  15.7  25.1  25.1  25.7  20.6  14.4   2.9 -99.0 
1873  -4.6   0.2   7.2  13.8  18.6  24.3  25.2  25.7  19.2  11.2   7.1   0.3 
1874  -1.2  -0.7   5.7   8.8  20.7  24.5  27.3  28.9  21.7  16.4   6.2   2.1 
1875  -7.2  -2.5   5.3  11.6  19.1  22.9  25.6  23.4  21.2  12.7   3.8   5.7 
1876   2.9   5.1   2.3  14.8  18.9  21.2  26.1  26.0  21.8  13.9   5.7  -2.9 
1877  -1.4   5.6   7.2  13.5  18.4  22.0  24.2  24.1  22.1  15.4   7.2   8.2 
1878   2.8   5.7  12.0  16.2  19.0  22.6  26.6  26.5  21.8  14.5  10.4  -3.4 
1879  -2.7   2.1  10.5  14.5  20.4  24.0  29.0  22.0  21.4 -99.0   9.7   0.2 
1880   7.3   5.4   8.0  15.9  21.9  21.5  24.0  24.7  20.3  16.5   0.9  -1.6 
1881  -5.1  -0.7   5.4  13.5  21.1  24.7  26.3  28.6  23.8  17.2   6.6   5.3 
1882   1.9   7.3  10.5  15.1  16.9  23.0  23.1  23.2  21.7  16.7   8.4   1.4 
1883  -3.9  -0.1   5.1  14.5  16.9  21.2  23.2  22.0  19.2  13.6   7.9   2.8 
1884  -5.9  -0.9   6.4  11.1  17.4  21.8  24.7  21.7  22.8  16.0   7.6  -4.0 
1885  -7.0  -4.1   5.9  13.3  17.0  21.7  24.7  22.8  19.9  12.4   8.8   2.1 
1886  -7.8   0.5   5.9  12.6  21.9  21.7  26.3  24.8  21.9  15.4   6.6  -2.4 
1887  -3.1   1.4   8.8  15.1  20.1  23.7  26.2  24.3  21.0  12.7   7.2  -1.3 
1888  -4.9   2.1   5.2  14.8  18.1  23.0  26.6  24.3  21.1  13.3   5.8   2.0 
1889   1.2  -0.1   7.6  14.5  18.4  21.2  25.1  24.0  19.6  14.5   4.7   7.2 
1890   1.2   2.8   5.9  14.2  18.1  25.4  27.1  24.4  19.7  14.3   8.2   2.9 
1891   1.3   1.1   3.9  15.4  17.7  22.6  23.8  24.8  23.2  14.8   6.5   4.7 
1892  -2.8   4.4   4.8  13.0  17.9  23.9  25.4  25.5  22.2  15.7   6.6  -0.5 
1893  -1.8  -0.2   7.1  14.8  17.8  23.3  27.1  24.6  23.9  16.3   6.2   4.0 
1894  -0.2  -1.4   9.6  15.6  19.3  24.5  26.0  26.4  22.2  16.3   7.6   2.1 
1895  -2.6  -3.6   7.3  15.8  19.9  24.1  24.9  24.6  23.7  12.6   6.2   0.9 
1896   1.1   3.4   5.4  17.7  22.5  23.2  26.4  27.0  20.9  14.0   6.2   4.6 
1897  -1.2   2.3   8.3  13.7  18.8  24.7  26.7  24.8  24.9  18.7   7.6  -0.3 
1898   2.2   3.8   7.4  12.8  19.9  24.8  25.7  24.6  22.8  13.6   6.1  -1.0 
1899  -0.2  -5.2   4.7  12.7  20.8  23.5  25.2  26.8  21.1  18.4 -99.0   0.3 
1900   2.8  -1.2   6.9  15.1  20.0  24.0  25.0  27.8  23.4  17.4   7.7   2.8 
1901   2.1   0.6   7.0  12.6  18.6  25.6  30.0  26.5  22.6  17.5   8.7  -0.5 
1902  -0.3  -2.5   8.6  13.6  21.9  22.8  26.0  26.0  18.3  16.3  10.7   0.1 
1903   0.9  -0.9   8.3  13.7  18.3  20.6  26.1  24.5  21.1  15.1   6.1   1.6 
1904  -0.3   3.4  10.4  11.6  18.2  22.3  25.0  24.4  22.7  16.1   9.2   1.2 
1905  -4.5  -5.1  11.7  14.3  19.4  25.5  24.7  26.7  23.3  14.2   9.4   1.2 
1906   2.5   2.4   2.4  16.9  20.3  22.8  23.8  24.8  23.7  14.0   7.1   4.1 
1907   3.1   3.2  13.7  11.0  15.9  22.9 -99.0  26.1  22.2  15.3   7.6   3.6 
1908   2.8   4.2  10.8  13.7  18.9  22.1  23.6  25.3  21.5  14.2   9.0   3.8 
1909   0.9   4.3   7.2  13.2  17.6  22.6  25.7  26.9  23.1  15.9  12.3  -2.2 
1910   2.1   0.0  14.6  14.7  17.2  22.8  27.1  25.9  23.0  16.7   8.3   1.0 
1911   2.6   5.0  10.5  13.7  21.1  28.2  26.6  24.6  25.1  15.7   5.3   2.8 
1912  -4.3   0.2   3.1  14.0  20.5  21.5  27.3  26.4  21.0  15.9   7.9   2.6 
1913   0.8  -1.2   5.7  15.5  20.1  23.9  28.1  29.1  21.2  13.6  12.2   3.1 
1914   4.3   1.2   8.2  13.7  19.0  27.3  27.6  26.3  22.8  15.6  10.0  -1.9 
1915   0.2   5.0   2.2  16.3  17.9  22.2  24.3  21.9  22.2  15.8  10.5   3.9 
1916  -0.7   1.2  10.0  11.9  19.8  22.7  27.4  27.8  21.4  15.9   8.6   0.8 
1917   1.8   1.2   9.4  13.3  16.0  23.2  27.8  24.2  21.2  11.5   8.8  -2.7 
1918  -7.7   3.2  11.5  11.5  21.1  26.8  26.3  29.4  18.5  17.1   7.6   3.2 
1919   0.8   2.8   9.0  13.8  18.0  23.6  26.3  26.1  22.3  15.0   6.4  -0.7 
1920  -1.2   3.7   8.8  12.1  20.0  22.3  25.4  23.5  22.0  16.6   5.7   3.2 
1921   4.1   5.8  11.9  13.8  20.2  24.5  26.5  26.3  24.8  15.9   8.3   3.3 
1922  -0.9   4.1   8.1  14.4  19.8  24.4  25.4  25.7  22.4  15.4   8.7   3.5 
1923   5.4   1.1   6.7  14.1  17.7  23.8  26.6  28.0  22.0  13.0   8.1   4.0 
1924  -2.3   3.1   4.0  13.9  15.7  24.6  23.9  25.9  19.0  16.7   8.7  -1.7 
1925  -1.5   5.4  11.0  16.9  17.3  25.7  26.5  25.8  23.8  10.7   6.7   0.7 
1926   1.7   6.5   6.1  10.9  19.9  22.8  25.7  26.1  21.3  15.5   5.7   2.0 
1927   0.8   5.8   8.3  16.0  19.4  22.5  25.0  22.5  21.2  16.8   9.3  -0.5 
1928   1.9   4.6   9.5  12.1  19.6  21.1  25.6  25.8  20.5  17.6   7.4   3.6 
1929  -1.3  -1.7   9.9  15.4  17.5  23.2  25.8  25.8  21.2  15.8   4.1   3.0 
1930  -7.4   8.5   7.7  16.5  18.5  23.0  27.1  26.9  23.0  13.9   8.3   2.4 
1931   3.2   6.8   5.7  12.7  17.3  25.3  27.0  24.4  26.3  18.9  11.4   6.1 
1932   2.8   8.0   5.0  16.3  18.2  24.3  27.3  27.3  22.5  14.9   5.4   0.4 
1933   6.1   1.5   9.1  14.5  19.9  26.2  28.0  25.8  24.7  15.3   9.7   5.9 
1934   3.7   3.6   7.3  14.9  20.5  28.0  30.6  29.9  19.6  18.0   9.7   2.2 
1935   2.0   4.6  12.0  12.5  17.2  22.0  28.5  27.4  20.9  15.1   6.3   1.5 
1936  -1.3  -2.5  11.4  14.3  21.1  26.0  29.8  31.2  25.0  14.2   6.8   4.7 
1937  -3.0   2.3   5.3  13.7  20.0  24.8  26.4  27.6  21.9  15.0   6.0   0.9 
1938   2.7   5.5  13.0  15.1  19.5  23.8  27.1  28.1  22.7  18.9   8.1   3.7 
1939   4.8   1.8  10.3  13.8  20.9  24.3  28.5  27.1  26.5  18.6   7.2   4.9 
1940  -7.9   2.7   8.5  14.2  19.5  23.7  26.0  24.4  21.3  18.1   6.4   4.2 
1941   2.7   3.0   5.7  15.6  21.9  23.3  27.5  26.5  22.3  17.4   8.2   5.3 
1942   0.5   2.7   8.8  16.4  18.5  23.4  26.0  25.0  20.7  15.4   9.7   2.6 
1943   0.3   6.1   5.4  16.1  18.5  25.1  27.4  29.2  20.7  14.2   7.7   0.5 
1944   3.3   5.2   7.0  12.7  20.4  25.4  26.5  27.3  21.6  16.8  10.3   0.7 
1945   1.5   3.3  11.5  13.3  17.6  22.8  25.1  25.8  21.7  15.1   9.2  -1.5 
1946   2.3   6.8  13.0  16.8  17.5  24.0  28.4  27.1  21.6  17.1   8.3   5.7 
1947   1.3   0.3   5.1  13.6  17.2  23.9  25.1  28.8  23.7  19.8   6.7   3.7 
1948  -2.0   1.7   6.0  17.7  19.3  23.9  25.8  25.0  21.8  14.3   7.8   3.9 
1949  -2.0   2.7   7.7  13.4  20.5  24.6  26.5  24.0  19.0  15.4  10.4   4.3 
1950   1.8   4.9   6.5  12.5  19.0  23.9  23.2  22.8  20.1  18.0   6.1   1.1 
1951   1.2   4.1   6.4  12.0  18.9  22.4  26.1  26.9  20.2  15.4   4.7   2.1 
1952   3.6   5.7   6.0  12.1  19.4  27.9  27.7  27.9  22.1  13.4   7.4   2.4 
1953   3.0   5.8  10.4  11.6  18.9  27.8  25.5  25.6  22.0  16.5   8.3   2.8 
1954   0.5   8.2   5.5  17.4  16.4  24.8  30.7  29.3  24.0  16.0   8.2   2.8 
1955   2.1   2.8   7.9  16.9  20.0  22.0  28.9  26.8  23.1  15.2   6.0   1.3 
1956  -0.5   4.1   9.6  12.9  21.7  24.8  27.6  28.9  24.3  18.7   7.3   3.9 
1957  -1.7   5.9   7.8  13.4  18.9  23.4  28.2  26.6  19.7  13.8   7.1   5.8 
1958   1.6  -0.3   4.3  13.4  20.3  23.9  25.6  25.6  22.2  15.6  10.4   1.0 
1959  -1.3   3.1   9.4  14.7  20.8  23.8  24.1  26.7  22.3  13.6   4.9   5.6 
1960   1.0   0.3   2.5  15.6  18.4  23.6  25.2  25.7  22.9  17.5   9.6   1.9 
1961   0.1   4.7   9.6  12.5  17.7  22.6  25.1  24.3  19.9  15.9   7.1   0.9 
1962  -2.2   4.6   7.4  13.3  23.6  23.1  26.5  26.7  20.5  17.5   8.8   2.4 
1963  -3.8   2.2  11.1  17.0  20.0  25.7  27.6  26.9  23.4  21.1  10.1  -2.4 
1964   3.0   2.9   6.5  16.4  20.8  23.4  28.0  25.3  21.3  14.3   9.9   1.6 
1965   2.5   2.4   3.0  16.9  20.8  23.3  26.5  25.6  21.9  15.9  11.4   6.8 
1966  -1.0   1.9  10.4  12.9  18.5  23.2  28.6  24.0  19.9  14.1  10.3   1.0 
1967   2.3   2.4  10.5  17.0  18.1  23.6  24.6  23.7  19.6  15.2   7.9   3.5 
1968   0.9   1.8   9.5  14.5  17.9  24.4  25.9  25.6  21.0  15.8   6.7   1.0 
1969   0.1   4.1   4.4  15.4  20.2  22.7  28.3  26.3  22.4  13.3   7.8   2.8 
1970  -2.1   4.2   6.0  14.5  21.1  23.2  26.4  28.4  22.2  13.8   6.7   4.2 
1971  -0.2   1.3   7.6  15.3  18.6  25.6  25.2  25.5  21.9  17.4   9.1   5.2 
1972   0.2   3.8  10.6  16.1  19.1  24.7  25.1  25.9  22.6  14.4   5.6  -0.2 
1973  -0.1   3.1  11.2  13.4  18.3  24.4  26.6  26.1  20.7  18.0  10.7   2.2 
1974  -0.9   5.2  11.2  15.8  20.7  22.3  28.5  24.3  16.7  15.9   8.3   3.0 
1975   2.7   1.1   6.1  14.5  19.8  24.0  26.3  26.8  18.9  16.7   9.5   3.6 
1976   1.4   9.9  10.4  15.6  16.9  22.5  25.7  24.6  21.3  12.1   4.7   1.8 
1977  -4.4   5.6  11.0  17.1  21.6  25.1  27.7  25.8  22.8  15.8   9.1   2.4 
1978  -5.4  -3.1   7.2  16.2  19.0  24.4  29.2  27.0  25.3  15.6   8.3   1.4 
1979  -7.3  -3.6   8.8  13.8  18.6  23.4  26.2  25.2  22.1  16.4   5.9   4.1 
1980   1.2  -0.3   6.8  13.4  19.3  25.9  31.3  29.4  23.9  15.0   8.9   3.8 
1981   1.7   4.6  10.0  18.5  17.3  24.9  28.1  25.1  21.9  14.4   9.3   1.6 
1982  -2.3   0.9   9.4  12.6  19.3  21.4  27.1  27.3  22.1  15.2   7.9   4.6 
1983   1.2   3.4   7.4   9.4  16.9  22.5  27.3  29.7  22.3  15.5   9.2  -6.5 
1984  -1.7   5.5   5.7  11.8  17.5  24.6  26.5  26.9  20.3  15.0   7.9   3.9 
1985  -3.9  -0.4  10.6  16.0  20.2  23.0  27.4  25.2  21.5  15.7   6.4  -1.2 
1986   3.8   4.2  11.6  15.6  19.8  25.4  28.4  24.3  23.5  15.8   5.6 -99.0 
1987   1.0   6.5  10.6  16.2  22.5  25.4  26.8  26.6  21.9  13.8   9.9   3.4 
1988  -0.3   2.4   8.4  14.2  20.7  25.8  27.2  27.8  22.6  13.7  10.0   4.9 
1989   5.3  -1.8   8.9  16.4  19.3  22.9  26.1  25.6  19.3  16.4   9.8  -2.3 
1990   6.2   5.9   9.9  13.9  18.2  26.1  26.9  27.0  24.2  15.3  12.5   1.7 
