Number= 720125
Name= OOLITIC-PURDUE-EXP-F
Country= USA---------
Lat=   38.9
Long=   86.6
Height= 198
Start year= 1893
End year= 1990
First Good year= 1893
Source ID= 30
Source file= New
Normals source= Data
Normals source start year= 1961
Normals source end year= 1990
Normals=  -2.5  -0.3   5.7  11.3  16.6  21.3  23.5  22.4  18.7  12.1   6.3   0.2 
Standard deviations source= Data
Standard deviations source start year= 1941
Standard deviations source end year= 1990
Standard deviations=   3.1   2.8   2.6   1.6   1.8   1.3   1.1   1.3   1.5   1.9   1.7   2.8 
Obs:
1893 -99.0  -1.5   5.1  12.7  16.5  21.8  24.7  22.7  20.6  12.5   4.6   0.6 
1894   1.2  -2.5   8.8  12.1 -99.0 -99.0  23.6  22.8  20.8  12.5 -99.0 -99.0 
1895 -99.0 -99.0   4.2  13.3  18.4 -99.0 -99.0 -99.0  19.8   8.6   6.4   1.6 
1896  -0.3   0.6 -99.0 -99.0 -99.0 -99.0 -99.0 -99.0  17.9  10.2 -99.0 -99.0 
1897 -99.0 -99.0   7.6 -99.0 -99.0 -99.0 -99.0 -99.0 -99.0 -99.0 -99.0 -99.0 
1898 -99.0 -99.0 -99.0   9.8 -99.0 -99.0  22.7  21.5  20.3  11.7   3.6 -99.0 
1899  -2.4  -4.5   6.9  12.1 -99.0  24.1  24.1  24.8  19.6 -99.0 -99.0  -1.2 
1900  -1.5 -99.0   2.4  13.3  19.7  21.9  26.1  26.9  22.1 -99.0 -99.0   2.7 
1901 -99.0  -1.5 -99.0   9.9 -99.0  23.5  27.9  23.8 -99.0 -99.0   5.7  -1.0 
1902 -99.0  -6.0   7.3 -99.0 -99.0 -99.0 -99.0  22.1  17.9  13.0   9.4   0.4 
1903  -3.0  -0.7   9.1  11.2  17.5 -99.0 -99.0 -99.0 -99.0 -99.0 -99.0 -99.0 
1904 -99.0 -99.0 -99.0 -99.0 -99.0 -99.0 -99.0 -99.0 -99.0 -99.0 -99.0 -99.0 
1905  -4.2  -4.0  10.1 -99.0  20.2  22.1  22.5  22.7  20.2  12.5   5.9   1.1 
1906   2.7  -1.1   1.6  14.2  18.3  21.9  23.8  24.6 -99.0  13.8 -99.0   3.0 
1907   3.6   0.2  11.6   6.1  14.5 -99.0 -99.0 -99.0 -99.0 -99.0 -99.0 -99.0 
1908 -99.0 -99.0 -99.0 -99.0 -99.0 -99.0 -99.0 -99.0 -99.0 -99.0 -99.0 -99.0 
1909 -99.0 -99.0 -99.0 -99.0 -99.0 -99.0 -99.0 -99.0 -99.0 -99.0 -99.0 -99.0 
1910 -99.0 -99.0 -99.0 -99.0 -99.0 -99.0 -99.0 -99.0 -99.0 -99.0 -99.0 -99.0 
1911 -99.0 -99.0 -99.0 -99.0 -99.0 -99.0 -99.0 -99.0 -99.0 -99.0 -99.0 -99.0 
1912 -99.0 -99.0 -99.0 -99.0 -99.0 -99.0 -99.0 -99.0 -99.0 -99.0 -99.0 -99.0 
1913 -99.0 -99.0 -99.0 -99.0 -99.0 -99.0 -99.0 -99.0 -99.0 -99.0 -99.0 -99.0 
1914 -99.0 -99.0 -99.0 -99.0 -99.0 -99.0 -99.0 -99.0 -99.0 -99.0 -99.0 -99.0 
1915 -99.0 -99.0 -99.0 -99.0 -99.0 -99.0 -99.0 -99.0 -99.0 -99.0 -99.0 -99.0 
1916 -99.0 -99.0 -99.0 -99.0 -99.0 -99.0 -99.0 -99.0 -99.0 -99.0 -99.0 -99.0 
1917 -99.0 -99.0 -99.0 -99.0 -99.0 -99.0 -99.0 -99.0 -99.0 -99.0 -99.0 -99.0 
1918 -99.0 -99.0 -99.0   9.8  20.6 -99.0  23.4  25.6  14.6  14.2   5.4   5.0 
1919   1.2   1.3   6.4  11.5  15.2  23.4  24.4  21.5  19.9  15.6   5.1  -2.5 
1920  -3.9  -0.7   5.7   8.9  15.9  20.9  22.9  21.6  19.5  14.2   4.6   1.3 
1921   1.7   3.4  11.2  13.0  17.5  24.3  26.4  22.5  21.3  11.7   7.0   2.5 
1922  -2.1   2.1   6.8  12.8  18.6  22.5  23.2  23.1  21.1  14.4   6.6   2.1 
1923   2.3  -2.0   4.6  10.1  16.8  22.1  24.5  23.0  19.1  10.8   5.8   6.4 
1924  -3.5  -0.2   2.4  12.1  13.5  21.8  21.9  22.7  16.7  14.2   5.7  -1.1 
1925  -0.9   4.6   7.0  14.6  14.6  23.2  23.9  23.1  22.7   7.8   4.3  -0.8 
1926  -1.1   2.8   1.8   8.4  17.9  20.6  24.9  24.0  20.3  12.5   3.7  -0.2 
1927  -1.4   4.9   6.9  12.4  16.9  19.7  23.2  19.6  20.9  14.0   8.4   0.4 
1928  -0.8   0.5   4.3   9.2  16.1  18.9  22.6  23.0  16.7  14.3   6.0   1.9 
1929  -2.0  -3.0  10.1  13.7  15.9  21.0  24.0  22.1  18.4  11.3   3.8   1.0 
1930  -2.1   5.9   4.3  13.3  17.9  21.8  26.0  23.9  20.2  10.5   5.8   0.8 
1931   1.3   3.9   2.8  11.9  15.4  23.2  25.2  22.4  21.4  14.1   9.4   4.9 
1932   4.3   4.9   1.7  11.2  15.7  22.2  25.1  23.0  19.0  12.2   3.9   0.8 
1933   4.4   0.8   4.5  11.1  18.6  24.5  24.9  22.8  22.3  11.6   4.0   3.2 
1934   1.1  -3.7   2.7  10.4  18.7  25.2  26.8  23.8  18.4  13.4   8.0   0.1 
1935   0.8   2.5  10.0  10.6  15.6  20.2  25.7  24.4  18.9  13.1   5.6  -3.2 
1936  -4.4  -3.4   7.7   9.5  19.1  22.9  27.9  27.1  21.7  12.5   3.0   2.7 
1937   1.8  -0.1   2.0   9.6  16.8  21.8  22.9  23.8  16.7  10.4   2.7  -1.6 
1938  -1.8   4.9   8.4  12.5  16.8  20.5  23.7  24.1  19.5  13.0   6.2   0.8 
1939   2.0   0.7   6.5   9.7  18.2  23.0  24.0  23.1  22.2  13.9   3.9   2.1 
1940  -8.9   0.6   5.5  10.0  15.2  22.2  24.5  24.5  17.9  14.1   4.6   3.6 
1941   0.0  -1.5   2.4  13.4  18.3  22.3  24.8  24.3  20.9  15.1   5.8   3.5 
1942  -1.8  -1.0   6.8  12.8  17.1  22.2  24.5  23.0  18.4  12.9   7.1  -0.9 
1943   0.2   1.8   2.9  10.0  17.5  24.3  24.6  25.1  17.2  12.1   4.7  -0.3 
1944   1.3   2.8   4.3  11.2  19.9  24.2  24.6  23.2  18.4  12.6   6.2  -2.2 
1945  -3.2   0.9  11.1  11.9  14.4  20.0  22.1  22.2  20.1  11.1   6.7  -3.0 
1946   0.0   2.9  11.7  12.8  15.4  22.0  23.2  20.2  18.4  14.1   8.2   3.7 
1947   2.1  -3.5   1.3  11.8  15.0  20.7  21.2  26.0  19.2  16.1   3.8   1.5 
1948  -4.5   1.5   6.6  13.3  16.2  21.7  23.4  22.3  19.0  10.6   8.1   3.6 
1949   4.2   4.0   6.4  11.1  17.4  21.5  24.5  22.0  15.9  14.9   5.9   3.1 
1950   4.8   2.5   4.3   8.6  17.2  20.7  21.3  20.2  16.9  14.5   2.5  -2.8 
1951   0.1   0.9   3.8  10.0  17.2  21.0  23.3  22.4  16.9  13.4   1.8   1.3 
1952   2.5   3.4   5.1  11.4  16.5  24.8  25.0  23.1  17.9   9.5   6.6   2.2 
1953   2.2   3.6   6.7   9.8  18.3  24.3  23.8  23.2  19.6  13.6   5.8   0.9 
1954   1.1   5.8   4.1  14.9  14.0  23.2  25.6  23.3  20.7  12.9   5.7   1.5 
1955  -0.9   1.5   5.8  14.3  17.2  18.6  25.8  24.1  20.4  12.0   3.8  -0.4 
1956  -1.5   2.8   5.4  10.3  17.4  21.8  23.1  22.4  17.2  14.7   5.1   5.0 
1957  -2.5   3.9   5.3  12.8  16.9  22.3  23.3  22.4  18.3  10.3   4.8   3.7 
1958  -1.5  -3.9   2.2  11.5  16.4  19.8  22.6  21.9  18.3  11.9   6.8  -3.0 
1959  -2.3   1.1   4.3  12.3  18.9  21.5  23.1  24.1  19.5  12.0   3.2   3.1 
1960   1.0  -1.1  -2.4  13.4  14.9  20.5  22.4  23.3  21.0  12.5   6.2  -2.2 
1961  -2.9   3.1   7.4   8.8  14.1  20.2  23.3  22.2  21.1  13.6   5.5   0.0 
1962  -3.0   2.0   3.9  10.7  20.6  21.9  23.3  23.1  17.3  14.1   5.5  -1.9 
1963  -4.6  -2.8   7.5  13.1  15.9  22.0  23.0  21.9  18.7  16.4   7.2  -5.5 
1964   0.9  -0.1   5.7  13.4  18.5  22.7  23.5  22.9  19.3  10.7   7.5   0.9 
1965  -0.8  -0.8   1.8  11.9  19.7  21.2  22.4  21.3  18.2  10.8   6.7   3.7 
1966  -3.4  -0.3   5.8   9.4  14.1  20.4  24.3  20.9  17.2   9.7   6.7   0.8 
1967   0.9  -2.0   6.7  12.9  14.9  21.5  21.7  20.1  16.8  11.9   3.9   1.8 
1968  -3.3  -2.4   5.8  11.8  15.3  21.6  23.6  23.3  18.2  11.8   6.7  -0.1 
1969  -2.5   0.7   2.3  11.8  16.7  20.8  24.0  21.7  17.6  12.0   3.8  -1.2 
1970  -5.8  -1.5   4.2  12.4  17.8  20.6  22.4  22.3  21.1  12.8   5.3   2.0 
1971  -3.3  -1.1   3.5  10.8  14.2  23.2  22.2  21.5  20.4  16.3   6.5   4.9 
1972  -1.5  -1.2   4.7  11.1  17.5  19.2  22.9  22.4  20.4  10.8   4.9   0.5 
1973  -0.2   0.6   9.7  10.7  14.8  22.1  23.8  23.0  20.2  14.8   7.5  -0.1 
1974   0.9   0.9   7.6  12.3  16.7  19.2  23.4  22.3  15.8  11.0   6.7   1.4 
1975   1.3   1.4   3.3   9.9  18.6  21.6  22.9  24.0  16.3  12.8   8.1   1.6 
1976  -3.2   4.3   9.3  11.7  14.6  21.2  22.8  21.2  16.6   8.9   1.6  -2.8 
1977 -11.3  -1.3   8.5  13.4  19.8  20.8  24.7  22.5  20.3  10.9   7.6  -1.9 
1978  -7.2  -7.2   1.8  11.9  15.5  21.9  23.6  22.3  20.1  10.7   7.7   1.1 
1979  -7.1  -6.3   6.4  10.6  15.2  21.3  22.6  22.1  18.1  12.3   5.9   2.3 
1980  -0.5  -3.6   3.0   9.6  16.9  20.6  25.1  24.8  20.0  10.6   5.1   0.3 
1981  -3.7   0.5   5.0  14.4  14.6  22.4  23.9  22.0  17.6  11.3   6.7  -2.0 
1982  -5.6  -1.5   6.1   8.4  19.2  19.2  24.1  21.0  17.8  12.8   6.9   6.0 
1983  -0.2   1.9   6.3   8.7  15.0  21.3  25.4  25.6  19.5  13.0   7.3  -5.0 
1984  -4.4   3.0   2.0  10.2  14.9  23.2  22.1  22.9  17.8  15.4   4.7   4.7 
1985  -5.3  -2.6   7.8  13.8  17.2  20.5  23.3  21.9  18.3  14.3   9.3  -3.4 
1986  -1.1   2.3   6.6  12.8  18.0  22.5  25.0  21.1  20.6  12.9   5.5   0.5 
1987  -1.0   2.9   7.6  11.0  19.8 -99.0  24.4  23.6  19.7   8.5   8.7   2.6 
1988  -3.2  -0.8   5.9  11.1  17.3  22.4  25.0  24.9  18.5   8.7   6.0   0.3 
1989   2.6  -1.0   5.9  10.7  14.5  21.4  23.6  22.3  17.8  12.6   5.9  -6.7 
1990   4.1   4.9   8.0  10.4  15.3  21.3  22.9  22.1  19.6  11.7   8.5   2.4 
