Number= 720188
Name= LEITCHFIELD-2N------
Country= USA---------
Lat=   37.5
Long=   86.3
Height= 188
Start year= 1895
End year= 1990
First Good year= 1895
Source ID= 30
Source file= New
Normals source= Data
Normals source start year= 1961
Normals source end year= 1990
Normals=  -0.4   2.0   7.6  12.9  17.7  22.5  24.5  23.7  20.1  13.8   7.9   2.3 
Standard deviations source= Data
Standard deviations source start year= 1941
Standard deviations source end year= 1990
Standard deviations=   3.1   2.6   2.6   1.6   1.7   1.2   1.2   1.3   1.6   2.0   1.7   2.7 
Obs:
1895 -99.0 -99.0 -99.0 -99.0 -99.0 -99.0 -99.0 -99.0 -99.0 -99.0   7.3   2.4 
1896   0.7   1.4   2.9  16.4  20.4  22.8  25.8  24.5  19.8  12.1   8.6   3.0 
1897  -1.5   2.6   7.7  11.3  14.6  23.0  25.8  24.2  21.8  16.6   7.4   1.5 
1898   2.7   1.5   9.0   9.5  18.6  24.0  25.1  24.6  22.9  13.2   5.6  -0.1 
1899  -0.2  -4.2   5.0  12.9  19.3  24.1  24.9  24.9  20.1  16.4   9.6   0.4 
1900   1.9  -1.3   4.3  12.2  17.4  22.9  25.2  26.7  23.5  17.6   7.4   2.9 
1901   1.1  -1.2   6.3   9.2  16.0  23.9  27.3  23.7  19.9  13.9   4.9  -1.5 
1902  -0.4  -3.5   7.1  11.1  19.9  22.9  25.4  24.2  19.3  15.3  11.4   1.3 
1903   0.2   1.5   9.4  11.6  19.1  19.9  24.8  23.6  20.3  13.9   5.9  -1.5 
1904  -1.0   0.4   6.8   8.6  17.3  22.5  23.5  24.0  21.1  13.7   7.1   1.9 
1905  -3.5  -3.8   9.8  12.3  18.9  23.7  23.8  24.0  21.1  13.7   7.9   1.9 
1906   3.5   0.6   2.2  13.9  17.3  22.7  23.7  24.6  22.7  14.1   7.9   3.5 
1907   5.1   1.4  11.6   7.7  15.2  21.0  25.4  23.6  20.4  13.1   6.4   3.3 
1908   0.6   1.1   9.9  13.3  18.3  22.9  24.5  24.1  21.9  13.6   9.3   3.8 
1909   2.3   4.9   5.8  12.0  16.6  23.5  23.7  24.7  19.9  12.9  13.0  -2.2 
1910   0.3  -0.1  11.6  12.1  15.2  20.9  24.2  22.7  21.8  15.4   5.4  -1.2 
1911   3.4   5.2   7.0  11.4  19.1  23.9  24.0  24.1  23.4  15.4   5.5   4.6 
1912  -4.2  -1.9   3.5  13.7  17.8  20.8  24.7  23.0  21.3  14.9   7.1   2.4 
1913   5.1   0.9   6.4  12.3  18.4  24.2  26.9  25.9  21.4  13.6  10.2   3.6 
1914   3.3  -0.6   4.5  12.1  18.0  26.2  26.5  24.8  20.3  15.2   8.3   0.0 
1915  -0.3   5.0   1.9  14.6  17.7  22.0  24.3  21.7  21.9  15.6   9.6   2.6 
1916   4.3   1.4   5.2  11.1  18.8  21.4  26.2  25.1  19.9  13.7   8.1   1.3 
1917   1.7   0.9   6.7  12.4  14.3  22.2  24.5  23.2  19.9  10.6   6.8  -3.6 
1918  -6.9   3.3   9.6  11.3  20.1  23.3  23.5  26.7  16.6  16.7   7.1   6.4 
1919   1.9   2.4   7.2  12.4  16.5  24.9  26.5  23.6  21.9  18.7   8.1   0.8 
1920  -0.2   1.1   6.8  10.8  17.3  22.0  23.8  23.0  21.5  15.7   6.9   3.0 
1921   3.3   4.0  12.3  12.6  17.6  25.5  27.6  24.3  24.3  13.5   9.7   4.6 
1922   0.6   4.2   8.4  14.3  19.2  23.9  24.5  24.2  22.8  15.3   8.8   4.6 
1923   3.9   0.4   6.2  11.7  17.0  23.0  25.0  24.2  21.0  13.6   8.0   7.1 
1924  -1.3   1.3   3.7  12.9  14.8  23.7  23.1 -99.0  17.4  16.5   8.2   1.5 
1925   1.5   6.4   8.4  15.1  15.4  24.9  24.6  25.0  25.4  10.9   7.3   1.0 
1926   1.4   4.6   3.4  10.1  18.7  21.4  25.5  25.0  23.0  15.0   5.4   2.4 
1927   1.2   7.1   7.9  14.2  18.1  21.5  24.4  21.7  22.9  16.1  10.2   2.7 
1928   1.0   2.7   5.9  10.7  16.9  20.4  24.8  25.0  18.8  16.5   7.8   3.9 
1929   1.0  -1.1  10.5  14.8  17.0  22.2  25.4  24.1  21.1  13.5   6.4   3.3 
1930   0.6   7.4   5.8  14.2  18.3  22.8  27.4  25.3  22.6  13.2   8.3   1.4 
1931   2.7   4.5   3.6  12.3  16.2  24.5  27.1  23.8  23.8  16.2  12.3   7.0 
1932   5.5   7.8   3.5  12.4  17.6  23.5  26.0  24.7  20.3  13.9   6.2   2.4 
1933   5.8   2.5   6.6  12.0  19.7  25.0  25.2  23.5  23.6  13.9   7.8   6.4 
1934   3.8  -0.6   5.8  13.1  19.3  25.4  27.1  24.5  20.6  15.6  10.4   1.9 
1935   2.1   3.6  11.1  12.2  16.5  21.0  26.1  25.1  20.5  15.4   7.7  -1.8 
1936  -2.2  -0.9   9.6  10.7  19.9  24.8  27.9  27.5  23.7  14.3   5.8   4.5 
1937   5.2   2.7   4.7  12.2  17.8  23.8  24.5  25.9  19.5  12.9   5.8   1.5 
1938   1.4   7.0  11.1  14.2  18.1  22.0  25.4  25.7  21.0  15.7   8.8   2.8 
1939   4.2   3.9   8.6  11.2  18.4  23.8  24.9  24.4  24.4  16.2   6.0   3.5 
1940  -7.2   1.1   5.9  11.4  15.8  22.8  24.3  24.4  19.6  15.8   7.3   5.6 
1941   2.5   0.6   4.5  14.8  19.4  23.7  25.5  24.9  22.7  17.7   7.9   6.1 
1942   0.1   1.0   8.2  14.2  17.8  23.2  25.3  23.6  19.5  14.2   9.6   1.7 
1943   2.9   4.1   5.3  12.1  19.0  25.0  25.3  25.7  18.9 -99.0   7.6   1.6 
1944   3.2   5.7   6.5  12.0  20.6  25.1  25.7  24.5  20.3  14.4   7.6  -0.2 
1945  -1.0   3.2  12.7  13.7  15.5  21.8  23.7  23.8  22.4  13.0   8.4  -1.0 
1946   1.8   4.3  12.3  14.9  16.6  23.0  24.4  21.5  20.0  15.0  10.0   5.0 
1947   3.7  -1.9   2.0  13.5  15.9  22.1  21.7  26.2  20.6  17.4   5.8   2.8 
1948  -3.7   2.7   8.8  14.2  17.0  23.4  24.7  23.4  20.0  12.2   9.0   4.1 
1949   5.2   4.9   6.9  11.4  18.7  23.4  26.1  23.7  17.8  16.3   7.7   4.9 
1950   6.3   3.9   5.6  10.8  18.4  22.2  22.5  22.1  19.4  16.7   4.0  -0.9 
1951   2.5   2.7   5.8  10.9  17.9  22.7  24.3  23.7  19.1  14.9   4.0   3.8 
1952   3.9   4.8   6.5  12.4  17.9  26.9  27.7  25.7  20.4  11.1   8.0   3.8 
1953   4.7   5.3   8.6  11.6  19.4  25.3  25.4  25.2  21.9  16.2   7.5   2.2 
1954   2.2   7.2   6.5  15.7  15.4  24.2  26.5  25.2  22.8  14.7   7.3   2.6 
1955   1.0   3.6   9.0  16.6  20.4  20.9  27.0  26.2  23.5  14.5   6.9   2.2 
1956   0.6   5.6   8.4  13.0  19.4  23.5  25.3  24.5  20.0  16.8   7.5   7.0 
1957   0.5   6.3   7.1  15.8  19.5  23.9  25.0  24.3  21.0  12.5   7.9   5.7 
1958   0.5  -3.0   3.9  12.3  17.9  21.6  24.6  23.7  20.2  13.7   8.4  -0.6 
1959   0.6   3.7   6.4  13.6  19.9  22.5  24.6  25.3  21.9  15.1   6.3   4.5 
1960   2.8   0.6  -0.8  14.8  16.4  22.3  24.1  25.8  22.2  15.4   8.2  -0.3 
1961  -0.7   5.2   8.8   9.6  15.5  21.4  24.2  23.3  22.1  14.6   7.7   2.7 
1962  -0.9   4.7   4.8  11.3  21.8  22.4  24.5  24.7  18.6  15.9   7.4  -0.1 
1963  -2.7  -0.5   9.6  14.6  17.1  22.7  23.7  23.4  19.4  18.1   8.6  -3.5 
1964   1.9   0.9   7.3  14.7 -99.0  23.8  24.4  24.3  20.5  12.6  10.3   3.5 
1965   2.0   2.5   3.2  14.4  20.1  22.5  24.0  24.5  21.2  13.3  10.1   5.7 
1966  -2.2   2.2   7.9  12.0  16.7  22.4  25.8  22.9  18.9  12.4   8.4   2.6 
1967   3.5   0.4  10.4  15.2  16.1  22.3  22.4  21.3  18.1  13.9   5.6   4.5 
1968  -0.6  -1.3   7.3  13.4  17.6  23.0  24.8  25.0  19.6  13.5   7.9   1.6 
1969  -0.2   1.5   2.8  13.8  18.3  23.0  26.1  23.6  19.5  14.3   5.9  -0.1 
1970  -3.2   0.6   5.7  14.8  19.6  22.5  23.9  23.9  23.4  14.1   7.4   4.1 
1971  -0.3   1.9   5.8  12.5  16.1  24.4  23.2  22.9  21.7  17.1   7.7   7.0 
1972   2.0   1.5   6.8  12.6  17.9  21.2  24.4  23.8  21.9  12.8   5.9   3.2 
1973  -0.3   1.9  11.1  12.1  15.5  23.4  24.9  23.8  21.9  16.3   9.5   2.8 
1974   5.2   3.6   9.9  13.0  18.5  19.9  23.7  23.0  17.0  11.8   7.1   2.7 
1975   3.6   4.1   5.3  10.8  19.0  21.9  23.5  24.9  17.7  14.6   8.0   3.6 
1976  -0.9   6.2  10.8  12.3  15.1  21.5  23.1  21.6  17.6  10.3   2.6  -0.6 
1977  -8.9   0.9  10.0  14.7  19.9  22.6  25.9  23.5  21.1  10.8   8.5   0.4 
1978  -6.0  -5.8   4.6  13.4  16.5  22.4  24.5  23.5  21.3  11.7   9.6   3.0 
1979  -4.5 -99.0   9.0  12.3  16.9  22.3  23.6  23.4  18.9  14.0   7.1   3.7 
1980   1.4  -1.8   6.1  12.1  18.4  22.2  26.6  26.0  22.3 -99.0   6.5   3.1 
1981  -2.0   3.4   6.3  15.7  16.0  23.3  25.2  22.9  19.0  12.8   8.4   0.5 
1982  -1.3   2.1   8.9  10.5  19.6  20.7  24.9  22.5  18.6  14.0   8.8   6.8 
1983   0.8   3.0   7.8  10.5  16.7  22.4  26.0  26.6  21.5  15.3   8.3  -2.5 
1984  -2.3   4.5   4.6  12.2  16.1  23.9  23.1  23.2  19.3  17.2   6.7   7.6 
1985  -3.8  -0.1   9.8  14.8  18.8  22.5  24.3  23.6  19.7  16.0  12.1  -0.2 
1986   0.9   3.9   8.6  14.2  19.0  23.8  26.4  22.4  22.2  14.7   7.7   2.2 
1987   0.1   3.3   8.6  12.5  20.8  23.8  25.2  25.0  20.4  11.0  10.1   3.9 
1988  -1.0   1.2   7.7  13.0  17.3  22.4  25.4  25.0  20.1  10.1   8.1   3.1 
1989   5.0   0.7   8.8  12.7  16.2  21.5  23.9  22.9  19.0  13.0   7.0  -4.7 
1990   4.9   6.5   9.1  11.7  16.2  22.2  23.6  22.7  20.2  12.9   9.1   3.7 
