Number= 720112
Name= URBANA--------------
Country= USA---------
Lat=   40.1
Long=   88.2
Height= 226
Start year= 1888
End year= 1990
First Good year= 1888
Source ID= 30
Source file= New
Normals source= Data
Normals source start year= 1961
Normals source end year= 1990
Normals=  -4.5  -2.2   4.5  11.1  17.1  22.1  23.9  22.6  19.2  12.5   5.6  -1.5 
Standard deviations source= Data
Standard deviations source start year= 1941
Standard deviations source end year= 1990
Standard deviations=   3.0   2.7   2.6   1.7   2.0   1.5   1.1   1.3   1.3   2.0   1.8   3.0 
Obs:
1888 -99.0 -99.0 -99.0 -99.0 -99.0 -99.0 -99.0  21.2  15.6   9.9   4.3  -0.7 
1889  -2.3  -5.0   4.4  10.3  14.5  18.2  22.0  20.4  16.8   8.8 -99.0   5.5 
1890   0.6   1.5   0.3  10.9  14.4  23.3 -99.0  19.9  15.8  11.4   5.8  -0.7 
1891  -0.5 -99.0 -99.0 -99.0  14.0  22.0  20.8  21.6  20.7  11.0   2.2   2.3 
1892  -7.9  -0.9   4.3   8.7  15.1 -99.0  22.8  22.1  18.4  12.2   1.6  -3.3 
1893 -99.0 -99.0 -99.0   9.6  14.4  21.7 -99.0  22.1  19.9  12.2   3.9  -1.7 
1894  -1.3  -4.3   6.7  10.9  15.1  23.1  23.0  22.7  19.3  11.9   2.1   1.1 
1895  -7.2  -8.1   2.9  11.5  16.7  22.8  21.6  23.1  20.4   8.1   3.2  -0.6 
1896  -2.5  -1.5   0.9  13.9  20.0  21.6  23.3  22.5  17.2   9.8   4.7   0.9 
1897  -5.5  -1.1   4.3   9.5  14.2 -99.0 -99.0  21.4  21.1  14.8   4.5  -3.0 
1898  -0.2  -1.5   5.9   9.1  15.6  21.3  23.2  22.7  20.3 -99.0 -99.0 -99.0 
1899  -3.6  -7.8   0.3  11.5  17.1  22.9  23.5  23.8 -99.0 -99.0   7.3  -2.8 
1900  -0.9  -5.3   0.6  10.9  17.3  21.2  23.8  25.9  20.1  15.9   4.5  -0.7 
1901  -2.3  -6.3   3.4   9.4  15.3  22.9  26.8  23.6  18.8  12.6 -99.0  -4.7 
1902  -3.7  -8.7 -99.0   8.8  18.7  20.3  24.0  21.3  16.6  13.4   8.2  -3.1 
1903  -4.7  -3.8   6.7  10.3  17.7  18.7  23.9  22.0  18.5  12.1   2.0  -5.6 
1904  -8.0  -6.0   3.5   7.4  16.4  20.5  22.6  21.3  19.0  11.8   5.7  -2.6 
1905  -7.3  -8.7   6.9  10.5  17.1  21.8  22.8  23.8  19.7  11.4   4.2  -1.4 
1906   0.0  -2.8  -1.5  12.4  16.9  20.6  23.0  24.1  20.7  11.8   4.6   0.2 
1907  -0.8  -2.0   8.3   6.0  12.6  19.4  23.5  21.8  18.4  10.9   3.3  -0.1 
1908  -2.0  -2.9   6.3  10.3  16.8  20.8  23.3  22.7  20.7  12.4   5.8  -0.2 
1909  -2.2   0.2   3.5   9.8  15.0  21.3  21.8  24.2  17.5   9.6   9.9  -6.8 
1910  -3.0  -4.0  10.3  11.2  14.0  21.0  23.8  21.8  18.9  14.0   2.6  -3.7 
1911  -1.6   0.7   4.4   9.3  19.8  23.6  24.1  22.9  19.9  12.1   1.7   0.6 
1912 -10.3  -6.1  -0.7  11.4  17.9  19.8  23.5  21.9  19.9  13.5   5.5   0.5 
1913  -0.8  -4.3   3.1  11.1  17.5  23.6 -99.0  25.3  19.9  11.6   8.6   2.4 
1914   0.3  -7.0   2.7  11.2  18.9  23.8  25.9  24.0  18.7  14.3   5.9  -6.0 
1915  -5.5   1.7   1.6  14.6  15.6  20.2  22.6  19.5  20.0  13.1   6.1  -2.3 
1916  -1.9  -3.7   2.5  10.2  17.3  19.4  27.1  24.9  17.9  12.6   5.7  -3.1 
1917  -2.5  -5.3   5.1   9.6  14.0  19.9  23.3  21.5  17.5   7.8   5.2  -6.4 
1918 -12.0  -1.7   8.0   8.5  19.5  21.5  22.4  25.2  15.1  14.0   4.8   2.8 
1919  -0.8  -0.8   5.5  10.9  15.1  23.1  25.1  21.8  20.2  14.0   3.7  -4.9 
1920  -7.0  -2.2   4.8   7.0  15.5  21.7  22.8  21.5  19.8  15.0   4.0  -0.8 
1921   0.3   1.5   9.4  12.1  17.8  24.0  26.4  22.0  20.7  12.2   5.2   0.5 
1922  -4.8  -0.6   5.7  11.3  18.5  22.6  23.2  23.1  20.4  14.0   5.7  -0.9 
1923  -0.3  -4.7   2.4   9.7  15.5  22.0  24.1  22.0  18.1  10.2   5.5   4.1 
1924  -7.0  -2.0   1.9  11.5  13.0  20.1  21.9  22.6  15.8  15.0   5.1  -4.7 
1925  -4.5   1.4   5.6  14.0  14.9  23.3  23.9  22.8  21.9   7.0   3.2  -3.1 
1926  -2.9   0.3   0.6   7.0  17.9  19.4  24.2  23.8  18.8  11.5   2.4  -2.7 
1927  -4.2   2.8   6.3  10.9  15.6  19.0  22.8  19.5  20.7  14.5   6.8  -2.4 
1928  -2.9  -0.3   4.2   8.2  16.5  18.4  23.7  23.2  16.2  13.7   5.3   0.4 
1929  -6.3  -5.2   8.0  12.2  14.7  20.2  23.7  21.3  17.9  11.3   2.1  -2.2 
1930  -6.6   3.6   3.6  12.5  17.4  21.3  25.5  24.2  20.1  11.2   5.2  -0.9 
1931  -0.2   2.5   2.1  11.3  14.9  23.1  25.6  23.4  21.9  14.7   9.6   3.7 
1932   1.7   2.7   0.5  11.3  17.4  22.6  24.7  23.2  18.3  12.0   1.5  -1.8 
1933   2.8  -2.2   4.4  10.8  17.5  25.3  25.6  22.6  21.9  11.4   4.2   0.9 
1934   0.1  -4.6   1.8  11.0  19.7  25.7  26.9  23.1  17.7  14.0   7.3  -2.7 
1935  -2.0   0.2   8.1   9.3  13.5  19.7  25.2  23.4  18.7  12.5   4.2  -4.3 
1936  -7.1  -7.7   6.1   8.6  18.5  22.0  28.2  25.9  20.7  12.2   3.2   0.8 
1937  -2.4  -2.4   3.0  10.2  17.1  21.2  23.3  24.5  18.2  10.7   2.9  -2.6 
1938  -2.8   2.7   8.7  11.8  16.4  20.9  24.3  24.1  20.0  15.1   6.2  -0.7 
1939   0.4  -1.4   5.5   8.7  18.6  22.6  24.0  22.4  21.6  13.4   4.8   1.1 
1940 -10.2  -1.3   2.8   9.6  14.7  22.4  24.3  23.6  18.6  15.2   3.8   1.7 
1941  -1.5  -3.0   2.3  13.5  18.9  21.2  23.8  23.3  20.4  14.4   6.0   2.7 
1942  -2.7  -3.0   6.2  13.0  16.9  21.8  24.4  22.3  18.0  12.9   6.4  -4.2 
1943  -2.5   0.3   2.5   9.8  16.0  23.6  25.1  24.2  16.8  12.6   3.0  -2.4 
1944   0.3  -0.3   2.4   9.8  19.5  24.2  24.1  23.2  19.0  12.6   6.1  -4.7 
1945  -5.4  -0.1  10.6  11.3  14.1  19.8  22.7  22.6  18.9  11.4   4.9  -5.1 
1946  -2.1   0.3  11.0  12.5  14.9  21.7  23.7  21.0  19.0  15.4   7.0   1.9 
1947  -0.4  -4.8   1.1  10.7  14.7  20.2  22.4  27.0  19.6  17.1   2.5   0.4 
1948  -5.4  -1.7   4.4  13.2  15.8  22.5  23.8  23.1  19.9  11.1   6.5   0.7 
1949  -1.2  -0.3   4.5  10.2  18.3  23.6  25.8  23.3  16.6  14.6   6.0   2.1 
1950   1.0  -1.4   2.1   7.4  17.8  21.4  22.5  20.8  18.2  15.4   1.8  -6.3 
1951  -2.1  -1.3   2.9   8.7  17.6  20.2  23.1  21.9  16.8  13.6   1.0  -1.9 
1952  -1.3   1.6   3.3  11.5  16.2  25.0  25.0  22.2  19.1  10.1   5.9   0.9 
1953   0.1   1.8   5.5   9.1  17.5  24.8  24.3  23.4  19.8  15.0   6.3   0.2 
1954  -1.3   4.1   2.9  13.7  14.6  24.5  25.9  23.1  21.4  13.3   5.7   0.2 
1955  -2.8  -0.8   4.5  14.3  17.9  19.7  26.3  24.7  20.5  13.0   2.7  -2.2 
1956  -2.6  -0.2   4.5   9.7  17.6  23.3  22.7  22.9  18.6  16.5   4.7   1.9 
1957  -5.7   2.0   4.6  11.2  16.6  22.3  24.8  23.4  18.2  11.3   4.8   1.9 
1958  -2.3  -4.9   2.4  11.5  17.4  19.1  22.8  23.1  19.1  13.6   6.8  -4.3 
1959  -5.3  -0.9   4.7  11.3  19.1  23.3  24.4  25.6  20.4  12.0   1.3   2.3 
1960  -1.5  -2.8  -3.4  12.6  15.2  20.8  23.2  23.8  21.9  13.3   5.9  -3.8 
1961  -4.3   1.4   6.0   7.8  14.2  21.1  24.1  23.3  21.4  13.5   5.6  -2.2 
1962  -6.2  -1.2   2.4  10.8  20.8  22.3  22.7  22.7  17.7  14.2   5.9  -3.0 
1963  -8.6  -6.0   6.4  12.5  16.3  23.2  23.4  21.4  19.6  18.1   7.5  -7.3 
1964  -0.8  -1.3   3.3  11.9  19.6  22.9  24.3  22.6  19.5  11.7   7.4  -1.3 
1965  -2.4  -1.2  -0.3  11.6  20.0  21.7  23.0  21.8  19.4  12.7   6.9   3.3 
1966  -5.6  -1.4   5.4   9.6  14.2  22.3  25.9  21.8  17.9  11.4   6.3  -0.6 
1967  -1.3  -4.1   5.5  11.9  14.2  22.7  22.4  20.6  17.9  11.8   3.3  -0.1 
1968  -4.7  -3.7   6.0  11.6  14.7  22.7  23.5  23.3  19.2  12.6   5.4  -1.3 
1969  -4.6  -0.2   1.4  11.9  17.6  20.9  25.2  23.5  19.2  12.1   3.9  -1.8 
1970  -7.7  -2.2   3.0  12.2  18.8  21.7  23.7  22.9  20.4  12.9   4.8   0.7 
1971  -5.1  -1.3   2.8  11.4  15.6  25.1  22.2  22.1  21.1  16.8   6.3   3.0 
1972  -4.2  -2.1   3.7  10.5  18.6  20.4  23.3  23.1  19.6  10.8   3.7  -2.6 
1973  -1.2  -0.1   9.1  10.8  15.4  22.9  24.6  23.6  20.4  15.6   7.1  -2.3 
1974  -2.5  -0.3   6.1  12.0  15.9  19.7  25.1  21.9  16.2  12.4   5.4   0.0 
1975  -0.8  -1.9   2.5   9.0  18.9  22.4  23.0  23.7  16.9  13.6   8.6   0.7 
1976  -4.8   3.3   7.4  12.3  15.2  22.1  23.4  21.4  17.7   9.4   1.2  -4.7 
1977 -11.8  -1.7   7.3  14.3  21.6  21.1  24.9  22.1  19.9  11.1   5.7  -3.2 
1978  -8.8  -7.7   0.9  10.9  15.8  22.6  23.2  22.4  21.5  11.6   6.4  -0.8 
1979 -10.4  -8.3   3.9   9.6  16.3  22.6  22.5  22.4  19.2  12.5   4.9   1.6 
1980  -2.9  -5.0   2.2   9.9  18.1  20.8  25.9  24.6  19.6  10.4   5.3  -0.4 
1981  -4.2  -0.7   4.9  13.6  14.8  22.8  23.2  22.0  18.1  11.2   6.3  -3.2 
1982  -9.1  -4.6   3.7   8.0  20.2  19.5  24.1  21.6  18.5  12.7   5.5   3.2 
1983  -1.7   1.2   4.7   8.7  14.8  22.8  26.3  25.7  19.8  13.1   6.7  -8.7 
1984  -6.1   2.1  -0.3   9.9  15.1  24.3  22.7  23.4  17.9  14.7   4.2   2.3 
1985  -7.6  -3.8   6.7  13.8  18.6  20.7  23.1  21.1  18.9  13.6   5.8  -6.4 
1986  -2.5  -3.2   6.3  12.4  17.8  22.3  25.0  20.8  20.9  12.7   2.8  -0.6 
1987  -4.4   1.6   6.8  11.6  20.6  23.3  24.3  22.9  19.5   8.7   6.9   0.7 
1988  -4.6  -4.4   4.2  10.9  18.6  23.0  25.6  25.0  19.7   9.0   5.6  -0.9 
1989   1.2  -5.8   4.7  10.7  14.8  21.9  24.0  22.8  17.7  12.9   4.6  -8.2 
1990   2.2 -99.0   6.8  10.1  15.2  22.3  22.8  22.2  19.6  11.4   8.2  -1.4 
