Number= 720107
Name= PARIS-WATERWORKS----
Country= USA---------
Lat=   39.6
Long=   87.7
Height= 219
Start year= 1886
End year= 1990
First Good year= 1886
Source ID= 30
Source file= New
Normals source= Data
Normals source start year= 1961
Normals source end year= 1990
Normals=  -3.9  -1.3   5.3  11.7  17.4  22.5  24.4  23.0  19.5  12.9   6.1  -0.8 
Standard deviations source= Data
Standard deviations source start year= 1941
Standard deviations source end year= 1990
Standard deviations=   3.2   2.8   2.8   1.7   1.9   1.5   1.2   1.2   1.4   2.0   2.0   2.9 
Obs:
1886 -99.0 -99.0 -99.0 -99.0 -99.0 -99.0 -99.0 -99.0 -99.0 -99.0 -99.0  -4.9 
1887  -6.2   0.1   1.8   9.8  18.2  23.2  26.4  24.3  18.0   8.9 -99.0  -1.8 
1888  -6.7  -2.2   1.1  10.1  15.4 -99.0  23.9  21.3  15.6   9.4   5.0   0.7 
1889  -0.8  -3.3 -99.0 -99.0 -99.0 -99.0 -99.0 -99.0 -99.0 -99.0 -99.0 -99.0 
1890 -99.0 -99.0 -99.0 -99.0 -99.0 -99.0 -99.0 -99.0 -99.0 -99.0 -99.0 -99.0 
1891 -99.0 -99.0 -99.0 -99.0 -99.0 -99.0 -99.0 -99.0 -99.0 -99.0 -99.0 -99.0 
1892 -99.0   3.2 -99.0   8.6  15.8  25.0  24.9 -99.0 -99.0 -99.0 -99.0 -99.0 
1893 -99.0 -99.0 -99.0  10.2  14.8  22.2  25.4  22.4 -99.0  12.1   3.7  -0.6 
1894  -0.9  -3.0   6.9  11.8  16.0  23.4  24.2  23.6  19.6  12.2   2.7   0.7 
1895  -4.9  -5.8   3.9  12.8  17.6  23.9  23.1  24.1  22.8   9.7   4.5   1.1 
1896 -99.0   2.3   2.8  15.2  22.4  23.2  25.6 -99.0 -99.0 -99.0 -99.0 -99.0 
1897 -99.0 -99.0 -99.0 -99.0  14.1  21.3  25.7  23.6  22.7 -99.0   7.2  -0.3 
1898   1.9   1.3   6.2   9.9  16.9  23.4  25.1  24.0  21.7  11.9   3.0  -2.3 
1899  -2.4  -6.5   1.5  11.4  17.3  23.4  24.7  24.6  19.7  15.9   7.7  -1.2 
1900  -0.1 -99.0   2.3  11.6  18.5  21.8  24.4  26.4  21.7  17.5   6.2   0.6 
1901  -0.3  -3.8   4.6   9.4  16.6  23.5  27.6  24.4  20.5  14.2   4.2  -3.2 
1902  -1.9  -6.2   6.5   9.7  20.1  21.8  24.7  21.5  18.4  15.3  10.7  -1.6 
1903  -2.4  -1.3   8.4  11.4  19.3 -99.0  24.9  22.8  20.2  13.9   4.5  -4.7 
1904  -6.2  -4.5   5.1   8.2  17.1  21.1  23.4  22.1  20.2  13.0   7.4  -0.5 
1905  -4.5  -6.5   8.5  11.2  17.3  22.7  23.3  24.0  20.6  13.9   6.7   0.9 
1906   2.0  -0.7  -0.5  12.4  18.5  21.7  23.5  25.0  21.9 -99.0   5.7   1.8 
1907   0.5  -0.7   8.8   5.7  14.6 -99.0  23.9 -99.0  19.3  11.5   4.7   1.1 
1908  -0.1  -0.7   7.7  11.1  17.0  20.9  23.9  23.8  21.6  13.8   7.1   0.7 
1909  -0.8   1.7   4.9  10.1  15.4  22.4  22.8  24.3  18.2  10.1  11.0  -5.2 
1910  -1.9  -3.6   9.8  11.5  14.5  20.3  23.9  21.9  19.2  13.9   3.0  -3.7 
1911  -0.5   2.3   5.0   9.5  19.9  23.6  24.3  23.0  21.1  12.4   3.0   2.0 
1912  -8.3  -4.1   0.3  12.6  17.6  20.1  23.6  22.0  20.2  12.6   6.2   0.7 
1913 -99.0  -3.2 -99.0  10.1  17.2  24.0  26.4  25.7  19.9  13.0   8.4   3.5 
1914   2.7  -5.1   3.4  11.7  18.9  24.5  25.6  24.0  19.0  15.0   6.9  -3.7 
1915  -4.3   3.5   2.4  14.1  15.3  20.2  22.8  19.7  20.8  14.0   7.8  -0.6 
1916   0.1  -2.1   3.0   9.8  17.3  19.1  26.7  24.6  19.2  12.4   7.4  -2.2 
1917  -1.4  -3.3   5.3  10.3  14.0  20.2  23.4  21.9  18.5   8.5   6.6  -5.4 
1918 -10.3  -1.1   8.0   8.6  18.6  21.3  22.2  25.9  13.8  13.9   5.5   3.0 
1919  -0.1   0.3   5.4  10.6  14.9  23.6  25.3  22.3  20.7  14.8   5.2  -4.2 
1920  -6.1  -1.7   4.7   7.8  15.6  21.3  22.8  21.9  20.4  15.9   5.3  -0.3 
1921   1.0   2.5   9.5  12.9  18.3  24.5  26.3  22.5 -99.0  12.7   6.3   1.7 
1922  -3.2   0.2   6.8  12.5  19.4  23.0  23.0  22.9  21.5 -99.0 -99.0   0.3 
1923   1.1  -3.0   4.6  10.4  15.9  22.5  24.5  23.2  19.0  11.2   6.8   5.2 
1924  -5.4  -1.2   2.0  11.9  13.2  21.0  22.6  23.0  16.3  15.3   5.9  -3.0 
1925  -2.8   2.7   6.0  14.5  14.8  23.6  23.5  22.6  22.5   7.5   3.5  -2.6 
1926  -2.3   0.2   0.4   6.9  17.4  19.0  24.3  23.6  20.0  12.7   3.3  -1.9 
1927  -3.4   3.4   6.5  11.2  15.8  19.0  22.8  19.5  21.0  14.6   7.6  -1.4 
1928  -2.0  -0.1   4.4   8.5  15.9  18.3  23.5  23.2  16.4  14.5   6.1   0.9 
1929  -5.0  -4.1   8.2  12.5  14.7  20.1  23.5  21.9  18.0  11.5   2.8  -1.5 
1930  -5.7   4.3   3.7  12.4  17.1  21.4  25.2  24.2  20.3  11.1   5.5  -0.6 
1931   0.2   2.7   2.3  11.4  15.0  23.5  25.7  23.4  21.9  14.4  10.4   4.1 
1932   2.6   3.8   1.0  11.2  17.0  22.9  25.3  23.4  18.7  12.2   1.9  -0.8 
1933   2.9  -1.4   4.4  11.1  18.3  25.5  25.8  23.0  22.6  12.4   5.1   2.5 
1934   0.9  -4.1   2.4  10.8  18.9  25.8  27.2  23.3  18.2  14.0   7.6  -2.0 
1935  -0.9   0.7   8.7   9.3  13.6  20.1  25.6  23.6  19.1  13.1   5.0  -3.9 
1936  -5.9  -6.0   6.8   8.8  19.0  22.5  28.0  26.8  21.6  13.0   3.5   1.3 
1937  -1.0  -1.4   3.0  10.4  17.2  21.3  23.3  24.6  18.2  11.1   3.3  -2.1 
1938  -2.2   3.4   8.7  12.0  16.5  21.2  24.5  24.7  20.9  15.7   7.0   0.1 
1939   1.2  -0.7   6.5   9.4  18.5  23.0  24.2  22.7  22.5  14.3   5.0   1.6 
1940  -9.7  -0.9   3.3   9.7  15.2  22.9  24.4  24.5  18.8  16.0   4.5   2.1 
1941  -0.9  -2.8   2.2  13.9  19.0  22.9  24.6  24.3  21.0  15.2   6.6   2.9 
1942  -2.1  -2.1   6.5  13.8  17.6  22.6  25.2  23.0  18.5  13.6   6.6  -2.7 
1943  -2.0   1.1   2.6   9.9  16.8  23.6  24.6  24.7  17.2  12.4   3.7  -2.0 
1944   0.5   0.8   3.1  10.5  20.0  24.7  24.7  24.0  20.4  13.1   6.3  -4.1 
1945  -4.6   0.6  10.9  11.6  14.4  20.5  22.9  23.0  19.9  12.2   5.9  -3.8 
1946  -1.4   1.5  12.3  13.3  15.9  23.1  25.1  22.2  20.4  16.1   8.3   3.3 
1947   1.6  -3.9   1.2  11.2  15.2  20.7  22.2  27.3  19.6  17.2   3.1   0.7 
1948  -5.2  -0.7   5.6  13.5  16.1  22.3  23.9  23.5  20.3  11.7   8.3   2.0 
1949   1.1   1.3   5.4  10.7  18.3  23.7  26.2  23.7  16.6  15.2   6.5   2.6 
1950   2.6  -0.2   3.5   8.3  18.3  21.1  22.4  21.5  18.4  15.1   1.7 -99.0 
1951  -0.2  -0.1   2.6   9.4  18.3  20.7  23.3  22.3  16.6  13.2   0.6  -1.7 
1952  -0.5   1.8   3.9  11.2  16.5  25.4  25.6  22.7  19.2  10.2   6.2   1.6 
1953   0.4   2.6   5.7   9.5  18.3  25.4  25.0  23.7  20.2  15.4   6.8   0.5 
1954  -0.7   4.6   3.4  14.2 -99.0  25.1  26.4  23.7  21.9  13.3   5.7   0.1 
1955  -3.2  -0.5   4.6  14.4  17.8  19.7  26.5  24.7  20.6  12.6   3.0  -1.8 
1956  -2.7   0.6   5.5   9.9  17.7  23.1  23.7  23.5  18.9  16.2   4.9   2.9 
1957  -5.2   2.4   4.8  12.1  17.5  22.5  24.8  23.6  18.3  10.9   4.8   2.3 
1958  -2.0  -4.9   2.1  11.5  16.9  19.8  23.4  23.2  19.3  13.2   7.1  -4.0 
1959  -4.3  -0.4   5.1  11.7  19.1  23.0  23.9  25.0  20.7  12.4   1.7   2.6 
1960  -1.0  -2.5  -3.8  13.0  15.0  21.2  22.7  24.2  21.4  13.1   5.9  -3.8 
1961  -4.5   1.7   6.5   8.3  14.4  21.2  24.0  22.9  21.7  14.0   5.4  -1.5 
1962  -5.7  -0.1   2.9  10.4  21.1  22.7  23.2  23.1  17.8  14.6   5.7  -3.2 
1963  -7.0  -5.4   7.4  13.3  16.3  22.7  23.4  21.4  19.1  17.6   7.5  -7.0 
1964   0.0  -1.0   4.8  12.8  19.5  23.7  24.4  22.9  19.7  11.2   7.7  -0.6 
1965  -2.3  -0.9   0.3  12.4  20.0  22.2  22.9  22.1  19.7  12.4   7.2   3.5 
1966  -5.2  -1.1   5.8   9.8  14.6  22.3  26.4  22.5  18.1  11.5   6.4   0.2 
1967  -0.2  -2.4   6.6  13.6  14.7  23.2  23.0  21.2  18.3  12.5   3.5   0.7 
1968  -4.0  -3.6   6.2  12.0  15.2  22.8  24.5  24.0  19.5  13.2   5.6  -0.9 
1969  -4.0  -0.1   2.0  12.2  18.0  21.3  25.4  23.2  18.9  12.5   3.9  -1.9 
1970  -7.3  -1.5   3.4  12.3  19.1  21.9  24.5  23.5  21.6  13.5   5.0   1.7 
1971  -4.6  -0.6   3.7  11.3  15.5  24.6  22.7  22.5  21.3  17.1   6.4   3.5 
1972  -3.2  -1.4   5.4  11.3  18.3  20.8  24.2  23.4  20.6  11.2   3.9  -1.2 
1973  -0.7   0.4   9.8  11.0  15.4  23.0  24.8  24.0  20.7  15.5   7.3  -1.2 
1974  -1.4   1.1   7.5  13.2  16.9  20.3  25.3  22.8  16.4  12.4   6.3   1.1 
1975  -0.1  -0.7   3.4  10.3  19.0  23.2  23.5  24.1  17.2  14.5   9.0   0.8 
1976  -4.2   4.6   8.6  13.2  15.4  22.2  23.6  21.0  17.6   8.8   0.7  -4.3 
1977 -12.5  -2.2   8.0  14.5  21.1  21.7  25.6  22.8  20.2  11.1   5.7  -3.0 
1978  -8.7  -8.6   1.1  12.0  16.1  23.2  24.3  22.8  21.6  12.2   7.6   0.3 
1979  -9.2  -7.7   5.4  10.4  16.7  22.6  22.9  22.6  19.0  12.3   4.9   1.5 
1980  -3.0  -5.8   1.9   9.6  17.4  21.3  26.0  25.0  20.3  11.2   5.2   0.1 
1981  -4.6   0.7   4.9  14.7  15.2  23.6  24.0  22.3  18.4  12.1   7.2  -2.2 
1982  -7.2  -3.9   5.2   9.0  20.5  19.7  24.6  21.9  18.5  13.0   6.7   4.3 
1983  -1.2   1.5   5.8   9.1  15.3  22.8  26.2  26.0  20.0  13.4   7.4  -7.1 
1984  -5.6   2.9   0.8  10.3 -99.0  24.9  23.2  23.8  18.6  15.9   5.7   3.7 
1985  -6.7  -3.2   7.5  14.5  18.7  21.2  23.9  21.8  20.0  14.9   7.6  -5.3 
1986  -1.3  -1.2   6.9  13.4  18.5  23.6  25.9  21.5  21.5  13.5   4.0   0.3 
1987  -3.0   2.1   7.5  12.0  21.4  24.1  25.1  24.3  20.6  10.0   8.4   1.7 
1988  -3.6  -2.8   5.6  11.9  19.0  24.3  25.9  25.6  20.3   9.4   6.2  -0.2 
1989   2.5  -3.8   5.7  10.9  15.5  22.5  24.3  23.1  18.1  13.8   5.5  -7.7 
1990   2.9   2.8   7.6  10.6  15.4  22.2  23.4  22.1  19.7  12.2   8.8   0.5 
