Number= 720193
Name= BATON-ROUGE-WSO-AP--
Country= USA---------
Lat=   30.5
Long=   91.1
Height= 19
Start year= 1835
End year= 1990
First Good year= 1835
Source ID= 30
Source file= New
Normals source= Data
Normals source start year= 1961
Normals source end year= 1990
Normals=   9.8  11.7  15.9  20.1  23.6  26.7  27.7  27.5  25.4  20.2  15.4  11.6 
Standard deviations source= Data
Standard deviations source start year= 1941
Standard deviations source end year= 1990
Standard deviations=   2.8   2.4   1.8   1.3   0.9   0.9   0.7   0.7   1.0   1.7   1.8   2.0 
Obs:
1835  12.9   7.5  13.6  18.3  25.5  27.3  25.8  26.7  22.9  19.1  15.4  12.3 
1836  12.8  12.7  13.8 -99.0 -99.0 -99.0 -99.0 -99.0 -99.0 -99.0 -99.0 -99.0 
1837  11.7  12.9  16.6  19.1  24.8  27.6  29.8  29.5  26.2  21.9  18.7  12.1 
1838  12.3   7.7  17.6  22.8  22.4  28.8  28.9  28.3  24.9  19.7  15.3  12.3 
1839  12.5  10.7  16.7  23.4  26.1  29.2  27.8  26.8  26.6  18.8  12.3  10.2 
1840  13.2  17.6  22.0  25.6  25.3  27.8  27.5  28.0  25.8  19.7  15.3  12.3 
1841 -99.0 -99.0 -99.0 -99.0 -99.0 -99.0 -99.0 -99.0 -99.0 -99.0 -99.0 -99.0 
1842 -99.0 -99.0 -99.0 -99.0 -99.0 -99.0 -99.0 -99.0 -99.0 -99.0 -99.0 -99.0 
1843  12.8  12.5  10.8  22.7  25.0  26.5  27.8  27.1  26.7  18.3  19.2  13.2 
1844  14.1  15.3  16.6  25.5  25.1  26.0  27.7  26.8  24.1  19.1  17.4  10.5 
1845  12.7  13.8  15.5  21.7  23.3  26.6  27.2  27.0  24.8  19.0  14.3   8.4 
1846  11.1  12.3  16.8  20.1  24.2  26.1  27.4  26.8  26.7  19.5  17.0  15.3 
1847   9.9 -99.0 -99.0 -99.0 -99.0  26.7  26.7  27.2 -99.0 -99.0 -99.0 -99.0 
1848 -99.0 -99.0 -99.0 -99.0 -99.0  25.2  27.3  27.9  23.7  20.9  12.3  14.4 
1849  14.6  12.4  19.9  19.8  24.4  27.2  26.6  28.6  25.8  20.3  17.9  16.3 
1850  17.8  14.7  17.5  22.7  24.9  25.9  29.3  28.7  25.9  18.6  15.3  10.7 
1851  11.6  14.0  16.2  19.6  24.0  26.0  27.4  26.8  23.9  18.6  12.8  10.9 
1852   6.0  15.4  18.8  18.1  23.6  25.4  26.5  26.2  23.9  20.2  13.3  14.5 
1853   8.6  12.0  15.3  20.3  22.0  25.8  25.9  26.6  25.2  18.8  15.3  10.6 
1854  11.9  13.6  19.0  18.1  23.9  27.0  26.7  27.5  25.6  21.1  13.9  11.2 
1855  13.3  10.2  15.3  21.9  25.4  26.9  27.2  26.7  25.9  17.3  17.7  10.9 
1856   4.2  10.6  15.0  21.2  24.6  27.8  27.4  27.4  23.9  19.8  15.1  10.7 
1857   8.8  18.1  15.9  15.8  21.7  25.4  26.4  26.6  24.7  18.8  14.2  12.9 
1858  14.6  12.1  17.7  20.1  24.1  25.9  27.4  27.5  25.2  19.9   8.7  14.7 
1859  10.6  16.0  17.6  19.1  24.9  27.0  28.1  27.6  25.8  19.4  15.3  12.3 
1860 -99.0 -99.0 -99.0 -99.0 -99.0  28.7  30.2  28.6  27.2  18.6  14.7  11.4 
1861 -99.0 -99.0 -99.0 -99.0 -99.0 -99.0 -99.0 -99.0 -99.0 -99.0 -99.0 -99.0 
1862 -99.0 -99.0 -99.0 -99.0 -99.0 -99.0 -99.0 -99.0 -99.0 -99.0 -99.0 -99.0 
1863 -99.0 -99.0 -99.0 -99.0 -99.0 -99.0 -99.0 -99.0 -99.0 -99.0 -99.0 -99.0 
1864 -99.0 -99.0 -99.0 -99.0 -99.0 -99.0 -99.0 -99.0 -99.0 -99.0 -99.0 -99.0 
1865 -99.0 -99.0 -99.0 -99.0 -99.0 -99.0 -99.0 -99.0 -99.0 -99.0 -99.0 -99.0 
1866 -99.0 -99.0 -99.0 -99.0 -99.0 -99.0 -99.0 -99.0 -99.0 -99.0 -99.0 -99.0 
1867 -99.0 -99.0 -99.0 -99.0 -99.0 -99.0 -99.0 -99.0 -99.0 -99.0 -99.0 -99.0 
1868 -99.0 -99.0 -99.0 -99.0 -99.0 -99.0 -99.0 -99.0 -99.0 -99.0 -99.0 -99.0 
1869 -99.0 -99.0 -99.0 -99.0 -99.0 -99.0 -99.0 -99.0 -99.0 -99.0 -99.0 -99.0 
1870 -99.0 -99.0 -99.0 -99.0 -99.0 -99.0 -99.0 -99.0 -99.0 -99.0 -99.0 -99.0 
1871 -99.0 -99.0 -99.0 -99.0 -99.0 -99.0 -99.0 -99.0 -99.0 -99.0 -99.0 -99.0 
1872 -99.0 -99.0 -99.0 -99.0 -99.0 -99.0 -99.0 -99.0 -99.0 -99.0 -99.0 -99.0 
1873 -99.0 -99.0 -99.0 -99.0 -99.0  27.2  27.0  26.7  24.8  18.0  14.8  14.7 
1874  12.1  13.5  18.3  17.6  24.1  27.2  26.4  28.0  24.1  19.4  15.6  13.3 
1875   9.6  11.4  16.0  17.3  23.8  26.3  27.9  25.3  23.4  17.9  17.0  14.7 
1876  14.4  14.2  14.3  20.1  22.9  26.1  27.8  27.1  24.1  18.7  13.2   7.1 
1877   9.6  12.1  15.3  20.1  22.4  26.9  27.9  27.4  24.6  19.8  13.1 -99.0 
1878 -99.0  11.8  18.6  21.3  23.4  26.9  28.4 -99.0 -99.0 -99.0 -99.0 -99.0 
1879   8.9  11.3  19.1  18.4 -99.0 -99.0 -99.0 -99.0 -99.0 -99.0 -99.0 -99.0 
1880 -99.0 -99.0 -99.0 -99.0 -99.0 -99.0 -99.0 -99.0 -99.0 -99.0 -99.0 -99.0 
1881 -99.0 -99.0 -99.0 -99.0 -99.0 -99.0 -99.0 -99.0 -99.0 -99.0 -99.0 -99.0 
1882 -99.0 -99.0 -99.0 -99.0 -99.0 -99.0 -99.0 -99.0 -99.0 -99.0 -99.0 -99.0 
1883 -99.0 -99.0 -99.0 -99.0 -99.0 -99.0 -99.0 -99.0 -99.0 -99.0 -99.0 -99.0 
1884 -99.0 -99.0 -99.0 -99.0 -99.0  26.2  29.5 -99.0 -99.0 -99.0  12.8 -99.0 
1885 -99.0 -99.0  12.6  21.2 -99.0 -99.0 -99.0 -99.0 -99.0 -99.0 -99.0 -99.0 
1886 -99.0 -99.0 -99.0 -99.0 -99.0 -99.0 -99.0 -99.0 -99.0 -99.0 -99.0 -99.0 
1887 -99.0 -99.0 -99.0 -99.0 -99.0 -99.0 -99.0 -99.0 -99.0 -99.0 -99.0 -99.0 
1888 -99.0  14.4  15.0  20.2  22.4  25.0 -99.0  24.9 -99.0 -99.0  15.3 -99.0 
1889  11.9  12.8  15.7 -99.0  23.4 -99.0 -99.0 -99.0 -99.0 -99.0  11.8 -99.0 
1890  17.3  16.9  14.5  20.1  21.9  25.8  26.8  25.9  23.9  19.1  15.9  13.3 
1891  10.5  16.9  14.7  18.8  22.5  26.3  25.9  25.3  24.6  16.2  12.7  12.6 
1892   7.2  14.3  12.4  19.5  22.4  24.7  25.2  25.4  22.8  19.7  15.0  11.5 
1893   9.6  15.7  14.5  21.1  22.8  25.2  26.7  25.3  24.2  17.7  13.7  12.5 
1894  13.0  12.1  16.0  20.6  22.9  24.1  25.0  25.7  25.1  19.6  15.0  13.7 
1895  11.2   6.6  16.1  19.1  22.7  25.5  27.3  26.5  26.4  18.0  14.5  11.4 
1896  10.2  12.7  14.4  20.9  24.8  25.7  27.0  27.1  24.8  19.8  17.7  11.6 
1897  10.0  14.2  20.2  19.2  21.7  26.2  26.9  26.3  24.3  21.4  15.7  12.7 
1898  14.1  13.4  17.3  17.1  23.5  25.6  26.3  26.4  25.5  18.2  12.3  10.0 
1899  11.0   8.5  16.5  18.2  24.9  25.6  26.9  27.4  23.4  20.8  15.4  11.4 
1900  11.7  11.0  15.2  19.6  23.0  25.7  26.1  26.6  26.9  21.5  15.8  11.7 
1901  11.9  10.7  14.2  17.0  21.9  26.3  27.2  26.6  23.9  19.1  12.8   9.7 
1902  10.4   9.7  15.6  17.8  24.4  26.5  27.7  27.8  24.2  18.5  16.5  10.4 
1903   9.6  12.4  16.7  18.5  21.7  23.2  25.9  26.0  23.4  19.3  14.0   9.5 
1904   9.4  15.3  17.9  18.5  22.1  26.1  26.0  26.3  27.1  21.5  14.4  11.2 
1905   9.1   7.6  17.4  19.4  24.9  26.0  26.0  27.5  26.2  20.2  16.6 -99.0 
1906  11.6   9.9  13.7  19.4  22.3  26.7  25.9  27.0  26.5  17.4  17.7  13.7 
1907  17.6  13.5  21.1  18.0  20.8  24.6  26.7  26.6  24.1  19.0  11.9  10.8 
1908  10.1  11.5  18.1  21.2  22.0  25.3  25.1  25.6  24.1  16.3  14.0  12.2 
1909  12.7  11.4  14.6  17.6  20.7  26.3  26.2  26.5  24.3  20.4  17.6   9.6 
1910  12.2  10.2  18.3  19.4  23.0  25.6  26.6  27.3  25.6  21.0  16.4  12.5 
1911  16.4  17.4  18.3  21.7  23.5  26.6  25.8  25.8  26.2  20.9  13.1  14.1 
1912   9.3   9.9  14.3  20.1  22.8  23.8  26.5  26.7  26.1  21.1  14.4  11.9 
1913  15.6  12.1  15.6  18.6  22.6  24.7  25.8  26.2  24.2  18.5  18.0  12.0 
1914  13.6  11.9  12.7  19.2  23.1  27.3  27.0  26.5  24.8  20.1  14.6   9.5 
1915  10.2  12.7  10.8  19.5  24.5  26.6  26.8  25.9  25.5  21.2  16.6  12.8 
1916  15.7  11.9  15.3  18.2  24.0  26.0  26.2  26.6  24.4 -99.0 -99.0  12.0 
1917  12.7 -99.0  17.3  18.8  20.2  25.2  26.9  26.6  23.5  17.2  12.9   9.6 
1918   6.2  15.0  18.1  17.8  22.8  27.0  26.8  26.6  23.0  22.0  14.7  13.5 
1919  10.5  13.6  17.1  19.1  22.1  25.2  27.0  27.8  25.8  25.1  18.0  14.1 
1920  13.6  13.6  14.6  18.9  24.0  25.4  26.6  26.6  27.0  20.2  12.3  10.8 
1921  13.9  15.3  20.3  19.0  23.7  26.8  28.2  28.9  28.0  20.3  17.5  15.4 
1922  11.6  16.6  16.3 -99.0 -99.0  26.1  26.4  26.4  25.5  19.8 -99.0  16.1 
1923  15.3  13.5  14.7  19.6  22.1  25.7  26.2  26.8  24.9  19.4  13.6  15.6 
1924   9.3  12.4  13.1  19.2  21.7  27.3  27.8  28.7  25.8  21.1  17.5  12.6 
1925  12.6  16.6  17.5  21.5  22.6  26.5  27.5  27.2  27.3  20.9  14.9  10.8 
1926  10.7  14.3  13.5  18.2  22.3  26.2  27.0  26.9  26.3  22.0  11.4  14.6 
1927  14.7  17.7  16.3  21.6  23.8  26.1  27.0  26.4  25.3  21.5  18.0  11.1 
1928  10.7  11.9  16.6  17.2  22.2  25.4  26.8  27.5  23.8  21.6  14.6  11.1 
1929  12.7  10.1  17.5  21.4  22.7  25.6  26.3  26.9  24.5  19.6  12.6  10.7 
1930  10.4  15.7  14.0  20.9 -99.0  26.4  27.1  26.9  25.1  19.4  14.7   9.8 
1931  10.4  14.1  12.5  17.5  21.1  25.9  27.3  25.7  26.4  22.2  18.5  16.1 
1932  14.9  17.6  13.1  19.3  22.1  26.7  27.8  27.2  24.7  18.5  11.7  12.3 
1933  14.6  13.4  15.9  19.0  25.5  25.1  27.1  27.2  27.2  21.3  15.5  16.8 
1934  12.6  12.1  15.0  19.5  22.8  26.9  27.1  27.2  24.1  21.9  15.9  11.8 
1935  12.7 -99.0  18.3  20.2  23.7  25.8  27.4  27.8  24.8  21.6  15.1   9.0 
1936  10.5  10.9  17.4  18.1  22.9  27.3  27.4  27.4  26.5  19.7  13.5  12.3 
1937  17.1  12.6  13.3  19.1  23.3  26.7  27.2  27.3  24.9  19.5  13.5  11.9 
1938  11.8  15.8  20.2  18.9  23.9  26.4  27.2  27.4  24.8  21.1  14.4  11.8 
1939  13.9  14.8  17.3  18.8  22.6  27.2  27.8  27.3  26.1  20.8  13.6  13.2 
1940   4.7  11.1  16.2  18.9  22.4  25.7  27.1  26.6  23.6  20.3  14.8  14.3 
1941  12.6  10.4  12.9  20.7  23.3  26.4  27.2  28.1  26.3  24.3  14.0  14.0 
1942   9.4  10.9  15.1  19.7  23.5  26.6  27.7  27.5  24.3  21.1  17.1  13.2 
1943  12.4  14.0  15.0  20.4  25.2  27.7  27.8  28.4  23.7  18.7  13.1  11.7 
1944  11.3  17.1  16.6  19.4  23.0  27.0  27.6  27.5  26.1  19.3  15.6  11.0 
1945  11.6  15.2  20.0  20.5  22.5  27.2  27.3  27.4  26.3  19.4  17.7  10.0 
1946  11.2  13.6  18.3  21.0  23.8  26.0  27.2  27.6  25.6  21.2  17.7  13.5 
1947  11.4   8.7  12.8  20.9  23.2  27.3  27.4  28.4  26.6  23.5  14.3  12.1 
1948   6.2  13.6  17.0  21.4  23.8  27.3  28.6  27.4  23.8  19.6  15.8  14.2 
1949  14.1  15.2  15.9  18.5  24.2  26.8  27.3  26.9  24.5  22.7  14.4  13.7 
1950  18.1  15.4  14.3  17.7  24.3  26.4  26.7  27.0  25.3  21.6  13.0  10.0 
1951  11.9  13.3  16.3  18.2  23.4  27.1  27.7  29.3  25.8  21.6  13.1  14.4 
1952  15.8  14.4  14.9  17.9  23.2  27.8  27.7  28.0  24.7  16.8  13.8  11.5 
1953  13.2  12.8  18.9  19.1  24.7  28.2  27.1  27.3  25.5  20.6  14.3  10.3 
1954  12.4  15.1  15.3  22.0  21.3  27.2  27.8  28.1  26.5  20.9  14.3  11.6 
1955  10.7  13.1  17.9  21.2  24.7  25.2  27.1  27.4  26.9  19.7  14.7  12.7 
1956  10.3  15.0  15.6  19.2  24.8  25.7  27.5  27.3  25.1  21.2  14.2  15.7 
1957  14.3  16.8  15.7  20.5  24.4  26.9  28.4  27.4  24.4  18.6  15.8  12.7 
1958   8.6   8.4  13.8  20.2  24.0  27.2  27.9  27.4  26.4  20.1  16.4  10.3 
1959   9.3  12.9  14.8  19.4  24.7  26.8  27.5  27.6  25.4  22.0  13.8  11.9 
1960  10.1   8.9  12.8  20.7  22.7  27.9  29.6  26.6  25.2  20.7  15.4   9.2 
1961   6.8  13.6  17.3  16.9  21.9  24.4  25.7  25.3  24.9  19.4  14.4  12.2 
1962   8.8  17.0  13.6  18.7  24.5  25.7  28.7  28.8  26.3  22.3  14.4  11.2 
1963   8.4   9.4  18.2  22.4  24.7  26.9  27.6  27.8  26.1  22.6  15.4   7.3 
1964   9.8   9.7  15.7  21.4  24.2  26.8  27.4  27.5  25.2  18.1  16.7  12.1 
1965  11.8  11.7  13.6  22.0  23.8  25.9  27.3  26.2  25.6  19.3  17.9  11.9 
1966   7.4  10.2  14.7  19.7  23.7  25.6  28.0  26.4  24.9  19.1  16.7  11.7 
1967  10.8  10.4  18.0  22.6  22.5  26.8  26.3  26.4  23.6  18.4  14.9  12.4 
1968   9.8   7.3  14.0  20.8  23.5  26.7  27.4  27.3  24.8  21.3  12.4  10.4 
1969  11.9  11.9  11.9  20.3  23.5  27.4  28.3  26.9  25.2  21.2  14.2  11.3 
1970   7.9  10.7  15.1  21.6  23.0  26.3  27.3  27.8  26.3  19.1  12.4  13.4 
1971  11.6  11.8  14.1  19.1  22.6  27.1  27.7  27.6  25.9  22.2  14.4  17.1 
1972  13.7  12.9  16.8  21.1  23.7  27.8  27.3  28.2  27.6  22.3  14.4  12.7 
1973   9.6  10.7  18.4  18.6  23.4  27.2  29.1  27.2  26.6  22.9  19.0  11.6 
1974  16.0  13.0  19.3  20.1  24.8  25.4  27.4  26.9  24.3  19.6  14.7  12.3 
1975  13.2  13.9  15.7  19.0  23.9  26.4  27.4  27.2  23.7  20.6  15.4  10.6 
1976   9.2  15.1  17.4  20.0  21.5  25.5  27.3  27.2  24.9  16.6  10.8   9.9 
1977   5.4  11.7  16.9  19.8  24.0  28.1  28.5  27.4  26.5  19.3  16.3  11.5 
1978   5.9   7.4  13.8  19.8  24.6  27.7  28.4  27.6  26.0  20.0  17.4  11.2 
1979   5.9  10.1  15.8  20.4  22.3  26.2  27.5  27.2  24.4  20.0  12.7  10.0 
1980  11.4  10.2  14.9  19.0  24.6  27.8  28.7  27.9  26.8  17.8  13.3  10.4 
1981   7.9  11.6  15.1  22.2  22.2  27.6  28.7  28.1  24.6  20.2  16.8  11.0 
1982  11.4  11.0  17.3  19.9  24.6  28.1  27.9  28.0  25.0  20.3  16.1  13.9 
1983   9.3  10.8  14.1  17.0  22.6  25.0  27.8  27.9  24.0  20.0  14.9   8.1 
1984   7.4  11.9  15.5  20.0  23.2  26.1  26.8  26.6  24.4  23.1  14.1  16.3 
1985   6.6  10.2  18.3  20.4  23.3  26.8  27.1  27.8  24.7  22.3  19.1   9.2 
1986  10.4  14.3  15.8  20.3  24.7  27.6  28.8  27.8  27.8  20.6  17.7  10.6 
1987   9.4  12.8  14.8  18.7  24.9  26.5  28.0  28.4  25.3  17.9  15.8  14.1 
1988   8.3  11.1  15.7  20.0  23.2  26.8  28.2  28.3  26.1  19.4  17.7  12.8 
1989  14.8  12.1  17.3  19.7  24.7  26.6  27.8  28.1  25.1  19.9  16.1   7.0 
1990  13.8  15.9  17.3  20.1  24.8  28.8  27.9  28.3  26.4  19.2  16.4  13.5 
