Number= 720225
Name= TAUNTON-------------
Country= USA---------
Lat=   41.9
Long=   71.1
Height= 6
Start year= 1871
End year= 1990
First Good year= 1871
Source ID= 30
Source file= New
Normals source= Data
Normals source start year= 1961
Normals source end year= 1990
Normals=  -3.3  -2.2   2.7   7.9  13.6  18.7  21.7  20.8  16.3  10.5   5.4  -0.8 
Standard deviations source= Data
Standard deviations source start year= 1941
Standard deviations source end year= 1990
Standard deviations=   2.5   1.9   1.7   1.3   1.2   1.0   0.9   1.1   1.1   1.4   1.4   2.2 
Obs:
1871 -99.0  -2.0   4.4   7.3  12.9  16.7  19.9  19.4  13.3  10.3   0.3  -4.1 
1872  -3.5  -3.7  -5.3   6.2  13.3  19.1  21.9  21.3  12.8   9.5   2.5  -6.6 
1873  -5.6  -5.1  -1.5   5.8  11.8  16.6  20.8  18.3  14.2   7.0  -2.4  -1.8 
1874  -2.8  -5.6  -2.1   0.5   9.9  16.6  18.6  15.8  14.9   8.6   1.7  -3.6 
1875  -9.5  -8.3  -5.9   2.3  11.1  15.6  20.5  19.9  15.7   9.5   1.0  -2.3 
1876  -0.6  -2.8   0.2   6.5  13.1  18.5  23.6  20.8  16.0   8.4   5.7  -6.5 
1877  -6.4  -1.4   0.3   5.1  12.6  18.6  21.3  22.5  18.2  10.2   4.7  -0.8 
1878  -3.5  -2.4   3.3  10.1  13.6  16.9  23.8  20.0  18.4  13.0   3.0  -0.8 
1879  -5.5  -4.6   0.8   5.5  15.1  17.9  20.6  20.0  16.2  13.5   3.2   1.2 
1880   1.7  -0.3   1.0   7.7  17.4  19.4  22.3  20.2  17.9  10.4   2.7  -3.3 
1881  -5.6  -2.8   2.7   6.3  14.6  15.5  19.8  21.6  19.3  11.8   4.9   3.4 
1882  -3.5  -1.0   2.0   6.4   9.8  18.3  22.2  20.6  14.7  12.4   2.8  -2.5 
1883  -5.3  -2.7  -2.9   6.2  13.4  19.9  21.0  18.7  15.4  10.5   5.1  -1.8 
1884  -5.6   0.5   1.0   6.4  11.7  17.2  19.1  18.6  16.9   9.8   2.5  -0.7 
1885  -4.1  -8.5  -4.9   5.9  10.4  16.4  19.5  16.8  12.7   8.6   3.7  -1.5 
1886  -3.8  -3.8   0.6   8.6  12.7  16.2  20.3  19.0  16.2   9.4   4.6  -3.1 
1887  -4.4  -2.2  -0.8   5.9  14.2  17.3  23.3  18.8  13.9   9.5   3.8  -0.5 
1888  -7.2  -2.6  -0.4   4.7  11.6  18.5  19.0  20.1  14.4   7.3   5.6   0.2 
1889   0.3  -4.6   1.5   7.7  14.6  17.8  20.4  18.9  16.6   8.6   6.3   2.3 
1890   0.8   0.7   0.6   6.9  13.0  17.0  20.3  19.3  16.7   8.5   3.8  -3.1 
1891  -1.0  -0.2   1.4   8.2  12.4  17.4  19.0  20.8  17.9   9.4   3.8   4.8 
1892  -2.1  -1.0   0.1   7.4  12.1  19.6  20.7  20.2  15.0   9.4   4.1  -2.0 
1893  -7.7  -3.5   0.0   6.1  12.9  18.1  20.4  20.3  13.7  11.1   3.7  -0.6 
1894  -2.0  -4.2   4.5   7.2  13.5  19.2  22.4  18.7  17.6  10.8   2.0  -0.9 
1895  -3.2  -5.6   1.4   7.0  13.8  19.0  18.9  19.5  16.9   6.9   5.9   0.1 
1896  -5.8  -2.3  -0.7   7.7  13.6  16.7  20.9  19.7  15.2   8.0   6.7  -3.8 
1897  -3.7  -2.7   1.6   7.5  13.0  15.7  21.1  19.0  15.4  10.2   3.7  -0.8 
1898  -3.3  -1.8   4.1   5.5  12.3  17.8  21.0  21.3  17.2  10.7   3.2  -2.3 
1899  -3.1  -5.3   0.6   7.0  12.4  19.4  20.6  19.0  14.9  10.7   3.3  -0.1 
1900  -2.3  -3.0   0.2   6.9  11.6  18.0  21.3  20.3  16.4  12.1   5.4  -1.6 
1901  -3.8  -6.6   1.3   5.9  11.7  17.8  21.9  20.2  16.5   9.8   0.7  -1.5 
1902  -5.1  -3.7   4.5   7.4  12.4  17.0  18.9  17.9  15.7  10.1   6.0  -3.5 
1903  -2.8  -2.5   5.6   6.7  13.3  14.8  20.3  16.5  15.4  10.1   1.8  -4.4 
1904  -8.1  -6.6   0.8   5.7  14.7  16.2  20.5  18.9  15.1   8.2   0.8  -6.4 
1905  -5.2  -7.0   1.2   6.6  13.2  16.7  21.3  18.5  15.4   9.3   3.0  -0.4 
1906  -0.3  -2.7  -1.3   6.7  13.5  17.7  20.4  21.2  16.5  10.5   3.8  -2.8 
1907  -3.8  -8.2   2.0   4.9  10.2  16.9  21.0  18.7  16.8   7.0   3.9   0.2 
1908  -2.7  -4.5   1.9   7.0  13.9  18.3  21.4  18.7  16.1  10.7   3.9  -1.0 
1909  -2.0  -0.8   1.2   6.8  12.3  18.0  19.3  18.2  15.3   8.9   5.2  -3.2 
1910  -2.9  -3.1   3.2   9.5  12.0  16.7  21.4  18.0  15.1  10.5   2.4  -5.2 
1911  -1.6  -4.6   0.1   5.0  14.7  17.1  22.1  19.1  15.0   8.9   3.4   1.5 
1912  -7.7  -5.9   0.5   6.9  13.1  17.0  20.5  17.9  15.1  10.7   4.4   0.9 
1913   2.3  -4.2   4.6   7.5  11.5  17.1  20.8  19.3  14.4  12.1   5.6   1.0 
1914  -2.6  -6.3   0.7   6.0  13.4  16.9  18.7  19.8  14.9  11.1   3.8  -2.6 
1915  -1.6  -0.8   0.3   8.4  11.6  16.7  19.8  19.0  17.3  10.3   4.8  -1.5 
1916  -1.2  -5.1  -2.8   5.5  12.8  15.8  20.6  19.7  15.9  10.1   2.9  -1.8 
1917  -3.3  -4.8   0.6   5.4   9.1  18.0  21.5  21.1  13.1   8.5   1.0  -5.5 
1918  -8.3  -5.2   1.2   7.2  15.4  16.5  20.7  20.2  14.2  10.7   4.3  -0.8 
1919  -1.5  -2.2   3.0   6.6  13.8  18.0  22.7  17.9  16.0  11.2   3.6  -4.0 
1920  -7.9  -5.4   1.4   5.9  10.4  16.2  19.6  20.6  16.2  12.1   3.2  -0.3 
1921  -2.8  -1.8   5.6   9.6  12.4  17.6  21.7  17.9  17.5  10.2   3.8  -2.6 
1922  -4.9  -2.2   2.4   7.1  14.2 -99.0  20.0  19.4  16.0  10.8   3.5  -3.4 
1923  -5.1  -7.5  -1.0   7.4  12.0  18.3  19.0  17.8  15.6   9.8   3.9   2.3 
1924  -2.7  -4.4   1.1   7.0  11.3  16.4  20.3  19.3  14.1   8.7   4.4  -3.3 
1925  -4.7   1.4   3.8   7.9 -99.0  19.6  20.2 -99.0 -99.0 -99.0 -99.0  -0.8 
1926  -2.2  -4.2   0.1   5.8  12.3  16.0  19.6  19.8  14.0   9.2   5.5  -4.8 
1927  -2.5  -0.3   3.9   7.1  11.7  16.4  21.0  18.0  14.8  11.9   7.8   0.5 
1928  -1.5  -2.5   1.5   6.9  12.0  17.2  21.4  21.8  14.6  11.2   4.9   0.3 
1929  -3.3  -2.0   4.4   7.9  13.6  18.8  20.6  18.7  16.4   9.6   4.6  -1.4 
1930  -2.6  -0.8   1.5   5.2  12.5  20.2  20.7  18.8  18.3   8.7   3.7  -2.0 
1931  -3.6  -2.5   2.3   7.9  14.4  18.3  22.2  20.7  18.0  12.2   7.3   1.6 
1932   2.5  -1.7   0.5   7.0  13.5  18.1  20.4  20.6  16.2  11.9   4.5   1.0 
1933   1.7  -0.7   1.4   7.3  15.0  19.1  20.5  20.6  17.2  10.0   1.7  -3.3 
1934  -1.6  -9.4   1.0   8.1  14.8  19.2  22.2  18.8  18.0   8.9   6.3  -1.6 
1935  -5.2  -3.6   3.4   6.9  12.2  17.8  22.2  19.9  15.8   9.7   6.7  -4.3 
1936  -4.0  -6.2   5.8   6.5  14.8  18.4  20.4  20.3  17.2  10.7   2.7   1.4 
1937   2.3   0.4   0.2   6.4  14.3  18.5  21.3  22.7  15.4   9.4   4.3  -2.4 
1938  -3.7  -1.1   3.1   8.5  12.3  17.8  21.7  21.8  15.7  11.7   6.0   0.1 
1939  -3.3  -0.6   0.6   6.1  13.1  17.6  20.6  22.1  16.1  10.5   2.7  -0.5 
1940  -7.1  -2.8  -0.2   5.1  12.8  17.6  20.8  18.4  15.3   7.9   4.3   0.2 
1941  -4.6  -3.2  -0.3   9.3  13.8  18.7  21.2  19.5  16.8  11.2   6.4   1.1 
1942  -3.8  -3.1   4.2   8.6  15.9  18.7  21.2  20.1  17.3  11.0   4.7  -2.9 
1943  -4.0  -1.6   2.0   5.7  14.0  20.7  21.8  20.0  16.2  11.2   4.3  -3.0 
1944  -2.1  -2.7   0.9   6.4  16.1  18.7  22.2  22.1  17.3  10.3   4.8  -1.8 
1945  -5.4  -3.0   7.0  10.8  12.6  18.5  21.7  19.8  18.7   9.6   6.1  -4.0 
1946  -2.5  -3.1   6.4   6.5  13.1  18.2  20.8  19.0  17.3  12.4   6.9   0.3 
1947  -0.3  -2.1   1.9   7.1  13.2  17.0  22.5  21.7  16.8  13.6   3.0  -2.3 
1948  -6.3  -5.2   2.5   7.6  12.6  17.1  21.7  21.4  16.2  10.0   8.0   0.3 
1949   0.9   0.3   3.0   9.4  14.2  20.1  24.0  22.3  16.3  12.6   4.7   0.8 
1950   1.7  -2.7   0.4   6.6  12.6  18.4  21.4  19.8  14.8  11.6   7.1   0.1 
1951  -0.2  -0.4   2.9   8.7  13.4  17.7  21.7  20.1  17.1  11.2   4.1   0.3 
1952  -0.6  -1.1   1.4   9.1  12.8  19.6  23.9  20.8  16.9   9.9   5.3   0.6 
1953   0.4   0.9   3.7   8.5  14.4  19.2  21.3  20.1  17.2  11.1   6.5   2.8 
1954  -3.8   1.3   3.0   8.7  12.1  18.5  20.7  19.3  16.1  13.4   5.8   0.7 
1955  -3.0  -0.6   2.9   9.0  15.1  18.2  24.0  22.3  16.2  11.6   4.3  -4.4 
1956  -2.0  -0.3  -0.1   6.2  11.6  19.2  20.8  20.7  14.9  10.7   6.2   1.9 
1957  -6.3   0.4   3.1   9.4  14.4  20.8  22.1  19.2  17.2  10.5   6.9   3.2 
1958  -1.0  -4.6   3.1   8.4  12.3  16.6  22.1  20.8  16.7  10.1   6.2  -4.7 
1959  -2.3  -3.6   2.3   8.9  15.5  18.0  22.7  22.0  18.9  11.7   6.0   0.7 
1960  -2.5   0.9  -1.0   8.6  14.9  19.0  21.0  20.9  16.3  10.5   6.3  -3.2 
1961  -6.0  -2.3   2.2   7.0  12.9  19.5  21.5  20.9  19.5  12.5   5.7  -0.8 
1962  -2.7  -4.0   2.5   7.9  12.7  18.7  19.1  19.7  14.9  10.0   3.7  -2.8 
1963  -2.3  -3.7   3.2   7.8  13.0  18.9  21.9  19.6  14.2  12.4   7.7  -4.7 
1964  -1.9  -2.9   2.9   7.3  14.9  18.2  21.4  17.9  15.2   9.3   4.8  -0.5 
1965  -4.9  -3.0   1.3   5.8  14.5  17.9  20.2  20.4  15.9   9.6   3.2  -0.2 
1966  -3.4  -2.6   2.9   5.8  12.1  19.1  21.6  20.9  15.3   9.6   6.6  -0.6 
1967   0.1  -4.3  -0.2   6.3  10.1  18.3  21.9  20.6  15.3  10.2   2.6  -0.2 
1968  -5.4  -4.9   3.0   8.6  12.3  17.7  22.1  19.8  16.6  12.1   4.5  -2.1 
1969  -3.1  -2.3   0.8   9.1  13.2  18.8  20.8  22.0  16.2  10.6   4.9  -1.1 
1970  -7.6  -1.4   0.9   8.0  14.3  18.2  22.2  21.2  16.8  11.5   5.9  -2.5 
1971  -5.9  -1.4   2.0   6.2  12.8  18.7  21.7  21.1  18.4  13.3   3.7   0.3 
1972  -1.7  -3.1   1.4   5.4  13.3  17.4  21.2  19.7  16.8   8.1   4.1   0.5 
1973  -1.7  -1.8   5.2   9.3  13.0  20.1  21.6  22.2  16.1  10.2   4.8   2.0 
1974  -2.0  -2.9   2.8   8.9  11.8  17.8  21.3  20.9  16.5   7.6   4.9   0.6 
1975   0.1  -1.8   1.4   6.0  15.2  18.3  22.7  20.7  15.1  11.6   7.5  -0.5 
1976  -4.5   1.1   3.4  10.7  13.7  20.4  21.4  20.5  15.7   9.2   2.8  -3.8 
1977  -7.3  -2.3   5.4   8.8  14.3  18.0  21.8  21.4  16.5  10.4   6.9  -0.8 
1978  -3.3  -5.9   0.5   7.2  13.9  18.6  20.8  21.4  14.4   9.7   4.7  -0.4 
1979  -0.9  -6.4   4.7   8.0  15.8  18.1  23.2  21.0  16.2  10.1   7.3 -99.0 
1980  -2.3  -3.8   2.1   8.9  14.3  17.5  22.8  21.9  17.2   9.0   3.4  -3.1 
1981  -8.6   1.1   2.7   8.9  14.0  19.3  22.4  20.3  15.4   8.7   5.6  -0.4 
1982  -5.9  -0.8   2.9   6.4  14.2  16.8  21.4  18.7  15.8  10.2   8.3   2.2 
1983  -1.8  -0.8   4.3   8.6  12.6  19.7  22.5  20.8  17.8  10.2   6.1  -2.2 
1984  -4.3   1.9   0.3   7.8  13.4  19.8  21.6  22.0  14.8  11.7   5.2   1.9 
1985  -5.9  -1.6   3.7   8.3  13.2  16.3  21.3  20.6  16.8  11.9   7.3  -1.6 
1986  -1.0  -2.6   3.8   9.7  15.1 -99.0  20.1  19.9  15.7  10.3   4.4   0.9 
1987  -2.0  -2.7   3.1   8.4  14.5  19.9  21.8  20.4  17.1   9.8   4.7   1.5 
1988  -4.4  -0.4   3.7   8.0  14.4  19.2  23.2  23.5  16.4   9.2   6.9  -0.3 
1989   0.2  -2.1   2.6   7.7  15.0  19.9  21.6  22.2  18.4  12.1   6.1  -7.2 
1990   2.0   1.0   4.7   9.0  13.2  20.0  22.7  22.9  17.2  13.9   7.5   3.3 
