Number= 720208
Name= CAMBRIDGE-WATER-TRMT
Country= USA---------
Lat=   38.6
Long=   76.1
Height= 1
Start year= 1893
End year= 1990
First Good year= 1893
Source ID= 30
Source file= New
Normals source= Data
Normals source start year= 1961
Normals source end year= 1990
Normals=   1.0   2.2   7.3  12.3  17.8  22.8  25.2  24.4  20.7  14.6   9.3   3.8 
Standard deviations source= Data
Standard deviations source start year= 1941
Standard deviations source end year= 1990
Standard deviations=   2.5   2.2   1.9   1.3   1.2   1.1   1.0   0.9   1.0   1.6   1.4   2.2 
Obs:
1893  -3.3   3.3   6.5  13.9  18.8  24.6  27.2  25.8  21.4  16.2   8.3   4.6 
1894   4.0   2.6 -99.0 -99.0 -99.0 -99.0 -99.0 -99.0 -99.0 -99.0 -99.0 -99.0 
1895 -99.0 -99.0 -99.0 -99.0 -99.0 -99.0 -99.0 -99.0 -99.0  12.0   9.9   4.8 
1896   1.0   2.8   4.8  14.6  20.8  21.7  25.4 -99.0 -99.0 -99.0 -99.0 -99.0 
1897 -99.0 -99.0 -99.0 -99.0 -99.0 -99.0 -99.0 -99.0 -99.0 -99.0 -99.0 -99.0 
1898 -99.0 -99.0 -99.0 -99.0 -99.0 -99.0 -99.0 -99.0 -99.0 -99.0 -99.0 -99.0 
1899 -99.0 -99.0   5.6  12.6  18.2  25.0  26.1  24.1 -99.0  15.2   9.2   3.9 
1900   2.8   2.5   5.0  12.0  18.7 -99.0 -99.0 -99.0 -99.0 -99.0 -99.0 -99.0 
1901 -99.0 -99.0 -99.0 -99.0 -99.0  22.2  26.4 -99.0  21.4  14.9   6.4   3.3 
1902   0.6  -0.6   8.1  11.7  18.0  22.3  25.0  22.9  20.2  15.7  10.7   2.8 
1903   1.3   3.8   9.8  11.5  18.1  18.9  24.7  22.6  20.5  14.2   6.0   0.6 
1904  -1.4  -1.9   4.9  10.4  18.3  22.0  24.2  23.4  21.5  13.6   6.8   0.3 
1905   0.0  -2.0   7.4  12.4  18.9  21.8  24.9  23.3  21.2  15.2   7.8   4.4 
1906   5.5   2.6   3.6  12.5  17.9  22.4  23.8  24.9  22.8  14.2   8.1   3.4 
1907   3.6  -1.1   8.6   8.5  15.4  18.7  24.7  23.2  23.0  12.4   7.7   4.9 
1908   1.8   0.4   8.7  13.4  18.6  22.1  25.9  22.6  19.9  15.9   8.4   4.1 
1909   4.1   7.2   6.1  12.6  18.1  22.9  23.4  22.7  20.3  13.1  10.4   1.3 
1910   2.1   2.9   9.9  13.9  16.9  20.3  25.2  23.2  22.6  16.5   5.8   0.1 
1911   4.9   3.8   5.6  10.2  20.6  23.0  26.3  24.6  22.4  15.1   8.1   6.9 
1912  -2.3   0.5   5.3  13.8  18.8  21.8 -99.0  23.0  22.0  15.8   8.7   5.6 
1913   7.6   2.8   9.0  12.6  17.9  21.4  25.2  23.6  21.8  15.8  10.4   6.2 
1914   4.6   0.1   3.3  11.3  19.3  22.7  24.7  24.5  19.9  16.4   8.0   1.3 
1915   2.9   4.5   3.4  14.6  18.3  21.2  25.2  23.6  22.2  15.7   8.1   2.4 
1916   4.3 -99.0   2.4  11.6  19.6  21.1  24.9 -99.0  19.5  14.9   8.0   2.9 
1917   2.9   1.1   5.6  11.4  14.9  22.0  24.2  23.5  18.1  12.4   5.7  -1.3 
1918  -4.4   1.8   7.9 -99.0  20.6  20.8  23.5  25.5  18.1  16.1   8.2   5.9 
1919 -99.0   3.4   8.7  11.5  18.4  22.2  24.3  22.8  21.1  18.1   8.7   1.0 
1920  -0.8   1.0   7.0  11.8  15.4  22.8  24.2  24.3 -99.0  16.9   7.9   4.6 
1921   3.6   3.9  13.3  15.3  17.0 -99.0  26.2  23.0 -99.0  14.1   9.6   3.0 
1922   0.2   3.1   7.7 -99.0  18.2  23.4  24.6  23.1  20.7  15.3   8.7   3.8 
1923   2.8  -0.1   7.2  11.0  16.5  23.7  23.8  23.8  21.1  13.8   7.2   7.0 
1924   2.1   0.7   5.2  10.1  15.5  20.9  23.3  23.0  17.5  13.3   7.4   2.8 
1925   0.2   5.8   7.9  13.4  16.0  25.5  25.5  22.8  22.6  12.1   6.8   2.5 
1926   1.0   2.1   4.0  10.6  16.4  20.1  24.6  24.3  20.2  14.1   7.2   1.3 
1927   1.5   5.3   8.2  10.2  17.1  20.0  24.2  21.4  20.6  15.9  11.0   4.3 
1928   2.1   2.9   6.2  10.8  16.4  21.5  25.3  25.0  18.4  15.4   9.6   4.0 
1929   2.3   2.0  10.0  13.6  17.1  22.2  24.9  23.0  21.2  13.4   9.3   4.2 
1930   3.2   5.1   7.4  10.9  19.0  22.9  25.9  23.7  23.8  13.6   8.5   2.2 
1931   2.7   3.5   5.0  11.3  17.1  22.0  26.1  24.1  23.0  16.4  11.6   7.7 
1932   8.3   6.1   5.1  11.3  17.0  22.2  24.5  24.2  20.8  15.2   7.8   4.4 
1933   6.4   4.2   6.1  12.3  19.1  22.9  23.8  24.4  22.6  13.9   7.3   4.3 
1934   4.5  -3.9   5.1  11.7  18.4  24.5  26.3  23.3  21.0  14.0  10.0   3.4 
1935   1.2   2.1   9.7  10.6  16.4  22.5  25.5  24.2  19.6  14.6  10.7   0.9 
1936   0.2  -1.5  10.2  11.1  18.7  22.6  25.1  25.8  21.7  16.0   7.7   5.2 
1937   7.7   3.3   5.7  12.7  18.4  23.5  25.1  25.3  18.5  13.1   8.2   2.9 
1938   2.0   5.3   9.4  13.8  17.3  22.0  24.7  24.9  19.8  14.2  10.1   4.2 
1939   3.2   5.9   7.8  12.3  18.4  23.3  24.3  25.1  21.3  14.6   6.7   4.4 
1940  -4.0   1.8   4.7   9.8  17.4  23.2  24.8  22.7  18.6  12.2   8.4   6.1 
1941   1.6   0.9   3.9  13.8  18.3  21.6  24.4  23.6  21.8  18.1   9.8   5.5 
1942   1.6   1.6   7.8  13.9  19.7  23.2  25.3  23.3  20.7  15.3   9.9   1.6 
1943   2.2   3.0   7.2 -99.0  19.4  25.5 -99.0  25.4 -99.0  13.1 -99.0   2.5 
1944   2.4   2.4 -99.0 -99.0 -99.0 -99.0 -99.0 -99.0 -99.0 -99.0 -99.0 -99.0 
1945 -99.0 -99.0 -99.0 -99.0 -99.0 -99.0 -99.0 -99.0 -99.0 -99.0 -99.0 -99.0 
1946 -99.0   4.2  11.2  12.2  17.9  21.7  23.5  21.9  20.6  15.9  11.2   5.6 
1947   5.9  -0.1   4.0  12.8  18.3  21.1  23.8  25.4  20.9  17.3   7.3   2.2 
1948  -1.7   2.1   8.9  12.6  17.8  21.8  24.2  24.0  20.3  13.4  11.4   4.6 
1949   6.1   6.5   7.9  12.7  18.3  23.5  27.2  25.2  19.3  17.2   8.2   4.7 
1950   8.6   3.0   5.8  11.0  17.1  22.4  24.2  23.2  19.3  15.7   9.0   1.9 
1951   3.8   3.9   7.0  11.9  17.3  22.0  25.4  23.8  20.8  16.5   7.2   5.1 
1952   5.1   4.5   6.9  13.9  17.6  24.3  27.0  24.5  20.4  12.8   9.2   4.4 
1953   5.7   5.7   8.2  13.4  20.7  23.0  25.7  24.0  20.5  15.1   8.7   5.4 
1954   2.6   6.1   7.4  14.8  16.6  23.2  25.4  23.7  21.7  16.7   7.1   3.0 
1955   1.2   2.5   8.7  14.1  18.5  20.3  26.9  25.2  20.3  15.2   7.8   1.0 
1956   1.1   4.5   5.7  11.2  17.0  22.4  24.9  24.2  20.1  15.5   9.2   7.6 
1957   0.2   4.6   6.9  14.4  19.2  24.5  25.8  23.1  21.6  12.6   9.8   5.4 
1958   0.6  -1.0   4.6  12.8  17.4  21.5  25.9  23.7  19.3  14.5   9.7  -0.4 
1959   1.2   3.1   7.3  13.8  19.9  23.7  25.2  25.2  21.4  16.7   8.4   4.9 
1960   2.5   3.0   1.0  15.0  16.4  22.2  23.5  25.3  20.9  14.8   9.7   0.1 
1961  -1.0   3.7   8.6  10.7  16.4  22.2  25.0  24.2  23.1  15.1  10.4   2.1 
1962   1.9   1.4   6.0  12.9  19.2  22.2  23.0  23.8  19.2  15.2   7.0   1.3 
1963   0.5  -1.1   8.8  12.8  16.9  22.2  24.7  23.5  18.7  15.2  10.5   0.2 
1964   2.4   1.6   8.3  11.5  18.5  23.1  25.1  23.0  20.2  12.3  10.1   5.2 
1965   1.0   2.5   5.2  10.8  19.9  21.8  24.4  23.7  21.6  13.4   9.0   4.6 
1966  -0.1   1.5   7.6  10.4  16.9  22.7  25.4  24.6  19.3  13.1   9.0   2.7 
1967   4.2   0.6   6.0  12.6  14.6  22.1  24.6  23.5  18.8  13.5   6.6   4.2 
1968  -0.7  -0.4   8.2  12.4  16.6  22.8  25.1  25.7  20.7  16.4  10.1   2.5 
1969   0.4   1.2   4.7  13.4  17.7  23.8  25.6  23.9  20.3  14.1   8.1   2.2 
1970  -1.6   1.8   4.8  11.9  18.7  22.8  25.2  25.0  22.7  16.7   9.6   3.8 
1971  -0.7   2.9   5.5  10.8  16.5  23.4  24.9  24.0  21.9  18.2   8.9   7.9 
1972   3.2   1.9   6.6  11.3  17.4  20.8  25.0  23.7  20.7  13.2   7.9   6.6 
1973   2.2   1.7   9.3  12.7  16.9  24.2  25.5  25.1  21.3  15.5  10.1   4.8 
1974   5.1   2.8   8.4  13.6  17.5  21.2  24.7  24.3  20.4  13.1   9.2   5.4 
1975   4.5   4.0   6.6  10.0  18.8  22.9  24.6  25.1  19.7  16.4  11.6   4.6 
1976   0.5   7.2   9.2  14.1  17.4  23.9  24.5  23.6  20.2  12.7   5.6   1.5 
1977  -4.2   2.6  10.5  14.3  18.8  21.4  25.8  25.6  21.7  13.7  10.4   3.0 
1978  -0.8  -2.2   5.7  12.6  16.6  22.5  24.0  25.8  20.9  14.0   9.5   5.0 
1979   1.4  -3.9   8.9  12.0  18.7  20.6  24.1  24.2  20.9  14.0  11.1   5.0 
1980   1.8   0.0   5.6  13.2  19.0  22.4  26.7  25.8  22.7  13.9   7.5   3.1 
1981  -1.3   5.1   6.0  14.7  17.1  24.4  25.3  22.9  19.9  13.5   9.0   2.8 
1982  -1.9   3.3   7.0  11.1  19.0 -99.0  25.4  23.3  20.5  14.8  10.8   7.1 
1983   2.7   2.6   8.6  11.2  16.8  22.6  26.0  25.5  21.2  15.0   9.5   2.4 
1984  -1.1   5.9   4.5  11.2  18.0  23.6  24.3  24.4  19.3  16.9   7.9   7.8 
1985  -1.4   2.6   9.1  15.0  19.0  21.8  25.0  24.2  20.7  16.5  12.4   2.3 
1986   2.1   1.7   7.8  12.5  19.1  24.0  26.8  23.3  20.8  15.6   8.9   4.4 
1987   1.0   1.4   7.8  11.8  18.5  24.1  27.1  25.6  21.8  12.3  10.2   5.1 
1988  -0.8   3.3   7.9  11.4  17.6  23.4  26.7  26.2  20.3  12.1   9.2   3.5 
1989   3.8   2.3   6.8  12.1  17.3  24.3  25.1  24.3  21.3  15.4   8.4  -2.6 
1990   5.6   6.6   8.9  13.1  17.2  23.1  26.2  24.3  20.0  16.9  10.2   6.8 
