Number= 720255
Name= MONTEVIDEO-1SW------
Country= USA---------
Lat=   44.9
Long=   95.8
Height= 300
Start year= 1889
End year= 1990
First Good year= 1889
Source ID= 30
Source file= New
Normals source= Data
Normals source start year= 1961
Normals source end year= 1990
Normals= -12.3  -8.9  -1.5   7.3  14.4  19.8  22.4  20.8  15.1   8.8  -0.4  -9.3 
Standard deviations source= Data
Standard deviations source start year= 1941
Standard deviations source end year= 1990
Standard deviations=   3.9   3.2   3.4   2.3   2.0   1.6   1.4   1.5   1.5   1.8   2.2   3.2 
Obs:
1889 -99.0 -99.0 -99.0 -99.0 -99.0 -99.0 -99.0  21.9  13.4   7.2  -2.3  -4.1 
1890 -16.5 -10.5  -5.9   9.0  10.6  20.3  21.7  18.2  14.4   7.2   0.8  -5.3 
1891  -6.8 -14.0  -7.1   8.5  13.4  18.6  19.3  19.6  19.6   8.9  -4.7  -3.3 
1892 -13.4  -9.0  -2.3   4.6   9.0  17.3  21.1  19.9  16.0  10.5  -2.6 -10.4 
1893 -16.6 -14.0  -6.3   3.0  12.2  21.4  22.1  19.7  16.5   8.2  -1.6 -11.9 
1894 -15.6  -9.2   1.1   8.3  14.1  22.1  23.4  21.0  17.4   9.2  -2.7  -3.7 
1895 -16.7 -12.9  -2.0  11.6  13.9  18.8  21.3  20.8  17.2   7.4  -2.4  -8.0 
1896 -11.7  -6.6  -6.2   8.3  16.0  19.0  20.5  20.9  13.3   6.3  -8.6  -6.0 
1897 -15.0  -9.8  -7.9   6.7  13.4  17.2  22.2  18.4  19.5  10.6  -2.7  -9.7 
1898  -6.0  -7.6  -0.5   8.0  13.1  19.9  21.3  19.9  16.8   6.2  -3.2 -10.0 
1899 -10.7 -14.0  -9.3   7.8  13.3  19.8  22.5  21.1  12.8   8.9   3.7  -8.6 
1900  -7.4 -14.7  -3.8   9.9  14.7  19.5 -99.0 -99.0 -99.0 -99.0 -99.0  -6.7 
1901  -9.8  -9.7  -1.3   9.4  14.6  19.9  25.5  22.1  14.4   9.6  -2.1 -10.0 
1902  -8.6  -8.7   0.6   5.9  13.7  17.0  21.3  18.8  13.2   8.3   0.3 -12.1 
1903 -11.7 -13.4  -2.1   6.1  13.5  17.3  19.6  17.7  13.4   9.5  -1.9 -11.6 
1904 -13.7 -15.7  -2.2   4.8  13.6  18.3  20.0  19.6  15.1   9.6   2.8  -7.8 
1905 -15.1 -11.4   1.9   6.5  11.5  18.5  20.8  21.5  17.5   6.8   1.4  -5.8 
1906  -7.2  -7.8  -5.7  10.1  13.4  18.8  20.8  21.5  17.4   8.0  -0.7  -8.2 
1907 -15.5  -7.7  -0.4   2.1   8.0  18.7  21.4  20.9  14.4   8.4   0.9  -5.3 
1908  -6.6  -6.4  -1.5   8.6  12.7  17.8  22.3  20.1  18.8   8.8   2.1  -7.2 
1909 -10.7  -8.2  -1.7   3.6  12.8  19.5  21.2  23.2  16.0   7.8   0.9 -12.2 
1910 -10.4 -12.9   7.4  10.1  12.2  20.5  22.7  19.9  15.4  12.0  -2.6  -8.0 
1911 -13.3  -7.6   3.3   6.9  16.4  22.5  21.9  19.2  15.1   7.3  -6.5  -7.1 
1912 -18.7  -8.9  -5.0   8.7  14.3  18.3  21.5  19.2  14.4   9.9   3.1  -5.0 
1913 -10.1 -10.8  -4.5   8.8  11.9  21.2  20.8  22.5  15.9   6.3   4.5  -2.5 
1914  -5.6 -12.5  -1.1   7.4  15.3  20.3  24.0  20.1  16.3  12.6   2.2 -12.5 
1915 -11.1  -4.2  -3.0  13.1  11.6  17.3  19.7  19.1  15.7  10.9   1.6  -6.9 
1916 -14.5 -11.4  -2.4   6.0  13.1  17.5  25.8  21.2  14.8   7.8   0.4 -12.6 
1917 -14.3 -14.3  -2.6   5.0  12.0  18.0  23.2  19.7  14.8   3.7   3.3 -13.9 
1918 -16.3  -8.0   3.3   6.1  15.2  19.8  22.0  21.4  12.7  10.5   1.3  -5.3 
1919  -6.3 -10.0  -2.2   7.7  14.5  21.1  23.7  21.3  17.5   5.4  -4.8 -12.5 
1920 -14.2  -9.1  -0.8   3.6  15.0  20.2  21.9  20.7  17.8  12.5  -1.8  -8.2 
1921  -8.3  -6.4  -0.2  10.0  15.2  23.8  24.5  21.8  16.8  10.4  -6.2  -7.5 
1922 -11.0 -12.4  -0.5   7.5  16.0  21.4  21.3  23.3  17.8  10.4   2.9  -8.7 
1923  -9.8 -11.5  -5.5   5.6  14.5  21.7  24.7  20.2  16.7   8.2   2.2  -3.2 
1924 -15.2  -6.0  -2.1   7.3  10.1  18.4  21.3  20.6  15.1  13.3   0.3 -15.2 
1925 -13.1  -7.5   0.2  11.0  12.9  20.3  21.9  22.8  18.8   3.6  -1.0  -9.7 
1926 -10.6  -6.0  -4.8   6.6  17.0  18.5  23.2  20.1  14.0   9.2  -3.0 -10.5 
1927 -10.3  -5.1   1.6   7.5  11.5  18.8  20.3  20.1  17.8  11.7  -3.5 -16.6 
1928  -9.5  -5.6 -99.0   5.6  16.6  17.6  23.3  21.5  14.4   9.3   1.1  -5.0 
1929 -18.6 -14.9   0.2   8.0  12.3  20.0  23.3  22.3  13.6   8.7  -3.1 -10.1 
1930 -16.7  -3.2  -1.6   8.6  13.0  19.0  23.0  22.4  14.2   7.9   1.1  -4.6 
1931  -3.3  -0.4  -0.5   8.9  12.5  23.3  24.2  21.0  19.6  11.1   2.8  -4.7 
1932 -10.3  -7.9  -6.5   5.8  13.9  20.8  22.3  21.1  14.4   6.4  -2.9 -10.1 
1933  -7.3 -11.6  -1.6   5.7  12.8  24.2  24.3  20.1  18.1   7.2  -1.5 -10.4 
1934  -7.7  -7.6  -2.3   6.9  19.2  22.0  23.9  20.6  12.5  10.8   2.2 -10.5 
1935 -13.6  -3.0  -0.1   4.6  10.7  17.3  25.5  22.1  15.6   6.8  -5.5 -10.4 
1936 -19.9 -21.6  -3.1   2.5  16.2  18.6  26.1  22.1  16.7   6.6  -3.0  -7.5 
1937 -18.3 -12.1  -4.0   4.8  14.3  18.2  23.5  24.6  15.6   6.6  -1.8 -10.3 
1938 -12.8  -9.3   1.0   6.6  11.1  19.2  22.0  23.0  16.4  12.4  -2.6  -7.1 
1939  -8.9 -14.2  -1.7   5.6  17.0  20.1  23.0  21.2  17.0   7.7   2.6  -2.4 
1940 -15.2  -8.0  -5.4   5.2  13.1  19.4  23.4  19.5  17.7  11.6  -3.8  -6.5 
1941  -9.4  -9.7  -2.2   9.7  16.2  19.3  22.5  21.3  15.8   9.2   1.0  -4.2 
1942  -7.2  -7.3   1.5  10.0  11.8  18.3  21.2  20.5  12.9   9.0  -0.1 -10.4 
1943 -16.0  -9.5  -4.9   7.6  12.0  20.3  23.4  22.0  14.3  10.3 -99.0  -5.0 
1944  -3.3  -7.3  -4.5   5.3  15.4  20.4  21.7  20.7  15.5  10.3   1.7  -7.4 
1945 -10.0  -8.3   3.2   5.8  10.4  16.5  21.1  20.7  14.3   9.1  -1.6 -12.2 
1946 -10.1  -9.9   4.3  10.5  11.9  19.5  22.5  19.9  14.4   8.8  -1.5  -7.2 
1947  -6.2 -11.3  -2.3   5.3  11.2  17.3  22.0  24.1  15.8  13.2  -3.5  -9.7 
1948 -13.8 -11.2  -5.0   8.9  14.0  18.6  23.2  21.5  18.5   9.4   0.3  -8.9 
1949 -13.3 -12.5  -2.3   7.7  15.6  20.7  23.0  23.3  13.7   9.6   2.4  -8.6 
1950 -16.7  -9.7  -4.5   1.7  11.6  20.1  20.3  18.9  16.0  10.3  -3.5 -12.0 
1951 -13.8  -8.8  -8.7   4.5  15.4  17.0  21.0  19.5  12.5   8.1  -4.4 -10.9 
1952 -13.2  -6.3  -6.3   8.8  13.9  20.2  22.4  20.4  16.4   6.8   1.0  -6.2 
1953 -10.0  -8.0  -1.1   4.6  13.0  20.0  21.7  21.7  15.6  12.8   2.5  -8.5 
1954 -15.6  -1.2  -3.2   6.6  10.9  20.0  22.4  20.2  14.9   7.7   2.5  -5.9 
1955 -10.6 -11.8  -4.3  11.5  16.7  19.0  24.2  23.0  15.4   9.7  -5.7 -13.5 
1956 -13.6 -11.8  -4.7   3.9  13.6  22.1  20.0  20.4  13.7  12.4  -0.5  -5.3 
1957 -14.0  -7.4  -1.8   6.7  12.0  18.3  24.0  19.9  13.8   8.7  -0.1  -4.3 
1958  -6.8 -10.9  -1.2   7.8  14.7  15.9  19.9  21.2  16.2  10.6   0.9 -10.2 
1959 -13.5 -10.9   1.7   7.4  14.7  21.4  22.2  22.8  16.2   5.8  -5.0  -1.6 
1960 -11.1  -9.2  -8.6   6.6  13.4  17.6  21.7  21.0  15.8   9.2   0.9  -8.3 
1961 -10.2  -5.0   1.1   3.4  11.6  19.9  20.5  21.9  14.7   9.4  -0.4 -11.1 
1962 -13.2 -10.9  -5.0   5.4  14.9  18.6  20.0  20.6  13.5  11.1   2.3  -7.4 
1963 -15.7  -9.8   1.0   8.6  13.4  20.7  21.7  20.7  16.4  13.7   1.5 -13.3 
1964  -7.8  -6.2  -6.1   6.9  15.1  19.8  23.2  18.6  13.7   8.3   0.4 -12.6 
1965 -14.8 -11.9  -9.1   5.8  14.9  19.6  22.0  20.3  10.2  10.3  -1.0  -4.0 
1966 -17.5 -11.3   1.5   3.9  11.8  19.2  24.4  19.0  14.7   8.3  -2.7  -8.9 
1967 -10.1 -13.0  -0.3   7.2  11.3  18.6  20.5  18.8  14.8   8.1  -0.1  -6.7 
1968 -10.4 -10.8   3.8   8.6  11.5  19.9  20.9  21.1  15.4   8.9   0.4 -10.6 
1969 -16.3  -9.4  -8.0   7.6  14.9  15.1  21.2  22.3  15.7   6.7   0.2  -8.1 
1970 -16.2  -9.9  -4.5   6.1  14.9  20.9  22.2  20.5  15.7   8.2  -1.4  -9.7 
1971 -14.9  -8.8  -1.7   7.8  12.8  20.9  18.3  19.4  14.9   9.9  -0.9  -9.9 
1972 -14.3 -13.4  -2.5   5.3  15.0  18.8  20.6  20.5  13.9   5.6  -2.0 -13.2 
1973  -9.2  -6.5   3.2   6.2  13.2  19.9  21.2  22.0  14.8  12.1   0.8  -9.3 
1974 -13.0  -8.3  -1.6   7.7  12.4  19.1  23.8  18.3  13.7  10.6   0.6  -5.2 
1975 -10.3 -10.7  -5.4   3.0  15.8  19.4  24.1  21.8  13.9  10.8   0.2  -8.4 
1976 -12.3  -3.3  -0.2  10.5  13.9  22.0  24.1  23.3  15.8   5.8  -3.6 -11.3 
1977 -18.2  -5.5   1.9  11.2  18.6  19.9  23.1  18.2  15.7   8.6  -0.5 -11.1 
1978 -17.1 -12.3  -2.2   6.3  16.1  19.8  22.0  22.6  18.8  10.2  -1.1  -9.9 
1979 -18.8 -15.0  -3.5   4.3  13.1  20.2  23.4  20.2  18.0   8.1  -0.6  -3.0 
1980 -10.5  -9.5  -3.9  10.3  17.0  20.9  24.1  22.1  16.4   7.8   1.8  -7.8 
1981  -8.4  -5.3   3.5  10.5  14.2  19.5  23.0  21.3  16.0   8.2   2.4 -11.1 
1982 -21.0 -10.5  -2.4   5.9  15.9  17.4  23.6  21.8  15.3   8.8  -2.9  -5.2 
1983  -9.2  -4.9  -0.8   5.6  12.1  18.9  24.5  23.9  16.1   8.6   1.0 -17.2 
1984 -10.0  -3.1  -5.0   8.1  12.7  20.1  22.0  22.4  13.1  10.1   0.8  -8.2 
1985 -12.3  -9.6   1.7  10.9  17.4  18.4  22.3  18.8  14.1   7.8  -5.9 -14.0 
1986  -8.4 -10.4   1.0   8.4  15.2  21.5  23.2  19.6  15.3   9.1  -2.5  -4.1 
1987  -5.8   0.1   2.1  11.8  17.5  21.9  24.0  20.2  16.2   6.3   2.1  -6.1 
1988 -13.5 -11.1   0.0   7.6  17.8  23.1  24.6  23.2  16.7   6.6  -0.9  -7.2 
1989  -6.4 -13.7  -4.0   6.8  14.6  19.3  23.7  20.9  15.2   9.0  -2.8 -12.9 
1990  -3.7  -5.5   0.8   7.8  13.0  19.8  20.8  20.3 -99.0   8.0   1.4 -10.3 
