Number= 720281
Name= NATCHEZ-------------
Country= USA---------
Lat=   31.6
Long=   91.4
Height= 59
Start year= 1836
End year= 1990
First Good year= 1836
Source ID= 30
Source file= New
Normals source= Data
Normals source start year= 1961
Normals source end year= 1990
Normals=   8.1  10.2  14.6  18.9  22.5  26.0  27.4  27.0  24.5  18.9  14.1  10.0 
Standard deviations source= Data
Standard deviations source start year= 1941
Standard deviations source end year= 1990
Standard deviations=   2.8   2.5   2.0   1.3   1.0   0.9   0.8   0.8   1.2   1.6   1.7   2.2 
Obs:
1836  10.6  11.5  13.4  21.2  23.0  25.5  27.3  27.1  25.1  16.4  11.4   7.8 
1837   8.2  10.9  15.1  17.7  22.7  26.7  28.3  28.1  24.0  19.8  17.5  12.0 
1838  10.7   5.4  15.8  20.4  20.1  27.4  27.2  26.8  23.1  16.9  11.5   7.0 
1839  11.2  10.1  15.0  23.7  24.7  27.7  28.6  27.1  24.9  22.1  11.5   8.2 
1840   9.4  13.4 -99.0  21.5  22.4  26.9  27.7  27.8  24.3  20.3  11.7  10.1 
1841   8.2  12.2  16.1  21.4  23.9  27.1  29.1  27.2  25.3  19.3  15.4  12.3 
1842  12.5  12.0  20.4  21.3  24.8  27.1  26.5  25.7  25.1  19.4  12.2  10.3 
1843  12.0   9.9  13.6  21.2  24.3  25.7  27.0  26.0  26.3  17.8  16.1  10.9 
1844  11.6  14.7  15.3  21.5  25.4  26.6  28.8  26.7  24.7  19.3  15.1  10.2 
1845  12.5  13.4  16.6  20.5  23.3  27.1  27.9  27.2  24.8  18.2  13.4   6.9 
1846  10.3  10.2  16.7  19.1  24.8  26.3  27.3  25.8  26.2  19.5  16.2  14.5 
1847   8.3  12.0  14.2  22.0  22.7  26.8  26.7  27.0  24.3  19.8  15.2  10.4 
1848 -99.0 -99.0 -99.0 -99.0 -99.0 -99.0 -99.0 -99.0 -99.0 -99.0 -99.0 -99.0 
1849  10.7  11.4  15.7  19.6  22.7  25.3  25.3  26.7  24.2  17.9  16.0  11.6 
1850  13.3  11.4  15.6 -99.0  20.6  23.8  26.3  27.1  25.1  19.3  13.4   8.7 
1851  11.2  13.1  15.2  17.4  23.4  26.0 -99.0 -99.0 -99.0 -99.0 -99.0 -99.0 
1852 -99.0 -99.0 -99.0 -99.0 -99.0 -99.0 -99.0 -99.0 -99.0 -99.0 -99.0 -99.0 
1853 -99.0 -99.0 -99.0 -99.0 -99.0 -99.0 -99.0 -99.0 -99.0 -99.0 -99.0 -99.0 
1854 -99.0 -99.0 -99.0 -99.0 -99.0 -99.0 -99.0 -99.0 -99.0 -99.0 -99.0 -99.0 
1855 -99.0 -99.0 -99.0 -99.0 -99.0 -99.0 -99.0 -99.0 -99.0 -99.0 -99.0 -99.0 
1856 -99.0 -99.0 -99.0 -99.0 -99.0 -99.0 -99.0 -99.0 -99.0 -99.0 -99.0 -99.0 
1857 -99.0 -99.0 -99.0 -99.0 -99.0 -99.0 -99.0 -99.0  24.6  19.2  13.6   9.4 
1858  10.8  11.6  16.4  18.7  23.7  26.2  27.8  27.2  24.6  20.5   9.1  13.1 
1859   9.0  15.3  16.6  17.5  23.0  24.9  26.7  26.2  24.1  17.2  16.0   6.7 
1860   9.6  11.7  15.3  20.9  23.5  27.4  29.2  27.1  25.4  17.4  12.5   9.3 
1861   9.8  11.4  14.4  18.7  22.0  26.2  26.2  24.8  22.9  18.2  17.4  14.0 
1862  13.7  11.6  14.4  19.5  22.5  25.5  28.2  28.1  25.0  17.7  13.7  10.7 
1863 -99.0 -99.0 -99.0 -99.0 -99.0 -99.0 -99.0 -99.0 -99.0 -99.0 -99.0 -99.0 
1864 -99.0 -99.0 -99.0 -99.0 -99.0 -99.0 -99.0 -99.0 -99.0  15.9  13.6  11.2 
1865   6.7  11.3  14.1  17.9  21.5  25.8  27.9  27.1  25.0  17.9  13.8  11.2 
1866   9.0   8.4  15.9  18.8  21.6  24.4  27.2  27.2  23.6  17.2  13.3   9.1 
1867   8.6  14.5  11.8  18.6  19.9  24.9  26.1  25.9  25.3  16.9  14.1  15.1 
1868   7.3   9.9  16.3  18.6  22.1  25.9  26.0  26.2  23.2  17.6  10.8   7.4 
1869   8.9  10.2  13.3  17.9  20.5  24.6  26.6  26.6  21.7  13.6  12.2   7.9 
1870  10.0  10.8  12.9  16.3  21.4 -99.0 -99.0 -99.0 -99.0 -99.0 -99.0 -99.0 
1871 -99.0 -99.0 -99.0 -99.0 -99.0 -99.0 -99.0 -99.0 -99.0 -99.0 -99.0 -99.0 
1872 -99.0 -99.0 -99.0 -99.0 -99.0 -99.0 -99.0 -99.0 -99.0 -99.0 -99.0 -99.0 
1873 -99.0 -99.0 -99.0 -99.0 -99.0 -99.0 -99.0 -99.0 -99.0 -99.0 -99.0 -99.0 
1874 -99.0 -99.0 -99.0 -99.0 -99.0 -99.0 -99.0 -99.0 -99.0 -99.0 -99.0 -99.0 
1875 -99.0 -99.0 -99.0 -99.0 -99.0 -99.0 -99.0 -99.0 -99.0 -99.0 -99.0 -99.0 
1876 -99.0 -99.0 -99.0 -99.0 -99.0 -99.0 -99.0 -99.0 -99.0 -99.0 -99.0 -99.0 
1877 -99.0 -99.0 -99.0 -99.0 -99.0 -99.0 -99.0 -99.0 -99.0 -99.0 -99.0 -99.0 
1878 -99.0 -99.0 -99.0 -99.0 -99.0 -99.0 -99.0 -99.0 -99.0 -99.0 -99.0 -99.0 
1879 -99.0 -99.0 -99.0 -99.0 -99.0 -99.0 -99.0 -99.0 -99.0 -99.0 -99.0 -99.0 
1880 -99.0 -99.0 -99.0 -99.0 -99.0 -99.0 -99.0 -99.0 -99.0 -99.0 -99.0 -99.0 
1881 -99.0 -99.0 -99.0 -99.0 -99.0 -99.0 -99.0 -99.0 -99.0 -99.0 -99.0 -99.0 
1882 -99.0 -99.0 -99.0 -99.0 -99.0 -99.0 -99.0 -99.0 -99.0 -99.0 -99.0 -99.0 
1883 -99.0 -99.0 -99.0 -99.0 -99.0 -99.0 -99.0 -99.0 -99.0 -99.0 -99.0 -99.0 
1884 -99.0 -99.0 -99.0  19.4  22.3  25.3  28.8  26.7  26.5  21.4 -99.0 -99.0 
1885 -99.0 -99.0 -99.0 -99.0  22.2  27.1  27.8  26.8  24.4  16.7 -99.0 -99.0 
1886 -99.0 -99.0 -99.0  20.2  23.3  26.4  27.4  27.9  25.5  19.3 -99.0 -99.0 
1887 -99.0 -99.0 -99.0 -99.0  24.2  26.3  27.2  26.9  24.0  17.2 -99.0 -99.0 
1888 -99.0 -99.0 -99.0 -99.0  23.7 -99.0  28.4  26.9  22.8  18.0 -99.0 -99.0 
1889 -99.0 -99.0 -99.0 -99.0  23.4  25.7  27.8  25.4  23.4  17.8   9.7 -99.0 
1890 -99.0  16.5  13.7  19.2  22.1  26.6  27.9  26.6  23.7  18.3  14.9 -99.0 
1891 -99.0 -99.0 -99.0 -99.0  21.8  27.2  26.9  27.1  24.7  17.3  12.9 -99.0 
1892   5.2  13.9  11.6  19.8  23.0  25.7  27.1  27.0  23.7  20.2  13.9   9.8 
1893 -99.0  13.1 -99.0 -99.0  23.1  26.3  28.2  26.5  24.7  17.9 -99.0 -99.0 
1894  10.8   9.3  16.3  20.7  23.3  25.1  26.3  26.3  24.6  19.1  12.7  11.4 
1895   8.0   4.9  14.7  18.2  21.9  26.0  27.5  26.9  26.4  17.3  13.5  10.0 
1896   8.2  11.4  14.4  20.2  25.1  26.3  28.1  28.5  25.2  19.3  15.7  10.5 
1897   7.4  12.9  18.8  18.9  21.8  27.4  28.6  27.2  25.1  21.9  15.1  10.2 
1898  11.9  11.6  16.1  17.2  23.8  26.8  27.3  27.5  25.9  18.3  11.2   7.9 
1899   8.4   5.8  16.1  18.2  26.0  27.0  28.5  29.1  24.1  21.6  15.1   9.2 
1900   9.6   9.6  14.2  19.7  23.2  26.2  27.2  27.9  28.1  21.6  14.9  10.4 
1901  11.6   8.9  14.9  16.9  22.2  27.0  28.3  27.4  24.1  19.5  13.4   7.6 
1902   7.5   7.0  16.1  20.0  25.4  27.6  28.0  29.6  24.1  19.3  17.7   9.8 
1903   9.1  10.9  17.0  19.5  22.1  23.7  26.9  27.6  24.3  18.6  12.5   7.5 
1904   9.3  14.2  18.0  19.5  22.8  27.1  26.9  27.2  26.6  21.8  16.3  11.6 
1905   8.0   5.9  18.9  21.5  25.8  27.5  27.1  28.7  27.2  21.1  17.1   8.7 
1906  12.2  11.5  14.0  20.1  23.0  27.7  27.2  27.9  26.2  16.8  15.3  13.3 
1907  15.3  12.2  21.0  17.8  20.9  26.3  28.4  28.9  25.8  19.5  12.3  10.7 
1908   9.4  11.1  19.3  22.6  23.8  27.6  27.6  28.0  25.4  18.1  16.3  11.7 
1909  12.3  13.1  16.4  20.0  22.4  27.0  29.4  29.3  25.5  20.9  19.0   7.3 
1910  11.0   9.5  19.5  19.5  22.6  25.8  27.7  28.8  27.1  20.6  14.7  10.5 
1911  14.8  16.6  17.9  20.6  23.1  28.2  25.8  26.8  27.5  20.7  11.3  10.8 
1912   6.4   8.1  13.6  20.6  23.2  24.5  27.0  27.2  26.3  20.3  11.5   8.2 
1913  11.5 -99.0  12.5  16.9  21.3  24.6  26.5  27.3  23.5  17.6  17.3  10.1 
1914  11.6  10.2  12.8  19.0  22.3  27.9  28.0  27.3 -99.0  19.9  14.5   7.8 
1915   8.4  12.0  10.3  19.8  23.7  26.6  27.2  27.0  25.6  20.5  16.3  11.0 
1916  13.5  10.4  15.6  17.9  23.3  26.4  27.2  27.1  24.5  19.2  13.6  11.0 
1917  11.8  11.9  15.2  18.0  20.2  26.2  28.2  27.4  23.4  16.5  11.8   7.3 
1918   4.6  13.9  18.1  18.5  23.2  27.7  27.2  27.4  22.5  21.1  12.8  12.7 
1919   9.0  11.8  16.0  18.7  21.6  25.1  26.7  27.8  25.1  24.0  16.4  11.0 
1920  11.3  12.1  14.5  18.9  24.0  25.0 -99.0  26.1  26.1  19.8  11.9  10.1 
1921  13.7  14.0  20.6  18.2  22.3  26.7  27.7  28.3  27.5  19.0  17.5  14.1 
1922  10.0  14.7  15.6  21.2  23.3  26.6  27.0 -99.0  25.5  19.4  16.7  14.7 
1923  14.7  11.6  14.7  19.6  21.8  25.8  26.5  27.1  24.6  18.7  13.1  14.5 
1924   8.0  11.2  13.1  19.5  21.1  27.7  27.8  29.3  24.7  20.3 -99.0  10.6 
1925   9.2  14.1  16.5  21.1  22.0  27.4  28.2  27.8  28.3  19.3  13.4   8.3 
1926   8.5  13.1  12.1  16.9  22.0  26.0  26.7  27.4  26.4  21.3  11.5  11.8 
1927  12.5  15.4  14.9  21.0  23.7  26.0  27.6  26.6  25.5  20.5  17.5   9.3 
1928   9.5  10.7  15.5  16.3  21.6  25.5  27.1  27.8  23.0  21.0  13.2   9.4 
1929  10.5   8.4  16.1  19.4 -99.0  25.9  27.5  27.4  25.1  19.6  11.4   9.3 
1930   8.5  14.0  12.4  19.9  23.0  25.6  28.2  27.7  24.9  18.3  13.2   7.6 
1931   8.5  11.9  11.4  16.9  20.0  25.7  27.5  25.6  26.4  21.8  18.0  14.6 
1932  13.4  17.0  12.5  20.4  22.1  27.4  28.3  28.1  25.0  18.1  12.0   9.8 
1933  14.1  12.6  16.2  18.9  24.7  25.6  26.9  26.8  26.8  20.3  15.5  16.7 
1934  12.1  11.4  15.2  20.2  22.6  28.1  28.1  28.5  24.4  21.7  15.9  11.3 
1935  12.3  12.7  19.4  20.0  23.5  26.0  28.4  28.8  25.1 -99.0  13.9   8.1 
1936   9.1  10.0  17.6  18.6  23.3  27.5  27.5  28.5  26.9  19.3  12.4  11.5 
1937  14.8  11.6  13.0  18.9  23.5  26.9  27.5  27.7  24.6  18.5  13.0  11.1 
1938  11.3  15.6  19.8  18.4  23.1  26.0  27.6  27.3  24.7  20.3  14.0  10.4 
1939  12.3  14.1  17.3  18.7  22.6  26.9  27.9  27.2  26.0  20.3  12.7  12.7 
1940   3.2  10.3  15.9  18.2  21.3  25.2  26.3  26.2  23.8  19.7  14.4  12.9 
1941  11.8   9.7  12.2  20.2  22.7  25.8  27.2  27.7  25.3  22.2  12.0  11.3 
1942   7.5   8.2  13.0  17.8  22.0  26.5  27.5  26.9  23.3  19.5  15.2  10.7 
1943  10.0  11.9  13.1  19.0  23.7  26.8  27.4  28.4  23.2  17.5  11.5   9.8 
1944   9.1  15.2  15.5  18.7  22.6  27.5  27.9  27.9  25.9  18.7  14.1   8.9 
1945   9.4  13.5  18.9  19.5  21.4  26.0  26.8  27.0  25.8  18.2  15.9   8.1 
1946   9.5 -99.0  16.7  20.7  22.5  25.7  27.0  27.0  24.3  20.0  16.2  12.6 
1947  10.0   7.6  12.1  20.0  22.6  26.4  26.9  28.2  26.0  22.0  12.7  10.7 
1948   4.5  10.7  15.7  20.7  23.4  27.4  28.9  27.8  23.7  18.7  14.5  12.0 
1949  12.5  12.6  13.8  17.7  24.2  26.8  27.4  27.0  24.2  20.9  13.8  12.2 
1950  16.3  14.4  14.3  18.0  24.1  26.2  27.1  27.5  24.8  21.0  12.7   9.2 
1951  11.4  12.8  15.7  17.8  23.6  27.0  28.0  29.4  25.5  20.9  12.4  13.5 
1952  15.1  13.8  14.4  17.4  22.6  27.7  27.9  28.4  24.4  15.9  13.0  10.4 
1953  12.5  11.8  18.8  18.8  24.4  29.2  28.2  27.7  25.6  21.6  14.2   9.8 
1954  11.9  14.9  14.3  21.6  20.7  28.1  29.4  29.7  26.3  21.0  13.7  11.2 
1955  10.1  11.5  17.1  21.0  25.1  25.6  28.1  27.9  26.8  19.9  14.0  11.4 
1956   9.2  14.2  15.0  19.7  24.7  26.0  28.4  27.9  25.1  21.4  14.1  15.4 
1957  11.4  15.4  14.8  20.1  23.7  27.2  28.2  27.8  23.3  16.6 -99.0  11.1 
1958   6.7   6.6  11.7  18.4  22.4  26.1  27.5  26.3  25.2  17.8  14.3   7.9 
1959   7.6  11.5  13.4  17.8  23.4  25.5  27.3  27.2  24.8 -99.0 -99.0  10.7 
1960   8.4   8.3   9.6  19.4  21.4  26.8  28.6 -99.0 -99.0  20.1  14.3   8.1 
1961   5.8  12.4  16.2  16.8  22.0 -99.0  26.5  26.1  24.1  17.6  13.3  10.0 
1962   7.1  16.0  12.1  17.2  22.6  25.8  28.7  28.7  25.4  20.7  11.8   8.9 
1963   6.1   7.3  16.9  20.6  23.6  26.8  26.9  27.0  24.4  20.4 -99.0   5.0 
1964   7.5   8.1  13.9  19.8  23.2  26.0  27.0  27.3  23.8  16.4  15.1  11.7 
1965  11.2   9.8  12.2  21.2  23.5  25.7  27.9  26.6  25.1  18.5  17.5  11.3 
1966   6.4   9.3  14.2  19.4  22.7  25.1  28.0  26.2  24.2  17.5  15.5   9.8 
1967   9.4   8.5  16.8  21.8  21.8  26.4  26.1  25.7  22.1  18.2  14.1  11.1 
1968   7.9   6.4  13.1  19.7  22.2  26.1  26.7  26.6  23.0 -99.0  12.7   8.9 
1969  10.0  10.3  11.1  19.1  22.6  26.6  28.4  26.9  24.0  20.0  12.8   9.7 
1970   6.4   9.5  13.6  20.8  22.4  25.7  26.9  27.4  25.9  18.2  12.1  12.6 
1971  10.1  10.9  13.0  18.4  21.0  26.6  27.3  26.3  24.9  21.0  13.2  14.9 
1972  11.9  11.5  15.6  19.5  22.3  26.3  26.4  27.5  27.3  19.7  11.2  10.2 
1973   7.4   9.2  17.1  16.9  21.6  26.3  27.8  26.2  25.2  21.3  17.1  10.0 
1974  12.1  11.5  18.3  18.6  24.1  24.7  27.6  26.5  22.6  18.4  14.0  10.5 
1975  12.0  12.1  14.9  18.1  23.2  25.9  27.0  26.7  22.9  19.2  14.4   9.6 
1976   8.7  14.2  15.9  19.2  20.6  24.8  26.8  26.7  24.2  16.1   9.4   8.8 
1977   3.7  10.7  16.6  19.2  23.8  27.7  28.1  27.3  26.0  18.6  14.5  10.2 
1978   3.9   6.0  12.7  19.2  23.4  26.5  28.5  27.6  25.6  19.2  16.7  10.9 
1979   5.2   8.9  14.9  19.2  22.0  25.6  27.6  27.2  23.7  20.4  11.7   9.6 
1980  10.0   9.1  13.6  17.3  22.9  27.1  29.2  27.9  27.2  17.9  12.4   9.4 
1981   6.7  10.8  13.6  21.6  21.6  27.2  28.6  27.9  23.9  19.1  14.9   8.9 
1982   9.8   9.2  16.4  18.3  23.4  26.4  27.7  27.2  23.7  19.0  14.7  12.3 
1983   7.7   9.7  13.2  15.7  21.6  24.7  27.7  27.6  23.3  19.9  14.3   5.9 
1984   5.4  11.0  14.9  18.9  22.6  25.7  26.9  26.2  23.8  21.5  13.2  15.4 
1985   5.3   8.1  16.9  19.2  22.8  26.0  26.9  28.0  24.9  21.3  17.2   7.9 
1986   9.0  12.5  14.5  18.7  22.7  26.1  27.6  26.2  25.8  18.5  15.1   8.2 
1987   7.1  11.1  12.7 -99.0  23.3  25.2  26.9  27.8  23.8  17.1 -99.0  12.1 
1988   6.1   9.6  14.2  18.8  21.7  25.6  26.9  27.0  24.5  17.2  15.5   9.7 
1989  12.1   9.2  14.3  17.8  22.6  24.7  26.3  26.5  23.3  18.8  14.8   5.1 
1990  11.5  14.1  15.2  18.2  22.5  27.1  27.0  27.3  25.4  17.8  14.8  11.5 
