Number= 720267
Name= TWO-HARBORS---------
Country= USA---------
Lat=   47.0
Long=   91.7
Height= 190
Start year= 1894
End year= 1990
First Good year= 1894
Source ID= 30
Source file= New
Normals source= Data
Normals source start year= 1961
Normals source end year= 1990
Normals= -11.9  -9.6  -3.3   2.9   7.8  12.7  17.2  16.9  12.4   6.7  -0.7  -8.5 
Standard deviations source= Data
Standard deviations source start year= 1941
Standard deviations source end year= 1990
Standard deviations=   3.0   2.7   2.5   1.6   1.3   1.2   1.5   1.4   1.2   1.5   1.8   2.6 
Obs:
1894 -99.0 -99.0  -3.2   3.2   7.3  15.5  17.7  16.3  13.6   7.7  -3.8  -3.5 
1895 -14.0 -10.3  -6.2   4.1   8.3  13.1  15.8  17.1  13.4   4.6  -1.1  -5.5 
1896  -9.7  -8.7  -7.5   1.9   9.2  13.9  16.3  16.1  10.7   4.7  -5.7  -5.9 
1897 -12.6  -7.7  -6.3   2.6   6.4  11.1  16.7  15.7  15.0   7.9  -3.8 -10.2 
1898  -7.6  -7.2  -3.0   2.1   7.7  11.7  17.0  15.9  12.8   4.9  -2.4 -10.5 
1899 -13.6 -14.1 -11.6   1.6   5.8  12.0  15.5  15.8  11.3   7.4   3.9  -7.2 
1900  -8.7 -14.1  -8.6   2.1   5.0  14.2  15.5  17.6  12.3   9.1  -5.4  -8.1 
1901 -12.5 -12.9  -7.2   2.1   7.0  11.7  16.6  16.9  11.4   5.8  -4.4 -11.7 
1902 -11.1  -9.7  -4.6   0.7   6.5  10.6  16.0  13.6   8.7   4.8  -0.8 -10.4 
1903 -12.7 -12.8  -4.5   1.0   5.3  11.5  15.0  13.2  10.0   6.1  -4.0 -13.0 
1904 -15.0 -17.5  -8.4  -0.4   6.6  11.3  14.9  14.9  10.2   5.9   0.8  -9.8 
1905 -14.1 -12.4  -4.3   2.6   8.1  14.7  18.3  18.7  15.0   5.8   0.0  -6.3 
1906  -8.0 -10.8  -8.1   3.8   5.1  11.8  17.1  17.6  15.7   5.5  -0.5  -8.5 
1907 -15.1 -10.1  -5.1  -1.9   2.4  12.3  16.2  14.2  10.9   5.3  -1.1  -6.6 
1908  -9.0  -8.5  -5.7   2.8   6.8  12.2  16.1  15.8  14.3   6.9  -0.3  -8.0 
1909 -11.2 -10.3  -4.7  -0.8   5.3  12.3  15.7  17.0  12.2   5.5   1.0  -9.0 
1910  -9.9 -11.5   1.1   3.2   5.6  14.8  18.5  16.3  12.5   7.9  -3.7  -9.4 
1911 -13.5  -6.8  -2.5   1.0   7.6  13.6  15.9  15.5  11.3   5.5  -5.3  -5.4 
1912 -20.6 -11.8  -8.0   2.0   5.9  12.8  15.8  13.8  12.6   7.0   0.0  -6.5 
1913 -12.4 -12.0  -7.9   2.6   5.3  12.7  14.8  16.5  12.0   5.4   2.2  -2.2 
1914  -7.7 -14.7  -4.6  -0.2   8.4  11.8  16.1  15.9  12.8   8.4  -1.4 -11.5 
1915 -11.6  -5.8  -4.4   5.3   5.6  10.2  14.0  15.0  12.5   6.4  -0.6  -5.7 
1916 -12.6 -12.3  -7.6   2.9   6.7  10.6  17.9  18.1  11.8   6.2  -1.1 -11.5 
1917 -14.1 -15.2  -5.5  -0.1   4.8  10.3  16.0  14.3  11.2   2.5   1.9 -13.5 
1918 -15.6 -11.7  -1.1   1.2   7.4  12.9  18.1  17.8  10.7   8.0   1.7  -3.6 
1919  -6.8  -7.7  -4.8   2.5   7.6  12.4  19.0  18.2  13.7   5.3  -4.0 -13.1 
1920 -14.9  -9.3  -4.2  -0.5   7.9  12.9  16.7  17.2  15.1  10.4  -1.3  -5.6 
1921  -7.4  -5.8  -4.2   4.4   7.8  15.5  21.1  16.8  14.5   7.0  -4.0  -8.4 
1922 -11.7 -11.9  -4.0   1.8   8.2  12.7  15.5  17.1  13.6   7.3   1.6 -10.0 
1923  -9.5 -13.4  -9.9   1.2   7.2  13.7  16.8  15.9  13.6   7.2   2.3  -3.2 
1924 -15.2  -6.4  -4.4   1.3   5.7  12.3  15.5  15.4  11.5   9.5  -2.0 -14.5 
1925 -11.2  -8.8  -4.8   3.4   6.4  13.2  17.0  17.9  13.3   1.6  -2.6 -10.9 
1926 -11.3  -8.7  -8.4   0.1   6.1  13.0  15.2  16.1   9.5   4.5  -4.7 -10.6 
1927 -12.7  -8.7  -2.9   1.0   4.3   9.4  14.1  13.8  13.3   6.8  -2.5 -12.6 
1928 -10.3  -8.8  -5.1  -1.0   7.9  10.5  15.2  16.2  10.5   6.9   0.9  -5.0 
1929 -17.5 -12.6  -3.4   2.0   5.6  11.8  17.8  17.2  11.8   8.3  -3.6  -9.7 
1930 -15.2  -6.9  -4.7   2.5   6.9  14.4  16.5  18.5  12.3   4.6  -0.3  -6.5 
1931  -6.0  -2.7  -3.7   3.4   7.3  12.5  18.9  16.9  14.3   9.9   2.4  -1.9 
1932  -6.9  -8.1  -8.4   1.8   7.4  13.3  17.5  18.6  12.7   5.7  -3.0  -9.6 
1933  -7.2 -12.3  -3.7   1.9   7.2  14.3  17.4  17.5  15.1   4.8  -3.8 -10.7 
1934  -7.3 -11.3  -6.5   2.6   9.9  13.2  18.1  15.8  11.4   8.4   1.6  -9.6 
1935 -13.2  -5.2  -4.9   0.4   5.6  11.7  17.1  17.1  11.7   5.8  -4.0  -7.6 
1936 -14.0 -17.4  -5.4  -0.6   7.6  12.4  18.4  17.8  13.6   4.3  -3.6  -6.7 
1937 -14.8 -10.2  -6.2   1.2   7.4  12.8  16.1  19.1  12.8   5.3  -2.4  -9.1 
1938 -12.5  -7.9  -1.9   1.2   6.1  12.6  15.7  18.7  13.6   9.1  -2.0  -7.6 
1939  -8.2 -12.9  -6.7   0.1   7.1  11.4  16.3  17.8  12.7   5.7   1.0  -2.3 
1940 -12.4  -6.4  -7.6   0.7   5.7  12.3  15.5  16.6  14.4   9.3  -2.0  -6.8 
1941  -9.1  -8.6  -5.2   3.6   8.2  12.2  18.0  17.7  13.2   7.3   0.0  -4.4 
1942  -7.7  -8.3  -2.2   4.5   6.3  11.3  16.7  16.2  11.2   7.0  -1.5  -9.9 
1943 -14.1  -8.9  -9.1   2.0   6.7  12.2  17.0  16.7  10.4   7.2  -3.1  -7.0 
1944  -5.1  -8.7  -6.2   0.8   7.2  11.7  15.5  16.6  12.4   8.1   1.5  -8.5 
1945 -11.7  -8.9  -0.6   0.8   5.1  10.5  15.7  16.6  11.8   5.5  -2.7 -10.1 
1946 -10.6 -11.7  -0.5   3.4   5.9  11.8  16.6  16.3  11.8   6.7 -99.0 -99.0 
1947 -99.0 -99.0 -99.0   0.0   5.1   9.6  15.1  16.4  11.7   9.8  -3.6  -7.6 
1948 -12.9 -10.6  -5.9   2.2   7.5  12.4  16.1  16.8  14.9   7.7   0.2  -7.5 
1949  -8.9 -11.0  -6.0   3.2   7.3  12.5  17.2  17.7  11.1   6.9   0.1  -8.4 
1950 -14.9  -9.3  -8.8  -1.9   4.7  12.1  12.9  12.8  12.4   8.0  -3.3 -10.4 
1951 -12.1  -9.6  -7.2   2.3   9.3  11.2  16.2  14.8  10.6   5.8  -4.1  -9.4 
1952 -11.4  -5.8  -5.9   4.5   7.9  12.8  15.3  15.5  12.6   5.3   0.0  -3.8 
1953  -8.6  -8.1  -3.7   1.3 -99.0  12.0  16.0  17.3  12.6   8.8   1.9  -7.1 
1954 -12.3  -3.5  -5.1   2.1   5.9  12.9  16.8  16.1  12.5   6.2   1.3  -5.0 
1955 -10.0 -10.8  -9.3   4.5   8.5  12.9  18.3  19.4  13.0   7.4  -3.3  -8.7 
1956  -8.1  -9.2  -6.5   1.2   7.0  12.1  14.7  15.5  10.9   9.6  -1.0  -7.1 
1957 -15.2  -8.8  -5.1   2.3   7.5  11.6  17.1  17.1  12.0   7.3  -0.9  -6.3 
1958  -7.1 -10.4 -99.0   3.8   8.3  11.4  15.4  16.8  13.4   7.5  -0.1 -12.9 
1959 -14.9 -10.8  -3.4   3.0   8.3  13.8  17.8  17.3  13.3   4.9  -5.6  -3.0 
1960 -10.4  -8.1  -7.5   2.7   6.9  12.3  16.4  16.9  13.4   7.2  -0.3  -9.4 
1961 -11.7  -5.7  -1.9   0.9   7.8  13.7  16.7  18.8  13.0   7.7  -0.6  -8.4 
1962 -13.8 -11.1  -4.5   0.8   6.7  10.9  14.4  15.3  12.0   7.7   0.9  -8.6 
1963 -16.3 -12.9  -4.3   2.0 -99.0  13.9  19.3  18.0  14.3  12.6   2.0 -11.4 
1964  -7.0  -7.0  -4.6   2.7  10.9  12.7  19.2  15.1  11.4   6.5  -0.8 -10.9 
1965 -13.9 -13.5  -7.2   3.0   8.9  12.6  16.4  16.5   9.3   7.0  -1.6  -5.0 
1966 -16.1 -10.8  -2.0   2.2   8.1  14.7  19.9  16.3  13.4   6.4  -3.0  -9.4 
1967 -10.9 -14.0  -3.4   2.1   6.5  12.4  17.0  16.0  12.7   6.1  -1.9  -7.7 
1968 -11.7 -10.3  -0.4   3.8   6.1  11.3  15.4  14.6  13.1   7.3   0.0  -8.3 
1969 -11.7  -8.1  -5.0   3.2   8.5  10.1  15.9  18.1  13.2   5.1  -1.0  -5.7 
1970 -13.9 -10.3  -5.0   2.0   6.0  12.2  18.6  18.8  12.9   6.1  -0.8  -8.5 
1971 -14.7  -9.8  -4.7   2.8   7.0  12.1  14.8  14.8  13.4   9.2  -0.5  -8.2 
1972 -14.7 -12.4  -6.8   0.8   7.1  11.9  14.4  15.5  10.5   5.0  -1.6 -10.7 
1973  -8.4  -7.8   0.1   3.0   7.0  11.8  17.0  17.7  12.7   8.4  -0.6  -8.2 
1974 -11.9 -10.3  -4.9   2.2   6.1  12.8  17.1  15.8   9.6 -99.0   0.0  -4.2 
1975 -11.1 -12.9 -99.0  -1.6   9.1  11.8  18.1  17.0  11.3   7.9   1.6  -8.9 
1976 -12.7  -4.3  -3.0   4.2   7.8  13.4  18.2  17.8  11.8   3.2  -3.7 -13.6 
1977 -16.2  -7.6  -0.8   3.7   8.6  12.1  16.1  14.4 -99.0   7.1  -1.1  -9.4 
1978 -12.6 -10.9  -3.3   2.0   7.7  12.3  15.6  16.2  13.6   8.2  -1.5  -9.5 
1979 -16.2 -14.8  -4.8   0.8   5.6  11.9  14.5  15.6  12.8   5.6  -1.1  -4.8 
1980 -10.9  -9.8  -5.5   5.0   9.7  13.2  18.7  17.4  11.9   5.4   0.9 -99.0 
1981  -9.1  -7.2   0.5   5.1   8.7  13.7  18.3  18.9 -99.0   5.3   2.1  -7.9 
1982 -17.4 -10.2  -3.7   2.3   8.1  11.8  16.3  15.9  12.3   7.6  -1.7  -4.6 
1983  -7.4  -4.7  -2.3   2.5   5.4  11.2  18.9  20.6  12.9   7.1   0.6 -13.7 
1984 -11.7  -3.8  -5.2   4.6   8.5  14.2  17.2  18.2  11.3   7.5  -0.3  -7.9 
1985 -12.0 -10.8   0.4   5.0   8.7  12.1  17.0  15.6  11.9   6.4  -3.8 -12.8 
1986  -8.7  -8.7  -1.3   5.2   8.5  13.3  16.6  17.0  11.7   6.7  -2.5  -5.9 
1987  -7.4  -3.2  -0.4   6.2   8.6  16.7  18.8  18.1  14.0   5.1   1.5  -4.1 
1988 -12.2 -11.8  -2.6   3.9   9.1  14.3  20.1  18.1  13.1   4.8  -0.4  -8.2 
1989  -7.7 -13.4  -6.7   2.2   7.8  11.2  18.1  18.0  12.3   5.8  -2.9 -12.9 
1990  -6.4  -8.5  -2.1   3.4   7.0  13.5  17.9  17.3  14.3   6.3   1.0  -8.3 
