Number= 720275
Name= BROOKHAVEN-CITY-----
Country= USA---------
Lat=   31.6
Long=   90.5
Height= 132
Start year= 1868
End year= 1990
First Good year= 1868
Source ID= 30
Source file= New
Normals source= Data
Normals source start year= 1961
Normals source end year= 1990
Normals=   7.3   9.6  13.7  17.9  21.5  25.2  26.5  26.2  23.8  17.9  13.3   9.2 
Standard deviations source= Data
Standard deviations source start year= 1941
Standard deviations source end year= 1990
Standard deviations=   2.6   2.3   1.9   1.4   1.0   1.0   0.8   0.8   1.2   1.7   1.6   2.0 
Obs:
1868   7.9  10.5  16.7  18.8  21.9  26.2  26.0  25.8  23.1  17.9  10.3   7.6 
1869   9.7  10.8  14.7  18.7  21.2  24.8  27.6  27.8  22.2  15.4  14.9   9.8 
1870  10.6  10.3  11.8  16.3  21.1  24.4  26.8  26.3  23.3  18.0  11.9   6.3 
1871   9.1  12.4  15.3  18.3  20.4  25.6  27.9  27.3  24.2  19.1  13.1  11.2 
1872   5.7  11.6 -99.0  20.4  24.8  27.8  29.2  29.5  26.7  18.9   9.9   7.7 
1873   7.0  14.1  15.7  18.7  22.9  27.3  28.0  27.9 -99.0  17.2  14.6 -99.0 
1874 -99.0 -99.0 -99.0 -99.0 -99.0 -99.0 -99.0 -99.0 -99.0 -99.0 -99.0 -99.0 
1875 -99.0 -99.0 -99.0 -99.0 -99.0 -99.0 -99.0 -99.0 -99.0 -99.0 -99.0 -99.0 
1876 -99.0 -99.0 -99.0 -99.0 -99.0 -99.0 -99.0 -99.0 -99.0 -99.0 -99.0 -99.0 
1877 -99.0 -99.0 -99.0 -99.0 -99.0 -99.0 -99.0 -99.0 -99.0 -99.0 -99.0 -99.0 
1878 -99.0 -99.0 -99.0 -99.0 -99.0 -99.0 -99.0 -99.0 -99.0 -99.0 -99.0 -99.0 
1879 -99.0 -99.0 -99.0 -99.0 -99.0 -99.0 -99.0 -99.0 -99.0 -99.0 -99.0 -99.0 
1880 -99.0 -99.0 -99.0 -99.0 -99.0 -99.0 -99.0 -99.0 -99.0 -99.0 -99.0 -99.0 
1881 -99.0 -99.0 -99.0 -99.0 -99.0 -99.0 -99.0 -99.0 -99.0 -99.0 -99.0 -99.0 
1882 -99.0 -99.0 -99.0 -99.0  21.3  26.6  25.8  25.7  23.6  20.6 -99.0 -99.0 
1883 -99.0 -99.0 -99.0  18.1  20.3  26.0  28.0  26.6  23.4  21.6 -99.0 -99.0 
1884 -99.0 -99.0 -99.0  18.0  23.0  25.2  28.9  26.1  25.8  21.7 -99.0 -99.0 
1885 -99.0 -99.0 -99.0 -99.0  21.7  27.1  27.4  26.8  29.8  15.6 -99.0 -99.0 
1886 -99.0 -99.0 -99.0  18.6  22.4  26.1  26.9  27.3  24.3  18.9 -99.0 -99.0 
1887 -99.0  17.2  14.4 -99.0  21.7  26.3  27.3  27.0  24.1  17.4 -99.0 -99.0 
1888 -99.0 -99.0 -99.0  21.1  22.8  26.0  28.6  27.3  23.8  18.6 -99.0 -99.0 
1889 -99.0 -99.0 -99.0 -99.0  21.4  25.6  29.1  26.1  24.1  18.8  11.3  16.4 
1890  16.9  16.3  14.3  18.8  22.0  26.1  27.2  26.2  25.2  18.6  16.4  11.1 
1891   8.3  15.5  13.2  16.5  18.8  25.0  23.6  24.6  23.9  16.3  12.9  11.5 
1892   4.8  12.3  11.1  18.5  21.3  24.4  25.5  25.6  22.1  18.2  13.0   8.7 
1893   6.9  13.3  13.4  20.8  22.3  25.6  27.7  25.6  21.9  15.8  11.0   7.9 
1894   8.8   7.6  14.4  18.5  22.1  24.9  25.8  26.1  24.2  18.3  12.7  10.9 
1895   7.8   4.3  14.8  18.6  21.8  26.1  27.1  26.6  26.4  16.3  13.0   9.1 
1896   8.1  10.7  13.3  20.0  24.7  24.9  27.9  27.5  23.9  17.5  15.3   9.3 
1897   6.8  12.1  17.9  17.7  20.8  27.3  28.2  26.1  24.8  21.1  14.2  10.2 
1898  11.2  10.6  15.9  16.0  22.9  26.6  27.0  26.8  24.4  16.8  10.8   7.2 
1899   9.3   4.6  15.9  17.2  25.8  26.6  27.6  27.7  22.4  20.4  13.8   8.4 
1900   7.0   5.8 -99.0 -99.0 -99.0  24.9  26.7  27.3  26.0  19.8  13.9   9.6 
1901   8.6   8.6  13.3  15.2  21.4  27.0  28.0  26.3  22.9  17.8  11.4   5.6 
1902   7.6   7.6  15.2  18.5  23.4  27.3  27.1  28.0  22.2  16.3  16.1 -99.0 
1903   6.4 -99.0 -99.0 -99.0  21.1  23.1  26.3  26.8  22.4  17.5  12.5 -99.0 
1904 -99.0 -99.0  16.0  16.3  20.4  25.8  25.8  26.0  25.0  18.4  11.3 -99.0 
1905 -99.0 -99.0  16.2  18.6  23.7  26.4  26.1  27.6  25.4  18.3  15.0   6.6 
1906   8.8   8.5  11.4  18.5  21.3  26.5  26.3  26.8  25.0  15.7 -99.0  11.7 
1907  12.9  11.3  19.2  15.6  19.6  24.7  27.1  26.8  23.8  18.2  11.4   9.3 
1908   8.5   9.6  18.1  21.3  22.1  26.0  26.2  26.3  24.1  16.3  14.9  11.4 
1909  11.4  10.9  14.6  18.0  20.7  25.3  27.3  27.2  24.7  19.0  16.5   5.7 
1910   9.8   7.9  17.3  17.3  21.1  24.6  26.1  27.6  25.9  19.4  12.7   8.8 
1911  12.9  14.9  16.2  19.1  22.6  27.2  25.3  26.1  27.5  20.5  10.8  10.4 
1912   5.9   6.9  11.8  18.7  22.1  23.5  26.5  26.3  26.1  19.9  12.1   8.8 
1913  11.9   9.3  13.2  16.7  21.5  25.2  26.7  26.5  22.8  16.7  16.2   9.4 
1914  10.3   8.3  11.3  17.9  22.1  28.1  27.3  26.2  24.0  18.8  13.3   6.4 
1915   7.1  10.1   8.8  18.2  23.0  26.3  27.1  25.2  25.4  19.8  15.1   9.4 
1916  12.2   9.9  14.0  16.4  22.5  25.2  26.0  26.0  23.4  18.2  12.6   9.5 
1917  10.8  11.0  14.3  17.2  19.3  26.0  27.3  25.9  23.2  15.7  11.5   6.1 
1918   4.0  12.6  17.2  17.0  22.1  27.0  26.3  26.6  22.6  20.8  11.7  10.5 
1919   6.9   9.5  13.9  17.0  20.4  25.0  26.5  26.9  24.4  23.4  15.2   9.6 
1920   9.5   9.7  12.3  17.4  23.2  25.0  26.7  25.8  25.9  19.0  10.4   7.9 
1921  11.5  11.6  18.4  16.2  21.7  26.1  26.9  27.4  27.1  18.5  15.8  12.2 
1922   8.5  12.5  13.1  20.0  22.7  26.0  26.4  26.3  26.0  19.5  15.8  13.8 
1923  12.5  10.0  12.8  18.3  21.5  25.2  25.9  26.1  24.7  18.4  12.1  12.9 
1924   6.5   9.7  11.2  18.4  20.6  27.4  27.8  29.0  24.6  19.9  15.4   9.7 
1925   9.0  13.0  15.6  21.2  22.1  26.9  27.3  27.5  28.1  18.9  12.7   7.9 
1926   7.8  12.1  11.0  16.3  22.1  26.4  26.8  26.8  26.4  20.5  10.5  12.1 
1927  11.6  15.1  14.2  20.5  23.3  25.9  26.9  25.1  25.8  20.8  16.8   8.8 
1928   8.1   9.5  14.5  15.4  21.3  25.1  26.9  27.5  23.2  21.7  13.0   8.8 
1929  10.3   7.9  15.6  19.8  22.4  25.2  26.2  26.4  24.3  19.1  11.6   7.7 
1930   7.6  13.1  11.2  19.0  22.7  26.0  27.9  26.5  24.0  17.9  13.3   6.8 
1931   7.8  11.2  10.1  16.2  19.8  25.6  26.8  24.8  26.4  21.0  16.9  13.6 
1932  12.3  15.8  11.7  18.7  21.2  26.7  28.4  27.3  24.1  17.4  10.4   9.1 
1933  12.4  10.6  14.4  17.4  24.6  25.8  26.9  27.2  27.5  20.5  14.7  14.7 
1934  10.9   8.4  12.8  18.3  22.2  26.9  27.4  27.6  24.1  21.1  15.5   9.8 
1935  10.4  10.9  17.2  18.6  23.0  25.2  27.4  27.7  24.9  21.5  13.7   6.8 
1936   8.0   8.4  16.0  17.1  22.2  27.4  27.0  27.5  26.6  19.8  12.0  10.0 
1937  13.8  10.1  11.6  18.0  23.1  26.1  26.8  26.7  24.2  17.5  11.1   9.0 
1938   9.5  13.6  18.2  16.8  22.7  24.9  26.6  26.9  24.6  20.1  12.9   8.7 
1939  10.6  12.0  14.9  16.3  21.1  25.2  26.4  25.9  24.6  18.7  10.5 -99.0 
1940 -99.0   7.3  13.1  16.1  20.2  23.5  24.9  24.9  22.0  18.2  12.3 -99.0 
1941   9.4   7.2  10.0  18.0  21.7  24.9  26.3  26.8  25.3  22.2  11.0  10.0 
1942   5.5   7.0  12.1  17.5  21.2  24.9  26.1  25.3  22.1  18.5  14.1   9.4 
1943   8.8  10.2  11.8  18.1  23.8  27.0  27.2  27.7  22.7  17.2  11.0   9.1 
1944   8.5  13.8  14.4  17.1  21.8  26.4  27.2  26.7  24.7  18.3  13.5   7.6 
1945   8.6  11.6  17.1  18.0  20.5  25.9  26.1  26.3  25.3  18.8  15.1   6.9 
1946   8.6  10.8  15.4  18.8  20.6  24.7  26.2  26.1  23.2  19.0  15.0  11.2 
1947   9.6   6.2  10.6  18.3  21.2  25.9  26.8  28.2  26.2  22.4 -99.0 -99.0 
1948   5.8  10.0  14.1  19.2  22.1  26.6  27.6  26.3  21.7  17.1  13.0  10.0 
1949  11.4  11.1  12.9  16.2  22.6  25.5  26.5  26.1  23.2  20.7  13.0  11.2 
1950  15.5  13.1  11.8  15.7  22.9  25.1  25.4  25.2  23.1  19.7  11.7   7.4 
1951   9.3  10.9  14.0  16.2  21.9  25.3  26.6  28.8  24.0  19.6  10.8  12.1 
1952  13.5  12.6  13.3  16.1  22.2  27.7  27.5  27.4  22.8  15.5  12.1   8.9 
1953  10.8  10.2  16.2  16.7  22.4  27.5  26.1  25.5  24.5  20.0  12.8   8.0 
1954  10.0  13.1  13.3  20.3  19.4  26.6  27.5  28.6  25.4  19.1  12.4   9.5 
1955   8.4  10.4  15.8  19.6  23.3  24.1  26.2  26.4  25.4  18.2  12.3   9.7 
1956   7.7  12.7  13.5  17.0  23.4  24.4  26.6  26.1  23.7  19.7  12.8  13.6 
1957  11.4  14.9  13.1  18.5  22.3  25.4  26.5  26.0  22.6  16.7  13.8  10.5 
1958   6.3   6.0  11.2  17.9  21.5  25.1  25.9  25.4  24.1  17.5  14.1   7.7 
1959   6.7  11.0  12.5  16.7  22.5  24.7  26.0  26.5  24.4  20.5  12.0   9.9 
1960   8.0   7.3   9.4  18.5  20.3  26.2  27.8  25.9  24.2  19.7  14.0   8.2 
1961   5.6  12.1  15.3  16.0  21.0  23.6  25.0  25.4  23.7  18.2  12.9   9.3 
1962   6.6  15.0  11.4  16.3  22.9  24.8  28.2  27.4  24.6  20.0  12.0   8.3 
1963   5.6   6.7  16.1  19.9  22.9  26.0  26.2  26.7  24.0  21.2  14.2   4.2 
1964   7.6   7.5  13.5  19.1  21.9  25.3  25.9  26.4  24.2  16.8  15.5  10.3 
1965  10.0   9.1  11.0  20.6  23.0  25.2  27.0  26.0  24.2  17.3  16.2  10.4 
1966   5.8   8.7  13.5  18.6  21.7  24.6  27.6 -99.0  23.7  16.7  14.1   9.1 
1967   9.1   7.7  16.4  21.0  21.2  25.6  25.3  25.1  21.2  17.0  12.6 -99.0 
1968   7.5   5.8  12.5  18.8  21.7  25.6  26.2  26.8  22.4  19.2  11.3   7.6 
1969   8.6   9.0   9.7  18.1  21.2  25.7  27.3  26.0  23.1  18.7  11.5   8.5 
1970   5.0   8.6  12.1  19.8  21.8  24.8  26.0  26.0  25.1  17.2  10.7  11.0 
1971   8.9   9.6  11.9  17.0  20.0  25.5  26.1  25.8  23.9  19.8  12.0  13.8 
1972  11.2  10.3  14.6  18.5  21.1  25.2  25.3  26.6  26.3  19.0  10.6   9.6 
1973   6.8   8.2  15.9  16.3  21.0  25.3  26.8  25.2  24.2  20.1  15.7   8.7 
1974  11.9  10.2  17.2  17.3  23.0  23.7  26.4  25.9  22.4  17.1  12.8   9.7 
1975  10.8  11.7  13.6  17.0  22.2  24.7  26.0  25.8  21.5  18.4  13.2   8.3 
1976   7.1  13.2  14.9  18.0  19.5  24.0  25.9  25.9  23.4  15.1   9.3   7.0 
1977   2.9   9.5  15.1  18.3 -99.0  27.5  27.1  26.3  24.7  16.9  13.7   8.8 
1978   2.6 -99.0  11.7  18.0  22.0  25.3  26.9 -99.0  25.1  17.5  16.6   9.4 
1979   4.7   7.8  14.0  18.5  21.0  24.7  26.7  26.4  23.3  18.2  11.0   7.8 
1980  10.0   7.4  13.0  15.6  21.9  25.5  28.1  27.1  25.9  16.1  12.0   9.2 
1981   5.8   9.5  12.2  20.8  20.1  26.9  27.6  27.3  23.0  17.9  14.8   7.9 
1982 -99.0   9.4  15.6  17.6  22.6  25.8  27.1  26.4  23.3  17.7  14.0  12.5 
1983   7.2   9.3  11.9  15.7  21.1  24.2  27.1  27.2  22.9  18.6  13.1   6.0 
1984   5.1  10.4  13.8  17.7  21.2  24.9  25.9  25.5  23.1  21.3  12.1  14.2 
1985   4.3   7.9  16.7  18.3  21.0  25.2  25.2 -99.0 -99.0 -99.0  16.1   6.2 
1986   7.7  12.3  13.0  17.5 -99.0 -99.0  27.1  26.1  25.5  18.3  15.6   8.4 
1987   6.8  10.4  12.5  15.6  22.2 -99.0 -99.0  26.6  22.9  14.9  13.1  10.5 
1988   5.4   8.5  12.6  17.6  19.7  24.4  26.2  26.1  23.5  16.0  14.5   8.8 
1989  11.1   8.9  13.9  16.0  21.3  24.5  25.3  25.5  22.5  16.7  13.3 -99.0 
1990  10.9  13.0  14.9  17.6  21.7  26.6  26.6  27.0  25.3  17.1  13.9  11.6 
