Number= 720204
Name= THIBODAUX-3ESE------
Country= USA---------
Lat=   29.8
Long=   90.8
Height= 4
Start year= 1892
End year= 1990
First Good year= 1892
Source ID= 30
Source file= New
Normals source= Data
Normals source start year= 1961
Normals source end year= 1990
Normals=  11.0  12.5  16.2  20.2  23.6  26.2  27.2  27.0  25.4  20.3  16.3  12.7 
Standard deviations source= Data
Standard deviations source start year= 1941
Standard deviations source end year= 1990
Standard deviations=   2.9   2.4   1.6   1.2   0.8   0.8   0.7   0.6   0.9   1.7   1.9   2.0 
Obs:
1892 -99.0 -99.0 -99.0 -99.0  24.4  26.3  26.2  26.6  23.5  19.7  15.4  13.5 
1893  11.0  16.8  15.9  22.1  24.7  27.0  27.7  26.2  25.9 -99.0 -99.0 -99.0 
1894  15.4  13.5  18.4  22.8  23.5  24.1  25.0  26.2  25.2  18.9  14.2  12.8 
1895  12.9 -99.0  17.9  19.6  23.7  25.9  26.8  27.1  26.5  18.4  13.9  11.6 
1896  10.2  13.0  14.6  21.1  24.7  25.7  26.9  27.1  23.9  19.2  17.7  11.6 
1897  10.8  14.9  20.9  20.1  22.1  26.7  27.3  26.3  24.0  21.5  16.2  13.4 
1898  14.1  13.9  18.6  17.3  23.6  25.9  26.4 -99.0  25.8  18.9  13.0  10.7 
1899  12.7   9.5  17.6  19.3  24.5  25.7  27.0  27.5  23.3  19.9  15.7  12.5 
1900  11.6  11.9  16.0  20.0  23.5  26.0  26.5  26.8  26.8  21.7  16.4  12.3 
1901  12.8  11.6  14.7  17.7  21.8  26.2  27.1  26.6  24.0  18.9  13.0  10.6 
1902  12.2  10.3  17.1  19.5  24.7  26.1  26.9  26.8  24.7  19.1  17.6  12.2 
1903  10.7  13.9  17.8  18.0  21.8  23.0  26.5  26.1  22.4  17.8  14.5   9.9 
1904   9.7  16.0  18.5  18.9  22.1  25.3  25.3  25.9  25.8  20.5  13.9  12.5 
1905 -99.0 -99.0 -99.0 -99.0  25.4  26.7  26.1  27.1  26.2  20.3  17.2   9.7 
1906  11.1  11.3  15.2  20.4  23.0  26.8  26.7  27.3  26.3  17.5  17.2  14.8 
1907  17.3  15.0  21.2  19.3  22.7  25.0  26.7  27.1  25.5  20.7  14.4  13.6 
1908  12.3  14.0  20.4  22.9  24.0  26.3  26.3  27.2  25.3  18.1  16.3 -99.0 
1909  15.0  14.9  17.6  20.5  23.4  25.5  27.8  27.6  25.8  21.4  19.4 -99.0 
1910 -99.0 -99.0 -99.0  19.4  22.9  24.6  26.3  27.2  25.7  20.8  17.4 -99.0 
1911  17.1  17.7  19.1  22.2  23.7  27.1  25.7  26.6  27.5  22.3  14.6  14.9 
1912  10.8  11.7 -99.0  21.9  24.5  25.3  27.0  27.2  26.7  21.3  13.2  12.9 
1913  15.7  13.3  16.5  19.4  22.9  25.0  25.9  26.0  24.1  18.5  16.9  13.1 
1914  13.2  12.0  13.5  20.9  24.0  27.5  27.2  26.6  25.0  20.5  15.0  11.2 
1915  10.6  13.7  12.0  19.7  24.4  27.4  27.3  26.6  25.7 -99.0  16.9  13.0 
1916  16.5  13.1  17.2  19.8  24.8  26.9  27.3  26.5  24.7  19.4  15.4  13.5 
1917  15.1  15.3  18.3  19.5  21.1  25.4  27.6  26.3  24.3  17.5  12.7  12.3 
1918   8.5 -99.0  21.0  20.5  23.5  27.3  26.8  27.0  24.8  23.7  16.3  15.9 
1919  12.0  14.6  16.8  19.5  22.1  25.8  27.1  27.3  25.8  25.6  18.2  12.8 
1920  13.5  13.2  14.3  20.8  25.3  25.3  26.2  26.8  27.2  20.5  13.4  11.7 
1921  15.7 -99.0  21.2  19.8  22.3  25.8  27.0  27.4 -99.0 -99.0  18.8  16.9 
1922  14.0  17.7  17.2  22.3  24.3  26.5  26.6  26.5  25.3  20.4  17.9 -99.0 
1923  15.3  13.9  15.3  20.9  22.8  25.5  25.6  26.4  25.4  19.5  13.5  16.3 
1924   9.8  13.0  13.7  20.3  22.0  27.0  26.7  27.4  25.4  20.1  16.4  13.7 
1925  12.3  15.7  16.4  21.0  21.8  25.7  26.8  26.1  26.5  21.6  15.8 -99.0 
1926  11.3  13.9  13.5  18.7  22.4  25.9  26.6  27.0  26.9  22.2  12.7  15.9 
1927  15.0  18.6  16.7  22.7  24.1  26.4  27.1  25.7  24.9  21.1  17.6  11.9 
1928  11.0  12.9  17.8  17.4  22.6  25.2  26.6  27.0  24.1  21.9  14.1  11.2 
1929  13.9  12.6  17.6  22.0  23.3  25.4  25.6  26.5  24.3  19.5  13.7  11.1 
1930  10.4  15.8  13.6  20.1  23.4  24.4  27.2  25.3  24.8  19.7  14.6   9.7 
1931  10.4  13.4  11.8  17.3  20.9  24.8  26.1  24.0  25.0  20.9  16.8 -99.0 
1932  15.0  18.6  13.4  19.5  21.8  26.0  27.6  26.3  24.3  18.9 -99.0  13.1 
1933  14.8  14.4  16.2  20.2  25.4  25.1  26.6  26.4  27.0  20.8  15.8  17.3 
1934  13.1  12.7  15.7  20.0  22.6  25.6  26.2  26.1  24.1  21.8  16.1  11.6 
1935  12.5  13.8  18.8  20.2  23.9  25.4  26.6  27.2  24.2  21.4  14.7   9.2 
1936  11.8  11.7  17.4  18.4  22.4  26.5  26.8  26.5  26.4  20.4  13.5  12.7 
1937  18.2  13.5  13.8  19.0  23.2  25.7  25.9 -99.0 -99.0  19.9  12.7  11.8 
1938  12.8  15.7  20.0  19.9  23.3  25.8  26.2  26.9  23.8  19.8 -99.0  11.9 
1939  14.1  15.1  17.7  19.3  22.2  25.7  26.6  25.9  25.0  20.3 -99.0  14.1 
1940   5.7  11.9  16.6  19.9  22.5  25.3  26.1  26.1  23.5  19.9  15.2  14.3 
1941  12.6  10.7  13.2  20.5  22.6  25.2  27.0  27.5  26.5  24.3  14.0  14.9 
1942   9.7  10.9  15.0  19.4  23.0  25.6  26.6  26.4  24.0  20.7  17.0  13.6 
1943  12.6  13.8  16.2  20.1  25.0  26.4  27.5  27.1  24.6  18.4  13.4  12.8 
1944  12.4  17.7  15.9  20.1  23.7  27.2  27.4  27.1  26.3  18.4  16.7  12.7 
1945  12.7  16.1  19.3 -99.0 -99.0 -99.0 -99.0  26.9  25.1  19.7 -99.0  11.0 
1946  11.8  13.0  18.2  19.8  22.9  24.8  27.3  27.6 -99.0  22.2 -99.0 -99.0 
1947 -99.0 -99.0 -99.0 -99.0 -99.0 -99.0 -99.0 -99.0  26.5 -99.0 -99.0  12.6 
1948   7.9  14.9  18.1  22.3  24.4  26.7  27.5  26.8  23.9  19.7  16.2  15.5 
1949  15.1  16.9  16.1  19.4  24.1  26.5  26.9  26.7  25.4  23.7  14.9  15.9 
1950  20.3  16.8  15.9  18.5  24.5  26.3  25.8  26.5  25.3  20.9  13.5  11.4 
1951  12.5  13.9  16.4  18.3  23.3  26.3  27.3  28.3  25.7  21.3  13.4  15.1 
1952  17.2  14.2  15.3  18.0  22.9  27.0  26.8  27.1  24.2  16.3  14.1  12.1 
1953  13.3  13.4  19.0  20.0  24.5  27.1  26.7  26.7  25.2  20.2  15.0  11.4 
1954  13.8  15.0  15.4  21.2  21.3  26.3  26.9  27.0  25.8  20.8  13.7  12.2 
1955  11.7  13.9  18.2  21.0  24.3  24.1  26.3  26.9  26.2  19.6  15.1  13.5 
1956  10.8  15.6  16.3  19.1  24.0  24.9  26.7  26.3  24.3  20.9  14.6  15.7 
1957  16.1  17.0  15.4  20.4  24.3  26.2  27.8  26.6  24.8  18.4  16.3  12.6 
1958   8.6   7.7  14.2  19.9  24.0  26.6  26.7  26.4  26.2  20.2  17.0  11.1 
1959   9.9  13.9  14.8  19.0  23.8  26.3  26.8  27.0  25.9  22.2  14.8  12.3 
1960  11.2  10.0  13.7  20.1  22.0  26.2  28.2  26.4  25.3  21.6  17.1  11.5 
1961   8.8  14.9  18.3  18.0  22.7  25.1 -99.0 -99.0 -99.0 -99.0 -99.0 -99.0 
1962  10.9  17.6  14.1  18.9  24.0  26.3  28.4  27.9  26.2  22.4  14.2  11.6 
1963   9.4  10.1  17.9  22.0  24.0  25.6  26.9  27.0  25.5  20.9  15.7   7.8 
1964  10.1   9.8  15.9  21.5  23.9  25.8  26.3  27.1  25.7  18.6  17.8  14.2 
1965  12.8  12.4  15.4  21.9  23.9  25.7  26.7  26.4  25.8  19.4  18.8  13.1 
1966   8.7  11.3  15.1  20.1  23.9  25.0  27.2  26.3  24.9  19.6  16.9  11.9 
1967  11.9  11.7  17.5  22.3  23.0  25.9  25.8  25.7  23.7  18.9  15.7  14.8 
1968  11.4   8.7  14.4  21.4  23.4  26.2  26.5  26.7  24.7  21.2  14.3  11.6 
1969  12.6  12.5  12.3  20.1  23.3  26.2  27.6  26.7  24.7  21.6  15.1  12.6 
1970   8.8  11.4  15.6  21.6  23.3  25.3  27.0  27.2  26.3  20.3  13.6  15.2 
1971  13.3  13.1  15.6  19.8  22.8  26.0  26.6  26.7  25.8  22.1  15.9  17.5 
1972  15.2  13.7  17.2  21.1  23.5  26.5  26.3  27.1  27.2  21.7  14.2  13.8 
1973  10.3  11.2  18.5  18.6  23.0  26.5  28.0  26.3  25.9  22.4  19.3  12.3 
1974  17.8  13.6  19.0  20.5  24.5  25.4  26.5  26.5  25.2 -99.0 -99.0  13.5 
1975  14.7  15.9  16.1  19.1  24.0  26.0  26.6  26.3  24.3  20.7  16.5  11.5 
1976  10.7  15.4  17.8  20.2  22.2  25.0  26.5  26.2  24.6  16.4  11.5  11.0 
1977   6.5  12.2  17.0  20.1  24.0  27.8  28.1  27.2  26.8  19.7  17.4  13.1 
1978   7.2   8.6  15.0  21.0  24.8  27.2  27.6  26.8  26.6  20.5  19.4  13.0 
1979   8.4  11.1  16.5  21.2  22.4  25.9  27.4  27.4  24.7  20.8  13.4  11.5 
1980  13.7  11.0  15.5  18.6  23.9  27.6  28.9  28.2  27.7  18.8  14.3  12.0 
1981   8.7  12.6  15.8  23.2  23.2  28.4  29.1  27.8  24.8  21.1  17.7  11.7 
1982  11.8  12.2  17.9  19.8  23.3  26.8  27.3  27.6  24.6  20.5  16.9  15.1 
1983   9.9  11.4  14.0  17.7  23.1  25.4  28.3  27.9  24.0  20.2  16.1  10.1 
1984   8.0  12.4  15.8  19.7  23.8  25.4  26.3  26.9  24.7  23.3  14.9  17.4 
1985   8.2  11.5  18.6  20.9  24.4  26.8  27.0  27.8  25.4  22.6  20.2  10.7 
1986  11.0  15.3  16.0  19.8  24.5  26.8  28.1  27.6  27.1  20.7  18.6  11.4 
1987  10.1  13.3  14.5  18.2  23.9  26.1  27.5  27.7  24.9  17.2  16.2  14.4 
1988   9.1  11.6  15.6  19.8  22.4  25.6  26.8  27.0  25.5  18.9  18.3  13.2 
1989  15.8  13.1  16.3  19.3  24.3  25.8  27.0  26.8  24.1  19.3  16.9   8.2 
1990  14.3  15.8  17.0  19.7  24.2  27.7  27.6  27.4  25.5  19.9  16.7  14.8 
