Number= 720288
Name= BOWLING-GREEN-2NE---
Country= USA---------
Lat=   39.4
Long=   91.2
Height= 216
Start year= 1883
End year= 1990
First Good year= 1883
Source ID= 30
Source file= New
Normals source= Data
Normals source start year= 1961
Normals source end year= 1990
Normals=  -3.7  -1.4   4.9  11.5  16.5  21.7  24.3  22.9  18.8  12.4   6.0  -1.3 
Standard deviations source= Data
Standard deviations source start year= 1941
Standard deviations source end year= 1990
Standard deviations=   2.7   2.8   2.7   1.8   1.8   1.6   1.3   1.6   1.6   2.0   1.8   2.8 
Obs:
1883 -99.0 -99.0 -99.0  12.8  15.8  21.6  25.5  22.0  19.1  14.9   9.7   2.2 
1884  -6.2  -1.7   4.3  11.1  16.6  19.9  23.2  20.7  20.7  14.1   4.9  -4.1 
1885  -8.4  -7.8   2.1  10.6  18.3  20.6  24.8 -99.0 -99.0 -99.0 -99.0 -99.0 
1886 -99.0 -99.0   5.0  12.2 -99.0  22.3 -99.0  25.3 -99.0  11.4   5.3  -4.1 
1887  -4.9   0.1   9.7  13.6  19.7  22.3  26.7 -99.0  19.6  10.3   5.5  -1.2 
1888 -99.0 -99.0 -99.0  13.1  15.3  22.2 -99.0 -99.0 -99.0 -99.0 -99.0 -99.0 
1889 -99.0 -99.0 -99.0 -99.0 -99.0 -99.0 -99.0 -99.0 -99.0 -99.0 -99.0 -99.0 
1890 -99.0 -99.0 -99.0 -99.0 -99.0 -99.0 -99.0 -99.0 -99.0 -99.0 -99.0 -99.0 
1891 -99.0 -99.0 -99.0 -99.0 -99.0 -99.0 -99.0 -99.0 -99.0 -99.0 -99.0 -99.0 
1892 -99.0 -99.0 -99.0 -99.0 -99.0 -99.0 -99.0 -99.0 -99.0 -99.0 -99.0 -99.0 
1893 -99.0 -99.0 -99.0 -99.0 -99.0 -99.0 -99.0 -99.0 -99.0 -99.0 -99.0 -99.0 
1894 -99.0 -99.0 -99.0 -99.0 -99.0 -99.0 -99.0 -99.0 -99.0 -99.0 -99.0 -99.0 
1895 -99.0 -99.0 -99.0 -99.0 -99.0 -99.0 -99.0 -99.0 -99.0 -99.0 -99.0 -99.0 
1896 -99.0 -99.0 -99.0 -99.0 -99.0 -99.0 -99.0 -99.0 -99.0 -99.0 -99.0 -99.0 
1897 -99.0 -99.0 -99.0 -99.0 -99.0 -99.0 -99.0 -99.0 -99.0 -99.0 -99.0  -2.0 
1898   0.1   1.5   6.6  10.6  17.5  23.5  24.5  24.1  21.7  11.9   4.3  -2.6 
1899  -2.0  -6.9   2.2  12.3  18.1  23.2  23.8  24.8  18.9  16.2   9.3  -1.0 
1900   0.8  -3.6   3.6  12.8  19.0  22.8  24.9  27.7  21.1  16.6   6.5   1.5 
1901   1.0  -3.0   5.9  11.4  17.7 -99.0 -99.0 -99.0 -99.0 -99.0 -99.0  -4.0 
1902  -4.4  -7.9   5.3   9.7  18.1  20.7  24.6  22.1  15.7  14.0   8.8  -3.7 
1903  -4.1  -4.7   6.2  10.9  16.6  18.7  24.7  23.0  17.9  12.7   2.8  -5.5 
1904  -8.1  -5.6   4.0   6.6  15.5  20.6  22.8  21.3  19.1  12.3   4.7  -3.0 
1905  -7.8  -9.4   7.8   9.8  15.6  23.8  23.1  24.1  19.1  11.1   5.1  -2.0 
1906  -1.7  -3.0  -2.1  12.3  16.5  21.1  23.2  24.2  21.2  11.8   4.0  -1.1 
1907  -0.9  -2.3   9.1   6.6  12.7  20.1  24.5  23.0  17.8  11.1   4.0   0.1 
1908  -3.1  -2.4   6.9  10.5  16.6  20.9  23.6  22.7  19.7  11.6   6.4  -0.4 
1909  -3.0  -0.7   3.7   9.8  14.5  22.7  23.5  25.3  17.8  10.8   9.1  -7.9 
1910  -3.8  -4.8  10.4   9.9  13.0  20.1  24.1  22.1  18.4  13.0   2.0  -4.2 
1911  -2.5   0.0   5.3   8.8  18.0  25.2  24.2  22.7  20.6  11.9   1.8  -1.0 
1912 -11.8  -5.8  -2.1  10.9  18.2  20.1  25.1  23.1  17.8  12.8   6.2  -0.5 
1913  -2.9  -5.3   2.5   9.8  16.0  22.6  25.5  26.0  18.8  10.5   8.3   0.4 
1914  -0.6  -7.4   3.0  10.3  16.4  24.6 -99.0  25.0  18.8  14.1   7.4  -6.0 
1915  -6.7   1.4   0.5  14.1  15.0  20.5  22.6  19.8  20.0  13.6   8.8  -1.6 
1916  -4.9  -3.5   5.4  10.4  15.1  20.1  26.6  25.3  18.2  12.8   7.5  -2.7 
1917  -2.9  -4.3   5.2   9.5  13.3  20.7  24.3  22.1  17.4   7.0   4.8  -7.4 
1918 -12.7  -2.3   7.7   8.5  18.3  23.2  23.3  26.7  14.3  13.6   4.5   1.8 
1919  -2.5  -1.6   4.4  10.2  13.7  23.4  25.5  23.0  20.6  13.3   4.7  -4.9 
1920  -6.4  -0.9   5.5   8.2  14.8  22.2  23.7  22.1  20.2  15.1   4.2  -0.6 
1921   0.4   2.1   9.8  11.3  17.0  24.5  26.2  24.8  22.1  13.8   6.7   0.7 
1922  -4.3   0.0   5.6  11.4  17.8  23.8  25.1  24.6  20.3  14.1   7.4  -0.8 
1923   0.6  -3.6   3.9   9.8  15.5  23.3  25.3  24.1  18.2  10.5   6.8   3.4 
1924  -5.7  -2.2   2.0  12.3  12.8  22.2  23.2  24.5  16.6  14.0   7.6  -4.2 
1925  -4.4   0.9   6.1  14.1  13.3  25.1  24.8  23.6  22.8   8.1   4.1  -3.2 
1926  -2.0   1.0   1.9   7.4  17.4  21.6  24.8  24.8  19.7  12.3   3.8  -2.1 
1927  -4.6   2.2   6.4  11.6  16.0  20.8  24.2  20.8  21.1  15.1   8.3  -2.9 
1928  -2.5   0.3   5.9 -99.0 -99.0 -99.0  23.2  22.7  16.8  14.6   6.2   0.5 
1929  -6.3  -5.6   9.6  13.2  15.8  21.5  24.4  21.8  16.9  12.2   2.2  -1.3 
1930  -8.2   4.6   5.2  14.3  19.1  22.4  26.3  24.4  20.7  12.0   5.1  -0.7 
1931  -0.3   2.1   2.8  11.4  15.6  24.4  26.0  22.4  22.7  14.8  10.7   3.2 
1932   1.1   3.5   2.3  13.4  18.4  22.6  25.5  24.2  17.6  12.5   1.6  -3.2 
1933   2.5  -3.0   5.0  12.4 -99.0  25.1  26.2  23.2  22.7  11.5   6.0   1.5 
1934   0.3  -3.1   2.7  11.3  18.5  26.7  30.3  25.6  16.9  14.0   7.9  -2.4 
1935  -2.7   0.2   7.7   9.0  13.5  20.2  25.7  24.0  18.6  13.3   4.2  -4.0 
1936  -7.4  -8.6   5.8   8.4  18.7  22.6  29.7  27.7  21.3  12.3   3.0   1.0 
1937  -4.3  -2.4   2.2  10.2  15.8  22.1  24.3  25.6  18.2  11.9   3.2  -3.0 
1938  -2.5   2.8   9.0  10.6  15.6  20.7  24.5  25.5  20.1  14.8   6.5  -0.7 
1939   0.3  -2.5   5.8   8.6  17.2  22.4  25.1  22.0  21.4  13.8   4.1   0.9 
1940 -12.5  -2.0   3.1   9.6  14.9  23.5  24.7  24.5  18.7  15.0   4.3   2.6 
1941  -1.0  -2.8   2.1  12.7  19.0  22.8  24.9  25.0  21.4  14.8   6.0   2.2 
1942  -2.2  -1.7   5.5  12.6  15.6  22.2  24.7  20.7  17.7  12.3   6.9  -2.5 
1943  -3.4   1.2   1.3   9.7  14.7  24.0  24.7  25.0  16.5  10.7   3.9  -3.0 
1944  -0.7   0.0   2.7   8.1  18.6  24.2  23.7  23.3  18.8  13.7   7.0  -4.6 
1945  -4.9  -0.2   9.3  11.5  13.5  19.6  22.2  23.3  19.4  12.2   6.1  -4.9 
1946  -1.2   2.0  11.6  12.5  14.8  22.3  25.1  21.7  18.3  14.8   6.9   2.4 
1947  -1.0  -3.8   0.8  10.7  14.8  21.7  22.7  28.0  20.7  16.5   3.3   1.2 
1948  -5.6  -2.0   4.0  13.7  15.4  22.1  24.3  23.6  20.1  11.6   6.6   0.2 
1949  -2.3  -0.5   4.6  10.1  17.8  23.6  25.7  23.4  15.3  14.0   7.7   1.4 
1950   0.5   0.8   2.9   8.1  17.1  21.9  22.2  21.1  17.9  15.5   2.1  -4.5 
1951  -2.0  -0.6   2.5   8.6  16.7  21.4  24.3  23.3  17.1  13.8   2.0  -2.2 
1952  -0.9   1.7   3.1  10.1  16.1  25.9  26.2  23.2  18.6   9.8   6.2   0.7 
1953  -0.6   2.3   5.6   8.9  16.7  25.9  25.4  24.0  20.0  14.0   6.1   0.5 
1954  -2.4   4.3   2.7  14.2  13.8  24.8  28.1  25.3  21.0  13.2   5.8   0.4 
1955  -1.8  -0.3   4.5  14.3  17.3  20.1  27.1  25.1  20.3  12.8   3.4  -2.3 
1956  -3.9  -0.4   5.2   9.7  18.6  22.9  24.5  24.9  19.6  16.1   5.7   1.1 
1957  -4.7   2.3   4.2  11.2  16.8  22.6  25.7  24.2  17.5  11.1   4.0   2.1 
1958  -3.3  -5.8   1.8  10.8  16.3  20.8  23.5  24.2  18.8  13.4   8.2  -2.5 
1959  -6.2  -0.8   5.2  11.1  18.7  23.1  24.1  25.8  20.0  11.8   2.0 -99.0 
1960  -1.8  -3.2  -3.3  12.4  14.7  21.5  23.0  24.5  21.2  13.2   6.3  -2.9 
1961  -3.8   1.0   6.0   8.6  14.2  21.2  24.3  23.3  19.1  12.9   5.4  -2.5 
1962  -6.1   0.4   2.1  10.0  20.6  22.1  23.7  24.4  17.7  14.4   5.4  -2.3 
1963  -8.4  -4.0   7.2  12.7  16.0  23.0  24.5  22.8  18.9  18.0   7.0  -7.3 
1964  -0.1  -1.2   3.6  12.6  18.9  22.4  25.3  23.7  19.6  11.2   7.7  -1.7 
1965  -2.4  -1.3  -0.5  12.4  19.1  22.5  23.5  22.8  19.1  12.3   7.3   3.7 
1966  -5.7  -1.7   6.1   8.9  14.3  20.5  25.6  21.1  16.1  11.6   7.4  -0.6 
1967  -0.8  -2.5   6.3  12.7  14.1  22.2  22.7  21.0  17.2  12.8 -99.0   0.0 
1968  -3.5  -2.8   6.3  11.6  14.3  23.0  23.2  23.0  17.5  12.6   4.7  -0.7 
1969  -3.8   0.3   1.8  12.9  16.7  20.7  25.2  22.1  18.3  11.5   4.8  -1.4 
1970  -6.4  -1.0   3.8  12.8  18.7  21.2  24.2  23.5  20.6  13.3   5.2   2.0 
1971  -3.9  -0.4   5.0  12.9  15.5  24.9  22.8  22.8  21.0  16.8   6.9   3.4 
1972  -2.9  -0.5   5.8  12.0  17.5  21.4  24.8  24.4  21.1  12.0   3.5  -2.3 
1973  -2.0   0.2   8.7  10.9  15.8  22.3  24.4  23.6  19.5  15.3   7.7  -0.9 
1974 -99.0   1.1   6.8  11.8  15.8  18.9  24.0  21.1  15.4  12.8   5.8  -0.5 
1975  -1.1  -1.6   1.7  10.0  18.3  22.3  23.6  24.4  16.6  13.0   7.8   0.5 
1976  -4.4   3.9   7.0  12.4  14.1  20.8  24.7  21.9  18.4   8.4   1.1  -3.9 
1977 -99.0  -1.9   7.8  14.1  19.1  21.5  25.2  22.3  20.0  11.5   6.2  -2.9 
1978  -8.5  -8.7   0.7  11.9  15.7  21.8  24.5  22.2  21.1  11.6   6.9  -0.8 
1979 -11.1  -7.8   5.1   9.5  16.2  21.5  23.5  23.3  17.8  11.8   4.6   0.8 
1980  -2.2  -4.5   2.2  10.1  16.4  21.2  27.0  25.9  19.4  10.6   5.5   0.1 
1981  -2.4   0.2   5.4  15.0  14.2  22.1  23.6 -99.0  17.8  11.6   7.5  -3.6 
1982  -8.0  -2.2   4.1   8.9  18.9  18.4  23.9  21.3 -99.0  11.9   6.2   3.3 
1983  -1.4   1.5   5.3   7.7  14.6  21.4  26.0 -99.0  19.8  12.9   7.8  -9.5 
1984  -4.3   3.1   1.1  10.1  15.2  23.3  22.4  24.3  18.1  13.2   5.4   2.5 
1985  -7.4  -4.5   7.9  13.9  17.4  19.9  23.3  21.0  19.5  13.1   4.9  -5.5 
1986  -1.1  -1.5   7.1  13.6  17.7  23.3  25.7  20.7  20.8  12.7   3.1   0.0 
1987  -3.5   2.5   7.1  11.1  19.3  23.1  25.8  23.9  18.3   8.7   7.3   0.5 
1988  -4.1  -3.7   5.1  10.8  16.9  22.6  24.6  25.3 -99.0   8.7   6.1  -0.6 
1989   2.4  -7.1   3.6 -99.0  13.6  19.7  23.6  22.0  17.0  13.9   5.1  -6.9 
1990   2.9   3.0   7.5  10.6  15.1  22.8  24.7  23.3  20.7  11.6   9.1  -0.5 
