Number= 720274
Name= BOONEVILLE----------
Country= USA---------
Lat=   34.7
Long=   88.6
Height= 149
Start year= 1889
End year= 1990
First Good year= 1889
Source ID= 30
Source file= New
Normals source= Data
Normals source start year= 1961
Normals source end year= 1990
Normals=   3.5   6.3  11.1  15.7  20.1  24.2  26.1  25.5  22.3  16.0  10.8   5.9 
Standard deviations source= Data
Standard deviations source start year= 1941
Standard deviations source end year= 1990
Standard deviations=   2.8   2.5   2.4   1.6   1.4   1.2   1.1   1.1   1.5   1.8   1.9   2.2 
Obs:
1889 -99.0 -99.0 -99.0  17.6  20.1  23.4  26.4 -99.0 -99.0 -99.0   9.0  14.8 
1890 -99.0  13.7  10.8  16.8  20.4  27.1  27.2 -99.0  20.8 -99.0  14.4 -99.0 
1891   5.2   9.6   8.9 -99.0 -99.0  25.1  25.5  25.5  23.3  15.1  10.0   7.7 
1892   2.2   9.6 -99.0 -99.0 -99.0 -99.0 -99.0 -99.0 -99.0 -99.0 -99.0 -99.0 
1893 -99.0 -99.0 -99.0 -99.0 -99.0 -99.0 -99.0 -99.0 -99.0 -99.0 -99.0 -99.0 
1894 -99.0 -99.0 -99.0 -99.0 -99.0 -99.0 -99.0 -99.0 -99.0 -99.0 -99.0 -99.0 
1895 -99.0 -99.0 -99.0 -99.0 -99.0 -99.0 -99.0 -99.0 -99.0 -99.0 -99.0 -99.0 
1896 -99.0 -99.0   8.6  21.5 -99.0 -99.0  27.2  27.3  22.9  17.5 -99.0 -99.0 
1897 -99.0 -99.0 -99.0 -99.0  19.8  27.0  27.9  26.5  24.4 -99.0 -99.0 -99.0 
1898   7.2   5.9  12.6  13.2  21.7  25.7  25.7  25.5  23.4  13.7   7.6   3.3 
1899   3.9   0.2   8.3  14.0  21.7  24.6  25.5  25.5  20.8  18.0  10.5   4.6 
1900   4.3   3.7   8.9  15.2  19.3  22.7  24.7  25.5  23.8  17.7   9.4   6.1 
1901   4.5   3.2   8.4  12.4  18.8  24.6  27.3  24.6  20.1  16.0   6.3   1.7 
1902   2.0   0.5   9.5  14.0  22.5  24.5  26.3  25.4  20.0  15.4  12.1   4.6 
1903   3.8   5.2  12.8  14.2  19.9  20.3  25.6  25.0  20.6  15.3   7.1   3.5 
1904   3.0   7.6  12.1  12.9  19.7  23.8  24.3  24.9  22.8  14.1   8.4   5.9 
1905   0.7   0.1  13.2  15.5  21.2  24.1  24.4  24.8  22.1  15.6  10.3 -99.0 
1906   6.5   4.6   7.4  16.9  19.1  23.8  23.9  24.4  23.6  13.4   9.6   8.0 
1907  10.4   6.6  15.6  11.2  17.0  22.1  25.9  25.9 -99.0  14.4   7.9   6.3 
1908   4.5   5.3  14.1  16.5  20.2 -99.0  24.6  24.4  21.8  13.4  11.5   7.6 
1909   6.8   8.3   9.9  15.4  18.6  23.2  25.2  25.8  20.9  15.6  13.9   1.9 
1910   5.2   3.5  14.6  14.8  18.3  22.5  24.8  25.1  23.7  15.2   7.7   3.7 
1911   7.8   9.9  12.0  15.2  21.0  25.5  24.1  23.9  24.7  16.8   7.1   7.8 
1912   2.1   3.1   7.3  16.0  20.1  21.7  25.4  24.3  22.2  16.7   8.3   5.5 
1913   8.2   4.9   9.0  14.8  19.3  24.4  26.0  25.8  21.4  12.4  11.4   6.4 
1914   6.9   4.3   7.4  14.5  19.5  27.1  26.9  25.0  21.3  15.7   9.0   2.6 
1915   3.1   6.8   4.5  16.0  20.7  23.6  25.0  23.6  22.5  16.5  10.8   6.6 
1916   8.4   4.8   9.0  14.2  20.6  22.7  24.8  24.7  20.4  15.4   9.8   5.1 
1917   6.2   6.0   9.9  14.7  15.8  22.3  24.6  23.8  20.8  12.1   8.7   2.4 
1918  -2.0   8.3  14.1  13.6  21.5  25.5  23.8  25.9  18.8  17.6 -99.0   8.9 
1919   4.6   6.3   9.8  14.6  18.1  24.0  25.6  25.2  22.3  18.9   9.3   4.3 
1920   5.7   6.2  10.6  15.2  20.5  23.2  25.0  23.7 -99.0  17.2   6.9   6.4 
1921   8.2   9.1  15.7  15.2  20.9  25.9  27.0  25.5  25.6  14.7  12.2   7.9 
1922   4.5   8.6  10.4  16.5  20.3  25.0  25.8  26.2  24.6  18.1  11.8   9.8 
1923   9.2   5.6  10.4  15.0  19.2  23.6  25.5  25.2  22.5  15.8   9.6  10.6 
1924   2.4   5.9   7.5  15.8  17.6  25.6  25.3  26.6  20.4  17.3  10.9   6.1 
1925   5.5   9.4  12.1  18.7  19.3  26.4  26.8  25.5  27.0  14.8   9.0   4.5 
1926   4.5   7.8   7.1  14.0  20.0  23.5  25.6  25.7  25.0  17.7   7.0   7.0 
1927   6.7  11.4  11.0  16.8  20.6  23.3  25.6  23.7  24.0  17.7  13.6   5.9 
1928   5.5   6.8  10.3  13.3  19.5  22.6  26.2  26.4  21.0  18.3   9.9   7.1 
1929   5.1   3.7  12.8  16.5  20.8  24.8  26.3 -99.0 -99.0  16.2 -99.0   6.4 
1930   4.3  10.8 -99.0 -99.0  20.9  24.2  28.1  26.0  23.7  16.2  11.2   4.1 
1931   6.5   9.4  10.0 -99.0  19.3  25.3  25.7  23.8  25.8  19.6  14.4  11.2 
1932   9.0  11.3   7.9 -99.0 -99.0 -99.0 -99.0  26.4  22.0  15.8   9.0   5.1 
1933   9.2   5.8  10.9  15.5  22.7  24.5  25.8  25.3  25.8  16.9  11.1  11.0 
1934   7.7   4.9   9.0  16.3  21.1  25.5  27.9  27.2 -99.0  17.7  13.0   5.9 
1935   6.1   6.8 -99.0  16.0  20.8  22.1  26.0  27.2  22.6  16.2 -99.0 -99.0 
1936   2.1   2.3  13.7  13.7  20.3  25.7  26.5  26.5  24.1  15.9   7.9   7.3 
1937 -99.0 -99.0 -99.0  15.3  21.0  25.1  25.1  26.2 -99.0 -99.0 -99.0   5.9 
1938   5.6  10.4  14.5  15.4  20.3 -99.0 -99.0 -99.0 -99.0  16.9 -99.0   5.8 
1939   6.8   7.3  12.0  14.2  19.3  24.2  26.1  25.2  23.7  17.3   7.8   7.1 
1940  -2.9   4.6  10.3  14.6  18.0  23.1  24.5  25.2  20.8  17.0   9.4   8.9 
1941   6.3   3.8   7.4  17.0  21.8  24.9  26.7  26.2  24.0  19.9   9.6   7.9 
1942   3.9   4.2 -99.0  16.6  19.8  24.4  26.5  24.9  21.4  17.0  11.9   6.2 
1943   6.3   7.8   8.3  15.5  21.3  26.7  28.1 -99.0  20.5  15.1   8.8   5.6 
1944   6.0   9.4  10.6  15.0  21.0  26.1  25.5  25.5  21.9  16.3  10.4   4.7 
1945   4.7   7.4  14.9  16.7  18.4  24.0  25.2  25.0  23.1  14.8  10.8   3.3 
1946   6.2   8.9  14.2  17.7  18.5  23.3  25.2  23.6  21.2  15.9  12.3   8.8 
1947   6.5   2.5   6.1  15.9  18.6  22.9  23.5  26.8  22.2  19.2   8.4   6.4 
1948   0.4   5.6  10.6  17.5  19.4  24.9  26.1  24.8  21.0  14.1  10.7   8.3 
1949  10.5   8.7  10.0  14.7  21.5  24.5  26.1  24.9  20.2  17.7   8.9   7.5 
1950  10.8   8.8   8.7  12.9  21.5  23.4  23.9  22.8  19.9  17.8   6.3   2.9 
1951   5.8   6.1  10.2  13.3  20.1  24.1  25.8  26.6  22.3  16.7   5.8   6.6 
1952   8.4   9.4  10.1  14.3  20.6  27.2  27.5  25.4  21.0  11.8   8.7   5.4 
1953   7.3   8.1  12.5  13.9  21.6  27.2  26.0  25.9  22.9  18.4   9.9   4.9 
1954   5.5  10.1  10.1  18.0  17.8  25.5  28.4  28.8  25.4  17.7   9.3   5.5 
1955   4.7   6.4  11.8  17.5  21.9  21.6  25.9  26.3  24.4  16.1   8.7   5.7 
1956   3.9   9.4  10.2  15.0  21.7  23.9  26.4  26.4  21.7  17.7   9.0  10.3 
1957   4.7  11.2   9.3  16.9  21.1  24.5  25.5  25.0  21.6  13.7  10.2   7.8 
1958   3.0   1.6   8.1  15.2  20.5  23.9  25.7  24.9  22.4  15.7  11.5   4.0 
1959 -99.0   7.3   9.9  15.5 -99.0  23.2  25.4  26.3  23.0  17.2   7.8   7.4 
1960   5.1   4.9   3.8  16.8  19.0  23.7  26.2  26.0  23.6  17.2   9.8   3.3 
1961   2.7  10.1  13.0  14.2  18.8  23.0  25.3  25.0  22.8  16.0  10.9   6.5 
1962   2.9  10.9   8.9  14.2  23.9  24.8 -99.0 -99.0 -99.0  18.4   9.8   4.5 
1963   1.4   2.9  14.1  17.8  20.9  24.9  25.5  25.9  21.8  18.9  11.9 -99.0 
1964   5.1   5.6  11.1  17.7  22.0 -99.0  26.2  25.7 -99.0  14.9  12.9   6.8 
1965   6.2   5.9   8.0  18.3  22.5  24.2  26.6  25.6 -99.0  16.3  13.4   8.0 
1966   2.7   6.8  11.5  16.1  19.7  23.8  27.7  24.8  22.0  14.9  11.6   6.0 
1967   5.4   4.7  14.9  18.7  19.5  24.6  24.1  23.2  20.1  15.3   8.6   6.9 
1968   2.8   2.7   9.0  15.9  19.3  24.8  25.5  26.1  20.8  15.4   9.2   4.4 
1969   3.9   5.6   6.6  16.3  20.4  24.4  27.0  24.5  21.7  16.1   9.3   4.6 
1970   1.8 -99.0   9.2  17.1  20.7  23.5  24.9  26.0  25.1  16.0   9.5   9.1 
1971   5.2   5.9   8.7  15.5  17.9  25.2  25.0  24.5  23.1  19.2 -99.0  10.5 
1972   6.2   7.0  11.4 -99.0  19.8  23.2  25.2  25.3  23.9  15.3   7.6   5.1 
1973 -99.0 -99.0  14.6  14.2  18.5  25.4  26.5  24.6  24.0  18.5  12.4   5.5 
1974   8.0   6.7  14.1  14.8  20.2  21.6  25.4  24.5  19.3  14.5  10.4   5.9 
1975   7.0   8.6   9.1  14.2  21.0  24.2  25.4  25.5  19.9  16.5  11.0   6.0 
1976   2.6  10.8  13.1  15.7  16.8  23.2  25.5  24.1  21.3  13.1   6.1   4.3 
1977  -2.1   5.8  13.1  17.2  21.7  25.5  27.2  26.5  23.9  14.3  11.1   5.1 
1978  -1.0   1.3 -99.0  17.2  19.8  24.5  26.9  26.0  23.9  14.8  13.5   5.9 
1979  -0.2   3.0  10.9  15.7  19.2  23.3  25.7  24.9  21.3  16.0   9.3   5.7 
1980   5.8   3.2   8.1  14.2  20.1  24.6  28.8  27.4  24.3  14.3   9.6   5.3 
1981   2.5   6.3   9.8  18.7  18.4  25.5  26.6  25.0  20.7  15.1  11.2   4.4 
1982   2.8   5.4  12.6  13.3  21.8  23.2  26.6  25.1  21.3  16.0  11.0   9.3 
1983   4.0   6.9  10.2  12.3  18.9  23.1  26.6  27.7  22.3  17.0  10.2   1.5 
1984   1.2   8.0   9.5  14.6  19.2  25.0  25.1  24.7  21.3  19.3   9.3  10.7 
1985  -0.4   4.2  12.8  16.5  20.5  24.7  25.7  25.0  21.7  18.1  14.1   2.7 
1986   4.2   8.6  11.1  16.6  20.8  25.1  28.0  25.0  24.1  16.6  11.3   5.7 
1987   4.1   7.6  12.5  14.4  22.9  25.0  26.6  27.5  22.8  13.1  12.1   7.5 
1988   2.0   5.1  10.5  15.5  19.7  24.9  25.9  27.3  23.0  13.7  11.8   6.1 
1989   7.8   5.4  11.5  14.7  18.9  23.3  25.2  25.1  21.2  16.5  10.8   0.2 
1990   8.2  10.7  12.5  15.1  18.9  24.5  26.1  26.1  24.1  15.5  13.1   7.9 
