Number= 720212
Name= LAUREL-3W-----------
Country= USA---------
Lat=   39.1
Long=   76.9
Height= 121
Start year= 1895
End year= 1990
First Good year= 1895
Source ID= 30
Source file= New
Normals source= Data
Normals source start year= 1961
Normals source end year= 1990
Normals=  -0.1   1.4   6.9  12.1  17.6  22.4  25.0  24.4  20.4  14.1   8.4   2.7 
Standard deviations source= Data
Standard deviations source start year= 1941
Standard deviations source end year= 1990
Standard deviations=   2.5   2.2   2.0   1.6   1.4   1.2   1.0   1.0   1.3   1.6   1.5   2.3 
Obs:
1895 -99.0 -99.0 -99.0 -99.0  15.5  23.0  22.2  24.1  21.5  10.5   7.6 -99.0 
1896 -99.0 -99.0   3.7  13.2  19.9  21.5  25.0  23.7  20.3  11.9  10.7   1.6 
1897 -99.0   2.6   6.9  10.4  16.2  20.2  24.5  23.1  20.1  15.3   7.9   2.5 
1898   2.4   0.9   8.3   9.7  17.3  22.4  26.0  25.8  24.3  16.3   8.3   3.0 
1899   0.5  -2.5   5.6  12.1  18.8  23.8  25.0  24.1  19.4  14.7   7.6   2.5 
1900   1.2   0.9   2.5  11.2  17.4  22.2  25.5  26.5  23.8  16.9   9.4   1.9 
1901   0.6  -2.4   6.4   9.8  16.4  22.2  26.7  24.3  19.9  12.9   4.6   0.1 
1902  -1.1  -2.3   6.8  11.2  17.3  21.4  25.0  22.4  19.4  14.3  10.6   0.5 
1903   0.2   2.1   9.4  11.3  17.7  19.5  23.9  22.0  19.8  14.1   5.2  -1.1 
1904  -2.2  -1.2   5.2   8.9  18.6  22.5  24.5  23.5  20.8  12.8   7.1  -0.8 
1905  -0.9  -2.8   7.4  11.8  19.6  22.5  25.5  23.7  21.2  15.2   7.3   3.0 
1906   4.4   1.7   3.4  12.8  18.0  23.4  24.7  25.0  23.4  13.9   7.7   2.4 
1907   1.9  -2.6   7.9   9.0  15.0  18.5  23.8  22.1  21.0  11.0   7.0   2.7 
1908   0.9  -1.0   7.7  12.2  17.9  22.2  26.1  22.8  19.5  15.2   7.2   1.9 
1909   1.5   5.2   4.9  11.8  17.0  23.0  23.1  22.1  18.8  10.8  10.3  -0.7 
1910  -0.2   0.9   9.3  13.4  15.6  20.4  24.7  22.6  21.5  14.8   5.4  -2.0 
1911   2.0   2.1   4.1   9.2  19.8  22.2  25.4  23.8  20.9  14.0   6.1   4.4 
1912  -4.2  -1.6   4.9  12.4  17.5  20.7  23.7  22.1  20.9  14.1   7.5   3.0 
1913   4.9   1.3   8.3  12.2  16.9  21.8  24.1  22.4  19.3  14.8   8.1   3.2 
1914   2.4  -2.3   3.4  10.9  18.1  22.2  23.6  23.4  18.0  15.4   6.8   0.5 
1915   1.1   3.0   2.5  12.7  16.0  20.2  23.1  22.4  20.7  14.2   7.1   0.7 
1916   3.3   0.9   2.3  10.0  17.5  19.5  24.4  23.0  18.1  13.1   7.2   0.4 
1917   0.2  -0.4   5.2  11.5  14.4  22.0  24.1  22.9  17.1  10.4   5.1  -2.7 
1918  -5.4   1.0   7.3  10.6  19.6  20.9  22.5  24.2  18.1  15.2   6.9   4.4 
1919   2.2   1.9   7.4  10.1 -99.0  22.2  24.3  22.1  19.9  17.3   8.5  -0.4 
1920 -99.0   0.1 -99.0  10.7  14.8 -99.0 -99.0 -99.0 -99.0 -99.0 -99.0 -99.0 
1921 -99.0 -99.0 -99.0 -99.0  16.1  22.4  25.9  22.2  23.0  12.5   8.2   1.9 
1922  -1.1   2.4   6.8  12.1  18.1  22.9  24.2  22.6  20.8  14.7   8.3   2.3 
1923   1.3  -0.9   6.8  10.6  15.9  23.4  23.8  22.8  20.7  13.0   7.1   6.3 
1924   0.7  -0.1   5.4   9.8  14.8  21.0  23.4  23.2  17.6  13.1   7.1   1.5 
1925  -0.8   4.9   7.3  12.6  15.2  24.8  23.9  22.3  22.0  10.9   6.3   2.0 
1926   0.0   1.1   3.9  10.1  16.8  20.0  24.2  24.1  19.9  13.6   6.1  -0.2 
1927   0.2   4.3   7.3   9.7  16.5  19.4  23.8  20.5  20.3  15.1  10.1   2.9 
1928   1.1   1.6   5.7  10.0  16.0  20.7  24.7  24.3  17.4  14.4   8.7   3.1 
1929   0.4   0.2   9.2  12.9  16.5  21.4  23.8  22.2  20.2  12.4   8.2   2.5 
1930   1.0   4.2   6.0  10.3  18.2  22.7  26.0  24.2  23.4  13.1   7.3   1.1 
1931   1.6   2.8   4.4  11.0  17.0  21.6  25.3  23.3  22.5  15.8  11.2   6.2 
1932   7.1   4.6   3.8  10.1  16.8  21.7  24.0  24.3  20.4  14.1   6.6   3.3 
1933   5.1   2.2   4.9  11.5  18.0  22.5  23.7  23.6  21.2  12.9   6.2   2.4 
1934   2.9  -6.0   4.1  11.0  18.0  23.7  26.3  22.6  20.5  13.0   9.0   2.1 
1935  -0.6   0.5   8.9   9.9  15.2  21.7  25.3  24.0  18.4  13.9   9.7  -0.9 
1936  -2.0 -99.0 -99.0  10.0  17.7  21.7  25.2  24.7  20.8  14.7   6.5   3.2 
1937   5.7   1.9   4.9  10.8  17.5  23.0  24.5  24.5  18.1  12.4   7.3   1.6 
1938   0.8   3.7   8.5  12.5  16.2  21.2  25.0  25.0  18.9  14.0   9.7   2.4 
1939   1.8   4.0   7.3  10.8  18.6  22.9  23.8  25.1  20.6  14.0   7.0   3.1 
1940  -5.1   1.3   3.8   8.9  17.1  22.5  24.4  22.5  18.4  12.1   7.7   4.6 
1941  -0.1  -0.5   3.3  14.0  18.4  21.7  24.4  23.3  21.7  16.9   9.3   4.1 
1942   0.4  -0.3   7.4  13.4  19.3  22.6  25.0  22.8  20.4  14.7   8.6   0.2 
1943   0.8   2.4   6.4   9.1  18.2  24.9 -99.0  25.3  19.2  12.8   6.9   1.7 
1944   1.9   1.8   4.7  10.3 -99.0 -99.0 -99.0 -99.0  20.0  12.6   7.4  -0.3 
1945  -1.7   1.7  12.1  13.4  15.8  22.2  24.1  22.7  21.8  13.3   9.2 -99.0 
1946 -99.0 -99.0 -99.0 -99.0 -99.0 -99.0 -99.0 -99.0 -99.0 -99.0 -99.0 -99.0 
1947 -99.0 -99.0 -99.0 -99.0 -99.0 -99.0 -99.0 -99.0 -99.0 -99.0 -99.0 -99.0 
1948 -99.0 -99.0 -99.0 -99.0 -99.0 -99.0 -99.0 -99.0 -99.0 -99.0 -99.0 -99.0 
1949 -99.0 -99.0 -99.0 -99.0 -99.0 -99.0  25.8  23.8  17.7  16.8 -99.0   4.2 
1950   7.7   1.8   4.5   9.8  16.7  22.0  23.4  23.0  17.7  14.5   7.5   0.4 
1951   2.5   2.1   5.9  11.3  17.1 -99.0 -99.0 -99.0  19.7 -99.0 -99.0   3.4 
1952   4.2   3.7   5.8  13.0  16.9  24.1  26.0  23.7  20.1  12.6   8.7   3.0 
1953   4.1   4.3   7.0  11.6  19.4  22.1  25.6  23.7  20.0 -99.0   8.8   3.5 
1954   1.0   5.7 -99.0  13.7  15.5  22.2  25.1  23.2  21.3  15.2   5.7   1.0 
1955  -0.1   1.9   8.0  14.0  18.7  20.8  27.7  25.2  20.5  14.9   6.6  -0.5 
1956   0.2   3.7   5.1  10.9  16.9  22.5  24.2  23.9  19.2  14.6   7.9   6.5 
1957 -99.0   3.6   6.4  13.4  18.4  23.4  25.1  23.6  21.0  12.4   8.9   4.5 
1958   0.1  -1.7   4.3  11.8  17.0  20.4  25.3  23.4  19.7  14.4   9.3  -0.9 
1959   0.3   1.9 -99.0  13.7  19.5  23.0  24.8  25.7  21.7  16.0   7.4   4.5 
1960   2.1   2.3   0.6  15.0  16.4  22.2  24.0  24.6  20.5  14.2   9.4  -0.9 
1961  -1.8   3.3   7.6   9.7  15.5  21.8  24.8  24.0  23.2  15.1   9.4   1.0 
1962   0.7   0.2   5.7  12.6  19.7  22.2  23.6  24.2  18.7  15.3   6.5   0.1 
1963  -0.6  -1.7   8.5  13.1  17.1  22.2  24.9  23.4  18.1  16.4   9.2  -1.4 
1964   1.9   0.7   7.5  10.6  18.6  22.9  25.0  23.0  19.8  12.4   9.9   3.5 
1965  -0.1   1.6   4.3  10.4  19.6  21.4  24.2  23.3  21.0  12.3   8.0   4.0 
1966  -1.8   0.6   7.0   9.1  16.4  22.5  26.0  25.5  20.1  13.3   9.8   2.1 
1967   4.1   0.0   5.8  12.5  14.2  22.3  24.0  23.0  18.7  13.6   5.6   3.1 
1968  -1.2  -0.2   8.4  12.4  15.5  22.2  24.8  25.2  20.8  14.6   8.3   1.5 
1969  -0.5   0.6   4.7  13.3  18.5  23.1  25.2  23.9  20.3  14.0   7.4   0.6 
1970  -2.4   1.3   4.3  11.2  18.9  22.4  24.6  24.7  22.6  15.9   8.5   2.6 
1971  -1.5   2.4   5.0  11.5  16.2  22.7  24.2  23.3  21.0  16.8   7.4   6.5 
1972   2.3   0.6   5.8  11.4  17.1  20.0  24.3  23.6  20.8  11.9   6.0   3.8 
1973   1.7   0.9   9.3  12.2  15.9  23.7  24.9  25.4  21.6  15.5   8.8   3.4 
1974   3.4   1.3   7.1  13.4  16.7  20.5  24.9  24.2  19.7  13.0   8.9   4.3 
1975   2.8   3.0   5.4   9.8  19.6  22.6  24.8  25.7  18.3  15.1  11.5   2.4 
1976  -1.4   7.2   8.9  14.1  16.5  23.3  23.8  23.1  19.4  11.3   3.5 -99.0 
1977  -6.2   2.0   9.5  13.7  18.4  20.3  25.1  26.5  22.1 -99.0   8.8   1.6 
1978  -2.3  -2.9   4.8  12.2  16.8  22.4  23.7  25.6  20.7  13.1   9.3   3.6 
1979  -1.1  -4.3   8.2  11.1  17.7  20.3  23.5  23.5  19.7  13.7  10.4   4.2 
1980   0.8   0.3   6.4  13.8  19.1  21.7  26.3  26.1  22.7  13.0   6.6   1.7 
1981  -2.3   4.3   6.7  15.1  17.3  24.1  25.5  24.2  20.0  12.9   8.8   2.3 
1982  -2.4 -99.0 -99.0  10.9  20.2  20.5  25.2  22.8  19.3  14.4  10.1   6.3 
1983 -99.0   2.7   7.7  11.3  17.2  23.6  26.4  25.5  20.9  13.4   8.6   0.5 
1984  -1.4   4.7 -99.0  11.9  17.2  23.7 -99.0  24.6  19.1  17.2   7.5   6.9 
1985  -1.6   1.6   8.6  15.9  19.3  22.2  25.3  24.3  21.5  15.5  12.1   1.6 
1986   0.8   0.4   7.4  12.5 -99.0  24.3  26.9  23.9  21.1  15.7   7.7   3.7 
1987   0.6   1.9   8.5  11.9  19.9  24.1  27.3  25.4  20.7  11.4   9.2   4.5 
1988  -1.3   1.7   8.0  11.9  17.8  23.0  26.9  25.6  19.5  10.4   8.1   1.9 
1989   2.7   1.6   5.8  11.4  16.7  23.2  24.2 -99.0  21.2  15.3   8.1  -3.2 
1990   5.9   5.9 -99.0  13.1 -99.0  22.8 -99.0 -99.0 -99.0  16.3 -99.0   5.7 
