Number= 720294
Name= LEBANON-2W----------
Country= USA---------
Lat=   37.7
Long=   92.7
Height= 389
Start year= 1890
End year= 1990
First Good year= 1890
Source ID= 30
Source file= New
Normals source= Data
Normals source start year= 1961
Normals source end year= 1990
Normals=  -1.1   1.5   7.4  13.2  18.0  22.5  25.3  24.5  19.6  13.7   6.9   1.3 
Standard deviations source= Data
Standard deviations source start year= 1941
Standard deviations source end year= 1990
Standard deviations=   2.8   2.6   2.7   1.8   1.6   1.4   1.4   1.4   1.7   1.8   1.7   2.6 
Obs:
1890   3.5   4.6   5.3  13.0  17.8  25.4  26.1  23.8  17.3  13.3   9.6   5.2 
1891   2.4   3.8   4.3  13.7  17.0  22.8  21.9  23.3  21.5  13.6   4.7   5.8 
1892  -2.7   3.6   3.2  12.1  15.7  21.6  21.9  22.8  18.6  13.1   4.6   0.1 
1893  -3.1  -0.4   6.2  14.4  17.3  21.3  23.7  21.6  20.4  12.4   5.1   2.8 
1894   1.4  -0.2  10.1  14.6  17.8  22.7  23.9  24.6  20.1  14.3   6.2   4.1 
1895  -1.9  -3.4   6.9  15.1  17.5  22.0  22.5  23.4  21.6  11.3   5.8   2.1 
1896   1.6   2.5   4.1  17.5  21.2  22.6  24.8  24.7  19.0  12.5   6.9   4.9 
1897  -1.3   2.7   8.2  13.1  17.2  23.1  25.6  23.6  23.9  17.9   7.1  -0.4 
1898   2.7   3.2   7.8  11.8  19.0  23.4  23.7  23.7  21.4  11.5   5.2  -0.6 
1899  -0.1  -5.5   4.2  13.1  20.4  23.3  24.3  26.8  20.2  16.7   9.9  -0.6 
1900   1.7  -2.1   6.6  14.8  19.1  22.9  24.3  26.3  21.6  15.9   7.5   2.8 
1901   2.3  -0.7   6.7  12.3  17.5  26.0  29.3  26.0 -99.0  15.0   6.3  -1.5 
1902  -0.4  -3.9   7.8  12.3  21.0  22.1  24.6  23.9  16.8  14.8   9.9  -0.2 
1903  -0.2  -0.3   8.5  13.7  18.4  19.4  24.6  23.5  18.8  13.5   5.2  -0.9 
1904  -1.3   0.7   8.1   9.8  17.6  21.5  23.3  23.3  20.6  13.1   7.7   1.5 
1905  -4.9  -4.5  10.9  13.3  18.2  23.8  21.8  23.4  19.9  11.5   7.1   0.0 
1906   1.4   1.7   1.8  16.4  19.5  22.3  22.9  23.8  21.7  12.7   5.6   3.7 
1907   4.7   2.9  13.5  10.4  15.4  21.9  25.8  26.1  20.0  13.0   6.2   3.4 
1908   1.5   2.0  10.5  12.8  19.2  22.3  24.0  24.0  20.4  11.8   7.5   3.5 
1909   1.5   4.1   6.8  12.8  17.2  22.4  24.1  26.1  20.3  14.1  11.7  -3.7 
1910   0.9  -1.2  13.5  12.0  15.6  20.4  24.9  23.2  19.4  13.8   6.1  -0.5 
1911   2.4   4.5   8.4  12.4  20.7  25.9  25.1  23.5  22.2  13.3   3.7   2.2 
1912  -5.8  -2.0   2.7  13.4  19.3  19.9  25.6  23.9  19.3  13.8   6.3   2.7 
1913   0.9  -0.8   4.8  13.1  19.3  23.4  25.8  27.8  20.4  11.6  10.6   2.6 
1914   3.5  -0.7   7.4  12.6  19.5  26.8  26.7  25.6  21.4  16.1  10.4  -2.8 
1915   0.9   5.4   3.2  18.1  18.6  22.3  24.7  21.1  22.2  16.3  11.0   2.9 
1916   1.4   1.4   8.8  12.2  19.1  21.5  27.3  26.8  21.0  14.5   8.9  -0.1 
1917   3.2   0.1   8.0  11.9  14.6  21.6  24.9  22.1  18.4   8.9   7.3  -3.5 
1918  -8.9   2.4  11.2  10.9  20.2  25.0  23.7  26.3  14.8  14.9   6.1   4.9 
1919   1.8   1.5   8.1  12.9  16.0  21.8  24.3  23.8  20.1  13.7   5.6   0.0 
1920  -0.9   2.7   7.5  10.2  17.6  21.1  23.5  21.5  19.1 -99.0   4.1   2.6 
1921   3.7   4.9  11.8  13.0  18.2  24.0  26.3  24.1  22.8  13.2   8.3   3.3 
1922  -1.1   2.6   7.2  14.6  19.4  24.6  25.0  24.8  21.2  14.5   8.6   3.6 
1923   5.3  -0.5   4.7  12.8  17.0  23.2  25.6  25.3  19.7   9.3   6.7   5.4 
1924  -3.0   1.7   3.0  13.1  14.1  22.1  22.5  25.4  16.9  16.3   8.2  -1.1 
1925  -0.1   5.2   9.1  16.5  15.7  25.0  25.0  23.9  23.3   9.4   5.4   0.4 
1926   0.7   5.7   4.2   9.6  18.4  20.0  24.9  24.4  20.2  13.2   3.4   1.0 
1927   0.9   5.8   7.7  15.5  17.7  20.5  23.0  20.9  20.6  14.8   7.5  -0.9 
1928   1.2   2.7   7.2   9.7  17.4  18.8  24.4  24.0  17.5  15.8   5.3   2.5 
1929  -2.5  -4.3   8.7  13.9  15.2  20.7  25.8  23.5  19.1  13.6   2.8   1.8 
1930  -5.5   7.1   5.8  14.8  17.2  21.1  26.8  25.3  20.5  11.4   5.9   0.8 
1931   2.1   5.3   3.6  11.6  14.8  23.5  26.0  22.5  22.7  15.2  11.3   7.0 
1932   3.5   6.4   3.5  12.5  17.7  22.5  24.9  24.6  18.0  11.5   2.6  -1.4 
1933   4.2   0.5   7.3  13.1  18.7  25.5  26.2  24.2  22.9  13.4   7.8   4.9 
1934   2.5   0.9   5.0  13.9  19.9  27.4  30.7  27.3  18.1  16.0   8.9   0.4 
1935   1.0   3.5  10.9  11.5  15.6  20.6  26.9  25.1  19.5  13.5   5.4 -99.0 
1936  -2.6  -3.6   9.4  11.6  19.4  24.9  29.2  28.9  22.2  13.0   4.8   4.8 
1937 -99.0 -99.0   3.7  12.3  18.4  23.4  25.2  26.7  20.2  13.0   4.5   0.4 
1938   0.6   5.2  12.3  13.4  17.4  21.4  26.0  27.9  20.8  16.7   7.1   2.5 
1939   4.6   1.2   8.7  11.1  18.6  22.6  26.2  23.8  23.4  15.6   5.8   5.1 
1940  -8.9   0.8   6.4  11.6  16.4  22.1  24.2  22.8  19.1  16.2   4.8   4.6 
1941   2.7   0.4   4.5  15.0  19.4  22.5  25.7  26.0  20.5  15.5   6.9   4.8 
1942   0.3   0.4   7.2  14.8  16.4  21.7  24.9  23.3  18.5  13.0   7.8   1.5 
1943   0.7   4.1   2.8  12.2  17.0  23.3  25.5  27.2  18.1  12.4   5.6   0.8 
1944   2.0   4.2   6.0  11.4  19.9  24.3  24.9  23.2  18.9  15.5   7.2  -1.4 
1945  -0.3   2.2  11.9  14.5  15.6  20.6  22.8  24.0  19.8  13.8   7.2  -1.7 
1946   1.0   5.8  12.9  15.9  16.4  23.1  26.8  23.0  18.8  16.5   7.3   5.5 
1947   1.9  -1.2   2.9  13.0  17.2  22.7  23.8  29.1  22.0  18.5   4.4   4.1 
1948  -2.6   1.5   6.2  16.2  17.5  22.6  24.9  24.1  20.6  13.7   7.2   3.5 
1949  -0.3   3.5   6.3  12.2  19.9  23.4  25.1  23.2  16.4  14.2   7.0   2.6 
1950   3.2   3.4   5.2  11.4  18.4  22.6  22.2  21.6  18.4  16.8   4.3   0.1 
1951   1.0   2.7   5.3  10.8  18.0  22.0  24.5  24.2  18.3  13.9   3.5   1.5 
1952   2.9   4.3   5.8  11.6  18.0  27.5  26.5  24.2  19.7  12.5   7.7   1.8 
1953   2.6   4.8   9.3  10.3  18.7  26.8  25.6  24.4  22.6  15.5   8.1   2.9 
1954   0.7   6.9   5.9  16.8  15.3  24.3  28.9  27.3  23.7  14.9   8.0   2.4 
1955   1.2   1.8   7.0  16.0  18.8  20.0  26.3  25.0  21.9  14.0   5.7   1.0 
1956  -0.8   2.9   8.1  11.6  20.2  22.5  24.9  26.2  21.4  17.0   6.3   4.1 
1957  -2.0   5.5   6.3  12.6  18.3  22.4  25.6  24.7  18.0  11.8   5.7   5.3 
1958   0.5  -2.1   2.2  12.2  18.6  21.8  24.0  24.1  19.7  13.7   9.1   0.4 
1959  -1.5   3.0   7.9  13.2  19.8  22.3  23.3  25.6  20.1  12.7   3.1   4.4 
1960   1.4  -0.3   0.1  14.2  16.6  22.9  23.6  25.4  22.2  14.4   7.7   0.2 
1961  -0.3   3.8   8.2  10.6  15.9  21.0  24.1  23.6  19.5  14.6   6.0   0.2 
1962  -2.7   4.7   4.7  11.2  22.0  22.0  25.0  26.1  18.2  15.2   6.4   1.6 
1963  -3.7   0.3  10.0  14.8  18.2  23.4  25.1  24.8  20.7  19.7   7.5  -3.2 
1964   2.8   1.6   5.9  14.9  19.9  22.4  25.6  23.8  19.9  13.3   8.9   2.0 
1965   1.9   1.9   1.5  15.4  20.1  22.1  23.8  23.3  19.8  13.3   9.5   6.1 
1966  -2.3   0.5   8.9  11.3  17.0  22.0  27.4  22.6  17.3  12.3   8.4   1.9 
1967   2.8   1.0  10.4  15.3  16.4  22.0  22.8  21.7  17.7  13.6   5.5   2.3 
1968  -0.1  -1.0   7.8  13.0  16.3  23.3  24.5  24.6  18.7  13.8   5.0   0.6 
1969  -0.2   1.7   3.2  14.0  18.7  21.8  26.6  24.5  19.6  13.1   6.0   0.5 
1970  -3.0   1.3   4.3  13.8  19.8  22.0  24.9  25.6  21.1  12.3   5.5   4.2 
1971  -1.1   1.1   6.0  13.0  17.0  24.2  23.9  23.7  20.7  16.5   6.8   4.8 
1972   0.3   2.7   8.1  13.2  17.6  23.2  24.6  24.1  20.8  12.4   3.6  -0.8 
1973  -0.1   1.1   9.9  11.0  16.0  22.9  25.5  25.3  20.6  16.2   8.7   1.2 
1974   0.0   4.2  10.3  13.6  18.5  20.1  26.5  23.4  15.6  13.8   6.3   1.8 
1975   1.8   0.5   4.6  13.2  19.3  23.2  25.3  25.7  17.3  14.2   8.2   3.1 
1976  -0.5   7.8   9.6  13.8  14.9  21.1  25.1  24.3  19.5  10.1   2.5   0.3 
1977  -8.0   2.7   9.9  15.4  20.6  23.6  26.0  25.3  21.0  13.5   6.9   0.8 
1978  -6.2  -4.7   4.3  13.5  17.7  23.0  27.0  24.6  22.1  13.0   7.5   1.8 
1979  -7.9  -3.2   8.4  12.2  17.6  21.9  23.9  23.7  18.7  14.3   5.3   3.3 
1980   0.2  -0.8   5.6  12.1  17.9  24.0  29.5  27.5  21.5  12.3   6.0   2.4 
1981  -0.1   2.7   7.8  16.9  15.5  23.2  25.6  23.8  19.5  12.8   8.1   0.4 
1982  -3.6   0.0   9.0  10.8  19.8  20.6  25.8  24.4  18.9  13.5   6.4   4.9 
1983   0.3   3.5   6.8   9.1  16.3  21.4  25.1  26.2  19.1  13.1   6.4  -8.2 
1984  -3.4   3.5   2.8  10.5  16.2  23.1  23.6  24.5  18.4  14.1   6.6   5.3 
1985  -5.4  -1.5   9.6  14.5  18.1  20.6  25.0  24.3  20.1  15.1   6.4  -3.0 
1986   2.1   2.4   9.6  14.0  18.0  23.2  27.4  23.1  21.7  13.7   4.9   1.8 
1987   0.3   5.0   9.7  14.1  21.2  23.9  25.8  26.0  19.7  11.3   8.2   2.4 
1988  -1.5  -1.1   7.4  13.8  18.6  24.2  23.9  26.3  19.9  10.9   8.3   2.7 
1989 -99.0  -3.0   7.6  14.5  17.6  21.3  24.4  24.7  18.5  16.2   8.8  -3.8 
1990   5.8   5.8   9.2  13.0  17.1  23.8  25.1  24.3  22.5  13.8  11.0   1.4 
