Number= 720238
Name= IRON-MOUNTAIN-KINGSF
Country= USA---------
Lat=   45.8
Long=   88.1
Height= 323
Start year= 1899
End year= 1990
First Good year= 1899
Source ID= 30
Source file= New
Normals source= Data
Normals source start year= 1961
Normals source end year= 1990
Normals= -11.7  -9.5  -2.8   5.0  11.7  16.7  19.6  18.1  13.2   7.4  -0.3  -8.4 
Standard deviations source= Data
Standard deviations source start year= 1941
Standard deviations source end year= 1990
Standard deviations=   2.6   2.4   2.4   1.9   2.0   1.4   1.2   1.3   1.1   2.0   1.8   2.4 
Obs:
1899 -99.0 -13.4  -8.8   6.5  11.7  16.9  19.3  19.1  11.1   9.2   3.2  -7.5 
1900  -7.0 -13.3  -6.8   8.3  12.6 -99.0 -99.0 -99.0 -99.0 -99.0 -99.0 -99.0 
1901 -99.0 -99.0 -99.0 -99.0 -99.0 -99.0 -99.0 -99.0  12.5   8.8  -1.6 -10.3 
1902 -10.5  -9.7   1.1   4.9  11.6  14.4  19.7  16.5  12.2   6.9   1.4  -8.9 
1903 -11.6 -10.4   0.6   4.1  11.6  15.6  18.9  15.6  13.6   8.1  -2.4 -12.5 
1904 -14.6 -17.2  -4.7   1.8  11.1  16.3  18.2  15.9  12.6   6.7   1.6 -10.0 
1905 -14.1 -13.3  -2.9   3.7   9.7  15.9  18.0  18.4  15.2   6.5  -0.3  -5.4 
1906  -7.3 -11.5  -8.0   6.5   9.7  16.7  18.9  19.1  16.6   7.1   0.5  -7.3 
1907 -13.3 -11.9  -2.3  -1.1   5.9  17.8  18.8  17.4  13.8   6.3  -0.5  -6.7 
1908  -8.8 -10.1  -3.7   4.9  11.3  16.9  20.4  18.3  18.3   9.2   0.7  -9.4 
1909 -10.1  -9.0  -4.3   0.8 -99.0  18.8  19.1  19.5  14.3   6.9   2.1 -99.0 
1910 -11.4 -12.4   3.8   5.9   9.3 -99.0 -99.0  18.5  14.1  10.3 -99.0  -9.3 
1911 -11.1  -7.4  -1.6   5.4  14.0  19.9  20.0  17.1  13.9   6.8  -2.0  -4.8 
1912 -20.8 -13.0  -6.0   5.2  11.3  16.4  19.4  15.8  14.6   8.8   0.9  -6.4 
1913 -10.9 -14.4  -5.9   6.2  10.6  19.0  18.9  19.4  13.7   7.5   3.6  -2.0 
1914  -7.7 -14.4  -3.4   3.1  13.5  16.5  21.0  18.0  14.3  11.1  -0.2 -10.7 
1915 -12.6  -6.2  -3.4   9.7   9.1  14.3  18.1  15.6  14.8   8.4   0.9  -7.5 
1916 -11.2 -12.8  -6.4   4.0  10.8  14.8  23.2  19.6  13.3   7.7  -0.5 -10.8 
1917 -14.0 -16.4  -4.3   2.0   8.3  14.5  20.3  16.1  12.9   3.1   1.5 -12.9 
1918 -16.9 -13.0   0.5   3.6  12.4  15.8  19.4  18.8  11.1   8.6   2.0  -5.8 
1919  -8.4  -8.7  -2.6   5.2  11.5  20.5  21.8  18.1  14.9   6.3  -1.9 -14.1 
1920 -15.9 -11.8  -2.3   1.7  10.4  18.5  18.3  17.8  16.3  13.2 -99.0  -3.1 
1921  -8.1  -8.9  -3.2 -99.0  14.3  21.2  24.1  18.8  16.8   8.3  -2.7  -8.8 
1922 -12.6 -12.2  -2.8   4.2  15.2  17.5  18.6  18.6  16.2   8.2   2.0 -10.3 
1923 -11.0 -14.4  -7.3   3.4  11.7  19.1  20.1  16.7  14.6   7.0   2.1  -3.3 
1924 -15.7  -8.6  -2.9   3.9   7.2  15.4  17.6  17.0  12.0  11.0   0.5 -12.8 
1925 -11.3  -8.6  -1.3   8.0   9.8  18.5  19.2  19.3  15.7   3.1  -0.4  -8.7 
1926  -9.8  -9.4  -6.3   1.8  12.2  14.8  19.1  17.5  12.2   5.9  -3.1 -11.4 
1927 -12.7  -9.0   0.5   5.0   8.9  15.0  17.7  15.6  16.5   9.5  -0.2 -10.5 
1928  -8.8 -10.3  -3.5   2.0  12.1  14.5  19.2  18.1   9.8   8.2   1.1  -6.3 
1929 -16.7 -14.3  -0.8   5.7   9.6  15.2  19.1  17.4  14.2   8.0  -2.0  -9.6 
1930 -14.1  -7.6  -2.9   5.7  12.5  17.9  19.4  19.2  14.9   7.3   2.0  -7.8 
1931  -7.6  -4.6  -2.4   5.9  11.5  18.5  21.1  17.1  17.8  10.5   3.7 -99.0 
1932 -99.0  -8.5  -6.3   3.9  11.6  17.9  20.0  19.1  13.8   6.1  -2.3  -9.4 
1933  -7.4 -12.4  -4.5   3.7  12.2  20.5  20.5  18.1  16.7   6.0  -3.0 -10.8 
1934  -7.4 -13.9  -6.3   3.2  14.6  18.7  20.0  16.5  13.3   9.2   1.2  -9.9 
1935 -12.3  -9.6  -2.8   3.7   8.9  14.2  21.9  17.8  12.5   7.5  -1.9  -8.2 
1936 -12.6 -17.3  -2.9   1.4  13.7  15.6  21.4  18.6  15.7   5.7  -2.6  -6.5 
1937 -12.4 -10.0  -6.0   2.6  11.8  16.2  19.9  20.0  12.5   7.0 -99.0  -9.2 
1938 -12.2  -7.6   0.0   5.9  11.8  16.5  19.6  19.3  12.9   9.6   0.1  -8.0 
1939  -9.2 -13.1  -5.2   2.5  12.6  17.3  19.7  18.1  14.4   7.1   0.7  -3.8 
1940 -12.2  -8.2  -6.8   2.2  10.0  16.9  19.4  17.5  15.2   8.7  -0.5  -6.4 
1941  -9.2  -8.7  -5.3   8.0  14.2  19.0  20.2  17.3  15.2   7.8   1.1  -4.2 
1942  -9.1  -9.5  -1.0   8.4  10.7  16.5  18.2  17.6  12.3   8.0  -0.8  -9.9 
1943 -12.8  -9.3  -7.0   2.9  10.9  18.2  20.7  18.3  11.1   7.5  -2.0  -7.4 
1944  -5.3  -8.0  -5.7   2.5  13.3  17.1  19.0  18.8  14.0   7.8   2.4  -8.7 
1945 -13.0  -9.5   2.3   4.7   8.3  14.4  17.4  17.6  13.2   6.2  -1.0 -10.0 
1946  -9.8 -10.8   2.8   5.7  10.7  16.3  18.8  16.5  13.1   9.7   0.5  -8.0 
1947  -8.8  -9.9  -3.9   2.8   8.8  15.4  20.1  22.1  14.6  13.2  -2.2  -7.8 
1948 -14.4 -10.8  -4.5   6.6  10.9  16.6  19.9  19.0  16.2   7.4   1.5  -7.4 
1949  -7.9  -9.3  -3.4   6.7  12.4  20.1  20.7  19.4  13.0  10.0  -0.2  -7.9 
1950 -11.8 -10.3  -5.7  -0.1  10.6  17.0  17.8  15.5  13.6  10.0  -2.9 -11.3 
1951 -12.4  -9.1  -4.3   4.3  14.2  15.5  19.2  16.0  12.6   7.7  -4.0  -9.0 
1952 -10.3  -7.6  -4.7   6.9  11.5  17.6  20.0  17.8  14.4   4.4   1.0  -4.8 
1953  -7.9  -9.0  -2.2   3.3  11.9  17.4  19.1  19.1  14.0  10.4   2.7  -6.2 
1954 -11.5  -4.6  -4.9   4.9   8.2  18.2  18.7  17.0  12.4   7.2   1.5  -7.1 
1955 -11.2 -10.0  -4.9   8.4  13.6  17.1  22.3  20.3  13.8   8.6  -2.6 -10.6 
1956  -9.2  -9.5  -5.5   3.3  10.7  17.8  17.1  17.5  11.6  11.0  -0.4  -7.2 
1957 -14.6  -8.7  -3.3   5.5  11.4  16.9  20.3  17.9  12.5   7.2  -0.1  -7.2 
1958  -8.2 -10.7  -1.8   5.8  10.6  14.1  18.3  17.7  14.0   8.7   0.6 -13.2 
1959 -14.6 -12.0  -3.9   5.2  13.9  18.0  19.5  20.1  14.2   5.7  -5.0  -4.6 
1960  -9.8  -9.0  -7.8   5.3  11.1  15.5  18.1  18.1  13.9   7.7   1.4  -9.5 
1961 -11.7  -6.2  -1.5   3.3  10.0  16.6  18.9  18.4  14.3   9.1   0.1  -9.0 
1962 -13.0 -12.3  -2.4   4.3  14.2  16.2  17.5  17.6  12.0   8.7   0.1  -8.7 
1963 -15.7 -13.8  -2.5   5.8  10.8  17.7  19.7  17.0  13.3  12.8   3.0 -11.1 
1964  -7.7  -7.9  -3.8   5.7  14.3  17.1  20.4  16.3  12.5   7.2   1.6  -9.9 
1965 -12.1 -11.7  -5.8   3.4  13.5  15.9  17.3  17.4  11.2   8.1  -0.4  -4.6 
1966 -13.4  -7.9  -0.7   3.4   9.1  18.5  21.7  17.5  13.4   6.9  -1.2  -7.4 
1967  -9.4 -13.1  -3.0   5.1   8.7  17.4  18.3  16.7  13.3   6.9  -2.1  -7.4 
1968 -11.2 -10.3   0.9   6.6  10.3  16.7  19.1  17.8  14.7   9.1  -0.2  -8.1 
1969 -10.1  -8.5  -4.6   6.0  12.0  13.2  18.9  20.2  13.7   5.9  -0.9  -6.8 
1970 -13.6 -10.5  -4.4   5.9  11.2  17.8  20.7  18.4  14.1   8.8  -0.3  -8.3 
1971 -13.9 -10.1  -5.2   4.1   9.7  18.7  17.6  16.8  14.5  11.1  -0.2  -7.2 
1972 -14.2 -12.5  -5.8   1.6  13.2  15.5  18.2  18.0  12.1   5.2  -1.0 -10.3 
1973  -8.4  -8.7   1.6   4.3   9.3  17.0  19.7  19.5  13.3  10.3  -0.2  -8.7 
1974 -11.4 -11.5  -3.7   5.5   9.6  15.0  20.0  17.5  10.4   6.9   0.6  -5.3 
1975  -9.9  -8.8  -5.2   1.7  14.4  17.4  20.9  18.3  11.1   8.8   2.2  -8.3 
1976 -12.5  -5.9  -3.4   6.6  10.4  18.7  19.6  18.2  12.9   4.6  -3.9 -13.6 
1977 -16.1  -8.7   0.5   7.7  16.3  16.0  20.9  16.3  13.1   7.2  -0.6  -9.0 
1978 -12.1 -11.5  -4.2   2.9  13.1  16.4  18.5  18.5  14.9   7.2  -0.7 -10.5 
1979 -15.1 -14.4  -3.3   2.6   9.6  16.0  19.7  17.2  14.3   5.4  -1.5  -5.1 
1980 -10.4 -10.9  -4.5   5.9  13.8  16.2  20.2  19.0  13.0   4.7   0.2  -9.3 
1981 -10.8  -6.9  -0.4   6.1  10.5  16.9  19.3  18.4  12.2   5.4   1.8  -7.3 
1982 -15.8 -10.5  -3.4   2.2  14.7  13.4  19.9  16.8  12.9   8.3  -0.4  -5.1 
1983  -8.2  -4.9  -1.9   3.2   8.8  16.9  22.3  21.0  14.8   7.1   1.0 -12.3 
1984 -13.4  -2.9  -5.2   6.7   9.8  18.1  19.1  19.9  12.1   9.2  -0.7  -7.3 
1985 -11.9 -10.1  -0.2   6.6  13.2  15.0  18.6  17.3  12.8   7.1  -3.0 -12.6 
1986 -10.7  -9.4  -2.2   7.8  13.5  16.0  20.5  16.5  13.6   6.7  -2.7  -5.4 
1987 -99.0  -3.9   0.1   8.1  13.1  19.2  20.9  18.4  14.1   4.2   0.9  -4.0 
1988 -12.4 -11.1  -2.9   5.3  13.7  19.0  20.7  20.4  13.4   4.1   0.7  -7.9 
1989  -7.7 -12.2  -6.3   3.6  11.4  16.0  20.5  18.9  13.2   7.8  -3.2 -13.7 
1990  -5.9  -8.1  -1.3   6.8   9.4  17.0  18.7  18.0  13.3   5.7   1.3  -7.7 
