Number= 720223
Name= NEW-BEDFORD---------
Country= USA---------
Lat=   41.6
Long=   70.9
Height= 21
Start year= 1835
End year= 1990
First Good year= 1835
Source ID= 30
Source file= New
Normals source= Data
Normals source start year= 1961
Normals source end year= 1990
Normals=  -0.8  -0.2   3.5   8.5  14.0  20.0  23.4  23.1  18.8  13.3   8.0   1.7 
Standard deviations source= Data
Standard deviations source start year= 1941
Standard deviations source end year= 1990
Standard deviations=   2.4   1.8   1.5   1.2   1.4   1.3   1.1   1.3   1.2   1.5   1.5   2.4 
Obs:
1835  -0.7  -2.1   0.6   6.2  12.4  19.3  22.6  21.5  14.4  12.6   5.4  -2.0 
1836  -2.4  -4.3   0.4   5.7  12.3  17.6  22.1  19.8  15.8   7.8   2.9   0.7 
1837  -3.4  -1.6   0.2   6.3  11.8  18.8  21.2  20.4  14.7   9.9   5.5   0.2 
1838   2.3  -4.8   2.4   5.3  11.4  21.0  24.9  22.9  16.3   9.3   3.0  -0.8 
1839  -0.9   0.1   2.5   7.3  13.3  18.3  23.0  20.9  16.3  11.0   3.9   1.6 
1840  -4.7   2.3   2.7   8.2  11.6  19.2  22.5  23.0  15.3  11.3   4.5  -0.2 
1841   0.9  -2.1   2.3   5.5  10.8  19.9  21.4  21.4  16.6   7.7   3.9   1.8 
1842   0.8   2.4   4.4   6.9  10.6  17.8  22.2  21.4  14.9  10.3   3.3  -0.6 
1843   2.4  -4.3  -2.2   6.8  12.1  20.0  21.9  23.0  16.7  10.3   3.2   1.1 
1844  -4.8  -0.3   2.6   9.6  13.9  19.6  21.7  21.9  16.6  13.9   5.2   2.1 
1845   1.1  -0.5   3.4   7.1  12.2  19.7  23.0  23.5  16.2  10.8   7.9  -0.6 
1846   0.0  -2.7   3.9   8.5  13.0  18.7  22.6  22.4  19.1  10.9   7.8   0.6 
1847   0.5  -0.1   0.7   6.1  11.8  19.9  23.0  22.0  16.9  10.6   7.7   4.7 
1848   1.7  -1.1   1.9   7.9  13.3  20.5  22.0  22.4  15.7  11.2   4.0   4.9 
1849  -2.6  -3.3   3.2   7.0  12.3  20.5  22.7  22.6  16.5  10.6   8.8   1.3 
1850   1.1   1.8   1.7   5.7  11.1  18.7  23.3  21.7  16.4  12.0   5.8  -0.2 
1851  -0.2   0.7   3.3   7.6  12.6  19.2  22.6  21.1  16.1  12.6   3.5  -2.3 
1852  -2.8  -0.6   1.7   5.6  12.8  20.3  23.5  21.2  16.5  11.4   4.3   4.6 
1853  -0.3   1.1   3.6   7.4  13.1  20.3  23.0  22.5  16.6  10.5   6.4   0.3 
1854  -0.7  -1.8   1.3   6.4  14.2  20.6  24.5  23.7  17.5  13.3   7.4  -0.9 
1855   1.1  -3.6   1.2   7.2  12.3  20.1  23.5  21.1  17.0  13.1   6.9   2.3 
1856  -5.1  -4.1  -1.4   7.6  11.8  20.7  24.2  22.3  20.8  11.8   6.1  -1.3 
1857  -6.3   1.7   0.7   5.3  12.2  19.0  23.0  22.1  17.1  11.9   7.0   3.3 
1858   2.3  -2.8   0.8   7.9  11.4  20.7  22.4  21.1  17.5  13.1   3.8   1.4 
1859  -0.6   0.9   4.4   6.7  13.1  19.2  22.2  21.9  16.1   9.5   6.9  -0.4 
1860   0.3  -0.9   3.6   6.7  12.9  20.3  22.2  23.2  16.8  12.3   8.2  -0.2 
1861  -1.9   2.1   2.4   7.4  12.1  19.8  23.1  21.5  17.9  14.8   6.4   2.0 
1862  -0.6  -1.0   2.4   6.9  14.4  19.5  22.3  22.7  18.3  13.6   8.3   1.5 
1863   3.6   0.7  -0.3   7.4  13.7  18.5  23.5  24.2  16.1  13.3   8.5   0.9 
1864   0.0   1.2   2.9   6.5  14.4  19.8  21.0  22.3  14.7   9.6   6.5   1.6 
1865  -3.8  -0.6   4.3   9.6  14.1  22.0  23.5  22.7  20.1  11.5   8.1   3.2 
1866  -2.3  -0.4   0.7   8.0  11.8  19.1  23.8  20.4  18.0  11.6   7.1   0.8 
1867  -3.9   2.7   0.9   7.4  11.7  19.9  21.9  23.2  17.0  12.3   5.5  -1.8 
1868  -2.8  -3.8   1.6   5.3  11.3  18.8  23.5  22.4  17.5  10.0   5.3  -1.0 
1869   1.2   1.2   0.6   8.2  12.7  20.0  23.0  20.1  16.6  10.1   3.9   1.4 
1870   2.8  -0.7  -0.1   7.7  12.1  20.9  23.2  23.1  16.6  12.6   6.9   0.9 
1871  -2.1  -1.2   4.5   8.2  12.4  18.7  22.1  22.7  14.6  12.6   3.3   0.1 
1872  -2.0  -1.2  -3.2   6.9  13.9  20.4  23.7  22.9  17.4  11.5   5.2  -3.4 
1873  -1.7  -2.1   0.8   7.0  12.5  18.6  22.5  21.6  17.4  12.1   2.3   1.7 
1874   1.3  -1.2   1.0   3.5  12.6  19.9  22.6  20.6  17.8  12.0   5.5   0.7 
1875  -4.7  -4.6  -0.8   4.9  12.3  19.5  22.4  22.7  16.2  11.2   3.0   0.3 
1876   0.8  -0.6   0.9   6.8  12.6  21.7  25.1  22.6  16.4   9.8   6.0  -3.4 
1877  -2.8   1.4   2.2   7.6  13.1  20.9  23.2  23.9  18.3  12.0   7.5   3.7 
1878  -0.2   0.7   4.7   9.8  13.6  19.5  24.2  22.5  18.5  13.8   5.7   0.2 
1879  -2.9  -2.5   1.8   6.1  14.6  20.1  22.8  21.7  17.0  14.6   5.3   3.0 
1880   3.8   1.6   1.4   7.9  15.9  21.4  24.6  22.2  18.1  11.3   4.3  -1.4 
1881  -3.7  -1.0   2.9   6.1  13.4  18.1  22.0  22.4  19.8  13.3   7.4   4.6 
1882  -1.1   0.7   2.7   6.3   9.9  20.4  23.4  22.8  18.3  13.7   2.8   0.0 
1883  -2.4  -0.7  -1.0   6.2 -99.0  21.5  23.1  21.5  16.5  10.0   7.0 -99.0 
1884  -2.2   1.7   1.8   6.2  12.8  20.0  21.1  21.5  18.8  12.0   5.8   1.9 
1885  -1.4  -5.3  -2.2   7.7  11.9  19.5  23.4  21.9  15.4  11.1   6.6   0.2 
1886  -3.1  -3.2   0.2   7.8  12.8  19.1  22.3  21.2  17.6  11.1   5.9  -1.1 
1887  -3.7  -1.8  -1.0   5.1  13.8  19.5  24.5  21.4  15.4  10.4   5.0   0.5 
1888  -6.4  -1.9  -0.8   5.4  12.2  20.5  21.0  21.8  15.7   8.8   6.6   0.5 
1889   1.1  -3.7   2.0   7.8  14.1  20.5  22.2  21.5  17.8  10.3   6.8   3.6 
1890   1.4   1.5   0.7   7.0  12.6  19.5  22.0  21.5  18.1  10.8   5.4  -2.1 
1891  -0.3   0.7   0.7   7.7  12.1  18.6  20.9  22.9  19.2  10.4   5.2   4.1 
1892  -1.5  -1.2  -0.3   6.9  11.7  20.2  22.5  21.6  16.4  10.9   5.0  -1.5 
1893  -5.9  -3.1   0.1   5.6  12.8  19.1  22.0  21.5  15.7  12.8   6.2   0.3 
1894  -0.5  -2.7   4.9   7.1  13.6  20.5  23.9  21.0  19.2  13.0   4.3   0.6 
1895  -1.6  -4.0   1.7   7.1  13.9  21.2  21.5  22.8  19.2  10.3   8.4   2.4 
1896  -3.1  -1.3  -0.8   7.6  14.4  19.3  22.9  22.6  17.5  10.7   8.3  -1.0 
1897  -2.0  -0.6   2.1   7.4  13.0  17.9  23.0  22.2  18.4  13.2   6.4   2.4 
1898  -0.4   1.0   4.9   5.9  12.4  19.5  23.0  23.5  19.3  12.7   5.8   0.5 
1899  -0.7  -3.3   1.4   7.5  12.9  21.5  22.7  21.8  17.5  13.9   6.7   2.8 
1900   0.9  -0.2   1.4   8.5  13.1  20.1  23.7  23.1  19.5  14.8   8.3   1.5 
1901  -0.6  -3.3   2.5   7.1  12.4  20.4  23.9  23.0  19.2  12.9   4.1   1.6 
1902  -1.9  -1.4   4.7   8.4  13.4  19.0  21.4  21.1  18.1  12.6   8.5  -1.0 
1903  -1.3  -0.3   5.7   8.3  14.4  17.3  23.0  19.6  17.5  12.8   4.8  -2.1 
1904  -5.1  -5.1   0.9   5.8  14.3  18.4  22.3  20.9  16.8  10.2   3.1  -3.4 
1905  -3.8  -5.3   1.4   7.7  13.0  19.0  23.7  21.4  17.3  12.8   5.8   2.4 
1906   2.5  -0.4   0.4   8.1  14.0  20.2  22.5  23.5  18.8  13.0   6.2 -99.0 
1907 -99.0  -4.9   2.8   5.5  10.5  18.0  23.0  21.6  19.0  10.5   7.5   3.7 
1908   0.3  -2.4   3.6   7.3  14.6  20.7  23.9  21.1  18.2  13.6   6.6   0.8 
1909 -99.0  -0.5   0.5   6.1  12.8  20.5  22.6  21.9  17.9  12.2   8.8  -0.5 
1910   0.9  -0.7   4.4  10.0  13.4  19.2  23.7  21.0  17.3  12.9   5.0  -2.4 
1911   0.6  -2.1   0.6   6.3  15.2  19.5  24.3  21.4  17.3  11.8   5.8   4.5 
1912  -4.5  -2.3   2.0   8.0  13.3  19.4  23.0  20.4  16.9  13.9   7.4   4.1 
1913   4.5  -1.9   4.3   8.0  12.3  19.1  23.0  20.7  15.6 -99.0   9.1 -99.0 
1914  -0.2  -3.2   2.2   6.3  14.3  19.7  20.6  21.3  17.5  13.6   6.2   0.5 
1915   1.4   1.3   1.1   9.1  12.6  17.9  21.9  20.6  19.0  12.3 -99.0   1.2 
1916   1.7  -2.8  -0.7   7.0  13.8  17.8  22.6  22.2  18.3  13.2 -99.0   1.0 
1917   0.5  -2.7   2.0   6.0   9.4  19.0 -99.0 -99.0 -99.0 -99.0 -99.0 -99.0 
1918 -99.0 -99.0 -99.0 -99.0 -99.0 -99.0 -99.0 -99.0 -99.0 -99.0 -99.0 -99.0 
1919   1.0   0.3   4.2   7.7  15.8  21.2  24.4  20.7  18.0  14.0   6.3  -1.1 
1920  -4.5  -2.0   2.9   7.3  12.5  19.3  23.1  23.6 -99.0  14.6   6.0   2.0 
1921  -0.5   0.1   6.5   9.4  12.9  20.0  23.5  20.5  19.9  11.9   5.5  -0.4 
1922  -2.8  -0.5   2.9   7.5  15.2  20.7  21.6  20.4  16.4  10.5   5.9   0.8 
1923  -1.9  -3.8 -99.0  10.0  15.1  22.5  23.8  21.7  20.6  13.0   8.0   6.5 
1924   1.4  -2.2   3.3   8.7  14.0  20.2  24.3  23.6  19.9  12.1   6.8   1.1 
1925  -0.1   4.7   5.1   9.1  13.1  21.1  21.8  21.2  18.1   9.9   6.4   2.4 
1926   0.5  -2.3   0.6   6.3  12.4  17.4  21.6  23.2  17.8  12.9   8.2  -0.9 
1927  -0.2   1.7   3.9   7.3  12.5  18.0  22.0  20.2  18.4  15.2  10.0   2.4 
1928   0.2  -1.4   1.4   5.7  11.4  17.2  21.4  21.8  15.8  11.6   6.0   2.8 
1929  -1.5  -0.8   3.4   6.6  13.0  19.0  20.9  19.4  16.8  10.0   6.0   0.4 
1930   1.0   0.3   2.1   6.3  16.2  23.5  24.9  23.0 -99.0  13.3   8.8   2.9 
1931  -0.8  -0.8   2.7   7.8  13.7  18.5  22.5  23.0  20.1  15.0  10.0   2.8 
1932   4.5   0.0   1.4   7.6  13.6  18.5  22.0  21.8  17.0  12.5   5.6   3.6 
1933   4.7   1.9   2.7   8.1  14.3  20.3  22.1  22.7  18.7  12.6   4.9  -0.5 
1934   0.5  -6.0   2.4   8.6  15.6  21.2  25.1  22.0  21.0  12.1   9.5   2.0 
1935  -3.5  -1.8   4.5 -99.0  13.7  19.7  25.1  23.8  19.0  13.3   9.7  -0.2 
1936  -1.5  -4.3   5.9 -99.0 -99.0  19.8  22.1  22.6  18.4  13.8   5.6   2.7 
1937   3.7   1.2   1.0   6.3  15.1  19.9  23.8  24.3  18.5  12.8   7.6   1.0 
1938  -1.0   0.2   3.5   8.1  11.9  17.8  21.4  23.5  19.3  14.9   8.5   2.7 
1939  -0.3   1.8   1.8   6.8  12.9  18.4  22.1  24.2  18.5  13.6   5.9   2.2 
1940  -4.5  -0.8  -0.1   5.2  13.4  19.1  23.1  21.1  18.6  11.2   7.0   3.0 
1941  -2.1  -0.8   0.8   9.9  15.4  20.8  23.5  23.1  20.1  14.5   9.7   3.2 
1942  -1.0  -1.9   4.3   8.6  15.1  19.9  22.7  22.1  18.9  14.1   8.0  -0.8 
1943  -1.5   0.0   3.0   5.9  13.9  22.1  23.7  22.5  18.5  13.9   7.8   0.0 
1944   1.0 -99.0   2.3   7.3  15.8  20.2  24.6  24.0  20.0  13.4   8.0   1.0 
1945  -3.6  -0.3   6.3  10.2  11.6  18.4  21.9  20.6  19.0  11.5   7.3  -0.9 
1946  -0.2  -1.0   6.9   6.9  13.1  19.2  22.2  21.0  19.9  16.0  10.5   4.6 
1947   3.5  -0.6   3.3   7.6  12.9  17.9  23.6  22.7  19.2  16.8   6.7   1.1 
1948  -2.4  -1.3   3.0   7.5  11.8  17.0  22.6  22.5  18.2  12.3   9.7   3.0 
1949   3.0   2.4   3.4   9.5  13.9  21.3  24.3  23.3  17.8  15.1   7.4   4.5 
1950   4.5   0.0   1.6   7.3  12.1  19.4  22.9  21.3  16.6  14.0   9.3   3.1 
1951   3.4   3.0   2.9   8.6  13.1  18.6  22.6  21.3  19.0  13.8   6.9   3.4 
1952   2.3   2.0   3.0   9.5  13.3  20.5  24.6  21.6  18.1  11.3   7.5   2.7 
1953   2.4   2.4   3.1   7.9  12.5  19.3  21.1  20.7  18.2  13.0   9.1   4.9 
1954  -0.9   3.1   2.9   7.8  11.9  17.3  20.0  19.0  16.3  14.2   6.8   2.6 
1955  -0.6   1.2   3.4   8.4  14.5  18.4  24.6  23.7  18.2  14.3   6.2  -2.2 
1956  -0.1   1.2   0.6   6.3  10.8  19.8  21.8  22.1  16.8  13.3   8.1   4.2 
1957  -3.3   2.3   3.6   9.0  14.3  21.8  23.1  21.0  19.0  13.2   9.0   5.1 
1958   0.8  -2.6   3.5   8.5  12.0  17.8  22.4  22.0  18.1  12.4   8.8  -1.8 
1959  -0.9  -1.4   2.5   8.4  14.9  18.6  22.6  23.3  20.6  13.9   7.9   3.3 
1960   0.4   3.0  -0.1   8.3  14.4  20.3  22.5  22.5  18.0  13.4   9.5  -0.4 
1961  -2.5   0.9   2.9   7.3  12.4  19.9  22.8  22.6  21.4  15.0   8.0   1.8 
1962  -0.1  -1.1   3.3   8.6  13.5  20.0  21.8  21.8  17.7  13.1   6.6   0.1 
1963  -0.4  -1.4   4.0   9.4  13.6  21.0  24.1  22.7  16.6  15.0   9.6  -1.9 
1964   1.1  -0.2   3.5   7.4  15.4  20.3  22.3  20.7  18.1  12.8   8.6   2.3 
1965  -1.8  -0.5   2.4   7.0  14.8  20.0  23.3  22.9  18.5  12.8   6.4   3.0 
1966  -0.7   0.9   4.0   6.9  12.4  20.0  23.9  23.2  18.1  12.9   9.1   2.2 
1967   3.0  -1.6   1.0   6.7  10.5  19.5  23.0  22.5  18.4  13.6   6.2   2.8 
1968  -2.3  -1.8   3.8   9.4  13.2  19.0  24.2  22.9  20.0  15.3   7.7   0.6 
1969   0.0   0.3   2.2   9.4  14.1  20.5  22.5  24.2  19.4  14.0   8.0   1.2 
1970  -4.1   1.2   2.2   8.9  14.2  19.5  24.3  23.9  19.3  14.5   8.8   0.3 
1971  -2.9   1.2   3.0   7.0  13.1  20.8  24.2  24.0  21.4  16.5   6.6   3.8 
1972   1.4  -0.3   2.3   6.6  13.7  18.6  23.5  22.9  19.5  11.6   6.4   3.7 
1973   1.4   0.8   6.8   9.9  14.0  22.3  24.4  25.4  20.1  15.2   8.5   5.4 
1974   2.2   0.9 -99.0 -99.0  15.1  21.3  25.4  25.7  20.8  13.3  10.0   5.1 
1975   4.3   2.4   5.1   9.1  17.6  22.1  26.0  25.8  19.9  16.7  13.1   4.0 
1976  -0.7   2.3   4.3  11.1  13.9  20.4  22.6  22.1  18.3  11.3   5.0  -1.7 
1977  -4.6  -1.1   5.8   9.2  15.2  19.4  23.8  23.5  18.6  12.8   9.1   0.8 
1978  -2.1  -3.1   2.2   8.1  14.2  20.5  22.6  23.5  16.8  12.5   7.4   2.8 
1979   0.2  -5.2   5.1   8.4  16.1  19.5  23.8  22.4  18.3  12.3   9.9   3.0 
1980  -1.0  -2.3   2.8   9.5  15.1  18.8  24.1  24.0  19.6  11.7   5.9  -1.1 
1981  -5.8   2.1   3.2   9.4  14.5  21.0  24.2  22.1  17.5  10.9   6.9   0.8 
1982  -4.7  -0.4   2.9   7.2  14.0  17.4  23.2  20.9  17.7  12.4   8.8   3.6 
1983   0.1   0.7   4.2   8.3  12.1  20.6  23.9  22.6  20.3  12.3   8.6   0.1 
1984  -2.2   2.6   0.3   7.5  13.2  20.3  22.6  23.5  17.0  13.5   7.5   4.7 
1985  -3.7 -99.0   4.9  10.3  13.4  17.3  22.7  22.4  18.8  14.0  10.1   0.6 
1986   1.0  -0.2   5.1   9.8  14.8  18.5  21.4  21.1  17.3  12.7   6.6   3.4 
1987   0.3  -0.5   5.0   9.3  14.7  20.6  23.0  21.8  18.8  11.6   6.4   1.6 
1988  -2.8  -0.7   3.2   7.7  13.9  19.5  23.6  24.2  18.2  10.2   7.9   0.1 
1989   0.8  -1.8   2.4   7.5  15.1  20.6  22.8  22.9  19.4  13.6   6.7  -6.4 
1990   2.6   0.8   3.7   8.3  12.9  19.6  23.0  24.4  18.8  14.7   8.1   4.5 
