Number= 720253
Name= LEECH-LAKE-DAM------
Country= USA---------
Lat=   47.3
Long=   94.2
Height= 396
Start year= 1887
End year= 1990
First Good year= 1887
Source ID= 30
Source file= New
Normals source= Data
Normals source start year= 1961
Normals source end year= 1990
Normals= -15.1 -10.8  -3.7   4.9  11.7  17.2  20.0  18.5  13.0   6.9  -2.3 -11.4 
Standard deviations source= Data
Standard deviations source start year= 1941
Standard deviations source end year= 1990
Standard deviations=   3.6   3.1   3.2   2.2   2.1   1.4   1.2   1.4   1.3   1.8   2.2   2.9 
Obs:
1887 -99.0 -99.0 -99.0 -99.0 -99.0  20.0  21.1 -99.0  12.6   2.7 -99.0 -12.7 
1888 -99.0 -14.8 -11.4 -99.0   7.3 -99.0  19.9  16.8  10.6   3.9  -2.5  -7.4 
1889 -99.0 -99.0  -1.1   5.9 -99.0  16.4  17.4  18.2  11.0   3.7  -4.3  -7.2 
1890 -16.0 -12.7  -9.3   5.2   7.9  19.8  19.8  15.8  11.3   5.2  -1.4  -8.6 
1891 -10.9 -14.5  -7.6   6.3  11.8  16.3  16.1  16.5  15.9   5.9  -6.2 -99.0 
1892 -17.1 -10.3  -5.8   2.2   8.2  16.4  20.1  17.9  13.8   6.9  -6.2 -14.4 
1893 -18.9 -15.3  -7.8   0.3   9.6  20.1  19.9  17.2  12.9   5.8  -4.6 -15.9 
1894 -13.9 -12.2  -2.7   5.7  11.0  19.9  21.2  17.9  14.1   6.0  -5.3  -7.6 
1895 -19.4 -13.1  -7.8   7.9 -99.0  16.2  17.2  16.7  13.2   3.2  -5.1 -10.6 
1896 -14.9 -11.3  -8.8   3.3  14.0  17.7  19.1  17.5  10.2   3.7 -10.8  -9.7 
1897 -18.3 -12.7  -7.9   5.0  10.8  14.7  20.7  16.7  16.7   7.8  -5.8 -14.9 
1898 -11.3 -12.4  -3.9   4.6  10.6  17.5  19.7  17.7  14.1   3.7  -4.9 -15.7 
1899 -18.6 -99.0 -12.9   4.0  10.4 -99.0  20.2  18.7  11.8   6.8   2.1 -10.9 
1900 -12.3 -19.2  -7.8 -99.0 -99.0 -99.0 -99.0 -99.0 -99.0 -99.0 -99.0 -99.0 
1901 -99.0 -15.4  -6.0   5.8  12.8  16.5  20.8  18.5  12.3   7.5  -5.0 -12.3 
1902 -12.4 -10.7  -1.3   2.8  11.9  15.7  19.5  16.2  11.0   5.4  -1.4 -13.2 
1903 -16.1 -14.8  -5.1   3.8  11.5  15.5  17.4  15.0   9.8   6.1  -6.2 -16.4 
1904 -19.2 -20.3  -7.2   1.8  10.3  15.5  17.0  16.5  10.8   6.5   0.6 -12.3 
1905 -18.6 -15.5  -2.7   2.4   8.6  14.2  17.9  18.1  14.4   4.2  -2.5  -9.2 
1906 -11.9 -14.1 -10.9   6.7   9.8  16.2 -99.0 -99.0  14.5   5.4 -99.0 -12.7 
1907 -20.0 -14.4  -7.1  -2.8   3.6  16.1  18.3  16.7  10.6   5.3  -2.4  -9.0 
1908 -12.1 -10.4  -6.0   4.8   9.2  15.6  19.3  16.2  15.4   6.6  -1.1 -11.4 
1909 -16.1 -13.7  -6.5  -1.8   8.9  16.6  18.9  18.8  12.9   5.1  -1.2 -14.2 
1910 -13.2 -16.0   2.6   7.0   8.4  18.1  18.7  16.2  12.5   7.9  -6.5 -99.0 
1911 -19.1 -12.2  -2.8   4.0  12.8  18.9  18.4  15.8  11.1   4.4  -8.6  -8.9 
1912 -24.8 -15.9 -10.0   5.5  10.9 -99.0  19.0  15.5  12.6   7.2  -0.7  -9.0 
1913 -17.8 -16.0 -10.0   6.5   9.6  18.4  17.7  18.9  12.8   4.1   0.6  -5.3 
1914 -11.3 -19.2  -5.8   2.4  13.0  16.1  20.9  17.0  13.8   9.9  -1.3 -14.4 
1915 -16.1  -7.5  -4.3   9.7   8.9  13.8  16.9  16.5  13.3   7.5  -2.4  -9.1 
1916 -18.9 -16.0  -7.8   2.2   9.1  14.5  22.8  18.5  12.1   4.9  -1.9 -15.0 
1917 -18.2 -18.9  -5.6   2.4   8.4  13.9  19.8  16.6  12.7   0.4   0.0 -17.4 
1918 -20.5 -13.7  -0.5   4.2  11.9  16.2  18.3  18.5   9.2   6.6  -0.4  -8.7 
1919 -11.0 -13.6  -6.6   4.5  11.4  18.9  20.4  17.9  13.9   2.5  -6.9 -15.8 
1920 -17.7 -13.5  -4.5  -0.2  10.9  16.5  18.3  18.4  15.3  10.1  -2.8  -9.2 
1921 -11.3  -9.1  -4.9   6.5  12.0  19.0  21.8  17.8  14.1   7.4  -6.7 -11.1 
1922 -15.1 -16.0  -3.9   4.2  14.1  17.5  17.9  19.1  14.4   7.8   0.5 -14.2 
1923 -13.6 -17.2 -12.1   2.4  11.5  19.2  20.8  15.9  13.9   6.1   1.1  -6.5 
1924 -18.9  -9.7  -4.5   3.3   7.3  14.6  17.9  16.4  10.9  10.4  -3.5 -17.2 
1925 -14.9 -10.9  -3.6   7.1   9.9  15.6  18.0  18.7  13.7  -0.2  -3.3 -12.0 
1926 -11.9  -9.5  -7.7   3.2  12.8  14.5  19.3  17.4  11.0   4.8  -6.6 -14.0 
1927 -14.7 -10.3  -2.2   5.2   8.9  15.5  17.4  15.6  13.8   7.8  -5.8 -17.9 
1928 -14.0 -10.4  -5.6   1.3  12.7  14.4  18.6  17.7  11.2   6.4  -0.4  -7.0 
1929 -22.4 -16.3  -2.6   4.9   9.0  15.5  19.5  17.6  11.5   7.0  -5.2 -12.9 
1930 -20.1  -7.8  -5.3   5.8  11.2  17.2  20.2  19.7  12.7   5.2  -1.3  -8.7 
1931  -8.7  -4.9  -3.7   6.0  10.8  18.6  20.2  17.4  16.3   9.5   0.8  -5.7 
1932 -11.1 -12.7  -9.4   4.5  12.0  18.8  19.7  18.5  12.4   4.2  -5.3 -13.4 
1933 -11.5 -16.2  -5.8   3.3  11.6  20.5  20.8  17.6  14.9   3.9  -5.4 -14.9 
1934 -10.9 -13.5  -7.1   3.7  14.8  17.4  18.8  16.5  10.8   8.9   0.3 -13.7 
1935 -18.2  -7.2  -4.3   2.9   9.3  14.6  22.4  18.6  11.9   6.1  -6.8 -11.8 
1936 -20.8 -22.5  -4.9   0.0  13.9  15.8  22.4  18.8  13.9   3.2  -5.2 -11.1 
1937 -20.9 -14.2  -7.1   2.4  11.9  15.9  20.2  20.6  12.9   4.1  -3.5 -12.8 
1938 -15.2 -10.2  -0.4   3.3   9.0  15.8  19.1  20.1  13.2   9.0  -4.8 -11.4 
1939 -13.1 -17.9  -7.2   2.2  13.1  16.5  19.8  18.7  13.6   4.5  -0.2  -5.1 
1940 -16.9 -10.2  -8.4   2.3   9.6  15.2  19.0  17.0  14.7   8.0  -5.5  -9.8 
1941 -13.6 -12.9  -6.3   7.5  13.6  17.2  20.2  17.9  13.9   6.6  -1.5  -7.9 
1942 -10.0 -10.9  -1.4   8.2   9.6  15.6  18.7  18.4  11.6   7.2  -3.0 -13.4 
1943 -17.7 -11.0  -9.0   4.3  10.3  17.6  21.4  19.2  12.4   7.7  -3.8  -8.8 
1944  -6.6 -10.6  -6.3   3.5  12.4  17.7  19.7  18.6  13.4   8.0   0.4  -9.8 
1945 -13.3 -10.4   0.8   3.3   8.4  14.5  18.9  18.6  12.3   5.7  -3.5 -12.7 
1946 -13.5 -13.5   1.8   6.7  10.2  16.9  20.0  17.5  12.7   6.2  -2.7 -11.9 
1947 -11.1 -13.4  -5.9   2.5   8.6  14.7  20.5  21.3  12.8  11.6  -5.7 -12.9 
1948 -16.8 -14.0  -5.8   5.8  11.5  16.6  19.6  18.8  15.3   7.5  -2.0 -11.8 
1949 -13.2 -14.9  -6.9   6.2  12.0  18.2  20.1  20.3  12.2   7.0  -0.7 -11.9 
1950 -19.9 -12.5  -7.9  -1.2   9.0  16.9  18.4  16.1  13.7   7.7  -5.2 -14.7 
1951 -16.5 -11.3  -7.8   2.5  13.4  15.6  19.1  16.2  11.2   5.7  -6.3 -12.9 
1952 -14.9  -6.9  -6.4   6.9  11.5  18.2  19.2  17.2  14.4   4.3  -1.0  -6.9 
1953 -12.5 -11.2  -3.6   2.5  10.7  17.6  18.9  19.5  12.8  10.1   0.4 -11.0 
1954 -18.4  -4.4  -6.9   2.9   8.1  17.2  19.3  17.5  12.5   5.8   0.1  -7.2 
1955 -13.9 -14.1  -9.6   8.3  13.5  17.4  21.7  20.7  12.8   7.4  -6.8 -15.6 
1956 -13.7 -14.3  -7.6   1.5   9.9  18.6  17.7  18.0  10.8  10.1  -1.2 -10.3 
1957 -18.8 -12.5  -6.0   3.9  11.1  16.0  21.7  18.1  12.1   6.7  -1.6  -8.2 
1958  -9.4 -11.4  -2.3   6.2  11.8  13.8  18.1  18.3  13.4   7.4  -0.9 -14.3 
1959 -17.5 -13.2  -3.3   4.7  12.2  17.7  20.1  20.4  13.5   4.2  -7.8  -5.7 
1960 -12.9 -10.8  -8.7   4.3  11.1  15.9  20.0  19.8  14.0   7.5  -1.0 -12.1 
1961 -14.5  -6.8   0.1   1.8  10.2  18.7  19.2  20.4  12.9   7.9  -1.9 -11.5 
1962 -16.5 -13.1  -3.5   3.3  11.9  16.7  17.9  19.0  12.4   9.0   0.6  -9.9 
1963 -17.9 -13.4  -0.9   6.0  10.2  18.6  20.7  18.5  15.1  13.0   0.8 -14.2 
1964 -10.2  -9.6  -6.9   5.4  13.9  16.8  20.6  16.6  12.0   7.2  -1.3 -14.8 
1965 -17.1 -14.4 -10.4   4.1  11.9  16.3  18.6  17.5   8.8   7.8  -2.6  -6.7 
1966 -21.3 -12.8  -1.4   2.2   9.1  17.5  21.6  17.4  13.6   6.8  -4.4 -11.1 
1967 -13.4 -16.2  -4.5   3.7   8.0  16.2  18.8  17.7  13.8   5.7  -2.9 -10.2 
1968 -14.0 -13.3  -0.5   5.2   9.5  15.9  18.8  18.0  13.2   8.0  -1.4 -12.9 
1969 -16.7 -10.3  -6.8   6.0  11.2  13.2  18.8  20.6  13.8   3.5  -1.8  -8.8 
1970 -17.1 -11.9  -7.9   3.0   9.7  18.6  21.2  19.0  13.8   6.8  -3.2 -13.6 
1971 -19.4 -11.2  -5.6   4.9   9.9  18.9  17.6  17.8  13.9   8.4  -3.0 -11.4 
1972 -18.5 -15.3  -6.0   2.6  13.9  17.3  18.2  18.4  11.6   5.1  -3.0 -14.8 
1973 -11.6  -9.8   1.4   4.2  10.7  17.4  19.1  19.6  12.4   9.4  -2.4 -11.5 
1974 -15.6 -10.9  -6.2   4.4   8.9  17.1  21.9  17.2  10.6   7.1  -1.5  -7.2 
1975 -13.1 -11.7  -7.3   1.0  13.3  17.2  22.0  18.4  11.5   8.3  -0.8 -11.8 
1976 -15.9  -6.2  -5.1   7.8  11.5  18.8  19.9  19.5  13.8   3.6  -5.8 -99.0 
1977 -19.8  -9.0  -0.2   8.0  16.9  17.5  20.6  15.3  12.1   6.4  -3.5 -13.6 
1978 -17.4 -99.0 -99.0 -99.0 -99.0  17.0  19.0  18.9  15.2   7.3  -3.9 -13.9 
1979 -20.3 -16.0  -5.0   1.8   8.2  16.2  19.8  16.8  14.3   5.0  -2.8  -7.0 
1980 -14.5 -12.1  -7.0   6.8  14.2  17.1  20.4  18.2  12.0   4.4  -1.2 -12.4 
1981 -11.8  -7.8  -0.5   6.1  11.5  16.5  19.6  18.7  12.9   5.6   1.3 -10.9 
1982 -21.4 -12.2  -6.0   2.7  13.1  14.4  20.1  18.0  13.1   7.3  -3.6  -6.9 
1983 -10.9  -6.4  -1.5   4.4   9.6  17.3  21.9  21.8  14.2   6.9  -1.5 -18.4 
1984 -14.2  -4.2  -6.4   6.2  10.9  17.5  20.0  20.7  10.9   8.1  -1.9 -11.9 
1985 -14.8 -12.5  -0.9   7.0  13.7  14.8  19.6  16.4  11.9   6.3  -7.2 -16.5 
1986 -11.0 -11.5  -2.1   6.7  12.6  17.5  20.3  16.5  12.6   7.0  -4.9  -7.2 
1987  -9.2  -2.2   1.4  10.0  14.2  19.8  21.8  18.6  14.7   6.0   1.0  -6.0 
1988 -14.8 -12.9  -2.4   6.1  16.5  20.9  21.7  20.0  14.2   5.7  -1.6  -9.7 
1989 -99.0 -99.0  -4.4   4.7  12.6  16.8  21.5  19.9  13.8   7.6  -4.1 -14.3 
1990  -5.7  -8.2   0.3   5.6  11.5  17.8  19.7  18.9  14.4   5.6  -0.4 -11.8 
