Number= 720355
Name= HIGHTSTOWN-2W-------
Country= USA---------
Lat=   40.3
Long=   74.6
Height= 30
Start year= 1891
End year= 1990
First Good year= 1891
Source ID= 30
Source file= New
Normals source= Data
Normals source start year= 1961
Normals source end year= 1990
Normals=  -1.5  -0.1   4.9  10.1  15.8  20.7  23.3  22.5  18.7  12.6   7.5   1.4 
Standard deviations source= Data
Standard deviations source start year= 1941
Standard deviations source end year= 1990
Standard deviations=   2.5   2.1   1.9   1.3   1.3   1.0   0.9   0.9   1.1   1.6   1.4   2.3 
Obs:
1891 -99.0 -99.0 -99.0 -99.0  16.5  19.3  19.4  20.3 -99.0  10.1   4.7 -99.0 
1892 -99.0 -99.0 -99.0 -99.0 -99.0 -99.0 -99.0  21.9  16.7  11.1   4.8  -2.3 
1893  -7.7  -2.7   1.4   8.8  13.9  19.2  21.7  21.1  16.4  12.8   5.8   1.2 
1894   1.2  -1.5   6.9  10.1  16.3  20.9  24.1  21.2  19.2  12.5   3.8   0.6 
1895  -2.7  -5.8   2.0   9.9  16.8  22.2  21.5  23.3  20.6   9.6   7.2   1.9 
1896  -2.7  -0.7   0.9  11.9  18.4  19.6  23.6  22.3  18.2  10.7   8.4  -1.4 
1897  -2.8  -0.6   4.8  10.6  16.5  18.5  23.0  20.7  17.9  12.8   6.6   1.2 
1898  -0.2   0.0   7.7   9.0  15.1  21.0  23.8  22.9  20.3  13.6   5.8  -0.2 
1899  -2.0  -4.2   3.8  10.4  16.4  22.0  23.1  21.6 -99.0  13.5   6.4   1.4 
1900  -0.9  -1.3   1.6  10.9  15.6  20.6  23.6  23.5  20.3  15.0   8.3   0.0 
1901  -1.3  -4.7   4.1   9.1  14.4  20.0  23.9  22.1  19.1  12.1   3.6  -0.1 
1902  -2.4  -3.2   6.9  10.4  15.6  19.5  22.1  20.5  18.0  12.7   9.4  -0.9 
1903  -1.2   0.2   8.7  10.4  17.2  17.0  21.9  19.2  17.7  12.6   4.1  -2.5 
1904  -5.1  -4.0   2.2   8.1  17.4  19.4  21.5  20.7  17.7  10.8   4.1  -3.7 
1905  -3.3  -6.2   3.6   9.2  14.6  19.0  22.1  19.6  17.3  11.5   4.7   1.2 
1906 -99.0 -99.0 -99.0   9.6  15.6  19.7  21.6  22.6  19.6  11.5   5.5  -0.4 
1907  -1.5  -6.7   4.3   7.0  12.6  17.1  22.6  20.5  19.2   9.8   5.6   1.7 
1908  -0.9  -2.9   5.5  10.8  16.6  20.5  24.0  21.0  18.4  14.1   5.9   0.4 
1909   0.1   3.0   3.4  10.2  15.6  20.6  21.7  20.5  17.8  10.1   7.3  -2.0 
1910  -1.9  -1.1   7.0  12.0  15.5  18.7  23.7  20.6  19.4  13.6   4.0  -3.7 
1911   0.2  -1.0   3.4   8.5  18.2  19.9  23.7  21.4  19.1  11.9   4.8   2.9 
1912  -5.8  -3.0   3.0  10.1  16.9  19.2  22.8  20.6 -99.0  14.1   7.1 -99.0 
1913   3.5 -99.0   7.1  11.2  15.3  19.2 -99.0 -99.0 -99.0  13.3 -99.0 -99.0 
1914 -99.0 -99.0 -99.0 -99.0  16.9  20.1  21.5  22.6  17.2  15.3   5.4  -1.0 
1915   0.8   1.5   1.8  12.1  14.0  19.4  22.5  21.5  19.7  13.5   6.1  -0.3 
1916   1.6  -2.6  -0.9   8.7  16.2  18.4  23.4 -99.0  18.4  12.8   6.4  -0.4 
1917  -0.3  -1.1   3.6   9.0  12.1  21.3 -99.0  23.8  16.1   9.7   3.1  -3.7 
1918  -7.1 -99.0   5.6  10.1  18.2  19.3 -99.0 -99.0 -99.0 -99.0 -99.0 -99.0 
1919 -99.0   1.0   7.0   9.6  16.2  20.9  22.9  21.0  19.1  15.1   6.6  -2.0 
1920  -4.9  -2.4   4.5   9.2  13.9  19.9  21.7  22.0  19.2  14.6   5.8   2.4 
1921   0.6   0.5   9.9  13.4  15.0  20.6  24.1  20.2  20.9  12.1   6.7  -0.1 
1922  -2.5   0.7   5.0   9.9  16.4  21.3  21.8  20.9  18.8  13.5   6.6  -0.1 
1923  -1.3  -3.9   3.1   9.3  14.3  21.6  21.2  20.4  19.1  11.7   5.7   4.4 
1924   0.2  -2.9   3.0   8.2  13.0  18.6  21.2 -99.0 -99.0  11.7   5.0   0.0 
1925  -3.3   2.4   6.2  10.6  14.0  23.3 -99.0 -99.0 -99.0 -99.0 -99.0 -99.0 
1926 -99.0  -2.2   1.5   7.9  14.7  18.4  23.5  22.6  17.9  11.4   5.4  -2.1 
1927 -99.0   2.6   5.8   8.8  14.5  18.5  23.1  19.4  18.4  13.5   9.9   1.9 
1928  -0.2  -0.2   3.5   8.3  14.1  19.6  23.5  24.0  16.9  13.3   7.1   1.9 
1929  -0.9  -0.6   7.4  10.2  15.0  20.9  22.6  20.8  19.2  10.8   6.8   0.6 
1930  -0.1   1.8   4.6   8.3  17.1  21.7  23.3  21.1  20.6  10.5   6.2   0.5 
1931  -0.7   0.1   3.4   9.6 -99.0 -99.0 -99.0 -99.0 -99.0 -99.0  10.1   5.1 
1932   6.3   3.4   3.2 -99.0 -99.0 -99.0 -99.0  23.0  19.1  13.6   5.7   2.1 
1933 -99.0   0.9   3.2  10.1  17.5  21.4  23.1  22.7  19.8  11.6   4.4  -0.2 
1934 -99.0 -99.0 -99.0 -99.0 -99.0 -99.0 -99.0  20.8  19.2  10.9   8.4   0.5 
1935  -1.8  -1.5   6.6   9.0  14.7  20.3  24.4  22.2  17.3  13.6   8.9  -2.2 
1936  -3.2  -5.1   7.4   8.4  16.5  20.2  23.3  23.1  19.3  13.2   5.0   2.8 
1937   4.0   1.0   1.6   9.1  16.3  20.8  23.2  23.8  17.4  11.8   6.4   0.1 
1938  -0.5   1.6   5.8  11.1  14.4  19.9  23.4  23.7  17.3  13.4   7.3   1.3 
1939  -1.4   2.4   4.0   8.6  16.5  21.0  22.3  23.8  19.1  12.7   5.1   1.6 
1940  -5.9  -0.6   1.1   7.2  14.9  20.1  23.3  20.1  17.1  10.2   6.2   2.4 
1941  -1.6  -2.1   0.8  12.4  16.1  20.5  22.8  21.3  19.4  14.9   7.6   2.5 
1942  -2.2  -1.8   5.3  11.2  17.5  20.9  23.5  21.5  18.8  12.9   6.9  -1.5 
1943  -1.2   0.3   4.5   7.5  16.2  23.2  23.3  22.8  18.3  12.2   6.0  -0.5 
1944   0.3   0.2   2.9   8.4  18.1  21.1  24.1  23.1  19.1  11.8   6.5  -1.0 
1945  -4.7  -0.6  10.0  12.1  14.2  20.5  22.5  21.2  20.3  11.8   8.1  -2.2 
1946   0.2  -0.1   8.5   9.6  15.7  19.5  22.7  20.2  19.5  14.6   8.8   1.8 
1947   2.3  -2.8   2.2  10.1  15.1  19.2  22.9  23.0  19.0  15.6   5.2  -0.3 
1948  -4.9  -2.1   5.9   9.8  15.1  20.0  23.4  22.4  18.8  11.9   9.8   1.2 
1949   3.1   3.0   5.2  10.3  15.7  22.1  25.0  23.1  17.2  15.3   6.3   2.7 
1950   5.0  -0.8   2.2   8.4  14.1  19.9  22.4  21.3  16.8  14.2 -99.0  -1.1 
1951   1.2   1.6   4.9  10.1  15.6  19.9  23.4  22.2  18.8  14.2   5.4   2.8 
1952   2.0   1.5   3.8  11.6  14.4  21.9  24.9  22.1  19.3  11.2   7.3   2.5 
1953   2.2   2.9   5.5  10.2  16.7  21.3  23.3  22.1  19.5  13.7   7.2   3.3 
1954  -1.4   3.6   4.8  11.6  14.1  20.7  23.2  21.4  18.8  14.5   5.6   0.9 
1955  -1.8   0.2   5.0  11.3  17.2  19.0  25.9  24.2  18.2  14.2   5.8  -1.6 
1956  -0.9   1.8   2.4   8.3  14.4  21.1  21.6  21.9  17.5  13.3   7.6   4.5 
1957  -2.7   2.0   4.2  11.5  16.1  22.7  23.7  21.4  20.1  11.8   8.3   3.3 
1958  -1.2  -3.3   3.4  10.8  14.5  18.7  24.1  22.0  18.4  12.2   7.8  -2.2 
1959  -0.8  -0.4   4.1  11.4  17.7  21.6  23.7  23.4  20.7  15.0   7.5   2.0 
1960   0.5   1.7  -0.2  12.3  15.7  20.9  22.0  22.9  18.8  12.5   8.2  -2.9 
1961  -4.4   0.7   5.1   8.6  14.7  21.2  23.5  22.5  21.7  14.1   8.1   0.1 
1962  -0.7  -1.6   4.3  10.7  16.4  21.1  21.4  21.3  16.7  13.0   5.0  -1.9 
1963  -2.3  -3.2   5.6  10.2  14.8  20.6  23.1  21.2  16.6  14.7   9.5  -2.6 
1964   0.0  -1.2   5.8   9.1  16.8  20.4  23.2  20.8  18.9  11.2   8.2   1.8 
1965  -2.9  -0.1   2.9   8.6  17.7  20.1  22.3  22.0  19.6  11.6   6.7   2.5 
1966  -1.8  -0.7   5.3   8.0  14.1  21.3  23.9  22.9  17.7  11.9   8.0   1.3 
1967   1.8  -1.9   2.8   9.7  12.0  21.4  23.1  21.9  17.6  12.5   4.8   2.3 
1968  -3.2  -2.1   6.0  11.3  13.9  20.3  23.4  22.8  19.2  13.9   7.5   0.2 
1969  -1.6  -1.2   3.0  11.8  16.2  21.3  22.2  22.8  18.7  12.4   6.7  -0.3 
1970  -4.9   0.2   2.5   9.5  16.4  20.4  23.5  23.2  20.5  14.1   8.2   0.8 
1971  -3.0   0.9   3.9   9.0  14.1  21.5  23.0  21.8  20.5  16.2   6.7   4.4 
1972   1.0  -1.2   3.8   8.5  15.6  18.8  23.5  22.1  19.4  10.5   5.9   3.5 
1973   0.7  -0.3   7.4  10.9  14.1  22.1  23.7  23.7  19.6  13.6   7.8   3.0 
1974   0.9  -0.7   5.2  11.6  15.6  19.1  23.0  22.5  18.6  10.6   7.8   3.2 
1975   2.0   1.5   4.2   7.7  17.6  20.9  23.3  23.0  17.4  14.9  10.3   2.2 
1976  -2.7   3.8   7.1  11.9  15.6  22.1  22.5  22.4  18.3  10.5   4.3  -1.5 
1977  -6.6   0.4   7.9  11.7  17.0  20.1  24.1  23.0  19.9  11.8   8.4   0.7 
1978  -2.4  -4.8   3.1   9.7  14.6  20.8  22.5  23.4  17.7  12.2   8.0   2.4 
1979   0.0  -5.4   7.0  10.0  16.7  19.4  22.8  22.7  19.0  12.2   9.7   2.8 
1980  -0.6  -1.1   3.9  11.3  17.0  19.7  24.7  24.5  20.8  11.9   6.2  -0.6 
1981  -4.4   3.2   3.7  12.2  16.4  20.9  24.2  21.9  18.3  10.8   7.1   1.1 
1982  -4.9   1.1   4.6   9.3  16.8  19.0  23.4  21.2  18.7  12.5   8.9   4.9 
1983   0.3   1.0   6.3   9.9  15.4  20.8  24.4  23.9  19.6  12.9   8.0   0.5 
1984  -3.2   4.2   1.8   9.5  15.7  22.0  22.7  22.9  17.1  15.1   7.1   5.0 
1985  -2.9   1.5   6.5  11.7  17.6  19.3  23.4  22.3  19.2  13.8   9.5   0.0 
1986   0.2  -0.9   6.1  10.4  17.6  21.1  23.7  21.3  18.5  13.2   6.0   2.5 
1987  -1.3  -0.9   6.3  10.4  16.3  21.7  24.5  21.5  18.5   9.9   7.7   2.9 
1988  -4.5   0.8   5.5   9.3  15.9  20.4  25.2  24.3  17.3   9.6   7.9   0.9 
1989   1.6   0.7   4.4   9.1  15.4  21.7  22.4  21.8  18.9  12.6   6.5  -5.1 
1990   3.7   3.6   6.4  10.1  14.8  20.9  23.3  22.5  17.6  14.8   8.5   4.5 
