Number= 720347
Name= BETHLEHEM-----------
Country= USA---------
Lat=   44.3
Long=   71.7
Height= 420
Start year= 1892
End year= 1990
First Good year= 1892
Source ID= 30
Source file= New
Normals source= Data
Normals source start year= 1961
Normals source end year= 1990
Normals= -10.0  -8.7  -2.2   4.4  11.4  16.2  18.8  17.4  12.8   6.7   0.1  -7.2 
Standard deviations source= Data
Standard deviations source start year= 1941
Standard deviations source end year= 1990
Standard deviations=   2.5   2.4   2.1   1.7   1.7   1.1   1.1   1.2   1.3   1.6   1.6   2.6 
Obs:
1892 -99.0 -99.0 -99.0 -99.0 -99.0 -99.0 -99.0 -99.0 -99.0 -99.0 -99.0  -9.1 
1893 -14.2 -11.2  -5.6   0.8  10.1  17.9  17.7  17.6   9.7 -99.0  -0.9  -9.0 
1894  -8.4 -11.0  -0.4   4.6  11.8  18.1  19.7  15.7  14.3   7.2  -3.2  -6.9 
1895  -9.3 -11.1  -6.1   3.7  12.8  18.8  18.0  17.2  13.7   3.6   0.7  -5.3 
1896 -10.5  -9.5  -6.5   5.1  12.7  15.7  19.7  17.7  12.3   5.5   1.7  -9.3 
1897  -9.6  -7.2  -3.6   4.7  10.9  14.2  20.7  16.6  12.4   7.0  -1.3  -6.5 
1898 -10.3  -5.2   0.9   2.7  11.5  16.8  19.9  18.8  14.2   7.7  -0.9  -6.9 
1899 -10.2  -9.6  -4.4   4.3  11.3  17.7  18.8  17.9  12.2   7.8  -1.2  -4.9 
1900  -8.9  -8.8  -6.7   4.2   8.9  17.5  19.2  17.8  13.8  10.3   1.0  -7.9 
1901 -10.1 -12.6  -3.3   6.5 -99.0  17.6  19.8  18.8  13.3   6.8  -3.2  -6.3 
1902 -10.1  -7.8   1.3   5.1   9.5  14.2  17.5  15.5  13.6   5.5   2.2  -8.8 
1903  -9.4  -6.9   2.1   3.9  12.5  14.3  17.9 -99.0  13.8   6.6  -2.1  -9.7 
1904 -13.1 -12.2  -4.2   3.0  13.6  16.4  18.5  16.1  11.9   5.0  -3.8 -12.3 
1905 -11.8 -12.4  -3.4   3.0  10.1  15.1  18.9 -99.0 -99.0   6.1  -1.9  -5.8 
1906  -5.8  -8.9  -6.5   3.5  10.2  16.4  18.9  19.4  14.1   7.4  -1.3  -9.8 
1907 -10.6 -13.4  -3.1   1.8   7.4  15.8 -99.0 -99.0 -99.0   3.7  -0.5  -3.8 
1908  -9.1 -10.6  -2.7   2.2  12.5  16.6  20.7  16.6  15.2   8.6  -0.3  -7.7 
1909  -8.2  -7.6  -4.2   3.3   9.9  16.4  17.4  16.5  12.7   6.0   1.7  -7.6 
1910  -6.8  -9.1   0.5   7.5  10.4  15.1  19.3  16.7  12.9   7.0  -1.0 -10.8 
1911  -8.5 -10.5  -5.2   2.7  14.9  15.5  20.8  17.6  12.2   6.4  -1.1  -2.9 
1912 -14.2 -10.3  -5.4   3.9  11.7  14.5  18.7  15.1  12.6   8.1   1.0  -3.6 
1913  -3.6  -9.9   0.1   5.4   9.6  15.2  18.9  17.3  12.5   9.4   2.0  -4.5 
1914 -10.2 -13.1  -2.8   1.9  12.1  14.6  17.6  17.3  12.5   9.4  -1.2  -7.5 
1915  -6.9  -5.2  -5.1   7.3   8.8  15.2  18.4  17.1  14.6   7.8   1.0  -5.9 
1916  -6.9 -10.2  -7.0   4.4  10.8  14.8  20.6  18.6  13.0   7.9  -1.1  -7.9 
1917  -9.6 -11.7  -3.5   2.5   5.8  15.5  19.5  18.8  11.5   4.6  -3.1 -13.8 
1918 -14.4 -11.2  -3.8   5.1  13.8  14.0  19.4  18.1  11.1   8.0   0.6 -99.0 
1919 -99.0 -99.0 -99.0   3.9  11.4  19.0  20.0  16.4  12.9   7.1  -0.8 -10.6 
1920 -15.4  -8.7 -99.0   2.3   9.8 -99.0  17.8  18.7  13.6   9.4  -2.0  -6.2 
1921  -8.2  -7.2   1.9   8.2  11.7  15.8  21.8  16.5  14.4   6.9  -2.0  -9.2 
1922 -11.2  -8.6 -99.0 -99.0 -99.0 -99.0 -99.0 -99.0  14.9   6.9   0.3  -7.6 
1923 -11.1 -12.6  -6.0   2.9  10.4  16.5  17.2  16.8  13.9   7.3   1.5  -1.9 
1924  -6.6 -11.0  -2.8   2.9   8.9  15.1  17.6  17.7  11.9   7.2   0.4  -8.5 
1925 -12.7  -3.1   0.4   4.6   8.8  16.9  17.3  17.3  14.1   2.3   1.2  -6.8 
1926  -9.2 -99.0 -99.0 -99.0 -99.0  13.8  17.9  16.1  12.7   5.5  -0.5 -10.1 
1927  -9.2  -7.0  -0.8   3.7   9.3  13.8  19.6  16.1  12.7   7.8   2.0  -5.3 
1928  -8.2  -8.6  -4.1   3.0  10.5  15.1  19.3  19.5  12.1   7.5  -0.2  -3.5 
1929 -10.4  -8.1  -1.1   3.9  11.5  16.9  18.3  15.7  14.1   6.3  -0.8  -7.8 
1930  -8.3  -7.7  -3.5   2.7  12.0  18.6  17.9  16.3  14.2   6.7   0.8  -6.5 
1931 -10.2  -7.8  -1.0   5.4  12.7  16.5  21.1  17.1  14.4   8.6   3.3  -5.5 
1932  -3.6  -7.6  -5.3   3.8  12.1  15.9  17.6  18.7  14.3   8.6  -0.2  -3.2 
1933  -3.7  -6.3  -4.4   4.9  13.0  17.4  19.1  17.9  13.8   6.7  -4.4 -10.6 
1934  -9.0 -15.0  -4.2   5.3  12.4  17.8  20.0  16.1  15.7   5.0   1.8  -9.4 
1935 -13.2  -8.7  -2.8   4.0   8.9  17.0  20.6  18.2  11.5   7.3   2.1  -9.7 
1936 -10.2 -12.0   1.3   2.9  13.2  16.9  17.8  17.3  13.0   6.7  -4.0  -5.6 
1937  -4.6  -5.7  -5.6   4.1  13.4  16.4  19.7  20.4  13.5   5.7   0.1  -8.1 
1938  -8.1  -7.4  -2.3   7.7  11.8  17.6  19.1  19.7  11.7   9.6   1.0  -5.2 
1939 -10.7  -7.6  -5.8   1.2  11.1  16.3  19.1  19.9  13.4   7.0  -1.5  -6.3 
1940 -12.7  -9.3  -5.5   1.7  12.6  15.7  18.9  17.3  12.5   5.1   0.7  -6.3 
1941 -10.9  -8.3  -5.0   8.5  12.0  17.2  19.7  16.3  14.1   5.8   1.7  -5.9 
1942  -9.2 -10.4   0.4   6.0  14.5  16.9  19.1  18.6  14.6   8.6  -0.2  -9.8 
1943 -11.6  -7.8  -4.1   0.9  11.5  17.8  19.4  17.3  12.5   7.1  -0.2 -11.0 
1944  -8.4 -10.0  -4.9   2.2  14.8  16.4  19.5  20.4  14.7   6.6   0.0  -9.3 
1945 -12.6  -7.3   3.1   8.2   9.7  15.8  19.3  17.9  15.0   6.3  -0.1  -9.1 
1946 -10.0 -11.0   3.6   3.4  11.0  16.4  18.4  16.2  15.2   9.6   1.7  -6.4 
1947  -8.2  -9.3  -2.7   3.0  11.1  15.5  20.5  20.2  14.7  11.3  -1.4  -9.7 
1948 -12.0 -10.7  -2.5   5.1   9.9  15.1  19.3  18.9  14.0   6.8   3.5  -4.6 
1949  -5.8  -5.8  -1.8   5.8  12.2  18.9  20.7  19.2  12.3  10.0  -1.0  -4.8 
1950  -5.3  -9.9  -6.1   3.0  11.6  17.3  18.7  17.3  10.8   8.0   2.7  -5.4 
1951  -7.0  -5.5  -1.5   5.3  11.6  15.4  18.7  16.9  13.8   8.3  -1.7  -6.4 
1952  -7.4  -6.7  -2.1   6.1   9.2  17.1  20.9  17.8  14.1   5.2   0.9  -5.6 
1953  -6.4  -6.4  -1.0   5.0  12.4  17.1  19.7  17.3  13.4   8.0   3.7  -2.7 
1954 -11.6  -4.7  -3.4   4.9  10.3  16.3  17.2  15.8  11.9   9.2   0.6  -6.7 
1955 -10.9  -7.7  -3.5   5.8  13.6  16.9  21.1  19.8  12.7   7.6  -1.3 -11.6 
1956  -8.1  -6.8  -5.6   2.5   8.4  16.5  16.9  16.3  10.9   7.7   1.0  -5.8 
1957 -13.5  -6.8  -2.5   5.2  11.2  17.9  17.2  15.4  13.9   7.6   1.9  -4.0 
1958  -7.9 -11.4  -0.4   5.5   9.6  13.4  18.4  17.1  13.1   6.4   0.9 -12.2 
1959 -10.4 -11.4  -3.6   5.5  13.6  15.5  20.4  18.8  13.8   6.5 -99.0  -7.1 
1960  -9.2  -4.9  -6.2   5.4  13.9  16.4  17.4  17.3  12.5   6.4   3.2  -9.3 
1961 -12.3  -7.1  -2.1   3.6   9.8  16.3  18.3  17.6  16.8   8.3   0.6  -6.7 
1962 -11.4 -12.0  -2.5   4.2  10.0  16.3  16.1  17.4  11.8   6.4  -0.7  -7.4 
1963  -8.9 -12.0  -1.9   3.4  10.9  16.9  19.7  16.2  11.0  10.0   3.2 -12.2 
1964  -7.4  -9.0  -1.1   3.7  12.7  15.7  19.4  14.6  10.9   6.2   0.5  -6.2 
1965 -11.8  -9.8  -3.3   2.7  12.1  15.6  15.9  17.2 -99.0   6.3  -1.4  -5.6 
1966  -9.6  -7.5  -1.6   3.1   9.6  16.4  18.2  17.5  11.3   6.7   2.6  -6.3 
1967  -5.7 -10.9  -4.7   2.8   6.9  18.0  19.2  17.7  12.9   7.8  -2.0  -5.8 
1968 -12.8 -11.5  -0.9   6.9  10.1  14.9  19.3  16.1  14.4   8.1  -1.6  -9.2 
1969  -9.1  -7.5  -4.0   4.1   9.8  16.6  18.0  18.2  13.3   6.4   1.4  -7.1 
1970 -14.8  -7.9  -3.3   4.7  12.1  16.3  19.9  17.9  13.6   8.4   1.7 -10.1 
1971 -13.2  -7.3  -3.7   2.5  10.8  16.5  18.3  17.5  14.9  10.2  -1.9  -6.8 
1972  -8.4  -9.5  -3.6   1.2  11.8  15.4  18.5  16.4  13.2   4.5  -1.5  -6.3 
1973  -8.4  -9.0   1.4   5.4  10.4  16.9  19.7  19.6  12.2   7.7  -0.8  -4.6 
1974  -8.3  -9.5  -3.5   5.5   9.2  16.4  18.5  17.7  12.5   3.8 -99.0  -4.3 
1975  -6.6  -7.7  -3.9   1.3  14.4  16.5  20.3  17.7  12.3   7.8 -99.0  -8.1 
1976 -12.9  -5.8  -1.7   6.3  10.9  18.7  17.8  17.3  12.4   5.0 -99.0 -10.7 
1977 -12.9  -7.9   1.2   4.8  13.1  15.3  18.5  17.6  12.7   6.5 -99.0  -7.4 
1978 -10.1 -12.2  -4.2   2.4  13.4  16.3  18.8  17.8  11.2   5.7 -99.0  -7.0 
1979  -8.5 -13.9   0.7   4.9  12.8  16.8  20.1  16.9  13.0   6.9   3.2  -5.2 
1980  -8.8 -10.7  -2.6   5.5 -99.0  14.8  19.1  18.3  12.7   5.1  -2.4 -10.8 
1981 -13.8  -2.0  -1.4   6.0 -99.0  16.8  19.2  17.0  12.9   5.0   0.3  -6.0 
1982 -14.4  -9.3  -2.4   2.9 -99.0  14.6  18.6  15.9  13.6   6.9   1.7  -3.6 
1983  -8.2  -6.2  -0.6   5.0 -99.0  17.2  19.0  17.7  14.3   7.0   0.5  -7.6 
1984 -10.4  -3.4  -5.4   5.3  10.3  16.9  18.7  19.1  11.6 -99.0   0.3  -4.2 
1985 -12.4  -6.8  -2.0   4.4  12.1  14.4  19.1  16.6  13.3   7.0   0.2  -8.6 
1986  -8.7  -9.4  -1.4   7.6  13.1  15.1  18.1  16.7  11.7   6.0  -1.5  -5.2 
1987  -9.7 -10.7  -0.6   7.3  12.1 -99.0  19.2  16.1  12.4   5.8  -0.5  -5.0 
1988  -9.9  -7.7  -2.9   5.0  12.9  14.7  20.1  18.9  11.8   4.7   0.5  -7.8 
1989  -7.6  -8.4  -3.1 -99.0  13.3  16.9  19.1  16.8  13.5   7.1  -0.6 -16.0 
1990  -4.3 -99.0  -1.1   6.1  10.5  17.3  18.8  18.5  12.9 -99.0   0.8  -4.2 
