Number= 720349
Name= HANOVER-------------
Country= USA---------
Lat=   43.7
Long=   72.3
Height= 183
Start year= 1835
End year= 1990
First Good year= 1835
Source ID= 30
Source file= New
Normals source= Data
Normals source start year= 1961
Normals source end year= 1990
Normals=  -8.2  -6.7  -0.3   6.4  13.2  17.8  20.6  19.4  15.2   8.5   2.3  -5.2 
Standard deviations source= Data
Standard deviations source start year= 1941
Standard deviations source end year= 1990
Standard deviations=   2.5   2.2   2.1   1.7   1.6   1.1   1.0   1.2   1.3   1.4   1.6   2.7 
Obs:
1835  -8.0  -8.8  -2.5   3.1  10.2  15.7  19.1  16.3  11.8   9.4  -0.5 -10.6 
1836  -7.1 -11.7  -5.0   2.7  12.1  15.5  19.6  15.4  13.9   3.7  -0.6  -6.6 
1837 -11.9  -7.5  -3.2   3.6   9.8  16.0  16.8  16.5  12.8   5.4   0.2  -5.8 
1838  -3.1 -10.9   0.4   1.2  11.2  18.0  20.1  17.3  14.4   5.7  -1.5  -8.9 
1839  -8.6  -4.1  -1.0   6.6 -99.0  13.7  19.1  17.3  14.0   5.8  -0.1  -4.8 
1840 -12.9  -2.7  -1.3   7.2  13.8  16.1  19.6  19.5  13.2   7.1   0.6  -6.7 
1841  -4.1  -7.3  -2.4   3.9  11.4  18.2  18.5  19.0  16.9   5.6   0.9  -3.7 
1842  -7.2  -2.7   1.6   5.9  10.6  14.7  18.4  17.5  11.7   5.9  -0.1  -6.9 
1843  -3.5 -11.3  -4.5   5.7  11.9  15.9  17.4  20.1  14.4   5.6  -0.7  -4.1 
1844 -13.4  -6.9  -0.5   7.9  13.2  16.4  16.1  17.2  13.7   6.8   0.5  -5.1 
1845  -7.1  -5.6  -0.2   4.2  10.7  15.9  18.6  18.4  12.2   7.9   2.8 -10.0 
1846  -7.7 -10.5  -0.8   6.3  11.8  16.4  18.8  19.1  15.9   6.3   3.3  -5.9 
1847  -7.6 -99.0  -4.8   1.8  12.0  15.9  19.5  17.4  13.4   5.6   2.5  -0.4 
1848  -6.6  -7.9  -3.4   4.6  13.5  16.6  18.6  18.1  10.2 -99.0  -0.6  -3.2 
1849 -10.5 -11.2  -0.7   2.6  10.8 -99.0  18.6  17.4  13.1   6.4   5.4  -7.0 
1850  -6.2  -5.8  -2.7   3.3   9.3  18.0  20.1  16.1  12.9   7.8   1.2  -9.9 
1851 -99.0  -5.9   0.7   4.2  11.4  14.7  18.7  15.7  13.6   8.8  -2.3  -9.3 
1852 -13.6  -6.8  -2.0   3.1  12.3  16.2  19.2  17.9  13.7   6.9   0.2  -2.7 
1853  -7.1  -6.2  -0.8   4.2  12.3  17.4  18.0  17.8  13.4   6.2   1.1  -7.0 
1854  -8.9  -9.2  -2.7   3.1  13.4  15.9 -99.0  18.4  13.5   8.4   1.4  -9.0 
1855  -5.3  -9.6  -3.1   4.2  11.3  14.7 -99.0  15.8  12.9   8.1   0.2  -4.6 
1856 -12.5  -8.8  -5.4   6.4  10.4  17.8  20.3  16.0  14.4   7.4   1.3  -9.5 
1857 -14.0  -3.7  -2.8   3.6  11.5  15.3  20.3 -99.0  13.6   7.2   3.9 -99.0 
1858  -6.1  -9.4  -3.1   4.7 -99.0  17.6  17.8 -99.0  14.4   8.3  -1.6  -7.4 
1859  -6.6  -6.8  -0.2   4.1  13.6  15.5  18.1 -99.0  13.3   5.0 -99.0 -99.0 
1860  -4.7  -9.3   0.8   4.7  13.4  17.0  17.2  18.2  12.6   7.7   4.1  -7.3 
1861  -7.9  -4.8  -1.6   5.2  10.6  16.9  21.2  18.6  13.9   8.4   1.4  -4.9 
1862  -8.6  -8.3  -1.8   4.1  13.4  16.0  18.0  18.2  15.1   8.8   2.2 -99.0 
1863 -99.0 -99.0  -5.7   5.3 -99.0  15.4  20.0  19.0  13.8   8.2   3.8  -6.4 
1864  -6.5  -4.7  -0.6   5.1  14.2  17.6  20.7 -99.0  12.8   6.7   2.4  -4.9 
1865  -7.7  -6.9   0.6   7.6  14.1  20.2 -99.0 -99.0  16.3   5.9   2.8 -99.0 
1866 -99.0 -99.0  -2.8   7.3 -99.0  19.2 -99.0 -99.0  13.2   7.3   2.9  -5.8 
1867 -11.5  -3.2  -1.9 -99.0  11.1  18.7 -99.0 -99.0  13.7   7.4  -0.4  -9.7 
1868 -99.0 -11.2  -2.1   3.3  12.5  17.5 -99.0 -99.0  13.7   5.9  -0.6  -8.2 
1869  -8.2  -6.1  -6.3   5.1  12.3  16.4 -99.0 -99.0  16.0   6.3  -0.4  -4.7 
1870  -3.6  -7.1  -3.8   6.9  12.8  20.3  21.7  19.6  15.2   8.7   1.6  -4.4 
1871  -8.9  -6.5   1.9   6.2  12.3  16.8  18.6 -99.0  12.1   8.6  -2.2  -7.0 
1872  -8.0  -9.7  -7.2   5.6  13.5  18.3  20.6  20.0  15.1   6.9   0.1 -12.1 
1873 -10.4  -8.8  -4.6   4.7  12.6  19.1 -99.0 -99.0  13.9   7.9  -4.0  -5.5 
1874  -5.3  -7.6  -2.1   0.9  12.6  17.3  20.2  16.9  15.3   8.6   0.3  -5.9 
1875 -13.1 -11.6  -4.9   2.9  12.2  16.9  18.7  19.2  12.6   6.4  -3.1  -6.0 
1876  -5.0  -6.8  -3.3   4.2  12.2  19.7 -99.0  19.3  12.0   5.7   2.5 -10.4 
1877 -11.8  -4.1  -1.6   8.0  12.7  18.1  19.1  19.4  15.1   7.6   2.9  -2.8 
1878  -8.0  -6.8   0.8   8.2  13.2  16.6  21.6  20.7  15.6  10.2   1.2  -5.1 
1879 -10.3  -8.6  -3.2   3.6  15.2  17.2  19.9  17.6  13.5  11.4   0.7  -5.3 
1880  -3.8  -5.2  -2.4   7.0  16.7  18.4  20.1  17.9  15.7   7.3  -1.3  -8.1 
1881 -12.5  -7.1   0.2   2.8  14.9  15.7  20.4  20.6  17.2   8.3   1.7  -0.8 
1882  -8.3  -5.7  -1.7   3.7  10.1  17.7  20.4  19.6  15.0   9.4   0.1  -6.6 
1883 -10.4  -7.7  -6.7   4.2  12.6  19.5  20.0  19.2  13.4   6.4   2.5  -6.4 
1884 -10.6  -4.1  -2.7   5.8  12.4  18.9  18.6  19.2  16.3   8.4   0.9  -4.9 
1885  -6.2 -11.8  -7.2   5.7  12.3  17.5  19.9  14.4  13.2   7.7   1.4  -4.7 
1886  -8.8  -8.3  -1.6   8.2  12.3  16.7  18.9  17.2  13.9   7.9   1.2  -8.1 
1887  -8.5  -7.1  -4.5   3.0  15.8  17.6  21.4  16.6  11.8   7.2   0.4  -5.3 
1888 -14.0  -8.2  -4.3   2.8  11.9  17.5  18.6  17.6  13.4   4.8   1.8  -3.2 
1889  -4.4 -10.4  -0.7   7.4  13.9  17.8  18.9  16.5  14.6   5.4   2.2  -3.1 
1890  -5.3  -5.2  -3.1   4.1  11.9  16.1  18.5  17.3  14.3   7.0   0.0 -11.1 
1891  -6.8  -5.5  -2.7   6.1  11.4  16.5  18.0  17.8  16.2   6.3   0.5  -0.8 
1892 -99.0  -5.7  -2.5 -99.0  10.4 -99.0  18.8  17.9  13.2   7.5   1.3  -7.1 
1893 -12.1  -8.1  -3.2   3.2  11.7  19.0  18.2  18.4  11.7   9.7   1.5  -7.7 
1894  -6.4  -7.6   2.1   7.4  12.9  18.2  20.5  16.6  15.4   9.1  -0.3  -4.9 
1895  -8.2  -9.4  -3.2   5.6  14.4  18.8  18.3  17.9  15.8   5.9   2.5  -3.1 
1896  -8.4  -6.2  -4.2   6.8  14.8  16.4  20.7  18.9  14.1   6.9   3.3  -6.1 
1897  -7.1  -6.5  -1.6   6.1  12.2  15.3  22.0  17.6  13.7   7.9   0.3  -4.4 
1898  -9.2  -4.6   2.2   5.0  12.8  18.4  20.8  19.8  16.1   9.3   0.8  -5.8 
1899  -8.8  -8.0  -3.5   5.5  12.7  18.0  19.4  18.6  13.7   9.9   0.9  -2.6 
1900  -8.3  -7.5  -4.9   5.6  11.0  17.9  20.0  19.3  16.1  11.5   2.8  -7.1 
1901  -8.4  -9.9  -2.3   7.7  12.9  18.3  21.0  19.2  15.4   9.0  -1.5  -5.1 
1902  -9.1  -6.9   2.7   7.1  11.7  15.2  18.1  16.8  14.7   7.7   3.7  -7.6 
1903  -7.8  -4.0   4.6   6.6  14.1  15.3  18.8  15.2  15.4   8.5  -0.4  -8.1 
1904 -13.2 -10.7  -2.5   4.5  15.1  17.2  19.4  17.6  13.5   6.3  -1.9 -10.6 
1905 -10.4 -10.7  -2.0   5.3  12.5  16.2  20.2  17.7  14.7   8.3   0.3  -4.5 
1906  -4.0  -7.6  -4.5   5.2  12.1  17.5  20.2  20.6  16.0   9.5   0.8  -9.1 
1907  -9.8 -10.9  -0.8   3.7   9.5  17.0  20.0  17.7  15.0   6.0   1.0  -3.0 
1908  -6.9  -9.8  -1.3   4.5  14.3  17.7  21.5  18.0  16.6   9.7   1.4  -6.0 
1909  -7.3  -6.1  -2.4   5.0  12.0  17.2  18.5  18.0  14.5   7.5   3.5  -6.3 
1910  -6.6  -8.1   2.0   8.7  12.3  16.0  20.5  17.8  14.7   8.9   0.9  -9.9 
1911  -6.2  -8.7  -3.5   4.2  16.0  15.7  21.2  18.5  13.2   7.2   0.6  -1.2 
1912 -13.3  -8.8  -4.0   5.4  12.9  15.6  20.1  16.8  14.4   9.6   2.8  -1.8 
1913  -2.3  -7.6   1.6   7.6  11.5  16.6  20.0  18.8  14.0  11.5   3.6  -4.1 
1914  -9.7 -11.5  -1.3   3.6  13.4  16.2  18.8  19.0  14.5  10.9   0.1  -7.0 
1915  -6.0  -3.9  -2.3   9.0  10.4  16.4  19.5  18.2  17.0   9.8   3.0  -4.2 
1916  -6.1  -7.8  -5.0   5.8  12.5  15.2  21.7  20.1  14.5   8.9   0.4  -6.0 
1917  -8.1  -9.4  -1.5   4.2   8.3  16.8  20.9  20.8  13.6   7.1  -1.2 -12.5 
1918 -13.6  -9.6  -1.7   6.1  15.6  15.0  20.0  19.2  12.9   9.9   2.5  -3.5 
1919  -5.3  -5.7   1.0   6.0  12.9  18.6  20.7  17.2  14.6   8.1   1.4  -8.9 
1920 -13.4  -7.9  -0.7   4.1  11.3  16.6  18.8  20.1  15.9  12.0   0.2  -3.9 
1921  -6.3  -4.9   3.6   9.8  13.3  17.2  22.7  18.1  16.7   8.2   0.5  -6.9 
1922 -10.2  -6.7  -0.7   5.7  13.5  17.9  19.5  19.0  15.6   8.6   2.1  -6.7 
1923 -10.3 -11.3  -4.1   5.2  11.1  17.7  18.3  17.6  15.6   8.2   2.2  -1.4 
1924  -6.5 -10.1   0.0   5.1  10.7  16.1  19.5  18.5  13.6   8.5   2.8  -7.4 
1925 -10.8  -3.3   1.5   6.9  10.7  18.2  18.6  18.1  14.6   4.7   1.9  -4.8 
1926  -7.0  -8.8  -4.8   2.7  11.4  14.9  19.0  18.7  14.5   7.4   1.8  -8.8 
1927  -7.6  -4.9   0.9   6.0  10.9  14.9  20.0  17.0  15.0  10.4   4.7  -4.0 
1928  -5.7  -6.3  -1.9   4.6  11.8  15.5  20.2  20.4  13.2   9.2   2.5  -1.9 
1929  -8.1  -6.7   0.4   5.8  13.0  17.6  19.0  16.9  15.7   7.7   1.9  -5.5 
1930  -6.6  -5.4  -0.7   5.2  13.5  19.4  19.3  17.7  16.6   8.2   2.6  -4.3 
1931  -8.3  -6.2   0.7   7.1  12.9  17.0  21.6  18.4  16.5   9.7   4.8  -4.1 
1932  -1.4  -5.7  -2.8   5.0  12.8  16.6  18.4  19.5  15.4  10.1   0.7  -2.9 
1933  -1.9  -4.0  -2.2   6.0  13.8  18.4  20.5  18.8  15.7   7.8  -1.6  -8.9 
1934  -7.3 -13.7  -2.5   6.8  13.4  17.9  20.6  16.8  17.3   6.9   3.8  -6.9 
1935 -11.1  -7.7  -0.9   5.6  10.4  17.3  21.1  19.2  13.2   8.4   4.2  -7.4 
1936  -8.9 -10.8   3.0   5.1  14.4  17.6  18.8  18.3  15.6   8.5  -0.5  -3.9 
1937  -2.7  -4.0  -3.9   5.0  13.5  17.4  20.7  21.6  14.7   7.9   2.0  -6.3 
1938  -8.8  -5.1   0.3   7.8  12.0  18.5  20.4  20.5  13.1  10.0   2.3  -4.3 
1939  -8.6  -6.6  -4.2   3.6  12.8  17.5  20.3  21.0  15.1   8.3   0.1  -5.2 
1940 -11.3  -7.1  -2.9   3.6  13.1  16.6  19.9  18.1  14.2   6.5   1.8  -5.4 
1941  -9.7  -6.5  -3.7   9.5  13.0  18.2  20.5  16.9  15.4   7.7   3.6  -4.1 
1942  -7.5  -8.3   1.7   7.6  14.6  17.3  19.3  18.4  15.0   9.2   0.8  -7.3 
1943 -10.7  -6.7  -2.6   2.6  11.9  18.5  19.6  17.7  13.6   8.8   0.8  -8.6 
1944  -7.6  -8.2  -3.8   3.6  15.3  17.1  20.3  20.5  15.8   7.5   1.4  -7.2 
1945 -11.4  -6.0   4.1   8.7  10.6  17.1  19.7  18.7  16.1   7.4   2.2  -8.3 
1946  -8.4  -9.2   4.7   5.4  11.7  16.9  19.2  17.0  16.2  10.1   3.6  -4.6 
1947  -6.7  -7.6  -1.5   4.5  11.8  16.2  21.2  20.6  15.4  12.1   0.0  -8.1 
1948 -11.0  -9.5  -1.4   6.6  11.2  16.3  19.7  19.3  15.1   7.8   5.2  -2.7 
1949  -3.5  -4.3   0.4   7.4  13.2  20.1  21.7  19.9  13.9  10.7   0.8  -3.4 
1950  -4.0  -8.6  -4.1   4.3  12.6  17.1  19.0  17.9  12.2   9.6   4.3  -3.4 
1951  -5.5  -4.1  -0.2   7.1  13.0  16.7  20.0  18.3  14.7   9.1  -0.3  -5.2 
1952  -6.0  -4.7  -0.7   7.4  10.8  18.0  21.6  19.4  15.9   7.0   2.5  -3.2 
1953  -4.6  -4.1   0.9   6.7  13.9  18.5  20.9  18.7  15.4   9.5   4.5  -0.8 
1954  -9.6  -2.9  -0.9   6.9  11.5  17.3  18.7  17.2  13.7  10.8   2.8  -4.2 
1955  -8.6  -5.1  -1.3   7.4  14.8  17.6  22.2  20.7  14.5   9.1   1.3  -8.9 
1956  -5.4  -4.7  -3.9   3.8   9.9  17.5  18.4  18.0  12.8   9.0   3.3  -3.2 
1957 -11.4  -3.7   0.3   7.8  12.6  19.1  19.3  17.2  16.1   9.1   4.0  -1.2 
1958  -6.3  -9.0   1.6   7.2  11.0  14.4  19.7  19.0  14.9   7.8   2.7 -10.0 
1959  -7.7  -9.3  -1.4   7.0  14.8  17.2  21.3  20.5  16.9   8.8   2.5  -2.6 
1960  -6.8  -3.1  -3.8   6.9  15.1  17.4  18.9  19.1  15.7   7.6   3.7  -7.4 
1961 -11.6  -5.6  -0.7   5.1  11.5  17.4  20.0  19.3  19.3  10.4   2.8  -4.1 
1962  -7.8  -8.6   0.1   6.5  12.4  18.1  18.5  18.9  14.1   8.2   0.5  -7.1 
1963  -7.7  -9.5  -0.3   5.7  12.4  18.1  21.2  17.7  13.3  11.5   5.0  -9.8 
1964  -6.6  -7.0   0.4   5.6  14.8  17.4  21.1  16.6  13.7   7.8   1.9  -4.8 
1965  -9.4  -7.3  -1.2   5.0  14.3  16.9  18.7  19.3  15.4   7.9   0.7  -3.4 
1966  -7.7  -6.0   0.2   5.1  10.9  17.8  19.7  18.9  13.4   7.9   4.1  -4.5 
1967  -4.8  -9.5  -3.5   4.4   9.1  19.4  20.8  19.3  14.9   9.4  -0.4  -3.9 
1968 -11.6  -9.8   0.7   8.4  11.5  16.6  20.8  18.1  16.7  10.2   0.7  -7.0 
1969  -7.6  -5.4  -1.7   6.8  12.0  17.9  19.3  20.2  15.7   8.7   3.1  -5.4 
1970 -13.8  -6.1  -1.2   6.4  14.0  17.7  21.2  20.1  15.3  10.5   3.7  -7.8 
1971 -11.4  -5.4  -2.1   4.2  12.5  18.1  20.1  19.0  17.2  11.8  -0.2  -4.2 
1972  -7.2  -7.7  -2.0   3.4  13.6  17.2  20.5  18.4  14.9   6.5   0.3  -4.9 
1973  -6.1  -6.8   3.2   7.2  11.9  18.6  21.3  21.4  14.6   8.8   2.1  -2.8 
1974  -6.0  -7.4  -1.4   7.4  10.6  17.6  20.2  19.6  14.2   5.1   1.8  -3.3 
1975  -5.7  -6.5  -2.4   3.4  16.3  17.8  21.9  19.4  13.7   9.4   5.0  -6.0 
1976 -10.6  -3.3   0.2   8.2  12.1  20.5  18.6  18.7  13.8   6.8   0.3  -8.7 
1977 -11.1  -5.5   3.4   7.1  15.1  16.7  19.8  19.2  14.8   8.2   4.0  -5.5 
1978  -8.5 -10.4  -2.5   4.3  14.6  17.4  20.3  19.3  13.6   8.1   1.7  -5.6 
1979  -7.0 -11.0 -99.0 -99.0  14.1  18.4 -99.0  19.2 -99.0   7.8   5.0  -2.6 
1980  -6.1  -7.7  -0.4   6.8  13.9  16.1  21.5  21.1  16.1   7.6   0.5  -8.0 
1981 -10.8 -99.0   1.7   8.6  14.6  18.5  21.0  19.1  15.4   6.5   3.3  -3.7 
1982 -11.6  -6.1  -0.6   5.6  14.6  16.9  20.6  18.5  15.6   7.4   4.8  -1.4 
1983  -6.2  -4.5   1.2   7.1  12.9  19.3  21.1  19.7  17.1   8.4   2.6  -4.6 
1984  -9.4  -1.2  -3.8   7.2  11.5  18.7  20.0  20.6  14.6   9.6   2.5  -2.0 
1985 -10.1  -4.5   1.6   7.7  14.0  16.7  21.3  19.4  16.5   9.2   2.7  -7.1 
1986  -7.7  -7.3   0.6   9.7  14.8  16.6  19.9  19.0  14.6   8.2   1.0  -3.0 
1987  -7.6  -7.5   1.7   9.4  14.5  17.6  21.7  18.8  15.6   7.5   1.5  -2.4 
1988  -7.7  -5.2  -0.2   6.7  14.6  16.6  22.5  21.5  14.8   7.1   2.3  -5.9 
1989  -5.3  -5.7  -0.9   5.2  15.2  18.7  21.5  19.4  15.9   8.9 -99.0 -13.8 
1990  -2.1  -5.1   1.5   6.6  12.1  18.6  21.3  21.1  15.5  10.7   3.1  -1.7 
