Number= 720395
Name= LENOIR--------------
Country= USA---------
Lat=   35.9
Long=   81.5
Height= 365
Start year= 1871
End year= 1990
First Good year= 1871
Source ID= 30
Source file= New
Normals source= Data
Normals source start year= 1961
Normals source end year= 1990
Normals=   2.8   4.6   9.4  14.1  18.5  22.7  24.6  24.1  20.5  14.7   9.6   4.7 
Standard deviations source= Data
Standard deviations source start year= 1941
Standard deviations source end year= 1990
Standard deviations=   2.6   2.3   2.2   1.2   1.4   1.2   1.0   0.8   1.1   1.6   1.5   2.0 
Obs:
1871 -99.0 -99.0 -99.0 -99.0 -99.0 -99.0 -99.0  24.8  19.1  18.0 -99.0 -99.0 
1872   1.1   3.8   5.7  15.1  20.2  22.5  25.3  24.4  20.8  13.3   5.5   0.6 
1873   1.8   4.4   7.2  13.9  18.7  22.4  24.7  24.0  20.7  12.5   6.9   4.7 
1874   4.3   5.1   9.9  12.2  18.5  24.6  24.2  22.1  20.3  10.0   8.5   4.3 
1875   0.2  -0.9   8.9  13.1  18.7  23.0  25.2  23.1  19.2  12.1   9.2   5.0 
1876   6.2   6.6   8.0  13.8  16.8  22.6  26.1 -99.0 -99.0  11.9   8.2  -1.6 
1877   2.2   5.7   2.3  15.8  16.6  21.8  26.1  25.7  17.7  13.6   8.2   0.1 
1878   1.7   3.7  11.5  14.7  18.3  22.2  25.2  24.7  14.0  20.2  10.5   3.2 
1879   1.9   6.4  10.8  13.2  19.2  23.6 -99.0  23.1  21.8  15.6   9.4   6.8 
1880   7.8   0.8  10.3  13.4  19.9  24.5  25.0  23.8  19.2  14.5   6.1   1.7 
1881   0.6   3.3   6.7  13.1  19.8  23.5  25.6  24.7  15.1  19.2   9.1   6.1 
1882   4.2   7.2   9.7  15.3  17.3  22.2  23.5  22.8  21.8  19.6   8.2   0.8 
1883   1.1   7.2   7.0  14.8  16.8  23.3  24.9  23.8  20.6  14.8   9.6   4.5 
1884  -0.9   7.2  10.2  12.2  18.6  20.7  22.2  23.7  22.9  19.1   9.2   5.1 
1885   3.3   0.4   5.1  15.6  19.6  23.4  24.7  24.7  20.0  13.0   7.1   3.3 
1886   1.1   1.9   8.0  14.4  19.5  21.8  23.7  23.6  22.0  15.6   8.2   1.9 
1887  -0.9   8.1 -99.0  16.2  20.5  22.3 -99.0  22.2  19.8  13.4   7.1   3.2 
1888   3.1   6.4   7.9  15.1  18.1  23.2  25.8  23.7  18.8  12.4  10.4   2.8 
1889   3.4   2.2   9.3  15.4  18.3  21.3  24.1  22.1  19.9  13.4   9.5   9.4 
1890   8.1   9.4   7.5  14.9  18.9  24.0  23.5  21.8  21.2  13.9  11.0   3.8 
1891   2.8   6.9   5.8  14.1  17.8  23.9  22.9  23.6  21.3  12.7   7.0   5.2 
1892   1.4   4.9   7.1  12.1  18.8  23.7  23.7  23.9  19.8  13.7   7.0   2.6 
1893  -3.3   5.0   7.7  15.1  18.2  22.7  25.7  23.2  20.5  15.0   7.5   4.2 
1894   4.7   4.1  10.8  13.4  19.0  23.4  24.5  23.4  22.1  14.8   7.9   3.4 
1895   1.1  -1.4   7.8  13.1  19.2  24.0  24.4  24.2  23.2  12.3   9.8   3.7 
1896   1.5   3.8   6.9  16.2  22.7  23.1  24.6  24.8  19.8  13.9  11.8   3.3 
1897   1.0   5.3   9.8  13.1  18.3  23.5  25.1  23.0  21.5  16.6   8.8   4.5 
1898   3.9   2.1  11.0  11.6  20.9  24.3  24.9  24.6  22.3  15.2   7.8   3.4 
1899   2.3   1.0   7.8  12.6  20.7  24.7  25.6  25.6  20.3  16.0   9.7 -99.0 
1900 -99.0 -99.0 -99.0 -99.0 -99.0 -99.0 -99.0 -99.0 -99.0 -99.0   9.7   3.7 
1901   3.4   3.3   7.4  11.3  19.9 -99.0  25.7  23.9  19.8  14.0   5.8   1.0 
1902   3.3   1.5   8.6  10.9  20.8  21.4  23.9  23.6  19.3  15.0  12.1   4.0 
1903   3.1   5.3  11.8  12.0  19.8  20.3  24.0  23.8  19.9 -99.0   7.5   3.3 
1904   0.9   3.2   8.5  10.2  17.8  21.9  23.8  24.2  20.7  13.6   9.2   4.4 
1905   1.8   0.9  10.1  14.2  20.6 -99.0  23.6  22.9  22.6  15.5   8.4   4.7 
1906   6.9 -99.0   6.6  15.0  19.3 -99.0  24.5  25.0  24.7  14.5  10.4   4.5 
1907   8.2   4.1  12.4  11.2  18.1 -99.0 -99.0  23.7  22.2  12.5   8.9   5.0 
1908   3.1   3.9  11.8  16.0  19.3  24.2 -99.0 -99.0 -99.0  13.4   9.3   5.3 
1909   5.3   6.7   7.8  13.8  17.3  23.1  22.7  22.5  18.6  11.7  10.4   1.0 
1910   2.0   2.1  11.3  13.6  16.7  20.7  25.2  23.4  21.7  15.4   5.3   0.4 
1911   4.8   6.7   7.6  11.0  19.3  23.8  24.1  24.6  23.0  15.4   5.9   4.9 
1912  -0.7   2.1   7.3  14.5  18.6  21.7  23.8  23.1 -99.0 -99.0 -99.0 -99.0 
1913 -99.0 -99.0 -99.0  13.4  19.6  22.4 -99.0 -99.0 -99.0 -99.0 -99.0   5.1 
1914   4.3   2.7   6.1  14.2 -99.0 -99.0 -99.0 -99.0 -99.0 -99.0   7.3   2.4 
1915   3.1   5.5   4.2  14.0  19.5  20.4  23.9  22.4  21.2  15.5   9.0 -99.0 
1916 -99.0 -99.0 -99.0 -99.0 -99.0 -99.0 -99.0 -99.0  20.4  15.1   9.9   4.1 
1917   6.5   5.4   8.5  15.4  15.9  22.8  25.1  23.9  20.6  12.5   8.1  -0.6 
1918  -1.0   7.5  11.5  12.2  20.9  23.4  23.6  25.0  19.3  17.0   9.0   7.6 
1919   5.5   4.9   9.9  13.7  19.4  23.4  25.4  23.9  21.4  20.2  10.7   4.7 
1920   3.9   4.1   7.7  13.0  17.5  22.5  24.3  23.7  22.3  15.7   8.6   5.5 
1921   4.8   6.7  13.3  14.7  17.9  24.5  25.7  23.5  25.0  14.8  11.6   7.1 
1922   4.4   9.2  10.3  15.0  19.5  23.9  25.5  22.9  22.4  15.6   9.3   7.3 
1923   5.9   5.3   9.4  12.8  18.0  23.9  24.5  24.7  22.4  15.0   8.9   8.9 
1924   2.5   4.3   6.9  13.6  17.0  24.3  24.1  24.8  19.4  14.8   9.7   5.2 
1925   4.4   9.1  10.3  15.9  17.4  25.2  26.4  23.8  25.4  14.5   8.1   4.9 
1926   3.4   7.2   5.7  13.2  19.5  22.6  25.6  25.8  24.0  16.3   6.9   5.6 
1927   5.0  10.3  10.0  14.6  19.7  22.3  24.7  22.9  22.1  16.4  11.1   6.1 
1928   4.0   4.8   8.9  12.3  18.1  21.9  25.4  25.4  19.6  16.5   9.5   4.0 
1929   4.3   4.3  10.8  15.2  18.4  22.5  23.9  24.1  20.6  13.6   9.9   5.0 
1930   5.2   7.9   7.9  14.8  19.7  22.6  26.5  23.8  23.1  13.3   7.5   1.8 
1931   4.8   6.6   6.6  13.1  17.7  22.9 -99.0  24.3  23.7  16.2  12.7   9.1 
1932   9.1   9.9   8.1  14.1  18.3  24.0  26.4  24.7  21.1  15.1   8.4   6.3 
1933   8.6   5.7   9.3  13.6  21.9  25.8  25.5  24.3  23.2  15.7   9.7   8.9 
1934   6.4   2.7   7.9  13.5  18.5  23.6  25.9  24.9  22.1  15.1   9.9   5.6 
1935   4.9   5.0  10.1 -99.0  17.3  22.6  25.4  24.8  22.0  15.7  11.4 -99.0 
1936 -99.0   3.3   8.9  11.9  18.7 -99.0  26.9  25.1  22.7  16.4   9.2   6.2 
1937   9.4   5.3   8.9  13.7  18.7  24.9  25.0  25.4  20.4  13.4   8.2   4.7 
1938   4.6   8.4  12.9  14.6  19.6  22.4  25.0  25.8  21.9  15.6  11.1   4.7 
1939   5.5   7.8  11.4  13.7  18.8  25.4  25.0  24.4  22.5  16.9   8.1   5.4 
1940  -1.7   4.9   7.4  13.6  18.3  23.0  23.8  22.9  19.1  14.3   8.1   5.6 
1941   2.8   1.8   5.4  14.7  18.6  22.7  24.4  24.1  21.5  16.9   7.8   5.0 
1942   2.4   1.8   8.8  14.2  17.9  22.8  27.0  24.4  21.1  15.7  10.3   3.9 
1943   5.2   6.0   7.9  13.1  20.0  26.0  25.2  25.7  20.1  15.0   8.5   5.2 
1944   4.7   7.5   9.1  13.9  20.8  24.7  24.5  24.0  22.1 -99.0   8.0   2.4 
1945   4.0   6.3  14.4  15.6  17.2  23.4  24.9  24.2  22.7  14.1  10.3   1.3 
1946   4.8   6.1  12.8  15.1  17.5  22.9  24.5  23.4  20.0  13.1   9.4   4.9 
1947   5.0  -0.4   3.5  14.0  16.5  21.1  21.4  23.4  19.4 -99.0   7.2   4.9 
1948   1.6   6.3  12.0  16.3  19.0  23.5  25.6  24.2  20.5  14.0  11.9   8.0 
1949  10.2   9.8  10.9  14.0  19.3  23.5  25.8  23.8  19.0  18.1  10.7   8.1 
1950  12.1   8.1   8.5  13.8  20.4  23.6  24.5  24.1  20.6  17.5   8.1   2.5 
1951   4.1   5.8   9.5  12.8  18.9  23.9  25.4  25.6  22.0  16.8   6.8   4.9 
1952   7.7   6.8   9.3  14.3  19.0  26.0  25.9  24.1  20.1  13.1   9.2   4.3 
1953   6.0   6.7  10.1  13.9  21.5  24.3  25.2  24.8  20.2  16.1   9.2   4.0 
1954   4.5   7.5   9.0  16.4  15.9  23.3  26.5  25.8  22.8  16.0   7.5   3.6 
1955   4.1   5.3  10.9  16.1  19.8  20.8  25.6  25.7  22.0  15.1   8.1   3.1 
1956   3.0   7.1   9.0  12.9  19.2  23.2  25.0  25.2  19.6  16.0   8.6   9.8 
1957   4.7   7.8   8.3  15.3  19.7  24.0  24.7  24.0  21.3  12.5   9.5   5.3 
1958   1.0   1.0   6.9  13.9  19.2  23.2  25.2  24.7  20.6  14.2  11.1   2.7 
1959   3.1   5.4   7.3  14.6  19.7  22.5  24.4  24.7  19.9  14.2   7.6   5.1 
1960   4.8   3.8   2.2  15.4  17.5  22.6  24.5  24.7  21.2  15.7   9.3   2.2 
1961   2.1   6.5  10.6  11.4  16.8  22.0  23.8  23.8  21.5  14.6  11.4   4.5 
1962   3.7   7.3   7.9  12.6  21.5  22.8  24.6  24.2  19.9  15.9   8.5   2.8 
1963   2.4   1.9  11.5  15.6  17.7  22.8  23.7  24.2  20.3  16.0   9.8   0.4 
1964   3.8   3.1   8.9  14.0  19.5  24.3  24.5  23.7  20.4  13.1  11.7   5.7 
1965   4.2   5.0   7.4  15.4  21.0  21.7  24.9  24.1  21.2  14.2   9.8   6.3 
1966   1.8   4.1   9.1  13.1  18.9  22.6  25.6  24.1  20.2  14.2  10.0   4.9 
1967   5.3   2.7  11.7  16.3  17.1  22.2  23.3  23.0  18.0  14.0   7.4   6.4 
1968   1.7   1.7   9.7  14.6  17.6  23.3  25.1  25.7  19.8  15.0  10.1   3.0 
1969   2.3   4.5   6.2  14.8  18.3  23.0  24.9  22.9  19.5  14.0   7.7   3.1 
1970   0.3   4.6   8.7  15.2  19.0  22.8  25.3  24.1  21.6  16.0   8.0   6.9 
1971   3.4   3.8   7.4  14.1  17.6  24.0  23.9  23.4  21.7  17.3   9.8   8.3 
1972   5.0   3.0   8.5  14.4  16.5  20.2  23.1  22.9  20.0  13.0   6.9   6.3 
1973   3.0   3.1  10.5  11.8  16.1  21.6  24.2  24.0  21.6  16.0  11.0   4.6 
1974   8.5   5.8  11.9  14.8  19.4  21.0  23.8  23.0  18.2  13.7   9.2   4.7 
1975   5.8   6.3   8.2  14.0  19.6  21.9  23.5  23.7  20.1  16.0  10.0   4.0 
1976   1.5   8.7  11.2  14.5  17.6  22.3 -99.0  23.5  19.3  12.2   5.5   3.0 
1977  -2.9   4.1  11.3  15.4  19.5  22.4  25.7  24.7  21.5  13.7  10.2   3.2 
1978  -1.2   1.0   8.0  14.5  18.1  22.9  24.7  24.5  22.4  14.2  11.0   4.7 
1979   1.2   1.9  10.5  14.0  18.8  21.3  23.0  23.9  20.5  14.1  10.5   5.1 
1980   4.5   2.5   7.6  13.9  18.6  22.3  25.8  25.5  22.5  13.8   8.4   4.8 
1981   0.9   4.3   7.5  15.9  17.4  24.9  25.5  23.5  19.8  13.5   9.1   2.2 
1982   0.8   6.3  10.1  12.6  20.6  22.9  24.8  23.5  19.7  14.7   9.7   7.0 
1983   2.7   4.2   9.7  11.7  17.7  22.1  25.3  25.7  20.4  14.7   9.2   2.2 
1984   2.2   6.3   8.2  12.0  17.5  23.2  23.5  24.0  19.5  18.8   7.9   9.1 
1985   0.4   4.7  10.9  15.3  19.1  22.9  23.6  23.4  20.4  17.2  13.9   3.3 
1986   3.0   6.8   9.5  15.9  19.0  24.8  26.6  23.7  21.7  15.9  10.4   4.7 
1987   3.1   4.2   9.1  12.9  20.7  23.6  26.2  25.9  21.0  11.9  10.2   5.9 
1988   0.8   4.3   9.1  14.2  18.1  22.8  25.1  26.0  20.3  11.7   9.3   4.7 
1989   5.8   5.5  10.2  13.8  17.3  23.4  24.8  23.8  20.5  15.5   9.3   0.9 
1990   6.8   8.5  11.8  13.7  19.3  23.2  25.3  24.6  21.4  15.8  11.2   7.6 
