Number= 720356
Name= MOORESTOWN----------
Country= USA---------
Lat=   40.0
Long=   75.0
Height= 13
Start year= 1863
End year= 1990
First Good year= 1863
Source ID= 30
Source file= New
Normals source= Data
Normals source start year= 1961
Normals source end year= 1990
Normals=  -0.9   0.3   5.6  10.8  16.4  21.4  23.9  23.1  19.2  13.1   7.3   1.5 
Standard deviations source= Data
Standard deviations source start year= 1941
Standard deviations source end year= 1990
Standard deviations=   2.4   2.1   1.9   1.4   1.5   1.2   1.1   1.1   1.2   1.6   1.3   2.3 
Obs:
1863 -99.0 -99.0 -99.0   9.8  18.8  21.7  26.0  26.3  16.8  11.7   6.9   0.1 
1864  -1.7   0.1   2.8   9.1  18.1  20.8  23.8  24.5  17.3  10.8   5.8   0.2 
1865  -5.0  -1.6   7.2  12.8  16.2  23.2  23.6  22.1  20.9  11.0   5.9   1.7 
1866  -2.6  -0.1   3.8  11.6  15.0  21.7  25.7  21.2  19.6  12.7   7.0  -0.3 
1867  -5.4   2.9   2.0  10.7  13.8  20.6  22.8  22.3  18.7  13.1   7.2  -1.9 
1868  -2.9  -5.0   3.4   7.8  13.6  20.5  25.8  22.9  18.5  10.8   6.1  -1.6 
1869   1.1   1.5   2.5  10.9  14.5  21.2  23.0  22.3  18.7   9.3   3.7   1.2 
1870   3.5   0.2   1.9  10.2  16.4  22.9  24.9  23.6  19.3  13.3   6.3   0.9 
1871  -1.5  -0.4   7.4  12.3  16.6  21.1  22.4  23.2  15.9  11.9   3.9  -1.8 
1872  -1.8  -1.2  -0.3  10.8  18.0  22.7  25.2  23.9  18.9  11.2   3.8  -3.1 
1873  -2.6  -2.1   2.4   8.8  15.2  21.6  24.6  21.9  18.2  11.8   2.3   2.6 
1874   2.1  -0.3   4.4   5.9  15.6  22.7  24.4  21.7  19.6  12.1   5.4   0.5 
1875  -4.6  -3.5   1.3   7.4  16.7  21.7  23.1  21.9  16.9  11.1   3.4   1.2 
1876   2.5   0.5   2.8   9.2  15.6  22.9  25.9  22.7  16.9   9.3   6.4  -4.5 
1877  -3.2   1.6   3.4   9.7  15.6  21.6  23.9  23.2  18.3  13.2   7.2   3.7 
1878  -0.1   1.7   7.3  12.5  15.4  19.1  24.4  22.2  19.2  13.3   6.1   0.1 
1879  -2.9  -2.2   4.1   8.7  16.7  21.3  23.9  22.8  18.1  15.3   5.9   2.7 
1880   3.7   2.6   3.4  10.5  20.0  22.5  23.6  21.9  18.7  11.1   3.0  -3.1 
1881  -4.5  -2.1   3.2   8.1  17.2  19.1  23.8  22.3  23.1  14.8   7.3   4.3 
1882  -1.1   1.3   4.4   8.3  12.4  21.1  23.8  21.8  19.0  14.2   3.9  -0.5 
1883  -3.4  -0.2   0.8   8.2  15.3  21.9  23.3  20.1  16.8  11.0   5.9   0.0 
1884  -3.6   2.6   3.7   8.8  15.8  20.9  22.3  21.9  20.4  13.0   5.1   0.6 
1885  -1.7  -5.8  -1.3   9.5  15.1  20.7  23.8  21.2  16.9  11.1   6.1   1.4 
1886  -3.4  -2.5   3.1  10.5  14.7  19.1  22.2  21.2  19.0  12.2   6.1  -2.1 
1887  -2.0   1.3   1.2   8.5  17.7  20.3  24.9  21.3  16.4  11.2   5.2   0.8 
1888  -3.7   0.1   0.5   8.9  15.0  21.3  21.4  22.3  17.2   9.2   7.4   1.3 
1889   1.9  -2.8   4.3  10.6  16.7  20.6  22.6  21.1  17.6   9.9   7.1   5.0 
1890   4.5   4.1   2.9   9.8  15.7  21.8  22.3  21.6  18.3  12.0   6.4  -0.9 
1891   1.1   3.3   2.6  11.1  15.2  20.1  20.0  21.2  19.0  10.5   4.6   4.8 
1892  -1.8   0.8   0.5   9.1  15.2  21.5  22.5  21.5  16.2  10.3   4.0  -1.4 
1893  -6.2  -1.3   2.8   9.7  14.9  20.5  22.5  22.0  16.7  12.4   5.0   1.1 
1894   1.4  -1.1   7.2   9.5  16.4  20.7  23.9  20.6  19.5  12.8   4.0   1.6 
1895  -1.6  -4.9   3.1  10.2  16.1  21.9  20.8  23.7  21.5  10.2   7.1   3.3 
1896  -1.5   0.4   1.6  12.4  19.1  20.3  24.2  23.3  18.6  10.7   9.2  -0.3 
1897  -1.4   0.6   5.2  10.4  15.8  18.4  23.6  21.2  18.3  12.9   6.3   2.0 
1898   0.6   1.3   8.0   8.9  15.2  20.9  24.0  23.3  20.2  13.3   5.5   1.0 
1899  -1.4  -4.3   3.6  10.1  16.1  21.8  23.0  21.7  17.4  12.9   5.9   1.7 
1900   0.1  -0.2   2.1  10.6  15.9  21.8  24.5  24.8  21.0  15.6   8.8   0.9 
1901  -0.3  -3.6   4.8   9.1  14.8  21.2  25.3  23.7  19.4  12.7   3.8   0.3 
1902  -1.6  -2.6   6.9  10.2  15.7  20.0  23.0  21.3  18.1  13.2   9.8   0.2 
1903  -0.5   1.1   8.8  10.4  17.4  18.2  22.8  20.5  18.2  13.4   4.7  -1.4 
1904  -4.7  -3.9   3.1   8.5  17.0  20.4  22.3  21.6  18.3  10.9   4.4  -3.1 
1905  -2.7  -4.7   4.5  10.0  16.3  20.3  23.8  21.9  18.4  13.0   5.4   2.2 
1906   2.5  -0.2   1.4  10.8  16.2  21.8  23.1  23.8  20.1  12.3   6.3   0.9 
1907   0.0  -4.7   5.0   7.2  12.8  18.1  22.8  20.8  19.1   9.9   6.0   2.5 
1908  -0.2  -1.8   5.9  11.0  16.5  21.1  24.4  21.6  18.4  14.1   6.0   1.1 
1909   1.0   4.4   3.5  10.5  15.6  21.3  22.7  21.8  18.2  10.5   7.9  -1.2 
1910  -1.1   0.0   7.4  12.2  15.3  19.8  24.2  21.7  19.6  13.9   4.5  -2.9 
1911   1.2   0.0   3.6   8.6  18.9  21.0  25.1  22.9  19.2  12.2   5.3   3.8 
1912 -99.0 -99.0 -99.0  10.6  16.8  20.3  23.4  20.6  18.4  13.4   6.1   2.3 
1913   4.2  -0.6   6.9  11.0  15.6  20.9  23.6  21.8  17.9  14.1   7.8   3.2 
1914   1.1  -2.6   1.8   9.8  17.1  20.4  21.9  23.1  17.9  15.2   7.0  -0.7 
1915   1.1   2.4   2.1  12.5  14.8  19.7  22.7  21.6  20.4  13.9   6.5  -0.1 
1916   2.2  -1.7  -0.1   9.6  16.7  18.7  24.1  23.1  18.8  13.1   6.7   0.0 
1917   0.1  -1.4   3.9  10.3  12.6  21.3  23.9  23.5  16.5  10.5   4.4  -3.4 
1918  -6.5  -0.8   5.9  10.3  18.4  19.7  22.7  23.3  17.0  14.2   6.4   3.1 
1919   1.0   0.8   6.6   9.7  16.0  21.0  23.4  21.1  18.6  15.1   6.3  -1.5 
1920  -4.3  -1.9   5.2   9.3  14.2  21.0  23.2  23.2 -99.0 -99.0   6.0   3.5 
1921   0.9   2.2  10.3  13.9 -99.0  22.3 -99.0  21.1  21.5  13.1   7.0   0.2 
1922  -1.7   1.2   6.4  11.2  18.1  22.9  23.1  22.3  19.9  14.6   6.8   0.9 
1923   0.7  -2.4   4.8  10.5 -99.0  23.6  22.6  21.9  19.8  12.6   6.1   5.6 
1924   0.5  -1.7   3.3   8.3  13.8  19.6  22.9  22.9  17.2  13.0   5.9   0.5 
1925  -1.7   4.1   7.1  11.1  14.4  24.1  22.7  21.8  20.4   9.5   5.6   1.4 
1926  -0.7  -0.8   2.6   8.5  15.7  18.1  22.9  22.6  18.3  12.1   5.7  -1.5 
1927  -1.1   2.9   6.1   8.6  14.7  18.4  22.7  19.8  18.4  13.8   8.7   2.5 
1928   0.5   0.2   3.8   8.3  14.9  19.7  23.3  23.7  16.9  14.1   7.7   2.6 
1929  -0.5  -0.2   8.1  11.1  15.3  20.8  23.3  21.6  19.8  11.4   7.0   1.4 
1930   0.1   2.6   5.1   9.1  17.6  22.3  23.8  21.9  21.1  11.7   6.8   0.4 
1931   0.2   1.2   4.3  10.1  16.1  21.1  25.1  23.0  21.8  14.3  10.0   4.0 
1932   6.0   2.2   2.5   9.2  15.7  21.0  23.5  23.2  19.5  13.3   5.6   2.4 
1933   4.1   1.0   4.2  10.8  17.8  22.1  23.3  22.7  20.4  12.0   5.0   0.4 
1934   1.4  -7.6   2.6  10.2  17.1  23.1  24.8  21.3  19.9  11.6   8.8   0.9 
1935  -1.5  -0.8   7.2  10.0  14.4  21.1  24.9  22.9  17.3  12.9   9.1  -1.3 
1936  -2.1  -3.9   8.3   9.2  17.5  21.0  23.8  23.5  19.7  13.5   5.5   3.8 
1937   4.7   2.0   3.0  10.3  17.4  21.5  24.1  24.4  17.4  11.8   6.8   1.5 
1938   0.2   2.8   6.9  11.7  15.4  20.7  23.9  24.2  17.8  13.5   7.6   1.8 
1939  -0.6   3.1   4.6   9.4  17.7  21.3  23.2  24.2  19.2  12.8   5.5   2.3 
1940  -4.9   0.4   2.3   7.8  15.9  20.6  23.8  21.1  17.6  10.4   6.6   3.6 
1941  -1.2  -1.2   2.1  13.6  17.3  21.0  23.3  21.7  19.9  15.9   8.7   3.2 
1942  -1.4  -0.8   6.2  11.9  18.7  21.7  23.7  22.0  19.1  13.3   7.0  -1.6 
1943  -0.4   1.4   5.2   8.2  16.9  24.1  23.9  23.4  18.4  11.9   6.1  -0.2 
1944   1.2   0.3   3.7   9.3  19.0  21.5  24.6  23.4  19.8  11.7   6.6  -0.3 
1945  -3.9   0.6  10.1  12.9  14.8  21.4  23.2  21.7  20.3  12.0   7.8  -1.2 
1946   0.8   1.1   9.2   9.9  16.4  19.4  23.0  20.7  19.7  14.8   8.9   2.6 
1947   3.2  -2.2   2.7  10.8  15.8  19.8  23.1  23.6  19.3  16.1   5.9   0.7 
1948  -3.8  -0.5   5.9  10.2  15.6  20.6  23.7  22.6  18.9  11.8   9.7   2.4 
1949   3.9   3.4   5.8  11.3  16.3  22.2  25.4  23.7  17.7  15.4   6.7   3.4 
1950   5.9   0.6   3.0   8.8  14.9  20.2  22.8  22.0  17.0  14.4   8.0   0.2 
1951   1.6   1.9   5.2  10.9  16.4  20.4  23.7  22.7  18.9  14.7   5.3   3.4 
1952   2.3   2.7   4.3  12.1  15.3  22.3  25.3  22.6  18.9  11.2   7.1   2.7 
1953   2.9   3.3   6.4  10.9  17.4  21.4  24.0  22.8  19.4  14.1   7.4   4.0 
1954  -0.8   4.8   5.4  12.5  14.9  21.4  23.6  21.9  19.3  14.9   6.3   1.9 
1955  -0.4   1.2   5.9  12.2  18.1  19.9  26.7  25.2  18.7  14.4   6.4  -1.6 
1956  -0.3   2.6   3.1   9.3  15.2  21.5  22.5  22.8  17.8  13.4   7.4   5.2 
1957  -1.6   2.8   5.2  11.8  16.4  23.3  24.3  22.0  20.3  12.0   8.4   3.8 
1958  -0.1  -2.3   4.1  11.9  15.4  19.2  24.9  22.4  18.3  12.7   7.8  -1.8 
1959  -0.4   0.3   5.0  12.3  18.2  22.1  24.0  24.4  21.2  15.3   6.7   3.0 
1960   1.4   2.4   0.4  13.1  16.2  21.4  22.9  23.4  19.1  12.2   7.7  -2.3 
1961  -3.3   1.3   5.4   9.3  14.9  20.9  23.8  23.0  22.3  13.6   8.3   0.6 
1962  -0.4  -0.7   4.9  10.8  17.0  21.4  21.9  21.7  17.1  13.1   5.2  -1.2 
1963  -1.9  -2.6   6.7  11.1  15.2  20.9  23.7  21.7  16.8  14.7   9.3  -2.2 
1964   0.7  -0.4   5.8   9.5  17.7  21.6  24.2  21.9  19.1  11.4   8.4   2.7 
1965  -2.1   0.6   3.7   9.3  18.6  21.3  23.3  22.9  20.1  12.0   7.2   3.1 
1966  -1.2   0.3   6.1   8.8  15.3  21.8  24.9  24.1  18.1  11.7   8.3   1.8 
1967   2.6  -0.9   3.2  10.2  12.6  21.8  23.4  22.3  17.3  12.3   4.9   2.0 
1968  -3.3  -1.4   6.4  11.5  14.4  21.2  24.6  24.4  20.3  13.8   6.8  -0.3 
1969  -1.4  -0.4   4.0  11.7  16.9  22.4  23.4  23.4  19.2  12.6   6.8  -0.2 
1970  -3.6   1.4   3.8  11.1  18.2  21.2  23.8  23.9  21.1  14.4   8.6   1.6 
1971  -2.2   2.0   4.7   9.7  14.7  22.2  23.9  22.9  20.4  16.1   6.8   4.3 
1972   1.1  -0.7   4.2   8.6  15.4  19.2  23.6  22.3  18.9   9.6   5.6   3.0 
1973   1.0   0.2   7.2  10.3  13.8  22.0  24.3  23.8  19.0  13.1   6.6   1.5 
1974   0.3  -1.2   4.8  11.0  14.9  18.5  22.5  21.1  17.7 -99.0   4.8 -99.0 
1975   3.3   1.8   5.4   8.1  17.7  20.0  21.8 -99.0 -99.0  12.3 -99.0 -99.0 
1976  -4.5 -99.0 -99.0  13.3  16.2  22.4  21.7 -99.0 -99.0 -99.0 -99.0 -99.0 
1977 -99.0   1.3   8.4  13.1  18.5 -99.0 -99.0  22.5 -99.0  11.1   7.2  -0.5 
1978  -4.3  -4.7   3.7  11.0  15.4  20.3  22.6  24.5  19.1  12.8   8.1   3.4 
1979   0.6  -4.6   8.5  10.3  18.5  20.0  23.4 -99.0 -99.0 -99.0 -99.0 -99.0 
1980   0.2  -1.6   4.8  12.0  19.1 -99.0  25.7  25.9  22.3  12.9   5.9   1.1 
1981  -3.4   3.0   4.2  12.9  17.0  22.9 -99.0  22.6  18.5 -99.0 -99.0 -99.0 
1982 -99.0   1.6   5.3  10.6 -99.0  19.7  24.7  22.2  19.0  13.2   8.7 -99.0 
1983 -99.0   0.4   6.7 -99.0  16.0  21.6  25.5 -99.0 -99.0  13.3   7.7   0.0 
1984  -3.1   4.5   2.8  10.7  16.1  23.4  23.6  24.0  18.4  16.5   6.7   5.9 
1985  -2.2   2.5   7.4  13.6  18.6  20.4  24.2  23.0  20.3  14.6  10.3   0.8 
1986   0.8  -0.2   7.3  11.0  18.8  23.0  24.6  22.2  19.8  14.1   6.3   2.7 
1987  -0.6  -0.2   7.3  11.2  17.9  23.0  25.3  22.9  19.0  10.9   8.3   3.3 
1988  -2.4   1.5   7.3  10.5  16.5  21.7  26.2  24.8  18.2  10.3   7.8   1.4 
1989   2.3   1.0   5.8  10.5  15.9  22.7  23.5  23.1  19.0  13.1   6.1  -4.5 
1990   3.7   4.7   7.7  11.5  15.1  21.4  24.2  22.6  18.0  15.8   8.5   5.2 
