Number= 720305
Name= AUGUSTA-------------
Country= USA---------
Lat=   47.5
Long=  112.4
Height= 1240
Start year= 1896
End year= 1990
First Good year= 1896
Source ID= 30
Source file= New
Normals source= Data
Normals source start year= 1961
Normals source end year= 1990
Normals=  -5.8  -2.9  -0.1   4.8  10.0  14.7  18.0  17.3  12.1   7.0  -0.5  -4.8 
Standard deviations source= Data
Standard deviations source start year= 1941
Standard deviations source end year= 1990
Standard deviations=   4.8   3.5   2.9   2.2   1.5   1.7   1.2   1.5   1.8   1.9   3.0   3.6 
Obs:
1896 -99.0 -99.0 -99.0 -99.0 -99.0 -99.0  18.9  17.4  10.9  10.1 -99.0   2.7 
1897  -5.9  -4.1  -6.4   7.7  16.7  15.8  17.2 -99.0 -99.0 -99.0 -99.0  -2.5 
1898  -2.5 -99.0  -6.3   6.9 -99.0 -99.0 -99.0 -99.0 -99.0 -99.0 -99.0 -99.0 
1899 -99.0 -13.5  -4.0 -99.0 -99.0 -99.0 -99.0 -99.0 -99.0 -99.0 -99.0 -99.0 
1900 -99.0 -99.0 -99.0 -99.0 -99.0 -99.0 -99.0 -99.0 -99.0   7.0  -2.3   1.1 
1901  -6.6  -6.9   1.2   3.7  11.9  10.0  17.9  17.6   6.9   9.2   2.3 -99.0 
1902  -5.7  -3.8  -2.1   3.9  10.2  11.6  16.0  16.7   9.5   6.9  -2.8  -5.1 
1903  -1.9  -5.2  -4.7   3.1   7.8  16.2  16.2  16.3   9.9   8.7  -3.9  -0.1 
1904  -3.7  -9.7  -5.9   6.2   9.0  14.3 -99.0  16.5  12.9   8.1   5.0  -2.1 
1905  -8.8  -8.1   1.8   4.2   7.6  12.8  17.3  17.7  12.1   4.3   0.4  -0.7 
1906  -3.3  -2.2  -5.3   6.7   7.4  12.3  18.1  16.2  12.0   6.6  -2.9  -4.1 
1907 -16.3  -1.3  -1.5   2.5   6.9  12.9  16.0  14.5   9.4   8.6   1.7  -1.5 
1908  -2.9  -3.5  -3.6   7.1   6.9  12.5  17.9  15.2  11.7   4.3   0.8  -3.9 
1909 -12.8  -5.7  -0.9   0.1   7.8  13.8  16.4  15.9  12.1   6.4  -0.4  -9.6 
1910  -5.6 -10.2   4.9   9.0  10.3  15.2  17.6  14.9   9.4   7.9  -0.8  -3.6 
1911 -10.7  -8.8   0.9   1.8   7.7  15.4  15.5  14.6   8.6   4.1  -6.9  -7.4 
1912 -99.0  -1.9  -7.2   5.7   9.6  15.5  15.5  15.1   8.0   3.9   2.1  -3.0 
1913 -11.6  -9.5  -6.4   4.4   8.5  15.3  16.5  16.8  12.0   3.6   1.6  -3.2 
1914  -4.3  -6.5   0.1   3.6   9.4  13.6  19.8  16.1  11.4   5.1   2.5  -9.7 
1915  -5.7  -2.5   0.4   8.3   8.7  12.5  15.1  18.7 -99.0   8.8  -1.7  -3.9 
1916 -21.8  -6.2   0.5   4.9   5.6  11.9  17.1  15.7  10.1   4.1  -3.3 -11.0 
1917  -9.3  -9.2  -5.4   1.2   7.0  12.9  19.8  17.3  12.0   4.7   4.3  -9.0 
1918  -9.3  -7.9   1.7   2.8   6.8  17.3  17.0  15.6  11.1   7.8  -2.1  -2.6 
1919   0.5  -8.4  -4.7   6.4  10.6  17.1  20.1  19.0  11.3   0.0  -4.4  -8.1 
1920  -5.3  -3.5 -99.0 -99.0 -99.0  14.5  18.9  16.9  11.9   6.3  -0.8 -99.0 
1921 -99.0 -99.0 -99.0 -99.0   9.5  16.0  18.5  17.7   9.2  10.2  -1.9  -6.3 
1922  -8.3 -12.8  -1.5   3.9   9.7  16.4  17.0  18.3  14.2   8.6  -1.4  -9.8 
1923  -3.7  -7.6  -1.0   4.3  10.3  14.6  18.9  16.0  12.1   4.3   3.3  -2.4 
1924  -7.4   1.0  -1.5   5.4  11.0  12.7  17.4  14.7  12.2   7.0  -0.7 -10.2 
1925  -3.8  -0.6   0.9   6.9  11.2  15.0  19.2  16.3  10.2   1.0   1.5 -99.0 
1926 -99.0 -99.0 -99.0 -99.0 -99.0  15.1  19.4  16.8   7.4   8.7   0.9  -3.4 
1927  -7.1  -5.6   0.5   3.7   5.8  13.9  16.8 -99.0  10.8   6.8  -5.0 -10.4 
1928  -3.6  -3.2   1.3   2.2  12.2  12.6  18.3  16.2  12.1   5.2   1.4  -1.4 
1929 -13.4  -9.8   0.5   1.8   8.8  14.4  20.2  20.8   9.4   8.4   1.5  -6.2 
1930 -15.7   0.9  -2.9   8.0   9.0  14.4  18.7  19.1  13.1   3.5   1.1   1.0 
1931   0.3  -0.6  -0.4   3.3   9.4  16.8  19.1  18.8  12.5   7.8  -2.5  -3.3 
1932  -7.1  -2.7  -5.9   5.5  10.2  15.1  18.5  17.5  12.9   5.9   1.9  -7.2 
1933  -4.5  -6.8   0.9   2.7   8.1  16.8  19.1  17.0  10.5   7.2   4.1  -5.6 
1934   0.5  -0.4   1.1   6.7  12.7  13.4  18.2  17.3   9.1   8.9   3.5  -3.9 
1935  -6.8   0.6  -3.4  -1.5   8.0  13.5  18.0  17.2  13.0   6.9  -1.4  -1.9 
1936  -7.7 -19.4  -2.2   4.2  13.4  16.9  22.0  18.9  13.0   8.9   1.7  -4.4 
1937 -16.4  -8.0  -2.0   5.3  10.9  14.4  20.2  17.7  13.0   8.6  -0.9  -3.7 
1938  -2.7  -9.0  -0.3   5.2   8.7  14.8  17.9  16.8  15.2   7.5  -1.4  -3.0 
1939  -1.6  -8.8  -0.3   6.5  11.6  12.0  19.5  18.4  12.9   5.9   3.8   0.5 
1940  -9.4  -5.1   1.8   3.5  11.6  15.5  19.3  18.8  15.1   8.8  -2.7  -0.4 
1941  -2.4  -2.6   0.7   5.1  10.8  14.8  19.3  18.0   9.4   6.0   3.0  -3.1 
1942  -4.4  -6.6   0.0   6.1   8.1  12.4  18.2  17.4  12.3   8.0  -1.7  -3.0 
1943 -11.8  -2.2  -6.2   7.2   7.6  11.3  17.8  17.6  13.5   8.4   2.0  -2.3 
1944  -1.7  -5.8  -4.9   5.4  11.0  13.1  17.1  15.6  12.4  10.3  -0.9  -4.6 
1945  -2.9  -5.0   0.4   1.2   8.3  12.3  18.8  18.3  10.1   8.8  -1.0  -4.6 
1946  -1.9  -1.1   2.4   6.9   8.4  13.7  18.6  16.7  11.1   2.4  -3.3  -3.8 
1947  -4.5  -4.2  -2.9   5.8  10.0  12.9  19.5  16.3  11.7   8.4  -3.3  -1.9 
1948  -2.7  -7.6  -5.6   3.4   8.6  14.6  16.7  17.2  12.3   7.6   0.2  -9.2 
1949 -14.7  -9.6  -1.8   7.7  10.6  14.8  17.9  18.8  12.4   4.2   5.6  -7.6 
1950 -20.2   0.2  -3.6   2.7   7.8  12.6  16.5  16.1  11.6   6.9  -3.3  -1.3 
1951  -9.2  -5.4  -7.4   2.9   9.7  10.5  17.3  15.3  10.0   4.1  -0.3  -9.4 
1952  -9.2  -3.7  -4.2   7.3  10.7  14.2  16.9  16.9  14.2   8.1  -1.5  -1.4 
1953  -0.3  -1.6   0.1   1.1   7.4  12.5  18.4  17.9  13.7   9.8   3.8  -1.0 
1954 -13.3   2.5  -5.2   1.2   9.6  12.0  19.2  16.5  11.8   6.1   5.2   0.0 
1955  -4.5  -6.4  -6.3   3.7   8.4  14.2  16.6  18.3  11.9   8.8  -7.9  -5.1 
1956  -6.8  -5.0   0.5   4.3  10.3  15.4  18.4  16.5  13.0   6.6   1.9  -1.3 
1957 -13.5  -5.6  -0.7   4.2  11.4  14.9  18.8  16.2  12.8   3.5  -0.6   0.9 
1958   0.6  -3.9  -3.3   4.5  14.1  13.5  15.8  19.0  11.8   7.4  -1.4  -2.5 
1959  -7.1  -9.1   0.9   3.7   7.0  14.9  18.4  16.2  10.9   4.9  -2.6   0.8 
1960  -6.5  -5.5  -2.2   3.1   8.6  14.4  20.3  16.0  11.4   8.1   0.1  -2.4 
1961  -0.9   1.3   1.5   3.3  11.2  18.5  19.3  20.4   9.9 -99.0 -99.0  -7.0 
1962  -6.7  -6.4  -2.7   6.9   9.1  13.9  15.8  17.0  12.1   8.8   1.9  -1.1 
1963 -11.4   2.1   1.9   4.0   9.8  14.1  17.6  18.0  15.0  10.4   1.3  -5.7 
1964  -3.6  -0.5  -3.4   3.9   9.6  13.8  19.0  15.8  10.0   9.6   0.1  -9.5 
1965  -4.2  -5.9  -6.9   4.1   9.1  12.6  17.6  17.2 -99.0 -99.0  -0.4  -2.6 
1966  -9.5  -3.1   1.2   3.7  11.8  13.1  18.6  16.5  15.5   6.5  -1.8  -2.6 
1967  -2.7  -0.3  -3.6   1.1   7.5  12.5  18.7  19.0  16.2   8.2  -0.7  -6.2 
1968  -5.9   0.1   2.9   3.1   8.0  13.1  17.7  15.1  12.7   6.4   0.4 -10.2 
1969 -99.0  -6.0 -99.0   8.2  11.0  13.4  17.5  19.0  12.8   3.8   2.1  -0.6 
1970 -99.0   0.9  -3.3   2.1  10.0  16.8  19.5  18.2  10.7   5.4  -1.7 -99.0 
1971 -99.0 -99.0  -1.0   5.3  10.1  13.7  17.2  20.9  10.1   4.4  -0.2  -8.5 
1972 -11.8  -2.7   2.5   4.2   9.3  15.9  15.9  17.1   9.4 -99.0   0.5  -9.1 
1973  -5.2  -2.0   1.5   3.3  10.5  15.0  18.6  18.1  11.8   7.5  -4.6  -1.1 
1974  -8.0  -0.2  -0.3   6.3   8.1  16.9  19.3  15.4 -99.0   8.7   1.4  -0.7 
1975  -5.5 -10.3  -2.9  -1.7   8.0  12.9  19.5  15.4  11.7   5.9  -0.1  -0.9 
1976  -2.8  -1.4  -1.2   5.2  11.5  12.4  17.8  17.1  13.4   6.7   1.6  -0.2 
1977  -5.9   3.0   0.7   7.1   9.1  16.0  17.3  14.7  11.1   6.7  -2.8  -8.3 
1978 -11.7  -6.6   1.6   5.2   8.4  14.9  16.7  16.0  13.2   8.4  -5.2  -9.4 
1979 -15.1  -7.2   0.9   3.4   9.7  15.2  17.7  17.9  14.9   8.4  -1.7  -0.2 
1980  -9.8  -2.8  -1.3   7.6  11.7  13.2  17.7  15.0  12.9   8.2   1.6  -4.7 
1981  -1.1  -1.5   2.5   6.7  10.7  13.4  18.0  18.7  13.2   5.9   3.1  -4.5 
1982 -13.0  -5.9  -2.2   3.1   9.0  14.8  17.5  18.8  11.7   6.9  -2.3  -3.4 
1983  -0.7   1.0   0.8   3.7   9.5  13.7  16.8  19.6  11.2   7.6  -0.1 -15.4 
1984  -1.8   2.1   1.4   4.8   9.9  14.6  18.5  19.0   9.2   3.5   0.3  -8.6 
1985  -6.4  -6.0   0.0   7.6  12.1  15.0  21.0  15.6   8.1   5.5 -11.4  -3.5 
1986   1.2  -6.5   5.6   4.8  11.4  17.6  16.2  17.9   9.1   7.6  -2.3  -0.9 
1987  -2.2   0.1   0.6   9.4  12.3  16.6  17.2  14.8  14.0   7.7   2.9  -2.8 
1988  -5.8  -2.9   2.3   7.4  11.9  18.6  19.0  17.8  12.1   8.6   0.1  -2.1 
1989  -2.6 -12.5  -2.8   5.6   9.4  14.7  19.3  15.1  11.7   6.3   1.7  -1.8 
1990  -2.4  -3.0   1.2   5.9   9.1  14.3  18.0  17.5  15.1   6.6   1.3  -8.6 
