Number= 720333
Name= LOUP-CITY-----------
Country= USA---------
Lat=   41.3
Long=   99.0
Height= 629
Start year= 1895
End year= 1990
First Good year= 1895
Source ID= 30
Source file= New
Normals source= Data
Normals source start year= 1961
Normals source end year= 1990
Normals=  -5.5  -2.4   2.6   9.5  15.2  20.7  23.9  22.5  17.0  10.8   2.7  -3.6 
Standard deviations source= Data
Standard deviations source start year= 1941
Standard deviations source end year= 1990
Standard deviations=   3.3   3.2   2.8   2.1   1.7   1.7   1.4   1.5   1.6   1.8   1.8   2.7 
Obs:
1895 -99.0 -99.0 -99.0 -99.0 -99.0 -99.0 -99.0 -99.0  22.4  11.1 -99.0  -0.9 
1896  -0.7   2.0  -0.5  12.6  18.1  21.7  23.8  23.9  14.8   7.9  -3.3   0.9 
1897  -4.9  -2.6   0.9   8.4  14.9  20.5  23.8  21.4  21.2  10.8   1.1  -4.1 
1898  -1.8  -0.3   1.9   8.4  13.2  21.3  24.0  23.3  16.1   7.4  -1.3  -5.7 
1899  -5.6 -11.4  -3.7   8.8  14.7  21.0  22.5  25.1  16.4  10.5   4.9 -99.0 
1900 -99.0 -99.0 -99.0 -99.0 -99.0 -99.0 -99.0 -99.0 -99.0 -99.0 -99.0 -99.0 
1901 -99.0 -99.0 -99.0 -99.0 -99.0 -99.0 -99.0 -99.0 -99.0 -99.0 -99.0 -99.0 
1902  -4.7  -5.3   3.9   9.1  16.6  19.3  22.8  22.5  14.5  11.5   3.0  -6.8 
1903  -2.2  -7.5   1.1   9.3  14.3  18.6  23.1  22.2  15.3  12.1   3.1  -2.7 
1904  -5.8  -3.9   3.4   7.6  14.7  19.8  22.4  21.6  16.5  11.2   5.1  -2.6 
1905  -8.5  -9.2   4.6   7.7  13.3  20.4  21.6  23.5  17.7   8.4   3.2  -1.6 
1906  -2.2  -2.3  -5.4  10.2  15.6  19.7  21.3  22.2  16.9   7.7   1.1  -2.3 
1907  -7.9  -2.9   4.7   4.7  11.9  19.5  22.7  23.4  16.5  10.1   1.2  -3.3 
1908  -1.8  -3.4   3.5   9.5  13.5  20.2  22.8  21.4  19.2   8.6   2.5  -2.4 
1909  -6.5  -3.3  -0.4   6.1  13.3  20.9  23.6  24.8  16.1   9.3   3.5 -10.5 
1910 -99.0  -4.8   9.3  10.4  12.1  20.6  25.0  21.1  17.0  11.7   1.5  -5.2 
1911  -4.7  -3.4   5.3   7.8  15.2  23.4 -99.0  20.7  18.2   7.3  -1.3  -5.0 
1912 -12.4  -3.7  -5.8   8.6  15.2  18.8  24.2  22.5  14.6   9.6   4.1  -2.2 
1913  -6.3  -7.7  -0.4   9.6  14.1  22.0  24.6  24.5  15.9   7.4   4.2  -2.9 
1914   0.2  -4.4   0.9   8.9  14.9  22.5  24.3  22.0  16.4   9.9   4.9 -10.2 
1915  -8.0  -3.9  -5.2  12.0  12.8 -99.0 -99.0 -99.0  16.5  13.0   5.6  -2.7 
1916 -10.0  -4.2   4.2   8.2  14.7  18.0  26.4  23.2  15.7   8.5   0.9  -7.8 
1917  -6.7  -5.4   0.2   6.0  10.8  19.6  24.5  21.5  16.8   6.4   5.2  -7.6 
1918 -11.5  -3.4   5.8   5.7  16.8  22.6  23.8  24.0  13.9  11.7   2.4  -1.7 
1919  -1.7  -4.4   2.2   8.0 -99.0 -99.0 -99.0  21.8  18.7   7.3  -1.5  -7.5 
1920  -3.7  -1.9 -99.0 -99.0 -99.0 -99.0 -99.0 -99.0 -99.0 -99.0 -99.0 -99.0 
1921 -99.0 -99.0 -99.0   9.5  15.8  22.9  25.0  23.1  17.7  12.1   1.6  -2.0 
1922  -7.4  -5.7   3.4   9.1  14.9  22.6  22.8  24.6  19.3  11.3   2.9  -3.9 
1923  -1.7  -5.1  -0.3   8.1  13.3  20.7  25.0  21.4  16.2   7.8   3.4  -1.8 
1924  -9.5  -1.7  -1.6   9.7  11.3 -99.0  21.5  22.3  13.8  12.5   2.2 -10.4 
1925  -8.0  -0.8   4.3  12.0  13.7  22.5  23.6  22.1  19.2   3.1   0.9  -4.1 
1926  -2.8   2.1   1.3   8.9  17.7  19.8  24.3  23.6  15.1  10.9  -0.5  -4.8 
1927  -4.7  -1.4   1.8   8.2  14.1  19.4  22.7  19.8  17.4  12.1   1.5  -7.9 
1928  -2.4  -1.0   4.0   7.0  15.8  17.4  23.3  23.8  15.6  10.3   1.8  -3.2 
1929  -9.6  -9.4   3.9   9.5  13.6  19.8  24.5  23.9  14.6  10.3  -0.7  -3.0 
1930 -12.8   3.7   2.2  10.4  13.6  19.5  25.4  23.1  17.0   9.2   2.3  -1.9 
1931  -0.4   2.0   0.3   9.1  13.3  23.8  24.6  23.2  20.3  12.1   2.2  -1.1 
1932  -7.4  -2.3  -2.1  10.4  15.8  20.8  25.1  23.1  15.3   7.9   1.5  -6.9 
1933  -0.3  -5.1   2.6   8.5  13.1  24.8  24.5  21.2  19.8  10.2   4.3  -0.4 
1934  -1.1  -1.7   2.6  10.7  20.0  24.6  28.5  24.7  14.2  12.9   3.9  -4.8 
1935  -3.5   0.7   5.1   6.8  10.9  19.0  26.9  23.9  16.5   8.5   0.4  -1.8 
1936  -9.4 -14.8   4.5   7.4  16.8  22.3  28.4  25.9  19.5   9.2   2.3  -2.0 
1937 -12.4  -3.9   1.0   8.5  16.0  20.5  25.3  26.2  18.1   9.4   1.2  -2.4 
1938  -2.7  -3.5   5.2   9.5  13.6  21.4  24.4  25.5  19.2  15.1   1.8  -1.7 
1939  -0.9  -6.2   4.1   9.5  19.6 -99.0  27.8  23.3  20.4  11.8   4.5   1.2 
1940 -11.5  -2.8   2.7   9.2  15.3  22.8  27.8  23.8  20.4  14.2   0.4  -1.8 
1941  -3.4  -2.8   0.7  10.0  18.1  21.2  25.1  25.0  18.0  11.2   4.5  -0.4 
1942  -3.2  -4.3   2.9  11.7  14.8  21.2  25.5  23.7  15.7  11.1   3.5  -2.9 
1943  -5.3   1.9   1.7  11.1  13.6  22.0  25.8  26.0  16.7  11.0   2.3  -1.4 
1944  -1.9  -1.5  -1.7   5.2  16.5  20.8  23.3  23.7  17.1  12.2   2.6  -5.0 
1945  -2.7  -0.9   6.6   7.6  12.8  17.9  24.0  24.1  17.7  12.2   3.7  -7.1 
1946  -2.4   0.7   8.1  13.4  12.7  21.4  24.6  22.5  17.1  10.4   1.8  -0.8 
1947  -3.7  -4.9   1.1   7.3  13.1  18.7  23.5  26.4  20.0  15.1   0.8  -2.5 
1948  -5.2  -4.0   0.7  13.5  16.0  21.1  23.9  23.4  20.3  11.0   2.6  -4.7 
1949 -12.7  -7.0   2.1  10.3  16.3  20.8  23.7  22.4  15.5  10.1   5.4  -4.4 
1950  -8.8  -2.7   0.8   6.2  13.7  20.7  21.0  20.9  17.3  13.8   2.0  -3.0 
1951  -4.9  -0.7  -0.3   7.4  14.9  17.6  22.2  22.2 -99.0 -99.0 -99.0  -7.2 
1952  -4.4   0.5  -0.4   8.3  15.3  25.2  24.0  23.4  19.1   9.8   1.5  -4.4 
1953  -2.0  -1.1   4.8   6.7  14.1  23.7  24.3  23.6  18.8  13.1   3.5  -3.1 
1954  -6.5   4.5   0.2  11.2  12.6  22.6  26.5  23.1  19.4   9.4   5.6  -1.1 
1955  -5.5  -7.0   1.0  12.4  16.9  19.0  26.6  25.0  18.8  11.3  -0.3  -6.9 
1956  -6.9  -5.1   2.3   6.3  16.2  24.0  24.2  23.7  18.6  14.6   3.5  -0.9 
1957  -8.6  -0.4   1.6   7.4  13.8  20.5  26.5  24.1  15.8   9.8   2.9   0.4 
1958  -3.8  -5.7  -3.2   7.6  16.5  20.3  22.4  24.0  19.1  11.9   3.6  -3.5 
1959  -6.4  -5.5   2.9   9.1  15.6  22.7  22.9  25.3  17.6   9.0   0.5   0.1 
1960  -7.8  -7.6  -4.5   9.9  14.4  19.8  23.2  22.9  19.6  12.1   3.8  -2.4 
1961  -3.4   0.1   3.0   7.0  13.1  20.6  22.9  21.7 -99.0  10.3   1.2  -6.9 
1962  -6.7  -2.7  -2.7   9.8  18.5  20.2  23.0  23.3  16.3  12.2   4.7  -1.9 
1963 -11.3  -0.5   5.2  11.6  16.2  23.8  26.0  24.1  19.3  16.1   4.5  -5.8 
1964  -1.9  -3.6  -0.3   8.8  17.8  20.8  26.5  21.3  17.0  11.1   3.3  -4.5 
1965  -3.7  -5.3  -4.2  10.4  17.0  20.6  23.2  22.5  12.3  12.2   4.3   0.4 
1966  -8.4  -4.7   4.1   6.7  15.1  20.8  26.4  21.1  17.5  11.0   2.2  -3.2 
1967  -4.2  -2.3   4.5   9.4  12.1  18.8  22.5  21.3  16.5  10.9   2.9  -2.5 
1968  -4.7  -2.2   5.7   8.8  12.1  21.8  23.0  22.5  16.2  11.6   2.7  -6.1 
1969  -7.9  -3.6  -2.8  10.5  16.0  18.2  24.2  23.9  19.0   7.7   4.7  -1.9 
1970  -6.9   0.9   0.6   8.5  17.5  21.6  24.7  24.1  16.7   9.3   1.9  -1.5 
1971  -5.9  -3.5   2.0  10.2  13.4  22.9  22.2  23.3  16.7  12.6   4.4  -1.5 
1972  -5.5  -1.8   5.2   8.7  14.8  21.1  22.4  22.0  17.2   9.1   0.8  -6.6 
1973  -3.9  -0.8   5.3   8.5  13.3  21.2  23.4  24.3  15.8  12.9   2.2  -4.7 
1974  -7.7   0.8   4.7   9.6  15.9  19.8  26.2  20.2  15.5  12.6   3.4  -2.9 
1975  -3.0  -5.1   0.1   8.3  16.4  19.9  24.7  24.3  15.8  12.9   2.2  -2.2 
1976  -5.1   4.0   3.4  11.1  14.3  21.2  23.7  22.9  16.3   6.9  -1.2  -3.7 
1977  -9.2   1.3   4.5  12.6  18.8  22.6  24.9  21.4  18.0  11.5   3.3  -3.4 
1978 -11.4  -9.3   1.5   9.8  14.9  20.8  24.1  22.3  19.2  10.6   1.6  -6.8 
1979 -13.3  -9.5   2.1   8.7  13.4  20.5  22.8  22.2  19.0  11.6   0.8   1.1 
1980  -4.8  -3.8   1.0  10.4  15.7  21.7  26.1  23.5  17.6  10.4   5.5  -0.5 
1981  -0.7  -0.4   5.4  14.1  13.7  21.5  23.5  21.9  18.1  10.0   4.9  -3.4 
1982 -10.2  -3.2   1.8   7.9  15.3  17.6  23.5  21.6  16.1  10.0   0.6  -1.6 
1983  -3.0  -0.2   2.7   5.3  12.8  19.6  24.5  26.1  18.0  11.2   3.1 -13.9 
1984  -5.1   0.4   0.2   6.1  13.2  20.6  22.3  23.3  14.3   8.8   2.3  -4.4 
1985  -8.0  -5.2   4.6  10.5  15.4  17.4  22.2  19.9  15.9   9.8  -3.3  -6.6 
1986   1.1  -2.8   6.9  10.4  15.6  22.8  24.8  21.2  17.6  10.5   1.7  -0.7 
1987  -0.8   2.8   3.5  11.2  17.9 -99.0  24.4  21.2  16.4   8.7   4.9  -1.4 
1988  -8.5  -3.4   4.6   9.3  17.3 -99.0  23.3  23.3  17.5   9.3   4.1   0.6 
1989  -0.3  -7.8   1.8  11.1  15.1  18.4  23.6  22.0  15.8  11.8   3.3  -6.2 
1990   0.4  -0.2   4.7   9.4  13.9  21.7  22.8  23.1  20.2  10.7   4.6  -5.1 
