Number= 720388
Name= CHAPEL-HILL-2W------
Country= USA---------
Lat=   35.9
Long=   79.1
Height= 152
Start year= 1844
End year= 1990
First Good year= 1844
Source ID= 30
Source file= New
Normals source= Data
Normals source start year= 1961
Normals source end year= 1990
Normals=   3.1   5.0   9.5  14.5  18.7  22.8  24.8  24.4  20.8  14.4  10.2   5.2 
Standard deviations source= Data
Standard deviations source start year= 1941
Standard deviations source end year= 1990
Standard deviations=   2.7   2.2   2.2   1.4   1.4   1.2   1.0   1.0   1.2   1.9   1.6   2.3 
Obs:
1844   3.4   6.1  10.0  18.9  23.0  24.2  27.4  24.7  21.5  14.6  11.4   5.6 
1845   7.7   7.9  11.9  19.8  20.0  27.1  27.3  25.4  22.0  14.8  10.0   1.7 
1846   5.4   4.9  11.3  16.1  21.4  23.2  24.7  25.2  23.0  14.4  11.3   7.5 
1847   5.4   7.5   8.8  15.9  17.7  22.3  23.6  22.7  20.4  14.8  12.3   6.4 
1848   6.7   6.3  10.1  14.5  20.6  23.7  24.6  23.4  20.1  15.8   8.1  11.7 
1849   4.4   3.4  11.0  14.7  18.8  24.8  23.4  24.1  20.3  14.3  13.1   5.9 
1850   7.3   6.2   9.2  12.9  17.7  23.0  25.8  24.9  21.2  14.8  11.1   7.4 
1851   5.7   9.6  11.2  14.8  20.0  22.7  26.4  23.9  20.1  15.1   8.3   4.1 
1852   2.2   7.6  12.1  13.6  20.4  22.5  25.2  22.9  19.9  17.2   8.9   7.8 
1853   4.4   8.1  10.0  15.6  18.9  24.7  25.1  24.7  20.9  14.2  11.9   5.5 
1854   4.8   7.4  12.7  13.8  20.4 -99.0  27.3  25.7  23.8  16.8   9.6   4.2 
1855   5.4   2.4   8.2  17.8  19.8  23.4  26.8  24.8  23.1  14.7  12.2   6.4 
1856  -1.7   2.8   6.7  16.4  19.6  25.2  27.7  24.5  21.3  14.9   9.9   3.7 
1857  -2.0  10.6   7.6  11.2  19.1  24.9  24.3  25.3  22.0  13.4   8.6   8.6 
1858   6.9   2.7   8.1  14.9  20.0  24.9  26.1  25.9  19.9  16.7   7.7   8.2 
1859   5.0   7.3  12.4  15.1  20.1  23.7  25.7  23.9  21.6  13.9  11.4   5.3 
1860 -99.0 -99.0 -99.0 -99.0 -99.0 -99.0 -99.0 -99.0 -99.0 -99.0 -99.0 -99.0 
1861   4.1   7.9   9.6  13.7 -99.0 -99.0 -99.0 -99.0 -99.0 -99.0 -99.0 -99.0 
1862 -99.0 -99.0 -99.0 -99.0 -99.0 -99.0 -99.0 -99.0 -99.0 -99.0 -99.0 -99.0 
1863 -99.0 -99.0 -99.0 -99.0 -99.0 -99.0 -99.0 -99.0 -99.0 -99.0 -99.0 -99.0 
1864 -99.0 -99.0 -99.0 -99.0 -99.0 -99.0 -99.0 -99.0 -99.0 -99.0 -99.0 -99.0 
1865 -99.0 -99.0 -99.0 -99.0 -99.0 -99.0 -99.0 -99.0 -99.0 -99.0 -99.0 -99.0 
1866 -99.0 -99.0 -99.0 -99.0 -99.0 -99.0 -99.0 -99.0 -99.0 -99.0 -99.0 -99.0 
1867 -99.0 -99.0 -99.0 -99.0 -99.0 -99.0 -99.0 -99.0 -99.0 -99.0 -99.0 -99.0 
1868 -99.0 -99.0 -99.0 -99.0 -99.0 -99.0 -99.0 -99.0 -99.0 -99.0 -99.0 -99.0 
1869   8.0 -99.0   8.8  16.8  19.4  25.1  27.8  26.7 -99.0 -99.0 -99.0 -99.0 
1870 -99.0   6.1   8.0  13.9  19.9 -99.0 -99.0 -99.0 -99.0 -99.0 -99.0 -99.0 
1871 -99.0 -99.0 -99.0 -99.0 -99.0 -99.0 -99.0 -99.0 -99.0 -99.0 -99.0 -99.0 
1872 -99.0 -99.0 -99.0 -99.0  20.6  22.8  26.9  24.3  21.3  14.8   6.7   1.2 
1873   4.0   5.8   8.8  14.6  17.4  22.0  25.0  24.2  22.1  14.6   8.0   6.3 
1874 -99.0 -99.0 -99.0 -99.0 -99.0 -99.0 -99.0 -99.0 -99.0 -99.0 -99.0 -99.0 
1875   7.4   6.8  11.1  11.3  17.6  25.0  23.9  22.5 -99.0 -99.0 -99.0 -99.0 
1876 -99.0   7.2   9.4  14.9 -99.0 -99.0 -99.0 -99.0 -99.0 -99.0 -99.0 -99.0 
1877 -99.0 -99.0 -99.0 -99.0 -99.0 -99.0 -99.0 -99.0 -99.0 -99.0 -99.0 -99.0 
1878 -99.0 -99.0 -99.0 -99.0 -99.0 -99.0 -99.0 -99.0 -99.0 -99.0   9.9   3.0 
1879   1.9 -99.0 -99.0 -99.0 -99.0 -99.0 -99.0  23.7  20.9 -99.0 -99.0   9.1 
1880   9.4   8.9  11.1  16.9  23.9  26.3 -99.0  22.3  20.9  14.9   6.8   2.2 
1881   1.8   5.8   7.7  12.7  20.4  24.1  29.4  26.0  24.3  19.1  10.5   7.7 
1882   4.3   8.7  10.5  14.8  17.8  25.6  24.5  23.7  21.2  17.2   7.6   2.2 
1883   2.2   8.7   6.6  13.5  19.6  23.9  26.2  24.7  20.3  15.9  11.1   7.2 
1884   2.2   9.7  10.8  13.6  20.6  22.5  24.8  24.2  25.2  18.4  10.5   6.2 
1885   4.4   2.2   6.1  14.8  19.6  24.3  26.4  23.9 -99.0  14.6   8.9   5.8 
1886   0.8   3.7   9.4  15.3  19.9  24.1  25.0  24.4  24.4  14.8   9.5   2.6 
1887   3.9   8.9   6.5  14.6 -99.0 -99.0 -99.0 -99.0  20.7  13.9   8.9   5.6 
1888   4.1   8.4   8.5  15.8  19.4  25.3 -99.0 -99.0  19.8  13.4  10.9   5.1 
1889   8.1   3.3   8.6  14.9  20.6 -99.0 -99.0 -99.0 -99.0  13.3  10.7  11.4 
1890   7.8   8.8   9.9  15.0  20.8  26.2 -99.0 -99.0  21.9  14.9  11.3   4.9 
1891   4.8   9.0   6.8  15.8  18.8  25.3  24.8  25.2  22.7  13.1   7.6   7.5 
1892   1.5   5.3   7.0  13.4  20.4  25.4  25.9  27.5  21.5  15.0   7.6   3.2 
1893  -0.8   6.2   7.6  15.4  18.2  22.7  26.1  23.6  19.9  13.5   7.7   6.5 
1894   5.3   5.7  11.8  13.1  19.3  22.0  24.5  22.4  21.1  13.5   6.9   4.9 
1895   2.6  -0.8   7.8  12.8  16.9  23.2  22.9  23.8  23.1  12.3   8.7   5.3 
1896   2.9   5.1   6.6  16.3  21.8  22.6  24.8  24.9  20.5  12.6  11.7   3.3 
1897   1.5   5.9   9.2  13.3  16.7  23.3  23.9  23.1  20.5  15.3   9.3   5.3 
1898   5.4   1.8 -99.0  12.3  19.6  22.8  24.8  24.2  21.5  14.7   7.0   4.9 
1899   3.3   1.1   8.4  12.4  19.3  23.7  24.2  24.8  20.4  14.8   9.4   4.3 
1900   4.2   3.7   6.6  13.1  19.2  23.6  25.6  27.0  23.2  17.0   9.7   4.6 
1901   3.9   2.9   9.0  10.3  18.5  23.0  25.6  25.1  19.8  14.0   5.1   3.2 
1902   2.6   0.8   9.0  12.5  20.3  23.1  27.0  24.1  19.8  15.5  12.2   4.2 
1903   3.9   5.3  12.4  13.8  19.1  20.5 -99.0 -99.0  20.3  13.8   7.1   2.5 
1904   1.1   1.9 -99.0 -99.0 -99.0 -99.0 -99.0 -99.0 -99.0 -99.0 -99.0   2.8 
1905   2.0   0.2  10.0  13.4  19.7  22.8  24.2  24.0  20.8  14.6   8.8   4.1 
1906   5.9   4.5   5.3  15.1  18.1 -99.0 -99.0 -99.0 -99.0  12.8   9.4   5.4 
1907   7.5   2.8  11.4   9.5  17.4  20.4 -99.0 -99.0  20.9  12.1   7.6   5.7 
1908   3.6 -99.0 -99.0 -99.0 -99.0 -99.0 -99.0 -99.0 -99.0  14.6  10.2   5.8 
1909   7.0   9.0   8.2  14.9  18.1  25.2  24.2  23.8  19.4  13.6  11.6   2.8 
1910   5.0   3.8  13.0  14.3  17.7 -99.0 -99.0 -99.0  21.4  16.1   6.3   2.0 
1911   6.8   6.6   8.0  11.4  20.2 -99.0 -99.0 -99.0  22.8  16.3   7.5 -99.0 
1912  -0.3   2.2   8.0  14.7  19.2  23.2  25.8 -99.0  22.5  15.3   9.1 -99.0 
1913   8.9   5.4  10.8  13.2  18.8 -99.0  26.3  24.0  19.1  14.7   9.1 -99.0 
1914 -99.0   1.9 -99.0  14.0  18.8  25.5  25.1 -99.0 -99.0  15.6   8.6   2.5 
1915   4.0   6.4   4.9 -99.0  18.8 -99.0  25.1 -99.0  21.6  15.9   9.6   3.2 
1916   7.3   5.2   8.9  13.1  20.3  22.1  24.3  24.7  19.9  15.4   9.1   4.2 
1917   5.4 -99.0   8.3  14.1  16.6  22.7 -99.0 -99.0 -99.0  12.9   7.9 -99.0 
1918 -99.0 -99.0 -99.0  11.6  20.7  23.2  23.5 -99.0 -99.0  16.6   8.8   6.6 
1919   5.3   4.1  10.5  13.6  19.1  23.3  25.4  24.9 -99.0 -99.0   9.1   2.8 
1920   4.0   2.1   9.3  11.6  15.0  23.6  24.5 -99.0 -99.0 -99.0 -99.0 -99.0 
1921 -99.0   5.9  14.4  15.5  17.3  23.5  25.7  24.9  25.4  15.3  11.1   6.6 
1922   3.1   8.6  10.0  15.6  19.0  23.9  25.4  23.2  22.4  16.2   9.5   6.8 
1923   6.6   4.4  10.3  13.5  18.1  22.9  25.3  25.0  21.6  14.6   8.3   8.8 
1924   3.8   3.6   8.0  13.2  17.8  23.6  23.8  24.8  18.8  14.4  10.0   4.8 
1925   2.5 -99.0  10.3  15.0  17.2  25.1  26.3  23.7  24.1  13.8   7.9   4.5 
1926   3.5   6.8   6.3  13.0  19.1  21.7  25.3  25.7  22.1  16.4   7.7   5.2 
1927   4.1   9.4  10.3 -99.0  19.6  21.4  24.1  22.2  21.0  15.5  11.5   5.9 
1928   4.7   4.9   9.3  12.0  17.5  22.6  25.4  25.1  18.5  16.5   9.7   5.3 
1929   4.7   3.5  11.9  15.5  18.8  22.8  24.2  23.7  20.6  13.8  10.2   5.5 
1930   5.9   8.5   7.8  14.2  20.6  22.6  26.3  23.7  23.8  13.6   7.9   2.0 
1931   4.5   6.6   6.4  12.6  17.9  23.6  26.6  23.3  23.1  16.6  11.4   8.9 
1932   9.5   9.1   7.9  13.7  18.7  24.1  26.8  25.3  21.8  15.6   8.3   6.9 
1933   8.7   5.7   9.8  14.0  21.7  24.7  24.9  24.6  24.0  15.8   8.9   8.1 
1934   6.6   1.0   8.2  15.0  19.3  25.0  26.5  24.9  22.0  14.7  10.9   5.1 
1935   4.3   5.8  13.0  13.1  18.0  24.0  25.4  25.0  20.5  15.6  11.0   0.9 
1936   1.6   2.7  11.2  12.6  20.7  23.4  25.6  25.9  22.7  17.0   9.3   6.2 
1937   9.7   5.7   8.9  14.3  19.6  24.7  25.1  25.0  19.6  14.0   8.6   4.9 
1938   4.5   8.7  13.0  14.9  19.6  22.1  24.3  25.9  21.3  15.2  11.7   5.7 
1939   6.5   9.0  11.5  14.1  19.2  25.2  24.4  25.0  22.9  16.6   8.1   5.9 
1940  -1.4   5.5   8.0  13.5  18.6  24.2  24.8  24.3  20.1  15.5   9.5   7.4 
1941   4.1   2.5   6.4  15.8  20.5  23.2  25.5  25.4  23.4  19.7  10.4   7.0 
1942   3.7   3.5  10.8  15.5  19.7  24.4  25.8  24.1  22.0  15.7  10.7   4.1 
1943   5.6   6.7   9.0  13.7  20.3  25.6  24.9  25.6  19.8  14.9   9.4   6.2 
1944   4.7   6.8   8.7  14.3  21.3  24.9  24.7  23.7  22.0  15.2   9.0   2.7 
1945   3.5   6.2  15.4  16.7  18.4  25.1  25.1  23.7  22.6  14.8  10.9   1.7 
1946   5.0   6.5  13.0  14.8  18.3  23.2  25.4  23.8  22.0  17.2  14.0   8.8 
1947 -99.0   3.1   6.2  16.8  20.5  23.7  24.1  26.0  22.1  18.5   8.9   5.1 
1948   2.0   5.7  13.1  16.8  19.8  24.0  26.4  24.7  21.3  14.2  13.0   7.8 
1949  10.3  10.3  11.1  14.6  20.4  24.7  27.2  25.2  20.6  17.8   9.4   7.2 
1950  10.7   7.4   9.2  14.1  20.0  23.5  24.2  23.8  20.6  16.7   8.3   2.8 
1951   5.7   6.2   9.8  13.9  18.2  23.9  25.7  25.0  21.1  17.2   7.6   6.3 
1952   8.4   6.5   9.3  14.6  19.7  26.1  26.5  24.3  20.4  13.1  10.2   4.9 
1953   7.5   7.9  10.3  14.8  22.4  23.8  25.9  25.0  21.0  16.0   9.3   5.7 
1954   5.1   8.2   9.6  16.9  16.6  23.5  25.8  24.9  23.0  16.7   7.5   3.5 
1955   3.8   6.1  11.8  16.3  20.2  21.0  26.2  24.9  21.3  14.5   9.1   2.5 
1956   3.4   7.0   8.7  13.3  19.1  23.3  25.4  24.5  20.0  16.0   8.6   9.7 
1957   4.6   8.2   8.7  16.3  19.6  23.9  25.2  23.4  22.2  12.6  10.6   6.5 
1958   1.7   1.8   6.9  14.4  19.1  22.5  25.8  24.4  20.5  14.4  12.3   2.3 
1959   3.4   6.5   8.6  15.6  21.0  23.0  25.0  25.5  21.1  16.2   9.5   5.4 
1960   5.1   4.6   2.6  16.5  18.4  23.4  24.2  25.1  21.1  15.7  10.0   2.2 
1961   1.9   6.9  11.1  11.8  17.3  22.2  24.8  24.5  22.6  14.6  11.4   4.9 
1962   3.0   6.0   7.2  13.8  21.9  22.7  24.0  24.0  20.0  16.5   8.6   3.0 
1963   1.9   1.6  10.9  15.8  18.1  22.3  24.2  24.0  19.3  15.0  10.3   1.0 
1964   3.6   3.9   9.8  14.8  19.3  23.8  24.2  23.2  20.2  12.1  11.8   6.2 
1965   4.5   5.4   7.8  14.6  22.2  22.0  24.5  24.9  22.2  14.1  10.9   6.0 
1966   2.3   4.8   9.2  13.1  18.8  22.2  26.0  24.9  21.0  14.1  10.2   4.9 
1967   5.9   3.5  10.7  16.4  16.8  21.6  24.5  23.5  18.2  14.0   8.1   7.1 
1968   2.4   2.4  11.0  15.1  17.9  23.1  25.4  26.6  21.1  15.7  10.2   3.5 
1969   2.0   5.1   6.8  15.4  18.8  24.6  26.7  23.8  20.4  15.2   8.7   3.7 
1970   1.0   4.8   8.7  16.0  19.9  23.1  25.3  24.9  23.8  16.1 -99.0   6.5 
1971   3.4   5.2   7.6  13.5  17.6  24.1  24.8  23.8  22.1  17.6   9.7  10.0 
1972   6.9   4.3   9.9  13.7  17.6  21.0  25.0  24.0  21.2  13.4   9.3   7.3 
1973   4.4   3.9  11.6  14.0  17.9  23.9  25.0  24.8  23.0  16.1  11.5   5.6 
1974   9.5   5.8  11.2  14.8 -99.0  21.6  24.6  24.0  19.8  13.0   9.7   5.4 
1975   5.8   7.0   7.6  13.0  19.6  23.0  23.7  25.5  20.6  16.1  11.2   4.7 
1976   2.3  10.1  12.5  15.8  17.8  22.2  24.8  22.6  19.2  10.8   6.7   2.8 
1977  -2.4   4.4  11.5  16.4  19.4  22.1  26.4  24.0  21.7  12.9   9.5   3.4 
1978  -0.6   0.0   6.9  13.8  16.6  22.1  23.0 -99.0  20.2  13.4  11.1   5.7 
1979   3.0   1.3 -99.0  15.5  18.2  20.7  23.2 -99.0  20.3  14.1  11.2   5.5 
1980   4.4   2.5   7.6  14.7  18.9  21.4  24.6  24.5  22.1  13.3   8.4   4.9 
1981   0.9   5.7   7.4  16.1  17.1  24.3  23.8 -99.0 -99.0  13.1  10.0   2.9 
1982  -0.2   6.2   9.0  12.7  19.6  21.5  23.4  22.0  20.2  14.5  10.7   8.5 
1983   3.1   4.9  10.1  11.9 -99.0 -99.0 -99.0  26.8  21.4  14.4   9.7   3.3 
1984   1.6   7.3   7.7  12.5  17.9  23.0  22.7  22.7  17.4  16.6   7.5   9.6 
1985   1.3   5.1  11.3  16.9  19.4  23.4  24.5  24.0  21.2  17.0  14.8   3.6 
1986   3.3   6.3   9.7  15.9  19.3  24.6  26.5  22.9  20.0  15.6  10.9   5.7 
1987   3.4   4.7   9.2  13.1  20.6  24.4  27.0  25.8  21.6  10.7  10.5   5.9 
1988   0.4   4.7   9.2  14.6  18.6  23.1  26.3  27.1  20.6  11.8   9.8   4.7 
1989   6.4   5.4   9.1  13.4  17.2  24.4  24.9  23.9  20.7  14.3   9.9   0.2 
1990   8.5  10.2  12.2  14.8  18.8  23.0  25.8  24.8  20.2  16.4  12.3   8.9 
