Number= 720384
Name= PORT-JERVIS---------
Country= USA---------
Lat=   41.4
Long=   74.7
Height= 143
Start year= 1880
End year= 1990
First Good year= 1880
Source ID= 30
Source file= New
Normals source= Data
Normals source start year= 1961
Normals source end year= 1990
Normals=  -4.4  -2.9   2.8   9.0  14.9  19.6  22.0  21.0  16.4  10.2   4.7  -1.5 
Standard deviations source= Data
Standard deviations source start year= 1941
Standard deviations source end year= 1990
Standard deviations=   2.5   2.1   1.9   1.5   1.5   1.1   0.9   1.0   1.1   1.6   1.5   2.2 
Obs:
1880  -0.3  -1.8   0.2   8.5  18.5  20.2  21.6  20.2  16.3   8.0   0.7  -5.2 
1881  -7.6  -4.7   1.0   6.4  16.8  16.6  21.6  21.1  20.7  11.7   4.3   2.1 
1882  -4.1  -1.3   2.0   6.7  11.3  18.8  21.5  20.2  17.2  11.9   2.3  -2.7 
1883  -6.1  -3.3  -1.9   6.8  13.9  20.8  20.8  18.6  14.7   8.8   4.7  -1.8 
1884  -6.4  -1.1  -0.6   7.3  14.3  20.2  20.3  21.2  17.2   9.3   2.6  -2.2 
1885  -5.1  -9.8  -4.7   7.0 -99.0 -99.0 -99.0 -99.0 -99.0 -99.0 -99.0 -99.0 
1886 -99.0 -99.0 -99.0 -99.0 -99.0 -99.0 -99.0 -99.0 -99.0 -99.0 -99.0 -99.0 
1887 -99.0 -99.0 -99.0 -99.0 -99.0 -99.0 -99.0 -99.0 -99.0 -99.0 -99.0 -99.0 
1888 -99.0 -99.0 -99.0 -99.0 -99.0 -99.0 -99.0 -99.0 -99.0 -99.0 -99.0 -99.0 
1889 -99.0 -99.0 -99.0 -99.0 -99.0 -99.0 -99.0 -99.0 -99.0 -99.0 -99.0 -99.0 
1890  -0.5  -1.2  -1.8   7.6  13.6  18.4  18.6  17.6  14.0   7.6   1.5  -5.6 
1891  -2.7  -1.2   0.4   9.1  13.0  18.5  18.1  19.6  17.8   8.8   2.6   2.2 
1892  -4.3  -1.8  -1.1   8.1  14.5  20.8  20.7  20.5  15.0   8.6   2.3  -3.6 
1893  -8.8  -5.3  -0.8   7.1  13.7  19.2  20.3  20.2  13.7  10.1   1.9  -2.3 
1894  -2.2  -5.7   3.3   7.8  14.9  19.5  21.7  19.0  17.5  10.0   1.2  -1.7 
1895  -6.3  -8.2  -1.1   7.7  15.6  20.7  19.2  20.1  17.2   6.2   3.9  -0.7 
1896  -6.1  -3.9  -2.6  10.1  17.1  18.2  21.4  20.0  15.4   7.9   5.4  -2.9 
1897  -4.3  -2.7   1.6   9.1  14.4  16.7  21.4  18.7  16.0  10.0   3.3  -1.5 
1898  -3.4  -2.9   5.4   6.7  14.5  20.1  22.2  21.3  17.7  10.9   3.1  -3.0 
1899  -5.1  -5.4   0.4   8.7  15.3  19.7  21.0  19.9  15.4  11.0   3.6  -1.0 
1900  -2.8  -3.5  -1.7   8.8  14.6  19.6  22.2  22.6  18.4  13.0   4.8  -2.2 
1901  -3.4  -6.2   0.9   8.1  14.1  20.1  24.0  21.1  17.2  10.4   0.8  -2.7 
1902  -5.2  -4.7   4.7   8.6  14.4  17.3  20.5  19.1  15.7  10.4   6.4  -4.5 
1903  -4.1  -2.3   6.5   8.6  15.5  15.5  20.5  17.1  16.5  10.8   1.3  -5.4 
1904  -8.4  -6.8   0.4   6.7  16.2  19.0  20.2  19.4  15.9   8.5   1.3  -5.9 
1905  -6.3  -7.7   1.6   8.6  14.9  18.9  22.0  19.1  16.2  10.0   2.2  -0.4 
1906  -0.3  -4.5  -2.1   8.7  14.6  19.6  21.3  21.8  18.5  10.4   3.9  -2.8 
1907  -3.7  -7.8   2.8   6.3  11.2  17.1  20.9  19.1  17.2   7.7   3.0  -0.7 
1908  -3.1  -5.4   1.9   8.3  15.4  19.4  22.3  19.9  17.8  11.4   3.0  -1.1 
1909  -2.8   0.1   0.4   8.0  13.9  19.7  20.1  19.5  16.3   8.9   5.5  -3.3 
1910  -3.8  -4.4   4.9  10.5  14.3  17.6  22.4  19.5  17.5  12.1   2.0  -6.3 
1911  -2.4  -4.9   0.4   7.0  17.8  18.5  22.4  20.3  16.6   9.1   1.7   0.5 
1912  -9.0  -4.9  -0.1   8.5  15.9  17.9  22.0  18.8  16.5  11.4   4.4   0.4 
1913   0.7  -4.5   4.7  10.2  14.0  19.4  21.6  20.3  15.5  12.6   5.1  -0.3 
1914  -2.8  -7.8   0.1   7.0  16.1  18.3  21.0  21.2  15.8  12.4   2.6  -3.4 
1915  -2.4  -0.4   0.1  11.4  12.2  18.5  21.2  18.9  18.4  10.7   3.5  -3.0 
1916  -1.6  -5.6  -3.1   7.4  14.9  16.5  22.5  21.3  16.4  10.2   2.8  -2.1 
1917  -3.9  -5.6   1.1   7.7  10.1  18.9  21.7  21.8  14.4   7.7   1.4  -8.2 
1918  -9.5  -5.1   3.4   8.9  18.2  17.8  20.9  21.9  13.9  11.6   3.9  -0.3 
1919  -1.6  -1.4   2.3   7.7  14.9  20.5  21.6  18.7  16.5  11.9   3.4  -3.4 
1920  -8.1  -5.1   0.9   6.8  13.2  18.3  19.9  21.2  17.7  13.0   2.9  -0.2 
1921  -2.3  -2.0   7.0  12.4  15.2  19.8  23.6  19.1  19.2   9.6   3.9  -2.2 
1922  -5.6  -1.2   2.8   8.8  16.2  20.4  21.8  20.4  18.0  11.3   3.9  -2.9 
1923  -4.8  -6.3   0.2   8.7  14.1  20.7  20.6  19.6  18.1  10.0   3.8   2.2 
1924  -2.1  -3.6   1.5   7.1  12.1  17.6  21.4  21.2  14.9  10.5 -99.0 -99.0 
1925 -99.0  -0.1   4.8  10.3  13.7  22.8  22.1  20.4  19.0   7.9   4.1  -1.2 
1926  -4.0  -4.8  -0.7   5.9  14.2  16.3  21.8  20.8  17.0   9.7   4.9  -4.7 
1927  -4.8  -0.6   3.7   7.4  11.9  16.0  19.7  18.0  16.4  11.4   5.4  -0.6 
1928  -2.9  -3.4   0.8   6.4  12.8  16.9  21.7  21.2  14.2   9.8   4.4   0.4 
1929  -2.9  -3.1   5.0   8.9  14.0  19.0  21.1  19.0  18.0   9.0   3.6  -1.6 
1930  -4.3  -0.7   2.5   7.4  15.1  20.7  21.1  20.1  18.1   9.2   4.2  -1.9 
1931  -3.9  -2.8   2.3   8.5  14.6  19.1  22.5  20.5  17.9  11.6   7.0   1.4 
1932   2.7  -1.2   0.2   7.0  15.0  18.1  20.4  20.5  16.5  11.4   2.5  -0.7 
1933   0.6  -2.6   1.3   9.4  16.3  20.4  22.4  20.7  17.3  10.0   1.5  -3.5 
1934  -2.2  -9.8   1.1   8.5  16.0  20.7  22.6  19.1  18.1   9.0   5.8  -2.0 
1935  -5.8  -3.2   3.4   7.7  12.9  18.8  22.8  20.3  14.9  10.6   6.1  -3.7 
1936  -5.3  -7.3   5.9   7.9  16.4  19.0  22.7  21.9  17.7  10.6   1.9   0.1 
1937   1.0  -1.1   0.1   8.0  16.1  19.9  22.0  22.6  16.1   9.7   4.1  -2.2 
1938  -3.8  -1.2   4.1  10.3  14.2  19.3  22.5  22.4  14.7  11.7   5.5  -1.3 
1939  -3.4  -1.1   1.3   7.2  17.1  19.9  22.0  21.9  16.5   9.7   2.0  -0.9 
1940  -7.2  -2.6  -0.9   6.3  14.2  18.4  21.3  18.2  14.3   7.5   3.4  -0.1 
1941  -4.3  -3.4  -0.5  12.3  15.5  19.5  22.4  20.2  17.7  12.6   5.8   0.2 
1942  -4.2  -3.6   4.4  11.1  16.6  19.9  22.0  20.3  17.0  10.9   4.5  -3.1 
1943  -3.6  -2.4   1.6   6.2  15.7  21.9  22.2  21.2  16.1  10.8   3.4  -3.4 
1944  -2.0  -2.4   0.7   7.4  17.9  19.5  22.8  22.0  17.6  10.0   4.5  -3.1 
1945  -7.3  -2.3   8.2  11.4  12.9  18.4  21.1  19.9  18.0  10.1   4.4  -4.2 
1946  -2.5  -3.0   7.1   8.6  14.0  18.4  21.5  18.7  18.1  13.0   6.6  -0.3 
1947  -0.6  -3.9   0.9   8.4  14.6  18.3  21.3  22.5  17.3  14.3   3.0  -1.7 
1948  -7.1  -5.0   3.2   9.5  14.7  19.0  22.3  21.5  18.1  10.2   7.9  -1.0 
1949   0.6   1.0   4.0  10.1  15.6  21.3  24.1  22.7  16.2  12.8   4.0   0.0 
1950   1.2  -3.9  -0.1   6.9  14.1  18.4  20.6  20.2  14.9  12.0   5.3  -3.1 
1951  -1.8  -0.7   3.5   9.4  15.5  18.6  21.5  20.0  15.7  11.1   1.5  -1.2 
1952  -1.8  -1.3   1.7  10.4  12.8  19.9  22.9  20.0  16.6   8.0   4.4  -0.5 
1953  -1.4  -0.1   3.8   8.8  16.2  20.3  22.4  20.8  17.2  11.4   5.0   1.8 
1954  -4.5   1.6   3.3  10.6  13.3  19.9  21.7  20.2  16.1  12.6   3.9  -0.8 
1955  -4.2  -1.8   2.8  11.6  16.8  18.6  24.9  23.4  16.5  12.1   3.5  -4.7 
1956  -2.3  -1.0  -0.1   7.4  13.5  20.1  20.5  20.7  15.1  11.0   4.5   0.8 
1957  -5.5  -0.2   2.8  10.4  15.7  21.9  21.7  19.9  17.5  10.0   6.2   1.8 
1958  -2.8  -5.0   2.7   9.8  13.6  17.4  22.8  21.2  17.0   9.8   5.2  -5.0 
1959  -3.2  -3.5 -99.0 -99.0 -99.0 -99.0 -99.0 -99.0 -99.0 -99.0 -99.0 -99.0 
1960 -99.0 -99.0 -99.0 -99.0 -99.0  19.7  20.9  21.4  17.0  10.0   5.4  -5.1 
1961  -7.6  -1.8   2.5   7.1  13.6  20.3  22.3  21.6  20.2  12.2   5.4  -1.9 
1962  -4.0  -4.0   2.5   9.3  16.3  20.7  21.0  20.6  14.8  10.8   2.5  -4.1 
1963  -5.1  -6.3   2.8   8.8  14.2  19.7  21.8  19.3  13.9  12.4   6.9  -4.6 
1964  -2.8  -3.9   3.2   8.1  16.3  19.0  22.2  19.5  16.5   8.9   5.5  -1.5 
1965  -5.5  -3.0   1.3   7.7  17.3  19.2  21.0  20.4  16.9   8.9   3.8  -0.1 
1966  -4.2  -2.6   2.9   7.2  12.4  20.3  23.1  21.5  14.7   9.3   5.6  -1.4 
1967  -1.2  -4.5   0.4   9.3  11.0  21.1  22.0  20.2  15.8  10.1   2.0  -0.7 
1968  -6.7  -4.8   4.1  10.8  13.0  19.0  22.9  21.1  17.0  11.4   4.2  -3.1 
1969  -4.2  -2.7   0.8  10.7  15.3  20.2  21.3  21.4  16.4   9.8   4.0  -3.5 
1970  -8.0  -3.1   0.7   8.8  16.1  19.4  22.5  21.3  17.3  11.5   5.5  -2.3 
1971  -6.7  -2.7   0.9   7.8  13.5  20.5  21.4  20.4  18.3  13.3   3.6   0.7 
1972  -2.3  -4.2   1.4   6.9  15.5  18.0  22.4  20.5  17.1   8.1   2.7   0.3 
1973  -1.4  -3.3   6.3   9.9  13.0  21.2  22.4  22.3  16.2  11.2   5.4  -0.3 
1974  -2.5  -3.2   2.7  10.8  13.8  18.6  21.5  20.8  15.5   7.7   5.2   0.2 
1975  -1.1  -1.4   1.6   6.5  17.3  19.9  22.6  21.1  14.6  12.0   7.6  -1.4 
1976  -6.7   1.0   4.3  10.4  13.7  20.8  20.3  20.0  15.7   8.2   1.4  -4.6 
1977  -8.4  -2.5   4.9   9.4  16.0  18.6  22.2  20.9  16.7   9.2   6.0  -2.9 
1978  -5.9  -7.0   0.4   8.1  14.5  19.3  21.3  22.4  15.7   9.5   4.4  -1.2 
1979  -4.0  -7.9   4.6   8.8  15.0  18.5  21.4  20.9  16.4   9.8   6.8   0.6 
1980  -2.7  -5.0   1.9   9.9  16.0  18.3 -99.0  22.6  17.8   8.9   2.0  -4.0 
1981  -7.5   1.0   2.3  10.6  15.0  19.7  22.6  20.7  16.3   8.0   4.9  -2.3 
1982  -8.1  -2.7   1.9   7.7  15.7  18.1  21.8  19.2  16.6  10.4   6.1   2.1 
1983  -3.0  -1.5   4.1   8.8  13.6  20.0  22.6  21.9  17.2  10.2   4.9  -2.5 
1984  -5.5   1.0  -0.4   8.6  13.6  20.3  21.0  21.6  14.8 -99.0   4.6   2.3 
1985  -5.4  -1.3   4.9  11.5  16.5  18.0  22.1  21.2  18.0  11.2   5.8  -3.2 
1986  -3.3  -4.2   3.7   9.5  16.5  18.9  21.7  20.1  16.7  11.0   3.0   0.2 
1987  -4.0  -3.4   4.4  10.1  15.9  20.7  23.1  20.2  16.5   8.4   5.3   0.2 
1988  -5.1  -2.9   3.8   8.6  15.4  19.1  24.0  22.9  16.1   7.9   5.5  -1.2 
1989  -0.4  -2.1   3.3   8.4  15.2  20.5  22.4  21.1  16.9  11.5   4.6  -7.8 
1990   1.3   0.8   5.0  10.2  14.3  20.1  22.5  21.4  16.6  13.3   6.2   2.0 
