Number= 720391
Name= GOLDSBORO-4SE-------
Country= USA---------
Lat=   35.3
Long=   78.0
Height= 33
Start year= 1856
End year= 1990
First Good year= 1856
Source ID= 30
Source file= New
Normals source= Data
Normals source start year= 1961
Normals source end year= 1990
Normals=   5.4   7.0  11.5  16.4  20.8  24.7  26.7  26.3  23.2  16.9  12.3   7.4 
Standard deviations source= Data
Standard deviations source start year= 1941
Standard deviations source end year= 1990
Standard deviations=   2.7   2.2   2.2   1.2   1.2   1.2   0.9   0.9   1.3   1.9   1.6   2.2 
Obs:
1856   0.4   4.9   7.8  16.9  20.2  25.3  27.7  24.5  21.7  15.9  10.7   4.9 
1857   1.5  12.1   8.3  10.5 -99.0 -99.0 -99.0 -99.0 -99.0 -99.0 -99.0 -99.0 
1858 -99.0 -99.0 -99.0 -99.0 -99.0 -99.0 -99.0 -99.0 -99.0  17.8   8.6   9.8 
1859 -99.0 -99.0 -99.0 -99.0 -99.0 -99.0 -99.0 -99.0 -99.0 -99.0 -99.0 -99.0 
1860   6.7   8.8  12.0  17.3  20.5  23.8  26.8  24.8  20.7  16.3  10.2   4.2 
1861   6.1   9.2  11.1 -99.0 -99.0 -99.0 -99.0 -99.0 -99.0 -99.0 -99.0 -99.0 
1862 -99.0 -99.0 -99.0 -99.0 -99.0 -99.0 -99.0 -99.0 -99.0 -99.0 -99.0 -99.0 
1863 -99.0 -99.0 -99.0 -99.0 -99.0 -99.0 -99.0 -99.0 -99.0 -99.0 -99.0 -99.0 
1864 -99.0 -99.0 -99.0 -99.0 -99.0 -99.0 -99.0 -99.0 -99.0 -99.0 -99.0 -99.0 
1865 -99.0 -99.0 -99.0 -99.0 -99.0 -99.0 -99.0 -99.0 -99.0 -99.0 -99.0 -99.0 
1866 -99.0 -99.0 -99.0 -99.0 -99.0 -99.0 -99.0 -99.0 -99.0 -99.0 -99.0 -99.0 
1867   2.8  11.8   8.9  17.1  20.2  23.8  25.7  25.1  23.0  16.1  12.6   7.1 
1868   4.5   4.8  12.1  15.2  20.6  24.1  28.0  25.6  23.6  15.9   9.8   5.1 
1869   9.6  10.1  11.4  16.8  19.6  26.9  27.3  27.4  22.2  14.9   8.4   8.7 
1870  10.4   7.9   9.7  16.2  21.6  26.3  28.7  27.5  24.2  19.3  11.7   6.0 
1871   7.2   9.9  15.8  18.3 -99.0 -99.0 -99.0 -99.0 -99.0 -99.0 -99.0 -99.0 
1872 -99.0   6.7   8.2 -99.0 -99.0 -99.0 -99.0 -99.0 -99.0 -99.0 -99.0 -99.0 
1873   8.8 -99.0 -99.0 -99.0 -99.0 -99.0 -99.0  27.3  24.2  16.4  10.3   7.9 
1874 -99.0   8.1  13.3  16.4  22.4  28.4  26.3  23.9  22.2  15.6  11.4   7.2 
1875   3.1   3.9  11.5  14.2  20.3  24.1  28.1  25.0  21.1  15.0  11.4  10.0 
1876  10.6   9.8  10.2  15.6  20.1  25.2  27.6  25.8  22.4  14.4  11.2   2.5 
1877   6.1   8.7  11.4  13.9  17.1  25.0 -99.0  25.7  21.8  17.2  12.6   8.9 
1878   5.7   8.4  14.8  16.7  20.0  22.8 -99.0 -99.0 -99.0 -99.0 -99.0 -99.0 
1879 -99.0 -99.0 -99.0 -99.0 -99.0 -99.0 -99.0 -99.0 -99.0 -99.0 -99.0 -99.0 
1880 -99.0 -99.0 -99.0 -99.0 -99.0 -99.0 -99.0 -99.0 -99.0 -99.0 -99.0 -99.0 
1881 -99.0 -99.0 -99.0 -99.0 -99.0 -99.0 -99.0 -99.0 -99.0 -99.0 -99.0 -99.0 
1882 -99.0 -99.0 -99.0  16.2  19.4  25.9  26.1  26.4  23.1  18.8 -99.0 -99.0 
1883 -99.0 -99.0 -99.0  15.4  20.4  25.9  27.5  25.7 -99.0  17.8 -99.0 -99.0 
1884 -99.0 -99.0 -99.0  15.3  22.3  23.4  24.7  25.1  22.9  20.4 -99.0 -99.0 
1885 -99.0 -99.0 -99.0 -99.0  20.1  24.3  27.2  23.4  22.8  16.1 -99.0 -99.0 
1886 -99.0 -99.0 -99.0  13.1  21.8  24.9 -99.0  23.0  24.6  18.5 -99.0   4.4 
1887 -99.0  11.0 -99.0 -99.0  22.0  25.2  29.5  25.6  21.9  16.3 -99.0 -99.0 
1888 -99.0 -99.0 -99.0  16.7  21.3  26.1  26.2  26.9  22.4  14.9 -99.0  10.3 
1889 -99.0 -99.0 -99.0 -99.0  21.6  24.7  26.0  24.7  21.1  15.8  13.3 -99.0 
1890 -99.0 -99.0 -99.0 -99.0  22.3  27.2  26.4  25.1  23.0  17.6  13.2 -99.0 
1891 -99.0 -99.0 -99.0 -99.0  19.3  25.2  25.0  26.0  22.6  14.1   9.5   8.5 
1892 -99.0 -99.0 -99.0  14.0  20.6  24.8  25.4  26.5  21.7  15.8   8.9 -99.0 
1893 -99.0 -99.0 -99.0  17.4  20.4  24.1  26.9  24.9  22.4  16.4  10.3 -99.0 
1894 -99.0 -99.0 -99.0  18.7  22.4  25.1  25.9  24.3  23.5  17.3   9.4 -99.0 
1895 -99.0 -99.0 -99.0  15.2  19.8  25.5  26.3  26.6  25.3  15.1 -99.0 -99.0 
1896 -99.0 -99.0 -99.0 -99.0  24.2  25.2  27.3  27.1  23.2  15.4  14.6 -99.0 
1897 -99.0 -99.0 -99.0 -99.0  20.0  25.8  26.8  25.1  23.4  18.7 -99.0 -99.0 
1898 -99.0 -99.0 -99.0 -99.0  22.1  25.8  28.0  27.1  23.9  16.9 -99.0 -99.0 
1899 -99.0 -99.0 -99.0 -99.0  20.7  25.9  25.5  26.0  22.0  17.1  11.2   6.4 
1900   6.1   5.3   8.8  14.5  20.5  24.8  27.8  28.0  24.5  19.1  13.3   5.9 
1901   5.8   3.6  11.4  12.8  20.8  25.1  27.1  26.4  22.9  16.1   7.6   5.8 
1902   5.8   4.1  11.5  13.8  21.4  24.7  26.8  24.8  21.2  17.6  13.8   6.8 
1903   6.4   8.7  14.7  14.7  20.8  22.4  26.8  25.8  21.8  15.7   9.8   3.9 
1904   3.2   4.1  11.3  15.1  20.2  24.7  25.9  25.3  22.3  15.6   9.8   4.8 
1905   4.2   2.9  12.8  16.3  22.5  24.8  26.6  24.8  23.1  16.9  10.8   6.4 
1906   7.9   6.7   8.7  17.0  20.7  24.9  25.4  26.5  24.6  16.6  10.3   6.1 
1907   9.2   3.6  13.4  12.0  20.5  22.9  27.6  25.8  25.3  15.0   9.5 -99.0 
1908   5.4   5.4  13.9  18.9  21.4  25.1  27.0  25.5  21.8  17.0  13.0   9.6 
1909 -99.0  10.7  11.0  17.0  21.0  26.8  25.4  25.2  21.5  14.7  13.7   4.8 
1910   6.8   7.2  15.4  17.0  20.4  24.1  27.3  26.0  23.4  18.5   8.7   2.9 
1911   8.5   7.6   9.7  13.7  21.2  25.7  26.2  26.4  25.3  18.0  11.3   7.9 
1912   1.6   2.9  10.1  16.8  20.7  23.4  25.6  24.6  24.0  16.3  10.2   7.8 
1913  11.6   7.6  12.6  15.1  20.2  23.2  26.4  24.3  21.0  16.1   9.8   7.0 
1914   6.6   4.2   6.3  14.4  21.2  26.0  26.3  26.6  21.7  18.2  10.8   5.7 
1915   6.9   8.7   6.6  16.4  21.8  23.7  26.8  26.3  24.9  18.5  12.5   5.2 
1916   9.1   7.9   9.6  15.2  22.6  23.8  26.0  26.1  22.3  17.9  12.7   7.0 
1917   7.9   6.8  10.5  17.2  18.7  24.9  26.5  25.6  21.3  15.2   9.2   1.7 
1918   1.0   9.1  13.4  14.8  22.9  24.2  24.8  27.2  21.0  19.9  12.0   9.3 
1919   7.1   6.6  12.7  16.0  21.5  24.1  26.5  25.6  23.1  22.7 -99.0   5.3 
1920   4.6   4.2  10.3  15.7  18.8  24.8  25.7  25.6  24.3  18.3  11.2   6.4 
1921   6.2   8.0  15.8  17.2  19.4  25.3  27.2  25.6  27.0  17.3  12.8   7.3 
1922   4.1   8.4  11.8  16.7  21.4  25.5  26.9  24.3  24.0  17.9  11.2   9.4 
1923   8.4   5.9  13.2  15.9  20.7  26.4  26.3  26.1  24.8  16.5  10.7  10.7 
1924   6.2   5.8  10.0  15.5  20.6  25.5  25.5  26.0  21.1  16.3  11.8 -99.0 
1925 -99.0  11.1  13.1  17.7  19.1  26.2  27.0  25.5  26.8  17.1 -99.0 -99.0 
1926   5.7   8.9   8.0  14.6  20.4  24.0  27.0  27.4  25.1  17.8   9.6   7.4 
1927   4.7  12.2  11.7  15.7  21.8  23.2  25.5  24.4  23.8  18.4  13.4   7.8 
1928   7.2   7.6  10.9  14.4  19.0  25.3  27.0  26.5  21.4  18.0  11.4   6.8 
1929   7.0   5.9  13.7  17.5  20.7  23.4  25.4  24.9  23.0  16.5  12.6   7.6 
1930   7.3   9.9  10.1  16.9  22.5  24.4  28.0  25.1  26.5  16.1  10.6   5.3 
1931   6.2   8.7   8.5  15.1  20.5  24.8  28.2  25.6  25.5  18.2  14.4  11.6 
1932  12.1  11.3  10.0  16.1  20.6  25.8  28.8  26.6  24.0  18.2  10.7   9.5 
1933  10.5   9.2  12.2  16.6  23.9  26.0  26.3  26.1  26.3  18.2   9.9   9.2 
1934   8.1   2.2   9.7  17.2  20.8  26.6  27.8  26.7  24.8  17.1  13.1   6.9 
1935   6.8   7.9  15.2  15.0  20.3  25.5  26.2  25.9  23.3  17.8  12.9   3.0 
1936   4.0   4.5  13.2  14.7  22.1  24.5  27.4  26.5  24.5  18.7  10.6   7.0 
1937  12.5   7.0  10.1  15.8  20.5  26.0  26.5  26.2  21.9  16.0   9.4   6.4 
1938   5.7  10.4  14.7  17.1  21.7  23.9  25.9  26.9  22.6  15.8  12.9   6.7 
1939   6.9  11.1  13.2  16.1  20.6  26.6  26.0  25.6  24.6  18.3   8.8   6.4 
1940  -0.4   7.6   9.9  14.9  20.4  25.8  26.4  26.1  22.3  16.2  11.2   9.4 
1941   4.7   3.6   7.5  17.2  21.6  26.5  27.9  27.0  26.5  22.7  15.1 -99.0 
1942   6.5   4.8  13.1  17.5  22.4  26.6  28.0  25.4  24.3  18.5  13.8   5.7 
1943   8.0   6.9   9.8  14.7  21.0  26.5  25.9  25.3  20.8  15.2   9.7   5.5 
1944   5.8   7.4   9.7  16.0  23.6  26.5  25.9  24.7  24.0  16.7  10.2   4.5 
1945   4.5   8.2  15.5  18.4  19.9  25.2  26.7  25.3  26.0  17.7  13.3   4.9 
1946   7.8   9.3  17.5  17.8  21.9  25.3  25.9  25.1  24.3  18.9  15.3   9.3 
1947   9.2   4.6   7.6  17.7  22.3  25.0  25.0  26.6  24.0  20.2  10.7   6.5 
1948   3.4   6.8  14.2  18.1  22.0  25.7  28.2  26.0  23.6  15.2  15.2   8.4 
1949  11.7  11.7  11.9  16.0  21.2  25.4  27.8  26.6  22.5  20.0  12.4   9.6 
1950  13.0  10.4  10.3  15.7  21.3  25.0  25.7  25.3  22.8  19.0  11.4   4.1 
1951 -99.0   8.2  10.7 -99.0  20.1  25.1  26.7  26.2  23.5  18.7  10.4   8.9 
1952  10.3   8.5  10.6  16.6  21.8  27.4  28.0  26.2  23.3  15.1  12.4   6.4 
1953   9.6   9.2  11.7  16.2  23.7  24.1  27.2  26.1  23.4  18.0  11.5   8.4 
1954   6.4   9.8  10.5  18.1  18.7  25.7  26.8  27.1  25.1  18.9  10.9   5.5 
1955   4.9   6.8  12.9  18.6  22.3  22.7  27.7  26.4  24.2  17.9  11.5   4.8 
1956   4.5  10.2  10.8  15.6  21.0  25.9  26.8  25.7  22.3  18.6  11.3  12.0 
1957   6.8  10.4  10.5  18.3  21.3  25.6  26.3  24.6  23.9  14.1  11.1   6.8 
1958   4.0   4.2   9.0  16.8  21.3  24.5 -99.0  26.1  22.3  16.0  14.1   3.8 
1959   5.7   8.8  10.9  17.2  22.6  24.6  26.6  27.0  23.5  18.8  12.1   7.7 
1960   6.7   7.1   5.0  18.6  20.8  25.0  25.6  26.6  23.4  18.1  12.1   3.5 
1961   4.0   9.1  13.7 -99.0  19.1  24.0  26.8  26.2  24.8  16.3  13.4   7.0 
1962   5.4   8.3   9.2  15.7  22.8  24.3  25.6  25.8  21.9  18.5  11.0   5.0 
1963   4.1   4.2  13.7  17.2  19.6  24.1  25.9  25.7  21.1  16.7  12.8   3.3 
1964   6.4   6.1  11.9  16.5  21.1  25.3  25.7 -99.0  22.9  15.2  14.1   8.9 
1965   6.0   7.2   9.5  15.6  23.3  23.4  25.6  26.4  23.7  16.4  12.6   6.8 
1966   3.9   6.5  10.8  14.9  19.6  23.0  26.8  25.4  22.3  16.7  11.6   6.4 
1967   7.9   5.4  12.4  17.4  18.8  22.7  25.6  25.2  20.4  16.5   9.4   9.3 
1968   3.5   3.6  12.2  16.6  19.7  24.8  26.7  27.7  23.3  18.2  12.7   5.5 
1969   4.1   6.8   8.5  16.6  20.6  25.9  27.6  24.8  22.4  17.6  10.9   5.9 
1970   2.7   6.8  10.9  17.5  21.4  24.7  26.2  26.1  24.4  18.4  11.9   7.7 
1971   4.8   7.8   9.6  15.6  19.9  25.9  26.9  25.4  24.3  20.2  12.1  12.1 
1972   9.8   7.1  11.5  15.2  19.2  22.8  27.4  25.6  23.0  16.4  11.8   9.3 
1973   6.2   5.8  13.8  16.5  20.5  26.0  26.5  26.5  24.9  18.6  13.7   7.9 
1974  11.9   7.9  13.7  16.6  20.8  23.5  25.9  25.9  22.7  15.1  12.1   7.6 
1975   9.1   9.8  10.6  14.9  21.9  25.5  25.9  27.4  24.3  19.0  14.0   7.3 
1976   4.9  11.8  14.0  17.1  19.7  24.2  26.5  25.1  22.0  14.4   8.6   5.5 
1977   0.5   6.6  13.5  18.9  22.1  24.5  28.7  27.2  25.1  15.6  14.0   6.9 
1978   3.3   2.4  10.5  16.9  20.2  25.1  26.2  27.6  24.7  16.4  14.7   8.1 
1979   5.3   4.2  12.4  17.4  20.5  22.8  26.1  26.7  23.9  17.0  14.5   7.7 
1980   6.4   3.8   9.2  17.5  21.7  24.2  27.9  27.8  25.7  15.7  10.5   6.0 
1981   2.3   7.3   9.2  17.8  19.8  26.9  27.7  24.9  22.0  15.7  11.3   5.3 
1982   2.5   8.9  11.6  14.9  22.6  24.3  26.6  25.5  22.5  16.3  13.2  10.3 
1983   4.9   6.8  12.1  14.2  20.4  24.2  27.2  27.9  23.8  17.5  12.2   6.6 
1984   4.1   9.9   9.9  15.0  20.8  25.9  26.3  26.6  21.7  20.6  10.4  11.1 
1985 -99.0   7.3  12.6  18.7  21.9  25.7 -99.0 -99.0 -99.0 -99.0 -99.0 -99.0 
1986 -99.0 -99.0 -99.0 -99.0 -99.0 -99.0 -99.0 -99.0 -99.0 -99.0 -99.0   8.3 
1987   5.1   5.8  10.3  15.3  21.8  25.8  27.9  27.0  24.2  14.5  13.8   8.6 
1988   3.5   7.2  11.9  16.3  20.5  23.9  27.8  28.6  22.6  14.1  12.9   6.7 
1989   8.9   7.9  11.1  15.4  20.1  26.4  26.1  25.1  22.7  17.2  11.8   2.0 
1990  10.6  11.9  13.6  16.3  21.8  26.2  28.6  26.9  23.4  19.4  13.1  10.6 
