Number= 720465
Name= BLACKVILLE-3W-------
Country= USA---------
Lat=   33.4
Long=   81.3
Height= 98
Start year= 1884
End year= 1990
First Good year= 1884
Source ID= 30
Source file= New
Normals source= Data
Normals source start year= 1961
Normals source end year= 1990
Normals=   7.1   8.8  13.1  17.2  21.4  25.1  26.8  26.2  23.2  17.7  13.0   8.8 
Standard deviations source= Data
Standard deviations source start year= 1941
Standard deviations source end year= 1990
Standard deviations=   2.7   2.4   1.9   1.2   1.1   1.1   0.9   0.8   1.1   1.6   1.6   2.2 
Obs:
1884 -99.0 -99.0 -99.0 -99.0 -99.0  24.1  28.3  26.1  23.7  20.7 -99.0 -99.0 
1885 -99.0 -99.0 -99.0 -99.0  21.4  25.8  27.2  26.4  23.3  15.8 -99.0 -99.0 
1886 -99.0 -99.0 -99.0  19.3  23.0  25.6  27.1  26.9  24.9  17.3 -99.0 -99.0 
1887 -99.0 -99.0 -99.0 -99.0  21.9  26.4  27.8  26.8  22.5  16.4  11.7   7.8 
1888 -99.0 -99.0 -99.0  18.9  22.4  26.6  26.9  26.1  21.7  14.9 -99.0 -99.0 
1889 -99.0 -99.0 -99.0 -99.0  22.8  25.3  27.4  24.8  23.1  16.3  12.9 -99.0 
1890 -99.0 -99.0 -99.0 -99.0  22.8  28.4  27.3  26.1  23.4  17.3  14.1 -99.0 
1891 -99.0 -99.0 -99.0 -99.0  21.3  27.6  26.0  26.6  23.5  15.9  11.3 -99.0 
1892 -99.0 -99.0 -99.0 -99.0  23.0  26.2  26.9  27.0  22.4  17.9  11.9 -99.0 
1893 -99.0 -99.0 -99.0  20.2  22.6  25.7  28.4  26.0  24.8  18.5  12.1 -99.0 
1894 -99.0 -99.0 -99.0 -99.0  22.9  26.0  26.5  26.2  23.9  18.1  11.1   9.3 
1895   8.3   3.9  13.0  16.8  20.8  26.9  27.6  27.0  24.9  15.7  11.6   7.4 
1896   6.2   9.1  11.4  19.8  25.2  26.6  28.7  27.9  24.4  17.6  15.5   6.9 
1897   6.8  11.4  14.7  17.1  21.1  27.7  27.8  26.4  23.4  19.6  14.1   9.3 
1898  11.1   8.6  16.2  14.7  23.5  27.6  27.5  26.9  24.5  18.2  11.6   8.8 
1899   7.8   7.7  13.9  16.0  23.9  27.0  27.4  27.9  23.6  18.6  13.9   8.4 
1900   7.8   8.0  13.1  17.9  21.5  25.6  28.2  29.2  26.1  20.6  14.5   8.5 
1901   8.2   7.6  12.8  13.7  22.5  26.2  28.3  27.2  24.1  17.6  11.1   8.6 
1902   7.0   6.4  13.5  16.7  24.8  26.8  28.8  26.9  23.0  18.7  15.8   8.8 
1903   7.1  10.4  16.9  16.4  21.6  24.6  27.6  27.7  23.3  17.2  11.8   5.1 
1904   5.5   8.2  14.6  15.9  21.6  26.4  27.7  26.4  24.5  17.9  11.8   8.6 
1905   5.7   5.0  15.4  18.1  24.0  27.4  28.4  26.9  25.9  18.9  13.6   7.7 
1906   9.6   9.1  12.5  18.9  22.0  27.8  27.4  28.8  26.8  16.7  13.4   8.5 
1907  13.0   9.9  18.9  15.0  22.4  26.3  29.3  28.2  25.1  17.6  12.9  10.3 
1908   9.0   9.8  18.1  19.5  23.4  26.1  27.8  27.7  23.3  17.1  15.2  11.5 
1909  10.8  12.9  13.6  18.6  22.0  27.4  27.7  27.7  23.9  17.6  15.9   7.1 
1910   8.2   8.7  16.7  17.9  21.9  25.4  27.4  27.2  25.3  20.0  12.3   7.2 
1911  11.4  13.0  14.6  18.7  23.4  29.0  28.3  28.1  27.9  21.4  12.8  11.2 
1912   6.1   7.8  13.4  19.2  23.2  26.0  27.8  27.9  26.3  19.0  12.7  10.9 
1913  14.0  11.1  14.9  17.0  22.9  26.2  29.6  28.5  23.6  17.9  14.2  10.1 
1914   9.1   9.0  12.2  19.5  23.6  29.1  28.0  27.4  23.3  19.5  13.3   8.2 
1915   8.5  10.7   9.1  18.8  24.3  26.2  29.3  28.2  26.1  21.0  15.7   8.1 
1916  13.4  11.6  14.4  17.7  24.4  27.0  26.8  28.3  24.0  19.5  14.8   9.0 
1917  11.8  10.4  14.5  19.0  19.9  26.8  27.7  27.7  23.5 -99.0  11.9   5.9 
1918   5.9  13.4  17.2  16.8  22.8  26.1  26.6  28.0  22.6 -99.0 -99.0  11.7 
1919   8.3   9.1  13.9 -99.0  22.5  25.5  27.4  26.6  23.7  24.7  14.2   8.7 
1920   8.5   7.2  10.3  16.2  20.6  26.6  27.6  26.8  25.0  17.9  11.3   7.9 
1921   9.2  12.1  16.5  16.2  20.1  25.9  26.4  26.5  27.8  17.2  13.7  11.8 
1922   6.3  11.0 -99.0  17.8  21.3  26.8  27.8  25.7  25.0  19.4  14.3  10.4 
1923   9.8   7.6  12.8  15.9  20.5  25.8  26.3  26.8  24.3  17.0  10.7  11.4 
1924   6.6   8.0  11.3  17.0 -99.0  26.7  26.4  27.3  21.8  16.6  13.4  10.5 
1925   8.4  12.1  13.7  19.2  21.4  27.2  28.7  27.6  29.1  20.1  11.8   8.3 
1926   7.3  10.6   9.4  16.4  22.3  25.6  27.0  28.4  25.8  19.6  11.0  10.6 
1927   7.5  14.2  13.4  18.3  22.6  24.9  25.0  25.2  24.6  18.8  14.6 -99.0 
1928 -99.0 -99.0 -99.0  17.3  20.8  25.0  27.0  26.9  22.0 -99.0 -99.0 -99.0 
1929   8.8   8.8  15.4  18.7  21.5  24.8  26.4  27.1  22.5  17.0  13.3   8.6 
1930   9.5  11.9  10.4  17.9  23.0  24.6  28.2  26.3  24.9  16.2  10.8   6.6 
1931   8.1  10.0  10.0  16.3  20.6  26.4  28.6  27.0  25.7  19.6  14.2  12.1 
1932  12.7  11.8   9.9  17.3  21.1  26.6  29.6  26.9  22.8  18.2  11.4  12.1 
1933  12.0  10.3  13.5  17.0  25.0  27.2  27.5  27.9  25.7  18.9  11.8  13.6 
1934  10.1   6.8  12.3  17.8  20.8  27.4  28.9  27.7  24.5  18.5  13.6   8.6 
1935   9.3   9.1  15.5 -99.0  22.7  26.8  27.1  27.2  22.8  18.2  13.9   4.8 
1936   6.8   7.7  14.6  16.7  22.7  26.5  28.5  27.7  24.3  19.6  11.6   9.9 
1937  15.1   9.4  11.9  16.7  22.4  27.0  26.7  26.7  22.1  16.6  10.4   7.9 
1938   8.2  12.7  16.4  17.5  23.1  25.1  25.8  28.0  23.5  17.3  13.6   9.0 
1939  10.3  12.9  15.0  17.5  21.7  28.2  28.0  26.8  25.3  20.0  10.9   9.6 
1940   3.3   8.7  11.8  16.7  21.0  27.2  27.9  26.8  22.5  18.1  12.6  10.4 
1941   8.7   6.3   9.6  18.4  23.0  25.8  27.5  27.5  24.1  20.9  12.9  10.2 
1942   7.9   5.9  12.6  17.8  21.8  26.1  27.8  25.8  23.4  17.9  13.9   9.2 
1943  10.1  10.7  12.9  17.3  23.3  27.5  26.9  27.1  22.4  17.1  11.5   7.6 
1944   7.5  11.8  12.7  16.8  22.5  26.2  25.3  25.0  24.6  18.5  12.2   5.3 
1945   8.0  11.3  19.0  20.3  21.5  27.1 -99.0  26.3  25.5  18.3  13.9   5.0 
1946   8.2   9.8  15.5  18.3  22.3  25.9 -99.0  25.4  22.2  17.6  15.7  10.7 
1947  10.9   6.2   9.0  19.4  22.2  25.1  25.6  26.3  23.9  19.8  11.3   8.5 
1948   5.0   9.5  14.9  19.3  22.4  26.9  27.3  26.1  22.2  15.7  15.7  10.6 
1949  13.5  13.3  13.3  16.4  22.5  25.6  27.8  26.7  22.7  20.3  12.3  10.5 
1950  14.7  12.4  12.1  16.5  23.1  26.9  26.2  26.2  22.5  19.2  10.8   5.9 
1951   8.7   9.9  13.5  16.7  21.4  26.2  27.2  27.2  23.5  19.4  10.8  10.4 
1952  12.2 -99.0  13.4  16.5  22.1  28.1  28.2  26.7  22.6  15.2  12.8   7.4 
1953  10.1  10.6  13.9 -99.0  24.9  26.4  26.8  26.8  23.5  18.5 -99.0   9.2 
1954   9.9  11.6  14.1  19.6  19.4  26.0  27.6  28.3  25.4  19.1  11.4   7.6 
1955   7.1   9.2  14.3  18.2  22.6  22.9  26.8  27.0  24.0  17.3  12.0   7.0 
1956   6.6  12.2  12.5  16.3  22.4  25.5  27.3  27.2  21.5  18.3  11.7  13.6 
1957   9.6  14.1  12.5  18.3  22.0  25.7  26.6  26.2  24.6  15.3  13.8   9.4 
1958   4.6   5.4  10.8  17.3  21.5  25.8  27.5  27.0  23.8  16.5  15.0   6.2 
1959   7.4  10.7  12.0  18.1  23.1  25.5  26.5  27.2  23.2  19.2  12.5   8.8 
1960   8.1   8.2   7.4  18.2  20.7  25.6  27.3  26.7  24.4  19.3  13.2   5.9 
1961   5.5  10.9  15.2  14.6  20.2  24.9  27.1  26.3  24.2  16.7  14.9   9.1 
1962   7.3  11.8  11.4  15.9  24.2  25.4  27.6  26.8  23.2  18.5  11.8   7.1 
1963   5.3   6.2  14.7  18.1  21.4  25.3  26.3  27.5  22.2  17.9  13.2   4.7 
1964   7.1   6.9  13.1  18.0  22.1  26.5  25.5  25.4  23.0  15.5  14.8   9.5 
1965   8.6   9.4  12.1  18.0  23.7  24.1  26.2  26.7  24.0  17.1  13.1   9.1 
1966   5.4   8.5  11.1  17.0  20.8  23.1  27.4  26.0  22.8  17.8  11.8   8.2 
1967   9.1   7.2  14.9  19.5  20.8  24.2  25.6  25.2  20.3  16.5  11.5  11.2 
1968   5.1   5.1  12.0  18.1  20.9  25.0  26.8  27.5  23.1  18.2  11.6   6.5 
1969   6.9   6.5   9.8  17.7  20.9  26.4  27.6  25.1  22.3  18.8  10.9   7.1 
1970   4.2   8.4  12.7  18.4  22.2  25.2  27.4  27.2  24.6  19.1  11.3  10.2 
1971   8.6   8.8  10.5  17.0  20.4  26.0  26.3  26.1  24.1  20.3  12.2  13.8 
1972  11.8   7.8  12.5  16.9  19.7  23.2  25.8  26.2  24.2  17.8  12.4  11.8 
1973   7.2   7.2  15.2  16.0  20.5  25.2  26.8  25.6  24.2  18.3  14.2   8.3 
1974  14.2   9.4  14.8  16.7  22.3  23.4  25.1  25.2  21.8  16.2  12.1   8.7 
1975  10.2  10.8  12.4  16.3  22.3  24.6  24.5  26.6  23.4  19.2  13.5   8.1 
1976   6.1  12.1  15.3  17.0  19.2  24.1  26.8  25.2  21.8  14.9   8.8   7.0 
1977   2.4   7.8  15.2  18.9  22.5  26.3  28.0  26.0  24.0  16.2  14.3   8.1 
1978   3.7   4.8  11.7  18.3  21.3  25.6  27.0  26.3  24.1  17.5  15.6  10.5 
1979   6.1   6.9  13.7  17.7  21.3  23.8  26.3  26.1  21.7  16.4  13.4   8.1 
1980   7.7   6.2  11.6  17.4  21.0  25.1  27.8  26.9  25.1  16.7  11.5   7.6 
1981   4.8   9.5  11.3  19.3  20.5  27.4  27.3  24.8  22.3  16.7  12.0   6.5 
1982   5.8  10.4  14.1  15.4  21.5  25.1  26.7  25.8  22.6  17.7  13.8  11.8 
1983   5.6   8.0  12.3  14.9  21.4  24.2  27.7  27.7  22.8  18.9  12.5   7.6 
1984   6.6  10.2  13.1  16.1  20.9  25.5  26.1  26.3  22.5  21.2  11.6  13.0 
1985   5.3   9.1  14.6  18.2  22.3  25.7  26.0  25.2  22.6  20.3  16.9   7.3 
1986   7.3  12.1  13.5  17.7  22.2  26.9  29.4  26.2  24.7  19.1  15.5   8.9 
1987   6.7   8.0  12.5  15.5  22.2  25.5  26.9  27.4  23.0  14.1  13.4  10.1 
1988   5.0   8.2  12.9  17.3  20.8  24.4  26.6  26.4  23.1  15.7  14.1   8.4 
1989  10.7  10.9  14.3  17.5  20.7  25.9  26.5  26.1  23.6  18.6  14.0   5.2 
1990  11.5  13.9  15.1  17.4  22.4  26.0  27.8  27.1  24.3  19.8  14.2  11.4 
