Number= 720471
Name= DARLINGTON----------
Country= USA---------
Lat=   34.3
Long=   79.9
Height= 45
Start year= 1893
End year= 1990
First Good year= 1893
Source ID= 30
Source file= New
Normals source= Data
Normals source start year= 1961
Normals source end year= 1990
Normals=   6.0   7.9  12.4  17.0  21.4  24.9  26.6  25.9  22.9  17.0  11.8   7.8 
Standard deviations source= Data
Standard deviations source start year= 1941
Standard deviations source end year= 1990
Standard deviations=   2.6   2.3   2.0   1.2   1.2   1.1   1.0   0.9   1.1   1.6   1.5   2.2 
Obs:
1893 -99.0 -99.0 -99.0 -99.0 -99.0 -99.0  27.9  25.6 -99.0  18.2 -99.0  10.2 
1894 -99.0  10.4  15.8  17.6  20.7  23.3  24.3 -99.0 -99.0 -99.0 -99.0   8.8 
1895   6.4   2.2  11.7  15.8  20.8  26.6  28.2  26.8 -99.0  16.3 -99.0 -99.0 
1896 -99.0 -99.0 -99.0 -99.0 -99.0 -99.0 -99.0 -99.0 -99.0 -99.0 -99.0 -99.0 
1897 -99.0 -99.0 -99.0 -99.0 -99.0 -99.0 -99.0 -99.0 -99.0 -99.0 -99.0 -99.0 
1898 -99.0 -99.0 -99.0 -99.0 -99.0 -99.0 -99.0 -99.0 -99.0 -99.0 -99.0 -99.0 
1899 -99.0 -99.0 -99.0 -99.0 -99.0 -99.0 -99.0 -99.0 -99.0 -99.0 -99.0 -99.0 
1900 -99.0 -99.0 -99.0 -99.0 -99.0 -99.0 -99.0 -99.0 -99.0 -99.0 -99.0 -99.0 
1901 -99.0 -99.0 -99.0 -99.0 -99.0 -99.0 -99.0 -99.0  23.5  16.7   7.5   5.7 
1902   4.6   4.0  11.5  15.7  22.9  26.1  28.1  26.0  22.5  18.0  14.2   7.2 
1903   5.7   8.8  15.5  15.5  21.9  23.6  27.2  26.9  22.7  16.7  10.0   4.6 
1904   4.5   6.5  13.5  15.1  20.8  24.9  26.2 -99.0 -99.0  17.0  10.2   6.5 
1905 -99.0 -99.0 -99.0  16.4  21.9  24.8  25.9  24.4  23.7 -99.0 -99.0 -99.0 
1906   8.7   6.7  10.0  17.7  20.5  25.1  25.7 -99.0 -99.0  16.2  10.0   6.8 
1907   9.6   5.0  15.0  12.6  20.6  22.8  26.9  25.5  24.4  15.4 -99.0   5.3 
1908 -99.0   5.5  14.6  18.4  21.5  24.1  25.9  25.0  21.9  16.1  12.5   8.9 
1909   8.4  11.0 -99.0  17.3  20.4  25.5  25.3  25.6  22.4  15.2  13.7   4.9 
1910   6.2   5.9  14.9  16.3  20.5  23.1  25.7  24.5  23.5 -99.0  10.0   4.5 
1911   8.3 -99.0 -99.0 -99.0  21.1  25.3  25.5  25.9  25.5  18.5   9.9   8.5 
1912   2.5   4.0  11.3  17.0  21.4  23.4  24.9  25.0  24.7  17.5 -99.0 -99.0 
1913  11.4   8.2  13.5  15.4  21.0  23.6  26.6  24.9  22.0  16.6  11.1   7.3 
1914   7.0   5.4   9.1  16.3  21.5  25.7  26.6  25.7  21.4  17.7  10.5   5.5 
1915   6.1   8.3   7.1  16.5  21.6  23.6  26.7  25.0  24.3  19.3  12.9   5.6 
1916  10.3   8.2  11.3  16.2  22.7  24.1  25.1  26.1  22.1  17.7  12.3   6.6 
1917   8.9   7.4  12.4  17.8  18.5  24.2  26.2  25.7  21.5  15.2  10.2   2.2 
1918   1.8  10.0  14.8  15.6  22.0 -99.0 -99.0  26.1  20.4  18.8  11.6   9.5 
1919   7.8   7.5  13.5  16.2  21.8  23.9  26.1  25.4  22.6 -99.0  13.5   7.0 
1920   5.8   5.6  11.3  16.0  18.4  25.1  25.5  25.3  23.9  17.6  11.6 -99.0 
1921   7.3   9.0  17.1  17.1  18.9  25.8  26.0  24.9  27.1  17.5  14.5   9.3 
1922   7.1  10.7  13.5  17.3  20.8  25.3  26.0  24.0  24.4  17.6  12.8   9.5 
1923   8.8   6.5  13.7  15.8  19.4  24.8  26.0  25.6  23.5  16.2 -99.0 -99.0 
1924   5.6   6.1  10.6  15.9  19.8  25.2  25.2  25.6  21.1  16.3  12.3   8.0 
1925   5.4  11.2  13.5  17.8  19.5  25.9  26.7  26.5  27.7  17.7  10.3   6.1 
1926   6.1   9.1   8.6  15.2  21.2  25.1  26.9 -99.0  25.3  18.6 -99.0   8.2 
1927   7.0  13.5  12.9  16.6  21.5  23.4  25.1 -99.0  23.8 -99.0 -99.0   7.0 
1928   6.2   7.2  11.6  15.3  19.1  24.7  25.9  26.1  21.6  19.2 -99.0   7.0 
1929   8.0   6.5  14.7  17.7  20.4  23.4  25.0  25.1  22.7  16.3  13.1   7.3 
1930   7.1  10.3  10.4  17.2  22.0  23.5  27.2  24.2  24.8  15.2  10.8   4.9 
1931   6.0   7.7   9.1  15.6  19.8  24.9  27.6  25.4  25.0  18.7  14.9  10.8 
1932  12.4  11.7  10.8  16.3  20.2  25.0  28.1  25.6  22.7  18.0  11.2   9.2 
1933  10.7   8.6  12.6  16.1  23.9  25.4  25.2  26.1  26.1  18.2  11.3  10.7 
1934   8.5   3.7  11.0  17.1  20.3  25.9  28.0  26.5  24.6  17.3  13.2   6.5 
1935   7.3 -99.0 -99.0 -99.0  21.8  26.4  27.1  26.6  22.9  17.2  13.3   2.1 
1936   4.6   5.9  13.8  15.8  22.8  25.3  27.8  26.9  24.4  18.6  10.0   7.6 
1937  12.0   6.8  11.4  16.1  21.5  26.0  26.5  26.5  22.0  15.4   9.9   5.6 
1938   6.3  10.4  15.0  17.0  21.9  24.3  26.2  27.4  23.5  15.9  13.2   6.6 
1939   8.1  11.1  14.7  16.9  21.1  27.7  27.1  26.5  24.1  17.9   8.2   7.0 
1940   0.2   6.9  10.4  16.2  20.0  26.1  27.5  25.8  21.8  15.6  10.9   8.7 
1941   5.5   4.1   8.5  18.2  22.3  25.1  26.8  26.0  23.7  19.6  10.8   7.6 
1942   5.2   4.3  12.5  17.5  21.5  25.6  26.8  24.6  22.9 -99.0  12.0   6.1 
1943   8.1   8.6   9.1  15.8  21.4  26.7  25.4  25.9  20.7  16.0   9.7   5.6 
1944   6.6   9.6  11.7  16.4  22.0  26.9  25.8  25.5  23.3  16.9  10.6   3.4 
1945   5.6   8.9  16.7  18.4  19.4  25.7  26.5  24.7  24.6  16.2  11.8   3.8 
1946   6.9   6.8  14.1  15.6  20.7  24.0  24.9  23.9  22.7  16.9  14.0   9.2 
1947   9.5   3.3   7.6  17.8  21.5  24.0  24.9  26.6  23.9  19.5   9.8   7.0 
1948 -99.0 -99.0 -99.0  18.1  21.8  25.9  27.5  25.8  21.8  14.5  14.4   9.4 
1949 -99.0 -99.0  12.1  16.4  21.9  25.5  27.5  26.2  21.8  19.1  10.4   8.4 
1950  13.6  10.5  11.1  15.9  22.6  25.4  25.6  25.1  22.0  18.5   9.8   4.5 
1951   7.8   8.6  12.2  16.3  20.7  25.7  26.8  26.7  22.8  18.9   9.6   9.7 
1952  10.7   8.9  11.6  16.0  22.7  27.5  27.0  25.8  22.2  14.6  11.5   6.2 
1953   9.5   9.4  12.6  16.3  24.7  25.4  27.0  25.6  22.7  17.8  10.3   7.9 
1954   8.2  10.4  11.6  18.8  19.0  26.3  27.6  27.5  24.4  17.7   9.7   6.1 
1955   6.2   9.0  13.9  18.5  22.7  22.9  27.4  26.6  23.3  16.3  10.4   6.0 
1956   4.7  10.5  11.8  15.8  21.8  25.0  26.8  26.3  21.5  18.0  11.0  12.8 
1957   8.8  11.7  11.3  18.0  21.7  25.4  26.2  25.1  23.7  14.8  13.1   8.4 
1958   3.7   4.6   9.4  16.5  21.7  24.8  27.0  26.4  22.7  16.0  13.3   4.9 
1959   6.3   9.4  11.3  17.7  22.9  25.2  26.2  26.8  23.1  18.2  12.0   7.9 
1960   6.8   7.1   5.8  18.0  21.2  24.9  25.4  25.9  22.4  17.5  11.7   4.1 
1961   5.0   9.5  14.4  14.1  19.8  24.1  26.5  25.5  23.7  16.1  13.5   7.8 
1962   6.4  10.4  10.1  16.0  24.1  24.2  25.6  24.9  21.5  18.1  10.4   5.6 
1963   5.1   5.0  14.2  17.9  20.9  24.3  25.6  26.0  21.3  17.1  11.5   3.6 
1964   6.2   6.2  11.8  17.6  21.8  25.6  25.1  24.9  22.4  14.7  13.5   9.2 
1965   7.0   8.2  10.6  17.6  23.7  23.5  25.8  26.0  23.1  16.2  11.9   7.5 
1966   4.3   7.7  10.7  16.3  20.8  22.9  26.5  25.3  21.9  16.5  10.7   6.6 
1967   7.6   5.9  13.2  18.4  20.3  23.4  25.4  24.5  19.5  15.6   9.1  10.1 
1968   3.7   4.0  12.6  16.8  20.6  25.0  26.2  26.9  22.9  17.6  10.8   5.7 
1969   5.2   6.3   9.3  17.0 -99.0  25.8  27.8  24.2  21.6  17.9   9.7   5.8 
1970   3.6   7.0  12.3  18.4  21.6  25.2  27.5  25.9  24.3  17.6  11.1   8.8 
1971   6.7   7.3   9.7  16.1  20.8  25.6  26.0  25.3  23.5  19.7  11.2  12.6 
1972   9.8   7.2  12.2  16.9  19.1  22.9  26.1  25.7  23.5  16.6  11.2   9.6 
1973   6.5   6.2  14.5  15.9  20.8  24.8  26.5  26.2  24.6  18.7  13.3   8.1 
1974  14.0   9.2  14.8  17.7  22.2  24.3  25.9  25.5  22.1  15.5  11.1   7.6 
1975   9.4  10.2  11.8  16.4  23.2  25.5  25.6  27.5  23.6  18.6  13.4   7.7 
1976   5.7  11.9  15.2  17.4  20.8  24.0  26.9  25.2  22.7  15.1   8.5   6.3 
1977   1.2   7.1  14.4  19.5  23.0  25.8  29.0  26.4  24.8  16.2  13.5   7.4 
1978   3.6   4.1  11.1  17.9  21.4  24.9  26.5  26.8  24.2  16.9  14.5   9.0 
1979   5.9   6.2  13.3  17.6  21.4  23.0  26.1  26.2  22.7  16.7  12.0   7.1 
1980   6.7   4.9  10.8  16.9  21.4  24.8  27.9  27.4  25.1  15.3   9.7   6.6 
1981   3.0   8.2  10.6  19.3  21.1  27.8  27.4  24.9  22.1  16.2  11.1   6.2 
1982   3.6  10.0  13.3  15.6  23.0  25.3  26.8  25.5  22.1 -99.0  11.9   9.3 
1983   3.9   6.9  10.7  13.7  19.9  23.9  25.9 -99.0 -99.0  17.7  12.1   7.1 
1984   5.5   9.5  11.9  15.6  20.8  25.0  25.9  25.6 -99.0  20.5  10.3  12.2 
1985   3.6   7.6  13.4  17.3  21.0  25.4  26.1  24.5  22.3 -99.0 -99.0 -99.0 
1986   5.7  10.7  12.9  18.0  22.4  27.2  29.4  25.7  23.6  18.5  14.6   7.6 
1987   6.0   7.1  11.8  15.6  22.5  25.7  27.5  27.6  23.5  14.1  13.4   9.2 
1988   3.8   7.8  12.8  16.8  20.6  24.1  26.7  27.2  22.8  14.3  13.2   7.4 
1989   9.2   9.9  13.0  16.7  20.3  26.1  26.6  25.6  23.2  17.9  13.1   3.9 
1990  11.2  13.4  14.6  17.7  21.9  26.0  28.2  26.8  23.0  18.9  13.1  10.9 
