Number= 720491
Name= MILBANK-2SSW--------
Country= USA---------
Lat=   45.2
Long=   96.6
Height= 353
Start year= 1890
End year= 1990
First Good year= 1890
Source ID= 30
Source file= New
Normals source= Data
Normals source start year= 1961
Normals source end year= 1990
Normals= -12.1  -8.9  -1.7   6.6  13.5  19.1  21.8  20.3  14.9   8.7  -0.6  -8.6 
Standard deviations source= Data
Standard deviations source start year= 1941
Standard deviations source end year= 1990
Standard deviations=   3.9   3.2   3.3   2.2   1.9   1.7   1.3   1.6   1.5   1.8   2.2   3.0 
Obs:
1890 -99.0 -99.0 -99.0   4.4   8.6  20.3  21.6  18.2  17.9   8.9   3.3  -1.7 
1891  -2.8 -10.2  -3.2 -99.0 -99.0  20.7  22.0  22.8  17.3   9.8  -4.2  -4.6 
1892 -13.2 -10.6  -3.6   4.2   9.8  17.8  21.7  20.6  17.0   9.8  -3.0  -9.9 
1893 -15.1 -13.7  -5.3 -99.0 -99.0 -99.0 -99.0  19.8  15.4   6.2  -2.9 -12.3 
1894 -15.0  -9.0  -0.6   6.6  14.2  21.8  23.2  21.6 -99.0   6.6  -4.7  -4.4 
1895 -16.1 -12.6  -1.8 -99.0  13.6  17.7  19.6  19.1  14.5   4.2  -4.2  -8.0 
1896 -99.0  -8.2  -9.2   6.1  15.3  18.8  20.1  20.4  13.0 -99.0 -10.3  -5.8 
1897 -14.2 -10.6  -7.9   6.3  13.2  16.7  21.7  17.8  18.2   8.5  -2.8 -10.0 
1898  -6.5  -8.1  -1.8   6.2  12.2  18.4  20.4  19.7  15.5   4.2  -4.8  -7.9 
1899 -10.5 -13.7 -10.3   6.2  12.4  17.9  21.7  20.1  12.8   8.7   3.3  -6.9 
1900  -7.3 -14.7 -99.0   9.1  15.0  19.2  20.4  23.5  14.7  11.8  -2.5  -4.1 
1901  -8.5 -10.9  -1.7   7.2  14.6  18.3  24.8  21.3  13.0  10.5  -2.7  -7.9 
1902  -7.0  -7.9   0.7   6.2  13.9  16.1  21.2  19.1  12.3   8.6  -0.3 -10.0 
1903 -10.4 -11.2  -1.3   7.6  13.9  17.9  19.9  19.0  14.9 -99.0 -99.0 -99.0 
1904 -99.0 -15.3  -0.8   5.2  14.2  17.1  18.9  18.9  14.8   9.9   4.3  -7.9 
1905 -14.8 -10.9   2.4   6.3  11.5  17.3  19.7  21.2  17.6   6.7   2.1  -5.9 
1906  -6.3  -8.0  -6.0   9.0  12.6  17.6  20.4  20.5  18.1   8.3  -1.0  -9.4 
1907 -17.0  -8.1   0.0   2.2   7.7  17.2  20.0  19.5  13.1   8.1   0.1  -5.2 
1908  -6.1  -7.9  -3.7   7.2  11.8  16.8  20.8  18.3  17.4   6.7   1.0  -8.3 
1909 -11.1  -9.3  -1.8   2.4  11.9  18.6  20.4  22.1  14.6   6.1  -1.6 -12.5 
1910 -10.1 -11.5   6.6   8.5  10.8  19.1  21.1  18.5  13.8  10.6  -3.8  -8.0 
1911 -14.2  -7.8   1.3   5.8  15.4  21.3  20.3  17.9  13.4   5.5  -8.3  -6.1 
1912 -18.8  -9.1  -5.3   8.2  13.5  16.8  20.2  17.9  12.2   7.7   0.8  -4.9 
1913 -12.2 -11.1  -5.7   8.2  11.1  21.0  19.5  21.5  14.1   4.1   2.3  -3.2 
1914  -7.9 -13.8  -2.6   5.8  13.2  18.2  24.2  18.7  14.7  10.6   0.5 -12.7 
1915 -12.4  -5.5  -3.9  11.6  10.7  15.5  18.3  17.5  13.8   8.8  -0.1  -7.4 
1916 -16.4 -11.6  -3.2   5.4  12.1  15.8  24.5  20.2  13.2   5.6  -1.3 -12.8 
1917 -14.1 -14.9  -3.2   4.4  11.2  16.4  22.2  18.5  13.4   1.8   2.0 -14.3 
1918 -16.8  -8.9   2.7   4.9  12.8  18.1  19.9  21.2  11.7   8.9   0.3  -6.0 
1919  -6.1  -9.9  -2.8   6.0  12.9  19.6  22.6  20.4  15.2   3.1  -6.4 -10.7 
1920 -12.9  -8.2  -1.6   1.8  12.6  18.0  20.6  19.5  15.9  10.7  -2.1  -6.8 
1921  -6.2  -3.8  -0.8   7.8  13.0  21.6  22.9  20.7  14.8   8.4  -6.5  -5.9 
1922 -10.7 -13.8  -1.3   6.7  16.4  20.3  20.6  22.3  16.3   9.4   1.2 -99.0 
1923  -9.1 -11.8  -5.8   5.9  12.9  20.5  24.0  19.5  16.3   7.2   2.1  -2.5 
1924 -12.8  -5.5  -2.7   7.2   9.2  16.8  20.1  19.9  12.9  11.6  -1.1 -14.3 
1925 -11.0  -5.8   0.5  10.5  11.7  17.1  20.3  22.1  16.3   1.1  -1.0  -8.0 
1926  -9.7  -4.9  -3.6   6.3  16.2  17.0  21.8  19.5  11.9   6.4  -4.8 -10.3 
1927  -8.9  -6.1   0.0   6.6   9.7  16.5  18.8  17.6  14.4   8.5  -5.3 -16.6 
1928  -9.7  -6.6  -1.1   2.1 -99.0  15.5  21.5  20.0  13.0   7.0   0.5  -3.9 
1929 -17.9 -14.4   0.4   6.4  10.7  18.0  22.6  20.3  11.4   6.2  -5.3  -9.9 
1930 -17.1  -3.4  -3.2   6.2  10.4  16.7  22.9  22.0  14.2   5.7  -1.8  -6.1 
1931  -5.0  -1.5  -2.5   7.6  12.1  22.0  24.2  20.4  18.0   9.4   0.6 -99.0 
1932 -99.0  -7.6  -6.3   6.4  13.7  19.8  22.2  21.3  13.7   6.6  -2.5  -9.0 
1933  -6.2  -9.7  -0.7   6.1  13.2 -99.0 -99.0  20.4  18.2   6.8  -1.9  -9.4 
1934  -6.7  -5.7  -2.8   6.7  19.7  20.5  23.5  20.6  12.9  10.6   0.8  -9.9 
1935 -13.5  -2.5  -1.0   3.4   9.6  15.6  24.5  20.7  14.5   6.1  -6.4  -9.4 
1936 -20.4 -21.4  -2.3   2.7  17.1  19.2  26.8  22.7  17.1   6.2  -2.9  -6.4 
1937 -17.8 -10.9  -4.4   4.1  14.2  17.6  22.6  23.3  15.7   6.4  -2.6 -10.2 
1938 -12.3  -9.3   0.8   6.9  11.5  18.5  21.4  22.8  16.5  11.5  -3.4  -6.3 
1939  -8.3 -14.0  -1.8   5.4  16.8  18.9  22.3  20.3  17.0   7.4   2.3  -1.9 
1940 -14.9  -7.9  -5.4   4.5  12.9  18.2  22.9  18.5  17.7  11.2  -5.0  -5.2 
1941  -9.5  -9.2  -2.9   8.2  16.1  18.5  22.4  20.6  15.7   8.7   0.3  -3.6 
1942  -6.0  -6.8   0.3   9.7  11.4  16.9  20.2  19.9  12.3   8.2  -0.2 -10.6 
1943 -16.2  -7.2  -5.9   7.4  11.4  18.4  22.6  20.4  14.2   8.7  -2.1  -5.1 
1944  -3.0  -7.4  -6.2   3.9  14.9  18.7  20.7  19.7  15.0   9.7  -0.1  -6.7 
1945  -9.5  -7.2   2.8   4.7  10.3  15.2  20.2  19.6  14.1   8.4  -3.0 -12.3 
1946 -10.1  -9.3   2.7   9.6  11.3  18.4  21.2  18.9  14.3   7.3  -2.0  -7.1 
1947  -5.6 -10.3  -3.8   4.1  10.7  16.3  21.3  23.6  15.7  12.3  -5.1  -9.3 
1948 -12.8 -10.6  -6.2   7.6  13.3  17.4  22.0  20.7  17.6   8.7  -0.7  -7.4 
1949 -13.0 -11.1  -2.7   7.9  15.2  19.0  23.1  23.6  14.1   9.8   3.8  -8.4 
1950 -17.8  -8.7  -4.0   1.9  11.8  20.4  20.6  19.0  16.4  10.7  -2.6 -10.9 
1951 -13.6  -7.0  -8.3   4.6  14.9  15.4  20.5  18.7  12.2   7.0  -4.4 -11.3 
1952 -12.3  -6.2  -6.8   7.7  13.2  19.9  21.7  20.4  17.4   6.8   0.5  -5.9 
1953  -9.4  -6.8  -1.7   3.8  12.5  18.9  20.8  21.3  15.4  12.2   2.2  -6.8 
1954 -14.6   0.0  -3.7   6.2  10.1  18.2  21.9  19.9  14.2   6.8   2.8  -5.1 
1955  -9.3 -11.9  -4.6  10.8  16.7  17.9  23.6  22.6  15.2   9.9  -6.0 -13.3 
1956 -12.9 -10.9  -4.6   2.7  13.2  21.3  19.5  19.9  13.9  12.1  -0.6  -4.8 
1957 -14.5  -7.3  -1.8   6.2  11.8  17.5  23.5  19.5  13.6   7.8   0.2  -3.5 
1958  -6.2  -9.7  -1.9   7.0  14.4  16.0  19.5  21.7  16.5  10.3   0.0 -10.3 
1959 -13.7 -10.5   0.7 -99.0 -99.0 -99.0 -99.0  23.7  16.6   5.2  -4.6  -2.2 
1960 -10.5  -9.5  -8.3   5.9  13.6  17.4  22.0  21.7  16.6   9.1   0.8  -8.8 
1961 -10.3  -5.5 -99.0   3.9  12.0  20.9  21.4  23.8  15.7  11.1  -0.4 -11.2 
1962 -12.5 -10.9  -4.7   5.9  14.8  18.8  20.3  21.8  14.8  10.7   3.0  -6.4 
1963 -14.6  -8.4   2.0   8.6  13.5  20.3  21.2  20.0  16.3  13.5   2.2 -11.7 
1964  -6.8  -5.2  -6.1   7.3  15.0  18.3  22.6  18.7  13.9   9.1  -1.1 -12.7 
1965 -14.6 -11.4  -8.8   5.2  13.3  18.2  20.9  19.5   9.2  10.0  -0.6  -3.2 
1966 -17.3 -10.8   0.7   3.3  11.6  18.5  23.8  18.6  14.4   8.9  -3.2  -7.7 
1967  -9.7 -12.5  -0.7   5.9  10.7  17.3  20.1  18.9  15.6   7.9  -0.8  -6.8 
1968 -10.3 -10.7   3.2   7.0  11.2  18.6  20.6  19.9  15.2   8.4  -0.1 -10.7 
1969 -16.5  -9.3  -7.6   6.8  14.3  14.8  20.8  21.8  15.8   5.1  -0.1  -7.3 
1970 -15.7  -8.3  -4.8   5.1  14.3  19.8  22.1  21.3  15.8   8.0  -2.3  -9.6 
1971 -15.0  -8.7  -1.7   7.7  12.0  21.0  19.5  20.9  15.4   9.4  -1.4  -9.1 
1972 -13.5 -12.0  -3.1   4.6  14.4  18.3  20.4  21.3  14.8   6.5  -1.5 -12.2 
1973  -8.4  -5.5   2.4   5.9  13.0  19.5  21.5  22.6  14.3  11.5  -0.8  -9.9 
1974 -11.9  -8.8  -2.8   7.1  11.9  18.4  24.1  19.1  13.9   9.5   0.1  -5.1 
1975  -9.2 -10.4  -5.2   1.7  14.3  18.8  24.0  20.6  13.9  10.1   0.3  -7.7 
1976 -11.2  -2.6  -2.0   8.9  12.5  20.3  22.4  22.4  15.6   5.8  -3.3 -10.3 
1977 -16.5  -5.3   0.4  10.0  18.0  19.1  21.6  17.2  15.5   8.2  -2.3 -10.6 
1978 -16.6 -13.1   1.5   6.0  14.1  18.3  20.8  20.5  18.0   8.6  -1.8  -9.5 
1979 -18.3 -16.3  -4.8   3.2  10.1  17.5  20.9  18.6  16.4   7.6  -1.4  -3.7 
1980 -10.3 -10.1  -4.9   8.9  15.5  18.9  21.7  19.7  14.7   7.0   2.0  -8.1 
1981  -8.0  -5.3   2.1   9.5  12.8  18.5  21.4  21.0  15.0   8.0   2.5  -9.9 
1982 -19.4 -10.9  -2.1   4.9 -99.0 -99.0  22.0  20.2  14.6   9.0  -2.8 -99.0 
1983 -99.0  -3.4  -0.3   4.8  11.6 -99.0 -99.0 -99.0 -99.0 -99.0 -99.0 -99.0 
1984 -10.2 -99.0  -4.8   6.8  12.4  18.4  21.5  22.2  13.8   9.1   0.6  -9.6 
1985 -12.9 -10.1   1.7 -99.0 -99.0 -99.0 -99.0  17.7  13.4   7.7 -99.0 -13.3 
1986 -99.0 -10.9   1.1   7.8  14.3  20.1  22.3  18.5  14.8   9.0  -2.7  -3.7 
1987  -5.9   0.5   1.1  11.2  16.2  21.1  23.2  19.7  16.2   7.0   2.7  -4.1 
1988 -12.1 -10.0   0.5   7.8  17.5  23.6  24.0  22.0  15.7   7.1  -0.7  -5.9 
1989  -7.1 -13.2  -4.3   7.1  14.1  18.4  23.7  20.6  15.3   9.5  -2.5 -12.1 
1990  -2.6 -99.0   1.3   7.4  12.5 -99.0 -99.0  19.7 -99.0   7.7 -99.0  -9.3 
