Number= 720489
Name= MELLETTE------------
Country= USA---------
Lat=   45.2
Long=   98.5
Height= 393
Start year= 1892
End year= 1990
First Good year= 1892
Source ID= 30
Source file= New
Normals source= Data
Normals source start year= 1961
Normals source end year= 1990
Normals= -12.1  -8.5  -1.1   7.1  13.7  18.9  22.4  20.9  14.5   8.0  -1.2  -9.5 
Standard deviations source= Data
Standard deviations source start year= 1941
Standard deviations source end year= 1990
Standard deviations=   4.2   3.8   3.3   2.1   1.8   1.9   1.5   1.6   1.6   1.5   2.4   3.4 
Obs:
1892 -99.0 -99.0 -99.0 -99.0   9.7  18.0  22.6  21.6  17.3  10.3  -2.3  -7.8 
1893 -13.2 -11.6  -3.8   4.1  13.1  21.9  24.3  22.0  18.2   7.3  -2.2 -11.1 
1894 -99.0 -99.0 -99.0 -99.0 -99.0 -99.0 -99.0 -99.0 -99.0 -99.0 -99.0 -99.0 
1895 -99.0 -99.0 -99.0 -99.0 -99.0  17.7  21.2 -99.0 -99.0 -99.0 -99.0 -99.0 
1896 -99.0 -99.0 -99.0 -99.0  15.2  19.4 -99.0  22.5 -99.0   6.5 -10.7  -6.7 
1897 -13.8 -12.6  -7.4   7.9  14.8  19.1  22.8  19.2  20.6   9.9  -3.7  -9.6 
1898  -5.7  -5.6  -0.7   8.8  14.0  21.1  23.4  22.0  16.9   5.6 -99.0 -99.0 
1899 -99.0 -14.1 -10.2   5.6  13.3  18.3  22.4  20.7  12.4   6.6   2.2  -9.8 
1900  -7.6 -13.9  -4.4   9.2  15.3  19.0  20.6  22.7  14.7  10.3  -3.5  -4.5 
1901  -7.2  -9.7  -0.2   9.5  15.4 -99.0  24.4 -99.0  13.4   9.3  -0.9  -9.0 
1902  -8.2  -9.1  -0.1   6.1  14.5  15.4  20.6  18.2  12.6   7.4  -1.0 -12.1 
1903 -11.6 -14.5  -2.4   7.2  13.8  17.2  19.4  18.2  12.6   8.9  -2.3 -11.0 
1904 -14.7 -15.4  -4.3   4.7  13.0  16.8  18.8  18.4  13.6   9.2   1.9  -8.3 
1905 -99.0 -99.0   2.2   5.6  11.0  16.2  19.3  20.6  16.5   5.4   0.2  -8.8 
1906  -8.9  -9.1  -6.9 -99.0  13.9  17.2  19.8  18.4  16.2   6.9  -3.3 -10.4 
1907 -18.1  -9.1  -0.1   2.6   8.6  16.6  19.5  20.2  11.9   6.6  -0.6  -5.3 
1908  -6.5  -8.2  -2.2   8.9  11.8  16.2  20.2  17.4  17.3   7.3   0.2  -8.0 
1909 -12.6 -10.0  -1.3   3.6  12.4  18.5  20.0  22.3  15.0   7.8  -1.3 -14.3 
1910 -12.2 -14.3   7.3  10.0  10.8  18.9  21.5  18.6  14.2  10.7  -2.6  -8.4 
1911 -14.6 -10.4   2.8   6.9  15.1  21.5  20.1  17.8  14.4   5.5  -7.5  -8.3 
1912 -19.1  -9.5  -5.6   8.8  14.0  16.9  20.7  18.0  12.0   8.4   0.4  -5.7 
1913 -11.5 -10.6  -4.6   9.1  11.7  20.3  19.8  21.6  15.5   5.6   2.0  -4.8 
1914  -8.1 -14.7  -0.6   7.2  13.3  18.3  22.4  18.6  15.2  10.2   0.8 -12.8 
1915 -12.6  -7.2  -6.9  11.1  10.7  14.9  17.5  17.2  13.7   8.8   0.4  -6.6 
1916 -17.7 -11.4  -0.9   6.1  12.5  15.2  24.8  19.1  13.1   5.8  -1.4 -14.4 
1917 -14.8 -15.3  -4.4   4.8  11.4  16.6  22.2  18.9  14.2   2.8   3.2 -13.8 
1918 -15.6  -9.0   3.6   5.7  14.0  18.6  20.1  20.5  11.4   9.0  -0.5  -5.4 
1919  -5.6 -10.3  -3.5   6.7  12.9  19.1  21.9  19.8  16.5   2.8  -6.5 -10.8 
1920 -11.4  -6.7  -2.3   2.4  12.6  17.6  20.3  19.0  15.7  11.1  -1.8  -6.4 
1921  -5.6  -3.5   1.0   8.3  13.5  21.1  22.8  20.4  14.5   8.9  -5.1  -5.8 
1922 -11.4 -15.9  -1.6   7.5  14.6  18.9  20.3  21.9  16.6 -99.0 -99.0  -9.9 
1923  -7.9 -11.1  -3.6   6.2  13.8  19.1  22.5  18.8  16.0   6.9   2.5  -4.3 
1924 -14.3  -5.6  -2.8   6.2   9.4  15.9  19.4  18.8  12.9  11.6  -0.7 -13.9 
1925 -12.4  -5.9   1.8  10.8  12.5  17.4  20.4  21.1  16.8   1.0  -1.7  -7.7 
1926  -8.7  -3.5  -1.2   7.4  17.3  17.9  22.2  19.6  12.8   7.6  -3.6  -9.5 
1927  -8.7  -5.2   1.1   7.0  11.1  17.0  19.0  17.9  15.2   9.2  -4.6 -17.4 
1928  -9.0  -5.4   0.9   3.5  15.4  15.4  20.7  19.8  12.8   7.5   0.1  -3.8 
1929 -17.6 -14.1   1.5   7.2  11.8  17.9  22.7  20.9  12.5   8.2  -3.9  -8.5 
1930 -15.7  -1.8  -0.4   9.4  12.3  18.1  24.2  22.2  14.4   6.5  -0.2  -4.4 
1931  -3.6  -0.9  -0.6   8.0  12.5  21.9  24.4  20.9  18.4  10.1  -0.1  -6.3 
1932 -12.6  -8.9  -4.5   9.0  15.0  19.8  22.6  20.7  14.2   5.3  -1.6 -10.7 
1933  -7.1 -10.4  -0.1   6.7  13.2  24.4  23.6  20.2  17.9   7.1  -0.1  -9.6 
1934  -6.3  -5.2  -1.1   7.6  20.1  20.2  23.9  20.7  12.3  10.2   1.6  -7.0 
1935 -11.7  -2.0   1.0   4.1  10.7  16.8  24.5  20.7  15.8   6.8  -5.2  -9.1 
1936 -20.0 -23.4  -0.4   4.2  16.2  20.5  27.8  23.1  17.0   6.4  -4.1  -7.7 
1937 -20.2 -11.9  -1.9   5.2  14.7  16.7  23.8  24.6  16.2   7.5  -2.5  -9.9 
1938 -11.8 -11.1   2.7   8.3  12.6  19.9  22.3  23.5  16.4  11.9  -3.4  -6.2 
1939  -7.6 -15.7  -0.7   6.6  17.4  18.3  23.2  21.2  16.5   6.9   1.0  -2.7 
1940 -16.7  -8.5  -3.3   5.4  13.4  18.4  24.2  19.9  17.7  11.1  -4.3  -5.5 
1941 -10.8 -10.0  -1.9   8.9  16.1  18.2  22.3  21.9  15.5   7.5  -0.6  -5.0 
1942  -7.1  -8.0   0.9   9.5  11.1  17.1  20.2  20.2  12.1   7.5  -1.7 -10.8 
1943 -17.7  -7.7  -5.1   8.4  11.4  17.5  22.7  20.7  13.2   8.8  -2.3  -5.6 
1944  -4.9  -9.9  -4.8   5.2  16.2  17.7  20.8  20.2  14.3   8.9  -0.1  -7.4 
1945  -9.4  -8.2   3.4   5.9  11.0  14.5  21.3  20.6  14.1   8.0  -2.4 -12.3 
1946 -10.3  -8.7   4.7  11.2 -99.0  19.9  21.3  18.5  14.0   6.2  -1.7  -7.1 
1947  -5.7 -10.2  -2.5   4.9  11.3  16.3  21.1  24.4  15.7  11.7  -5.3 -10.5 
1948 -13.2 -12.7  -4.7   9.6  13.8  17.2  22.0  21.2  17.9   7.5  -0.7  -8.9 
1949 -14.1 -12.6  -1.8   8.8  15.2  19.6  23.5  22.7  13.3   8.0   3.2 -10.0 
1950 -18.7 -10.4  -4.6   2.4  11.4  18.9  19.7  18.2  14.5   8.9  -4.5 -10.0 
1951 -13.7  -6.3  -8.6   5.5  13.9  14.9  20.5  19.3  12.6   6.6  -3.4 -13.6 
1952 -14.9  -8.1  -6.9   8.2  14.1  21.7  22.8  21.3  17.4   6.2  -0.8  -6.5 
1953  -9.4  -6.9  -0.8   4.5  12.4  19.7  21.5 -99.0  15.0  11.4   1.2  -7.0 
1954 -14.4   1.2  -2.5   7.2  11.2  18.2  23.8  21.2  14.7   6.9   2.6  -6.9 
1955 -10.1 -12.2  -2.9  11.6  16.4  18.0  24.9  23.5  14.9   9.2  -7.1 -13.9 
1956 -12.9 -13.7  -3.2   3.9  13.8  21.6  20.7  19.9  14.5  11.1  -1.0  -4.5 
1957 -14.2  -7.1  -1.0   6.2  12.6  16.9  23.6  21.2  13.4   7.9  -0.6  -3.4 
1958  -6.2  -9.4  -1.4   7.2  15.3  16.1  19.7  21.9  16.1   8.8  -0.6 -10.6 
1959 -13.6 -12.7   1.6   7.2  13.6  21.3  22.8  23.2  15.3   4.9  -5.6  -2.5 
1960 -12.2 -11.6  -9.3   6.9  13.3  16.9  22.3  21.3  15.1   8.5  -0.8 -10.8 
1961 -12.0  -8.2   2.0   4.4  11.6  19.5  20.7  22.3  12.9   8.6  -0.9 -11.5 
1962 -12.2 -10.9  -5.7   6.8  14.6  17.5  19.3  20.2  13.3   8.9   1.5  -6.4 
1963 -15.4  -7.7   2.7   7.5  12.8  19.8  21.8  20.6  16.2  12.6   0.6 -12.2 
1964  -7.7  -4.1  -4.7   8.0  14.9  19.1  23.8  19.2  13.9   7.7  -2.9 -13.0 
1965 -15.5 -10.4  -7.2   6.2  13.8  17.6  22.0  20.3   9.0   9.4  -1.3  -3.9 
1966 -17.4 -12.4   1.2   3.9  12.1  18.5  23.7  17.9  13.0   7.5  -4.1  -7.8 
1967  -8.9 -11.2   0.7   6.5  11.2  16.5  19.6  19.5  14.8   7.2  -1.9  -9.1 
1968 -11.7  -9.4   2.9   6.9  11.1  19.4  21.3  20.7  15.1   8.8   0.1 -99.0 
1969 -99.0 -99.0 -99.0 -99.0 -99.0  15.5  21.4  22.8 -99.0 -99.0  -0.2  -7.8 
1970 -17.8  -7.9  -4.3   5.5  14.2  20.7  23.2  22.1  16.4   7.8  -2.0 -11.4 
1971 -15.8 -10.2  -1.2   8.4  12.7  21.2  20.1  22.3  15.3   8.8  -1.0 -12.1 
1972 -15.5 -13.5  -2.8 -99.0  14.8  18.7 -99.0 -99.0 -99.0 -99.0 -99.0 -12.8 
1973  -9.7  -5.8   3.3   7.1  13.4 -99.0 -99.0 -99.0 -99.0 -99.0 -99.0 -99.0 
1974 -99.0 -99.0 -99.0 -99.0 -99.0  18.7  25.3  20.0  13.7   9.7  -0.2  -5.3 
1975  -9.1 -10.8  -4.9   3.8  13.4  18.7  24.9  22.0  14.1   9.4   1.1  -7.5 
1976 -11.3  -2.3  -1.0   9.0  13.1  20.5  23.9  24.0  15.6   5.4  -3.5  -9.7 
1977 -16.5  -3.9   0.1  10.6  17.9 -99.0  22.8  18.0  14.9   7.8  -2.7 -11.6 
1978 -19.8 -14.1  -3.5   6.0  14.0  18.2  20.7  21.0  17.1   7.0  -4.4 -10.7 
1979 -18.3 -16.2  -4.3   4.7  10.9  18.7  21.6  19.5  16.5   7.6 -99.0 -99.0 
1980 -99.0 -99.0  -3.0   9.5  15.8  19.8  22.5  20.7  14.9   6.9   1.8  -6.5 
1981  -7.3  -5.0   2.2  10.3  12.7  18.1  22.7  21.2  15.1   7.1   2.4  -9.4 
1982 -19.7 -10.7  -2.9   5.5  13.9  16.0 -99.0  21.2  14.3   7.4  -2.7  -5.0 
1983  -6.3  -2.9  -0.1   4.5  10.6  18.1  23.4  24.8  15.1   8.2  -0.9 -18.0 
1984  -8.9  -1.2  -3.0   7.4  12.4  18.7  21.9  22.0  11.8   7.9  -0.2 -11.8 
1985 -13.4  -9.0   1.4   9.5  16.1  16.6  21.4  18.5  12.6   7.2  -7.5 -13.8 
1986  -8.2 -10.9   1.8   6.8  14.4  20.5  22.7  18.8  13.7   8.7  -3.1  -4.0 
1987  -5.1   0.1   0.9  10.7  16.4  21.2  24.0  20.2  15.8   6.2   1.9  -3.5 
1988 -12.4 -10.2   0.8   6.7  17.0  24.0  23.8  22.5  14.9   6.5  -1.3  -6.9 
1989  -8.9 -14.5  -4.7   7.5  14.1  17.9  24.4  22.3  14.7   8.6  -1.4 -12.8 
1990  -3.2  -5.7   2.3   7.0  12.6  19.4  20.9  21.0  17.2   7.3   1.7 -11.0 
