Number= 720437
Name= PAULS-VALLEY-4WSW---
Country= USA---------
Lat=   34.7
Long=   97.3
Height= 286
Start year= 1892
End year= 1990
First Good year= 1892
Source ID= 30
Source file= New
Normals source= Data
Normals source start year= 1961
Normals source end year= 1990
Normals=   3.6   6.3  10.9  16.8  21.1  25.1  27.8  27.3  23.0  16.8  10.4   5.2 
Standard deviations source= Data
Standard deviations source start year= 1941
Standard deviations source end year= 1990
Standard deviations=   2.2   2.3   2.2   1.7   1.3   1.3   1.4   1.4   1.6   1.5   1.6   1.8 
Obs:
1892 -99.0 -99.0 -99.0  17.8  21.2  27.9  29.2 -99.0  22.5  16.1 -99.0 -99.0 
1893 -99.0 -99.0 -99.0 -99.0 -99.0 -99.0 -99.0 -99.0 -99.0 -99.0 -99.0 -99.0 
1894 -99.0 -99.0 -99.0 -99.0 -99.0 -99.0 -99.0 -99.0 -99.0 -99.0 -99.0 -99.0 
1895 -99.0 -99.0 -99.0 -99.0 -99.0 -99.0 -99.0 -99.0 -99.0 -99.0 -99.0 -99.0 
1896 -99.0 -99.0 -99.0 -99.0 -99.0 -99.0 -99.0 -99.0 -99.0 -99.0 -99.0 -99.0 
1897 -99.0 -99.0 -99.0 -99.0 -99.0 -99.0 -99.0 -99.0 -99.0 -99.0 -99.0 -99.0 
1898 -99.0 -99.0 -99.0 -99.0 -99.0 -99.0 -99.0 -99.0 -99.0 -99.0 -99.0 -99.0 
1899 -99.0 -99.0 -99.0 -99.0 -99.0 -99.0 -99.0 -99.0 -99.0 -99.0 -99.0 -99.0 
1900 -99.0 -99.0  10.5  16.5  20.2  25.8  26.1  26.9  24.4  18.9  10.2   7.5 
1901   6.8   4.1  10.0  14.4  20.0  26.0  29.2  27.8 -99.0  19.0  10.6   3.4 
1902   1.8 -99.0   9.5 -99.0 -99.0 -99.0 -99.0  27.9  19.5 -99.0  11.0   2.8 
1903   2.4 -99.0 -99.0 -99.0  18.3  20.7  25.9  26.2 -99.0  15.2   8.2 -99.0 
1904   3.5   8.2  14.4  13.7  19.7  23.2  26.0  25.7  22.5 -99.0  10.1   5.3 
1905  -0.2  -2.5  12.8  14.8  20.9  25.2  24.3 -99.0  22.7  14.6  11.1   3.8 
1906   5.8   5.5   6.6  15.8  20.5  23.1  23.9  24.4  22.5  13.4   9.4   7.9 
1907   8.5   7.6  16.5  14.0  16.7  23.3  25.8  27.0  22.9  15.8 -99.0 -99.0 
1908   6.5   6.2 -99.0 -99.0  20.2 -99.0  24.9  25.1  22.7 -99.0 -99.0 -99.0 
1909   6.9   8.2   9.4  14.9  20.1  25.1  28.9  27.7  22.5  16.9  14.5 -99.0 
1910 -99.0 -99.0 -99.0  16.4  19.1  24.6  27.2 -99.0 -99.0 -99.0  10.4   5.4 
1911   7.5   8.5  13.7  16.8  23.0  28.7  27.2 -99.0  26.3  16.4   8.0   5.3 
1912   1.0   6.3 -99.0  17.3  22.4  23.2  27.6  26.5  22.1  17.5   8.8   4.4 
1913   4.7   2.7   7.5  17.1  21.0  24.1  28.6 -99.0  22.1  14.5  14.0   5.9 
1914   8.8   4.4  10.5  15.9  20.0  27.3  29.9  26.5  24.4  16.2  11.8   2.2 
1915   4.7   9.3   6.2  18.2  20.4  24.2  26.0  23.7  23.7  16.6  12.6   8.1 
1916   3.9   6.9  14.7  14.6  21.4  24.0  27.4  27.5  21.9  16.9  10.0   4.3 
1917   5.2   5.2  12.0  15.1  16.9  24.5  28.0  26.0  22.7  13.7  10.8   4.0 
1918  -0.8   9.0  14.7  14.8  22.4  27.8  27.4  29.4  19.6  18.5 -99.0   6.1 
1919   3.9   6.2  12.4  16.2  19.9  24.0  27.0  27.4  22.9  16.9   8.1   3.3 
1920   3.3   7.4  11.6  14.7  22.1  23.9  27.2  24.6  23.7  17.5   7.4   7.6 
1921   9.1   9.5 -99.0  14.7  21.7  24.0  27.3  28.2  26.9 -99.0  10.1   8.6 
1922   3.2   8.2   9.6  16.3 -99.0  25.1  26.7  27.2  23.8  15.9 -99.0   6.6 
1923   8.9   4.2   9.1  16.0  19.7  24.8  27.7  27.7  22.9  13.6   9.5   7.4 
1924   2.2   6.3   6.5  15.9  17.9  26.5  26.2  28.1  20.8  17.4  11.4   3.5 
1925   2.5   9.7  13.9  20.0  20.4  28.0  28.8  26.6  24.4  12.8   9.6   4.2 
1926   4.0   9.7   8.0  13.2  20.9  24.1  24.9  26.2  23.1  17.9   8.5   5.6 
1927   5.4   9.4  10.9  18.8  22.9  24.2  26.0  25.4  22.8  18.0  13.4   3.6 
1928   5.3   7.0  12.4  14.7  21.2  24.2  26.3  26.9  21.4  19.2   8.5   5.8 
1929   3.6   0.3  12.2  18.7  19.2  25.1  27.2  28.1  21.8  15.2 -99.0 -99.0 
1930  -3.3  10.8   9.5  18.8  20.2  24.3  27.1  27.4  23.8  15.0   9.2   4.8 
1931   5.7   9.2   7.5  13.8  18.2  26.2  27.4  25.5  26.5  19.0  12.4   7.7 
1932   5.1  10.8   8.2  17.4  20.5  25.0  27.7  26.9  22.4 -99.0   6.4   3.5 
1933   9.2   4.7  11.6  16.1  21.7  25.7  28.2  25.6  25.5  16.9  10.4   8.2 
1934   6.2   6.8   8.9  16.7  21.4  27.5  30.0  29.7  21.3  18.1  11.6   5.5 
1935   6.7   7.3  13.9  14.9  18.8  23.7  27.7  27.4  20.5  16.6   7.5   4.5 
1936   2.5   2.6  13.9  16.0  21.7  26.1  28.7  29.7  24.6  13.6   8.4   7.9 
1937   1.3   5.9   8.4  16.7  22.0  25.4  28.3  28.4  23.3  16.5   7.8   4.4 
1938   6.6   9.8  14.9  15.3  21.3  24.9  27.4  28.4  23.8  18.8   8.5   6.1 
1939   7.5   4.9  13.0  15.7  22.1  25.8  29.0  27.9  26.0  18.3   8.6   7.8 
1940  -2.2   5.9  12.1  15.6  19.9  23.4  25.8  25.2  21.9  18.1   7.6   6.8 
1941   6.3   5.8   8.1  16.5  22.4  23.3  26.7  26.5  23.5  18.1   9.6   7.4 
1942   2.9   6.0  10.4  17.5  20.2  24.9  26.4  26.2  21.2  15.6  11.6   6.1 
1943   4.4   9.2   8.1  18.9  20.8  26.4  28.4  29.9  22.9  16.1   9.0   3.7 
1944   5.1   8.9  10.0  16.3  21.1  26.1  27.3  28.0  22.3  17.0  11.0   4.2 
1945   4.4   6.5  13.1  16.3  20.1  23.5  25.8  25.8  22.6  15.5  11.5   3.3 
1946   4.6   9.5  13.7  18.6  19.3  24.5  27.6  27.5  21.7  17.9  10.1   8.6 
1947   4.2   4.4   7.8  15.8  20.1  25.4  26.1  28.8  25.3  20.8   8.0   6.9 
1948   1.3   5.3   8.5  20.8  21.5  25.7  27.8  27.4  23.9  15.8   9.4   6.8 
1949   1.5   6.1  11.2  15.9  22.6  26.0  28.7  25.9  21.4  16.8  11.6   6.7 
1950   5.4   9.5  10.2  16.4  21.5  24.9  24.9  24.3  21.5  19.0   9.3   4.6 
1951   5.0   7.4  10.3  15.7  20.8  24.2  27.5  29.9  24.0  17.8   7.2   6.7 
1952   9.1   9.5   9.6  14.4  20.9  27.7  28.0  29.9  23.9  14.6   9.0   4.8 
1953   6.9   7.8  13.2  14.6  21.0  29.5  27.4  26.0  24.0  17.5   9.6   5.4 
1954   4.7  11.6   9.7  19.6  18.7  26.1  30.6  30.0  25.9  18.0  10.2   6.2 
1955   5.1   6.7  11.4  18.7  22.9  23.9  28.8  27.4  24.6  16.7   9.2   5.3 
1956   3.4   7.3  11.8  16.2  24.5  27.3  29.6  29.9  25.6  19.2   8.6   7.2 
1957   2.7   9.2   8.7  14.7  20.1  24.6  29.3  27.2  21.3  14.2   7.9   8.6 
1958   4.8   4.4   6.6  15.1  22.1  26.0  27.4  27.4  23.9  17.0  11.3   4.0 
1959   2.7   6.7  10.8  15.9  22.6  25.5  26.7  27.7  23.9  15.6   6.9   8.0 
1960   4.2   3.4   5.6  17.7  20.3  26.1  26.9  27.0  24.1  17.9  11.2   4.1 
1961   3.2   8.0  12.2  15.9  20.9  23.5  26.4  26.0  22.2  17.0   8.5   4.5 
1962   1.4   9.4   9.5  15.0  24.4  24.4  28.2  28.3  22.9  18.9   9.7   6.2 
1963   0.1   6.3  12.5  18.9  22.6  27.0  29.3  29.1  24.0  21.0  11.2   1.8 
1964   5.4   4.8  10.0  18.9  21.9  25.6  29.7  28.0  22.9  15.6  11.4   5.2 
1965   5.7   5.9   5.5  19.0  22.1  25.2  29.0  26.9  23.8  16.4  13.5   9.2 
1966   1.6   5.2  12.0  15.7  20.9  25.8  29.4  24.8  20.9  15.5  12.6   4.4 
1967   6.3   6.4  15.0  19.3  19.7  25.5  25.9  26.1  21.3  16.6   9.4   5.3 
1968   4.0   4.1  10.9  15.8  20.1  24.5  26.2  26.6  21.3  16.7   8.7   4.9 
1969   5.1   6.8   6.6  17.2  21.1  24.6  29.4  27.4  23.4  15.6   9.9   5.5 
1970   0.9   6.8   8.5  16.4  21.5  24.7  27.5  28.2  24.2  15.5   8.9   8.3 
1971   3.8   5.9  10.3  16.5  20.4  26.2  27.9  24.9  23.0  18.0  10.2   7.2 
1972   3.7   6.9  13.2  18.7  20.7  26.0  27.0  27.0  24.8  16.6   6.1   2.9 
1973   2.0   4.8  12.5  13.9  21.0  24.0  27.0  26.5  22.2  18.1  12.4   6.1 
1974   3.5   9.0  14.7  17.1  23.4  24.0  28.0  25.8  18.5  17.3   9.9   5.2 
1975   5.6   4.3   9.1  16.7  21.4  24.3  26.2  26.8  20.6  17.2  10.9   6.2 
1976   4.7  11.9  12.4  17.0  18.2  23.7  25.9  26.9  22.4  12.9   6.6   4.4 
1977  -0.7   8.4  12.1  17.4  22.6  26.8  28.8  28.0  25.9  17.6  11.3   6.0 
1978  -2.0  -0.3   9.6  18.3  21.0  25.2  30.1  27.4  25.5  17.5  10.9 -99.0 
1979 -99.0 -99.0 -99.0 -99.0 -99.0  24.8  27.7  27.3 -99.0  18.1   8.5   6.8 
1980   5.0   6.1  10.0  15.7  21.4  27.9  30.9  29.9  25.3  16.4   9.9   7.3 
1981   5.3   7.7  11.2  19.2  19.0  25.5  29.1  26.1  23.1  16.5  11.0   4.7 
1982   3.1   4.1  11.9  14.4  20.0  23.1  26.9  27.9  23.0  16.7  10.8   6.3 
1983   3.8   5.9   9.5  13.2  18.7  23.1  27.8  28.7  23.3  17.4  12.2 -99.0 
1984 -99.0 -99.0 -99.0 -99.0  20.1  25.6  27.0  28.1  21.9  16.9 -99.0 -99.0 
1985 -99.0 -99.0  13.2  17.5  21.5  24.6  27.6  28.4  24.1  16.9   9.7   3.6 
1986   6.5   7.9 -99.0  18.0  21.2  25.6  29.8  27.3  24.3  16.9 -99.0   4.9 
1987   2.8   7.8  10.0  16.0  22.5  24.7  26.1  28.0  22.1  15.5  10.2   5.0 
1988   1.3   5.2  10.5  15.3  20.9  25.3  27.8  28.4  23.7  16.2  10.9   6.6 
1989   6.5   1.8  10.7  17.4 -99.0  23.2  26.2  26.3  20.6  18.0  11.4   0.1 
1990   7.6   8.7  11.1  15.4  20.5  27.1  26.5  26.8  24.4  15.9  13.1   2.9 
