Number= 720466
Name= CAMDEN-3W-----------
Country= USA---------
Lat=   34.3
Long=   80.7
Height= 42
Start year= 1854
End year= 1990
First Good year= 1854
Source ID= 30
Source file= New
Normals source= Data
Normals source start year= 1961
Normals source end year= 1990
Normals=   5.0   6.9  11.4  15.8  20.0  23.7  25.6  25.1  22.1  16.0  11.1   6.7 
Standard deviations source= Data
Standard deviations source start year= 1941
Standard deviations source end year= 1990
Standard deviations=   2.6   2.3   2.0   1.3   1.3   1.3   1.0   0.9   1.2   1.9   1.6   2.1 
Obs:
1854   7.9   9.9  16.3  16.0  22.9  29.4  28.1  26.3  24.3  16.8   9.3   4.9 
1855   7.4   4.3  11.3  18.8  22.0  24.2  27.6  26.6  25.1  15.2  14.3   7.8 
1856   0.3   6.2   9.6  18.2  21.1  26.6  27.6  26.2  21.5  15.0  11.3   5.2 
1857   0.1  12.8   8.7  12.4  19.8  25.1  24.4  25.4  23.2  14.4  10.4   9.4 
1858 -99.0 -99.0 -99.0 -99.0 -99.0 -99.0 -99.0 -99.0 -99.0 -99.0 -99.0 -99.0 
1859 -99.0 -99.0 -99.0 -99.0 -99.0 -99.0 -99.0 -99.0 -99.0 -99.0 -99.0 -99.0 
1860 -99.0 -99.0 -99.0 -99.0 -99.0 -99.0 -99.0 -99.0 -99.0 -99.0 -99.0 -99.0 
1861 -99.0 -99.0 -99.0 -99.0 -99.0 -99.0 -99.0 -99.0 -99.0 -99.0 -99.0 -99.0 
1862 -99.0 -99.0 -99.0 -99.0 -99.0 -99.0 -99.0 -99.0 -99.0 -99.0 -99.0 -99.0 
1863 -99.0 -99.0 -99.0 -99.0 -99.0 -99.0 -99.0 -99.0 -99.0 -99.0 -99.0 -99.0 
1864 -99.0 -99.0 -99.0 -99.0 -99.0 -99.0 -99.0 -99.0 -99.0 -99.0 -99.0 -99.0 
1865 -99.0 -99.0 -99.0 -99.0 -99.0 -99.0 -99.0 -99.0 -99.0 -99.0 -99.0 -99.0 
1866 -99.0 -99.0 -99.0 -99.0 -99.0 -99.0 -99.0 -99.0 -99.0 -99.0 -99.0 -99.0 
1867 -99.0 -99.0 -99.0 -99.0 -99.0 -99.0 -99.0 -99.0 -99.0 -99.0 -99.0 -99.0 
1868 -99.0 -99.0 -99.0 -99.0 -99.0 -99.0 -99.0 -99.0 -99.0 -99.0 -99.0 -99.0 
1869 -99.0 -99.0 -99.0 -99.0 -99.0 -99.0 -99.0 -99.0 -99.0 -99.0 -99.0 -99.0 
1870 -99.0 -99.0 -99.0 -99.0 -99.0 -99.0 -99.0 -99.0 -99.0 -99.0 -99.0 -99.0 
1871 -99.0 -99.0 -99.0 -99.0 -99.0 -99.0 -99.0 -99.0 -99.0 -99.0 -99.0 -99.0 
1872 -99.0 -99.0 -99.0 -99.0 -99.0 -99.0 -99.0 -99.0 -99.0 -99.0 -99.0 -99.0 
1873 -99.0 -99.0 -99.0 -99.0 -99.0 -99.0 -99.0 -99.0 -99.0 -99.0 -99.0 -99.0 
1874 -99.0 -99.0 -99.0 -99.0 -99.0 -99.0 -99.0 -99.0 -99.0 -99.0 -99.0 -99.0 
1875 -99.0 -99.0 -99.0 -99.0 -99.0 -99.0 -99.0 -99.0 -99.0 -99.0 -99.0 -99.0 
1876 -99.0 -99.0 -99.0 -99.0 -99.0 -99.0 -99.0 -99.0 -99.0 -99.0 -99.0 -99.0 
1877 -99.0 -99.0 -99.0 -99.0 -99.0 -99.0 -99.0 -99.0 -99.0 -99.0 -99.0 -99.0 
1878 -99.0 -99.0 -99.0 -99.0 -99.0 -99.0 -99.0 -99.0 -99.0 -99.0 -99.0 -99.0 
1879 -99.0 -99.0 -99.0 -99.0 -99.0 -99.0 -99.0 -99.0 -99.0 -99.0 -99.0 -99.0 
1880 -99.0 -99.0 -99.0 -99.0 -99.0 -99.0 -99.0 -99.0 -99.0 -99.0 -99.0 -99.0 
1881 -99.0 -99.0 -99.0 -99.0 -99.0 -99.0 -99.0 -99.0 -99.0 -99.0 -99.0 -99.0 
1882 -99.0 -99.0 -99.0 -99.0 -99.0 -99.0 -99.0 -99.0 -99.0 -99.0 -99.0 -99.0 
1883 -99.0 -99.0 -99.0 -99.0 -99.0 -99.0 -99.0 -99.0 -99.0 -99.0 -99.0 -99.0 
1884 -99.0 -99.0 -99.0 -99.0 -99.0 -99.0 -99.0 -99.0 -99.0 -99.0 -99.0 -99.0 
1885 -99.0 -99.0 -99.0 -99.0 -99.0 -99.0 -99.0 -99.0 -99.0 -99.0 -99.0 -99.0 
1886 -99.0 -99.0 -99.0 -99.0 -99.0 -99.0 -99.0 -99.0 -99.0 -99.0 -99.0 -99.0 
1887 -99.0 -99.0 -99.0 -99.0 -99.0 -99.0 -99.0 -99.0 -99.0 -99.0 -99.0 -99.0 
1888 -99.0 -99.0 -99.0 -99.0 -99.0 -99.0 -99.0 -99.0 -99.0 -99.0 -99.0 -99.0 
1889 -99.0 -99.0 -99.0 -99.0 -99.0 -99.0 -99.0 -99.0 -99.0 -99.0 -99.0 -99.0 
1890 -99.0 -99.0 -99.0 -99.0 -99.0 -99.0 -99.0 -99.0 -99.0 -99.0 -99.0 -99.0 
1891 -99.0 -99.0 -99.0 -99.0 -99.0 -99.0 -99.0 -99.0 -99.0 -99.0 -99.0 -99.0 
1892 -99.0 -99.0 -99.0 -99.0 -99.0 -99.0 -99.0 -99.0 -99.0 -99.0 -99.0 -99.0 
1893 -99.0 -99.0 -99.0 -99.0 -99.0 -99.0 -99.0 -99.0 -99.0 -99.0 -99.0 -99.0 
1894 -99.0 -99.0 -99.0 -99.0 -99.0 -99.0 -99.0 -99.0 -99.0 -99.0 -99.0 -99.0 
1895 -99.0 -99.0 -99.0 -99.0 -99.0 -99.0 -99.0 -99.0 -99.0 -99.0 -99.0 -99.0 
1896 -99.0 -99.0 -99.0 -99.0 -99.0 -99.0 -99.0 -99.0 -99.0 -99.0 -99.0 -99.0 
1897 -99.0 -99.0 -99.0 -99.0 -99.0 -99.0 -99.0 -99.0 -99.0 -99.0 -99.0 -99.0 
1898 -99.0 -99.0 -99.0 -99.0 -99.0 -99.0 -99.0 -99.0 -99.0 -99.0 -99.0 -99.0 
1899 -99.0 -99.0 -99.0 -99.0 -99.0 -99.0 -99.0 -99.0 -99.0 -99.0 -99.0 -99.0 
1900 -99.0 -99.0 -99.0 -99.0 -99.0 -99.0 -99.0 -99.0 -99.0 -99.0 -99.0 -99.0 
1901 -99.0 -99.0 -99.0 -99.0 -99.0 -99.0 -99.0 -99.0 -99.0 -99.0 -99.0 -99.0 
1902 -99.0 -99.0 -99.0 -99.0 -99.0 -99.0 -99.0 -99.0 -99.0 -99.0 -99.0 -99.0 
1903 -99.0 -99.0 -99.0 -99.0 -99.0 -99.0 -99.0 -99.0 -99.0 -99.0 -99.0 -99.0 
1904 -99.0 -99.0 -99.0 -99.0 -99.0 -99.0 -99.0 -99.0 -99.0 -99.0 -99.0 -99.0 
1905 -99.0 -99.0 -99.0 -99.0 -99.0 -99.0 -99.0 -99.0 -99.0 -99.0 -99.0 -99.0 
1906 -99.0 -99.0 -99.0 -99.0 -99.0 -99.0 -99.0  25.8  23.9  15.4  11.1   7.4 
1907  10.1   5.3  14.9  11.7  19.5  22.3  25.7  23.7  22.3  14.5   9.1   6.3 
1908   5.3   4.6  14.9  18.2  21.3  23.9  25.4  24.4  21.3  15.5  12.0   8.7 
1909   8.5   9.7  10.4  16.9  19.5  24.6  24.3  24.8  21.1  14.9  13.5   4.4 
1910   6.3   5.9  13.9  16.0  19.6  22.1  25.0  24.7 -99.0 -99.0 -99.0 -99.0 
1911 -99.0 -99.0 -99.0  14.7  20.9  26.5  26.0  27.0  26.3  20.1  12.0  11.1 
1912   5.7   6.8  12.8  18.1  23.1  23.9  26.4  25.7  25.7  17.9  11.0  10.4 
1913  13.0  10.1  14.2  16.2  21.9  24.3  27.2  25.5  21.4  17.0  11.8   8.7 
1914   8.5   7.9   9.8  16.2  21.5  25.5  25.6  24.2  21.1  17.4  11.0   6.2 
1915   6.9   9.1   7.0  16.1  21.6  23.9  26.1  25.3  24.2  19.7 -99.0   7.2 
1916  11.1   9.1  11.7  15.7  22.9  24.1 -99.0 -99.0 -99.0  16.1 -99.0 -99.0 
1917 -99.0 -99.0 -99.0 -99.0 -99.0  25.0 -99.0 -99.0 -99.0 -99.0 -99.0   3.5 
1918 -99.0  10.1  14.8  16.7 -99.0 -99.0 -99.0 -99.0 -99.0 -99.0 -99.0  11.4 
1919   8.9   9.5 -99.0 -99.0  22.3  23.9  26.1  25.8  24.0  23.2 -99.0   7.5 
1920   7.2   7.8 -99.0 -99.0 -99.0 -99.0 -99.0 -99.0 -99.0 -99.0 -99.0 -99.0 
1921 -99.0 -99.0 -99.0 -99.0 -99.0 -99.0 -99.0 -99.0 -99.0 -99.0 -99.0  10.0 
1922   7.0  10.9  13.5  17.9  22.3 -99.0  26.5  25.1 -99.0 -99.0  12.1   9.6 
1923   8.6   6.1  13.3  15.4  20.2  24.9  26.3  25.7  24.4  16.7  10.1  10.4 
1924   5.9   6.1   9.6  15.7  19.2  25.0  25.2  26.4 -99.0 -99.0  12.2   9.5 
1925   7.2  10.9  12.8  18.5  20.2  26.0  26.6  26.7  27.7  18.7 -99.0 -99.0 
1926   6.5   9.0   9.0  14.8  21.5  24.5 -99.0 -99.0  25.7 -99.0 -99.0   9.7 
1927   6.7  12.1  12.7  17.3  22.5 -99.0  25.2 -99.0  24.2 -99.0 -99.0 -99.0 
1928   6.4   7.3  11.6  15.9  20.2  24.4 -99.0  25.5  21.7  18.9  10.8   6.4 
1929   6.9   6.6  13.5  16.4  19.8  23.1  25.9  25.5  22.5  15.5  11.3 -99.0 
1930 -99.0   8.9   9.3  16.1  21.6  22.8  26.0  23.4  24.0  14.6   9.5   3.8 
1931 -99.0   7.1   8.0  14.0  18.2  24.4  26.9  24.3  24.4  17.6  13.1   9.5 
1932  11.0  10.7   9.7  15.6  19.7  24.7  27.3  25.3  22.2  17.2   9.6   8.7 
1933   9.5   7.3  11.5  15.6  24.2  25.7  25.6  25.4  25.5  17.0   9.7  10.6 
1934   7.3   2.5   9.7  15.8  19.7  24.9  27.8  26.2  24.8  17.0  11.7   5.8 
1935   7.3   7.2  14.8  15.9  22.1  25.6  25.6  25.6  22.3  15.9  13.0   2.0 
1936   4.3   5.0  12.3  14.4  22.2  24.7  26.9  26.6  24.3  18.6  10.2   7.7 
1937  12.1   7.3  10.4  15.3  21.1  25.3  25.9  25.4  21.9  15.5   9.4   5.7 
1938   6.5  10.8  14.8  15.9  21.5  23.2  25.0  26.4  23.0  16.4  12.9   6.7 
1939   7.8  11.1  13.0  15.6  20.2  25.9  25.9  25.1  24.4  18.5   8.7   6.3 
1940  -0.7   6.4   8.9  15.1  18.8  24.2  25.3  24.8  21.8  16.6  10.9   8.4 
1941   5.9   4.1   7.8  17.2  21.1  24.3  25.6  25.7  24.1  20.6  11.2   8.0 
1942   5.7   4.1  11.5  16.3  21.2  24.7  26.1  24.6  22.7  16.7  12.0   6.0 
1943   7.1   8.0  10.1  14.2  21.4  26.7  25.4  25.7  20.8  15.6   9.6   6.0 
1944   5.8   9.3  10.8  14.8  21.8  25.7  24.4  24.4  24.0  16.2  10.4   4.1 
1945   6.0   8.9  16.8  18.2  18.3  24.7  25.5  24.3  24.3  16.1  11.7   3.5 
1946   7.3   8.4  14.5  16.1  19.8  22.7  24.1  23.5  21.9  16.9  13.9   8.1 
1947   8.8   3.2   6.9  17.5  20.7  23.4  23.6  25.3  22.6  18.6   8.8   5.8 
1948   2.9   6.9  12.5  17.1  20.3  24.4  26.5  24.3  20.8  13.5  12.3   7.8 
1949  10.2  10.0  11.4  13.8  20.6  23.5  26.3  24.7  21.3  18.9   9.1   7.5 
1950  11.6   9.2   9.4  14.3  21.8 -99.0 -99.0  24.1  21.3  17.6   8.5 -99.0 
1951   6.2   6.9  11.3  14.6  19.4 -99.0  26.5  26.4  23.0  17.9   8.4   7.9 
1952   9.4   7.3  10.8  14.9  21.0  26.4  26.2  25.0  21.6  13.6  10.2   5.3 
1953 -99.0 -99.0  11.2  14.9  22.8  24.7  25.8  25.1  21.8  17.5  10.1   6.8 
1954   6.7   9.9  11.2  17.3  17.4  24.8  26.7  26.2  26.1  19.5   9.5   5.3 
1955   7.0   8.3  12.9  17.5  21.2  21.1  26.2  26.4  23.0  15.2   9.6   5.2 
1956   4.9   9.7  11.2  14.5  20.6  24.1  25.7  25.1  20.3  16.9  10.5  11.7 
1957   7.9  11.7  10.7  17.3  20.8  24.3  25.3  24.2  23.3  13.8  12.2   7.5 
1958   2.9   3.7   8.7  15.9  20.2  23.8  25.7  25.2  21.5  14.2  12.4   4.2 
1959   5.6   9.3  10.2  16.9  21.4  23.7  25.0  25.5  21.8  17.4  10.5   6.9 
1960   6.2   6.5   5.2  16.6  19.4  24.0  24.9  25.2  22.1  17.0  11.1   3.3 
1961   3.9   9.3  13.4  13.7  18.8  22.8  25.2  24.0  22.8  14.6  13.5   7.5 
1962   5.8   9.2   9.7  14.4  23.1  23.0  25.0  25.4  22.2  17.7  10.3   5.3 
1963   4.8   4.5  13.9  16.8  20.2  23.6  24.9  26.0  21.2  16.5  10.9   3.2 
1964   5.3   4.9  11.0  16.3  20.5  25.0  24.4  24.2  21.4  13.8  12.8   8.2 
1965   5.9   7.2   9.8  16.3  22.8  22.4  25.1  25.3  22.4  15.4  11.0   6.1 
1966   3.4   6.6   9.2  14.9  19.7  21.7  25.7  24.4  21.3  15.1  10.0   5.3 
1967   6.4   4.7  12.1  17.7  18.5  22.2  24.4  24.2  19.1  15.0   9.0   9.3 
1968   3.5   4.0  10.6  16.1  19.2  23.5  25.4  26.2  22.2  16.7  10.2   4.6 
1969   3.8   5.8   7.9  15.9  19.5  25.2  26.4  23.1  21.2  16.4   8.9   4.7 
1970   2.3   5.6  11.1  16.9  20.5  23.6  25.9  24.6  23.4  16.6   9.5   7.6 
1971   5.0   5.9   8.9  14.1  18.4  24.2  24.6  24.1  22.9  19.1  11.0  12.3 
1972   9.3   6.4  11.6  15.3  18.5  21.2  24.4  24.3  22.5  15.3  10.6   8.8 
1973   6.1   5.5  14.0  14.9  18.6  24.0  25.6  25.0  23.6  17.4  12.1   6.7 
1974  12.7   8.2  13.3  15.5  20.6  22.8  24.6  24.2  20.7  13.7  10.1   6.6 
1975   8.2   9.5  10.8  14.9  21.5  23.8  24.2  25.1  21.4  17.3  12.1   6.6 
1976   4.2  10.6  13.8  15.9  18.2  22.4  24.5  24.1  20.9  13.6   7.5   4.6 
1977  -0.1   5.4  13.0  18.0  21.5  24.3  27.7  25.6  23.5  14.4  12.4   5.9 
1978   2.2   2.7   9.6  16.3  19.5  24.0  25.5  25.3  22.7  14.7  12.8   6.5 
1979   3.9   4.3  12.3  17.1  19.8  22.2  25.0  25.1  22.3  15.7  12.2   6.6 
1980   6.8   4.7  10.0  16.2  20.1  23.7  27.1  26.7  24.6  14.8   9.3   5.5 
1981   2.3   6.7   9.2  17.8  18.5  26.2  26.1  24.0  21.4  15.1  10.2   5.2 
1982   3.0   9.1  12.5  14.8  21.6  24.2  26.2  24.7  21.4  16.3  12.1  10.3 
1983   4.4   6.6  11.5  13.4  20.2  23.3  26.6  26.8  21.9  16.7  10.0   5.9 
1984   4.5   8.4  11.1  14.3  19.7  24.3  25.0  25.3  20.9  19.8   8.9   9.9 
1985   2.7   7.2  12.7  17.2  20.2  24.4  25.2  24.3  21.6  18.7  15.5   4.6 
1986   3.7  10.2  11.8  16.9  20.9  26.3  28.8  25.8  23.1  17.9  13.9   7.4 
1987   5.4   6.6  11.3  14.4  21.7  24.8  26.9  27.0  22.8  12.8  12.0   8.1 
1988   2.9   6.7  11.4  15.8  19.4  23.1  25.6  26.8  22.2  13.1  11.6   6.1 
1989   8.1   8.6  12.1  15.2  18.6  25.2  25.5  25.0  22.6  17.0  11.9   3.0 
1990   9.6  11.7  13.8  15.7  20.7  24.6  27.4  26.4  22.4  17.9  12.0   9.5 
