Number= 720464
Name= ANDERSON------------
Country= USA---------
Lat=   34.5
Long=   82.7
Height= 243
Start year= 1884
End year= 1990
First Good year= 1884
Source ID= 30
Source file= New
Normals source= Data
Normals source start year= 1961
Normals source end year= 1990
Normals=   4.5   6.6  10.8  15.5  20.0  23.6  25.5  24.9  21.6  15.6  10.7   6.1 
Standard deviations source= Data
Standard deviations source start year= 1941
Standard deviations source end year= 1990
Standard deviations=   2.4   2.0   2.0   1.3   1.3   1.3   1.0   1.0   1.2   1.6   1.5   2.0 
Obs:
1884 -99.0 -99.0 -99.0 -99.0 -99.0  20.6  27.4  26.1  24.6  20.7 -99.0 -99.0 
1885 -99.0 -99.0 -99.0 -99.0  20.7  26.2  27.6  26.1  22.0  13.4 -99.0 -99.0 
1886 -99.0 -99.0 -99.0  18.9  21.3  24.2  25.7  25.2 -99.0  15.8 -99.0 -99.0 
1887   4.4  10.9  10.9  17.8  22.6  25.2  28.3  25.5  22.3  14.4 -99.0 -99.0 
1888 -99.0 -99.0 -99.0 -99.0 -99.0 -99.0 -99.0 -99.0 -99.0 -99.0 -99.0 -99.0 
1889 -99.0 -99.0 -99.0 -99.0 -99.0 -99.0 -99.0 -99.0 -99.0 -99.0 -99.0 -99.0 
1890 -99.0 -99.0 -99.0 -99.0 -99.0 -99.0 -99.0 -99.0 -99.0 -99.0 -99.0 -99.0 
1891 -99.0 -99.0 -99.0 -99.0 -99.0 -99.0 -99.0 -99.0 -99.0 -99.0 -99.0 -99.0 
1892 -99.0 -99.0 -99.0 -99.0 -99.0 -99.0 -99.0 -99.0 -99.0 -99.0 -99.0 -99.0 
1893 -99.0 -99.0 -99.0 -99.0 -99.0 -99.0 -99.0 -99.0 -99.0 -99.0 -99.0 -99.0 
1894 -99.0 -99.0 -99.0 -99.0 -99.0 -99.0 -99.0 -99.0 -99.0 -99.0 -99.0 -99.0 
1895 -99.0 -99.0 -99.0 -99.0 -99.0 -99.0 -99.0 -99.0 -99.0 -99.0 -99.0 -99.0 
1896 -99.0 -99.0 -99.0 -99.0 -99.0 -99.0 -99.0 -99.0 -99.0 -99.0 -99.0 -99.0 
1897 -99.0 -99.0 -99.0 -99.0 -99.0 -99.0 -99.0 -99.0 -99.0 -99.0 -99.0 -99.0 
1898 -99.0 -99.0 -99.0 -99.0 -99.0 -99.0 -99.0 -99.0 -99.0 -99.0 -99.0 -99.0 
1899 -99.0 -99.0 -99.0 -99.0 -99.0 -99.0 -99.0 -99.0 -99.0 -99.0 -99.0 -99.0 
1900 -99.0 -99.0 -99.0 -99.0 -99.0 -99.0 -99.0 -99.0 -99.0 -99.0 -99.0 -99.0 
1901 -99.0 -99.0 -99.0 -99.0 -99.0 -99.0  27.7  25.4  22.2  17.6   9.1   5.6 
1902   5.3   3.7  10.9  16.1  23.6  26.0  27.5  26.0  21.7  17.3  14.3   6.8 
1903   5.1   7.9  14.0  15.2  21.7  22.9  26.9  26.7  23.1  17.4  10.7   4.4 
1904   3.8   6.0  12.2  15.1  21.0  24.7  26.3  25.1  24.0  18.2  10.6   6.9 
1905 -99.0 -99.0 -99.0  16.7  22.3  25.6  26.3  24.7  24.2  16.5  11.0   5.3 
1906   6.5   6.9   8.5  17.4  20.6  24.2  24.6  26.3  23.7  14.8  10.5   7.6 
1907  10.0   6.6  15.4  12.3  20.1  23.0  27.0  25.3  23.0  14.7   9.6   5.3 
1908   4.8   4.0  14.2  17.4  21.4  23.4  25.8  25.0  21.1  14.8  11.8   8.1 
1909   7.5   9.2  10.1  16.9  19.8  24.4  24.5  25.2  21.3  14.4  12.7   3.1 
1910   4.4   4.4  14.0  14.9  19.1  22.2  24.9  24.9  24.4  16.9   8.8   2.4 
1911   7.2   9.0  10.4  13.5 -99.0 -99.0  25.5  26.1  25.4  18.5   8.1   7.7 
1912   3.0   4.5   9.9  16.9  21.5  23.0  26.0  25.5  24.3  17.2   9.7   7.4 
1913   9.5 -99.0  12.0  15.6  22.1  24.3  27.3  25.1  20.8  15.6  11.4   7.7 
1914 -99.0 -99.0   9.6  17.0  21.8  27.7  26.4  25.8  21.5  17.0  10.1   4.3 
1915   5.1   7.0   6.4  17.5  21.8  23.9  26.4  24.5  23.2  17.3  11.2   4.8 
1916   8.2   7.4  11.3  15.1  22.8  23.9  24.2  25.3 -99.0 -99.0  11.5   5.9 
1917   7.9   6.6  10.5  18.2  18.5  24.8 -99.0  25.9  21.4 -99.0   8.6   0.5 
1918  -0.3   9.5  13.7  14.1  21.5  23.7  23.9  25.3  19.0  17.3   9.7   7.8 
1919   6.0   5.5  11.4  15.9  19.9  24.2  25.1  24.7  22.4  20.9  11.1   6.5 
1920   5.1 -99.0 -99.0  14.1  18.8  24.1 -99.0  23.4  22.7 -99.0   9.6   5.7 
1921   7.1   8.5  15.2  16.2  19.5  25.1  25.5  24.7  25.8  15.0  11.2   8.0 
1922   5.1  10.0  11.4  16.5  20.4  24.7  25.5  24.4  23.4  16.3  11.2   8.3 
1923   7.1   6.1  11.5  15.1  18.3  23.9  25.4  25.2  23.0  16.2   9.1   9.1 
1924   3.6   5.2   9.0  15.0  18.6  24.7  24.9  26.2  19.4  15.5  10.9   5.4 
1925   5.0  10.0  12.3  17.8  19.5  26.7  27.1  26.2  27.2  15.5   8.7   5.0 
1926   4.5   8.1   6.9  14.6  21.1  24.3  26.6  25.8  24.1  17.4   7.9   7.1 
1927   6.1  11.9  11.8  16.2  21.2  22.6  24.9  23.7  23.0  17.7  12.2   5.8 
1928   5.6   6.5  10.9  13.9  19.2  22.8  25.4  25.2  20.5  17.3  10.2   6.0 
1929   5.9   5.9  12.8  17.0  19.6  23.1  24.9  25.4  20.9  14.3  10.0   6.0 
1930   6.4  10.0   8.7  16.6  20.9  23.2  27.0  24.9  23.6  14.5   8.2   2.8 
1931   5.2   7.1   7.7  15.0  19.0  25.7  27.2  24.7  24.4  17.3  13.4   9.8 
1932   9.9  10.8   9.3  15.7  19.8  24.3  27.4  24.7  21.6  15.6   8.4   7.0 
1933   8.8   6.6  10.8  15.0  22.9  25.7  24.9  24.8  23.6  16.2  10.1   8.9 
1934   6.6   3.6   8.9  15.7  20.1  25.3  26.5  25.0  23.1  16.0  11.2   5.0 
1935   6.0   6.7  13.5  15.7  20.6  24.2  25.5  25.0  21.9  17.0  11.9   1.7 
1936   2.7   5.2  12.5  14.9  23.0  26.4  27.6  26.4  24.1  17.4   9.4   6.6 
1937   9.7   6.2   9.3  14.5  19.8  26.3  26.2  25.5  20.8  14.0   7.8   5.4 
1938   5.5   9.7  13.7  15.3  21.3  23.8  25.5  26.5  22.4  16.8  11.7   5.6 
1939   6.7   9.2  12.3  15.4  20.1  26.3  26.6  24.7  23.8  17.8   9.1   6.5 
1940  -0.9   5.7   9.1  14.5  19.2  25.3  25.3  25.5  21.9  17.0  10.2   7.6 
1941   5.7   4.5   7.9  17.2  22.6  25.4  26.1  26.5  24.3  20.4  11.2   7.8 
1942   5.5   4.4  10.8  17.2  21.0  26.3  26.9  24.7  22.2  16.5  11.5   5.0 
1943   7.0   7.7   9.3  15.3  21.2  26.6  25.2  26.5  20.9  15.2   9.2   6.4 
1944   5.7   9.1   9.9  15.0  22.0  27.0  25.1  24.2  22.4  16.1   9.5   3.7 
1945   5.7   8.0  15.3  17.4  18.7  24.8  25.4  24.6  23.1  15.0  10.7   2.3 
1946   5.6   7.4  13.9  16.4  19.3  23.3  24.5  23.3  20.5  16.0  13.1   9.0 
1947   7.3   3.6   6.3  16.8  20.3  23.5  23.4  25.4  22.5  17.4   8.3   5.8 
1948   2.1   7.0  12.7  17.2  20.5  24.8  26.0  24.8  20.9  14.7  12.2   7.5 
1949  10.4   9.8  11.1  14.2  20.7  23.9  26.1  24.7  20.1  18.2   9.1   6.4 
1950  11.1   8.9   8.7  14.5  22.1  24.3  24.1  24.2  20.9  17.8   8.5   3.7 
1951   5.1   7.5  10.8  15.0  20.2  24.2  25.8  26.6  23.0  17.7   7.7   6.9 
1952   9.2   8.2  10.1  15.5  20.9  27.7  27.4  24.8  21.3  14.4  10.4   5.3 
1953   7.6   8.1  11.4  15.3  22.8  25.6  26.0  26.0  21.6  16.9  10.7   5.5 
1954   6.4   9.7  10.5  18.0  18.0  24.6  27.1  27.5  24.7  17.4   8.2   5.0 
1955   5.3   7.3  11.6  17.7  21.6  22.0  26.0  26.1  23.0  15.3   9.7   4.5 
1956   4.7   8.6  10.4  14.8  21.3  24.5  25.8  26.2  20.7  16.3   9.4  11.3 
1957   6.8  10.3   9.8  17.3  21.0  24.3  26.2  25.3  22.1  13.5  11.0   6.8 
1958   2.6   3.1   8.0  15.0  20.3  24.4  25.5  25.6  21.6  15.1  12.7   5.0 
1959   5.5   8.1   9.7  16.5  21.2  23.9  25.2  26.4  21.3  16.2  10.1   6.5 
1960   5.6   5.7   4.8  16.7  19.5  23.4  25.6  25.0  21.8  17.0  10.7   4.3 
1961   3.6   8.4 -99.0  12.9  18.5  22.5  24.5  24.2  22.7  16.0  13.0   5.8 
1962   5.1   9.1   8.5  13.7  23.2  23.5  26.0  25.0  21.2  16.7   9.4   4.2 
1963   3.1   3.7  12.4  16.9  19.6  22.9  24.1  24.9  20.7  16.6  10.3   2.0 
1964   4.9   4.3  10.0  15.4  20.7  24.4  24.6  23.6  21.5  13.4  12.3   7.1 
1965   6.0   6.9   9.1  16.6  22.1  22.4  25.1  25.3  22.1  14.7  10.9   6.7 
1966   3.0   6.3   9.8  15.3  19.4  22.6  25.6  24.3  21.0  14.5  10.6   5.8 
1967   6.4   5.1  13.0  17.5  18.6  22.0  23.9  23.4  19.0  15.0   8.1   7.9 
1968   3.4   4.1  11.1  15.8  19.5  23.7  25.2  26.1  20.6  15.9   9.7   3.7 
1969   4.0   6.1   7.5  16.2  20.0  24.5  26.6  23.4  20.5  16.4   8.8   4.8 
1970   2.2   6.7  10.9  16.5  20.7  23.2  25.9  25.0  23.7 -99.0   9.5   7.8 
1971   5.5   6.1   8.4  15.5  18.8  25.0  24.5  24.1  22.4  18.2   9.2   9.8 
1972   8.0   5.7  11.1  15.3  18.2  21.4  24.5  24.9  23.3  15.6   9.5   8.4 
1973   5.7   5.6  13.1  14.2  18.3  23.3  25.3  24.7  23.2  16.9  12.3   5.4 
1974  11.1   7.7  14.2  15.8  21.0  22.2  24.9  24.5  21.0  15.4  10.2   5.7 
1975   8.4   8.7   9.6  15.3  21.8  23.2  24.6  25.0  20.2  16.3  11.5   5.5 
1976   2.7   9.4 -99.0  15.3  18.2  22.0  24.4  24.4  20.5  12.9   7.5   4.4 
1977  -0.5   5.6  12.7  18.0  21.2  24.4  27.1  25.3  22.4  14.4  11.9   5.1 
1978   0.5   2.9   9.5  16.2  19.1  24.2  26.1  25.3  22.8  15.0  12.4   6.2 
1979   3.1   4.3  11.9  15.4  20.3  22.7  24.3  24.9  21.5  15.4  11.7   7.2 
1980   5.9   4.7   9.3  15.4  20.2  23.9  27.7  26.9  23.6  14.7   9.5   6.3 
1981   3.5   6.4   9.5  18.5  19.0  26.2  26.7  24.4  21.1  14.6  10.6   3.4 
1982   2.8   8.3  11.8  14.1  21.9  23.6  25.3  24.7  21.1  16.4  10.7   9.7 
1983   4.2   6.2  10.6  12.5  19.8  22.4  26.8  26.5  20.1  15.9  10.6   4.5 
1984   4.1   7.8  11.2  13.1  18.4  23.8  24.4  24.9  20.9  19.6   8.9   9.9 
1985   3.4   7.1  12.0  16.7  19.7  23.8  23.9  23.2  20.0  16.5  14.7   4.3 
1986   4.6   9.5  10.7  16.6  21.1  26.0  27.7  24.8  22.5  16.7  12.3   6.3 
1987   4.2   6.2  10.0  14.3  21.5  24.3  26.7  26.8  22.2  13.3  11.6   6.9 
1988   2.4   6.4  10.3  16.4  19.9  24.6  25.6  26.4  21.5  12.7  10.8   5.5 
1989   6.9   7.2  11.9  14.8  19.1  23.6  25.2  24.4  22.0  16.5  11.3   2.6 
1990   8.2  10.7  13.2  15.9  20.4  24.8  26.3  25.8  22.4  17.2 -99.0   8.7 
