Number= 720448
Name= FRANKLIN------------
Country= USA---------
Lat=   41.4
Long=   79.8
Height= 301
Start year= 1867
End year= 1990
First Good year= 1867
Source ID= 30
Source file= New
Normals source= Data
Normals source start year= 1961
Normals source end year= 1990
Normals=  -4.2  -3.2   2.4   8.4  13.8  18.8  21.1  20.3  16.9  10.9   5.4  -1.2 
Standard deviations source= Data
Standard deviations source start year= 1941
Standard deviations source end year= 1990
Standard deviations=   2.8   2.5   2.5   1.8   1.7   1.3   1.0   1.2   1.3   1.8   1.5   2.5 
Obs:
1867 -99.0 -99.0 -99.0 -99.0 -99.0 -99.0 -99.0 -99.0 -99.0   9.4   4.7  -1.0 
1868  -4.7  -5.5   3.4   5.9  14.4  19.3  24.5  20.1  14.7   7.7   3.3  -1.9 
1869   1.0   0.4  -0.5   8.3  14.6  18.3  21.1  20.4  16.2   6.1   0.7   1.7 
1870   1.1  -1.5   0.9  10.9  17.9  20.6  22.1  20.4  17.1  10.4   3.0  -0.6 
1871  -0.6   0.2   6.1  11.5  16.2  19.0  19.7  21.2  13.0 -99.0 -99.0  -2.0 
1872  -3.1  -2.3  -3.1   9.2  14.7  17.9  20.3  20.1  13.6   7.7   0.1  -5.1 
1873  -2.9  -3.3  -0.8   6.3  12.7  17.1  19.2  17.8  11.9   6.3  -0.8   1.6 
1874   1.5   0.5   1.7   2.7  15.9  19.8  18.8  17.9  15.6   4.7   1.3  -0.6 
1875  -6.6  -8.3  -0.8   5.4  14.0  16.7  18.4  18.4  12.6   6.6   0.1   2.2 
1876   2.0   0.2  -0.1   6.0  13.7  18.6  19.9  19.6  13.4   5.6   1.8  -6.6 
1877  -5.0  -0.1  -1.3   7.9  12.9  17.2  19.2  18.5  14.1   8.9   2.2   3.9 
1878  -1.9  -0.5   4.6  10.4  12.4  14.3  20.0  17.3  13.8   7.4   1.4  -3.8 
1879  -5.5  -5.3  -0.1   5.0  13.3  14.3  18.6  17.1  10.8  10.9   1.5   0.8 
1880   3.5   0.2   0.0   7.5  16.2  16.6  17.9  17.4  12.7   6.4  -2.9  -4.9 
1881  -5.6  -4.4  -4.1   7.1  15.2  14.4  19.1  19.1  19.3  10.3   2.3   2.0 
1882  -2.7   1.1   2.0   5.8  10.5  15.8  16.9  17.3  13.8   9.1   0.4  -3.0 
1883  -5.6  -2.3  -3.3   6.2  12.1  16.6  17.3  14.8  11.2   7.2   2.2  -1.4 
1884  -7.1  -0.1   0.4   5.8  12.9  17.4 -99.0 -99.0 -99.0   8.4   0.3  -1.7 
1885  -5.6  -7.9  -5.6   5.5  13.0 -99.0  19.1  15.6 -99.0 -99.0   1.4  -1.1 
1886  -5.1  -4.7   0.1   8.8  12.9  15.3  17.2  16.6  13.3 -99.0 -99.0 -99.0 
1887  -3.8   0.6   2.2   7.1  17.9  18.4  22.9  17.2  12.7   6.7   2.1  -1.1 
1888  -4.4  -1.6  -0.3   7.3  15.1 -99.0  19.8  18.6  12.8   6.6   3.6   0.9 
1889   0.6  -4.8   4.8   8.5  15.4  17.6  19.8  16.3  15.2   6.3   3.7   4.7 
1890   3.4   3.5  -0.3   8.9  14.2  19.8  19.7  17.6  14.3 -99.0 -99.0 -99.0 
1891 -99.0 -99.0 -99.0 -99.0 -99.0 -99.0 -99.0 -99.0 -99.0 -99.0 -99.0 -99.0 
1892 -99.0 -99.0 -99.0 -99.0 -99.0 -99.0 -99.0 -99.0 -99.0 -99.0 -99.0 -99.0 
1893 -99.0 -99.0 -99.0 -99.0 -99.0 -99.0 -99.0 -99.0 -99.0 -99.0 -99.0 -99.0 
1894 -99.0 -99.0 -99.0 -99.0 -99.0 -99.0 -99.0 -99.0 -99.0 -99.0 -99.0 -99.0 
1895 -99.0 -99.0 -99.0 -99.0 -99.0 -99.0 -99.0 -99.0 -99.0 -99.0 -99.0 -99.0 
1896 -99.0 -99.0 -99.0 -99.0 -99.0 -99.0 -99.0 -99.0 -99.0 -99.0 -99.0 -99.0 
1897  -6.0  -1.5   4.1   8.8  12.8  17.2  23.0  19.2  16.7  12.4   6.0   0.7 
1898   0.0  -2.1   6.3   7.2  14.8  20.0  22.5  21.9  19.2  11.9   4.1  -1.7 
1899  -2.9 -99.0   1.7   9.9  15.8  19.9  21.7  21.1  16.9  13.6   6.1  -0.3 
1900  -0.7  -3.6  -0.9   8.5  15.7  20.0  21.5  22.8  19.5  15.2   5.5  -0.5 
1901  -1.4  -7.5   2.4   7.8  14.2  19.3  23.3  20.9  17.6  11.3   2.9  -1.2 
1902  -3.6  -5.1   5.1   7.7  14.7  17.2  21.6  18.5  17.0  11.6   8.8  -2.8 
1903  -3.0  -1.2   9.3   8.8  16.5  16.6  20.5  19.2  17.7  11.6   2.3  -3.5 
1904  -7.0  -6.5   1.3   5.2  14.3  18.8 -99.0 -99.0  17.4  10.5   3.2  -3.1 
1905  -6.0  -7.4   2.5   6.9  14.3  18.9  21.3  19.6  16.8  10.4   3.1  -0.4 
1906   1.0  -4.0  -1.9   7.4  14.1  19.0  20.4  21.6  18.5  10.0   4.2  -0.7 
1907  -1.5  -5.2   4.6   4.1  10.7  16.4  20.3  18.2  17.8   8.0   2.7  -0.4 
1908  -3.1  -5.1   3.3   8.1  14.9  19.6  22.1  19.8  20.7 -99.0   4.5  -0.3 
1909  -0.7   0.3  -0.4   7.4  13.7  19.0  19.2  19.5  15.9   7.7   7.3  -3.9 
1910  -3.4  -5.7   5.6   9.5  12.3  17.0  21.2  19.6  17.6  12.7   2.5  -4.4 
1911  -0.6  -0.8   0.9   6.8  17.0  19.7  22.2  20.9  17.8  11.3   2.4   1.1 
1912  -9.1  -6.7  -0.9   9.2  15.2  17.3  21.2  18.3  19.2  12.3   6.2   0.8 
1913   2.0  -4.2   4.0   9.7  13.8  18.8  20.7  20.7  16.7  12.8   5.9   0.4 
1914  -0.8  -6.5   0.8   7.4  15.3  19.1  20.9  20.6  16.0  13.7   4.2  -2.7 
1915  -3.2   0.3  -0.8  10.6  12.5  17.4  19.7  18.4  18.4  12.0   5.3  -1.8 
1916   0.8  -5.0  -1.8   7.4  14.8  16.0  23.1  21.0  15.6  10.4   4.7  -2.9 
1917  -3.3  -6.4   2.4   6.9  10.1  17.0  20.2  19.5  14.7   7.3   2.3  -6.3 
1918 -10.0  -1.8   4.0   7.3  17.3  17.0  19.7  22.2  13.7  12.6   5.3   2.6 
1919   0.0  -0.5   4.2   7.8  13.4  21.5  22.0  18.7  17.1  13.8   4.7  -4.0 
1920  -7.6  -4.6   3.4   5.9  13.0  18.2  19.1  20.0  17.7  14.0   4.4  -0.5 
1921  -0.6  -0.1   8.0  11.9  14.9  20.7  23.3  18.8  19.6  11.2   5.2  -0.7 
1922  -4.1  -0.2   3.4   8.9  16.1  19.7  21.1  19.4  18.6  12.2   5.4  -0.9 
1923  -1.7  -5.1   1.1   7.1  13.1  19.4  20.1  18.8  16.9   9.7   4.3   3.9 
1924  -4.3  -3.4   1.8   7.2  11.0  17.2  18.5  19.3  14.1  11.0   3.7  -2.3 
1925  -5.3   0.6   3.3   9.7  10.8  20.1  20.0  19.9  19.1   6.7   3.1  -2.2 
1926  -4.2  -2.8  -1.5   5.2  13.2  15.9  19.5  20.5  17.4  10.2   3.3  -3.7 
1927  -4.3   0.2   4.0   7.6  13.6  15.5  20.4  16.6  17.5  12.0   7.0  -1.5 
1928  -2.6  -3.2   1.1   5.3  12.3  16.3  20.9  21.4  15.1  12.3   5.7   0.6 
1929  -4.1  -4.2   4.8   9.3  12.8  17.8  21.0  17.7  18.3   9.4   3.7  -1.0 
1930  -2.0   1.2   1.6   7.6  14.7  18.4  21.1  19.8  18.5  10.1   5.1  -1.6 
1931  -2.2  -0.8   0.8   9.2  15.2  19.4  23.1  19.7  20.1  12.1   8.4   2.5 
1932   3.7   1.1  -1.4   5.9  14.3  19.1  20.5  20.4  18.1  11.6   2.9  -0.4 
1933   1.5  -2.4   0.6   9.3  15.6  20.6  21.9  20.4  18.6  10.1   2.2  -0.4 
1934  -0.3 -11.1  -1.0   7.5  16.0  22.1  23.4  19.1  19.3  10.3   6.4  -1.8 
1935  -2.9  -3.3   5.1   7.7  12.2  19.0  24.0  20.9  17.0  11.2   5.3  -3.7 
1936  -5.0  -7.4   3.8   6.3  16.1  19.4  22.0  21.8  18.4  11.0   1.8  -0.3 
1937   1.3  -1.4  -0.4   7.6  15.8  18.8  21.2  22.1  15.2   9.2   3.4  -3.3 
1938  -3.0   0.0   4.2   8.6  13.1  18.0  21.3  21.5  16.2  12.0   5.4  -0.8 
1939  -1.6  -1.4   1.6   5.9  14.6  19.7  20.4  20.8  17.2  12.2   3.5   0.4 
1940  -8.3  -3.0  -1.0   6.1  13.3  19.2  21.5  19.9  15.9   9.6   4.7   1.7 
1941  -2.6  -4.1  -1.9  11.4  14.3  19.6  22.2  18.8  17.9  13.1   6.1   1.6 
1942  -3.0  -4.7   3.6  10.6  15.0  19.9  20.8  19.8  16.8  12.0   5.4  -2.0 
1943  -2.5  -2.4   1.4   4.8  14.0  22.0  21.7  20.3  15.7   9.8   3.7  -3.0 
1944  -0.7  -3.0   1.4   6.6  17.7  20.5  21.6  21.1  16.8  10.8   6.2  -3.8 
1945  -7.1  -2.9   8.0  10.2  11.5  18.3  21.2  20.4  18.7  10.4   5.7  -4.2 
1946  -2.2  -2.2   8.6   7.4  13.2  18.7  20.9  18.1  18.1  13.3   7.1   0.4 
1947   0.6  -5.4  -1.2   8.4  12.8  18.3  20.2  24.1  18.2  15.0   3.7  -1.4 
1948  -7.2  -3.5   3.4  10.3  13.0  18.8  21.6  20.6  17.5  10.4   7.9   0.3 
1949   1.5   1.1   2.3   7.1  14.6  21.2  23.6  20.9  14.8  13.7   5.2   0.8 
1950   3.0  -1.5  -0.3   5.4  13.6  17.9  19.5  19.6  16.2  12.4   6.1  -3.9 
1951  -1.8  -1.9   2.7   7.2  14.5  19.1  21.2 -99.0  16.1  12.6   1.5  -1.5 
1952  -0.7  -0.8   1.2   8.9  12.0  19.8  21.9  19.6  16.7   8.2   6.3   0.2 
1953   0.2  -0.6   3.3   6.7  15.5  19.4  21.4  20.6  17.0  11.9   5.7   0.8 
1954  -2.8   0.4   1.4  11.2  12.0  19.5  20.5  19.7  17.7  12.4   4.6  -2.0 
1955  -4.4  -2.0   2.7  11.6  15.2  16.9  23.3  22.4  17.6  11.7   3.5  -2.5 
1956  -3.6  -1.9   0.7   6.6  12.6  18.8  20.2  19.6  15.2  12.6   5.7   2.6 
1957  -5.6   0.1   2.9   9.1  14.7  19.7  20.4  19.3  16.4   9.8   5.3   1.2 
1958  -3.1  -7.1   1.4   9.4  13.5  16.5  21.8  19.9  16.8  11.3   6.4  -6.2 
1959  -5.2  -1.8   1.2   9.0  16.6  19.1  21.8  23.2  19.4  12.4   4.1   0.6 
1960  -1.2  -1.9  -4.6  10.9  13.6  18.6  19.9  21.4  19.4  10.9   6.1  -5.7 
1961  -6.4  -1.0   3.7   5.6  12.4  18.4  21.4  21.3  20.4  13.4   5.8  -1.0 
1962  -4.2  -2.7   1.2   7.8  17.0  19.6  19.4  20.3  14.8  12.1   4.3  -4.6 
1963  -6.9  -7.9   2.8   7.8  13.1  19.0  21.1  18.7  16.1  14.3   6.7  -4.7 
1964  -3.0  -4.7   3.0   8.5  15.6  18.5  22.2  18.4  16.9  10.1   6.9  -0.7 
1965  -3.7  -3.8  -0.3   6.6  16.6 -99.0  19.3  19.3  18.1  10.3   4.8   0.2 
1966  -6.7  -3.7   2.1   6.3  10.3  19.6  22.1 -99.0  15.2   9.6   5.8  -1.5 
1967  -0.6  -4.7   2.1   9.5  10.6  21.1  20.4  19.3  15.3  10.6   2.7  -0.3 
1968  -6.3  -5.6   3.0  10.3  11.8  18.7  21.9  21.4  18.5  11.6   5.6  -2.3 
1969  -3.6  -2.3   0.4   9.4  14.1  18.1  20.8  20.2  17.1  10.8   4.8  -3.2 
1970  -6.6  -3.6   0.5   9.2  15.9  18.6  21.1  20.7  18.8  13.0   6.9   0.3 
1971  -5.1  -2.1   0.0   6.6  12.0  20.8  19.6  19.3  19.1  14.4   4.8   2.5 
1972  -2.0  -5.0   0.6   7.6  15.2  16.3  21.3  20.2  17.3   8.6   3.9   1.4 
1973  -1.6  -2.7   7.1   9.8  12.4  20.8  21.9  21.7  18.0  13.1   6.4  -0.1 
1974  -0.2  -2.8   2.9   8.4  13.0  18.2  20.9  20.7  15.2   9.1   6.1   0.0 
1975  -0.4  -1.0   1.5   5.6  16.3  20.0  21.6  21.3  14.6  12.4   8.2  -0.4 
1976  -5.9   0.9   6.4  10.0  12.5 -99.0  20.1  19.4  15.4   8.5   1.3  -5.2 
1977 -11.0  -4.0   5.4  10.0  15.6 -99.0 -99.0  19.2  17.0   8.9   5.5  -3.4 
1978  -7.6  -9.7  -1.3   6.9  12.8  17.4  19.7  20.3  17.0   8.2   4.9  -1.3 
1979  -6.2  -9.9   2.9   7.2  12.1  17.3  19.7  19.4  15.8   9.7   5.1  -0.1 
1980  -4.0  -5.6  -0.9   7.3  13.6  16.5  20.7  22.4  17.8   8.7   3.2  -3.0 
1981  -6.4  -1.4   1.9  10.6  13.9  19.4  21.5  20.2  16.0   9.1   4.8  -1.2 
1982  -6.5  -2.9   1.8   7.1  17.2  17.6  21.5  18.7  16.9  11.8   6.9   3.4 
1983  -1.6  -0.1   4.6   7.9  12.5  19.3  22.4  22.7  17.7  11.4   5.9  -3.8 
1984  -5.9   1.6  -1.3   8.9  12.2  19.7  20.7  21.4  16.0  13.8   3.9   2.4 
1985  -5.7  -3.3   3.7  11.4  15.2  17.4  20.5  20.3  18.2  11.7   8.2  -3.6 
1986  -2.8  -1.3   3.5  10.7  15.6  19.5  21.6  19.3  17.2  12.1   3.8   0.1 
1987  -2.9  -1.6   4.4   9.9  15.3  20.5  23.0  20.3  16.9   8.2   6.7   1.8 
1988  -4.4  -2.2   2.6   8.7  14.5  18.2  22.9  21.9  16.2   8.3   6.1  -1.1 
1989   0.0  -2.6   3.6   6.8  12.9  19.2  22.1  20.3  16.8  10.8   4.2  -7.7 
1990   1.7   1.1   4.5   9.5  13.1  18.6  21.0  20.3  16.7  11.7   6.9   1.8 
