Number= 720431
Name= WAVERLY-------------
Country= USA---------
Lat=   39.1
Long=   83.0
Height= 170
Start year= 1883
End year= 1990
First Good year= 1883
Source ID= 30
Source file= New
Normals source= Data
Normals source start year= 1961
Normals source end year= 1990
Normals=  -2.4  -0.5   5.9  11.3  16.5  21.4  23.6  22.6  18.8  12.2   6.7   0.5 
Standard deviations source= Data
Standard deviations source start year= 1941
Standard deviations source end year= 1990
Standard deviations=   3.0   2.6   2.5   1.8   1.7   1.3   1.1   1.2   1.4   1.9   1.4   2.8 
Obs:
1883 -99.0 -99.0 -99.0 -99.0 -99.0  21.7  23.2  21.0  18.3  13.9   6.9   0.1 
1884  -6.7   3.5   5.2  10.7  16.9  21.8  22.3  21.7  21.3  14.4   4.6  -0.1 
1885 -99.0  -5.3   0.7  11.4  17.4 -99.0  24.3  22.2 -99.0  11.5   5.4   1.4 
1886  -3.5  -1.8   4.4 -99.0  17.6  19.9  22.7  22.6  19.3  11.3   3.6  -2.4 
1887  -1.7   4.6   4.0  10.7  19.0  21.6  25.5 -99.0 -99.0 -99.0   3.7   0.4 
1888  -1.8   0.6   2.8  12.7 -99.0 -99.0 -99.0  20.3 -99.0 -99.0 -99.0 -99.0 
1889 -99.0 -99.0 -99.0 -99.0 -99.0  20.7  24.1  22.2  19.0  11.3   7.2   9.2 
1890   6.7   7.1   4.6  13.9  17.9  24.5  24.1  21.1  19.4  13.6   9.2   0.9 
1891   2.2   3.9   3.9  13.3  16.1  23.4  21.1  21.4  19.8  11.0   5.7   4.3 
1892  -2.8   3.4   3.8  12.2  17.7  23.4  23.2  22.4  18.9  11.8   4.2  -0.7 
1893  -6.3   1.3   7.2  13.0  16.8  22.8  25.2  23.2  21.0  13.5   4.2   1.3 
1894   1.5   0.1   8.8  13.3  19.2  23.7  24.6  23.2  22.0  13.7   4.2   1.4 
1895  -3.4  -5.7   5.0  14.5  18.8  24.3  23.9  24.9  23.4  10.3   5.7   1.7 
1896  -0.3   1.0   2.2  17.6  22.9  23.2  25.1  24.0  19.8  11.4   8.1   1.7 
1897  -2.9   2.8   7.6  13.0  16.8  22.7  25.5  22.5  21.2  16.0   6.5   1.6 
1898   1.3   0.1   8.9  11.1  20.0  24.3  26.0  25.0  22.4  14.2   4.5  -0.8 
1899  -1.6  -5.0   5.6  14.6  20.6  23.9  25.2  25.0  20.2  15.8   7.1  -0.6 
1900   0.0  -1.9   3.4  13.3  19.9  23.4  25.4  26.5  23.7  17.8   6.3   0.6 
1901  -0.3  -3.4   6.2  10.8  18.3  23.8  27.2  24.0  19.7  13.8   4.1  -1.4 
1902  -1.8  -4.1   6.3  12.0  20.7  21.7  24.5  22.6  19.4  14.9  10.0   0.3 
1903  -1.5   0.1  10.1  13.3  20.4  19.8  24.4  23.6  20.6  13.9   3.6  -4.0 
1904  -4.2  -2.0   6.8   9.8  18.8  22.0  23.1  22.6  20.9  13.4   4.8  -1.4 
1905  -4.7  -4.5   8.1  13.1  19.6  22.8  24.3  23.6  20.6  13.2   5.3   0.8 
1906   2.3  -1.4   2.0  14.8  19.0  22.9  23.4  25.2  22.6  13.6   6.0   1.2 
1907   1.9  -1.1  10.7   8.9  16.4  20.4  24.2  22.6  21.0  11.7   4.9   1.5 
1908  -0.8  -0.2   9.6  13.7  19.9  22.1  24.6  23.2  21.0  14.0   6.1   1.2 
1909   1.4   3.9   5.1  12.8  17.6  23.1  22.6  23.4  18.8  11.1  10.6  -2.5 
1910  -1.6  -1.4  10.6  12.6  14.9  20.3  24.6  22.7  21.0  16.3   4.3  -3.2 
1911   2.0   3.7   4.8  11.6  21.6  22.7  24.4  24.4  21.7  13.9   4.1   3.2 
1912  -6.1  -3.9   3.3  14.1  18.8  21.1  24.7  22.4  20.4  14.4   6.0   2.2 
1913   3.8  -1.0   7.4  12.2  18.3  22.7  25.4  24.5  18.7  13.6   7.5   1.7 
1914   2.1  -3.5   3.5  12.7  18.4  23.4  24.7  23.5  17.8  15.0   6.7  -1.4 
1915  -1.7   2.8   1.8  14.1  16.3  21.3  23.2  21.0  20.1  14.8   7.6  -0.1 
1916   2.9  -1.2   4.4  12.0  18.9  20.1  25.5  24.2  17.2  12.9   6.3  -1.0 
1917  -0.6  -0.8   5.5  11.6  14.5  20.9  23.5  22.6  17.0  10.3   4.3  -6.1 
1918  -9.0   1.5   8.9  11.2  20.1  21.2  22.0  26.1  16.0  15.7   5.7   4.4 
1919   1.1   1.4   6.7  13.5  17.8  24.7  25.0  23.0  20.2  18.3   6.4  -1.8 
1920  -3.0  -0.5   7.0  11.7  17.7  22.7  23.4  22.9  21.3  15.7   5.3   2.1 
1921   1.4   3.1  11.4  15.3  19.3  25.2  26.5  23.4  23.1  13.7   7.6   1.9 
1922  -1.2   3.1   8.0  15.1  20.4  24.2  24.9  23.0  21.9  15.2   6.8   2.0 
1923   1.9  -1.2   5.8  11.0  17.3  23.6  24.2  23.4  19.8  12.4   5.7   5.7 
1924  -2.8  -0.2   4.1  12.7  14.4  22.8  22.4  23.3  16.5  14.5   6.1  -0.1 
1925  -1.3   3.8   7.3  14.8  15.0  24.5  23.5  22.8  22.4  10.5   4.6  -0.6 
1926  -2.8   1.9   2.5   8.6  18.3  20.6  24.2  24.8  20.9  14.2   5.2   0.7 
1927  -0.8   4.5   7.5  13.6  19.5  20.5  24.5  21.0  21.3  15.6   9.7   0.7 
1928  -0.5   0.9   5.7  11.2  17.7  21.2  25.3  25.5  17.8  15.7   7.3   1.8 
1929  -1.7  -2.4   8.7 -99.0 -99.0 -99.0 -99.0 -99.0 -99.0 -99.0 -99.0   2.8 
1930  -0.1   5.3   5.8  13.8  19.1  22.8  26.3  24.4  21.3  11.4   6.5   0.4 
1931   1.2   3.3   4.2  11.6  16.7  23.4  26.7  23.7  22.6  14.5  11.2   5.4 
1932   5.7   5.4   3.2  11.4  18.3  23.2  24.6  24.1  19.8  12.9   5.6   1.3 
1933   4.4   1.3   6.1  12.0  19.9  25.1  25.0  24.1  22.3  12.8   5.8   3.4 
1934   1.9  -4.3   3.9  11.4  19.3  25.7  26.5  24.4  21.0  13.2   8.9   0.6 
1935   0.0   1.9  10.4  10.9  16.4  22.5  26.5  24.7  19.2  13.3   6.9  -2.9 
1936  -4.7  -3.8   8.5   9.8  18.5  23.5  26.3  26.0  21.7  13.0   4.2   1.3 
1937   3.5   0.9   3.3  11.5  16.5  22.3  23.6  24.1  17.2  10.8   3.5  -1.9 
1938  -1.0   4.0   9.0  12.8  16.4  20.8  23.9  24.6  19.4  13.0   6.7   0.7 
1939   1.8   2.3   6.9   9.6  18.5  22.8  23.6  23.8  21.6  13.3   4.1   1.6 
1940  -9.0  -1.4   4.8  10.3  16.1  22.9  23.5  24.6  17.5  13.1   5.9   4.2 
1941  -0.2  -1.1   2.6  14.5  18.7  22.8  25.3  23.8  20.8  15.2   6.5   3.3 
1942  -1.7  -1.5   7.2  13.1  17.9  23.5  25.1  23.7  19.0  13.4   7.3  -0.7 
1943   0.8   1.4   5.5   9.4  17.7  25.1  25.2  23.7  20.1  10.9   4.5  -0.4 
1944   0.6   3.7   3.5   9.9  19.6  22.2  23.3  23.5  19.0  11.8   5.5  -3.0 
1945  -3.7  -0.5  10.9 -99.0 -99.0 -99.0 -99.0 -99.0 -99.0  12.2   7.7  -2.6 
1946   0.9   2.4  11.6  12.5  16.5  22.4  23.9  20.4  18.4  14.1   9.3   3.1 
1947   3.0  -4.2   1.9  13.1  16.3  21.9  22.0  26.2  19.5  16.3   5.7   0.6 
1948  -5.6   0.9   8.3  14.1  16.0  22.8  24.9  23.1  19.7  10.7   8.8   2.8 
1949   3.8   3.9   6.7  10.8  18.0  24.1  26.7  23.9  16.4  15.6   6.8   2.6 
1950   5.7   2.2   4.7   9.6  17.9  21.5  23.3  21.9  18.3  15.0   4.2  -2.2 
1951   1.2   0.4   6.2  11.1  17.7  22.7  24.5  23.2  18.6  13.9   3.5   1.0 
1952   3.2   2.5   5.5  12.1  17.1  25.0  25.8  23.4  18.4   9.9   7.0   2.2 
1953   2.8   2.9   7.2   9.8  19.8  23.9  25.0  23.6  19.3  14.2   6.7   1.6 
1954 -99.0   5.8   4.7  15.4  14.6  23.7  24.6  23.6  20.5  14.2   5.8   0.5 
1955  -1.3   0.9   7.2  14.2  18.2  20.1  26.1  25.0  20.1  12.7   5.5  -0.7 
1956  -2.4   3.1   5.7  10.0  17.7  22.1  23.8  23.2  17.2  14.2   6.5   5.6 
1957  -2.5   3.7   5.8  13.2  17.5  23.4  24.5  23.0  19.8  10.6   6.9   3.0 
1958  -2.0  -3.6   3.7  11.9  16.8  20.7  24.6  22.5  18.8  12.1   7.6  -3.7 
1959  -2.2   2.1   4.8  12.7  19.5  21.8  24.3  24.9  19.8  13.2   5.6   2.8 
1960   1.0  -1.1  -1.4  13.8  15.4 -99.0  23.2  24.2  20.1  12.6   6.8  -3.5 
1961  -3.7   3.1   8.1   8.5  14.1 -99.0 -99.0  23.1  20.8  13.3   6.8   0.3 
1962  -2.3   0.6   4.9  10.2  20.2  22.3  23.5  22.8  17.0  13.8   5.9  -2.2 
1963  -4.9  -4.2   7.9  12.0  15.6  21.3  23.0  21.8  17.7  15.1   7.6  -4.5 
1964  -0.7  -1.5   6.0  13.2  18.2  22.5  24.5  23.0  18.8  10.8   7.8   2.0 
1965  -0.8  -0.9   3.8  11.7  20.1  22.1  23.0  22.5  19.9  11.6   7.5   2.7 
1966  -3.8  -0.7   7.1  10.6  15.0  21.6  25.0  22.6  17.4  10.5   7.1   0.4 
1967   2.1  -2.1   7.2  13.1  14.4  22.6  22.6  21.6  16.4  12.2   4.5   1.7 
1968  -3.8  -3.2   6.7  12.4  15.5  21.6  23.7  24.0  18.8  12.7   7.7  -0.1 
1969  -1.6   0.3   3.0  12.3  17.0  21.8  25.0  22.3  17.8  12.5   4.5  -2.0 
1970  -5.1  -0.9   4.1  13.2  18.1  22.2  23.8  23.1  21.2  13.9   7.1   2.6 
1971  -2.8  -0.1   3.7  10.5  14.5  23.0  22.7  21.4  20.0  16.3   6.7   5.0 
1972  -0.2  -1.6   5.1  11.2  16.6  18.7  23.6  22.9  20.6  11.9   5.2   3.1 
1973  -0.1   0.2  10.6  10.8  15.4  22.6  23.9  23.6  21.9 -99.0   6.9   1.5 
1974   3.1   1.4   8.4  12.9  16.9  19.3  23.5  22.5  17.1  11.3   6.9   1.1 
1975   0.4   1.8   3.8   7.6  18.9  22.0  23.2  24.7  16.7  12.2   9.5   3.0 
1976  -1.8   5.8   9.7  13.1  15.9  22.0  23.4  21.1  16.8   9.2   3.0  -1.9 
1977  -9.2  -1.0   8.3  13.6  19.5  20.9  25.0  22.2  20.6  11.4   7.5   0.1 
1978  -5.9  -6.0   3.8  11.8  15.8  21.6  23.6  23.4  21.2  11.1   8.0   1.5 
1979  -4.0  -4.4   7.1  11.2  16.3  21.3  22.7  22.5  18.7  11.4   7.2 -99.0 
1980  -0.6  -3.2   3.4  10.1  17.4  20.0  24.4  24.4  20.1  10.6   4.4   0.4 
1981  -4.3   0.3   4.0  13.7  14.8  22.0  23.4  21.6  17.8  11.5   5.9  -1.4 
1982  -4.3  -0.5   6.2   8.1  18.5  19.4  23.3  20.6  17.8  13.2   7.9   5.4 
1983 -99.0   0.7 -99.0 -99.0  14.5  21.0  25.0  24.9  18.8  12.5   6.9  -3.9 
1984  -4.2   3.5   1.1   9.4  14.1  22.2  21.7 -99.0  17.3  15.3   4.9   4.8 
1985  -4.8  -2.8   7.1  13.7  17.2  20.1  23.0  21.6  18.4  14.9   9.5  -2.6 
1986  -1.4   1.4   5.6  12.6  17.6  21.6  24.3  21.4  20.2  13.7   5.8   0.6 
1987  -0.8   1.2   6.1  10.4  18.6  22.2  24.3  23.4  19.0   9.4   7.9   2.4 
1988  -2.8  -0.1   4.9  10.2  16.6  20.9  24.7  24.3  18.6   8.4   6.7   0.8 
1989   2.4  -1.0   6.4  10.2  14.7  21.1  23.3  21.7  18.3  12.2   6.0  -8.3 
1990 -99.0 -99.0   6.8   8.8  14.4  20.3  22.1  21.1  17.8  10.9   6.4   2.5 
