Number= 720449
Name= GREENVILLE-2NE------
Country= USA---------
Lat=   41.4
Long=   80.4
Height= 344
Start year= 1871
End year= 1990
First Good year= 1871
Source ID= 30
Source file= New
Normals source= Data
Normals source start year= 1961
Normals source end year= 1990
Normals=  -4.7  -3.5   2.6   8.4  14.2  18.9  21.1  20.2  16.5  10.3   4.8  -1.6 
Standard deviations source= Data
Standard deviations source start year= 1941
Standard deviations source end year= 1990
Standard deviations=   3.0   2.4   2.4   1.8   1.7   1.3   1.0   1.2   1.4   1.9   1.4   2.6 
Obs:
1871 -99.0 -99.0   4.9  10.2  14.3  18.9  19.3  20.8  12.9   9.7   1.0  -4.1 
1872  -5.0  -4.7  -4.7   7.9  13.7  19.2  21.8  20.9  15.5   8.0   0.4  -7.1 
1873  -5.6  -4.4  -0.8   6.7  13.7  19.9  20.7  19.3 -99.0 -99.0  -0.5 -99.0 
1874 -99.0 -99.0 -99.0 -99.0 -99.0 -99.0 -99.0 -99.0 -99.0 -99.0 -99.0 -99.0 
1875 -99.0 -99.0 -99.0 -99.0 -99.0 -99.0 -99.0 -99.0 -99.0 -99.0 -99.0 -99.0 
1876 -99.0 -99.0 -99.0 -99.0 -99.0 -99.0 -99.0 -99.0 -99.0 -99.0 -99.0 -99.0 
1877 -99.0 -99.0 -99.0 -99.0 -99.0 -99.0 -99.0 -99.0 -99.0 -99.0 -99.0 -99.0 
1878 -99.0 -99.0 -99.0 -99.0 -99.0 -99.0 -99.0 -99.0 -99.0 -99.0 -99.0 -99.0 
1879 -99.0 -99.0 -99.0 -99.0 -99.0 -99.0 -99.0 -99.0 -99.0 -99.0 -99.0 -99.0 
1880 -99.0 -99.0 -99.0 -99.0 -99.0 -99.0 -99.0 -99.0 -99.0 -99.0 -99.0 -99.0 
1881 -99.0 -99.0 -99.0 -99.0 -99.0 -99.0 -99.0 -99.0 -99.0 -99.0 -99.0 -99.0 
1882 -99.0 -99.0 -99.0 -99.0 -99.0 -99.0 -99.0 -99.0 -99.0 -99.0 -99.0 -99.0 
1883 -99.0 -99.0 -99.0 -99.0 -99.0 -99.0 -99.0 -99.0 -99.0 -99.0 -99.0 -99.0 
1884 -99.0 -99.0 -99.0 -99.0 -99.0 -99.0 -99.0 -99.0 -99.0 -99.0 -99.0 -99.0 
1885 -99.0 -99.0 -99.0 -99.0 -99.0 -99.0 -99.0 -99.0 -99.0 -99.0 -99.0 -99.0 
1886 -99.0 -99.0 -99.0 -99.0 -99.0 -99.0 -99.0 -99.0 -99.0 -99.0 -99.0 -99.0 
1887 -99.0 -99.0 -99.0 -99.0 -99.0 -99.0 -99.0 -99.0 -99.0 -99.0 -99.0 -99.0 
1888 -99.0 -99.0 -99.0 -99.0 -99.0 -99.0 -99.0 -99.0 -99.0 -99.0 -99.0 -99.0 
1889  -1.8  -7.2 -99.0   6.7  13.5  17.5  20.4  17.6  15.2   5.7   5.3   4.2 
1890   1.7   2.1  -1.1   7.0 -99.0  19.9  20.6  18.9  16.1  10.1   5.2  -3.0 
1891  -1.1   1.4   0.6   8.7  12.3  19.9 -99.0 -99.0 -99.0 -99.0 -99.0 -99.0 
1892 -99.0 -99.0 -99.0 -99.0 -99.0 -99.0 -99.0 -99.0 -99.0 -99.0 -99.0 -99.0 
1893 -99.0 -99.0 -99.0 -99.0 -99.0 -99.0 -99.0 -99.0 -99.0 -99.0 -99.0 -99.0 
1894 -99.0  -3.9   5.8   8.3  14.5  19.6 -99.0 -99.0  16.8   9.5   1.8  -0.1 
1895  -6.5  -9.3  -1.7   8.2  14.5  20.5 -99.0 -99.0 -99.0 -99.0 -99.0 -99.0 
1896 -99.0 -99.0 -99.0 -99.0 -99.0 -99.0 -99.0 -99.0 -99.0 -99.0 -99.0 -99.0 
1897 -99.0  -2.3   3.5   8.1  12.1  17.1  21.4  17.5  14.6  10.3   4.2   0.6 
1898   0.0  -1.8   6.4   8.2  16.4  22.3  23.2  21.4  17.1  11.5 -99.0 -99.0 
1899 -99.0 -99.0 -99.0 -99.0 -99.0 -99.0 -99.0 -99.0 -99.0 -99.0 -99.0 -99.0 
1900 -99.0 -99.0 -99.0 -99.0 -99.0 -99.0 -99.0 -99.0 -99.0 -99.0 -99.0 -99.0 
1901 -99.0 -99.0 -99.0 -99.0 -99.0 -99.0 -99.0 -99.0 -99.0 -99.0 -99.0 -99.0 
1902 -99.0 -99.0 -99.0 -99.0 -99.0 -99.0 -99.0 -99.0 -99.0 -99.0 -99.0 -99.0 
1903  -5.0  -3.8   7.2   7.6  15.7  16.9  21.2  19.3  16.8  11.0   1.8  -6.3 
1904  -9.8  -8.1   1.6   5.2  14.6  20.0  22.0  18.7  16.7   9.8   3.0  -5.0 
1905  -7.7  -8.9   2.9   7.0  14.2  19.4  22.2  20.6  17.1  10.3   3.1  -1.8 
1906  -0.4  -5.6  -1.6   7.8  14.2  20.2  21.6  22.8  19.0  10.4   4.5  -2.0 
1907  -3.2  -6.7   4.5   4.2  10.6  16.6  20.5  19.1  17.5   7.7   3.0  -1.9 
1908  -4.5  -6.5   3.9   8.0  15.3  19.6  22.3  19.4  18.0  11.4   4.1  -2.2 
1909  -2.2  -1.2   0.2   7.3  13.4  20.0  20.6  20.5  16.0   8.0   8.0  -5.5 
1910  -5.3  -6.9   5.9   9.1  12.0  17.7  22.1  19.7  17.5  11.6   1.7  -6.1 
1911  -2.1  -1.9   0.2   6.7  16.9  20.3  21.6  20.9  17.7  10.1   2.1   0.4 
1912 -10.6  -7.9  -1.9   8.4  14.7  17.2  21.2  18.6  18.5  11.1   5.0  -1.0 
1913  -0.3  -5.9   2.8   8.1  13.2  18.7  21.7  21.2  16.1  11.2   5.5  -1.6 
1914  -3.0  -8.7   0.1   7.2  14.1  19.6  21.5  21.2  15.5  12.7   4.0  -4.5 
1915  -5.5  -1.4  -1.5  10.1  11.9  17.7  20.6  19.2  18.3  10.8   5.6  -2.9 
1916  -0.8  -6.6  -2.1   7.2  14.3  16.7  23.8  21.6  15.4  10.2   4.4  -3.3 
1917  -5.1  -7.1   2.0   6.8  10.2  18.7  22.2  20.4  14.9   6.9   1.8  -7.8 
1918 -99.0 -99.0   3.9   7.3  16.8  17.8  19.8  22.9  13.4  12.2   5.5   2.3 
1919  -0.3  -1.0   3.4   7.7  14.1  22.5  22.3  19.1  16.9  13.1   3.1 -99.0 
1920 -99.0 -99.0 -99.0 -99.0 -99.0 -99.0 -99.0 -99.0  16.8 -99.0 -99.0  -1.4 
1921  -1.6  -0.8   6.7  11.0  15.5  21.0  24.5  19.6  19.8  10.6   4.7  -1.8 
1922  -5.7  -0.9   3.1   8.9  16.5  19.9  21.1  19.7  18.4  11.4   5.8  -1.3 
1923  -4.0  -7.0   1.3   7.0  13.2  20.6  21.2  19.9  17.6   8.6   4.6   2.8 
1924  -6.3  -5.3   1.3   7.1  11.0  18.0  19.8  20.8  14.4  10.6   3.3 -99.0 
1925  -5.6  -0.8   3.1   8.1  11.2  20.8  20.6  19.8  18.6   5.3   2.2  -4.0 
1926  -5.7  -4.0  -0.9   4.6  13.4  16.6  21.3  21.4  17.3   9.7   3.3  -4.7 
1927  -5.5  -1.1   4.2   8.0  13.7  16.0  20.5  16.1  17.8  12.0   6.1  -3.0 
1928  -4.9  -3.5   1.1   5.9  13.0  17.1  21.5  21.4  14.8  12.1   4.6  -1.1 
1929  -6.2  -5.1   5.6   9.1  13.0  17.7  20.9  17.8  17.4   9.2   2.1  -2.9 
1930  -3.8   0.8   1.8   9.0  15.5  19.2  23.0  20.8  18.6   9.3   3.2  -3.4 
1931  -4.0  -1.8   0.5   6.1  13.7  18.8  23.9  21.5  19.0  12.4   9.2   1.4 
1932   2.8  -0.1  -1.5   7.5  14.4  19.7  20.5  20.3  18.3  11.7   3.3  -0.6 
1933   1.2  -2.2   0.9   9.3  14.9  21.4  22.5  20.9  18.7  10.7   2.9  -1.0 
1934  -2.4 -10.7  -0.1   8.3  15.9  23.0  24.3  19.7  19.1  10.2   6.3  -3.0 
1935  -4.0  -4.2   5.9   7.4  11.7  18.8  24.0  21.5  15.9   9.4   3.8  -5.8 
1936  -7.1  -9.0   2.7   4.5 -99.0 -99.0  22.2  22.2  19.1  11.2 -99.0   0.4 
1937  -0.2  -2.4   0.2   8.0  14.7  20.2  22.0  22.8  15.3   9.5   3.4  -4.0 
1938  -3.9   0.0   6.3  10.1  15.0  19.0  22.3  22.8  16.2  11.7   4.9  -1.6 
1939  -2.2  -2.1   3.0   7.1  16.5  21.6  22.3  22.2  19.2  12.1   3.2  -0.2 
1940  -9.7  -3.5  -0.5   6.7  14.3  20.2  22.8  21.5  15.9   9.7 -99.0 -99.0 
1941 -99.0 -99.0 -99.0 -99.0  16.3  19.9  22.3  18.4  17.4  12.7   5.9   1.6 
1942  -3.2  -5.5   3.2  10.9  15.9  20.1  21.6  19.2  14.7  10.7   4.6  -3.2 
1943  -4.1  -2.2   1.7   4.5 -99.0 -99.0  21.9  20.4  16.2   9.0   2.7  -3.3 
1944  -1.8  -3.6   1.2   6.4  17.8  21.1  21.8  21.5  16.7   9.6   4.7  -5.1 
1945  -9.9  -3.3   8.0  10.4  11.8  18.2  21.6  20.6  18.9   9.7   5.1  -5.0 
1946  -2.7  -2.5   8.8   7.4  13.9  18.9  21.1  18.2  17.7  12.4   6.0  -0.6 
1947  -1.4  -7.2  -1.6   8.4  13.2  19.3  20.5  23.4  18.4  14.2   2.6  -2.6 
1948  -8.9  -4.1   3.4  10.9  13.1  18.3  21.9  20.1  17.3   8.9   7.4  -0.6 
1949   0.1   0.3   2.9   7.6  15.2  21.8  24.0  20.8  14.6  12.9   4.4   0.2 
1950   1.6  -2.6  -0.2   5.4  14.7  18.5  20.2  19.6  15.9  11.7   2.3  -5.1 
1951  -2.5  -2.5   2.9   8.0  14.9  20.1  21.6  19.9  16.0  12.5   1.0  -2.0 
1952  -1.4  -1.6   1.9   9.3  13.1  21.5  23.4  20.3  16.4   7.9   5.8  -0.1 
1953  -0.1  -1.0   3.9   7.1  15.8  20.4  22.0  21.2  17.1  11.1   5.4  -0.2 
1954  -3.8   0.0   1.0  11.6  12.6  20.5  21.7  20.4  17.8  11.9   4.5  -2.3 
1955  -5.1  -2.5   3.4  12.4  15.8  18.2  24.2  22.9  17.5  11.0   3.3  -3.1 
1956  -4.5  -2.2   1.3   7.3  13.5  19.5  20.4  19.6  14.4  11.9   4.4   1.9 
1957  -6.2  -0.5   2.8   9.7  14.9  20.1  20.8  19.0  15.9   7.9   4.5   0.6 
1958  -4.0  -7.0   1.4   9.8  13.6  16.7  21.9  19.7  16.5  10.5   5.4  -6.8 
1959  -5.9  -2.2   1.3   8.7  17.1  19.2  21.9  23.0  19.1  11.6   2.9   0.5 
1960  -1.6  -2.6  -4.2  11.1  14.2  19.1  20.6  21.6  19.0  10.5   5.3  -5.6 
1961  -6.4  -0.3   3.9   5.8  12.5  18.4  21.9  21.8  20.1  12.5   4.7  -1.6 
1962  -5.2  -3.1   1.8   8.2  17.8  20.4  21.2  20.8  15.3  11.1   3.7  -4.8 
1963  -8.1  -7.7   3.6   8.4  13.6  19.5  21.2  18.6  15.1  13.1   5.6  -5.7 
1964  -2.7  -4.9   2.8   9.3  16.1  19.4  22.0  18.8  16.9   9.1   6.0  -0.4 
1965  -4.5  -3.5   0.3   7.4  17.6  18.5  20.1  19.6  18.6   9.3   4.5   1.5 
1966  -5.9  -2.5   3.8   7.4  12.1  19.7  22.7  20.5  15.2   9.6   5.0  -1.9 
1967  -0.8  -5.1   2.7   9.7  10.8  20.9  20.0  19.1  14.8  10.6   1.6   0.3 
1968  -5.9  -6.4   3.6  10.2  12.6  18.8  21.5  21.3  17.8  10.9   4.4  -2.6 
1969  -4.1  -2.9   0.6  10.0  14.5  18.4  21.6  20.5  16.7  10.8   3.4  -3.9 
1970  -7.9  -4.1   0.4   9.7  16.8  18.7  21.3  20.8  18.8  12.4   5.0  -0.5 
1971  -5.9  -2.5   0.2   6.5  12.8  20.6  20.3  20.1  18.8  14.2   3.7   2.3 
1972  -3.3  -5.1   0.2   7.3  15.5  16.6  20.9  20.2  17.0   8.4   2.9   0.4 
1973  -2.1  -3.1   7.2   9.2  12.9  20.3  21.5  21.4  16.9  12.1   5.3  -0.1 
1974  -1.2  -3.1   3.2   9.8  13.8  17.7  20.6  20.1  14.5   8.8   5.0  -1.2 
1975  -1.2  -2.0   1.7   5.2  16.5  19.4  20.7  21.1  14.4  11.0   7.0  -0.9 
1976  -6.8   0.9   5.7   9.0  12.8  19.6  19.1  18.0  14.1   5.8 -99.0  -5.7 
1977 -13.2  -4.7   5.0   8.7  15.5  15.9  20.8  18.8  16.3   7.8   4.2  -4.1 
1978  -8.9 -10.4  -0.1   7.6  13.5  18.5  20.3  20.9  17.8   9.1   5.0  -1.0 
1979  -6.4  -9.1   4.0   7.8  13.2  18.5  20.0  19.5  16.0   9.8   5.7   0.1 
1980  -3.8  -5.4   0.3   7.9  14.7  17.1  21.1  22.0  17.2   8.3   3.0  -3.2 
1981  -6.8  -1.7   1.4  10.3  13.7  19.5  21.3  20.0  15.6   8.9   4.5  -1.9 
1982  -7.1  -3.6   1.5   6.4  17.3  17.2  21.5  18.0  15.6  11.6   6.1   3.3 
1983  -1.8  -0.6   4.5   7.2  12.3  19.2  22.1  21.9  16.9  11.4   5.7  -4.9 
1984  -6.6   1.4  -2.1   8.6  11.7  20.2  19.8  20.9  15.3  13.2   4.1   2.1 
1985  -6.1  -4.5   3.6  11.3  15.2  17.4  20.5  20.0  17.5  11.9   7.3  -4.3 
1986  -3.7  -1.9   3.3  10.4  15.3  19.1  20.6  19.2  17.3  11.5   3.8  -0.5 
1987  -3.2  -2.2   4.1   9.1  15.3  20.5  22.7  19.8  15.9   7.2   5.9   0.8 
1988  -4.6  -3.5   2.5   7.9  14.7  18.4  22.7  21.5  15.5   7.5   5.5  -1.6 
1989   0.2  -3.7   3.3   6.2  12.8  19.0  21.8  19.8  15.9  10.6   3.5  -8.4 
1990   1.6   0.9   4.9   9.0  12.7  18.6  20.9  19.6  15.8  11.5   6.9   1.7 
