Number= 720492
Name= PIERRE-FAA-AP-------
Country= USA---------
Lat=   44.4
Long=  100.3
Height= 526
Start year= 1866
End year= 1990
First Good year= 1866
Source ID= 30
Source file= New
Normals source= Data
Normals source start year= 1961
Normals source end year= 1990
Normals=  -8.6  -5.3   0.8   8.4  14.6  20.4  24.4  23.3  17.3  10.4   1.6  -6.2 
Standard deviations source= Data
Standard deviations source start year= 1941
Standard deviations source end year= 1990
Standard deviations=   4.2   3.8   3.3   2.2   1.9   1.8   1.5   1.7   1.7   1.8   2.4   3.2 
Obs:
1866 -10.9  -8.3  -5.9   7.2 -99.0 -99.0 -99.0 -99.0 -99.0 -99.0 -99.0 -99.0 
1867 -99.0 -99.0 -99.0 -99.0 -99.0 -99.0 -99.0 -99.0 -99.0 -99.0 -99.0 -99.0 
1868 -99.0 -99.0 -99.0 -99.0 -99.0 -99.0 -99.0 -99.0  12.8 -99.0   1.1  -5.4 
1869  -4.3  -6.7  -1.8   4.9  14.3  18.2  22.9  22.7  15.5   5.4  -1.8  -5.6 
1870 -10.4  -4.0  -6.8   9.6  16.9  23.1  26.9  21.9  19.4   9.9   6.4  -1.3 
1871  -7.4  -4.5   0.8   8.6  20.2  24.5  26.8  25.2  19.3  11.3  -4.0 -10.3 
1872  -8.2  -3.8  -2.1   6.9  14.6  21.3  23.1  22.3  16.9  11.3  -4.2 -11.4 
1873 -12.4  -9.6   0.2   5.3  12.5  23.4  23.5  24.2  14.1   5.6   1.7  -9.5 
1874  -8.8  -6.5  -2.4   6.6  11.8  21.2  26.2  24.5  18.4  10.5  -3.2  -2.8 
1875 -17.7 -15.4  -5.4   4.0  15.6  18.9  23.3  21.9  16.3   9.4  -4.2  -2.8 
1876  -7.4  -9.8  -8.9 -99.0  16.5  20.1  24.2  22.8  14.8   8.3  -2.1 -10.2 
1877 -10.1   0.8  -4.6   7.1  14.8  17.6  23.8  22.6  18.2   7.2  -0.1  -1.6 
1878  -5.8  -0.5   6.9   9.9  11.6  19.8  24.8  23.2  15.3   8.7   4.0  -8.4 
1879  -9.4  -8.9   2.0  10.9  16.2  21.6  23.8  22.3  16.2  13.3  -0.1 -16.2 
1880  -4.8  -4.4  -2.1   6.4  17.9  20.3  23.9  22.2  16.4   7.8  -6.1 -13.2 
1881 -16.4 -10.6  -5.3   4.7  18.3  20.9  23.9  24.2  14.3   7.8  -1.3  -1.1 
1882  -8.6  -2.1   0.3   8.1  12.8  19.7  21.9  24.9  18.6  10.1  -0.3  -6.7 
1883 -14.5  -9.1  -1.1   8.8  11.4  20.1  22.2  21.8  15.9   6.7   0.3  -6.2 
1884 -11.3 -14.7  -2.7   6.7  15.4  23.2  21.6  21.8  17.9  11.6   1.2 -12.9 
1885 -14.7 -11.9   1.1   9.4  14.7  19.8  24.4  19.8  17.1   8.7   0.8  -3.1 
1886 -16.8  -4.4  -1.8   8.1  16.4  19.8  24.4  24.3  16.2  11.1  -1.1 -12.6 
1887 -16.1 -99.0   0.9   9.8  18.3  22.7  24.6  20.6  17.4   7.4   0.7  -9.9 
1888 -17.3  -7.6  -6.3   9.9  11.9  20.2  24.4  21.0  18.4   9.3   2.0  -5.1 
1889  -8.4  -8.2   5.9  12.2  14.3  20.9  23.9  24.7  16.3  10.8  -1.1  -1.6 
1890 -14.0  -8.1  -0.4 -99.0  14.8  22.1  26.2  23.1  17.2 -99.0 -99.0  -1.6 
1891  -0.9 -13.4  -5.0   9.9  15.1  18.5  21.6  21.9  20.2   9.8  -1.5  -2.3 
1892  -8.2  -7.6  -1.9   4.9   8.4  17.6  22.9  22.7  18.6  12.0  -0.4  -8.2 
1893  -9.1 -10.3  -4.8   4.4  11.4  22.0  23.9  22.5  18.2   8.9   0.2  -6.5 
1894 -11.8  -8.4  -0.1   8.7  15.1  22.0  25.5  24.0  17.8  10.1   1.0  -2.9 
1895 -12.9  -8.1  -0.1  11.5  14.1  18.2  22.4  22.3  18.5   8.8  -0.9  -3.1 
1896  -7.5  -2.4  -5.4   7.6  16.3  20.9  22.4  22.5  15.1   7.8  -9.7  -1.4 
1897  -9.7  -9.5  -6.0   7.0  14.7  19.0  23.6  20.5  21.8  11.4  -1.5  -6.3 
1898  -3.3  -2.1  -2.3   7.6  12.3  20.7  23.8  22.9  17.9   7.6  -1.5  -5.4 
1899  -7.4 -13.8  -9.2   7.3  13.6  20.1  24.3  23.4  17.3   9.3   5.5  -6.5 
1900  -2.8  -8.7   0.3  12.1  18.8  22.6  23.6  25.9  16.7  12.3  -0.8  -1.3 
1901  -4.2  -7.8   0.1   9.5  16.9  19.9  27.4  23.4  15.4  12.2   2.1  -5.4 
1902  -4.9  -7.3   0.4   6.8  16.2  17.9  23.3  20.9  15.5  10.4   2.0  -9.2 
1903  -6.9 -10.2  -1.4   7.9  14.4  19.4  22.5  21.0  14.4  11.9  -0.2  -6.4 
1904  -8.8 -11.5  -0.9   5.9  14.1  19.0  22.2  22.5  17.3  12.6   4.4  -5.8 
1905 -11.6  -9.7   3.7   6.7  11.4  18.1  21.3  23.0  19.1   7.1   4.1  -3.3 
1906  -5.9  -4.6  -5.3  10.1  13.6  18.5  22.6  21.7  18.8  10.2   0.8  -7.1 
1907 -14.4  -4.9   3.6   3.8   9.6  18.6  21.8  22.5  15.0  10.4   2.4  -1.9 
1908  -4.0  -5.4   0.0   9.8  12.9  18.3  23.4  21.1  20.5   9.6   2.8  -5.7 
1909 -10.1  -6.6   0.4   4.7  13.0  20.3  23.2  25.1  17.9  10.1   1.5 -12.2 
1910  -9.9 -12.3   9.0  11.4  12.2  21.1  24.1  21.2  17.0  12.8   0.6  -5.8 
1911  -8.7  -7.0   4.9   7.7  16.0  24.1  22.1  20.2  17.1   7.9  -3.4  -6.2 
1912 -15.0  -6.5  -4.7   9.9  14.6  19.6  23.0  21.1  13.8  10.4   4.5  -2.5 
1913  -8.5  -8.5  -3.4   9.8  12.7  22.4  23.1  24.2  18.1   7.6   4.5  -2.9 
1914  -4.7 -13.1  -0.5   7.9  14.4  19.8  25.3  21.5  18.6  12.0   4.9 -10.5 
1915 -10.2  -5.8  -6.8  12.0  11.4  16.6  19.1  19.4  15.9  11.9   3.2  -4.5 
1916 -17.5  -8.2   0.8   6.4  13.2  16.9  26.1  21.4  16.5   8.5   1.7 -11.9 
1917 -10.6 -13.1  -2.0   5.2  12.0  17.9  25.1  21.0  16.7   5.8   6.1 -11.6 
1918 -14.4  -7.6   5.3   6.7  14.5  21.4  22.2  22.8  14.7  11.6   2.1  -4.7 
1919  -2.3 -11.1  -2.1   7.3  14.1  21.1  24.2  23.3  18.8   4.6  -4.0  -8.5 
1920  -8.3  -4.3  -0.6   2.7  13.2  18.6  22.2  20.9  17.8  12.7  -0.2  -5.0 
1921  -3.3  -0.9   2.7   8.3  14.0  23.8  24.5  22.7  17.2  11.4  -1.7  -4.5 
1922 -11.2 -13.5   0.3   8.9  15.1  20.7  21.6  24.1  19.6  10.9   2.3  -9.7 
1923  -5.0  -8.5  -2.1   7.7  14.1  19.7  24.4  20.4  17.8   9.3   5.6  -2.3 
1924 -12.3  -4.1  -2.2   7.6  11.2  17.3  21.4  21.8  16.3  13.7   2.8 -11.8 
1925 -10.2  -3.1   3.0  12.2  14.4  19.1  22.6  23.9  18.4   3.5   2.1  -6.4 
1926  -7.7  -1.2   0.7   8.9  17.2  19.2  23.4  22.6  15.1  10.5  -1.5  -6.5 
1927  -7.3  -3.7   2.1   7.2  12.0  18.5  21.8  20.7  17.7  12.1  -1.8 -16.6 
1928  -6.2  -3.3   2.7   5.6  16.6  17.0  23.2  22.8  15.6  10.1   2.0  -3.1 
1929 -15.7 -12.2   3.0   8.1  13.0  19.1  25.2  24.6  14.3  10.7  -0.6  -6.3 
1930 -14.4   0.6  -0.1  10.9  12.9  20.0  26.7  23.5  17.5   8.6   2.1  -2.7 
1931  -1.8   1.0  -0.3   9.3  13.4  24.3  25.9  23.4  21.0  11.8   1.6  -5.1 
1932 -10.7  -6.2  -3.8  10.3  15.9  21.1  24.9  23.6  17.7   7.3   2.2  -8.1 
1933  -3.1  -7.8   1.7   8.0  13.6  25.9  26.6  21.6  19.3  10.1   3.3  -6.4 
1934  -3.4  -2.8   0.1   9.3  20.5  21.9  25.6  23.1  14.6  12.5   4.3  -6.3 
1935  -8.8  -0.3   2.8   5.0  11.0  18.9  28.2  23.8  18.6   9.5  -1.4  -5.6 
1936 -16.0 -20.6   1.1   5.7  18.2  23.4  30.0  25.3  19.6   9.7   1.1  -5.4 
1937 -18.3  -8.9  -0.1   7.7  16.0  19.5  26.0  27.2  19.7  10.5   0.6  -7.1 
1938  -7.7  -9.9   3.7   9.1  13.5  21.0  25.0  25.3  19.4  14.4   0.1  -3.3 
1939  -2.9 -12.2   1.4   8.6  18.8  19.5  26.2  23.2  19.9  10.4   4.8  -0.6 
1940 -14.9  -6.7  -1.2   6.9  15.0  20.8  26.7  23.4  21.0  14.1  -1.7  -3.8 
1941  -8.6  -6.6  -0.9   9.9  17.7  19.9  25.1  24.4  17.5  10.5   3.1  -1.6 
1942  -4.2  -6.2   1.0  10.4  11.6  18.4  22.3  22.7  15.2  11.4   2.0  -6.6 
1943 -13.8  -3.1  -3.0  10.6  12.7  19.7  25.7  24.4  17.2  12.1   1.4  -3.8 
1944  -3.4  -9.2  -4.6   6.2  17.7  19.0  22.8  22.6  17.2  11.9   0.9  -5.4 
1945  -5.2  -4.6   3.8   6.6  11.5  15.6  23.5  22.0  16.0  11.1   0.9  -9.1 
1946  -5.4  -4.5   6.2  12.2  11.8  20.1  24.3  20.6  16.5   7.8   0.7  -4.3 
1947  -4.5  -9.1  -1.9   6.2  12.9  17.9  23.9  26.3  18.0  14.1  -2.6  -5.2 
1948  -8.9  -9.7  -2.8  10.9  14.8  18.8  24.3  23.8  21.0  10.6   1.6  -6.7 
1949 -14.3 -11.4  -1.2  10.3  15.9  20.7  25.1  24.7  15.9   9.9   6.9  -8.1 
1950 -17.3  -9.3  -5.4   3.7  12.1  20.2  21.4  21.1  17.0  12.7  -0.5  -7.1 
1951  -9.1  -3.9  -7.5   6.2  14.9  16.1  22.4  21.5  14.6   8.8  -0.4 -12.2 
1952 -12.0  -5.2  -5.7   9.4  14.6  22.1  24.1  23.0  20.4   9.5   1.8  -4.6 
1953  -6.1  -4.8   0.3   4.8  13.0  20.6  23.1  23.4  18.3  14.2   4.2  -3.3 
1954 -10.9   3.7  -2.7   7.9  12.6  18.8  25.7  23.4  17.8   9.1   5.8  -3.1 
1955  -5.3 -10.0  -1.5  12.2  17.6  18.6  26.2  25.6  18.2  11.7  -4.7 -12.0 
1956 -11.1  -9.7  -1.1   4.5  14.9  24.0  22.8  21.7  17.0  12.9   1.5  -3.7 
1957 -12.9  -5.1  -0.2   6.3  12.7  18.9  24.9  22.9  16.3  10.1   1.7  -0.9 
1958  -4.2  -8.4  -2.2   7.4  16.4  18.1  21.5  24.8  19.3  11.6   2.7  -6.9 
1959 -11.3  -9.3   2.8   8.1  13.5  22.8  24.7  25.3  16.9   7.5  -2.6  -0.8 
1960  -9.2 -10.2  -6.8   8.4  14.6  19.1  25.4  23.4  18.6  12.0   2.2  -6.9 
1961  -6.6  -2.2   3.4   5.6  12.9  21.8  23.1  25.4  15.4  11.5   1.9  -7.7 
1962  -9.4  -8.1  -5.1   9.1  15.7  19.4  21.9  23.2  17.0  12.1   5.2  -3.7 
1963 -12.4  -4.1   4.8   8.2  14.7  22.0  25.1  24.3  19.5  15.6   4.3  -7.7 
1964  -3.8  -2.2  -2.1   8.5  15.9  20.2  25.8  22.2  17.2  11.8   0.1 -10.9 
1965 -11.9  -7.6  -6.4   7.4  13.6  19.2  23.7  22.4  11.4  13.1   2.2  -0.6 
1966 -13.6  -9.7   2.7   5.7  14.1  21.6  27.2  21.1  17.9  10.9   0.4  -3.8 
1967  -4.9  -8.2   1.1   7.1  10.8  17.7  22.5  22.1  17.8  10.5   2.5  -6.3 
1968  -8.8  -6.1   4.1   7.3  11.1  18.9  22.9  21.5  17.3  11.5   2.7  -8.8 
1969 -12.7  -6.1  -3.9  11.3  16.1  17.3  23.2  25.3  19.5   6.3   3.1  -4.7 
1970 -12.4  -3.4  -2.8   6.2  14.3  21.0  24.3  23.1  17.1   8.6   0.2  -8.6 
1971 -11.8  -6.6   0.4   8.6  13.1  21.2  21.6  23.9  16.5  10.1   1.8  -8.5 
1972 -11.6  -8.6   0.7   6.9  14.8  19.2  21.3  22.7  18.0   8.1   0.5  -9.1 
1973  -6.5  -3.1   4.5   7.4  14.4  20.7  24.5  26.2  16.0  12.6   1.6  -6.5 
1974  -6.7  -2.3   2.7   9.2  13.4  20.4  27.4  21.0  15.9  12.4   2.6  -2.9 
1975  -5.9  -8.4  -2.5   5.9  14.6  19.7  26.3  23.4  16.4  11.2   1.8  -4.2 
1976  -7.2   0.8   1.0  10.6  14.6  22.2  25.7  25.7  19.1   8.6  -0.8  -5.8 
1977 -13.7  -1.1   2.7  11.8  18.7  21.8  24.6  20.8  17.8   9.8   0.8  -7.6 
1978 -16.4 -12.2   0.2   7.0  14.8  20.3  23.1  22.9  20.5  10.9  -0.5  -7.7 
1979 -15.3 -14.1   0.0   6.9  12.7  19.8  22.5  21.5  20.3  10.5   1.2  -0.7 
1980  -7.6  -4.9   0.1  11.0  17.1  22.5  26.2  23.6  18.9  10.7   5.5  -3.0 
1981  -1.9  -1.3   5.0  12.3  14.3  20.0  24.4  23.1  18.5  10.1   4.6  -4.9 
1982 -14.1  -4.9   0.4   7.1  14.7  17.7  24.8  23.6  17.1   9.2   0.0  -2.2 
1983  -1.9   0.7   1.8   6.4  13.0  19.4  25.8  27.8  18.2  10.7   2.0 -14.7 
1984 -99.0   1.0   0.8   8.8  14.6  20.6  25.1  26.3  15.7  10.4   2.7  -8.1 
1985  -9.8  -7.6   2.2  11.7  18.7  18.4  25.8  21.8  15.2   9.1  -6.7  -9.5 
1986  -4.7  -8.5   4.8   7.4  14.2  20.8  23.6  21.0  14.7   9.6  -1.1  -1.5 
1987  -1.9   0.3  -0.6  11.3  17.2  21.5  25.6  20.9  17.1   7.9   3.7  -2.3 
1988 -10.2  -6.1   2.3   8.6  16.8  25.2  25.5  24.1  16.2   9.2   1.7  -3.8 
1989  -4.5 -11.6  -2.4   8.8  14.4  19.8  26.0  24.4  17.4  10.1   1.1 -10.0 
1990  -0.6  -2.7   3.0   7.7  13.3  20.8  23.3  23.5  19.6   9.7   3.4  -8.9 
