Number= 720498
Name= COVINGTON-1W--------
Country= USA---------
Lat=   35.6
Long=   89.7
Height= 94
Start year= 1883
End year= 1990
First Good year= 1883
Source ID= 30
Source file= New
Normals source= Data
Normals source start year= 1961
Normals source end year= 1990
Normals=   2.4   5.0  10.3  15.7  20.4  24.8  26.6  25.5  22.1  16.0  10.4   4.8 
Standard deviations source= Data
Standard deviations source start year= 1941
Standard deviations source end year= 1990
Standard deviations=   2.8   2.7   2.4   1.6   1.6   1.2   1.1   1.2   1.4   1.8   1.6   2.4 
Obs:
1883 -99.0 -99.0   7.8  16.1  18.3  23.2  23.8 -99.0  19.9  17.7  10.4 -99.0 
1884 -99.0 -99.0   8.9  13.3  21.1  23.2  24.9  23.2  23.8  17.7   8.2   0.0 
1885 -99.0   1.1   7.2  15.6  18.9  23.8  24.9  25.4 -99.0  13.8  10.4   5.0 
1886  -2.6   3.8   8.4  15.6  21.1  21.9  24.2  23.8  22.8  16.3   9.7   2.5 
1887   3.6   9.6 -99.0 -99.0  21.6  22.5  25.0  24.4  23.3  15.0   9.9   4.4 
1888   2.4   6.1   9.2  18.0  20.3  21.8  25.5  24.0  21.1  14.6  10.1   5.7 
1889   5.4   5.6  11.2  16.5  20.0  21.1  24.3  22.7  21.0  15.0   9.6  14.8 
1890   9.7   9.8   9.3  16.8  19.8  24.5  24.7  22.7  21.0  15.8  12.2   6.7 
1891   4.9   8.1   7.9  15.9  19.1  23.5  24.3  22.3  22.7  15.6   8.8   8.5 
1892   0.3   8.9   7.8  15.9  19.7  23.1  23.5  22.3 -99.0  17.4   9.4 -99.0 
1893   1.1   5.2   9.3  16.9  19.1  22.2  25.3  23.9  22.1  15.1   9.0   5.9 
1894   5.4   2.8  12.1  15.8  19.3  23.0  22.4  23.8  22.2  16.9   8.2   5.5 
1895 -99.0 -99.0  10.9 -99.0  21.0  25.2  24.8  25.3  25.8  13.7  10.8   6.7 
1896   5.3   6.8   7.5 -99.0  24.5  24.2 -99.0  26.1  22.5  15.7 -99.0 -99.0 
1897 -99.0 -99.0 -99.0 -99.0  19.5  24.7  27.5  25.5  25.5  19.9  11.7   5.1 
1898   8.1   7.6  13.8  14.7  23.3  26.3  25.8  26.3  24.4  16.3 -99.0 -99.0 
1899 -99.0 -99.0 -99.0 -99.0  24.4  25.5  26.0  27.7  23.7  19.5  13.3 -99.0 
1900 -99.0   3.9   9.4  16.3  21.0  23.4  26.5  26.9  26.1  18.9 -99.0 -99.0 
1901 -99.0 -99.0 -99.0  14.4  21.1  25.4  27.9  25.2  21.6  16.8   9.3   2.8 
1902   3.0   0.5  11.2  15.1  22.9  24.6  26.4  25.3  21.1  17.1  14.2   5.5 
1903   4.7   5.2  12.5  15.7  20.4  21.0  26.5  25.5  21.6  16.4   9.4   3.3 
1904   3.9   7.2  12.7  12.8  20.2  23.9  24.7  25.1  23.9  15.9   9.7   5.1 
1905   0.2   0.4  13.6  15.8  22.1  25.3  25.1  25.6  24.0  16.7  11.6   4.0 
1906   6.5   4.7   6.8  16.9  20.4  24.7  24.9  25.5  25.1  15.2  10.2   8.6 
1907   9.4   5.3 -99.0  11.3  18.4  24.0  27.8  26.5  22.9  16.0   9.6   6.9 
1908   5.3   6.2  14.4  16.8  22.1  24.8  26.3  25.3  23.1  14.5  12.2   7.8 
1909   6.0   8.4  11.0  15.8  20.1  25.5  26.5  26.4  22.3  16.4  15.1   1.7 
1910   4.2   2.3  15.0  15.1  18.7  22.5  25.8  24.5  24.4  17.0   9.3   3.4 
1911   7.4   9.2  12.4  15.4  22.1  25.8  25.0  24.3  25.8  17.2   8.4   6.8 
1912   0.8 -99.0   7.5  16.2  20.8  22.4  26.3  24.7  23.2  16.9   9.4   5.6 
1913   7.3   4.8   9.8  15.0  20.5  24.8  26.2  25.8  22.6  14.9  13.8   6.3 
1914   7.2   4.6   8.5  15.5  20.9  28.2  28.0  25.1  22.3  17.1  10.5   2.0 
1915   3.0   7.4   5.7  17.3  21.0  23.8  25.5  23.0  23.4  17.2  12.6   6.4 
1916   7.9   5.7  10.9  14.6  21.6  23.4  26.8  25.8  21.8  16.3  10.8   4.9 
1917   6.7   5.4  11.2  15.6  17.5  23.4  25.3  23.4  21.7  12.5   9.8  -1.2 
1918  -4.6   6.8  13.3  14.7  22.7  25.6  24.8  26.8  19.3  18.7   9.5   8.6 
1919   4.4   6.0  10.4  15.8  19.0  24.8  26.7  25.9  23.3  20.0  10.6   3.5 
1920   3.1   5.4   9.6  14.4  21.0  23.3  25.7  23.8  23.5  17.6   8.2   5.6 
1921   6.6   7.5  15.6  15.2  20.7  26.1  27.2  25.6  26.5  15.9  12.2   7.5 
1922   3.2   7.5  10.7  17.4  21.5  25.2  25.6  24.6  23.5  16.9  11.3   7.4 
1923   7.9   3.7   9.0  14.8  19.5  24.6  26.4  26.4  23.1  15.5  10.2   9.5 
1924   1.3   5.1   6.9  15.9  18.1  25.2  25.6  26.5  20.1  18.0  11.1   4.5 
1925   4.2   8.6  12.5  18.5  19.5  27.4  27.2  25.3  27.0  14.1   9.7   4.1 
1926   3.6   8.2   7.8  13.9  21.0  24.1  25.9  25.9  25.2  17.9   8.1   4.7 
1927   4.9  10.1  11.1  18.4  21.8  24.0  25.8  23.3  24.1  17.4  13.2   4.5 
1928   4.1   6.0  10.3  13.7  20.2  22.8  27.1  27.1  20.9  18.3  10.0   5.7 
1929   4.2   1.6  13.0  17.0  20.2  24.4  26.9  24.8  22.9  16.3   8.4   6.6 
1930   1.7  10.1   9.6  17.3  20.9  24.9  28.6  25.9  24.1  15.4   9.9   4.1 
1931   5.0   7.6   7.4  15.2  18.7  26.2  26.7  24.1  25.5  19.5  14.1  10.1 
1932   7.7  10.9   8.5  16.8  20.5  25.8  27.6  26.2  22.5  16.0   8.5   4.0 
1933   8.8   4.7  10.2  15.6  22.3  25.6  26.5  25.1  26.1  17.1  11.8   9.6 
1934   7.1   4.2   8.9  16.4  21.6  26.2  28.8  27.5  22.3  18.6  13.7   5.4 
1935   6.6   7.3  15.4  15.2  19.6  23.1  27.4  26.6  22.4  17.5   9.3   2.0 
1936   1.4   1.6  13.1  14.0  21.5  26.2  27.2  27.5  24.8  16.0   8.4   6.9 
1937   6.3   5.8   8.2  16.0  21.8  25.1  25.3  27.0  21.7  15.8   8.8   4.6 
1938   4.7  10.1  15.0  16.4  21.5  23.2  26.9  27.6  23.1  17.9  10.1   5.4 
1939   6.9   6.3  11.9  14.4  20.5  24.8  26.5  25.5  25.2  17.9   8.4   6.7 
1940  -3.9   4.1   9.8  14.5  18.8  24.2  25.2  25.5  21.6  17.8   9.5   8.1 
1941   5.5   3.9   8.1  17.3  22.4  25.7  27.3  26.9  24.0  20.0   9.1   7.0 
1942   2.6   4.1  11.7  16.6  20.3  25.1  27.3  24.8  21.6  16.9  12.0   5.4 
1943   5.2   7.6   8.1  15.9  22.0  26.3  27.4  27.6  20.4  15.1   8.9   4.0 
1944   5.2   8.4  10.5  14.8  21.7  26.1  25.7  25.8  22.5  16.0  10.2   2.4 
1945   3.6   6.0  15.1  16.7  18.5  23.0  25.3  25.3  23.3  15.4  11.3   2.2 
1946   4.8   7.7  14.5  18.0  19.1  23.8  25.7  24.0  21.7  16.8  12.7   8.5 
1947   5.8   1.8   6.3  16.3  19.1  24.1  24.1  27.9  23.0  19.8   8.8   6.5 
1948  -0.1   5.4  11.3  18.1  20.3  24.8  26.1  24.9  21.9  15.1  11.1   7.1 
1949   6.7   6.7   9.1  14.5  21.3  24.5  27.1  25.0  20.0  17.8  10.3   7.2 
1950   9.2   7.7   9.1  13.8  21.6  24.3  24.5  23.2  20.8  18.7   7.3   2.6 
1951   5.2   6.3  10.1  13.5  20.5  24.1  26.3  26.4  21.7  16.4   6.7   6.6 
1952   8.2   9.2   9.9  14.4  20.9  28.7  27.8  26.0  21.1  12.4   9.7   6.0 
1953   7.9   8.5  13.1  13.6  21.6  28.6  26.6  25.9  23.3  17.4  10.0   5.3 
1954   5.2   9.8  10.8  18.6  18.1  26.1  29.2  28.5  24.3  17.7  10.2   6.3 
1955   4.9   6.2  11.5  18.2  22.2  22.4  27.0  26.2  24.0  16.2  10.1   4.8 
1956   3.1   8.8 -99.0  15.1  21.9  24.3  27.0  26.8  21.9  18.4   9.9   8.6 
1957   3.2   9.3   9.4  16.9  21.1  24.8  25.9  24.8  22.0  14.3  10.7   8.4 
1958   2.5   0.4   6.9  15.1  20.9  24.7  26.5  25.5  22.1  15.9  11.7   3.2 
1959   3.5   5.8  10.0  15.6  22.5  23.9 -99.0  26.3 -99.0  16.9   7.8   6.3 
1960   4.8   4.4   3.5  17.3  19.6  24.4  26.2  26.5  24.1  17.4  10.2   2.7 
1961   1.8   8.4  12.1  13.6  18.5  23.4  25.7  24.6  23.1  16.1   9.7   4.7 
1962   1.7   8.8   7.4  13.6  24.5  24.3  25.9  24.9  21.7  17.9   9.1   3.6 
1963  -0.5   1.8  12.9  17.0  20.8  25.3  26.1  26.3  22.4  19.6  10.8  -0.7 
1964   4.2   4.4  10.3  17.2  22.0  25.4  26.3  24.8  21.8  14.3  11.8   4.9 
1965   5.1   4.7   5.5  17.4  22.8  24.7  26.2  25.4  22.6  15.3  12.9   7.1 
1966   0.9   4.9  10.5  14.8  19.4  24.2  27.8  24.0  20.9  13.3  11.0   4.4 
1967   4.9   3.1  12.8  18.0  18.8  24.5  24.3  23.2  19.9  15.7   8.7   6.2 
1968   1.4   2.2   8.9  15.9  19.5  25.2  26.2  26.5  20.6  15.7   9.8   3.8 
1969   3.5   5.2   6.5  15.7  20.6  24.9  28.1  24.5  21.3  15.9   8.4   3.3 
1970  -0.2   4.0   8.5  16.8  21.4  23.7  25.2  25.8  24.4  15.5   8.7   7.5 
1971   2.7   4.7   7.8  15.6  17.8  26.0  25.4  24.1  23.3  19.8   9.8   9.1 
1972   4.6   5.6  10.1  15.9  20.5  24.1  25.4  25.5  23.9  15.1   7.9   3.6 
1973   3.3   4.4  13.8  14.1  18.9  25.9  27.2  25.0  23.5  18.4  12.3   5.1 
1974   5.4   6.1  13.0  14.9  21.1  22.1  26.8  24.9  19.0  15.3  10.8   5.1 
1975   6.2   5.2   8.3  14.5  21.8  24.7  25.9  25.8  19.6  16.8  10.6   5.5 
1976   2.5  10.5  13.4  16.1  17.2  23.3  25.8  23.7  21.0  13.2   5.6   3.1 
1977  -4.0   5.2  13.4  17.7  23.3  26.1  27.9  26.2  23.8  14.7  11.2   4.1 
1978  -2.2  -1.6   7.8  17.7  20.2  25.1  27.1  25.5  23.5  14.7  12.6   5.3 
1979  -2.3   0.9  10.6  15.6  19.5  24.6  26.2  25.3  20.7  16.8   9.2   5.4 
1980   4.6   2.3   7.6  14.5  20.5  25.8  29.8  28.4  24.2  14.9   9.8   5.1 
1981   2.5   6.6  10.0  19.3  18.9  26.0  27.4  25.2  20.9  15.4  11.7   3.9 
1982   0.6   3.7  12.2  13.3  22.4  23.5  27.4  25.7  21.1  16.2  10.7   8.7 
1983   3.4   6.5   9.7  12.1  18.6  24.0  27.8  28.4  22.9  17.3  10.7  -0.7 
1984   0.2   7.7   8.5  14.6  19.0  26.0  25.4  25.0  21.0  18.4   9.0  10.1 
1985  -1.3   2.3  12.5  17.2  20.6  24.9  26.4  25.1  21.9  18.0  13.1   1.9 
1986   4.1   7.5  11.2  17.3  21.2  26.1  28.8  24.9  24.4  16.8   9.3   4.7 
1987   3.2   6.9  12.1  14.8  23.6  25.6  26.6  27.1  22.6  13.0  11.9   6.6 
1988   1.1   3.8  10.2  15.5  20.7  25.3  26.4  27.1  22.4  13.4  10.9   5.5 
1989   7.2   2.6  10.4  15.1  19.1  23.9  25.7  25.7  21.0  16.5  10.9  -0.8 
1990   7.4  10.1  11.3  14.8  18.9  25.7  26.4  25.7  23.8  14.8  12.9   6.8 
