Number= 720414
Name= CIRCLEVILLE---------
Country= USA---------
Lat=   39.6
Long=   83.0
Height= 205
Start year= 1895
End year= 1990
First Good year= 1895
Source ID= 30
Source file= New
Normals source= Data
Normals source start year= 1961
Normals source end year= 1990
Normals=  -2.5  -0.7   5.4  10.9  16.5  20.9  23.1  22.1  18.8  12.4   6.5   0.4 
Standard deviations source= Data
Standard deviations source start year= 1941
Standard deviations source end year= 1990
Standard deviations=   3.3   2.7   2.6   1.7   1.8   1.3   1.0   1.2   1.3   1.9   1.6   2.9 
Obs:
1895  -4.3  -6.2   3.0  13.0  17.4  24.0  23.5  24.5  22.6   9.5   5.2   1.8 
1896  -0.9   0.3   0.9  15.9  21.0  21.4  23.6  22.9  18.5  11.1   7.3   1.6 
1897  -2.1   2.2   6.1  11.5  14.8  21.0  24.6  21.2  20.4  15.6   6.1   1.2 
1898   0.8  -0.2   7.2   9.8  16.8  23.2  25.7  23.9  21.0  13.9   3.9  -1.0 
1899  -2.0  -5.1   3.4  13.1  18.9  21.9  24.0  22.8  19.6  14.5   6.2  -1.4 
1900  -0.9  -3.2   1.5  11.7  18.4  22.2  23.7  25.1  21.8  16.8   4.4  -0.5 
1901  -1.6  -5.2   4.0   9.1  15.9  22.6  26.1  23.3  19.3  13.2   2.9  -2.2 
1902  -2.2  -5.3   4.9  10.4  18.8  20.8  23.7  21.8  18.6  14.1   9.1  -0.6 
1903  -2.3  -0.4   7.9  11.4  18.9  18.9  23.7  23.1  20.1  13.0   2.3  -4.7 
1904 -99.0  -3.0   4.4   8.2  17.1  21.4  22.9  21.4  19.7  12.3   4.2  -2.2 
1905  -4.9  -5.6   6.1  11.4  17.3  22.3  24.0  23.1  19.4  12.4   3.7   0.2 
1906   1.1  -2.6  -0.8  13.0  17.3  22.5  22.9  24.4  21.1  11.6   4.5   0.6 
1907   0.7  -2.7   7.6   7.0  14.3  19.5  23.7  21.4  19.4   9.9   3.7   0.8 
1908  -1.8  -1.6   6.3  11.6  18.0  21.8  24.2  22.4  20.3  12.4   4.8 -99.0 
1909   0.6   2.5   3.1  11.6  16.6  23.0  22.6  23.4  18.9  10.0   9.7  -3.4 
1910  -2.5  -3.5   9.1  12.1  14.7 -99.0  24.7  23.3  20.8  15.6   2.1  -3.3 
1911  -0.3   1.7   3.7  10.3  20.7  24.0  24.4  23.4  21.7  12.7   3.8   3.3 
1912  -7.1  -4.2   1.6  12.9  18.3  20.9  24.2  22.2  20.4  13.7   5.5   1.7 
1913   2.9  -1.8   5.3  11.6  17.3  22.3  25.2  24.8  18.7  13.1   6.7   1.4 
1914   0.9  -4.7   2.4  11.0  18.1  23.4  24.4  23.2  18.0  14.3   5.8  -2.3 
1915  -3.1   2.8   0.4  14.1  15.6  20.8  23.2  20.7  19.8  14.6   6.1  -0.5 
1916   2.5  -2.1   2.7  11.1  18.0  19.8  26.2  24.5  18.1  12.6   5.7  -1.2 
1917  -1.4  -1.6   4.3  10.8  13.8  20.7  23.6  23.0  17.8   9.8   3.8  -5.9 
1918  -9.5   1.1   7.2  10.3  20.4  21.5  22.6  26.3  15.8  14.6   5.6   5.0 
1919   0.7   0.2   4.9  10.5  15.1  23.5  24.4  21.6  19.5  15.5   5.1  -2.9 
1920  -4.3  -1.5   5.8   7.9  14.9  20.4  21.9  21.0  19.2  13.9   4.1   1.4 
1921   0.8   2.3  10.8  13.6  17.0  23.7  25.6  22.1  22.0  12.2   6.9   1.8 
1922  -1.5   2.2   6.3  12.3  18.1  22.2  22.8  21.5  20.1  13.7   6.2   0.7 
1923   0.8  -3.2   2.8   9.0  14.3  21.4  22.6  21.8  18.4  10.0   4.6   5.2 
1924  -3.5  -0.8   2.1  10.5  12.2  20.0  21.5  22.0  15.3  12.5   4.6  -2.6 
1925  -2.7   2.6   4.7  11.8  12.6  22.8  21.8  21.3  21.3   6.7   2.8  -1.4 
1926  -2.8   0.4   0.7   7.1  16.7  19.2  23.2  23.8  20.2  12.2   5.0  -0.3 
1927   0.0   5.1   7.6  12.3  17.5  18.5  23.2  19.2  20.5  13.9   8.3   0.4 
1928  -0.6   0.7   3.8   8.3  16.0  18.8  24.1  23.9  16.2  14.6   6.3   2.3 
1929  -2.0  -3.0   8.6  12.2  15.5  20.1  23.1  20.2  19.0  11.2   4.2   0.8 
1930   0.9   6.6   6.6  13.6  18.8  22.7  25.4  23.8  21.1  11.1   5.8  -0.2 
1931   0.6   2.7   2.1  10.0  14.3  21.5  25.4  21.6  20.5  12.6   9.5   4.0 
1932   3.8   3.7   0.2   8.6  15.9  20.5  22.7  22.6  19.2  12.2   4.3 -99.0 
1933   4.1   1.1   4.2  11.2  18.6  24.2  24.5  22.8  21.3  11.1   4.1   1.7 
1934   1.2  -5.3   2.3   9.9  18.1  24.2  26.0  22.7  20.7  13.1   8.3   0.7 
1935   0.0   1.1   9.1   9.5  14.4  20.3  25.5  23.4  18.5  12.2   5.6  -4.4 
1936  -5.7  -3.6   6.9   8.3  18.4  22.5 -99.0  25.1  20.8  12.4   2.8   2.0 
1937 -99.0   0.3 -99.0   9.2 -99.0  20.8 -99.0  23.9  16.8  11.5 -99.0 -99.0 
1938  -0.9 -99.0 -99.0 -99.0  16.1 -99.0 -99.0 -99.0 -99.0 -99.0 -99.0 -99.0 
1939 -99.0 -99.0 -99.0 -99.0 -99.0 -99.0 -99.0 -99.0 -99.0 -99.0 -99.0 -99.0 
1940 -99.0 -99.0 -99.0 -99.0 -99.0 -99.0 -99.0 -99.0 -99.0 -99.0 -99.0 -99.0 
1941 -99.0 -99.0 -99.0  13.1  17.4  21.8  24.2  22.2  20.3  14.9   6.5   3.2 
1942  -1.8  -1.8   6.1  12.0  16.9  22.3  24.1  22.1  18.4  13.0   6.6  -1.3 
1943   0.6   1.1   2.9   7.9  16.8  24.1  23.8  22.5  17.1  10.9   3.8  -1.5 
1944   0.3   1.6   2.8  10.0  19.8  23.1  23.8  23.7  18.3  11.7   5.6  -2.8 
1945  -4.4   0.1  10.5  12.0  14.2  20.5  22.5  22.2  20.6  11.4   6.4  -3.3 
1946   0.2   1.7  10.5  10.5  15.2  20.8  22.6  19.2  18.3  14.2   7.8   3.3 
1947   2.3  -4.3   1.0  10.9  15.3  21.2  21.3  25.8  19.3  17.8   5.6   0.9 
1948  -5.4   0.3   7.4  13.2  16.0  22.0  24.5  22.8  19.9  11.2   8.9   2.2 
1949   3.6   2.8 -99.0  10.0  17.4  23.4  26.1  23.6  16.6  15.9   6.3   2.8 
1950   6.4 -99.0 -99.0   8.2  17.8  20.9  22.4  21.5  19.9  14.7   3.1  -3.0 
1951   0.8   0.6   5.2   9.8  17.1  21.6  23.5  22.1  18.2  13.8   2.7   0.5 
1952   2.8   2.1   4.2  10.8  16.4  23.8  24.6  22.0  18.4   9.6   6.2   1.7 
1953   2.2   2.5   5.7   9.0  18.4  22.8  24.0  22.4  19.4  13.4   5.5   1.5 
1954   0.3   4.4   3.2  13.6  13.3  21.9  23.0  21.5  20.0  13.6   5.1   0.3 
1955  -1.5   0.8   5.3  13.2  17.6  18.6  25.7  24.5  20.3  12.7   4.5  -0.6 
1956  -2.2   2.4   4.6   9.2  16.6  21.1  22.7  22.1  17.3  14.4   5.8   5.5 
1957  -2.9   3.0   4.6  12.4  17.3  21.9  23.5  22.1  19.3  10.6   6.1   3.0 
1958  -2.0  -3.6   2.7  11.1  15.8  19.2  22.9  21.6  19.2  12.1   7.0  -4.2 
1959  -2.4   1.9   3.6  11.6  19.1  21.4  23.4  24.4  20.7  12.6   4.7   3.1 
1960   0.7  -1.4  -2.6  13.4  15.1  20.7  21.9  23.3  20.1  12.4   6.0  -3.1 
1961  -4.8   2.6   6.4   7.0  13.4  19.0  22.1  22.5  20.8  13.6   5.9  -0.5 
1962  -3.7  -0.7   2.8   8.8  19.0  21.2  22.4  22.6  16.8  13.5   5.4  -2.7 
1963  -5.2  -3.7   7.1  11.3  15.7  21.4  23.0  20.9  17.6  15.2   7.5  -5.0 
1964   0.1  -0.8   5.8  13.2  19.0  21.2  23.6  21.8  18.9  10.7   7.8   2.0 
1965  -1.4  -0.6   2.2  10.8  19.6  20.9  22.2  21.2  19.6  11.2   6.8   3.4 
1966  -4.4  -0.7   6.1   9.4  14.1  21.4  23.8  21.2  17.1  10.4   6.4   0.1 
1967   1.5  -2.1   5.8  12.6  14.1  21.9  22.1  20.3  16.5  12.5   3.7   2.3 
1968  -4.3  -3.5   6.2  11.8  15.1  21.2  22.9  22.7  18.8  12.7   7.1  -0.5 
1969  -2.4   0.1   2.1  11.4  16.9  20.7  23.7  21.5  17.9  12.8   4.2  -2.7 
1970  -5.2  -1.5   3.0  12.3  18.5  21.2  22.9  22.1  21.2  13.6   6.3   2.2 
1971  -3.2  -0.4   3.1   9.4  14.8  22.6  21.9  20.6  20.3  15.9   5.7   4.7 
1972  -0.7  -1.1   4.1  10.6  17.1  18.5  22.8  21.7  19.7  10.9   4.7   2.5 
1973   0.0   0.3   9.9  10.4  15.0  22.1  22.9  22.3  20.0  14.6   7.1   1.2 
1974   1.5   0.6   7.1  13.0  16.6  19.1  22.7  22.0  16.7  11.4   6.6   0.9 
1975   1.1   1.9   4.0   8.3  18.5  21.3  22.4  23.7  16.7  13.0   8.7   2.3 
1976  -3.0   5.1   9.3  11.6  16.0  21.2  22.1  20.2  16.9   9.2   2.1  -2.6 
1977 -10.5  -2.2   8.1  13.0  19.3  19.9  24.4  22.3  20.5  11.5   7.5  -0.9 
1978  -7.2  -8.8   1.8  11.5  15.8  21.5  22.9  22.6  20.9  10.8   7.6   1.5 
1979  -5.7  -6.3   7.4  10.2  16.3  20.6  21.9  21.7  18.9  12.0   6.7   1.9 
1980  -1.2  -3.7   3.2   9.9  17.3  19.6  23.9  24.0  20.2  10.9   5.0   0.0 
1981  -4.9   0.7   3.5  13.0  14.9  21.2  23.1  21.3  17.4  11.5   5.9  -1.0 
1982  -5.6  -0.2   6.0   9.0  19.7  19.1  23.4  20.6  18.5  13.8   8.1   5.7 
1983  -0.8   1.7   7.1   9.9  14.9  21.1  24.9  24.7  19.4  13.5   7.5  -3.3 
1984 -99.0 -99.0   0.5  10.6  14.4  23.3  22.1  23.0  17.7  15.3   5.3   4.5 
1985  -4.9  -3.1   7.0  14.1  17.4  19.8  22.8  22.1  19.3  14.4   9.5  -3.3 
1986  -1.4   1.6   5.9  13.0  17.6  21.6  23.9  21.4  20.3  14.2   5.6   1.2 
1987  -0.6   1.7   7.1  11.0  18.8  22.5  24.2  23.4  19.3   9.0   8.4   2.7 
1988  -3.4  -1.0   4.8  10.1  16.4  20.9  24.4  24.0  17.8   8.6   6.3   0.4 
1989   3.0  -1.0   5.9   9.3  13.9  21.2  23.4  21.8  18.0  12.3   5.7  -7.4 
1990   4.1   4.1   7.8  10.6  14.7  20.7  22.8  21.9  18.9  12.7   8.4   3.6 
