Number= 720468
Name= CHERAW--------------
Country= USA---------
Lat=   34.7
Long=   79.9
Height= 42
Start year= 1882
End year= 1990
First Good year= 1882
Source ID= 30
Source file= New
Normals source= Data
Normals source start year= 1961
Normals source end year= 1990
Normals=   5.1   7.3  11.7  16.4  20.6  24.5  26.4  25.8  22.8  16.5  11.7   7.1 
Standard deviations source= Data
Standard deviations source start year= 1941
Standard deviations source end year= 1990
Standard deviations=   2.5   2.1   2.0   1.3   1.4   1.1   0.9   0.9   1.2   1.9   1.7   2.2 
Obs:
1882 -99.0 -99.0 -99.0  18.8  20.7  25.9  26.9  26.0  22.8  18.4 -99.0 -99.0 
1883 -99.0 -99.0 -99.0 -99.0 -99.0  26.6  28.0  26.0  21.8  18.1 -99.0 -99.0 
1884 -99.0 -99.0 -99.0  14.3  22.4  23.7  26.8  25.3  23.0  20.8 -99.0 -99.0 
1885 -99.0 -99.0 -99.0 -99.0  21.6  25.4  27.4  26.2  22.8  15.5 -99.0 -99.0 
1886 -99.0 -99.0 -99.0  19.1  21.9  24.7 -99.0  25.5  23.2  15.9 -99.0 -99.0 
1887   3.1  11.7  10.7 -99.0  22.3  25.4  28.7  25.2  21.7  17.0  10.0   6.3 
1888   6.7   8.8   9.7  17.1  21.8  25.7  26.4  26.0  21.7  14.2  13.0   3.4 
1889 -99.0 -99.0 -99.0 -99.0  21.4  24.5  27.1  24.5  21.4  14.6  11.6  11.6 
1890  12.2  13.3  11.8  16.9  22.2  27.9  27.5  24.8  22.5  16.5  11.6   5.8 
1891   6.2  12.1   9.3  16.3  19.6  26.0  25.0  25.7  21.8  13.1   7.1   7.5 
1892   3.7   8.1 -99.0  15.3  21.6  26.1  25.7  26.3  21.1  15.3   8.9   5.7 
1893   0.2   8.0  10.6  18.5  20.3  24.5  27.7  24.8  22.5  16.1   9.7   7.9 
1894   7.9   8.6  14.1  16.2  21.5  25.0  25.7  25.2  23.5  16.2   9.1   7.0 
1895   5.2   0.6  10.6  15.2  19.8  25.7  27.0  26.1  23.8  13.6  10.2   6.3 
1896   4.9   6.3   9.7  18.4  24.9  25.1  27.3  26.1  22.2  14.5  13.5   3.3 
1897   3.6   8.1  11.3  16.0  20.1  26.2  27.3  25.1  22.2  17.2  10.6   6.2 
1898   8.0   5.0  13.8  13.0  22.7  26.3  26.9  26.7  24.0  16.9  10.0   6.6 
1899   5.7   4.5  12.7  15.3  23.0  26.6  27.6  28.2  23.2  16.1  11.7   5.6 
1900   4.1   3.3   6.7  14.6  20.1  24.4  27.5  28.6  24.8  19.0  12.7   5.9 
1901   6.0   4.9  11.6  11.7  20.4  23.9  26.8  25.7  21.6  15.2   6.8   5.0 
1902   3.7   2.3  10.8  13.9  21.1  25.1  26.9  25.0  21.2  16.8  13.4   6.4 
1903   5.0   8.0  15.1  14.1  20.1  22.6  26.1  26.0  20.8  14.5   9.2   3.2 
1904   2.6   4.6  11.5  13.5  19.5  24.3  25.3  24.8  21.7  14.6   9.3   5.0 
1905   3.3   2.2  13.2  15.4  21.3  25.3  26.2  24.6  22.6  15.6  10.5   5.2 
1906   7.5   6.0   8.9  16.8  19.5  24.8  25.1  26.5  23.8  15.0  11.0   6.6 
1907   9.1   4.8  14.4  11.9  19.2  23.4  26.6  25.2  23.0  14.1   9.3   6.1 
1908   4.4   5.1  14.7  17.6  20.7  24.6  26.5  25.5  20.8  15.0  11.4   8.1 
1909   7.6  10.0  10.4  16.2  19.3  25.8  25.1  25.9  21.1  14.2  13.5   4.8 
1910   6.3   5.8  14.2  16.1  19.7  23.6  26.3  25.8  23.1  17.9   9.1   4.0 
1911   8.3   9.1  10.4  14.5  20.8  25.6  25.9  25.9  24.6  19.5  10.4   7.9 
1912   2.0   3.8  10.0  16.1  20.7  23.6  25.9  25.4  24.4  17.0  10.3   8.4 
1913  11.3   8.0  13.6  15.4  20.4  23.9  27.5  25.2  21.0  15.9  10.5   7.2 
1914   7.6   5.2   8.4  15.7  21.1  26.7  26.8  26.2  19.4  16.9  10.4   4.8 
1915   6.1   8.7   6.3  16.2  20.9  23.9  26.8  25.5  23.6  18.3  12.6   6.0 
1916  10.4   8.0  11.4  15.5  22.4  23.7  25.1  25.9  21.7  16.9  11.7   6.6 
1917   8.1   7.3  11.3  17.0  17.6  24.3  26.2  25.6  20.6  14.3   8.9   1.6 
1918   1.1   8.4 -99.0  14.2  21.5  24.3  25.1  26.2  19.8  17.1 -99.0  10.4 
1919   7.9   8.2  12.9  15.5  20.3  24.3  26.0  25.3  21.5  21.7  12.4   6.2 
1920   5.9   5.6  11.1  15.1  18.4  25.6  25.6  25.8  24.1  17.3  10.2   6.8 
1921   6.9   7.7  16.5  16.7  18.5  26.8  27.0  25.8  26.4  16.3  12.8   8.3 
1922   6.0  10.2  12.8  17.4  21.2  25.9  26.4  25.0  23.8  17.5  13.2   8.6 
1923   8.4   6.3  12.3  15.1  19.2  26.1  27.2  26.8  24.3  16.6   9.6  10.1 
1924   4.5   5.5   9.1  14.8  19.2  25.4  25.7  26.4  20.0  14.6  10.9   7.5 
1925   5.5  10.6  12.9  17.6  18.7  26.5  27.6  26.4  26.8  16.7   9.7   5.9 
1926   6.0   9.2   7.9  14.7  20.6  24.9  26.6  26.6  23.7  16.8   8.7   7.8 
1927   6.3  12.7  11.9  16.1  20.5  22.3  25.4  23.4  22.0  16.6  12.3   6.7 
1928   5.2   6.5  10.4  14.3  18.7  24.8  26.5  26.5  20.5  17.3  10.5   6.9 
1929   6.9   6.1  13.4  16.5  19.3  23.3  24.9  25.1  21.9  15.6  12.1   7.5 
1930   7.8  10.6  10.3  16.1  21.1  24.3  27.3  24.6  24.3  14.0   9.6   4.4 
1931   6.0   7.8   8.9  15.1  19.7  25.7  29.0  26.0  24.9  17.7  14.1  10.9 
1932  11.4  11.4   9.8  15.5  20.0  25.7  28.4  26.1  22.1  16.6   9.7   8.4 
1933  11.1   8.6  12.0  15.8  23.9  26.4  26.1  26.2  24.7  16.6  10.2  10.2 
1934   7.9   4.0  10.2  17.0  20.0  26.4  28.2  26.4  23.7  16.4  12.7   6.9 
1935   7.0   8.2  15.1  16.1  21.0  26.2  26.5  26.6  21.8  16.3  12.9   2.0 
1936   4.0   5.4  12.9  14.4  21.8  25.6  28.1  27.1  24.0  17.9   9.8   7.6 
1937  11.5   6.6  10.0  14.5  20.3  25.6  26.5  26.0  20.8  15.0   9.2   5.4 
1938   6.4  10.2  14.2  16.8  22.2  23.8  26.0  27.8  23.1  16.1  12.6   6.8 
1939   7.9  11.3  13.3  15.9  20.7  27.5  26.8  26.0  23.6  18.2   8.4   6.5 
1940   0.1   6.7   9.8  15.3  19.6  25.7  26.5  24.9  21.4  15.9  11.0   8.6 
1941   5.8   3.9   7.7  16.9  21.3  25.4  27.1  26.3  24.2  20.9  11.8   8.5 
1942   6.3   5.1  12.1  16.7  21.2  25.8  27.2  25.3  23.8  17.8  12.3   6.9 
1943   7.7   8.4  10.7  14.9  21.9  27.6  26.7  26.9  21.0  15.3  10.0   6.2 
1944   5.9   8.5  10.3  14.7  21.7  26.6  24.4  24.5  22.5  15.1   9.3   3.9 
1945   5.0   8.2  15.2  16.7  17.3  24.6  25.9  25.1  24.2  16.1  12.2   3.9 
1946   6.1   7.8  13.3  15.3  19.7  24.8  26.5  25.6  23.4  17.9  14.6   9.3 
1947   9.2   4.6   7.1  17.5  21.3  25.1  25.6  26.8  24.0  19.4  10.0   6.8 
1948   3.5   7.4  12.9  17.5  21.2  25.5  27.6  25.9  22.2  14.7  13.7   8.9 
1949  10.8  10.7  11.3  14.6  21.0  24.8  27.6  26.3  22.4  19.2  10.8   7.7 
1950  11.7   9.0   8.8  13.7  21.3  25.4  25.9  26.2  22.7  18.7   9.3   4.2 
1951   6.1   7.7  11.2  15.1  20.2  25.1  27.5  27.0  23.1  18.3   8.8   8.5 
1952  10.0   8.0  10.9  15.0  21.5  27.2  27.2  25.5  21.2  14.2  11.0   6.3 
1953   8.9   9.3  12.2  16.0  24.1  25.6  27.6  26.6  22.9  18.0  10.9   6.9 
1954   7.2   9.5  11.1  18.3  18.0  25.2  27.4  27.9  24.7  17.3   8.8   5.3 
1955   6.4   8.6  13.8  18.2  22.6  23.1  27.1  26.9  23.3  16.4  10.3   4.8 
1956   5.2  10.3  11.4  15.4  21.5  25.3  27.3  26.1  21.8  17.6  10.2  12.0 
1957   7.8  11.3  10.7  17.8  21.6  25.4  26.5  25.5  23.9  14.4  12.2   7.9 
1958   3.3   3.9   9.2  16.3  21.0  24.7  27.0  26.8  22.5  15.7  13.3   4.0 
1959   5.6   8.7  10.7  17.2  22.7  25.1  26.6  27.2  22.9  18.0  11.5   7.5 
1960   6.9   6.6   5.4  18.0  20.9  25.4  26.1  25.9  23.4  18.5  12.0   4.7 
1961   4.8   9.9  14.0  13.9  19.4  24.2  26.2  25.5  24.1  16.0  13.6   7.3 
1962   5.3   8.7  10.4  15.4  24.2  24.5  26.2  25.8  21.7 -99.0 -99.0   5.2 
1963   4.2   4.2  13.6  17.4  20.1  24.0  25.5  25.5  20.4  16.3  11.4   3.2 
1964   5.8   5.7  12.0  16.7  21.5  26.0  25.2  24.6  21.7  13.9  13.3   8.2 
1965   6.6   7.1   9.9  16.4  23.4  23.0  25.3  25.2  22.4  14.9  10.9   5.7 
1966   2.9   5.6   9.6  14.3  19.0  22.9  26.9  25.5  22.0  16.1  10.8   6.2 
1967   7.2   6.3  13.0  17.9  19.1  23.1  25.7  24.7  19.6  15.4   8.9   9.2 
1968   3.5   4.2  11.6  16.9  19.9  24.7  26.7  27.6  22.6  16.8  10.2   4.4 
1969   3.4   6.2   8.4  16.4  20.0  25.5  27.0  24.0  21.7  16.2   8.9   4.5 
1970   1.9   5.4  10.6  17.0  20.6  24.1  26.3  24.7  25.5  18.7  11.2   8.9 
1971   6.6   7.3   9.2  15.4  19.6  26.0  26.1  25.4  24.1  20.0  11.4  12.6 
1972   9.9   7.0  11.9  16.5  18.9  22.7  26.0  26.1  23.7  16.5  11.3   9.3 
1973   6.4   6.1  14.7  15.6  20.2  25.1  25.6  24.8  24.9  18.4  13.1   7.2 
1974 -99.0   8.3 -99.0  16.6  21.5  23.8  25.7  25.5  22.3  15.2  11.4   7.6 
1975   8.8   9.6  11.4  16.4  22.6  25.3  25.5  27.0  23.7  18.5 -99.0   6.8 
1976   4.5  11.5  15.2  18.0  19.7  23.6  26.0  24.8  21.6  13.9   8.3   5.4 
1977   0.7   6.1  13.4  18.4  21.3  24.7  28.0  25.7  23.9  14.6  12.8   6.0 
1978   2.5   3.6   9.3  17.2  20.2  24.7  26.4  26.1  24.2  16.2 -99.0 -99.0 
1979 -99.0 -99.0  11.9  17.9  20.4  22.6  25.9  26.3  22.9  17.2  13.2   6.9 
1980   6.8   4.4   9.7  16.5  20.4  23.6  27.4  27.4  25.3  15.5   9.6   6.4 
1981   3.0   7.8   9.5  18.0  19.0  27.1  26.7  24.3  21.8  15.2  10.8   5.8 
1982   2.8   9.2  12.2  14.9  21.5  24.2  26.1  25.2  22.1  16.3  12.8  10.6 
1983   4.8   7.1  11.9  13.8  20.0  24.0  27.4  27.6  22.8  17.1  11.3   7.0 
1984   4.7   9.1  11.3  14.7  20.0  24.8  25.4  26.1  21.3  20.2  10.1  11.1 
1985   3.3   7.5  13.1  18.3  20.6  25.2  26.2  25.0  22.5  19.3  16.9   5.6 
1986   4.8  10.1  12.2  17.8  21.4  27.0  29.4  25.7  23.4  18.4  13.7   7.8 
1987   5.4   6.5  11.5  15.0  21.8  25.5  27.4  27.0  23.4  13.6  12.9   8.6 
1988   2.9   7.2  11.7  16.1  19.8  23.7  26.2  27.3  22.5  13.4  12.0   6.3 
1989   8.3   8.9  11.9  15.8  19.3  25.7  26.3  25.5  22.9  17.0  12.5   2.8 
1990  10.0  11.8  14.1  16.2  21.1  24.9  27.7  26.7  22.7  18.5  13.0   9.9 
