Number= 720473
Name= NEWBERRY------------
Country= USA---------
Lat=   34.3
Long=   81.6
Height= 145
Start year= 1887
End year= 1990
First Good year= 1887
Source ID= 30
Source file= New
Normals source= Data
Normals source start year= 1961
Normals source end year= 1990
Normals=   5.6   7.6  11.7  16.1  20.6  24.5  26.4  25.8  22.5  16.5  11.6   7.4 
Standard deviations source= Data
Standard deviations source start year= 1941
Standard deviations source end year= 1990
Standard deviations=   2.6   2.1   2.0   1.2   1.3   1.2   1.0   0.9   1.1   1.6   1.6   1.9 
Obs:
1887 -99.0  11.8   9.8 -99.0  22.5  25.7  27.6  25.3 -99.0  15.6  10.7   6.7 
1888   7.4   9.4  10.5  18.0  20.8  25.6  27.2  26.8  20.4  13.8   9.9   6.2 
1889   6.5   5.1  10.1  16.0  21.3  23.6  25.7  23.1  21.1  15.4  10.5  12.8 
1890  10.8  12.4   9.2  16.4  20.3  26.3  25.3  24.0  20.5  14.3  12.4   6.7 
1891   6.3  10.9   7.7  16.6  19.1  25.3  24.1  24.5  21.2  13.5   8.6   8.6 
1892   4.9   8.4   9.2  14.6  20.4  24.3  25.2  25.6  20.9  15.8   9.0   6.7 
1893   3.0   9.5  11.3  19.3  20.5  24.7  28.1  25.2  22.0  16.2   9.7   8.9 
1894   7.7   8.7  13.6  16.1  21.1  24.8  24.8  24.6  21.4  14.8   8.2   6.7 
1895   5.1   1.7  10.4  15.1  19.3  25.6  26.1  25.9  23.6  14.0   9.7   6.1 
1896   5.7   9.0  10.9  19.0  24.0  24.7  26.0  26.3  22.3  15.5  13.6   6.1 
1897   5.0   9.4  12.5  16.1  20.4  25.9  26.0  25.1  21.9  17.6  11.4   7.7 
1898   8.8   5.9  13.8  13.1  22.7  26.3  25.7 -99.0 -99.0  14.8   8.3   7.2 
1899   5.7   5.5  11.7  14.9  23.1  26.7  26.9  27.5  21.1  16.3  11.1   5.7 
1900   6.4   5.9  10.1  16.3  20.8  25.0  27.9  28.6  24.2  18.7  11.6   6.6 
1901   6.9   5.9  11.4  12.4  21.5  25.5  27.9  26.1  21.4  15.9   7.6   5.6 
1902   4.9   4.5  11.8  15.1  23.2  26.3  28.0  25.8  20.9  16.8  13.5   7.2 
1903   5.5   9.2  15.2  15.2  21.3  23.6  27.3  27.1  22.0  15.4   9.0   4.4 
1904   4.7   6.8  13.2  14.5  21.1  25.5  27.0  25.4  22.8  15.7   9.8   7.1 
1905   5.0   4.1  13.5  16.4  22.6  26.9  27.7  25.6  24.3  16.7  11.1   6.6 
1906   7.1   7.1   9.2  17.2  20.6  25.8  25.9  27.1  24.0  14.7  11.0   8.8 
1907  12.0   7.7  15.9  13.3  20.8  24.4  28.0  26.6  23.8  15.5   9.6   7.6 
1908   6.6   5.9  16.0  19.1  22.2  25.0  26.8  25.9  21.1  15.2  11.3  10.0 
1909   9.5  11.8  11.7  17.4  20.5  26.1  25.8  26.1  21.6  15.0  13.1   5.8 
1910   6.4   6.2  13.9  16.1  20.0  23.6  26.4  25.8  23.3  17.3   8.9   4.6 
1911   8.9  10.3  11.3  15.1  22.4  27.6  26.6  26.6  25.2  18.2   8.3   8.5 
1912   3.5   4.9   9.9  17.0  21.9  23.6  26.9  26.1  24.2  16.8   9.4   8.6 
1913  10.9   8.1  11.4  14.1  21.6  24.6  28.0  25.6  20.4  15.1   9.7   7.8 
1914   7.0   6.0   9.2  16.9  21.8  27.9  26.9  26.4  20.8  16.3   9.2   5.5 
1915   6.0   8.3   6.4  16.6  22.3  24.3  27.2  25.8  23.7  17.8  11.4   6.0 
1916  10.2   8.8  10.9  15.6  23.4  25.1  25.7  26.6  21.7  16.3  10.5   7.0 
1917   8.9   8.3  10.9  17.4  18.6  25.3  27.0  26.0  21.0  14.0   8.6   2.2 
1918   1.8  11.6  14.0  15.2  22.2  25.5  25.7  26.6  20.0  18.1  10.1   9.6 
1919   7.6   7.1  12.2  16.4  20.9  25.1  26.5  25.8  22.5  22.4  11.9   7.0 
1920   7.1   6.6  10.4  15.6  19.1  25.7  27.4  26.0 -99.0 -99.0 -99.0   6.6 
1921   7.1   9.4  17.1  17.3 -99.0  27.1 -99.0 -99.0  25.9  15.7  12.1  10.0 
1922   6.2  11.8  11.9 -99.0 -99.0 -99.0 -99.0 -99.0 -99.0 -99.0  10.6  10.1 
1923   8.9   7.2  13.2  15.2  20.1  25.8 -99.0 -99.0  23.6  16.1   8.9  11.4 
1924   5.2   5.9   8.9  15.1  19.1  25.8  25.9  27.2 -99.0  14.8  10.8   8.2 
1925 -99.0  10.9  12.1  18.0  19.6  27.5  28.5  26.9  27.3  16.1   8.8   6.4 
1926   6.4   9.3   7.3  14.8  21.4  25.5  27.6  27.4  25.0  17.8   8.5   9.1 
1927   7.4  13.2  12.1 -99.0  22.0  23.7  26.1  24.9  23.9  17.6  12.6   7.2 
1928   6.4   6.1  11.3  14.7  19.4  24.5  26.7  26.3  21.0  17.7  10.2   7.7 
1929   7.4   7.3  13.2  16.9  20.3  24.1  26.1  25.5  21.5  14.4  10.7   7.4 
1930   7.7  10.7   8.9  16.8  22.0  24.1  28.2  25.3  24.2  14.4   8.8   4.7 
1931   6.6   8.4   8.1  14.8  19.6  26.0  27.9  25.5  24.7  17.5  13.7  11.0 
1932  12.1  11.9   9.6  15.4  20.5  25.5  28.9  26.1  22.5  16.1   8.5   9.0 
1933  10.8   7.9  10.1  14.3  23.0  25.4  25.2  25.1  23.5  15.7   9.0  10.2 
1934   8.5   4.8   9.6  15.9  19.8  25.9  27.9  26.9  24.1  16.1  11.3   6.6 
1935   6.9   8.3  14.1  16.0  21.3  25.5  26.6  26.0  21.6  16.2  11.2   2.6 
1936   4.0   5.8  12.2  14.3  22.5  25.5  27.3  26.1  23.4  17.2   9.3   7.5 
1937  11.1   7.8   9.2  14.5  20.5  26.0  26.9  26.0  21.1  14.4   8.2   6.5 
1938   7.2  11.4  14.8  16.0  21.7  24.3 -99.0  27.8  23.4  16.6  12.0   7.1 
1939   8.1  10.8  12.6  16.0  20.7  27.6  27.1  26.0  24.1  18.4   8.5   7.7 
1940   0.5   7.5   9.7  15.2  19.8  25.6  26.7  26.0  22.1  16.7  10.5   8.9 
1941   6.7   5.3   7.6  17.4  22.4  25.4  27.1  27.0  24.4  20.9  10.4   8.8 
1942   6.6   5.5  11.2  16.7  21.0  26.0  27.6  25.5  23.4  17.0  11.7   6.8 
1943   8.3   9.3   9.5  15.6  21.8  27.3  26.5  27.1  20.9  15.4   9.0   7.1 
1944   6.3  10.9  10.4  15.5  22.2  26.6  25.5  25.2  24.0  16.4   9.7   5.1 
1945   6.4   9.6  16.0  18.0  18.8  25.7  26.7  24.7  24.3  16.0  10.9   4.1 
1946   7.6   9.4  14.1  16.7  20.3  25.0  25.7  25.0  22.0  16.5  13.1   9.2 
1947   8.7   4.9   6.4  16.8  21.0  24.3  24.4  26.0  23.4  18.1   8.9   6.5 
1948   3.8   7.7  13.1  17.8  21.1  25.4  27.4  25.2  21.5  14.7  12.8   9.0 
1949  11.6  11.5  11.6  15.2  21.4  25.4  27.6  25.5  21.3  18.6  10.1   8.4 
1950  13.7  10.6   9.8  15.0  22.2  25.9  25.9  25.5  21.7  18.2   9.3   5.1 
1951   7.4   8.6  11.3  15.5  20.0  25.2  26.8  27.0  23.2  18.2   9.1   8.6 
1952  10.5   9.0  10.6  15.3  21.2  27.2  26.9  25.2  21.3  13.6  11.1   6.3 
1953   9.1   9.5  11.9  15.4  23.5  25.9  26.9  26.0  21.8  17.0  10.2   7.3 
1954   7.4  10.2  10.9  18.0  17.8  25.0  27.0  27.1  24.6  17.5   9.0   6.0 
1955   6.2   8.8  12.6  17.8  21.9  22.2  26.7  26.5  23.0  15.6  10.2   5.6 
1956   4.8   9.9  11.0  14.8  21.1  24.7  26.1  26.2  20.7  16.9  10.0  11.2 
1957   8.3  12.1  10.4  17.5  21.1  25.0  25.9  25.0  23.0  14.4  11.6   7.7 
1958   3.5   4.3   8.5  16.0  21.2  25.2  26.5  26.1  22.7  15.3  12.8   5.5 
1959   6.5   9.4  10.0  16.9  22.1  24.5  26.2  26.9  22.5  17.6  11.2   7.8 
1960   6.7   7.1   5.5  17.2  19.8  25.0  26.5  26.3  23.1  17.9  11.2   4.6 
1961   4.5   9.3  13.0  13.5  19.2  23.4  25.9  25.2  23.5  16.0  13.8   7.0 
1962   6.2  10.9   9.6  14.6  23.6  24.3  26.6  25.8  21.9  17.2  10.4   5.6 
1963   4.4   5.0  13.1  17.1  20.3  23.6  25.4  26.2  21.3  16.5  10.9   3.2 
1964   5.8   5.6  11.4  16.4  21.0  25.7  25.2  24.8  22.2  13.9  13.1   9.2 
1965   7.4   8.7  10.1  17.2  22.7  23.0  25.7  25.9  23.0  15.7  11.7   7.9 
1966   3.8   7.7   9.9  15.8  20.4  23.0  26.5  25.2  22.1  15.6  11.0   7.0 
1967   7.9   5.9  13.6  18.1  19.4  23.2  25.2  24.5  19.7  15.7   9.0   9.6 
1968   4.2   4.6  11.5  16.6  20.0  24.2  26.0  27.0  22.2  17.0  10.7   5.8 
1969   5.4   6.3   8.5  16.7  20.3  25.9  27.6  24.7  21.7  17.0   9.5   6.1 
1970   3.4   7.7  11.5  17.2  21.2  25.0  26.6  25.8  24.0  18.0  10.2   8.5 
1971   6.7   6.9   8.9  15.2  19.0  25.2  25.3  24.9  23.3  19.1  10.4  12.1 
1972   9.5   6.8  11.4  16.1  19.0  22.2  25.1  25.3  23.2  15.8  10.6   9.8 
1973   6.5   6.4  13.7  14.7  19.2  24.3  26.3  25.5  24.1  17.4  13.0   7.0 
1974  13.1   8.5  14.9  16.5  21.7  23.2  25.6  25.0  21.4  15.1  10.9   7.0 
1975   8.8   9.9  10.4  15.6  22.0  24.2  24.6  25.3  21.8  18.3  12.7   6.8 
1976   4.7  11.7  13.9  16.4  18.5  22.7  25.2  24.6  21.3  13.8   7.9   5.7 
1977   0.7   6.5  13.4  17.7  21.5  25.8  28.2  25.6  23.6  15.1  12.6   6.7 
1978   2.2   3.9  10.3  17.0  20.1  25.3  26.9  26.5  23.7  16.3  13.6   8.2 
1979   4.3   5.8  13.0  16.4  20.4  22.9  25.7  26.2  22.1  16.3  12.6   7.0 
1980   6.0   5.4   9.6  16.1  20.5  24.9  28.3  27.8  24.7  15.7  10.3   7.2 
1981   3.7   7.4  10.0  18.6  19.6  27.1  27.4  24.8  22.1  15.9  11.1   4.9 
1982   3.7   9.2  12.9  15.0  22.1  24.8  27.0  25.5  22.0  16.5  12.2  10.2 
1983   4.4   6.8  11.2  13.6  20.3  24.0  27.9  27.8  22.1  17.1  11.1   5.7 
1984   4.8   9.1  11.5  14.5  19.8  25.2  25.4  25.7  21.7  20.2   9.9  11.2 
1985   3.5   7.6  13.3  17.0  21.2  25.7  26.2  25.3  22.3  19.0  16.1   5.5 
1986   5.3  10.3  11.9  16.6  21.3  26.8  29.1  25.8  23.7  18.2  14.1   7.4 
1987   5.8   7.3  11.2  15.0  22.6  25.5  27.4  27.6  23.2  13.8  12.8   7.9 
1988   3.5   7.0  11.7  16.3  19.6  24.3  27.3  27.1  22.6  14.1  12.2   7.0 
1989   8.5   8.8  12.8  16.2  19.3  25.3  26.2  25.6  22.3  17.1  11.9   3.6 
1990   9.6  11.9  13.6  16.2  21.3  25.6  27.4  26.8  23.2  17.9  12.4   9.9 
