Number= 720435
Name= MUSKOGEE------------
Country= USA---------
Lat=   35.8
Long=   95.3
Height= 177
Start year= 1899
End year= 1990
First Good year= 1899
Source ID= 30
Source file= New
Normals source= Data
Normals source start year= 1961
Normals source end year= 1990
Normals=   2.3   5.3  10.8  16.3  20.6  24.6  27.5  26.8  22.6  16.7  10.1   4.1 
Standard deviations source= Data
Standard deviations source start year= 1941
Standard deviations source end year= 1990
Standard deviations=   2.5   2.4   2.3   1.6   1.3   1.3   1.5   1.5   1.6   1.6   1.7   2.3 
Obs:
1899 -99.0 -99.0 -99.0 -99.0  21.8  23.6  25.6  27.9  22.5  19.3  11.6   3.9 
1900   4.8   3.4   9.6  16.5  19.6  23.6 -99.0 -99.0  24.9  18.0  10.7   6.4 
1901   5.6   3.5   9.2  13.9  20.0  25.1  29.3  26.8  22.7  18.4  10.5   4.4 
1902   2.3   1.4  10.6  15.8  21.8  24.7  25.4  27.6  19.5  16.7  11.9   3.4 
1903   3.6   2.7  10.8  14.8  19.0  20.6  25.7  25.5  20.6  15.5   7.0   3.0 
1904   1.1   4.7 -99.0  13.2  18.9  23.2 -99.0  25.0  23.4  16.7  10.6   4.6 
1905  -0.8  -2.2  13.1  15.4  20.9  24.9  23.9  25.6  23.0  15.4  11.1   3.5 
1906   3.6   4.5   5.9  17.2  20.1  23.2  23.8  24.4  23.7  14.5   8.8   7.0 
1907   6.7   6.4  15.2  12.2  17.1  23.4  26.9  28.7  24.1  16.3   7.8   4.9 
1908   4.3   5.8  13.6  15.4  19.5  23.6  25.2  26.8  23.0  15.0  10.7   6.0 
1909   3.9   7.3   9.7  15.8  19.4  24.5  28.7  29.6  24.6  17.6  15.0   0.4 
1910   4.5   2.5  15.9  15.1  18.5  24.0  26.8  26.6  25.2  17.5  10.8   4.2 
1911   6.9   8.2  13.0  15.0  21.8  28.8  27.4  25.4  25.7  16.6   7.5   5.0 
1912  -0.7   3.2   6.7  15.6  21.0  23.4  28.4  27.0  23.1  18.4   9.8   4.4 
1913   4.9   2.7 -99.0  16.6  20.5  25.8  29.3  30.2  22.6  15.4  14.7   6.0 
1914   6.9   4.7  10.3  16.4  20.2  28.4  29.8  27.6  24.3  16.5  12.4   0.6 
1915   2.9   7.0   4.9  18.3  19.7  23.9  26.0  23.0  24.2  17.0  12.6   7.0 
1916   2.9   4.1  11.8  14.2  21.4  24.0  29.5  29.6  23.7  17.4  10.5   2.6 
1917   3.9   3.5  10.1 -99.0  16.6  24.5  27.8  25.5  22.5  12.9   9.9   0.7 
1918  -4.1   6.1  13.4  14.0  21.6  27.6  27.3  30.0  20.0  18.9   9.9   6.5 
1919   4.1   4.8  10.9  15.9  18.8  23.6  26.9  26.5  23.2  16.6   8.3   2.4 
1920   2.2   6.2  10.1  13.8  20.8  22.0  25.2  23.9  23.4  17.4   7.8   5.4 
1921   7.0   7.9  14.4  14.9  21.0  24.2  26.8  27.2  26.3  16.9  11.5   6.3 
1922   3.0   7.6   9.9  16.4  20.7  24.5  25.9  26.7  24.4  17.4  10.9   6.9 
1923   8.9   3.9   8.4  15.5  18.6  24.2  27.2  27.9  23.0  13.9  10.1   6.9 
1924   1.1   5.3   6.4  15.8  17.1  25.0  24.8  27.7  20.5  18.0  11.4   1.4 
1925   2.6   9.1  13.7  18.8  18.9  28.2  27.9  26.9  25.0  13.4   9.0   3.4 
1926   3.2   8.5   8.1  13.1  20.6  24.2  26.0  27.2  23.5  17.9   7.9   4.6 
1927   3.4   9.1  10.2  17.5  21.3  24.2  26.0  24.6  23.1  18.8  12.5   2.6 
1928   4.7   6.6  11.1  13.5  20.6  22.9  26.5  27.1  21.4  19.4   9.4   5.6 
1929   2.2  -0.8  11.8  16.6  18.8  24.0  27.1  28.2  22.6  16.7   5.9   6.5 
1930  -3.2  10.4   9.7  18.2  19.5  23.4  27.9  28.0  24.9  15.8   9.9   4.6 
1931   5.3   8.5   7.7  13.8  18.3  25.4  27.4  24.6  26.4  19.8  13.4   8.1 
1932   5.2  10.2   7.8  17.4  20.6  24.7  27.4  27.5  23.5  15.7   7.6   3.3 
1933   8.4   4.2  11.0  15.6  21.3  25.4  27.5  25.8  25.0  16.6  11.0   8.4 
1934   5.7   5.5   9.1  16.3  21.2  27.2  29.9  29.8  21.0  18.3  11.6   4.5 
1935   5.2   7.0  13.6  14.1  18.6  22.4  28.0  27.8  21.6  16.7   7.8   3.3 
1936   1.3   0.9  13.7  15.5  22.1  27.2  30.5  31.2  26.1  15.4   8.1   7.0 
1937   0.8   4.8   8.1  15.9  21.3  25.2  27.4  28.6  22.9  16.2   8.1   4.0 
1938   5.2   8.7  14.9  16.1  20.6  24.3  27.5  28.4  24.0  19.8   9.7   5.8 
1939   7.1   4.6  13.0  15.2  21.2  24.8  28.3  27.2  26.9  19.4   8.6   7.8 
1940  -4.2   4.9  11.4  15.2  19.9  23.8  26.0  25.2  21.7  18.7   8.4   6.3 
1941   5.5   4.6   8.1  17.2  22.3  23.4  27.3  26.8  23.6  19.1   9.6   6.8 
1942   2.7   4.8  10.3  17.1  19.7  24.3  26.4  25.8  21.6  16.7  11.8   5.4 
1943   3.5   8.2   7.4  17.6  20.4  25.8  28.5  29.9  22.0  15.6   9.2   3.1 
1944   4.3   7.6   9.7  15.0  21.0  25.5  26.6  26.9  22.5  18.1  11.1   2.8 
1945   3.8   5.8  12.9  15.1  18.6  22.0  24.4  25.8  22.9  16.0  11.4   2.0 
1946   3.8   8.7  14.1  18.1  18.8  23.5  27.4  26.8  22.9  18.7  10.4   8.6 
1947   4.7   3.0   6.9  16.0  19.4  24.2  25.5  29.5  24.6  19.8   8.0   5.7 
1948   0.5   4.3   8.4  19.3  20.3  24.5  26.4  25.6  22.8  15.5   9.7   6.5 
1949   1.5   5.5  10.3  15.8  21.8  25.4  27.3  25.6  20.4  16.5 -99.0   6.0 
1950   5.5   7.6   8.9  15.1  20.6  24.5  24.2  24.0  21.4  19.6   8.0   3.4 
1951   3.9   6.8   9.9  14.3  21.1  23.3  27.0  28.1  22.2  16.9   6.8   5.2 
1952   7.2   8.1   9.4  14.1  20.7  27.3  27.8  27.9  23.4  14.4   9.1   4.5 
1953   5.6   7.4  12.9  13.7  20.8  28.8  26.6  26.4  24.0  18.2   9.6   5.3 
1954   3.5  10.6   9.9  19.7  18.6  26.1  32.0  30.6  26.5  18.1  10.4   6.0 
1955   4.7   5.2  10.6  18.7  22.2  23.3  29.3  27.0  24.2  16.7   8.7   3.9 
1956   2.0   6.6  11.9  14.9  23.0  25.2  28.8  29.6  25.0  19.3   8.4   6.5 
1957   1.8   8.7   8.6  15.0  20.6  24.4  28.8  26.8  21.2  14.3   8.4   8.5 
1958   3.2   2.8   6.0  15.4  21.5  25.0  26.5  26.1  22.9  15.8  11.1   3.4 
1959   2.0   5.9  10.6  15.7  22.1  24.3  25.5  26.7  23.0  15.1   6.5   7.1 
1960   3.6   2.7   4.5  17.0  19.4  24.4  26.2  26.1  23.9  18.3  10.8   3.5 
1961   1.9   7.6  12.0  14.4  19.6  22.8  25.7  24.8  21.6  17.0   8.7   3.4 
1962   0.8   8.1   9.0  15.1  23.7  23.9  27.0  27.0  21.6  18.5   9.9   5.4 
1963  -0.1   4.5  12.7  18.0  21.3  25.9  27.7  27.9  23.6  21.5  10.6   0.3 
1964   6.0   5.0   9.9  17.6  21.6  24.7  28.3  26.1  22.2  15.2  11.6   4.5 
1965   4.7   5.1   4.7  18.1  21.4  24.2  28.1  26.4  23.6  16.5  12.9   8.1 
1966   1.1   4.6  11.7  15.3  19.8  23.9  28.8  24.4  21.0  15.2  12.4   4.1 
1967   4.8   4.7  14.1  18.3  18.8  24.5  24.8  24.5  20.4  16.0   8.9   4.5 
1968   2.7   2.7  10.5  15.5  19.0  24.2  26.0  26.0  21.3  16.1   7.9   3.3 
1969   3.3   5.6   6.7  16.8  20.7  23.6  29.1  27.2  23.4  16.0   9.2   4.4 
1970  -0.6   5.6   7.9  16.5  21.4  24.4  27.2  28.5  23.7  14.5   8.0   6.9 
1971   2.5   4.3   9.6  15.3  19.2  25.0  25.9  24.6  22.9  18.4  10.2   7.5 
1972   3.1   6.4  12.3  16.9  20.2  25.5  26.7  27.5  24.8  15.9   6.2   2.0 
1973   2.2   4.5  12.9  14.2  19.1  23.8  26.9  26.0  23.1  18.1  12.5   4.8 
1974   2.6   7.4  13.5  16.9  22.6  23.0  28.8  25.5  18.1  17.0   9.5   4.3 
1975   5.1   3.4   7.8  16.0  21.1  24.6  26.8  27.3  20.7  17.4  10.7   4.8 
1976   3.1  11.1  12.2  16.6  17.9  23.1  26.2  26.0  21.4  13.2   6.1   3.4 
1977  -2.7   7.0  12.6  18.6  22.5  27.0  29.5  27.0  24.5  16.5  10.7   4.8 
1978  -3.0  -0.7   8.8  17.5  20.7  24.8  30.1  28.5 -99.0  17.0  11.2   4.4 
1979  -4.0   0.6  11.3  15.9 -99.0 -99.0 -99.0 -99.0 -99.0 -99.0 -99.0 -99.0 
1980 -99.0 -99.0 -99.0 -99.0 -99.0 -99.0 -99.0 -99.0  25.8  16.6 -99.0 -99.0 
1981 -99.0   7.1  11.3  19.2  18.5  26.5  28.6 -99.0  22.4  16.6  11.0   4.3 
1982   2.2   2.9  12.4  14.3  21.3  23.3  27.9  28.9  23.0  16.5  10.2 -99.0 
1983   3.7   6.3 -99.0  12.9  19.5  23.5  27.6  29.6  23.6  18.0  11.4  -2.7 
1984   0.8   7.7   9.4  14.7  19.9  25.5  27.8 -99.0  22.2  17.2  10.0   8.6 
1985  -0.7   2.3  12.9  17.3  21.2  24.4  27.6  28.1  24.0  18.2  10.3   1.5 
1986   5.7   7.3  13.0  17.4  20.9  25.9  29.8  25.9  23.7  16.3   7.3   4.7 
1987   3.2   8.0  11.1  16.5  23.4  25.4  27.0  28.3  22.0  15.1  10.9   5.4 
1988   1.5   4.8  10.5  15.9  20.9  25.9  27.9  27.6  23.5  15.1  10.9   6.3 
1989   6.6   0.8  10.4  16.9  20.3  23.2  26.1  26.3  20.7  18.0  12.0  -0.4 
1990   7.7   7.9  11.5  15.5  19.6  26.7  26.7  27.4  25.1  15.3  12.9   2.8 
