Number= 720438
Name= PAWHUSKA------------
Country= USA---------
Lat=   36.7
Long=   96.4
Height= 254
Start year= 1898
End year= 1990
First Good year= 1898
Source ID= 30
Source file= New
Normals source= Data
Normals source start year= 1961
Normals source end year= 1990
Normals=   0.4   3.6   9.0  15.2  19.6  24.2  27.2  26.4  21.9  15.7   8.6   2.4 
Standard deviations source= Data
Standard deviations source start year= 1941
Standard deviations source end year= 1990
Standard deviations=   2.4   2.5   2.4   1.9   1.4   1.3   1.6   1.6   1.7   1.6   1.8   2.3 
Obs:
1898   3.3   5.2   8.4  12.9  19.6  24.4  25.5  24.7  22.5  14.0   5.8   1.0 
1899   0.5  -2.9   6.4  13.7  20.9  24.4  25.8  27.5  19.0  17.5 -99.0   3.3 
1900   4.8   0.8   7.9  15.8  19.8  24.8  26.3  28.5  21.7  16.3   8.1   4.2 
1901   1.9   1.8   7.9  13.4  19.3  26.1  29.9  27.3  22.9  17.2   8.9   1.3 
1902   0.4  -0.6   9.1  14.3  22.1  25.3  27.0  28.2  18.5  15.6  11.1   0.6 
1903   1.7   0.0   8.3  14.8 -99.0  20.9  27.2  24.1  19.8 -99.0   4.6 -99.0 
1904 -99.0   4.7  10.6  12.4  17.4 -99.0  25.1  24.9  22.6 -99.0 -99.0 -99.0 
1905 -99.0 -99.0 -99.0 -99.0 -99.0 -99.0 -99.0 -99.0 -99.0 -99.0 -99.0 -99.0 
1906 -99.0 -99.0   4.2  17.0  20.2  23.1  24.4  25.1  23.6  14.8   7.1   5.6 
1907   4.4   5.3  15.0  12.1  15.9  23.0  27.2  28.5  22.7  15.5   7.9   4.6 
1908   4.0   5.1  12.1  14.3  19.6  23.6  25.1  26.6  22.5  14.4   9.5   5.5 
1909   3.5   6.0   8.9 -99.0 -99.0 -99.0 -99.0 -99.0 -99.0 -99.0  13.2  -2.9 
1910   1.8  -0.2  14.6  14.3  16.7  24.0  28.5  27.1  24.9  17.1   9.5   1.1 
1911   3.1   5.6  11.9  14.4  21.5 -99.0  27.9  26.5  26.6  17.3   7.7   2.3 
1912  -4.1   0.2   3.2  14.2  20.9  22.5  28.7  28.2 -99.0  16.3  10.3   2.5 
1913   1.3  -1.8   6.2  15.5  20.2  23.9  28.7  30.2  22.0  14.4  13.0   1.5 
1914   3.3   1.1   8.9  13.5  19.2  28.6  29.5  28.1 -99.0  14.7  10.0 -99.0 
1915 -99.0   6.2   3.4  16.8  18.4  22.9  25.4  22.6  22.8  16.8  11.6   5.1 
1916   0.4   2.7  11.4  13.0  20.8  23.1  27.9  28.2  22.7  16.3   9.5   2.1 
1917   2.8   2.2   9.2  13.8  16.4  23.7  28.0  25.3  21.9  13.0  10.2  -1.2 
1918  -5.6   5.2  14.3  13.1  21.2  27.5  28.5 -99.0  18.7  17.9   8.4   3.7 
1919   2.0   3.3   9.4  13.9  17.8  23.1  27.3  27.2  22.9 -99.0   7.6  -0.5 
1920   0.1   3.5 -99.0  12.0  19.2  22.9  24.9  23.4  22.7  16.5   6.0   3.4 
1921   4.8   5.8  11.8  13.7  20.2  24.0  26.6  27.7  25.4  16.4   9.1   3.9 
1922  -0.1   4.3   8.5  14.2  19.5  24.8  26.0  26.9  23.3  16.3   9.9   4.3 
1923   6.1   1.6   7.0  13.8  17.7  24.1  27.3  29.2 -99.0  13.4   8.8   4.6 
1924  -1.4   3.3   4.0  14.4  16.0  25.4  24.8  27.2  20.0  17.9  10.7  -1.0 
1925  -0.5   6.0  11.6  17.5  18.2  26.9  27.0  26.4  24.3  11.2   8.1   1.7 
1926   2.4   7.1   6.9  11.6  19.9  23.1  25.4  26.2  21.7  16.4   6.3   2.8 
1927   1.4   6.4   8.6  16.1  19.7  22.9  25.5  23.4  21.7  17.0  10.3   0.6 
1928   2.8   3.1  10.0  12.3  19.3  21.6  26.1  26.6  21.2  18.1   8.0   3.2 
1929  -0.8  -2.4   9.9  15.8  17.8  24.0  27.1  28.0  21.9  16.5   4.8   3.3 
1930  -7.3   8.7   7.9  16.7  18.5  23.7  28.0  27.7  23.9  14.6   9.1   2.8 
1931   3.5   7.1   6.2  12.5  17.3  25.8  27.7  25.1  27.1  18.2  12.0   6.0 
1932   2.7   8.2   5.6  16.3  19.4  24.6  28.5  27.4  22.6  15.7   6.4   0.5 
1933   6.3   1.9   9.8  15.2  20.5  27.9  28.5  26.1 -99.0  15.8   9.9   6.2 
1934   3.6   3.9   8.2  15.9  20.0  28.1  31.3  30.7  20.6  17.3  10.4   2.5 
1935   2.8   4.5  12.3  12.6  17.0  22.3  28.8  28.7  21.2  15.8   6.1   1.5 
1936  -0.9  -2.1  11.3  14.3  21.4  26.2  30.6  31.3  25.7 -99.0 -99.0 -99.0 
1937 -99.0   3.2   6.0  14.4  19.2  24.8  27.6  29.5  22.3  15.0 -99.0   2.3 
1938 -99.0   5.6  13.5  15.2  18.6  24.5  27.9  28.7  23.7 -99.0   8.9   3.3 
1939   4.8   2.1  11.0  14.8  21.6  25.5  29.1  27.3  26.4  18.8 -99.0 -99.0 
1940  -7.2   3.3   9.5  14.2  19.5  24.2  26.8  24.8  21.7  19.6   6.9   5.3 
1941   3.2   2.9   5.9  15.6  21.9 -99.0  28.4 -99.0  23.9  17.7   8.5   5.9 
1942   1.9   3.1   9.9  16.4  19.0  24.5 -99.0  25.9  20.6  15.7  10.0   3.8 
1943   1.3   6.1   5.2  16.8  18.2  25.8  28.2  30.4  21.2  14.3   7.9   1.0 
1944   2.3   5.0   7.3  12.6  20.0  25.1  26.1  27.0  21.8  16.8  10.8   1.2 
1945   2.4   4.0  12.1  13.5  18.1  23.2  25.6  26.4  22.2  15.5   9.7   0.0 
1946   2.8   7.5  13.1  17.3  17.8  24.3  28.3  27.5  21.6  17.6   8.7   6.1 
1947   1.8   1.3   5.5  13.9  17.6  24.3  25.0  28.8  23.9  19.8   6.7   4.0 
1948  -1.9   1.9   6.0  18.6  19.5  24.6  26.3  25.0  21.9  14.4   7.6   4.3 
1949  -1.9   3.5   8.4  13.9  20.8  24.9  26.5  23.9  18.8  15.0  10.2   4.0 
1950   2.3   5.4   7.3  13.4  19.6  24.0  23.9  23.3  20.2  18.1   6.1   1.2 
1951   1.6   4.5   6.7  12.6  19.1  22.5  26.1  27.1  20.0  15.1   4.5   2.6 
1952   4.5   6.7   6.8  12.4  19.6  27.4  27.1  28.2  22.0  13.6   7.8   2.7 
1953   3.8   6.1  10.9  12.6  19.7  28.1  26.0  25.8  23.1  16.6   9.1   3.5 
1954   1.6   9.3   8.2  18.7  17.3  25.3  31.3  30.0  25.4  17.2   9.4   4.2 
1955   2.9   3.7   9.3  17.5  20.2  22.6  29.0  26.9  24.4  15.8   6.6   2.4 
1956   0.6   4.4  10.2  13.3  23.1  26.2  29.3  30.2  24.7  18.5   7.8   4.1 
1957  -0.1   6.6   7.6  13.5  19.3  23.5  28.8  26.7  20.0  13.3   7.1   6.1 
1958   2.4   0.6   4.0  13.6  20.5  24.9  26.8  25.9  22.9  15.9  10.4   1.3 
1959   0.1   3.4   9.3  15.1  21.0  23.9  24.8  26.7  22.5  13.9   5.6   5.4 
1960   1.9   0.8   2.8  16.2  18.3  24.5  25.6  26.0  22.9  17.3   9.9   2.1 
1961   0.4   5.5   9.9  13.6  18.2  22.7  25.5  24.5  20.1  16.3   7.8   1.3 
1962  -1.4   5.7   7.5  13.6  23.4  23.5  27.2  26.7  21.1  17.7   8.5   3.1 
1963  -2.6   3.5  10.8  17.2  20.2  26.2  28.1  27.5  23.0  20.3   9.2  -1.9 
1964   3.3   3.0   7.0  17.0  20.9  24.5  29.0  26.2  22.0  14.7  10.5   2.2 
1965   3.5   3.4   3.5  17.9  21.0  24.1  27.1  26.4  22.6  15.4  11.6   7.3 
1966  -0.3   2.9  10.4  13.9  18.8  23.8  29.4  24.7  20.2  14.6  11.3   1.8 
1967   3.3   3.3  12.0  17.7  17.7  24.0  24.5  23.5  19.4  15.5   7.3   3.4 
1968   1.5   2.2   9.5  14.4  17.8  23.8  25.8  25.9  20.4  15.6   6.5   0.7 
1969   0.6   4.4   3.8  15.3  19.7  23.0  28.3  25.9  22.1  13.5   7.5   2.9 
1970  -1.7   5.0   6.0  14.9  20.9  23.6  27.1  28.0  23.3  14.0   7.0   5.3 
1971   0.6   1.8   8.0  15.4  18.5  25.7  26.2  24.7  21.8  17.4   9.1   5.3 
1972   0.8   4.8  11.1  16.6  18.6  24.5  25.5  26.1  23.4  14.7   5.4  -0.2 
1973   0.0   3.0  10.6  12.6  18.3  23.5  26.6  25.7  21.6  17.5  11.0   2.7 
1974  -0.2   5.8  11.7  15.6  21.2  22.4  28.3  25.1  17.5  16.4   8.1   2.8 
1975   3.0   1.6   6.8  14.9  19.8  24.0  26.3  26.7  19.6  16.2   9.6   4.0 
1976   1.9   9.9  10.6  15.7  17.0  23.0  26.0  25.9  21.9  12.5   5.1   1.8 
1977  -3.7   5.9  10.9  16.6  21.4  26.1  28.8  26.7  23.4  15.9   9.5   2.5 
1978  -5.2  -2.8   7.4  16.1  19.1  24.5  28.9  27.1  25.5  16.3   9.2   1.9 
1979  -6.2  -1.7   9.5  14.2  18.7  23.8  26.9  25.9  21.4  17.4   6.3   4.7 
1980   2.0   1.3   7.5  13.6  20.0  26.5  31.0  29.5  24.4  15.0   8.6   4.7 
1981   1.8   5.4  10.0  19.0  18.0  25.6  28.8  25.4  22.9  15.6   9.4   2.2 
1982  -0.6   1.9  10.3  13.2  20.3  22.0  27.5  28.5  23.0  15.6   8.5   5.2 
1983   1.8   4.4   8.0  11.2  18.1  22.4  27.5  29.4  23.0  16.1  10.0  -5.3 
1984  -0.6   6.3 -99.0  12.6  18.7  25.4  26.6  27.0  21.4  15.7   8.4   4.9 
1985  -2.7   0.7  11.2  16.2  20.4  23.8  27.0  27.1  23.1  16.0   6.8  -0.7 
1986   3.8   5.4  11.6  16.4  20.0  25.3  29.2  24.7  23.7  15.2   5.6   3.1 
1987   0.6   6.3   8.9  15.1  22.2  24.5  26.1  27.0  21.2  13.9   9.4   2.7 
1988  -0.5   3.0   7.8  14.2  20.3  24.8  26.8  27.7  22.1  13.8   9.7   4.6 
1989   4.7  -1.5   9.0  15.9  19.0  22.2  25.1  24.9  19.1  16.0   9.5  -2.5 
1990   5.2   6.1   9.7  13.9  18.5  26.3  26.3  26.3  23.7  14.7  11.7   1.1 
