Number= 720552
Name= CENTRALIA-----------
Country= USA---------
Lat=   46.7
Long=  123.0
Height= 56
Start year= 1893
End year= 1990
First Good year= 1893
Source ID= 30
Source file= New
Normals source= Data
Normals source start year= 1961
Normals source end year= 1990
Normals=   3.8   5.7   7.4   9.7  12.8  16.0  18.1  18.4  15.6  11.1   7.0   4.1 
Standard deviations source= Data
Standard deviations source start year= 1941
Standard deviations source end year= 1990
Standard deviations=   2.2   1.5   1.4   1.2   1.2   1.3   1.1   1.3   1.2   1.1   1.3   1.6 
Obs:
1893   1.5 -99.0 -99.0 -99.0 -99.0 -99.0 -99.0 -99.0  13.1 -99.0 -99.0 -99.0 
1894 -99.0 -99.0 -99.0 -99.0 -99.0 -99.0 -99.0 -99.0 -99.0 -99.0 -99.0 -99.0 
1895 -99.0 -99.0 -99.0 -99.0 -99.0 -99.0 -99.0 -99.0 -99.0 -99.0 -99.0 -99.0 
1896 -99.0 -99.0 -99.0 -99.0 -99.0 -99.0 -99.0 -99.0 -99.0 -99.0 -99.0 -99.0 
1897 -99.0 -99.0 -99.0 -99.0 -99.0 -99.0 -99.0 -99.0 -99.0 -99.0 -99.0 -99.0 
1898 -99.0 -99.0 -99.0 -99.0 -99.0 -99.0 -99.0 -99.0 -99.0 -99.0 -99.0 -99.0 
1899 -99.0 -99.0 -99.0 -99.0 -99.0 -99.0 -99.0 -99.0 -99.0 -99.0 -99.0 -99.0 
1900 -99.0 -99.0 -99.0 -99.0 -99.0 -99.0 -99.0 -99.0 -99.0 -99.0 -99.0 -99.0 
1901 -99.0 -99.0 -99.0 -99.0 -99.0 -99.0 -99.0 -99.0 -99.0 -99.0 -99.0 -99.0 
1902   1.4   5.7   6.2   9.1  13.2  14.4  17.0  17.1  13.9  11.5   6.3   3.8 
1903   4.2   2.6   5.4   8.2  12.4  16.8  16.2  17.4  14.1  11.4   6.7   3.6 
1904   3.3   2.5   5.4  11.4  12.0  15.1  18.1  17.9  15.3  12.6   9.4   4.8 
1905   2.3   4.6   9.8  10.5  12.7  15.9  18.0  17.9  15.4   8.8   6.7   3.2 
1906   4.0   4.9   6.2  11.4  12.0  14.6  20.4  17.9  14.6  11.4   6.5   4.4 
1907  -0.8   5.1   5.9   9.2  14.1  15.6  18.0  16.6  14.4  12.3   7.9   4.0 
1908   3.2   4.1   7.0   9.9  10.7  15.4  19.2  17.8  14.3  10.3   8.9   2.5 
1909   0.1   4.5   7.3   8.8  11.2  15.9  16.5  16.9  15.3  11.6   6.9   0.3 
1910   2.3   2.6   9.6  10.0  13.8  14.5  17.3  15.5  13.9  11.2   7.2   4.5 
1911   2.2   2.8   7.5   7.4  11.3  13.8  18.2  17.2  13.6  10.4   6.3   3.6 
1912   3.8   5.3   6.3   8.9  13.7  15.9  18.0  17.2  13.8   9.5   7.0   3.8 
1913   1.2   3.3   5.7   9.6  12.4  16.1  17.7  18.8  14.3   9.5   8.2 -99.0 
1914   5.9   4.9   8.6  10.6  14.0  15.5  18.1  18.0  13.5  13.2   8.2   0.6 
1915   2.3   5.5   9.3  10.9  12.5  15.2  17.8  18.7  13.9  11.4   6.0   3.4 
1916  -2.9   4.7   6.6   9.7  10.7  14.6  16.4  17.0  13.9   8.6   4.8   2.0 
1917   1.5   3.5   4.7   8.3  11.4  14.4  17.1  18.6  14.9  11.2   9.2   6.5 
1918   5.0   3.3   6.6   9.6  11.1  16.5  17.8  17.5  16.2  11.2   7.0   3.6 
1919   3.4   3.7   7.3  10.4  11.3  13.6  17.0  17.6  14.5   9.1   6.0   0.3 
1920   2.3   3.1   6.4   7.7   9.6  14.5  17.6  17.1  13.9  10.1   6.8   4.2 
1921   2.9   5.0   7.5   8.8  11.7  16.0  16.2  17.5  13.1  11.3   7.5   1.8 
1922   0.4   2.5   5.1   7.7  11.4  16.6  18.2  17.8  15.6  12.1   5.3   2.1 
1923   3.3   2.2   6.6  10.6  12.8  16.4  18.9  19.5  16.2  12.2   8.0   4.6 
1924   3.5   7.4   7.1   9.9  14.7  16.5  17.8  17.2  14.9  10.8   6.2   0.9 
1925   4.8   6.4   6.9  10.1  14.5  15.3  18.6  17.7  15.2  10.6   6.9   6.0 
1926   4.5   7.2   9.9  13.3  13.0  17.0  18.9  18.5  13.8  12.0   8.7   4.0 
1927   2.8   5.0   6.2   8.6  10.8  16.6  18.9  18.3  14.9  11.7   7.4   1.3 
1928   3.7   4.8   8.4   9.3  14.5  16.1  19.0  17.9  15.0  11.4   7.4   3.7 
1929   0.7   0.8   7.2   8.1  12.3  15.1  17.6  18.5  15.5  12.7   6.3   5.4 
1930  -2.7   5.8   7.6  11.1  11.4  15.1  16.8  19.0  16.4  10.1   6.3   4.0 
1931   5.6   5.3   7.6  10.6  14.3  15.1  18.6  17.7  15.1  10.6   4.7   3.6 
1932   2.3   3.8   7.2   9.7  11.7  16.3  15.8  17.5  15.2  11.8   8.0   1.8 
1933   2.3   1.7   6.3   8.8  10.4  13.9  16.3  17.7  12.4   9.5   6.4   6.6 
1934   6.3   7.6  10.4  13.2  14.1  15.8  17.5  19.1  15.3  12.0   8.6   4.6 
1935   2.9   5.6   4.7   9.0  11.6  15.8  17.7  18.0  16.2  10.2   4.5   4.1 
1936   4.7   0.7   5.7  11.2  13.7  16.2  17.6  18.5  14.6  12.2   5.7   4.9 
1937  -2.6   3.8   7.9   8.2  12.9  16.5  18.2  17.0  15.6  12.7   8.5   4.8 
1938   4.2   5.9   6.7  10.8  13.0  16.5  19.0  16.7  17.3  11.4   5.6   4.2 
1939   5.0   3.2   7.2  11.0  12.7  14.8  18.2  18.7  15.3  11.7   9.0   6.9 
1940   4.8   6.5   8.9  11.1  14.3  17.1  18.3  18.7  16.7  12.8   5.4   5.1 
1941   5.2   6.8  10.3  11.3  13.1  15.6  20.3  18.2  14.2  11.6   8.0   5.7 
1942   2.7   4.8   7.1  10.4  12.4  14.8  19.1  19.5  16.0  12.1   6.0   5.2 
1943   0.6   5.6   6.1  11.0  11.6  15.2 -99.0  17.2  17.0  11.7   7.4   3.4 
1944   4.1   4.5   6.4   9.8  12.2  15.4  18.3  17.6  16.9  13.2   6.9   2.2 
1945   4.5   5.1   5.8   8.0  13.2  14.7  18.3  18.0  14.6  11.7   6.8   4.4 
1946   4.8   5.3   7.3  10.0  14.9  15.4  18.6  18.5  15.7   9.9   5.6   4.8 
1947   1.5   6.7   9.2  11.3  14.8  15.7  18.3  17.8  16.2  12.2   7.3   5.8 
1948   3.1   4.2   6.6   8.3  12.8  18.4  17.8  17.4  15.5  11.0   6.6   2.1 
1949  -2.5   3.3   7.6  10.6  14.5  15.4  17.2  17.5  16.1   8.9  10.8   3.1 
1950  -3.4   4.1   6.1   8.4  11.1  16.2  17.9  18.6  15.3  10.0   6.4   7.2 
1951   2.9   4.9   4.4  10.6  12.7  17.0  18.2  17.9  16.3  11.2   6.5   2.3 
1952   2.1   4.9   6.3  10.3  12.8  15.1  18.6  18.0  16.3  12.9   5.2   4.8 
1953   6.7   5.3   6.8   8.9  11.9  13.8  17.2  17.6  14.8  11.2   7.4   4.8 
1954   1.9   5.3   4.8   7.6  12.1  13.0  15.3  14.6  13.5   8.6   8.1   3.2 
1955   2.8   3.1   3.8   6.4  10.7  15.2  15.8  16.3  14.0  10.5   4.1   3.4 
1956   3.2   1.5   5.2  10.4  14.2  14.3  18.6  18.0  14.8   9.4   5.7   4.2 
1957   0.3   4.6   7.6  10.9  15.1  16.5  17.0  16.7  17.5  10.9   6.3   6.0 
1958   6.2   8.8   6.7   9.9  15.5  18.6  20.9  19.5  15.3  11.8   6.5   6.8 
1959   4.2   4.6   6.8   9.5  11.6  15.4  18.5  16.6  14.0  10.9   5.9   3.6 
1960   2.3   4.5   6.6   9.5  11.0  14.9  18.5  16.6  14.6  11.1   6.0   3.1 
1961   5.6   6.7   7.6   8.7  12.4  17.5  18.9  19.8  14.1   9.9   5.0   4.0 
1962   2.7   5.5   5.9  10.4  10.6  15.0  17.1  16.8  15.3  11.0   8.1   5.2 
1963   0.4   8.0   6.5   9.1  12.6  14.6  16.6  17.7  17.3  12.0   7.3   5.1 
1964   4.8   5.0   6.6   8.2  11.6  14.6  17.2  16.8  14.7  11.4   5.5   2.1 
1965   4.0   5.9   7.2  10.2  11.5  15.4  19.1  19.0  13.7  12.9   8.7   4.0 
1966   4.1   4.9   7.0  10.4  12.7  15.2  17.2  17.7  16.5  10.7   7.7   6.2 
1967   5.3   5.9   5.7   7.7  12.6  17.9  18.2  21.0  17.4  11.9   7.4   4.3 
1968   3.9   7.3   8.6   8.8  12.8  15.6  19.0  17.0  15.2  10.2   7.0   2.4 
1969   0.2   4.0   7.7   9.3  14.4  18.1  17.6  16.8  15.7  10.3   7.7   5.4 
1970   4.1   6.7   7.7   8.2  12.4  17.2  18.1  18.0  13.7   9.9   6.7   3.2 
1971   4.2   5.2   5.3   9.2  13.2  13.7  18.3  19.7  14.1  10.3   7.0   3.0 
1972   2.1   5.3   8.2   7.7  14.3  15.4  18.5  19.0  14.0   9.7   7.2   2.4 
1973   3.1   5.9   7.8  10.0  13.7  15.6  18.6  16.1  16.2  10.6   5.3   6.2 
1974   2.3   5.1   7.1   9.4  11.3  16.2  17.4  18.7  17.6  11.3   7.6   5.5 
1975   4.1   5.0   6.0   7.4  12.7  15.0  18.4  16.5  16.1  10.3   6.6   5.0 
1976   5.0   4.2   5.5   9.2  13.1  14.5  17.2  16.6  16.3  11.1   7.2   5.0 
1977   2.7   7.6   6.2  10.8  11.1  16.5  17.0  20.3  14.5  10.4   5.4   4.7 
1978   5.2   7.1   8.9  10.1  12.0  17.6  18.8  17.8  14.8  11.8 -99.0   1.5 
1979  -0.1   4.8   8.9  10.0  13.9  15.7  18.8  17.8  17.0  11.9   5.6   6.3 
1980   0.7   5.6   6.7  11.1  12.6  14.3  18.0  17.2  15.6  11.6   7.9   6.7 
1981   5.1   6.5   8.8   9.9  12.9  15.0  17.4  20.3  16.2   9.9   8.1   5.0 
1982   3.7   5.1   6.9   8.6  13.1  17.6  17.3  18.7  16.2  11.4   5.6 -99.0 
1983   6.5   7.6 -99.0  10.3  14.6  15.5  17.7  18.9  14.2  10.7   8.3   1.5 
1984   5.5   6.7   9.1   9.2  11.8  15.3  18.6  18.2  15.5  10.0   6.8   2.4 
1985   2.7   3.9   6.2  10.6  13.4  16.5  20.6  18.7  14.5  10.6   2.4   1.9 
1986   6.7   6.2  10.0   9.3  13.4  17.9  16.8  20.8  14.8  12.7   7.4   5.0 
1987   4.6   7.5   9.0  11.9  14.6  17.9  18.1  19.5  17.2  13.0   8.9   3.6 
1988   4.0   6.7   7.6  10.7  13.1  15.4  18.5  18.4  15.8  13.4   7.6   5.2 
1989   5.0   1.6   6.6  12.0  13.3  17.2  17.4  18.1  16.8  11.5   8.3   5.8 
1990   5.7   4.5   8.7  11.6  13.1  16.2  20.1  19.9  17.6  10.4   7.7   1.2 
