Number= 720505
Name= MURFREESBORO-5N-----
Country= USA---------
Lat=   35.9
Long=   86.4
Height= 167
Start year= 1883
End year= 1990
First Good year= 1883
Source ID= 30
Source file= New
Normals source= Data
Normals source start year= 1961
Normals source end year= 1990
Normals=   2.2   4.4   9.6  14.4  18.9  23.2  25.3  24.7  21.1  14.7   9.5   4.6 
Standard deviations source= Data
Standard deviations source start year= 1941
Standard deviations source end year= 1990
Standard deviations=   2.8   2.6   2.4   1.5   1.5   1.3   1.1   1.2   1.4   1.9   1.6   2.4 
Obs:
1883 -99.0 -99.0   6.2  13.9  17.8  23.4  24.0  22.3  20.6  16.7  10.1   7.2 
1884  -1.1   8.3   8.9  12.8  18.9  22.3  25.1  24.0  23.4  18.4   8.4   4.4 
1885   1.7   1.1   4.5  13.9  16.7  22.8  24.5  24.5  21.2  12.3   8.4   4.4 
1886  -0.6   2.6   7.2  13.9  19.2  22.0  24.2  24.0  21.5  14.8   7.9   1.9 
1887   3.9  10.2   8.0  14.3  20.4  23.3  26.1  25.2  21.7  13.2   8.2   4.2 
1888   3.4   6.0   7.1  15.8  17.9  22.9  25.1  24.4  18.6  12.8   9.7   4.8 
1889   4.9   4.2   8.3  14.6  17.4  21.1  23.8  22.2  19.0  13.0   8.3  12.9 
1890   9.2  10.1   6.2  14.1  16.9  24.8  24.8  22.1  20.3  13.5  10.4   5.4 
1891   4.3   8.4   6.4  14.4  16.9  24.3  22.8  23.2  21.6  14.1   7.5   7.6 
1892   0.6   7.4   6.1  13.2  18.1  24.0  23.5  23.2  18.0  14.5   6.6   2.7 
1893   0.3   4.9   7.3  15.0  17.3  22.8  25.8  23.7  20.7  13.6   7.7   5.1 
1894   6.3   4.2  10.3  14.0  17.1  23.3  22.7  24.3  21.3  13.8   5.8   4.2 
1895   1.0  -1.7   8.7  14.7  17.7  24.4  24.2  24.9  23.1  11.9   9.8   5.6 
1896   3.8   4.7   6.8  17.5  22.1  23.0  25.2  25.3  21.6  13.8  10.9   5.1 
1897   2.1   6.7  11.6  14.1  17.2  24.3  25.6  24.8  23.0  17.9   9.4   5.2 
1898   7.0   4.5  12.1  11.6  20.9  25.4  25.5  24.7  23.1  14.1   6.7   3.1 
1899   3.1  -1.4   8.0  14.1  22.0  26.1  26.0  25.8  19.9  15.8   9.9   2.7 
1900   3.5   2.3   6.9  13.6  18.4  23.4  25.2  26.2  23.3  17.7   8.2   4.9 
1901   3.8   1.9   8.7  10.3  17.2  24.4  27.3  23.8  19.3  13.8   5.3   1.1 
1902   2.2  -1.0   8.8  12.8  21.0  24.2  26.3  25.0  19.6  15.2  11.5   3.8 
1903   3.2   4.5  11.2  13.0  19.2  20.5  25.3  24.7  20.4  14.3   6.6   1.1 
1904   1.6   4.8   9.5  11.4  18.0  23.1  23.8  24.6  21.8  13.9   7.6   4.6 
1905  -0.9  -1.5  11.2  13.6  20.4  24.1  24.3  24.6  21.2  14.8   9.1   3.4 
1906   5.4   3.0   5.7  14.8  18.3  23.8  23.8  25.0  23.2  13.8   8.0   6.0 
1907   9.0   4.2  13.4   9.9  16.3  21.9  25.8  24.7  20.8  13.5   7.0   5.1 
1908   2.9   3.7  11.9  15.2  18.7  23.5  25.0  24.6  20.9  13.3  10.2   6.5 
1909   5.5   7.3   8.3  13.8  18.0  23.6  24.5  25.2  20.0  13.2  12.4   0.7 
1910   3.0   2.0  11.9  13.1  16.7  21.6  25.0  23.9  22.7  15.7   5.7   1.7 
1911   6.4   7.9   9.6  13.2  19.8  25.1  24.1  24.2  24.1  16.6   6.6   7.1 
1912   0.4   1.6   6.4  14.8  19.2  22.0  25.0  24.1  22.5  15.4   6.9   4.1 
1913   7.6   4.0   9.1  13.6  19.0  24.0  26.7  26.1  21.6  14.0  10.7   5.2 
1914   5.7   3.6   6.4  13.8  18.7  26.8  25.7  25.0  20.4  16.0   8.4   2.1 
1915   2.1   6.4   3.5  15.5  20.5  23.4  25.0  23.2  21.8  15.8  11.0   5.2 
1916   7.4   3.9   7.7  12.8  20.4  22.2  25.0  24.9  19.5  14.8   9.1   4.0 
1917   5.0   4.1   8.4  14.5  15.7  22.5  24.9  23.9  20.2  11.4   6.6  -1.0 
1918  -3.2   7.5  12.9  13.2  20.4  24.3  23.8  25.9  17.7  17.2   7.7   7.9 
1919   4.2   4.8   9.4  13.8  18.2  25.0  26.3  24.8  21.6  20.0   9.7   3.7 
1920   3.4   4.1   8.7  13.2  18.3  23.0 -99.0 -99.0 -99.0 -99.0 -99.0   4.4 
1921   5.5   6.5  14.5  14.2  19.0  26.1  26.8  24.8  24.9  13.6  10.3   6.3 
1922   3.3   7.0   9.9  16.0  20.0  24.1  25.1  24.1  22.7  15.6   9.4   7.5 
1923   6.3   3.1   8.7  13.5  18.0  23.2  25.0  24.3  21.4  14.2   7.8   8.9 
1924   0.8   3.3   5.9  13.9  16.0  24.5  24.2  25.9  19.2  15.7   9.3   3.3 
1925   3.9   8.2  10.6  16.7  17.3  25.8  26.1  25.2  26.7  13.7   7.8   2.7 
1926   2.9   6.6   5.7  12.1  18.6  22.3  25.9  25.6  24.2  16.2   6.0   5.1 
1927   4.3   9.6   9.7  16.2  19.8  22.6  25.1  22.5  22.9  15.8  10.9   3.9 
1928   3.3   4.5   8.6  12.1  17.8  22.0  25.3  25.4  19.1  16.5   8.5   4.6 
1929   3.8   1.5  11.5  15.9  18.4  22.9  25.5  24.4  21.6  14.1   7.8   4.6 
1930   2.9   8.1   8.5  15.9  20.3  24.2  28.2  24.7  22.5  13.5   9.0   3.1 
1931   4.4   6.2   5.8  13.1  16.9  23.8  26.5  23.5  24.0  16.9  12.9   9.4 
1932   7.3   9.9   6.0  14.2  18.4  24.2  26.4  25.8  21.0  13.9   6.3   4.6 
1933   7.6   4.3   8.3  13.7  21.3  24.1  24.8  24.0  24.2  14.8   8.2   8.8 
1934   5.2   2.0   7.4  14.1  20.4  24.9  27.3  26.0  20.9  16.1  10.5   3.8 
1935   4.4   5.7  13.0  13.9  19.2  22.3  26.1  26.1  21.2  15.9   9.0   0.7 
1936   0.2   2.1  11.2  12.3  21.1  25.7  26.5  26.7  24.2  15.1   6.3   6.4 
1937   8.7   5.2   6.9  14.2  19.1  24.5  24.9  26.2  20.0  13.8   6.7   3.7 
1938   4.4   9.3  13.4  15.1  19.3  21.8  25.1  25.7  21.2  15.4   9.1   4.7 
1939   6.2   6.9   9.4  12.7  19.0  24.3  25.6  24.4  23.5  17.0   6.8   5.9 
1940  -4.6   4.0   8.2  13.6  16.9  23.4  24.6  25.3  20.3  15.7   8.7   7.5 
1941   4.6   2.0   5.8  15.6  20.2  24.3  25.8  25.3  23.5  19.1   8.3   7.5 
1942   2.4   2.4  10.1  15.4  19.4  24.9  26.2  24.3  20.6  15.4  10.8   4.6 
1943   4.8   6.5   7.2  13.9  20.5  26.3  26.5  26.4  19.4  13.7   7.6   3.7 
1944   4.7   8.2   9.4  13.7  20.8  25.9  25.7  24.9  21.7  14.6   9.1   3.3 
1945   3.1   6.0  15.1  15.5  17.2  23.0  25.0  24.9  23.1  13.9  10.1   2.0 
1946   4.7   6.8  13.9  15.9  18.0  23.1  24.9  22.4  20.0  15.2  11.1   7.5 
1947   6.3   0.5   4.8  15.6  17.4  23.0  22.5  26.8  22.5  18.2   8.1   5.0 
1948  -1.0   5.7  11.0  16.6  18.2  24.1  25.6  23.9  20.9  13.2  10.3   6.6 
1949   7.4   6.6   8.6  12.4  19.5  23.6  25.9  24.0  19.3  17.3   8.4   6.6 
1950  10.4   7.3   8.2  12.1  20.6  23.1  23.4  22.4  20.0  17.1   5.7   1.9 
1951   5.4   6.0   9.5  12.6  18.4  23.7  25.5  26.0  21.1  15.8   5.7   6.9 
1952   7.8   7.3   8.7  13.8  19.6  27.5  27.0  25.7  19.9  11.1   8.0   5.4 
1953   7.6   6.7  10.8  13.1  20.7  26.1  25.4  24.8  21.4  16.0   7.9   4.1 
1954   4.8   8.8   8.4  17.3  16.2  24.5  28.4  27.6  24.2  15.6   8.1   4.2 
1955   3.6   5.8  10.5  16.6  20.5  21.0  26.6  26.1  23.1  14.4   7.7   4.2 
1956   2.1   8.7   9.4  13.6  20.3  23.4  26.0  25.5  20.4  16.8   8.2  10.2 
1957   4.0   8.9   8.5  16.5  20.0  24.5  25.8  25.1  21.8  12.9   9.2   7.4 
1958   1.9  -0.4   6.4  14.4  19.2  23.6  25.8  24.4  21.6  14.4  10.1   2.6 
1959   3.1   6.2   8.4  14.3  20.8  22.8  25.2  25.6  22.2  16.4   7.6   6.5 
1960   4.5   2.7   2.1  15.6  17.7  23.5  25.1  25.6  22.1  15.9   8.8   2.1 
1961   1.1   8.3  10.9  12.3  17.0  21.6  24.4  23.7  22.0  14.9   9.8   5.5 
1962   2.3   8.5   6.8  12.5  22.5  23.1  25.0  25.4  20.5  16.4   8.4   2.1 
1963   0.5   1.6  12.1  15.7  18.9  23.4  24.2  24.4  20.3  17.2   9.2  -0.6 
1964   4.2   2.8   9.6  16.0  19.8  24.1  24.9  24.4  21.4  13.1  10.9   6.4 
1965   4.9   4.9   6.0  16.6  20.5  22.8  24.6  24.8  22.0  14.2  10.6   6.6 
1966   0.4   5.0   9.4  14.3  17.8  22.8  26.2  23.6  20.1  13.3   9.9   4.6 
1967   5.3   2.8  12.5  17.1  17.6  23.0  23.2  22.3  18.7  14.8   6.9   7.6 
1968   2.4   0.5   8.8  14.7  18.2  23.3  25.3  26.1  20.6  14.8   9.0   3.5 
1969   2.4   4.9   5.2  15.4  19.1  23.9  27.1  24.5  20.4  14.5   7.6   2.8 
1970  -0.6   2.8   8.2  15.4  19.7  22.3  24.0  25.0  23.9  15.3   7.8   6.8 
1971   2.7   3.2   6.5  14.1  16.7  24.5  24.1  23.7  22.7  18.7   9.5   8.8 
1972   4.5   4.2   9.5  15.0  18.8  21.4  24.5  23.8  22.8  13.9   7.9   5.5 
1973   2.3   3.9  13.1  13.1  17.1  23.9  25.1  23.8  22.9  17.3  11.0   5.0 
1974   7.7   5.2  12.6  14.2  19.8  20.9  25.0  24.1  18.9  13.5   9.0   4.5 
1975   5.5   6.4   7.3  12.8  20.6  23.1  24.6  25.2  19.0  15.6  10.0   4.6 
1976   1.0   8.8  12.3  14.3  16.5  22.6  24.1  23.0  19.3  11.8   5.2   2.2 
1977  -4.8   3.3  11.9  16.3  20.8  23.9  26.9  25.6  22.4  12.8  10.0   3.5 
1978  -1.8  -1.6   7.2  15.4  18.7  23.8  25.7  25.2  22.8  13.1  11.7   4.6 
1979  -0.6   1.1  10.4  14.6  18.5  22.4  24.4  24.0  20.6  14.5   9.3   4.8 
1980   4.2   1.9   7.3  13.2  18.6  23.3  27.3  26.4  23.0  13.6   8.6   4.7 
1981   0.6   5.0   8.2  17.5  17.2  24.4  25.5  24.0  19.4  14.4   9.9   3.1 
1982   1.0   4.6  11.2  12.3  20.9  22.3  26.0  23.4  19.7  14.9  10.3   8.2 
1983   2.7   5.4   9.2  11.5  17.5  22.4  26.1  27.6  21.3  16.2   9.2   1.3 
1984   0.4   6.5   8.5  13.5  17.7  24.4  24.5  24.0  19.7  18.7   8.5  10.3 
1985  -0.2   2.6  11.1  16.4  19.9  22.7  26.1  24.5  20.4  16.9  13.5   1.1 
1986   2.4   6.9   9.6  15.6  20.0  24.5  27.3  24.4  22.8  15.9  10.1   4.6 
1987   2.5   6.4  11.2  12.6  22.6  24.5  26.2  26.8  21.3  11.2  11.0   6.4 
1988   1.0   3.3   8.9  13.9  18.1  24.0  26.6  26.5  21.1  11.3  10.2   4.6 
1989   6.1   3.9  10.7  13.4  17.6  22.7  25.1  24.3  20.4  15.0   9.4  -1.3 
1990   7.1   9.2  10.9  13.5  18.5  23.4  24.4  25.2  22.3  14.1  11.0   6.5 
