Number= 720583
Name= OCONTO-4W-----------
Country= USA---------
Lat=   44.9
Long=   88.0
Height= 201
Start year= 1890
End year= 1990
First Good year= 1890
Source ID= 30
Source file= New
Normals source= Data
Normals source start year= 1961
Normals source end year= 1990
Normals=  -9.7  -7.7  -1.6   5.8  12.2  17.5  20.6  19.0  14.2   8.4   1.1  -6.4 
Standard deviations source= Data
Standard deviations source start year= 1941
Standard deviations source end year= 1990
Standard deviations=   2.8   2.3   2.4   1.7   1.8   1.4   1.1   1.4   1.2   1.9   1.8   2.6 
Obs:
1890 -99.0 -99.0 -99.0 -99.0 -99.0 -99.0 -99.0 -99.0 -99.0 -99.0 -99.0  -2.6 
1891  -4.8  -6.9  -2.8   6.8  12.2  16.9  17.7  18.6  17.1   8.1  -1.9  -0.4 
1892 -10.0  -4.7  -2.2   6.1  10.7  16.9  20.2  18.4  14.3   8.5  -1.8  -7.9 
1893 -12.4  -9.3  -3.2   4.1  10.4  18.8  20.8  18.1  13.0   7.7  -0.3  -7.7 
1894  -7.3  -8.2   2.2   7.6  11.4  19.3  20.5  17.4  15.2   8.1  -2.3  -1.9 
1895  -9.8  -9.8  -3.1   6.8  13.1  18.1  17.8  18.4  15.9   4.3  -1.4  -4.1 
1896  -6.6  -5.3  -3.3   8.0  16.1  18.1  20.0  20.0  12.0   5.5  -2.0  -3.4 
1897  -7.0  -4.4  -2.7   5.8  11.1  15.5  21.7  17.5  17.1   9.7  -1.3  -7.1 
1898  -5.4  -5.0   1.2   6.4  13.1  17.8  18.6  18.4  16.0   7.4   0.4  -7.3 
1899 -10.6 -11.8  -5.3   8.2  12.8  18.2  20.2  20.5  12.6  10.1   4.2  -5.1 
1900  -4.7  -9.9  -3.9   7.7  13.6  17.1  19.5  23.0  15.8  13.2  -0.9  -3.3 
1901  -7.3 -10.2  -2.4   8.1  12.6  18.4  23.6  21.1  14.1   9.2  -0.4  -6.5 
1902  -6.7  -6.6   2.8   6.6  13.4  15.9  20.8  17.9  13.5   8.0   4.8  -5.7 
1903  -8.3  -6.9   3.3   6.7  13.4  15.9  20.4  17.0  13.8   8.0  -1.5  -9.6 
1904 -12.3 -14.2  -2.2   3.8  12.9  16.9  18.9  17.3  13.8   7.2   1.6  -6.9 
1905 -11.7 -11.0  -0.8   5.8  10.9  17.0  19.0  19.3  15.7   7.3   0.0  -3.1 
1906  -3.8  -8.3  -6.1   7.0  11.8  17.1  19.3  20.0  16.6   6.9   0.1  -4.8 
1907  -9.4  -8.1   0.5   0.9   7.9  16.9  19.5  17.4  13.4   6.3  -0.6  -4.5 
1908  -6.7  -7.4  -1.3   6.1  12.4  17.2  19.9  18.6  16.6   8.7   0.5  -6.8 
1909  -7.5  -6.3  -2.2   2.1  11.0  17.8  19.9  20.2  13.3   5.7   2.9  -7.8 
1910  -8.7  -9.8   4.2   6.9   9.7  18.3  20.8  18.9  13.1   9.2  -2.5  -7.6 
1911  -8.8  -5.3  -0.3   5.5  14.4  19.6  20.0  17.8  13.4   6.5  -3.7  -3.0 
1912 -18.7 -10.7  -5.3   5.6  12.0  16.0  19.2  16.0  14.3   8.3   0.5  -3.5 
1913  -7.7 -11.3  -3.9   5.9  11.4  18.2  19.3  18.5  13.9   7.1   2.2  -0.7 
1914  -5.4 -12.2  -3.4   2.6  13.6  16.5  21.3  18.1  14.3  10.7   1.0  -8.2 
1915  -9.8  -3.8  -2.4   9.5   9.3  14.4  17.6  15.6  13.9   8.1   1.8  -4.6 
1916  -7.0  -9.9  -5.9   5.2  11.5  15.1  23.0  19.7  12.1   7.2  -0.9  -8.7 
1917 -11.2 -13.7  -3.1   3.3   8.6  14.6  20.8  17.2  13.9   3.1   0.7  -9.6 
1918 -14.0  -9.0   1.4   3.4  12.4  16.5  18.7  18.9 -99.0   7.2   1.1 -99.0 
1919  -5.7  -6.3  -0.9   5.5 -99.0 -99.0  23.2 -99.0 -99.0   8.8  -1.1 -12.0 
1920 -99.0 -99.0 -99.0   3.9  11.8  19.4  18.4  19.1  16.7  12.8   1.6  -3.2 
1921  -5.0  -4.4   0.7   9.1  12.7  20.6  24.7  19.6  18.1   9.4  -0.6  -6.2 
1922 -10.4  -8.8  -1.3   5.8 -99.0  18.5  19.9  19.3  15.4   9.4   4.0  -7.3 
1923  -7.4 -11.2  -5.9 -99.0  11.3  20.9  21.4  17.8  15.3   8.2   3.9  -0.3 
1924 -13.1  -6.6  -1.4   4.7   8.7  15.7  18.5  18.7  13.1  11.8   1.8 -10.2 
1925  -8.5  -5.7  -0.2   8.1  10.4  18.0  19.3  19.6  15.1   2.0  -1.1  -7.6 
1926  -8.1  -6.8  -5.3   3.2  12.2  14.9  20.1  18.8  12.4   6.0  -2.5  -8.5 
1927 -10.4  -4.7   1.6   5.3  10.3  15.8  18.7  16.6  14.9   8.3  -0.4  -9.8 
1928  -7.5  -7.6  -2.7   2.0  12.2  14.8  19.9  18.8  11.4   8.1   0.3  -4.6 
1929 -15.9 -13.0  -0.2   6.2  10.4  15.6  20.2  17.5  13.6   7.4  -2.5  -5.8 
1930 -12.6  -4.5  -1.6   4.7  13.1  18.8  20.6  20.2  14.8   7.1   1.5  -4.9 
1931  -4.9  -1.7  -0.8   6.7  11.6  19.6  22.4  18.9  17.8  10.7   4.4  -0.8 
1932  -4.0  -5.8  -4.2   4.7  12.5  19.2  21.0  20.6  14.1   6.5  -2.4  -6.4 
1933  -3.6  -8.5  -2.0   5.1  13.6  22.3  21.7  18.8  16.7   6.3  -2.3  -7.6 
1934  -4.8 -10.4  -3.7   5.4  15.1  19.3  20.2  17.1  13.3   8.4   3.2  -6.5 
1935 -10.5  -6.6  -0.3   5.1   9.9  16.1  23.2  20.1  13.3   7.5  -0.5  -5.9 
1936 -11.5 -15.9  -1.6   3.1  14.8  15.8  24.1  21.5  15.8   6.2  -2.4  -4.2 
1937  -9.9  -7.1  -2.9   4.8  12.6  17.8  21.8  22.2  14.1   5.9  -0.8  -7.1 
1938 -10.3  -5.6   0.9   7.1  11.9  17.4  20.4  20.9  13.1  10.3   1.1  -5.5 
1939  -6.3 -10.6  -2.8   4.3  12.9  18.2  20.5  19.2  14.4   7.0   0.5  -1.8 
1940 -11.4  -7.0  -3.9   3.7  10.3  17.0  20.1  18.0  14.3   8.3  -1.5  -5.6 
1941  -7.6  -7.8  -5.3   7.8  13.7  18.4  20.9  18.9  15.3   8.3   2.2  -1.6 
1942  -7.5  -6.9   0.7   9.2  11.3  17.5  20.1  19.3  13.2   8.1   0.2  -7.8 
1943 -10.3  -7.7  -5.1   4.2  11.6  19.8  21.4  19.8  11.8   8.1  -1.3  -5.1 
1944  -3.3  -6.0  -3.2   4.1  14.3  19.1  20.2  19.9  14.3   7.7   3.1  -7.5 
1945 -10.2  -6.2   4.1   7.5  10.4  16.2  19.7  20.2  15.2   7.9   1.0  -7.9 
1946  -6.8  -7.2   4.2   8.0  11.6  17.5  21.0  18.8  15.3  10.8   3.0  -4.6 
1947  -5.7  -8.3 -99.0 -99.0 -99.0 -99.0  21.0  24.2  16.9  13.7  -0.4  -5.9 
1948 -11.6  -9.0  -2.3   7.5  11.8  17.9  21.5  20.9  17.3   8.9 -99.0 -99.0 
1949 -99.0 -99.0  -1.2   7.2  13.5  20.3  23.0  20.6  13.8  10.9   0.7  -5.5 
1950  -8.4  -7.8  -3.9   2.3  11.6  18.7  18.5  15.7  13.5  10.1  -1.5  -8.3 
1951  -9.5  -7.1  -2.6   5.3  14.8  16.1  20.1  17.0  13.1   8.9  -3.3  -5.2 
1952  -7.3  -4.5  -3.0   8.1  12.1  18.7  21.5  18.9  15.1   5.6   2.0  -2.7 
1953  -5.4  -6.5  -0.5   4.1  11.6  18.3  20.6  20.3  14.8  10.7   3.8  -3.8 
1954  -9.0  -2.4  -2.8   6.4   9.1  18.8  20.2  18.0  13.9   8.0   2.0  -4.6 
1955  -8.7  -7.8  -3.1   8.9  14.2  17.7  22.8  21.9  15.6   9.4  -1.3  -7.9 
1956  -7.3  -7.4  -4.4   3.5  11.3  18.5  18.6  19.1  12.8  11.7   0.5  -4.6 
1957 -11.5  -6.4  -1.5   6.3  11.6  18.1  20.6  18.6  13.4   7.5   0.9  -4.1 
1958  -5.9  -8.6  -0.8   5.6  11.2  15.2  19.6  19.4  14.4   9.0   1.6  -9.3 
1959 -12.2 -10.6  -4.0   5.4  14.7  18.7  20.1  21.5  15.4   6.6  -3.3  -2.4 
1960  -6.4  -6.2  -6.6   6.0  10.8  16.5  18.9  19.9  15.8   8.3   2.7  -6.5 
1961  -8.9  -3.8  -0.1   4.0  10.9  17.8  19.8  19.6  16.0   9.1   1.0  -6.7 
1962 -11.0  -9.4  -2.9   5.2  14.4  16.7  18.6  18.9  13.2   9.3   1.0  -6.0 
1963 -13.3 -11.4  -2.3   6.7  11.1  18.9 -99.0  18.9  14.8  13.0   3.4  -8.7 
1964  -5.7 -99.0  -1.8   6.4  15.1  18.4  21.8  18.1  13.9   7.7   2.7  -6.7 
1965  -8.8  -8.3  -4.2   4.1  13.6  17.2  19.4  18.9  12.9   9.0   1.0  -1.7 
1966 -11.0  -6.3   0.5   4.6  10.4  19.1  22.0  18.9  14.1   8.6   0.2  -5.4 
1967  -6.8 -10.3  -2.3 -99.0   9.5  18.4  19.6  17.5  13.7   7.8  -1.3  -5.2 
1968  -8.4  -8.7   1.8   7.1  11.1  17.6  20.2  18.9  15.9  10.3 -99.0 -99.0 
1969 -99.0 -99.0  -3.4   6.0  11.2  13.6  19.5  20.9  14.3   6.1  -0.8  -6.0 
1970 -13.2  -9.2  -2.9   6.5  11.7  18.6  22.3  20.0  15.1   9.9   1.2  -5.7 
1971 -12.6  -8.3  -4.0   5.3  11.2  20.3  19.2  18.0  15.8  12.2   1.3  -4.4 
1972 -12.4  -9.8  -4.4   3.0  13.8  16.5  19.6  18.8  13.0   6.6   1.3  -8.0 
1973 -99.0  -5.5   3.4 -99.0  10.1  18.5  21.1  20.2  14.9  11.8   1.3  -6.0 
1974  -8.8  -8.8  -1.8   6.2  10.1  15.9  21.3  18.9  11.5   7.4   2.0  -4.1 
1975  -7.1  -7.5  -4.4   2.3  14.8  17.9  21.5  19.5  12.0   9.7   4.3  -5.6 
1976 -10.8  -3.9  -1.3   7.3  10.6  19.4  21.1  18.7  13.2   5.8  -2.2 -11.8 
1977 -14.7  -6.8   2.0   7.8  16.4  17.2  21.7  17.6  14.5   8.3   1.2  -6.9 
1978  -9.9  -9.9  -2.7   4.6  13.5  16.9  19.1  19.4  15.7   7.8   1.1  -7.5 
1979 -13.8 -12.6  -2.4   4.9  10.1  17.0  20.4  18.1  15.0   7.4   1.1  -3.0 
1980  -7.2  -7.4  -3.0   7.0  14.0  16.1  20.8  19.8  13.5   5.8   0.7  -7.9 
1981 -10.2  -5.7   0.9   6.8  10.5  17.4  19.8  19.2  13.4   5.8   2.3  -5.5 
1982 -14.1  -9.1  -2.9   3.5  14.9  14.5  20.5  17.2  13.2   9.7   0.7  -2.1 
1983  -6.1  -3.2  -0.3   4.7   8.6  17.5  22.9  21.5  15.5   9.6   3.0 -11.5 
1984 -10.3  -2.0  -3.8   7.0  10.7  18.7  20.2  20.2  13.7  10.4   2.0  -4.6 
1985 -10.4  -8.4   0.9   7.5  14.4  16.2  19.8  18.4  14.8   8.4  -0.9 -11.9 
1986  -8.6  -8.0  -0.6   8.5  13.9  16.8  20.8  17.1  14.1   7.9  -1.5  -4.4 
1987  -5.6  -3.3   1.4   7.9  13.3  19.7  21.6  18.6  14.8   5.4   2.7  -2.9 
1988 -11.7 -10.0  -1.4 -99.0  13.7  19.6  21.5  20.8  14.9   5.1 -99.0  -6.6 
1989  -5.8 -10.2  -4.8   4.5  11.1  16.3  20.2  18.5  14.0   9.7  -0.5 -12.6 
1990  -4.1 -99.0   0.2   7.8 -99.0  16.9 -99.0  17.9  14.2   7.1   3.4 -99.0 
