Number= 720562
Name= VANCOUVER-4NNE------
Country= USA---------
Lat=   45.7
Long=  122.7
Height= 64
Start year= 1849
End year= 1990
First Good year= 1849
Source ID= 30
Source file= New
Normals source= Data
Normals source start year= 1961
Normals source end year= 1990
Normals=   3.6   5.6   7.3   9.2  12.5  15.5  17.8  17.9  15.3  10.9   6.8   3.9 
Standard deviations source= Data
Standard deviations source start year= 1941
Standard deviations source end year= 1990
Standard deviations=   2.3   1.5   1.3   1.3   1.2   1.2   1.1   1.2   1.2   1.2   1.5   1.6 
Obs:
1849 -99.0 -99.0 -99.0 -99.0 -99.0 -99.0 -99.0 -99.0 -99.0 -99.0 -99.0   1.4 
1850   3.4   5.0   2.9  13.7  15.7  16.3  19.7  19.2  16.4  12.1   6.2   2.1 
1851   5.6   6.1   7.4  11.7  13.9  17.2 -99.0 -99.0 -99.0 -99.0 -99.0   2.7 
1852   5.9   5.7   4.8   8.9  15.4  19.5  18.9  19.2  14.6  12.2   7.3   0.7 
1853   3.2   5.6   8.1  12.3  15.6  17.3  21.6  17.8  15.7  11.9   7.4   5.4 
1854   2.7   3.3   7.2  11.3  14.0  13.8  19.9  18.9  15.8  11.1  11.4   2.7 
1855   5.6   6.5  10.0  10.8  14.2  18.3  14.2  19.8  16.4  13.8   5.6  -2.1 
1856   3.2   6.6  10.3  10.6  15.6  16.4  18.9  17.9  17.1  10.8   6.3   3.1 
1857   1.4   6.3   9.4  13.7  15.6  18.2  19.8  19.4  16.2  12.1   6.2   5.7 
1858   4.1   3.9   7.6  10.4  13.8  18.6  18.8  19.8  17.1   9.7   8.2   3.0 
1859   2.9   4.2   5.4  10.2  13.6  18.6  19.6  18.6  16.1  12.0   4.2  -0.4 
1860   3.2   6.3   8.7  10.1  12.8  17.1  19.1  21.3  17.2  12.6   7.7   4.2 
1861   4.0   6.2   8.5  10.6  12.1  15.8  19.9  19.1  17.5  11.0   6.4   4.5 
1862  -5.9  -1.8   5.4   9.6  13.8  17.7  18.4  19.7  14.8  11.1   5.7   4.4 
1863   4.9   4.1   8.0  10.8  15.0  18.1  22.3  18.9  17.3  10.3   6.7   5.8 
1864   3.6   6.9   8.9  12.2  17.3  16.8  20.3  19.7  15.1  11.2   6.6   2.2 
1865   1.9   3.1   5.1   9.9  15.7  18.2  20.3  20.2  14.6  12.2   8.8   0.7 
1866   1.7   2.8   8.4  10.8  15.0  17.2  18.9  17.8  17.3  12.3   9.3   6.0 
1867   4.9   5.1   2.3  11.4  16.6  17.9  17.9  18.9  15.3   9.8   7.1   4.8 
1868  -5.3   1.9   6.4  10.8  12.9  15.9  19.2 -99.0 -99.0 -99.0 -99.0 -99.0 
1869 -99.0 -99.0 -99.0 -99.0 -99.0 -99.0 -99.0 -99.0 -99.0 -99.0 -99.0 -99.0 
1870 -99.0 -99.0 -99.0 -99.0 -99.0 -99.0 -99.0 -99.0 -99.0 -99.0 -99.0 -99.0 
1871 -99.0 -99.0 -99.0 -99.0 -99.0 -99.0 -99.0 -99.0 -99.0 -99.0 -99.0 -99.0 
1872 -99.0 -99.0 -99.0 -99.0 -99.0 -99.0 -99.0 -99.0 -99.0 -99.0 -99.0 -99.0 
1873 -99.0 -99.0 -99.0 -99.0 -99.0 -99.0 -99.0 -99.0 -99.0 -99.0 -99.0 -99.0 
1874 -99.0 -99.0 -99.0 -99.0 -99.0 -99.0 -99.0 -99.0 -99.0 -99.0 -99.0 -99.0 
1875 -99.0 -99.0 -99.0 -99.0 -99.0 -99.0 -99.0 -99.0 -99.0 -99.0 -99.0 -99.0 
1876 -99.0 -99.0 -99.0 -99.0 -99.0 -99.0 -99.0 -99.0 -99.0 -99.0 -99.0 -99.0 
1877 -99.0 -99.0 -99.0 -99.0 -99.0 -99.0 -99.0 -99.0 -99.0 -99.0 -99.0 -99.0 
1878 -99.0 -99.0 -99.0 -99.0 -99.0 -99.0 -99.0 -99.0 -99.0 -99.0 -99.0 -99.0 
1879 -99.0 -99.0 -99.0 -99.0 -99.0 -99.0 -99.0 -99.0 -99.0 -99.0 -99.0 -99.0 
1880 -99.0 -99.0 -99.0 -99.0 -99.0 -99.0 -99.0 -99.0 -99.0 -99.0 -99.0 -99.0 
1881 -99.0 -99.0 -99.0 -99.0 -99.0 -99.0 -99.0 -99.0 -99.0 -99.0 -99.0 -99.0 
1882 -99.0 -99.0 -99.0 -99.0 -99.0 -99.0 -99.0 -99.0 -99.0 -99.0 -99.0 -99.0 
1883 -99.0 -99.0 -99.0 -99.0 -99.0 -99.0 -99.0 -99.0 -99.0 -99.0 -99.0 -99.0 
1884 -99.0 -99.0 -99.0 -99.0 -99.0 -99.0 -99.0 -99.0 -99.0 -99.0 -99.0 -99.0 
1885 -99.0 -99.0 -99.0 -99.0 -99.0 -99.0 -99.0 -99.0 -99.0 -99.0 -99.0 -99.0 
1886 -99.0 -99.0 -99.0 -99.0 -99.0 -99.0 -99.0 -99.0 -99.0 -99.0 -99.0 -99.0 
1887 -99.0 -99.0 -99.0 -99.0 -99.0 -99.0 -99.0 -99.0 -99.0 -99.0 -99.0 -99.0 
1888 -99.0 -99.0 -99.0 -99.0 -99.0 -99.0 -99.0 -99.0  17.0  11.7   5.6   5.6 
1889   3.6   5.6  10.2  11.9  15.8  20.9  21.5  18.1  15.8  13.6 -99.0   2.4 
1890  -1.3   3.2   7.5  11.3  16.0  13.7  16.5  17.6  16.5  10.4   7.6   5.4 
1891   5.1   2.2   6.6  10.9  14.9  15.5  20.3  20.9  15.5  13.1   8.5   4.6 
1892   3.6   6.0   9.5 -99.0 -99.0 -99.0 -99.0 -99.0 -99.0 -99.0 -99.0 -99.0 
1893 -99.0 -99.0 -99.0 -99.0 -99.0 -99.0 -99.0 -99.0 -99.0 -99.0 -99.0 -99.0 
1894 -99.0 -99.0 -99.0 -99.0 -99.0 -99.0 -99.0 -99.0 -99.0 -99.0 -99.0 -99.0 
1895 -99.0 -99.0 -99.0 -99.0 -99.0 -99.0 -99.0 -99.0 -99.0 -99.0   6.1   4.4 
1896   4.6   7.2   6.2   7.6  10.8  13.9  18.1  16.4  12.9  10.0   1.4   5.4 
1897   2.8   5.3   4.4  10.7  14.3  14.5  15.9  18.5  12.8   9.9   5.3   5.1 
1898   3.0   6.9   5.5   9.8  12.0  14.6  16.7  17.6  14.7   9.2   5.3   2.2 
1899   4.0   3.6   5.8   8.6  10.0  12.9  16.8  14.4  14.8   9.0   9.3   5.3 
1900   5.2   5.3   9.7   9.8  12.8  15.1  16.6  14.9  13.3   9.0   5.7   6.4 
1901   3.3   5.0   7.0   8.3  12.5  12.5  14.7  17.4  12.3  12.5   7.4   4.4 
1902   2.3   6.2   6.6   9.0  12.4  13.7  15.4  15.9  13.5  10.4   6.0   3.8 
1903   4.9   4.2   6.2   8.6  13.0  15.8  16.2  17.0  14.3  11.1   5.8   3.7 
1904   4.5   4.4   5.2  11.3  12.8  15.7  18.4  18.0  14.2  11.6   8.5   5.3 
1905   3.5   5.1   9.7  11.7  12.7  14.9  18.6  18.2  15.8   9.1   5.1   3.5 
1906   5.0   6.2   6.2  11.9  13.3  14.2  20.8  19.3  15.3  11.7   5.9   5.1 
1907   0.0   6.4   6.0   9.6  13.8  15.0  18.4  16.9  15.2  12.3   7.1   5.2 
1908   4.5   4.9   6.6  10.0  10.4  14.2  19.0  17.2  14.3   9.6   7.2   3.0 
1909  -0.7   5.8   7.4   9.2  11.6  15.2  15.8  16.7  15.6  10.5   6.2   1.3 
1910   1.8   3.2   9.9  10.9  14.3  14.5  18.1  16.2  14.4  11.1   6.1   5.0 
1911   2.6   4.4   8.1   8.4  11.5  14.1  18.6  17.6  13.4  10.6   5.9   4.6 
1912   4.3   6.7   6.7   9.1  14.2  15.9  17.6  16.7  14.8   8.9   6.6   4.7 
1913   2.4   3.5   5.8   9.7  13.1  15.3  17.6  18.0  14.8   9.6   6.3   3.1 
1914   6.3   5.3   9.2  11.2  14.8  14.2  18.1  17.9  13.7  12.0   6.3   0.9 
1915   2.4   6.3  10.0  11.7  13.0  15.1  17.3  19.3  15.2  11.3   5.3   4.0 
1916  -2.2   4.3   6.9  10.2  11.3  14.7  15.3  17.3  14.4   9.6   3.6   2.3 
1917   2.7   4.4   4.4   7.9  11.5  14.2  18.2  18.7  15.1  11.6   7.4   8.1 
1918   6.0   4.4   6.9   9.9  11.7  16.7  17.2  17.2  17.2  11.3   5.7   4.4 
1919   3.9   5.0   7.6  10.6  12.4  13.6  17.5  17.9  14.7   8.2   4.7  -1.0 
1920   2.4   4.5   6.2   7.8  11.4  14.1  17.4  18.2  14.1   9.9   5.5   5.5 
1921   4.5   6.5   7.8   9.1  12.6  15.6  16.6  17.3  13.5  11.6   6.8   2.8 
1922   0.3   3.4   5.1   8.1  13.1  16.2  17.5  17.3  15.4  10.9   3.7   2.0 
1923   5.6   2.0   6.8  10.7  12.7  14.5  17.4  18.7  15.8  11.1   7.3   4.4 
1924   1.9   8.0   6.4  10.1  14.8  15.7  17.1  17.1  15.5  10.6   4.8   0.6 
1925   5.6   7.3   7.3  10.8  14.6  15.3  18.6  16.3  15.1  10.8   5.6   6.2 
1926   4.2   8.0  10.2  13.6  13.2  16.8  18.4  17.5  13.9  11.8   7.1   3.7 
1927   2.6   6.4   6.8   9.6  11.6  15.4  17.9  17.9  14.3  10.6   7.8   2.4 
1928   2.1   5.6   9.1   9.4  15.1  14.5  18.1  17.5  14.8  10.9   6.5   3.8 
1929   0.6   1.3   7.6   8.6  13.2  14.7  17.8  18.4  15.5  12.5   4.7   6.5 
1930  -3.5   7.4   8.8  12.6  11.8  14.9  17.5  18.8  15.8  10.2   5.7   4.1 
1931   5.8   6.5   8.3  11.7  15.9  15.5  18.9  18.4  15.5  11.1   4.7   3.5 
1932   3.4   4.8   8.1  10.9  13.3  16.9  16.9  18.0  16.9  12.1   7.5   2.5 
1933   3.6   2.8   7.1   9.8  11.5  14.8  18.2  18.6  13.9  12.5   6.8   7.1 
1934   7.1   8.6  11.2  13.7  14.6  15.8  17.3  19.1  15.8  12.5   8.6   5.8 
1935   3.4   6.7   5.7   9.6  13.2  16.2  17.8  18.5  18.0   9.7   4.0   4.4 
1936   5.5   0.5   5.8  11.9  14.5  16.6  17.7  18.8  15.7  12.8   5.1   5.5 
1937  -2.2   4.0   8.4   8.5  13.1  16.4  18.2  17.5  15.9  13.3   8.2   5.5 
1938   4.2   5.2   6.9  11.1  13.7  16.3  19.0  16.9  18.0  12.4   5.4   5.6 
1939   5.5   4.2   8.0  11.6  14.1  14.5  18.4  18.8  16.4  12.0   7.6   7.1 
1940   4.3   7.5   9.5  11.1  15.0  17.4  18.4  19.4  17.2  13.3   5.1   5.8 
1941   5.0   7.8  10.6  11.8  13.7  15.3  20.4  18.4  14.6  11.8   8.1   5.8 
1942   1.1   5.9   7.2  10.8  12.6  14.6  19.2  19.0  16.7  12.4   5.9   6.1 
1943   0.5   6.3   6.7  11.8  12.3  14.4  17.5  17.2  17.9  12.2   6.9   4.1 
1944   3.9   5.5   6.7   9.8  13.2  14.9  17.9  17.7  17.3  13.8   6.7   3.5 
1945   5.5   6.7   6.3   9.4  13.7  14.9  18.7  18.1  14.9  11.7   6.6   4.4 
1946   4.7   6.1   7.4  10.0  14.5  14.8  18.0  18.0  15.6   9.4   5.7   5.1 
1947   2.7   7.7   9.6  11.9  14.8  14.8  17.4  16.8  16.4  11.7   7.2   6.0 
1948   3.9   4.6   6.0   8.4  12.3  16.8  17.0  16.7  15.5  10.8   5.8   2.8 
1949  -2.2   3.7   7.0  11.4  14.5  15.4  17.2  18.1  17.6   8.9   9.2   4.9 
1950  -2.9   3.8   6.3   8.9  12.2  15.8  17.9  19.6  16.5  10.4   7.1   7.6 
1951   3.6   6.1   4.9  11.8  13.5  16.8  18.3  17.7  17.5  11.3   6.4   3.1 
1952   1.8   5.0   6.1  10.6  13.3  14.3  18.6  18.4  17.4  14.4   4.1   5.1 
1953   8.1   6.6   7.2   9.2  12.2  13.4  17.8  18.0  16.5  12.1   8.3   6.0 
1954   3.4   5.8   6.0   8.9  13.0  13.1  15.6  15.8  15.2  10.8   8.8   4.9 
1955   3.7   4.5   4.4   6.8  10.7  14.8  15.5  17.0  15.5  11.3   4.4   4.1 
1956   4.3   1.9   6.3  10.9  14.7  13.9  18.9  17.5  15.6  10.0   5.2   4.5 
1957  -1.1   5.4   7.2  10.5  14.3  15.4  17.2  16.7  18.5  10.8   5.9   6.4 
1958   6.2   9.3   7.0   9.9  15.9  17.4  20.1  20.1  16.5  12.8   6.7   6.4 
1959   4.6   5.3   7.3  10.1  12.0  15.4  18.7  17.2  14.7  11.7   5.9   4.1 
1960   1.3   5.5   6.5   9.8  11.2  15.6  18.9  16.9  15.8  12.0   6.8   3.5 
1961   6.2   7.6   7.7   9.2  12.9  17.5  19.3  20.0  14.5  10.7   5.0   4.4 
1962   2.8   5.3   6.2  10.9  10.8  14.7  17.3  17.2  16.8  11.9   8.1   5.8 
1963   1.2   8.9   6.9   8.9  13.5  14.4  15.8  17.6  17.5  12.0   7.1   3.7 
1964   4.6   5.0   6.3   7.9  11.1  13.6  16.9  16.6  14.4  11.3   4.4   2.6 
1965   3.7   6.6   7.9  10.6  11.3  15.2  19.2  18.7  15.3  13.1   8.7   4.1 
1966   4.0   5.5   7.0  10.3  13.1  15.6  16.9  17.4  16.0  10.8   7.8   6.2 
1967   6.5   5.9   6.1   7.5  12.8  17.0  18.3  20.2  17.7  11.8   7.9   4.5 
1968   4.8   7.8   9.0   8.6  12.7  15.2  17.9  16.9  15.5  10.5   7.4   2.8 
1969  -0.1   3.8   7.5   9.4  14.3  18.0  17.9  16.6  16.1  10.4   7.8   5.2 
1970   4.3   7.0   7.1   7.8  12.1  17.2  18.0  17.8  13.6  10.0   7.9   4.0 
1971   4.1   5.7   5.3   8.5  12.7  13.6  18.7  19.4  14.0   9.9   7.0   3.8 
1972   3.1   5.0   8.3   7.5  13.9  15.3  19.1  19.1  13.6  10.0   7.0   1.8 
1973   2.9   5.5   7.2   9.3  13.2  15.2  18.1  16.0  15.4  10.2   5.6   6.3 
1974   1.8   5.1   6.8   8.8  10.8  15.7  16.9  17.9  16.7  10.5   7.4   5.4 
1975   4.4   4.1   5.6   6.5  11.9  14.4  18.0  15.5  15.6  10.3   5.9   4.5 
1976   4.4   4.2   5.3   8.1  11.8  13.3  16.5  15.9  15.2  10.1   7.4   4.0 
1977   0.9   6.1   6.0  10.1  10.7  15.9  16.8  19.6  14.0  10.1   5.6   5.2 
1978   4.4   6.5   8.6   9.4  11.2  16.7  18.2  17.5  14.4  10.7   2.9   1.1 
1979  -1.9   4.3   8.3   9.1  13.0  15.5  18.2  17.5  16.1  11.9   5.4   5.9 
1980   0.8   4.8   6.5  10.4  12.3  13.7  18.1  16.5  15.1  11.3   8.0   5.5 
1981   5.3   5.6   8.1   9.1  12.3  14.5  16.9  19.0  15.6  10.0   8.3   5.7 
1982   3.3   5.1   6.9   7.6  12.3  16.6  17.1  17.8  15.1  11.0   5.6 -99.0 
1983   5.9   7.4   9.1   9.4  14.0  14.7  16.8  18.1  13.6   9.9   8.4   0.9 
1984   4.9 -99.0   9.1   8.4  11.6  14.4  17.6  17.4  14.9   9.7   6.9   2.4 
1985   1.2   3.5   6.1  10.0  12.3  15.4  20.1  17.1  13.5   9.9   2.3   0.3 
1986   5.9   6.1   9.9   9.0  12.9  17.5  16.6  20.2  14.7  12.0   7.3   3.7 
1987   3.7   6.5   8.3  11.0  14.4  16.8  17.5  18.8  16.2  12.3   8.0   3.3 
1988   3.7   6.0   7.5  10.5  12.3  15.4  18.2  17.5  15.5  13.3   7.7   4.6 
1989   5.2   1.6   6.7  11.8  13.3  17.0  17.2  17.4  16.4  11.1   8.0   4.2 
1990   5.8   4.5   8.9  11.4  12.4  16.2  19.7  19.5  17.4  10.1   7.6   0.8 
