Number= 720542
Name= FREDERICKSBURG-NATIO
Country= USA---------
Lat=   38.3
Long=   77.5
Height= 27
Start year= 1893
End year= 1990
First Good year= 1893
Source ID= 30
Source file= New
Normals source= Data
Normals source start year= 1961
Normals source end year= 1990
Normals=   0.5   2.4   7.6  12.5  18.0  22.5  24.8  23.9  20.3  13.8   8.6   3.1 
Standard deviations source= Data
Standard deviations source start year= 1941
Standard deviations source end year= 1990
Standard deviations=   2.4   2.3   2.2   1.4   1.2   1.1   1.0   1.0   1.3   1.8   1.5   2.3 
Obs:
1893 -99.0 -99.0 -99.0 -99.0  17.5  22.9  25.4  23.6  18.9  12.6   5.6   3.6 
1894   3.6   3.1   9.5  12.0  19.4  23.1  25.4  23.1  21.5 -99.0 -99.0 -99.0 
1895 -99.0 -99.0   5.1  12.0  16.1  23.1  22.1  24.2  22.5  11.5   8.9   4.5 
1896   2.2   3.6   4.3  13.7  20.1  21.6  24.8  24.3  19.7  12.6  10.5   2.7 
1897   0.4   3.8   8.2  11.9  16.4  21.3  24.6  23.5  20.9  14.4   8.0   4.3 
1898   3.2   2.6   8.9  10.3  18.1  23.5  25.5  25.1  22.1  14.6   6.9   3.2 
1899   2.1  -1.6   5.9  12.2  17.9  23.3  24.4  23.8  19.4  14.5   7.4   3.5 
1900   2.5   1.9   4.1  11.8  17.1  22.2  25.3  26.6  23.4  16.8   9.5   3.0 
1901   3.2   0.6   7.7  10.0  17.0  22.3  26.6  24.0  19.3  12.9   4.5   1.4 
1902   0.6   0.0   7.7  11.3  18.4  22.3  24.8  22.5  19.0  14.4  10.6   2.9 
1903   1.1 -99.0  10.1  11.4  17.7  20.0  25.1  23.2  19.5  13.5   5.5   0.2 
1904  -1.3  -1.1   6.1   9.6  17.0  22.2  23.9  22.8  19.8  12.1   5.9  -0.2 
1905  -0.5  -3.4   7.4  11.8  18.2  22.3  24.7  23.1  19.6  13.8   6.9   3.2 
1906   5.2   2.4   3.1  12.4  17.3  22.8  24.2  24.9  21.9  13.4   8.3   3.5 
1907   3.7   0.1   9.3   8.5  15.3  18.9  24.8  23.0  21.3  11.5   6.9   4.2 
1908   1.8   0.3   8.7  13.2  18.2  22.5  25.6  23.3  19.4  14.5   8.0   3.6 
1909   3.2   7.4   5.8  12.3  17.4  23.9  24.2  23.3  19.1  11.5  10.4  -0.5 
1910   1.7   2.1  10.7  14.1  16.7  21.3  25.5  23.7  21.5  15.4   4.3  -1.2 
1911   4.2   4.2   6.1  10.0  20.2  23.1  25.8  24.9  21.4  13.9   7.2   5.1 
1912  -3.2  -0.2   5.1  13.5  17.7  22.2  24.3  23.6  21.1  14.8   8.2   4.6 
1913   6.8   3.2   9.6  12.5  17.5  22.4  25.5  23.3  19.2  14.5   8.5   4.5 
1914   4.0  -0.6   4.5  11.8  18.5  23.6  24.3  24.9  18.5  15.3   7.9   0.8 
1915   2.1   4.3   3.0  14.4  16.7  21.7  24.4  23.3  21.1  14.9   8.1   1.6 
1916   5.3   2.3   4.0  11.4  18.6  20.9  24.9  23.9  18.6  13.8   7.9   2.2 
1917   2.3   1.9   6.4  11.9  14.8  22.4  24.7  23.6  17.4  11.2   5.8  -2.3 
1918  -4.4   3.8   8.9  11.0  19.8  21.6  23.2  24.9  17.0  15.8   7.5   5.4 
1919   3.4   2.9   8.3  11.7  17.6  22.9  25.1  23.3  20.3  18.3   8.1   0.7 
1920  -0.1   0.8   6.9  11.6  15.0  21.6  23.7  23.9  20.3  15.8   6.8   3.7 
1921   3.0   4.6  13.1  14.9  16.1  22.8  26.0  23.1  23.2  13.8   9.1   3.9 
1922   0.1   3.9   7.7  12.9  17.9  23.6  24.7  22.6  20.4  15.3   8.5   4.0 
1923   2.9   1.0   8.0  11.6  16.1  23.8  24.1  23.5  20.4  13.0   6.6   7.5 
1924   2.0   1.4   5.8   9.8  15.2  22.1  23.3  24.0  17.5  13.5   8.1   3.3 
1925   1.3   6.9   8.1  13.6  14.8  24.7  25.3  22.4  23.0  11.7   6.9   3.0 
1926 -99.0   3.6   4.7  11.5  18.1  22.4  26.1  26.0  21.4  14.7   6.8   1.7 
1927   1.9   6.3   9.2  10.8  18.0  21.8  25.9  22.7  21.1  15.7  10.9   3.7 
1928   3.3   4.3   6.9  11.1  16.7  22.8  25.7  25.1  18.0  15.2   9.2   3.6 
1929   2.8   2.0  10.5  14.2  17.8  22.7  25.1  24.2  21.0  13.0   9.4   4.4 
1930   3.5   5.9   7.0  11.9  19.1  23.6  27.3  24.6  24.4  13.6   7.8   1.6 
1931   2.6   3.8   4.3  11.4  17.4  23.2  26.5  24.4  23.2  16.3  12.1   7.4 
1932   8.3   6.9   5.3  11.3  17.4  23.3  25.6  25.5  21.1  14.8   7.2   4.5 
1933   6.2   4.4   5.7  12.2  19.2  23.6  24.7  24.9  22.6  13.6   7.5   4.5 
1934   4.3  -2.5   5.3  11.9  17.8  24.5  26.6  23.2  21.2  14.5   9.8   3.5 
1935   0.7   2.7   9.9  10.3  16.1  22.8  26.3  24.8  19.5  14.6  10.2  -0.1 
1936  -0.4  -1.5  10.1  10.9  18.8  23.1  26.0  25.7  22.3  15.5   7.3   4.1 
1937   7.0   3.6   5.4  11.9  17.8  23.8  24.9  25.0  18.5  13.1   7.5   3.1 
1938   2.2   5.9   9.9  13.5  17.2  22.2  25.4  25.5  19.8  13.8   9.8   3.1 
1939   3.5   5.7   8.1  11.3  18.6  24.0  24.1  25.2  22.0  14.7   6.6   4.4 
1940  -4.8   2.7   4.5   9.9  17.3  23.4  24.6  23.1  18.5  13.5   8.3   5.7 
1941   1.1   1.1   3.6  14.0  18.4  22.7  25.5  23.7  22.1  17.9   8.7   5.0 
1942   1.1   1.3   7.7  13.8  19.3  23.1  25.7  23.3  20.5  15.0   9.2   1.6 
1943   2.9   4.1   6.8  10.2  18.9  25.6  25.6  25.7  19.7  12.9   7.6   2.7 
1944   2.7   3.4   5.7  11.5  20.7  24.5  25.3  23.5  20.9  13.2   7.6   1.1 
1945   0.0   3.7  12.7  14.0  16.1  22.6  24.0  23.0  22.3  13.5   9.2   0.4 
1946   2.8   4.7  10.7  12.4  17.6  21.9  23.5  21.8  20.5  15.7  10.6   5.5 
1947   5.6  -0.1   2.7  13.3  17.8  21.6 -99.0 -99.0 -99.0  18.5   7.4   2.6 
1948  -0.9   4.0   9.2  14.0  18.4  23.5  25.5 -99.0  20.8  13.0  10.9   4.5 
1949   7.2   6.6   7.2  12.3  18.2  23.3  26.8  24.8  19.1  15.8   8.7   4.8 
1950 -99.0   4.0   5.1  11.2  17.9  22.3  23.9  23.6  19.3  15.6   7.8   1.1 
1951   4.1   3.5   6.2  11.9  17.3  22.7  24.8  23.7  20.5  15.7   5.4   4.5 
1952   4.7   4.1   5.6  12.8  17.8  24.1  26.2  24.3  19.6  11.9   9.4   3.0 
1953   4.4   5.0   7.5  12.8  21.0  22.9  26.5  24.6  21.5  15.7   8.9   5.0 
1954   3.1   6.2   7.0  14.7  16.5  23.2  25.0  24.1  22.5  16.3   6.5   2.2 
1955   1.3   2.5   8.4  14.6  18.7  20.3  26.1  24.2  18.4  13.3   6.3   0.1 
1956   1.8   5.5   6.0  11.8  17.7  23.0  23.9  22.9  18.7  14.1   6.2   8.4 
1957   1.1   5.9   7.4  14.7  18.8  23.4  24.6  22.5  20.7  10.8   8.1   4.8 
1958   1.3   0.1   5.0  13.1  17.8  21.9  26.2  24.0  20.3  14.0   9.6   0.1 
1959   1.1   4.3   7.3  14.8  20.0  22.6  24.9  25.1  22.2  16.0   8.2   5.3 
1960   3.8   3.9   1.4  15.7  17.2  22.9  24.3  25.2  21.1  14.7   9.2  -0.2 
1961  -0.7   4.1   8.8  10.8  16.0  21.6  24.6  24.2  22.7  14.2   9.6   2.0 
1962   1.3   1.6   5.5  12.8  20.4  22.2  22.5  22.9  18.4  14.5   6.4   0.6 
1963   0.0  -0.8   9.1  13.8  17.9  21.9  24.1  23.0  18.5  14.9   9.0  -0.8 
1964   2.5   2.3   8.2  12.1  18.4  22.4  25.0  22.5  20.0  11.5   9.7   5.2 
1965   1.5   1.7   5.2  11.3  20.3  20.9  23.9  24.0  21.2  12.6   8.7   3.8 
1966  -0.2   1.7   7.3  10.9  17.2  22.8 -99.0  24.2  19.8  13.2  10.3   4.0 
1967 -99.0 -99.0 -99.0 -99.0 -99.0 -99.0 -99.0 -99.0 -99.0 -99.0 -99.0   4.0 
1968  -0.3  -0.3   9.5  12.9  16.5  23.2  25.0  25.2  19.9  14.7   8.9   1.8 
1969   0.5   1.9   5.1  13.9  18.5  23.7  25.0  23.2  19.8  13.6   7.1   1.2 
1970  -1.7   2.4   5.5  12.6  19.4  23.0  24.9  24.2  22.6  15.6   8.5   3.7 
1971  -0.4   3.2   5.9  11.7  16.8  23.4  24.5  23.4  21.4  17.5   8.4   7.1 
1972 -99.0   1.8   7.6  11.7  17.4  21.0  24.9  23.8  20.8  12.5   7.1   6.5 
1973   2.4   2.4  10.1  12.5 -99.0  24.2  25.5  24.7  21.7  15.5 -99.0 -99.0 
1974   5.6   3.2  10.0  14.5  18.3  20.5  24.6  23.5  18.9 -99.0   7.6 -99.0 
1975 -99.0   2.6   6.0  10.3  18.7  22.0  23.6  24.2 -99.0  15.5  11.2   3.3 
1976   1.1   8.1   9.9  13.3  17.3  22.7  23.5  22.8  19.3  11.6   4.7   1.6 
1977  -4.7   3.2  10.2  13.8  18.9  21.9  26.9  25.3  21.4  13.1 -99.0   2.3 
1978  -1.3  -3.0   5.7  12.3  17.3  22.5  24.0  25.0  21.3  13.6   9.2   4.8 
1979   1.4  -3.2   9.3  12.8  18.3  20.6  23.6  24.1  20.1  12.8  10.2   4.3 
1980   1.0  -0.1   6.4  12.9  18.3  21.4  25.9  25.7  22.6  13.5   6.3   2.5 
1981  -1.6   4.5   5.8  15.0  16.8  24.4  24.7  22.4  19.4  12.2   8.4   1.7 
1982  -1.6   3.5   7.1  11.8  19.8  21.7  25.1  22.2  19.6  13.0   9.4   5.8 
1983   1.4   2.7   7.9  11.1  17.1  22.7  25.5  25.9  20.8  13.0   8.2   0.4 
1984  -2.1   5.2   4.4  11.1  16.8  23.5  23.9  24.4  18.8  17.1   7.5   7.2 
1985  -0.4   3.6   8.8  15.0  18.9  22.1  25.0  24.0  20.9  15.1  12.0   1.9 
1986   1.4   2.7   8.0  13.5  18.7  23.9  26.4  23.0  20.8  15.5   7.3   3.0 
1987   0.6 -99.0   8.6  11.9  18.5  24.0  27.1  24.9  21.8  11.3   9.7   4.8 
1988  -1.5   3.7   8.2  12.0  17.8  22.1  25.7  25.2  18.3  10.0   7.4   1.9 
1989   3.2   2.5   6.4  10.7  15.6  22.8  23.6  22.1  18.9  14.5   9.0  -2.7 
1990   6.0   7.1  10.0  12.5  17.0  22.2  25.3  22.9  18.7  14.4   9.2   5.7 
