Number= 722080
Name= CHARLESTON, S. CAROL
Country= UNITED STATES
Lat=   32.9
Long=   80.0
Height= 15
Start year= 1823
End year= 2011
First Good year= 1823
Source ID= 10
Source file= Jones+Anders
Jones data to= 2001
Normals source= Data
Normals source start year= 1961
Normals source end year= 1990
Normals=   8.4  10.0  14.2  18.0  22.4  25.7  27.4  27.0  24.5  19.1  14.5  10.4 
Standard deviations source= Data
Standard deviations source start year= 1941
Standard deviations source end year= 1990
Standard deviations=   2.7   2.4   2.0   1.1   1.0   1.2   0.9   0.7   1.1   1.7   1.9   2.1 
Obs:
1823   9.2   6.2  13.9  18.6  23.9  24.4  27.3  26.6  24.7  19.1  13.8  10.5 
1824  11.6   9.7  16.1  18.1  23.7  26.5  28.2  26.7  24.4  20.2  14.6  10.9 
1825  10.2  11.6  16.3  17.0  22.7  26.3  27.8  28.7  25.2  21.6  14.5  11.1 
1826   9.9  11.6  14.6  20.7  23.2  27.3  27.6  27.2  22.3  17.1  12.3  11.1 
1827   7.2  15.5  16.9  20.6  23.2  25.1  28.5  27.1  24.8  19.3  14.5  11.1 
1828  16.4  18.2  17.8  18.4  25.2  30.0  28.2  28.2  25.7  20.3  17.2  15.4 
1829  10.8   8.0  12.0  17.6  19.0  28.1  28.9  29.1  25.4  19.3  14.5  11.1 
1830  13.2  12.5  17.3  19.6  23.8  26.3  28.4  28.1  27.5  23.4  20.4  13.6 
1831   7.6   9.1  15.4  20.3  22.1  26.4  26.9  27.4  25.7  22.1  17.4   5.3 
1832  10.6  14.7  14.8  18.2  24.2  24.7  26.8  26.4  24.8  19.4  14.6  11.7 
1833  11.0  12.8  14.2  18.4  23.2  26.3  27.8  27.3  25.8  18.8  13.8  10.1 
1834   9.5  15.3  15.0  18.8  23.4  28.9  29.4  28.2  25.8  20.9  14.8  11.3 
1835   9.2   7.3  14.1  18.7  26.0  27.9  28.1  28.8  24.1  19.5  18.3  10.6 
1836  10.5  10.0  13.1  19.9  23.9  26.9  28.8  30.2  28.1  17.0  10.7   8.7 
1837   6.7  10.7  13.7  16.8  22.8  26.1  30.1  29.0  25.7  22.1  16.8  12.8 
1838  12.7   8.3  14.2  19.5  21.7  26.8  30.4  28.8  26.0  19.0  13.8   9.5 
1839   9.5  11.6  14.2  19.2  23.8  28.2  28.1  27.6  25.2  21.2  13.5   9.0 
1840   8.7  15.0  15.9  20.4  25.6  25.9  25.9  27.1  25.9  21.3  13.5   7.9 
1841  12.2   9.3  14.4  18.2  22.1  26.5  27.9  27.1  25.7  16.8  15.9  11.8 
1842  13.3  12.7  17.2  20.3  22.5  26.0  25.3  23.3  25.6  18.7  11.8   9.8 
1843  12.3   9.1   8.9  16.2  21.4  25.0  27.0  26.0  25.4  18.7  14.2  11.4 
1844   8.4   9.8  13.5  18.4  24.4  25.6  27.3  26.1  23.8  18.8  16.5  11.2 
1845  11.0  10.9  15.0  20.6  21.2  25.3  26.8  25.2  23.6  17.7  12.6   5.7 
1846   8.9   9.7  13.6  17.3  22.9  23.2  26.2  27.7  25.8  19.2  14.9  11.3 
1847  10.8  12.2  12.2  18.6  19.8  25.6  25.3  26.8  23.8  20.1  16.5  10.0 
1848  10.7  10.8  14.3  17.2  22.7  24.9  25.4  25.7  23.4  19.3  11.6  15.3 
1849   9.6   9.3  15.1  17.7  21.9  24.3  25.9  26.1  22.7  19.7  15.8  15.3 
1850  13.4  10.5  13.8  17.2  22.4  25.6  28.1  27.4  24.8  18.5  15.2  10.7 
1851  10.4  14.1  15.6  18.6  22.9  25.9  27.7  27.3  23.1  19.6  13.8   9.3 
1852   6.5  12.4  16.0  17.9  23.8  25.3  27.2  26.2  23.9  21.4  15.0  13.9 
1853   9.4  12.5  15.1  20.0  23.3  26.3  28.1  26.9  24.3  18.7  16.1   9.7 
1854  11.0  12.4  17.8  17.8  22.9  25.1  27.6  27.8  25.6  19.6  13.2   9.1 
1855  10.6   8.3  12.7  18.5  22.8  24.7  27.7  27.8  26.3  18.3  17.0  11.8 
1856   4.1   8.7  11.7  18.4  22.7  27.5  28.3  27.7  23.7  18.6  15.2   9.5 
1857   5.4  14.7  12.0  14.6  21.7  26.3  25.7  26.8  24.4  17.4  14.3  14.3 
1858  13.2   8.8  13.3  18.6  22.8  26.3  27.3  27.4  23.2  21.2  11.7  14.3 
1859  10.4  13.2  16.4  18.1  21.9  25.6  26.6  25.6  24.6  18.3  15.6  11.6 
1860  10.9  12.9  15.5  20.9  24.3  26.7  28.9  27.9  25.5  20.6  14.3   8.5 
1861  10.7  12.7  14.0  17.1  22.2  26.0  28.0  26.8  24.3  20.4  14.5  11.1 
1862  11.8  12.6  14.5  17.3  23.4  26.2  28.1  27.3  26.3  20.3  14.1   8.9 
1863  10.7  14.1  13.2  18.5  23.4  26.1  28.1  26.6  25.7  19.2  13.0   9.1 
1864  12.2  13.5  14.6  18.0  22.7  26.1  29.3  28.1  24.1  20.4  14.9  10.2 
1865   7.4  10.4  14.9  20.4  21.8  26.5  29.7  26.6  26.3  19.5  15.0  14.4 
1866  10.5  11.4  15.7  20.9  23.3  26.1  27.9  27.0  25.7  19.4  13.4   9.4 
1867   7.9  14.4  13.9  18.8  22.5  25.3  27.6  26.6  25.2  19.3  15.9  12.2 
1868  10.1   9.1  15.1  17.7  23.2  25.4  28.1  27.3  26.4  19.9  13.6   8.4 
1869  12.3  12.8  14.1  18.8  21.6  27.1  29.0  28.2  25.1  20.0  13.5  12.3 
1870  12.1  10.7  13.0  17.4  22.4  25.4  29.2  27.9  24.7  20.9  15.6   9.3 
1871   3.4  12.6  16.9  19.7  22.7  26.9  27.8  26.4  22.6  20.3  14.5   9.2 
1872   7.3   9.0  11.2  18.2  23.7  26.6  29.4  27.7  25.3  18.2  12.0   7.3 
1873   8.2  11.5  11.5  17.9  22.6  25.4  27.1  26.7  24.1  17.3  12.2  10.0 
1874   9.4  10.1  15.2  18.3  21.7  26.9  25.9  25.9  24.1  18.8  14.3  10.8 
1875   7.8   9.2  13.6  15.8  21.4  25.3  28.9  26.2  23.6  16.9  14.9  11.5 
1876  12.6  12.0  13.2  17.6  21.7  26.5  28.6  27.9  25.1  16.5  12.9   5.9 
1877  10.0   9.9  13.2  16.9  20.2  26.6  28.4  27.6  24.8  20.2  14.7  11.6 
1878   9.4  10.6  16.3  19.2  23.3  25.5  28.1  28.1  24.9  19.2  13.8   8.8 
1879   9.4   9.3  15.2  17.3  22.3  25.7  28.2  26.2  23.3  20.9  14.5  14.0 
1880  14.2  13.2  16.2  19.2  22.9  26.7  28.3  27.3  24.2  18.7  12.7   8.8 
1881   7.8  10.7  12.2  15.6  22.5  27.3  28.3  27.1  26.9  22.1  15.7  12.7 
1882  12.4  13.7  16.4  19.0  21.8  26.0  27.2  27.4  24.6  20.7  12.8   8.7 
1883  10.4  13.6  11.8  17.6  21.3  26.6  28.3  26.4  23.4  20.4  15.0  12.9 
1884   7.7  14.5  15.2  17.2  23.6  23.9  27.6  25.9  25.0  21.6  14.8  11.7 
1885  10.0   8.3  10.9  17.4  22.4  26.1  27.4  26.8  24.6  18.3  14.6   9.8 
1886   6.0   8.7  12.3  17.1  22.8  25.3  26.7  25.9  24.8  19.4  14.1   9.1 
1887   7.6  13.8  12.8  17.2  22.8  25.4  27.7  27.0  23.6  19.1  13.6  10.6 
1888  10.6  12.3  13.0  18.8  22.6  25.8  26.2  26.9  23.7  18.6  14.1   9.3 
1889  10.7   8.3  12.5  17.2  22.8  24.4  26.9  25.0  24.0  17.8  15.3  15.3 
1890  14.9  15.6  13.3  17.9  22.4  27.4  26.0  26.0  24.2  19.4  16.6  10.5 
1891  10.1  14.4  12.6  17.9  20.9  26.3  25.9  26.9  24.3  17.3  13.2  12.6 
1892   8.6  11.4  12.4  17.4  21.9  24.9  26.2  26.9  23.3  18.7  13.7  11.0 
1893   6.1  12.9  12.9  19.8  22.1  25.0  27.7  25.7  25.2  19.8  14.1  11.7 
1894  11.3  11.3  16.1  17.9  22.1  24.4  25.4  26.1  25.0  19.9  13.9  11.1 
1895   9.2   4.8  13.1  17.3  20.9  25.8  26.9  27.2  25.4  18.6  14.3  10.2 
1896   8.8  11.1  12.8  18.8  24.6  25.6  27.4  26.8  24.9  18.9  17.1   9.4 
1897   8.3  12.5  15.7  18.4  22.0  26.4  27.0  26.8  23.8  20.6  16.3  11.9 
1898  12.5   9.8  16.2  16.9  23.4  26.2  26.9  26.7  25.4  19.6  13.6  10.4 
1899   9.7   9.3  15.3  16.8  23.7  26.2  26.6  27.9  24.6  20.1  16.0  10.4 
1900   9.7   9.2  13.3  18.5  22.9  25.3  27.7  28.4  26.1  21.1  15.1  10.2 
1901   9.7   8.3  13.4  14.8  22.4  24.7  26.8  26.4  24.8  18.9  11.6   8.9 
1902   8.2   6.6  13.8  16.5  23.4  26.0  27.7  26.3  23.7  20.2  17.1  11.1 
1903   8.9  11.8  16.7  17.0  21.4  24.4  26.7  27.2  23.7  18.3  12.8   7.4 
1904   7.1   9.4  14.5  16.3  22.0  24.7  26.2  26.0  24.4  19.0  13.8   9.9 
1905   7.4   6.9  15.1  18.5  23.8  25.7  26.8  25.8  25.4  19.7  14.7   9.5 
1906  10.5   9.4  12.8  18.7  21.7  26.4  26.0  27.1  26.1  18.3  14.6  10.7 
1907  13.4   9.7  18.1  14.2  21.9  24.5  27.4  26.8  26.0  18.0  14.2  10.6 
1908   9.4   8.9  16.5  20.2  23.0  25.3  26.9  26.3  23.8  18.2  15.8  12.9 
1909  11.8  12.5  14.2  18.3  21.7  26.4  26.2  26.2  23.2  18.2  16.1   8.2 
1910   9.2   9.4  15.6  18.3  22.1  24.7  26.6  25.9  24.8  20.8  12.3   7.3 
1911  11.4  12.6  13.7  17.6  22.0  26.8  26.4  26.6  26.4  21.7  13.0  12.4 
1912   7.4   7.6  13.1  19.2  23.3  24.9  26.4  26.8  25.9  19.7  13.4  11.7 
1913  14.4  11.9  15.3  16.7  22.2  24.1  27.6  26.2  23.6  18.6  13.7  10.8 
1914   9.8   8.9  10.4  18.2  22.2  26.6  26.7  26.8  23.2  19.9  13.7   9.1 
1915   9.6  10.6   9.5  17.1  23.8  25.1  27.3  27.2  25.9  21.2  16.1   8.7 
1916  13.1  10.8  12.6  17.5  23.2  25.1  25.6  27.1  23.6  19.3  14.9  11.4 
1917  12.3  10.2  14.9  19.3  20.9  24.9  26.6  26.2  22.7  17.3  12.2   5.3 
1918   5.6  12.6  16.4  17.2  22.6  25.4  25.8  27.3  22.6  21.2  13.4  11.7 
1919  10.4  10.6  15.0  17.7  23.1  24.8  26.4  26.7  24.3  24.6  16.6  10.5 
1920  10.3   8.7  12.3  17.5  20.1  25.3  26.1  26.2  25.1  19.4  13.9  10.5 
1921  10.8  11.7  18.1  18.8  21.1  26.2  26.4  26.6  27.4  18.9  16.4  12.5 
1922   8.3  13.3  14.7  19.8  22.8  26.1  27.4  25.1  24.6  20.1  15.4  13.2 
1923  11.8   9.9  15.1  17.7  21.2  25.4  26.2  27.1  25.1  18.8  12.6  13.6 
1924   9.2   9.4  11.9  17.5  22.1  26.9  26.8  27.3  23.3  18.4  14.7  11.3 
1925  10.1  12.8  14.8  19.1  21.3  26.1  27.7  26.8  27.6  20.1  13.2   9.3 
1926   9.0  11.4  11.1  16.8  22.2  25.4  26.8  27.9  26.0  20.8  13.0  12.2 
1927   9.6  15.9  14.7  18.8  23.3  25.6  26.4  25.8  25.3  20.6  16.2  10.2 
1928   9.1  10.7  13.8  17.5  21.3  26.0  26.7  27.2  24.0  21.0  14.0  11.0 
1929  11.4  10.3  16.1  19.8  21.9  24.3  26.0  26.5  24.1  19.1  15.3  10.1 
1930  10.4  12.9  12.4  18.4  23.6  24.4  28.3  25.9  26.4  17.9  13.1   8.2 
1931   9.2  10.7  11.8  17.3  21.6  25.3  27.7  26.1  25.6  20.9  17.0  16.0 
1932  15.3  15.3  12.7  18.7  22.2  25.7  28.2  26.5  24.3  20.3  13.6  13.4 
1933  13.0  11.8  14.3  17.8  25.2  26.0  26.3  26.9  27.0  20.0  13.7  14.2 
1934  11.2   7.5  13.1  18.5  21.3  26.6  28.3  27.3  25.3  20.1  15.2   9.8 
1935  10.6  10.4  17.2  18.8  22.8  26.3  25.7  26.8  24.1  19.9  15.6   6.7 
1936   8.2   8.8  15.2  17.8  22.4  25.6  27.7  27.0  25.7  21.0  13.8  10.9 
1937  16.3  10.3  13.6  17.8  22.2  26.7  26.7  26.7  23.8  18.1  12.7   8.8 
1938   9.9  12.7  17.1  18.8  24.2  24.9  26.1  27.8  25.0  18.4  15.8  10.2 
1939  11.3  14.1  16.1  18.6  22.1  27.2  27.1  26.2  25.9  20.4  12.6  10.5 
1940   4.2   9.1  12.5  16.7  20.9  26.7  26.9  26.5  23.5  18.9  14.8  12.5 
1941   9.6   7.2  10.5  18.6  22.4  25.5  27.0  27.4  25.4  22.9  15.4  12.2 
1942   9.6   7.1  14.2  18.6  22.6  26.2  28.4  26.6  25.2  20.4  15.9   9.9 
1943  10.0  10.2  12.8  17.2  22.8  27.6  27.2  27.1  23.4  18.3  13.3   9.9 
1944   9.8  13.1  14.6  17.6  23.2  27.3  26.1  26.0  25.5  19.3  13.7   7.7 
1945   9.3  11.9  18.4  20.6  21.6  26.3  26.6  26.5  26.6  19.1  15.3   7.8 
1946  10.3  11.9  16.7  18.8  22.4  25.2  26.6  25.9  23.9  19.8  17.3  12.5 
1947  13.2   7.6  10.3  19.3  22.7  25.1  25.4  26.8  24.8  21.3  13.7  10.6 
1948   6.8  10.2  15.4  19.5  22.9  26.8  27.2  26.0  23.8  17.3  17.8  12.9 
1949  14.7  14.6  14.1  18.4  22.6  25.4  27.7  26.8  23.8  21.5  13.8  11.9 
1950  15.9  13.7  12.9  17.1  22.9  27.0  26.4  25.9  23.9  20.4  12.5   7.4 
1951   9.6  10.2  14.1  16.9  21.1  25.6  26.8  26.5  23.9  20.7  11.9  12.4 
1952  12.9  11.1  14.2  17.1  23.2  27.8  27.3  26.9  23.7  16.6  13.6   8.9 
1953  11.4  11.5  15.7  17.5  25.1  25.3  26.7  25.9  23.9  18.9  12.6  10.3 
1954  10.8  12.4  13.4  19.6  19.9  26.2  27.3  27.9  25.3  19.1  12.6   9.0 
1955   8.7  11.2  15.7  19.3  23.2  23.9  26.7  26.6  23.9  17.9  12.6   8.4 
1956   7.3  13.8  13.8  17.4  22.8  24.9  26.6  26.3  22.2  18.8  12.1  13.9 
1957  10.1  13.7  12.9  17.9  22.0  25.2  26.1  26.1  24.4  16.6  14.6  10.1 
1958   6.1   6.1  11.3  17.9  21.6  24.8  27.3  26.6  24.5  16.9  15.4   8.0 
1959   7.9  11.9  12.7  17.9  22.8  24.4  25.5  25.7  23.2  20.6  13.6   9.9 
1960   9.6   9.1   7.9  18.8  22.3  25.3  26.7  26.7  24.4  19.9  14.4   6.5 
1961   6.8  11.4  16.3  15.4  20.8  24.8  27.0  26.1  24.9  17.6  15.1  10.6 
1962   8.4  13.4  11.8  16.7  24.4  24.6  27.1  26.1  23.3  19.2  11.9   7.6 
1963   7.4   7.4  16.1  18.8  22.0  26.2  26.6  27.2  23.2  19.6  14.1   6.6 
1964   9.2   8.6  14.2  18.9  22.8  26.7  25.6  26.4  24.1  16.9  15.8  11.6 
1965   9.1  10.7  12.5  18.1  24.1  24.5  26.1  26.4  24.4  18.4  14.2   9.6 
1966   6.6   9.8  12.2  17.3  21.4  23.2  26.4  26.7  24.3  19.7  13.5   9.4 
1967  10.3   9.2  15.6  19.5  21.8  24.2  26.6  26.4  21.1  17.0  12.1  11.9 
1968   6.4   5.4  13.2  18.7  22.1  25.4  27.5  27.5  23.9  19.5  12.1   8.1 
1969   7.0   7.3  10.3  17.4  21.1  26.8  28.2  25.3  23.2  20.1  11.9   8.1 
1970   5.0   9.2  13.9  19.1  22.6  25.8  28.1  27.0  25.2  19.7  12.3  11.2 
1971   9.9   9.9  11.1  17.1  21.7  26.9  26.8  26.4  25.1  21.6  13.9  14.9 
1972  12.7   9.4  13.8  17.8  21.0  23.3  26.7  26.9  24.7  19.6  13.8  13.2 
1973   8.9   7.8  16.1  16.4  22.1  25.8  28.1  27.2  26.4  20.9  16.3  10.7 
1974  16.6  10.8  16.7  17.6  23.3  24.1  25.7  26.3  23.9  16.6  13.1  10.6 
1975  12.1  12.6  13.8  16.8  24.3  25.8  26.2  27.5  24.9  20.6  15.2   9.8 
1976   7.1  13.3  16.8  17.8  21.3  24.3  27.2  25.1  23.3  16.3  10.5   9.3 
1977   3.7   7.9  15.9  19.1  22.7  27.3  28.8  27.4  25.9  17.5  16.3  10.0 
1978   6.4   5.9  12.9  19.2  22.2  25.9  27.3  27.4  25.2  18.7  17.4  11.5 
1979   7.4   8.2  14.1  18.3  22.4  24.4  27.8  27.4  24.7  18.9  15.2   9.3 
1980   9.3   7.7  12.6  17.9  21.9  25.8  28.0  27.8  26.6  18.3  13.0   8.6 
1981   5.8  10.9  12.8  20.1  21.9  28.3  28.7  26.9  24.1  18.1  13.3   8.3 
1982   7.7  11.3  15.6  16.9  23.1  26.0  27.3  26.7  23.6  18.4  16.1  13.9 
1983   7.6   9.4  13.6  16.1  22.1  24.9  28.2  28.3  24.2  20.5  14.1   9.3 
1984   7.8  11.6  14.2  17.8  22.1  26.0  26.6  27.3  22.8  21.8  12.3  14.0 
1985   5.9  10.3  15.9  19.9  23.1  26.4  27.2  26.6  24.3  22.3  19.6   8.8 
1986   7.7  13.1  14.4  18.9  23.5  27.4  30.1  26.6  25.9  20.4  17.4  11.6 
1987   8.4   9.3  13.8  17.0  22.9  26.7  28.3  28.6  25.4  16.1  15.6  11.9 
1988   6.2   9.6  14.1  18.0  22.2  24.8  27.7  27.8  24.6  17.1  16.1  10.3 
1989  12.9  12.8  15.4  18.5  22.4  26.9  28.2  27.1  24.8  20.4  15.9   6.2 
1990  13.0  15.1  16.9  18.9  23.6  27.2  28.7  28.1  26.2  21.4  15.8  13.6 
1991  10.4  12.7  15.8  19.8  24.6  26.1  28.6  27.8  25.2  19.8  13.3  12.4 
1992   9.6  12.8  14.4  17.4  21.3  25.3  28.8  27.0  24.6  18.4  15.8  10.6 
1993  12.0   9.8  13.3  16.4  22.5  26.4  29.7  27.8  25.7  19.6  15.2   9.2 
1994   8.1  11.9  16.2  20.2  21.7  26.6  27.8  26.7  24.3  19.1  16.9  12.4 
1995   9.8  10.1  15.7  20.2  24.4  25.8  28.6  28.1  24.2  20.9  12.0   8.5 
1996   8.8  11.5  12.0  17.8  23.5  25.7  27.6  25.9  24.0  18.8  12.5  11.3 
1997   9.8  12.7  17.7  17.2  20.6  23.7  27.0  26.1  24.4  18.8  12.8   9.8 
1998  11.3  12.0  13.3  18.3  23.9  28.1  28.7  27.3  25.0  20.2  16.6  13.0 
1999  11.6  11.7  12.5  19.6  21.3  24.6  28.0  28.4  23.6  19.0  15.4  10.2 
2000   8.4  11.7  16.0  17.0  24.1  26.5  27.5  26.8  24.0  18.2  12.9   5.8 
2001   7.9  12.5  13.6  18.3  22.5  26.0  26.5  27.1  23.0  18.1  17.5  13.5 
2002  10.7  10.8  15.8  20.8  21.8  25.9  28.1  26.4  26.1  21.4  13.2   9.0 
2003   7.0  10.3  16.1  18.0  23.2  25.8  27.3  27.5  23.6  19.2  16.6   8.2 
2004   7.9   8.7  15.3  18.3  24.2  26.8  28.1  26.2  24.6  20.5  15.4   9.7 
2005  10.3  10.9  13.2  17.2  21.0  25.8  28.6  27.8  26.2  19.8  15.5   9.3 
2006  12.2   9.9  13.9  20.0  22.2  25.8  27.8  28.1  24.1  18.3  14.2  13.4 
2007  11.2   9.8  16.0  17.8  21.8  25.8  27.0  28.7  25.2  21.9  14.1  13.8 
2008   9.4  12.9  14.5  18.2  22.0  27.2  27.3  27.3  24.5  18.0  12.4  13.2 
2009   8.9   9.8  14.4  18.0  22.9  27.1  27.1  27.5  24.8  19.7  14.9  10.7 
2010   7.1   7.7  13.3  19.4  24.2  28.5  28.2  28.5  26.0  20.2  14.5   5.9 
2011   6.9  12.7  15.5  20.4  23.5 -99.0 -99.0 -99.0 -99.0 -99.0 -99.0 -99.0 
