Number= 722340
Name= MERIDIAN
Country= USA
Lat=   32.3
Long=   88.8
Height= 88
Start year= 1889
End year= 2011
First Good year= 1889
Source ID= 10
Source file= Jones+Anders
Jones data to= 2001
Normals source= Data
Normals source start year= 1961
Normals source end year= 1990
Normals=   7.0   9.2  13.6  17.9  21.8  25.6  27.3  26.9  24.2  17.8  13.0   9.0 
Standard deviations source= Data
Standard deviations source start year= 1941
Standard deviations source end year= 1990
Standard deviations=   2.9   2.4   2.1   1.4   1.4   1.2   0.9   0.9   1.4   1.9   1.8   2.3 
Obs:
1889 -99.0 -99.0 -99.0 -99.0 -99.0 -99.0 -99.0 -99.0  22.6  16.9  10.8  15.0 
1890  14.3  14.4  12.2  18.4  21.1  26.3  26.7  25.2  22.9  17.1  14.3   9.8 
1891   7.7  13.5  12.5  17.7  20.4  26.3  25.3  25.6  23.1  15.3  11.2  10.2 
1892   4.7  11.6  10.4  18.6  21.6  25.2  25.7  26.0  21.6  17.9  12.3   7.8 
1893   5.5  11.7  12.3  20.1  21.7  25.1  27.0  25.7  23.0  16.2  11.4   9.6 
1894   9.7   8.7  15.0  18.6  21.8  23.9  24.9  24.8  23.6  17.2  11.2   9.2 
1895   6.9   3.3  13.1  17.8  21.0  25.3  26.7  26.5  25.4  15.6  12.6   8.2 
1896   7.0   9.8  12.7  20.6  25.0  24.9  27.8  27.8  24.3  18.2  14.9   9.0 
1897   6.3  11.3  17.2  17.3  20.4  27.0  27.9  26.6  25.2  20.4  13.6  10.2 
1898  11.9   9.9  16.1  15.3  23.6  27.1  27.2  26.9  24.7  17.3  11.4   7.1 
1899   8.1   4.7  14.4  17.0  24.3  25.7  26.3  26.9  22.2  19.6  13.4   7.6 
1900   7.3   7.7  12.4  17.9  21.7  24.6  26.3  26.8  25.6  20.0  13.3   9.0 
1901   9.0   7.3  13.1  15.1  20.8  25.9  27.5  25.9  22.3  17.1   9.8   6.3 
1902   6.9   5.6  13.6  17.4  23.9  27.0  27.7  27.9  22.8  17.6  14.4   8.2 
1903   7.4   9.5  15.4  16.7  20.9  22.9  26.5  26.4  22.3  17.6  10.9   6.1 
1904   6.3  11.2  15.6  15.8  20.6  25.3  25.3  25.8  25.0  18.0  11.4   8.7 
1905   4.9   4.1  15.9  17.8  23.8  25.9  25.8  26.0  24.3  17.7  13.8   6.2 
1906   8.3   7.6  11.2  18.6  20.2  26.2  25.9  26.4  25.4  15.8  14.1  11.8 
1907  13.4  10.3  19.0  15.7  19.8  24.4  27.1  27.0  23.6  17.8  10.7   8.4 
1908   7.7   7.9  17.8  19.8  22.2  25.3  26.3  26.0  23.5  15.3  14.7  10.9 
1909  10.4  10.9  14.1  17.3  20.2  25.4  27.1  27.1  24.0  17.7  15.4   5.6 
1910   9.0   8.1  16.7  16.7  20.4  25.6  25.9  26.5  25.1  18.7  11.4   7.4 
1911  11.9  13.8  15.2  18.2  22.6  27.1  25.2  25.9  26.7  19.9  10.3  10.2 
1912   5.6   6.9  11.7  18.2  22.3  23.3  26.3  26.3  24.7  18.9  10.6   8.8 
1913  11.8   8.7  12.9  16.8  21.3  24.9  27.0  26.9  22.7  16.3  14.3   8.7 
1914   9.8   7.9  11.0  17.7  21.6  28.7  27.3  26.3  22.9  17.8  12.2   6.1 
1915   7.1   9.3   8.5  18.3  22.9  25.8  27.0  26.3  24.9  19.7  14.2   9.1 
1916  11.7   8.9  13.4  16.6  22.9  25.0  26.1  26.7  23.1  18.1  12.7   9.6 
1917  10.7  10.6  14.9  17.4  19.2  25.9  26.9  25.9  22.7  14.6  11.2   5.4 
1918   4.0  13.1  17.4  16.8  23.2  27.0  25.8  27.1  21.6  20.8  11.8  11.2 
1919   6.9   9.4  13.8  17.1  20.6  25.2  26.7  26.4  24.1  23.6  14.6   9.5 
1920   9.3   9.1  12.4  17.1  22.3  25.1  26.4  25.6  25.1  18.2  10.3   8.0 
1921  10.7  11.4  18.9  16.8  21.3  27.0  27.6  27.4  27.4  17.4  15.3  11.6 
1922   8.7  12.4  13.6  19.7  22.4  25.9  26.4  26.2  25.1  17.8  14.7  13.1 
1923  12.3   9.2  12.9  17.7  21.1  24.9  25.5  26.1  24.4  16.9  11.4  12.8 
1924   5.6   9.2  11.1  17.4  19.9  27.1  26.9  28.1  22.4  18.0  13.9   9.1 
1925   8.9  12.2  14.7  20.6  21.1  26.9  27.2  26.6  28.4  18.3  11.6   7.3 
1926   7.4  11.1  10.6  16.0  21.4  25.5  26.1  27.0  26.1  19.6  10.2  11.4 
1927  10.9  15.1  14.2  20.3  23.0  25.8  27.3  25.7  25.2  19.6  16.2   8.4 
1928   8.2   9.6  13.9  15.9  21.1  25.3  27.1  27.6  22.9  20.3  12.4   8.3 
1929   9.9   7.7  16.0  19.8  22.6  25.0  26.8  26.9  23.9  17.8  12.1   8.3 
1930   7.3  12.8  11.8  19.2  22.6  25.0  28.7  26.3  24.7  17.1  13.0   7.1 
1931   7.9  10.6  10.6  16.6  20.3  26.2  27.0  25.4  26.2  20.4  16.4  13.3 
1932  11.7  15.7  11.4  18.9  20.9  26.3  28.2  27.3  23.5  16.7  10.3   8.8 
1933  12.0   9.7  14.3  17.7  24.9  25.4  26.2  26.9  26.9  19.1  13.6  14.1 
1934  10.4   7.9  12.9  18.3  22.4  27.3  27.7  27.7  23.8  20.0  14.6   8.8 
1935   9.3  10.3  17.4  18.3  23.0  25.4  27.8  28.2  24.1  20.1  12.9   5.5 
1936   6.9   7.7  16.4  16.7  22.7  27.4  27.5  27.2  26.6  19.2  11.4  10.2 
1937  14.2   9.1  11.6  18.2  23.6  26.8  27.0  27.6  23.7  17.3  10.9   8.8 
1938   9.0  13.4  18.4  17.9  23.3  25.9  27.8  28.1  24.4  19.4  12.9   8.7 
1939  10.7  11.7  15.4  17.2  22.2  26.7  27.8  27.0  25.6  19.4  11.4  10.3 
1940   0.9   8.2  13.6  17.1  20.9  25.2  26.3  26.7  23.0  18.8  12.7  11.3 
1941   9.3   7.0  10.3  19.1  23.2  26.2  27.4  27.6  26.1  22.3  11.6  10.3 
1942   6.3   7.4  13.4  18.7  21.7  26.3  27.6  26.3  22.8  18.9  14.4   9.8 
1943   9.5  10.6  12.3  18.6  24.1  28.3  28.2  28.8  23.0  17.5  10.8   8.1 
1944   8.4  12.9  14.1  17.8  22.9  27.4  26.9  27.0  24.4  18.0  12.6   7.4 
1945   7.8  11.1  17.9  18.9  20.5  26.3  26.9  27.0  25.8  17.8  14.9   6.2 
1946   8.8  10.7  16.4  19.8  21.6  25.1  26.6  25.8  22.9  18.2  15.4  10.8 
1947  10.1   5.7  10.1  18.5  21.3  25.7  25.2  27.8  24.9  21.4  11.8   9.7 
1948   4.2  10.6  15.3  20.0  22.7  26.7  28.1  26.6  22.6  16.9  13.7  11.3 
1949  13.1  12.4  13.7  17.3  22.9  26.3  27.4  26.9  23.4  21.2  11.6  10.2 
1950  16.3  12.8  12.2  16.1  24.0  26.2  26.2  26.2  23.2  19.6  10.2   6.2 
1951   9.3  10.8  14.6  16.8  21.9  26.7  28.2  29.4  25.4  19.6  10.2  11.5 
1952  12.7  12.4  12.7  16.6  22.2  28.2  28.7  27.9  23.2  14.1  11.7   8.5 
1953  10.9  10.1  16.2  17.0  23.9  28.1  27.1  26.6  23.8  18.8  11.9   7.1 
1954   9.2  12.3  13.2  20.5  19.3  27.1  28.5  29.2  25.7  19.0  11.7   8.1 
1955   7.2  10.1  15.9  19.7  24.1  23.7  27.2  27.1  25.6  17.2  11.5   8.9 
1956   6.7  12.7  13.3  16.9  24.1  24.8  27.6  27.2  23.2  18.7  11.1  13.3 
1957  10.4  14.1  12.4  18.6  22.8  26.6  27.6  27.1  23.5  16.3  13.4   9.9 
1958   4.9   4.8  11.4  18.3  22.5  26.4  27.1  27.1  25.3  17.8  13.8   6.8 
1959   6.6  10.6  12.4  17.6  23.6  25.9  27.1  27.1  24.3  19.7  10.9   8.8 
1960   7.3   6.8   8.8  18.4  20.4  26.1  28.4  26.8  24.1  18.7  12.4   6.8 
1961   4.7  11.7  15.3  15.7  20.7  23.9  26.2  26.1  24.2  17.0  12.9   9.0 
1962   6.2  13.7  11.2  17.1  24.1  25.8  28.6  27.7  24.8  19.2  11.1   6.8 
1963   4.5   5.8  15.5  19.7  23.2  25.8  26.7  26.8  23.5  19.4  12.2   3.3 
1964   6.3   6.1  13.2  19.6  22.5  26.2  26.4  26.5  24.1  15.4  13.6   9.9 
1965   8.9   8.5  11.1  19.8  22.3  24.8  26.4  26.2  24.4  16.8  14.7   8.8 
1966   4.7   8.6  12.2  17.9  21.3  24.3  27.7  25.5  23.3  16.2  13.7   9.2 
1967   8.3   7.7  16.1  21.3  21.4  26.2  25.7  25.0  20.3  15.8  11.3  10.7 
1968   7.0   5.7  12.6  19.2  22.3  26.8  27.0  26.8  22.4  18.1  11.1   7.1 
1969   8.2   9.6   9.4  18.4  21.6  25.9  28.1  25.6  23.1  18.3  11.3   8.1 
1970   5.2   8.0  12.3  19.9  22.1  25.2  27.0  27.2  26.2  17.8  10.7  10.6 
1971   8.9   9.0  10.9  16.6  19.8  26.5  26.4  26.5  25.0  21.1  11.9  14.2 
1972  10.9  10.6  14.4  18.7  21.4  25.5  26.3  27.8  26.9  18.9  11.2  10.6 
1973   7.4   8.9  16.9  16.8  21.3  26.1  27.7  26.2  25.6  20.8  16.4   9.9 
1974  14.0  10.6  17.9  18.3  23.6  24.3  27.9  27.3  23.0  17.2  13.2  10.0 
1975  10.2  10.9  12.9  16.1  24.3  26.2  27.3  27.3  22.9  17.3  12.2   7.6 
1976   5.9  12.1  14.6  17.3  18.3  23.2  25.5  25.2  22.2  14.3   8.0   6.6 
1977   1.5   8.6  14.4  18.1  22.6  27.8  28.7  28.1  26.2  17.3  14.9   9.0 
1978   3.8   4.1  10.1  16.9  21.2  25.9  27.6  27.1  25.4  16.9  15.1   8.7 
1979   3.3   7.6  13.8  18.0  20.9  23.9  27.6  27.1  23.9  17.7  11.3   8.6 
1980   9.4   8.2  12.6  16.9  22.4  26.1  29.2  28.7  27.3  16.5  12.3   8.6 
1981   6.1  10.4  13.2  21.1  21.1  27.8  29.2  28.5  23.4  18.3  14.7   8.5 
1982   9.0  10.6  16.4  17.5  23.1  26.2  27.9  27.8  23.9  19.4  14.9  13.7 
1983   7.1   9.0  12.2  15.4  20.9  23.8  26.9  27.3  22.4  17.9  11.9   6.5 
1984   4.5   8.8  12.3  16.0  19.9  23.9  25.6  26.4  23.6  21.9  12.5  14.1 
1985   4.5   8.6  16.8  18.6  22.3  26.2  27.1  26.6  23.4  20.2  16.2   5.9 
1986   6.7  11.3  13.6  17.1  22.5  26.4  28.4  26.5  25.7  18.4  15.2   8.1 
1987   6.7  10.6  13.9  17.2  23.7  25.4  27.5  27.7  23.6  14.4  13.3  11.7 
1988   5.3   8.3  12.8  18.1  20.4  25.7  26.7  27.6  24.6  15.4  14.7   9.1 
1989  11.2   9.4  14.5  16.8  21.3  25.6  27.0  27.1  23.7  17.2  13.4   4.5 
1990  10.5  13.7  15.8  17.7  22.1  26.6  27.2  28.1  25.9  18.0  14.5  11.7 
1991   8.4  11.3  15.0  20.2  24.4  26.2  27.8  27.2  24.7  19.4  10.9  11.1 
1992   7.7  11.9  13.9  17.8  21.5  25.5  27.9  26.0  24.7  18.2  11.9   9.9 
1993  10.2   9.5  11.9  15.9  21.6  26.8  28.6  28.6  24.7  18.2  12.3   8.9 
1994   6.1  10.8  14.4  20.1  22.2  27.3  26.9  27.2  24.3  19.4  15.8  11.5 
1995   9.0  10.3  15.6  19.0  23.9  25.5  27.9  28.2  23.9  17.2  10.5   8.1 
1996   7.2   9.1  11.3  16.1  23.5  25.2  27.0  26.0  22.9  17.9  12.8  10.2 
1997   8.3  11.0  16.4  15.4  20.7  24.7  27.2  25.9  24.3  17.3  10.2   7.2 
1998   8.9   9.9  12.9  16.6  22.8  26.9  27.8  27.1  25.8  19.5  14.4  10.7 
1999  10.4  11.7  12.2  19.8  21.3  25.4  27.6  28.6  23.1  18.0  13.0   8.6 
2000   8.8  12.3  15.2  16.2  23.6  25.4  28.3  28.4  24.0  18.7  11.4   4.0 
2001   5.6  11.8  10.8  18.9  21.7  24.8  27.2  26.4  23.0  16.2  14.8  10.8 
2002   9.3   7.8  13.8  19.4  21.7  25.5  27.4  27.1  26.0  20.7  11.5   8.6 
2003   4.8   9.3  14.2  17.6  23.3  24.9  26.5  27.0  22.9  17.7  14.5   6.6 
2004   7.7   8.0  15.5  16.9  22.5  25.4  26.7  24.8  23.6  21.6  15.0   7.8 
2005  10.2  11.1  12.3  16.8  20.8  25.3  27.4  27.9  25.3  18.4  14.0   7.5 
2006  11.5   9.0  14.4  20.5  22.5  26.4  28.4  28.3  23.4  17.7  11.8   9.3 
2007   8.2   8.1  15.6  16.0  21.9  26.6  26.3  29.2  25.0  19.3  12.6  11.4 
2008   6.6  10.4  13.9  17.5  21.8  26.0  27.2  25.8  23.8  16.7  11.1  10.7 
2009   8.3  10.2  14.8  17.3  22.4  26.8  26.5  26.0  24.4  17.2  11.7   7.2 
2010   4.5   5.0  10.8  17.8  23.4  27.4  28.1  28.3  24.7  18.1  12.8   6.1 
2011   5.6   9.7  14.1  19.4  21.1 -99.0 -99.0 -99.0 -99.0 -99.0 -99.0 -99.0 
