Number= 722480
Name= SHREVEPORT
Country= USA
Lat=   32.5
Long=   93.8
Height= 77
Start year= 1872
End year= 2011
First Good year= 1872
Source ID= 10
Source file= Jones+Anders
Jones data to= 2001
Normals source= Data
Normals source start year= 1961
Normals source end year= 1990
Normals=   7.3   9.6  14.2  18.7  22.6  26.3  28.1  27.9  24.8  19.1  13.7   8.9 
Standard deviations source= Data
Standard deviations source start year= 1941
Standard deviations source end year= 1990
Standard deviations=   2.4   2.3   2.0   1.4   1.1   1.1   1.0   1.2   1.3   1.5   1.6   2.2 
Obs:
1872   4.8  10.3  12.4  19.2  23.1  26.9  29.1  29.2  25.9  19.2   8.9   5.4 
1873   5.6  11.1  14.9  18.2  22.4  26.3  27.7  27.2  24.2  16.7  13.4   9.9 
1874  10.2  10.9  15.9  16.0  23.8  27.6  27.8  29.8  24.6  19.9  15.6  12.0 
1875   5.2  10.3  14.5  17.8  25.0  29.7  30.9  27.3  23.1  16.8  14.6  13.1 
1876  12.4  12.9  12.0  19.6  22.7  25.9  29.0  28.6  24.2  18.1  12.0   5.1 
1877   8.4  11.3  14.8  18.1  22.7  26.9  28.0  28.1  24.3  18.7  11.2  10.8 
1878   8.3  10.3  18.0  20.8  23.2  26.6  29.2  29.0  24.1  19.2  13.8   6.4 
1879   7.7  10.3  18.3  18.7  23.9  26.4  28.2  25.7  24.2  20.4  15.9  12.3 
1880  15.9  11.9  14.7  20.6  24.6  26.3  27.1  27.0  22.7  17.3   7.6   8.0 
1881   4.4   6.3  12.8  19.4  24.8  29.9  29.9  30.7  26.1  22.1  11.8  11.1 
1882  10.2  14.3  18.6  21.1  22.4  28.1  27.6  27.1  24.0  21.5  13.1   8.9 
1883   6.6   9.2  14.2  19.9  23.8  28.0  29.8  28.4  24.4  22.2  14.6  11.2 
1884   4.1  12.1  15.6  17.9  22.8  27.2  31.1  28.2  27.5  20.7  12.3   8.7 
1885   5.4   7.7  13.1  20.7  22.6  28.1  29.4  28.3  24.9  16.7  13.4   9.3 
1886   3.7   9.6  13.1  19.2  25.3  27.3  28.5  29.2  26.1  19.0  13.1   8.9 
1887   7.7  13.9  16.8  20.4  23.7  27.8  29.0  28.7  25.9  18.4  13.7   8.0 
1888   7.3  11.6  13.1  20.7  22.3  25.9  28.2  27.7  23.3  18.7  12.8   9.8 
1889   8.8  10.1  14.8  20.6  21.8  24.9  28.2  26.6  23.4  18.6  10.9  17.3 
1890  13.7  14.1  13.9  19.2  22.9  26.4  28.3  27.0  23.2  18.1  14.5  11.2 
1891   7.4  12.1  12.1  18.9  21.3  27.3  26.9  26.1  24.2  17.3  12.4  10.6 
1892   5.0  13.3  11.5  18.6  22.1  26.2  27.2  26.7  23.0  19.8  13.8   8.7 
1893   8.4  10.7  13.5  20.7  22.7  26.2  28.7  27.1  25.1  18.5  12.4  11.6 
1894  10.4   8.6  15.4  20.2  23.3  25.4  26.6  26.0  24.6  19.6  13.1  10.7 
1895   6.9   4.2  14.4  18.7  21.2  25.9  27.4  27.9  26.2  16.9  12.5   9.6 
1896   7.8  10.5  13.7  20.7  25.1  27.1  29.2  29.3  25.6  18.6  14.8  10.8 
1897   7.2  12.2  17.1  18.9  22.4  26.9  29.3  28.3  25.8  22.0  14.1   8.8 
1898  11.4  11.7  15.6  17.2  23.8  26.6  27.6  27.4  25.0  18.1  11.1   7.1 
1899   8.0   4.3  14.8  17.9  25.2  26.8  28.4  30.2  24.4  21.1  14.8   9.3 
1900   9.0   8.4  13.8  19.0  22.9  26.8  27.3  27.7  27.7  21.1  14.4  10.0 
1901  10.8   8.4  13.9  16.8  22.1  27.7  29.0  28.2  23.7  19.6  13.2   7.3 
1902   6.8   7.4  14.5  19.8  24.3  27.6  27.1  29.6  23.1  19.0  16.3   8.8 
1903   8.2   9.2  15.3  18.3  21.0  23.5  27.3  27.8  23.8  18.2  12.1   8.5 
1904   7.3  12.1  17.3  17.3  22.1  26.1  26.7  27.0  26.3  20.4  13.7   9.4 
1905   5.0   4.1  17.0  18.3  24.3  27.3  26.5  28.2  25.6  18.9  15.1   6.2 
1906   9.4   9.0  11.6  19.7  23.0  26.9  26.9  27.4  26.1  16.3  13.8  11.8 
1907  14.0  11.8  19.4  15.9  20.0  26.2  28.5  28.7  25.9  19.4  11.7  10.2 
1908   9.1   9.9  18.3  20.6  22.8  26.8  27.6  27.6  24.4  17.3  15.1  11.0 
1909  10.9  11.8  14.9  18.0  21.7  26.8  29.1  28.8  25.1  20.0  17.1   5.7 
1910   9.7   7.7  18.2  18.1  21.6  25.3  27.7  27.8  26.7  19.7  14.3   9.3 
1911  12.8  14.1  16.8  18.4  23.1  28.9  26.8  27.6  28.1  19.4  11.3   8.8 
1912   5.7   7.4  10.9  18.9  22.7  24.6  28.3  26.8  25.2  19.8  12.7   8.1 
1913  10.3   8.6  12.3  17.9  22.2  26.1  28.5  28.0  23.0  17.6  17.1   8.8 
1914  11.4   8.0  12.8  18.2  22.5  28.8  29.6  26.9  25.1  19.3  13.8   5.3 
1915   7.3  10.8   8.4  19.6  23.7  27.1  27.4  25.8  25.3  19.9  15.2  10.2 
1916  10.9  10.3  15.9  17.5  23.2  26.3  28.6  28.4  24.6  19.7  13.6   9.9 
1917  10.3  10.9  14.7  17.7  19.8  26.8  28.5  27.0  23.4  16.4  12.8   6.2 
1918   3.4  12.8  16.9  17.7  24.0  28.7  29.0  28.6  22.3  20.4  12.3  11.1 
1919   7.8   9.8  14.6  18.4  21.2  25.0  28.1  28.1  24.7  21.9  14.3   9.3 
1920   7.9  11.0  13.8  18.0  24.0  25.8  27.5  26.6  25.9  19.4  11.2   9.2 
1921  11.9  12.0  18.7  17.3  23.1  26.9  28.2  28.9  27.6  19.3  17.0  12.6 
1922   7.0  12.2  13.9  19.9  24.1  27.1  27.7  27.8  26.0  19.4  14.6  12.7 
1923  13.3   9.1  12.8  18.9  21.9  26.5  28.0  28.3  24.2  18.1  13.1  12.7 
1924   6.0   9.4  11.8  18.6  20.3  28.1  28.8  30.0  23.9  20.8  15.1   8.8 
1925   7.8  13.4  16.1  21.6  22.8  29.0  29.7  28.9  28.4  17.9  12.8   7.8 
1926   8.1  13.0  12.2  16.9  22.7  26.7  27.4  28.6  27.1  21.7  12.0  10.7 
1927  10.9  14.8  15.0  21.2  24.3  26.1  27.8  28.1  26.2  21.3  17.4   7.9 
1928   9.5  10.4  15.1  16.3  23.2  25.7  28.6  29.4  24.1  21.3  12.9   9.7 
1929   8.8   5.9  16.4  20.7  22.5  26.9  28.8  29.1  25.4  19.7   9.9   9.2 
1930   5.2  14.1  12.8  21.7  22.8  27.2  30.5  29.1  25.7  18.2  13.1   8.2 
1931   9.5  12.1  11.2  17.3  20.6  27.6  29.0  26.8  27.8  22.4  16.7  11.7 
1932  11.5  15.2  12.2  19.8  23.0  28.2  30.1  29.3  25.4  18.8  11.3   7.6 
1933  13.2   9.5  15.0  18.8  25.4  27.7  28.0  28.3  28.2  20.1  15.4  14.6 
1934  10.4   9.6  13.8  20.0  23.1  29.0  30.0  30.3  25.0  23.0  15.6  10.0 
1935  10.4  11.2  18.0  18.8  22.0  26.7  29.3  29.3  24.3  21.3  13.3   7.5 
1936   7.0   7.0  17.6  18.2  23.6  28.8  28.6  30.3  27.9  18.6  12.4  11.1 
1937  10.1  10.6  12.4  19.2  24.4  28.0  28.7  29.1  25.5  19.0  12.0  10.3 
1938  10.1  14.4  19.1  18.6  23.8  27.0  28.7  29.4  26.3  22.2  13.2  10.1 
1939  11.2  10.7  16.7  18.3  23.7  28.0  30.0  29.6  28.0  20.7  12.5  12.4 
1940   2.1   9.6  15.0  18.2  22.2  25.8  27.7  26.6  23.7  21.2  13.0  11.6 
1941  10.7   8.5  11.7  19.9  23.9  26.4  28.8  29.2  26.4  22.8  12.0  10.2 
1942   7.2   8.6  14.0  19.6  22.6  27.4  28.8  28.1  23.8  19.3  15.9   9.1 
1943   9.0  11.9  11.9  20.0  24.7  28.7  29.4  30.4  24.0  18.7  11.8   8.3 
1944   7.9  12.6  14.4  18.5  22.6  28.3  29.6  28.8  25.3  19.6  14.2   7.1 
1945   7.6  11.4  17.8  19.3  21.9  27.0  27.4  27.7  26.1  18.3  15.4   6.9 
1946   8.0  11.7  16.5  20.8  21.9  25.8  28.2  27.4  24.1  19.7  14.8  12.3 
1947   8.6   6.3  10.6  19.5  22.1  27.2  28.0  29.8  26.1  22.3  11.7   9.8 
1948   3.9   9.1  14.1  21.4  23.2  28.1  29.6  29.2  24.9  18.7  13.2  11.2 
1949   9.1  11.7  14.2  17.9  25.0  27.7  28.7  27.3  24.1  19.7  14.6  10.7 
1950  13.4  12.8  13.3  17.2  24.3  26.6  27.4  27.2  23.7  21.0  12.3   7.7 
1951   9.0  10.3  14.4  17.5  23.1  27.4  29.2  30.8  25.3  20.1  11.1  10.9 
1952  13.1  12.3  13.1  16.7  22.6  28.7  28.8  28.9  24.9  15.9  12.6   8.9 
1953  10.8  10.4  17.3  17.6  23.7  29.2  27.8  27.9  25.6  20.9  12.3   7.7 
1954   9.6  13.7  13.7  21.2  20.4  27.6  30.6  30.5  27.1  20.7  12.9  10.4 
1955   8.8   9.9  15.4  20.7  24.3  25.3  28.1  27.3  26.4  19.3  12.9   9.7 
1956   8.1  12.5  14.1  17.5  24.6  26.3  29.3  28.9  25.7  20.9  12.3  12.6 
1957   8.6  13.8  12.7  18.4  23.6  26.6  28.8  27.9  23.7  17.5  13.1  11.4 
1958   7.2   7.0  11.2  17.7  23.0  27.1  28.3  27.8  25.2  18.4  13.9   7.1 
1959   7.3  10.3  13.2  17.0  24.2  25.8  27.6  27.7  25.7  19.6  10.1  10.2 
1960   7.7   6.7   9.2  19.6  21.8  26.7  28.3  27.8  25.3  20.2  13.9   7.0 
1961   6.3  11.5  16.2  17.1  22.1  24.2  26.4  26.1  24.7  19.3  12.6   8.9 
1962   5.8  14.0  11.8  17.8  24.1  25.9  28.9  29.3  25.3  21.5  12.9   9.2 
1963   4.2   8.0  16.8  20.9  23.8  27.8  28.7  29.4  25.8  22.2  14.4   4.4 
1964   8.1   7.6  13.8  20.4  23.9  27.2  29.0  28.9  25.8  17.9  15.2  10.1 
1965  10.4   9.7   9.8  21.2  23.2  25.8  28.3  27.8  25.1  18.9  17.3  11.1 
1966   5.7   8.6  14.5  19.0  22.6  26.1  29.4  27.2  24.1  17.8  15.8   8.3 
1967   8.7   8.1  17.5  21.7  21.7  27.2  26.6  26.7  22.9  19.2  13.9   9.4 
1968   7.4   6.4  13.3  19.2  22.6  26.7  27.2  27.8  23.1  19.2  12.1   8.1 
1969   9.6   9.6  10.1  18.4  22.4  26.9  30.3  29.1  25.7  19.9  12.6   9.1 
1970   5.6   9.7  12.1  19.7  22.6  26.0  27.6  29.1  27.3  18.4  12.6  12.4 
1971  10.3  10.3  13.0  17.9  21.6  27.6  28.5  27.0  25.6  21.5  13.6  13.0 
1972   9.7  11.1  15.4  19.4  22.4  27.1  27.2  28.1  26.8  19.6  10.5   7.5 
1973   7.1   9.7  16.1  16.7  22.1  25.8  27.3  25.7  23.8  20.1  16.4   8.2 
1974   8.8  10.7  17.6  17.9  23.3  24.8  27.8  26.7  21.7  19.0  13.1   8.5 
1975  10.1   9.1  13.1  17.6  22.4  25.7  27.2  27.1  23.2  20.0  13.5   9.6 
1976   8.4  15.1  15.7  19.6  19.9  24.3  25.9  25.9  23.5  15.5   9.6   7.9 
1977   2.9  10.4  15.3  18.6  23.4  26.4  28.6  26.8  25.9  19.1  13.6   8.5 
1978   1.6   3.4  11.6  18.6  23.1  26.9  29.7  28.5  25.4  18.9  15.6   8.9 
1979   3.0   8.1  15.1  18.9  21.2  25.6  27.3  26.8  23.4  19.4  11.6   9.4 
1980   9.1   8.8  12.7  17.2  23.5  28.6  30.5  29.7  27.8  17.5  12.3   9.5 
1981   7.1   9.9  13.3  21.1  20.7  26.8  28.2  27.4  23.3  18.3  13.8   8.3 
1982   7.8   7.6  16.4  17.4  23.5  25.9  28.5  28.4  24.2  18.1  13.0  10.6 
1983   7.0   9.3  12.8  15.4  21.1  25.2  27.9  28.9  24.3  19.3  13.3   3.0 
1984   4.8  10.2  14.4  18.3  22.3  26.3  27.3  27.8  23.9  21.4  13.6  15.5 
1985   4.4   7.9  16.3  19.4  22.7  26.3  28.4  29.3  24.6  20.3  16.4   6.8 
1986   9.4  12.4  15.4  19.1  22.4  26.6  28.7  27.1  26.3  18.4  13.1   7.8 
1987   7.2  11.1  13.3  17.8  24.0  26.2  27.9  29.6  24.8  17.8  13.3  10.0 
1988   5.7   9.6  13.5  18.4  22.2  26.6  28.5  28.7  25.4  17.8  14.8   9.6 
1989  10.8   7.7  13.8  18.7  23.2  24.8  27.3  27.2  23.2  19.2  14.8   4.9 
1990  11.4  13.6  15.2  18.7  22.5  28.2  27.9  28.5  26.5  18.3  14.9   9.2 
1991   6.8  11.1  15.6  20.3  24.1  27.0  28.1  27.3  24.3  20.4  11.2  10.7 
1992   8.4  12.6  15.3  18.4  21.9  25.8  28.3  25.9  24.4  19.4  11.1   9.7 
1993   8.0   9.6  12.9  16.3  21.5  26.8  29.2  29.3  25.2  18.0  11.1   9.5 
1994   8.0  10.7  14.4  19.3  21.6  27.4  27.8  27.3  24.6  19.4  15.6  10.6 
1995   8.9  11.7  15.2  18.1  23.2  26.1  29.0  30.3  25.2  19.0  12.8   9.4 
1996   7.9  11.7  11.9  17.7  25.0  25.7  27.9  26.7  23.4  18.9  13.2  10.8 
1997   7.6  10.7  16.3  15.8  21.2  25.5  28.6  27.2  25.7  19.3  11.1   7.8 
1998  11.0  10.9  13.4  17.5  25.2  29.3  31.4  29.2  27.6  20.2  14.4   9.6 
1999  10.8  13.8  13.5  20.7  22.2  26.6  28.3  29.9  24.0  18.6  14.9   9.8 
2000  10.2  14.0  16.5  17.5  24.3  26.2  28.8  30.5  25.6  19.9  11.4   4.3 
2001   6.3  11.8  11.9  20.7  23.7  26.1  29.1  27.9  23.7  17.4  15.4  10.6 
2002   9.4   8.3  13.0  20.6  22.8  26.5  28.4  28.7  26.5  19.2  11.7   9.0 
2003   7.5   8.6  13.6  19.1  24.2  26.0  28.2  28.6  24.1  19.9  15.4   8.9 
2004   9.1   8.2  16.9  18.6  23.6  26.1  27.9  26.8  25.8  23.0  14.8   9.4 
2005  10.6  12.1  14.5  18.3  22.7  28.0  29.0  30.0  28.5  19.7  15.9   9.3 
2006  12.8   9.3  16.2  21.6  24.1  27.2  29.6  30.2  25.1  19.5  14.3  10.7 
2007   8.2  10.4  17.9  17.4  23.9  27.4  27.4  30.2  26.9  20.9  14.8  11.0 
2008   7.5  11.6  15.3  18.2  22.9  27.3  29.0  28.1  23.6  18.3  12.7   9.0 
2009   8.8  12.4  14.4  17.9  22.8  27.5  28.8  27.5  24.4  17.3  14.5   7.2 
2010   6.6   6.1  12.6  19.5  25.2  29.3  28.8  31.0  27.6  19.9  13.8   9.0 
2011   7.0  10.3  15.7  21.5  23.0 -99.0 -99.0 -99.0 -99.0 -99.0 -99.0 -99.0 
