Number= 722430
Name= TX HOUSTON AP
Lat=   29.7
Long=   95.3
Height= 15
Start year= 1938
End year= 2011
First Good year= 1938
Source ID= 10
Source file= Jones+Anders
Jones data to= 2001
Normals source= Data
Normals source start year= 1961
Normals source end year= 1990
Normals=  11.1  13.0  17.0  21.1  24.4  27.4  28.6  28.6  26.5  21.8  17.0  12.8 
Standard deviations source= Data
Standard deviations source start year= 1941
Standard deviations source end year= 1990
Standard deviations=   2.4   2.1   1.8   1.3   0.9   0.7   0.6   0.7   0.9   1.4   1.8   1.9 
Obs:
1938 -99.0 -99.0 -99.0  18.9  23.4  26.6  28.0  27.9  25.2  22.3  14.4  13.2 
1939  13.2  13.3  17.4  19.8  24.2  27.0  28.0  27.8  26.4  21.8  14.3  13.6 
1940   5.6  11.6  16.4  19.1  22.7  25.9  27.6  27.7  24.4  21.1  15.9  14.1 
1941  13.4  11.4  13.7  20.6  23.8  27.1  28.5  28.6  26.5  24.0  14.6  13.4 
1942  10.1  11.7  15.3  19.5  23.8  27.3  27.5  28.0  24.6  21.8  17.5  13.2 
1943  11.4  14.6  14.8  21.2  25.0  27.6  28.3  28.7  24.4  20.3  14.4  11.8 
1944  11.3  16.3  16.5  20.8  22.9  27.8  29.1  28.8  26.3  21.1  16.6  11.3 
1945  11.4  14.8  19.9  20.4  22.8  27.2  28.3  28.3  26.6  20.3  18.6  10.8 
1946  10.9  13.5  17.8  21.4  24.1  26.2  27.9  28.3  25.8  22.3  16.8  14.3 
1947  11.2   9.4  13.3  20.8  24.1  27.6  28.1  28.1  26.7  23.9  15.0  12.8 
1948   7.8  12.7  16.5  21.9  24.8  28.0  29.0  29.2  25.2  20.9  15.8  15.0 
1949  11.5  15.0  16.9  18.9  25.6  28.1  28.4  27.8  26.7  22.2  17.1  14.5 
1950  17.3  16.3  15.8  19.4  25.5  26.8  27.9  28.0  26.3  22.8  15.9  12.8 
1951  12.1  12.9  17.2  19.4  23.9  27.8  29.0  29.9  26.4  22.4  14.5  14.5 
1952  16.7  14.9  15.6  18.3  22.9  27.4  28.1  29.2  25.8  18.8  15.0  12.1 
1953  13.6  13.2  20.3  20.4  24.8  28.8  28.9  27.8  26.3  21.9  15.5  10.8 
1954  13.6  15.9  16.0  21.9  22.4  27.4  29.3  29.1  27.4  22.8  15.5  14.1 
1955  12.3  13.4  18.1  21.8  25.0  26.3  28.4  28.2  26.8  21.5  16.4  13.4 
1956  12.4  15.1  17.0  19.8  25.2  27.1  29.0  28.8  26.8  22.9  15.5  15.0 
1957  14.4  17.1  16.2  20.3  24.7  26.9  29.7  28.8  24.9  19.9  16.3  14.1 
1958  10.2   9.9  14.3  20.6  25.1  28.6  29.3  29.0  26.5  20.9  16.9  11.4 
1959  10.2  13.5  15.7  19.3  24.9  27.9  27.9  27.9  26.7  22.3  13.2  12.8 
1960  11.0   9.8  14.1  21.0  23.3  28.0  29.3  28.0  26.4  22.9  17.9  11.5 
1961   9.7  14.4  19.3  20.0  25.0  26.9  28.1  27.9  26.5  21.4  15.4  13.5 
1962   9.6  17.7  14.9  20.0  24.3  26.6  28.9  29.9  27.4  23.7  15.6  12.6 
1963   9.1  11.4  18.3  23.6  25.3  27.8  29.1  29.1  26.9  23.9  17.8   8.4 
1964  10.9   9.7  15.8  21.2  24.3  26.9  28.7  29.1  26.3  19.9  18.3  13.3 
1965  13.3  12.8  14.8  23.0  25.1  28.3  29.5  28.6  27.3  20.8  20.6  14.9 
1966   9.1  11.6  16.4  21.4  24.4  26.6  29.0  28.0  26.4  20.9  18.2  12.3 
1967  12.7  12.5  19.8  24.3  24.4  28.1  27.8  27.3  25.3  21.4  17.8  13.0 
1968  11.5  10.2  15.0  21.7  24.6  26.9  28.0  28.9  25.9  23.1  15.4  13.1 
1969  13.7  13.8  13.4  21.3  24.1  27.4  29.6  29.7  27.3  23.3  16.0  13.9 
1970   9.3  13.7  15.1  22.3  23.0  27.0  28.6  29.0  27.1  20.7  15.1  16.9 
1971  14.7  14.3  17.0  20.1  23.8  27.3  28.9  27.4  26.4  23.4  17.2  16.6 
1972  15.0  14.4  18.9  22.9  24.2  27.8  27.9  28.3  27.9  22.3  13.6  12.6 
1973   9.8  11.9  18.9  19.0  24.1  27.0  28.9  27.5  26.7  23.3  20.9  13.1 
1974  14.0  14.6  20.0  21.0  25.6  27.2  28.5  28.3  24.6  22.9  16.6  13.4 
1975  14.8  14.1  17.2  20.8  25.0  27.4  28.4  27.9  25.2  21.9  16.9  12.3 
1976  11.4  16.4  17.9  21.0  22.5  26.3  27.8  28.3  26.1  16.8  12.1  10.4 
1977   7.1  12.9  17.1  20.1  24.7  28.3  29.0  29.4  27.8  22.2  17.7  13.0 
1978   6.3   7.9  14.9  20.4  25.4  27.6  29.0  28.7  26.5  21.3  18.3  12.1 
1979   6.9  10.9  17.1  21.0  22.9  26.8  27.9  27.9  25.1  22.0  14.1  11.9 
1980  13.0  12.2  16.4  19.1  25.1  28.5  30.1  29.2  28.0  20.1  14.4  12.5 
1981  10.4  12.3  16.4  22.9  23.8  27.6  28.5  28.5  25.9  22.3  18.0  12.9 
1982  11.8  11.4  18.0  19.8  23.8  27.8  28.9  29.1  27.0  21.7  16.7  13.6 
1983  10.9  12.1  15.3  18.5  23.3  26.5  28.0  28.5  25.2  22.0  17.8   8.3 
1984   9.2  13.5  17.4  21.0  24.8  26.5  28.0  27.8  25.2  23.8  16.4  18.3 
1985   8.9  11.3  19.3  22.0  25.3  27.7  27.4  28.4  26.7  22.9  19.6  11.5 
1986  13.5  16.3  18.3  22.0  24.3  27.6  29.4  28.5  27.9  21.3  17.5  11.8 
1987  11.2  13.8  15.9  20.2  24.9  27.5  28.7  29.6  26.3  20.9  16.3  13.8 
1988   9.6  12.6  16.4  20.2  23.5  26.8  28.2  29.4  26.8  22.3  19.1  13.8 
1989  14.6  11.9  16.3  20.8  25.5  26.6  28.1  27.8  25.9  21.8  18.0   7.6 
1990 -99.0  15.9  17.8  21.0  25.4  29.4  28.2  29.4  26.9  20.9  18.0  12.8 
1991  10.2  14.1  17.5  22.3  25.6  27.8  28.9  28.3  25.2  22.4  13.7  13.4 
1992  10.6  14.7  17.8  20.4  23.2  27.6  28.7  26.7  26.3  21.9  13.8  13.7 
1993  12.0  13.7  16.2  18.8  23.0  27.6  29.9  30.3  26.8  20.8  13.8  12.6 
1994  11.4  12.8  17.1  20.9  24.4  28.6  29.7  28.4  25.7  22.2  18.7  14.0 
1995  12.4  14.8  17.2  20.3  25.4  27.0  29.3  29.3  27.6  21.3  16.3  13.9 
1996  11.1  15.3  14.5  20.8  27.4  27.0  28.8  27.8  25.3  21.4  16.7  14.2 
1997  10.5  12.9  18.5  17.9  23.1  26.2  28.3  28.4  26.1  20.5  13.2  10.1 
1998  13.9  12.9  15.6  18.8  25.9  29.7  30.3  29.2  27.8  22.5  17.9  12.8 
1999  13.9  16.3  17.6  22.8  24.8  27.7  28.3  30.4  25.5  20.5  16.8  12.0 
2000  13.5  16.5  19.1  19.9  25.6  27.4  29.5  29.3  26.3  21.6  14.2   8.6 
2001   9.6  15.1  13.6  22.1  24.4  26.9  28.6  28.6  25.0  19.3  17.5  13.3 
2002  12.5  10.4  16.3  23.1  25.0  27.6  29.1  28.8  26.5  22.0  14.9  12.6 
2003  10.1  12.1  16.3  21.3  27.1  28.2  28.5  29.3  25.4  22.1  18.3  12.1 
2004  12.6  12.0  19.7  20.8  25.0  27.3  29.2  28.5  27.3  25.3  16.7  12.1 
2005  13.5  14.9  16.5  19.9  24.1  28.5  29.1  29.2  28.6  21.7  18.0  11.7 
2006  15.0  13.0  18.6  23.1  24.8  27.4  28.5  29.4  26.4  22.5  17.1  13.2 
2007  10.3  12.8  18.8  19.3  24.7  28.0  27.9  29.7  27.7  22.8  17.6  14.2 
2008  11.2  15.6  17.3  20.8  25.4  29.2  29.4  28.9  25.7  20.8  16.9  13.2 
2009  12.3  16.2  17.1  20.4  25.6  29.8  30.8  30.1  26.1  21.7 -99.0 -99.0 
2010   9.5   9.1  15.0  20.8  26.4  29.3  28.9  31.0  27.4  22.7  16.8 -99.0 
2011  10.7  12.8  19.2  23.8  26.0 -99.0 -99.0 -99.0 -99.0 -99.0 -99.0 -99.0 
