Number= 722500
Name= BROWNSVILLE, TEXAS
Country= UNITED STATES
Lat=   25.9
Long=   97.4
Height= 6
Start year= 1939
End year= 2011
First Good year= 1939
Source ID= 10
Source file= Jones+Anders
Jones data to= 2001
Normals source= Data
Normals source start year= 1961
Normals source end year= 1990
Normals=  15.2  16.8  20.4  24.0  26.4  28.3  29.1  29.1  27.6  24.2  20.4  16.7 
Standard deviations source= Data
Standard deviations source start year= 1941
Standard deviations source end year= 1990
Standard deviations=   2.2   1.9   1.6   1.1   0.9   0.8   0.7   0.7   0.9   1.2   1.5   1.9 
Obs:
1939 -99.0 -99.0 -99.0 -99.0 -99.0 -99.0  28.8  28.3  26.8  24.2  18.0  17.7 
1940  12.2  17.1  19.6  23.1  25.5  27.9  29.0  29.6  26.4  23.9  19.9  17.5 
1941  17.5  15.5  17.1  23.1  25.3  27.7  29.1  29.1  28.3  26.3  19.6  17.0 
1942  13.8  15.5  18.7  23.1  26.2  28.4  28.8  28.7  26.6  25.3  20.9  18.3 
1943  14.3  18.6  19.3  23.6  26.8  28.6  29.8  30.1  27.2  23.1  19.0  15.7 
1944  15.5  20.1  20.9  23.6  25.9  28.4  29.4  29.3  27.4  23.3  20.1  16.1 
1945  17.0  19.3  23.8  24.0  26.1  28.9  29.2  29.0  27.4  23.5  22.9  16.6 
1946  14.8  18.1  20.8  24.0  27.6  27.5  29.6  29.4  28.3  25.6  20.7  17.8 
1947  14.0  13.9  18.2  23.5  26.7  29.3  29.7  28.6  27.9  26.1  20.6  16.7 
1948  12.8  18.0  19.7  24.1  26.7  28.8  29.2  29.3  26.7  23.5  19.6  19.9 
1949  15.0  18.9  21.3  22.6  26.9  29.0  29.1  28.7  27.9  24.9  20.4  19.3 
1950  20.4  20.5  20.1  24.4  27.7  28.4  29.2  29.0  28.8  25.4  19.7  17.2 
1951  16.6  16.8  20.1  22.9  26.1  28.5  29.5  28.9  27.9  25.0  19.0  18.9 
1952  19.7  19.3  21.0  22.5  25.2  27.6  28.7  29.5  26.8  21.7  19.6  16.3 
1953  18.1  18.2  23.8  25.2  27.0  29.8  29.9  29.3  27.2  24.6  19.7  15.2 
1954  18.4  19.4  20.1  24.4  25.4  28.1  29.1  29.3  28.5  24.7  20.6  18.4 
1955  17.2  17.8  21.6  24.8  27.4  28.1  28.5  28.9  27.4  23.8  20.1  17.7 
1956  17.2  18.7  20.3  23.4  26.0  26.8  27.7  28.3  26.3  24.8  18.0  18.0 
1957  18.6  20.6  20.9  23.6  26.5  28.1  29.4  29.3  27.2  23.9  19.2  18.0 
1958  14.4  16.5  17.7  23.4  25.3  28.6  28.7  29.3  27.6  22.7  20.2  14.9 
1959  13.8  16.4  17.9  21.5  26.8  27.7  28.6  29.4  28.8  24.8  17.1  17.1 
1960  16.5  15.9  17.9  23.1  24.9  28.3  29.4  29.1  25.9  25.8  20.9  14.8 
1961  13.1  16.8  21.9  22.4  26.5  28.2  28.6  28.3  26.9  23.8  19.7  17.7 
1962  13.3  21.4  19.2  23.0  25.7  27.9  28.8  29.9  28.5  26.4  20.1  16.0 
1963  13.5  15.6  21.6  25.8  26.3  28.7  29.0  29.4  28.0  24.7  20.9  12.4 
1964  15.3  14.7  19.7  25.2  26.8  27.6  29.4  30.0  28.4  22.3  21.5  15.7 
1965  17.2  16.3  17.9  24.6  26.1  28.2  28.6  27.7  27.7  21.9  22.3  18.3 
1966  12.4  13.7  18.6  23.4  24.6  26.7  28.5  29.1  27.3  22.7  20.5  16.2 
1967  14.7  16.1  21.2  26.7  27.2  28.4  29.6  27.8  25.4  22.7  21.1  16.3 
1968  14.3  14.2  17.8  23.4  26.8  28.5  28.7  29.1  27.6  25.4  20.0  18.2 
1969  17.9  18.7  17.4  24.4  26.0  28.8  30.7  29.4  27.7  25.2  19.4  18.5 
1970  14.2  17.8  18.9  24.8  24.7  27.9  28.9  29.8  28.2  24.0  19.0  21.0 
1971  19.2  19.6  22.3  23.5  26.4  28.2  28.6  28.3  27.4  24.9  20.7  19.6 
1972  18.9  18.2  22.4  25.2  25.3  27.0  27.4  27.9  27.8  25.3  17.3  15.3 
1973  12.5  14.8  21.3  22.2  25.4  27.3  28.7  27.5  27.6  24.7  23.7  17.2 
1974  16.3  17.7  22.8  24.2  27.6  27.2  27.7  29.4  26.7  23.1  19.2  16.2 
1975  16.5  17.8  21.7  24.8  27.7  28.1  28.0  28.0  25.7  23.8  20.1  16.3 
1976  15.1  18.7  21.7  23.4  24.3  27.6  27.4  27.9  27.6  21.2  16.0  14.1 
1977  12.8  16.6  20.6  23.2  26.8  28.1  29.2  29.9  29.1  25.1  21.0  18.0 
1978  12.6  13.3  19.3  23.8  28.5  29.4  30.4  29.7  27.9  24.4  21.8  17.2 
1979  13.5  15.3  20.6  24.5  25.0  27.8  29.7  29.2  25.4  24.8  18.5  15.4 
1980  17.7  15.9  20.9  22.2  27.8  30.5  30.8  29.4  29.4  23.1  17.3  16.4 
1981  15.4  17.2  20.1  25.0  26.8  29.1  29.6  29.8  27.6  25.3  21.6  18.2 
1982  17.1  16.2  22.1  24.4  26.7  29.8  30.5  30.2  28.6  25.0  20.2  16.9 
1983  15.4  17.1  20.1  22.8  26.6  28.6  29.2  29.8  27.6  24.6  21.9  13.0 
1984  13.3  16.9  20.9  24.6  26.3  28.2  29.0  29.2  26.3  26.3  20.4  21.3 
1985  12.4  15.1  21.9  24.4  27.0  28.1  28.3  29.4  27.8  24.8  22.8  15.8 
1986  16.1  18.8  20.6  25.0  26.3  28.4  29.3  29.3  29.1  24.6  19.3  15.7 
1987  15.2  17.8  17.9  20.9  26.4  28.1  29.1  30.1  28.3  23.4  19.9  17.9 
1988  13.1  16.3  19.4  23.0  25.7  27.7  29.8  29.2  27.1  24.4  22.4  17.8 
1989  19.0  16.2  19.5  23.5  27.8  29.1  28.9  29.1  27.2  23.6  21.4  11.0 
1990  18.4  19.4  21.2  24.2  27.2  29.7  29.2  29.7  27.4  23.8  21.6  16.6 
1991  14.7  18.0  23.0  25.6  27.6  29.3  28.9  30.0  26.4  25.1  18.1  17.9 
1992  14.4  18.6  21.3  22.7  24.9  28.9  29.7  29.1  27.8  24.7  19.1  18.2 
1993  16.2  18.7  20.3  23.0  25.4  27.9  29.3  29.8  28.3  23.9  18.8  17.7 
1994  17.0  17.6  20.1  23.4  26.6  29.0  29.8  28.3  26.4  24.6  23.3  18.7 
1995  16.4  19.7  19.5  23.6  28.1  28.4  29.5  28.7  27.9  24.0  20.0  17.5 
1996  16.0  17.6  18.4  22.2  28.1  29.3  30.1  29.3  27.6  24.5  20.9  17.9 
1997  14.5  17.9  21.0  21.5  25.1  28.0  29.7  29.6  27.9  23.5  18.7  15.4 
1998  18.5  18.1  20.0  22.3  27.5  30.7  30.6  30.3  28.2  24.8  22.3  16.6 
1999  18.1  20.5  21.6  25.3  27.4  28.8  28.8  29.7  26.8  23.5  20.6  16.7 
2000  18.9  21.3  23.6  24.2  28.1  29.0  29.8  28.9  28.1  23.8  20.3  14.0 
2001  15.3  19.7  19.4  25.6  27.0  29.8  29.8  30.3  27.6  24.6  21.3  18.0 
2002  17.7  15.4  20.8  26.1  27.5  29.1  29.3  30.2  28.1  25.7  19.0  17.2 
2003  14.9  16.5  20.2  23.8  28.4  29.0  28.9  29.2  27.2  24.2  21.8  16.7 
2004  17.0  16.8  22.4  23.6  26.3  29.1  30.2  30.1  27.7  26.9  22.1  16.9 
2005  19.3  19.0  20.8  23.4  26.4  29.5  30.0  30.4  29.3  25.2  21.4  16.9 
2006  18.4  18.0  23.3  26.6  27.6  28.4  29.5  30.2  28.0  24.8  21.5  16.5 
2007  13.9  17.7  22.0  22.1  26.0  28.4  29.2  29.6  28.0  24.9  21.3  18.9 
2008  16.2  20.5  21.0  24.2  27.0  29.5  28.1  29.6  26.6  23.6  20.6  17.4 
2009  17.7  20.7  20.8  24.2  27.4  29.0  30.5  30.1  27.8  25.4  20.2  14.3 
2010  16.1  15.0  19.0  24.0  28.0  29.8  29.4  30.6  28.1  24.9  21.1  18.4 
2011  16.8  17.1  22.8  26.9  28.2 -99.0 -99.0 -99.0 -99.0 -99.0 -99.0 -99.0 
