Number= 722560
Name= TX WACO/MADISON-COO
Country= PER
Lat=   31.6
Long=   97.2
Height= 152
Start year= 1938
End year= 2011
First Good year= 1938
Source ID= 10
Source file= Jones+Anders
Jones data to= 2001
Normals source= Data
Normals source start year= 1961
Normals source end year= 1990
Normals=   7.5   9.9  14.6  19.5  23.5  27.5  29.8  29.8  26.0  20.4  14.4   9.2 
Standard deviations source= Data
Standard deviations source start year= 1941
Standard deviations source end year= 1990
Standard deviations=   2.3   2.1   2.0   1.6   1.1   1.1   1.2   1.1   1.3   1.5   1.7   2.0 
Obs:
1938 -99.0 -99.0 -99.0 -99.0  23.3  27.4  28.4  29.4  26.2  22.4  13.5  11.0 
1939 -99.0 -99.0 -99.0 -99.0 -99.0 -99.0 -99.0 -99.0 -99.0 -99.0 -99.0 -99.0 
1940 -99.0 -99.0  16.4  18.9  23.6  25.8  28.1  28.7  24.8  21.2  12.9  10.5 
1941  10.4   9.0  11.5  18.9  23.9  26.0  28.6  29.0  26.8  22.4  13.4  10.7 
1942   7.2   9.6  14.3  18.7  22.3  27.3  28.5  28.7  23.6  19.4  16.3  10.6 
1943   8.5  13.2  11.9  21.5  24.1  28.4  29.5  30.3  24.8  19.5  13.5   8.6 
1944   8.3  12.2  13.8  18.9  22.3  28.3  30.1  29.7  25.7  20.7  15.2   7.8 
1945   8.8  11.0  17.8  18.5  23.1  27.1  28.5  28.9  26.2  18.7  16.6   8.1 
1946   8.4  11.9  16.6  20.9  22.9  26.4  29.4  29.6  25.3  21.3  14.3  12.0 
1947   8.3   7.4  11.3  18.9  22.5  27.9  29.1  29.8  26.4  24.1  12.1  10.2 
1948   5.1   9.5  13.2  21.8  24.2  29.0  29.6  30.1  25.4  19.8  13.9  11.6 
1949   5.5  10.6  14.5  17.3  25.1  27.6  29.3  28.3  26.1  20.0  15.9  11.0 
1950  11.0  12.6  14.2  18.3  23.9  26.9  28.4  28.9  25.0  22.3  13.7   9.2 
1951   8.7  10.9  15.8  18.9  23.2  27.6  31.2  32.1  26.5  21.3  12.3  10.8 
1952  13.8  13.3  13.9  17.3  22.4  28.2  29.2  31.6  26.1  17.9  13.4   8.8 
1953  12.0  10.8  17.1  18.1  22.9  29.8  29.3  28.7  25.9  21.0  13.1   8.2 
1954   9.2  13.7  13.9  22.2  21.8  28.4  31.6  30.9  27.9  21.9  14.0  11.2 
1955   9.2  10.7  15.5  21.3  24.5  26.0  29.4  28.3  27.1  20.4  14.0   9.8 
1956   8.6  11.4  15.4  19.1  25.7  28.8  30.8  30.5  27.4  22.5  12.7  11.7 
1957   8.1  14.0  13.5  17.9  23.1  27.3  30.8  30.2  24.8  18.0  12.3  12.4 
1958   8.2   8.0  11.1  17.9  23.9  28.0  29.9  29.5  25.8  19.3  15.1   7.8 
1959   7.4  10.1  14.5  17.6  24.7  27.0  28.6  28.8  26.3  19.6  10.2  11.1 
1960   8.3   7.6  11.4  20.6  22.9  28.1  29.3  28.9  26.5  21.7  15.1   7.8 
1961   6.3  11.8  16.4  18.9  23.9  25.7  27.4  27.9  25.6  20.3  12.5   9.5 
1962   6.1  13.9  13.4  19.1  25.0  26.6  30.0  31.1  26.9  22.4  14.3   9.5 
1963   4.9   9.3  17.3  22.2  24.6  28.7  30.8  30.8  27.1  23.8  15.3   5.1 
1964   8.2   7.5  14.1  20.4  24.1  28.1  31.0  30.4  25.9  18.8  16.1  10.3 
1965  10.8   9.0  10.6  22.1  24.2  28.1  30.6  30.0  26.6  18.9  17.3  11.3 
1966   5.6   7.9  13.1  18.7  23.1  27.4  31.4  29.0  25.8  20.1  17.4   8.6 
1967   9.1   9.3  18.5  23.3  22.9  29.4  30.5  29.5  24.9  20.2  14.9   9.7 
1968   8.2   8.3  13.4  18.2  22.8  26.6  28.3  29.8  24.6  21.5  13.3   9.5 
1969  10.6  10.7  11.0  20.0  24.0  28.1  32.5  31.2  26.9  20.4  13.8  10.3 
1970   5.4  10.0  11.5  20.0  22.7  27.1  29.5  31.1  26.4  19.0  13.3  13.6 
1971  10.9  11.6  16.0  19.9  23.9  28.9  29.9  26.9  26.1  21.8  14.7  11.9 
1972   8.5  11.6  17.5  21.6  22.9  28.2  27.9  29.1  27.4  19.8  10.4   6.7 
1973   5.7   8.4  15.8  16.2  22.0  25.2  28.8  29.1  26.2  21.1  17.3  10.0 
1974   7.4  11.9  18.1  19.6  25.1  26.7  30.4  29.1  22.1  21.0  13.7   7.9 
1975   9.1   8.3  12.5  17.8  22.2  26.5  27.8  29.2  25.1  21.4  15.4  10.3 
1976   8.2  15.0  15.8  19.0  21.5  26.9  27.9  29.8  25.5  15.8  10.1   7.5 
1977   3.3  11.5  15.4  19.6  24.7  29.2  31.7  31.1  29.8  21.9  15.6  10.9 
1978   3.2   5.5  13.5  21.2  24.7  28.7  31.8  30.1  27.4  20.8  14.0   8.1 
1979   2.4   6.9  14.7  18.3  20.8  26.1  27.9  27.6  24.1  21.3  11.3   9.6 
1980   8.2   9.3  13.3  16.9  23.1  29.6  31.8  30.8  27.3  18.7  13.3  10.8 
1981   8.1  10.1  13.1  21.1  22.5  27.6  29.9  28.8  25.3  20.5  14.9   9.3 
1982   8.2   8.6  16.6  18.0  23.9  26.9  30.2  31.2  26.9  20.4  14.4  10.2 
1983   7.5   9.4  13.0  16.6  21.9  26.2  29.0  29.8  25.2  21.0  15.1   3.5 
1984   5.4  10.8  14.9  18.6  24.6  28.0  30.0  30.3  24.8  20.6  13.3  12.7 
1985   4.7   7.9  16.4  20.2  24.9  27.8  29.6  30.8  25.3  20.8  15.4   7.2 
1986  10.3  11.7  16.0  20.6  23.1  27.5  30.8  29.2  28.4  19.5  12.8   8.5 
1987   7.7  11.0  12.9  18.2  24.0  26.9  29.1  30.7  25.1  19.8  13.9   9.6 
1988   6.8   9.6  14.4  19.2  23.1  26.6  30.0  31.2  26.8  20.3  16.0  10.4 
1989  10.9   7.1  14.6  20.1  24.7  26.1  29.0  28.8  24.2  21.3  15.3   4.7 
1990  12.2  12.7  15.6  19.3  24.3  30.2  29.3  30.5  27.0  19.8  16.4   8.3 
1991   6.8  12.1  15.9  20.7  24.3  27.4  29.6  28.6  24.8  21.1  12.2  11.2 
1992   9.2  12.8  16.2  19.6  22.4  27.4  30.2  27.5  26.8  21.6  12.3  10.7 
1993   8.0  10.2  13.9  17.7  22.3  27.8  29.8  30.4  25.5  18.1  10.8   9.8 
1994   7.8  10.1  15.2  18.9  22.1  28.3  29.9  29.2  24.8  20.1  15.3  10.2 
1995   9.9  11.5  13.7  18.2  22.8  25.4  29.0  28.9  25.0  19.5  12.9  10.3 
1996   7.0  12.2  12.2  18.5  27.0  27.9  30.6  28.6  23.8  19.6  14.4  10.4 
1997   7.3  10.0  14.8  15.9  21.7  26.2  29.5  28.8  27.4  20.2  11.5   8.2 
1998  10.9  10.9  13.5  18.4  25.9  30.1  32.3  30.2  27.8  21.4  15.2   9.1 
1999  11.0  14.2  14.1  20.3  23.2  27.8  29.5  31.5  26.4  20.7  16.6  10.7 
2000  10.7  14.3  16.6  19.2  24.8  26.8  29.9  30.9  26.4  21.7  11.3   5.4 
2001   7.3  11.7  11.7  20.7  24.2  27.3  31.2  30.3  24.6  18.8  15.9  10.5 
2002   9.4   8.6  13.7  21.4  23.6  26.8  28.8  29.6  26.4  19.2  13.0   9.8 
2003   8.1   8.7  14.2  19.8  24.7  26.5  29.4  29.5  24.3  20.7  16.0  10.5 
2004  10.1   8.5  17.2  19.2  23.8  26.4  28.2  27.6  25.5  23.3  14.5   9.9 
2005  10.7  12.0  14.4  18.9  23.0  28.0  29.5  29.4  28.2  20.4  16.4   8.9 
2006  12.9  10.4  16.9  22.7  24.4  27.7  30.3  31.6  26.2  20.7  14.6  10.4 
2007   6.2  10.2  17.4  17.0  23.0  26.8  27.3  29.7  26.7  21.3  15.8   9.7 
2008   7.7  12.2  14.8  18.7  24.1  28.9  30.2  29.1  24.1  19.5  14.8   9.2 
2009   9.6  13.8  16.0  18.3  23.9  29.8  30.9  31.0  25.2  18.5  15.3   6.8 
2010   6.7   6.5  13.5  19.3  25.1  29.7  30.2  31.8  26.6  20.3  16.9  10.6 
2011   7.3  10.6  16.9  22.5  24.2 -99.0 -99.0 -99.0 -99.0 -99.0 -99.0 -99.0 
