Number= 722670
Name= TX LUBBOCK/LUBBOCK
Country= INTL
Lat=   33.7
Long=  101.8
Height= 992
Start year= 1947
End year= 2011
First Good year= 1947
Source ID= 10
Source file= Jones+Anders
Jones data to= 2001
Normals source= Data
Normals source start year= 1961
Normals source end year= 1990
Normals=   3.6   6.1  10.7  16.1  20.8  25.0  26.6  25.5  21.7  16.3   9.8   4.8 
Standard deviations source= Data
Standard deviations source start year= 1947
Standard deviations source end year= 1990
Standard deviations=   2.2   2.0   2.1   1.7   1.3   1.3   1.3   1.1   1.3   1.4   2.0   1.7 
Obs:
1947   3.0   3.2   7.3  13.7  19.2  25.7  26.7  25.7  22.9  18.9   6.3   5.5 
1948   1.6   4.8   7.5  18.6  20.8  26.1  26.8  26.6  21.9  15.5   7.6   6.6 
1949  -0.4   6.3  10.6  13.9  20.5  24.5  26.5  24.5  20.9  14.9  12.3   5.1 
1950   6.1   8.7   9.9  15.2  20.1  25.3  24.5  24.4  20.4  18.3   9.1   4.6 
1951   3.1   6.7   9.1  14.0  20.3  24.5  27.8  26.6  22.3  16.5   7.2   5.7 
1952   6.9   6.8   8.8  14.2  20.0  27.0  25.4  27.5  20.9  14.8   7.0   4.6 
1953   8.1   5.9  12.9  14.5  19.5  28.4  27.0  25.8  22.3  16.3   9.5   3.4 
1954   5.3   9.4   9.2  18.1  17.5  25.3  27.3  26.4  23.8  16.6  10.3   5.9 
1955   4.3   4.4  10.0  16.2  20.5  24.3  26.0  25.5  22.2  15.8   8.4   6.9 
1956   4.7   3.6  11.0  14.7  22.6  26.6  26.6  25.7  23.1  17.6   7.4   6.6 
1957   4.5   9.8   9.8  13.2  18.2  23.9  27.4  26.1  20.3  14.6   5.9   6.7 
1958   2.7   4.8   5.2  13.0  20.5  26.3  27.2  26.1  22.1  15.3   9.9   4.2 
1959   3.3   5.8   9.4  14.8  21.1  24.8  25.1  26.2  22.7  14.6   6.9   5.7 
1960   3.0   2.2   7.7  16.7  20.5  25.9  25.4  26.0  22.5  16.7  10.4   2.6 
1961   2.0   5.3  10.3  15.7  20.8  23.9  24.6  24.4  21.0  16.2   7.1   4.1 
1962   1.3   9.1   8.6  15.8  23.7  23.8  25.9  25.6  21.5  17.0  10.3   5.8 
1963   0.4   5.8  11.7  17.9  21.4  24.6  27.7  26.1  22.7  18.8  10.4   2.6 
1964   3.8   2.5   9.6  16.4  21.8  24.8  27.8  26.6  21.6  16.7  10.3   6.0 
1965   6.8   4.6   6.0  17.6  21.7  25.3  27.6  25.5  22.7  17.5  14.1   8.3 
1966   1.2   4.7  13.1  15.8  21.0  25.8  29.7  24.9  22.0  16.1  13.1   3.3 
1967   4.8   5.3  13.2  17.8  18.9  24.0  25.0  23.8  20.3  15.8   9.6   2.7 
1968   4.8   3.6   9.1  12.9  18.6  23.6  24.1  23.4  19.3  16.6   8.1   4.4 
1969   7.2   6.3   5.3  16.5  20.2  24.9  28.5  26.4  21.2  13.6   9.2   6.2 
1970   3.0   7.5   7.9  14.7  20.4  24.3  27.1  26.1  21.9  13.7   9.3   7.3 
1971   5.2   5.9  10.6  15.4  20.4  25.8  26.7  23.0  21.3  16.6  10.4   6.5 
1972   5.2   7.7  13.5  18.7  19.6  24.9  24.7  23.5  21.6  15.3   5.8   3.3 
1973   1.6   4.6  10.8  12.8  19.9  24.9  25.1  25.4  21.3  17.7  11.9   5.6 
1974   5.2   7.5  14.7  17.3  23.9  25.9  27.0  23.6  17.8  15.5   8.9   4.8 
1975   4.9   5.0   9.7  14.8  19.8  25.2  24.1  25.3  19.7  16.9  10.1   6.0 
1976   4.2  10.6  11.2  16.9  18.9  25.0  23.9  25.5  21.1  12.3   5.9   4.6 
1977   1.4   7.9  11.1  15.8  22.1  26.3  26.8  26.4  25.2  17.4  11.3   7.2 
1978   0.0   1.1  10.9  18.4  21.2  26.1  28.3  25.7  22.2  16.7   9.9   3.4 
1979  -0.2   5.5  11.6  16.5  20.7  24.8  27.6  25.2  22.9  18.1   7.6   5.8 
1980   4.6   6.8  10.4  15.0  20.4  28.4  29.1  27.0  22.8  15.7   7.8   7.6 
1981   5.4   7.0  10.7  17.8  20.1  26.4  27.6  24.6  21.4  15.4  11.9   6.6 
1982   4.3   5.8  12.1  15.1  19.9  23.1  26.7  27.2  23.6  15.9   9.2   3.5 
1983   0.3   6.0  10.5  12.6  18.8  23.3  27.0  26.9  23.7  17.5  11.3  -0.2 
1984   3.2   7.4   9.7  14.4  21.8  24.9  25.7  25.6  20.7  15.3   9.7   6.6 
1985   2.0   5.5  11.3  17.2  21.1  24.1  26.5  27.5  21.9  16.2   9.9   3.3 
1986   6.9   7.5  13.6  17.9  21.0  24.4  27.7  25.3  21.9  15.4   8.3   4.7 
1987   3.4   7.2   8.9  14.9  20.4  24.5  26.4  26.3  21.6  17.3   9.9   4.2 
1988   2.4   6.0  10.1  15.5  20.4  25.5  26.3  26.5  21.9  17.1  11.1   5.5 
1989   7.0   3.6  12.5  18.2  22.8  23.6  27.4  26.1  20.6  17.8  10.6   1.9 
1990   6.2   8.3  10.9  16.4  20.8  29.1  25.4  25.8  23.1  16.4  11.8   3.8 
1991   3.2   9.4  12.2  17.7  23.2  25.3  26.4  25.5  20.0  16.8   7.3   6.2 
1992   4.2   9.2  12.8  16.9  19.6  24.2  27.1  24.7  22.9  17.9   8.0   5.4 
1993   4.1   5.7  10.6  15.7  20.7  25.8  27.9  26.6  22.2  15.2   7.5   6.2 
1994   4.8   6.7  11.7  16.2  20.8  28.1  27.8  27.1  22.9  17.2  11.1   7.4 
1995   5.8   8.9  11.0  15.9  20.1  24.9  28.2  26.7  20.9  16.4  10.8   5.8 
1996   4.1   8.5   8.9  16.1  24.8  25.9  26.6  24.8  20.6  15.9   9.7   6.6 
1997   3.4   5.1  12.1  12.1  19.3  23.6  27.0  26.1  23.7  15.8   7.5   2.8 
1998   6.7   6.1   8.9  14.0  23.4  27.4  28.8  24.9  24.6  17.8  11.3   5.0 
1999   6.4   9.9  10.0  15.4  18.9  23.9  26.8  27.4  19.7  15.7  12.4   4.9 
2000   6.1  10.5  12.1  16.7  23.7  23.3  26.9  27.4  23.6  16.8   6.4   1.7 
2001   2.6   6.9   9.0  17.9  21.2  27.0  29.6  26.5  22.2  16.5  11.4   5.9 
2002   5.7   5.7   9.4  17.2  21.2  25.9  26.5  27.5  22.5  14.6   8.6   5.5 
2003   5.6   6.3  11.8  17.0  21.7  23.6  28.1  27.5  21.6  18.5  11.0   6.4 
2004   6.2   5.4  13.7  15.7  22.5  24.8  26.2  24.2  21.4  16.8   8.4   5.7 
2005   6.4   7.8  10.3  15.2  20.6  26.1  26.3  25.1  24.4  16.6  11.2   5.2 
2006   8.5   7.3  12.2  19.0  23.1  26.9  28.2  27.0  20.3  16.1  11.1   5.3 
2007   2.4   6.5  13.1  13.2  19.3  23.7  25.2  26.5  23.5  18.4  10.4   5.5 
2008   4.7   8.6  11.3  16.0  21.3  27.2  26.2  25.3  20.5  16.3  10.6   5.9 
2009   5.6   9.6  13.2  16.2  20.7  26.4  27.3  27.2  21.3  14.5  11.5   2.2 
2010   4.1   4.1  10.7  16.1  20.8  27.2  25.2  26.8  23.8  17.6  10.5   7.5 
2011   4.4   5.5  13.1  18.6  21.5 -99.0 -99.0 -99.0 -99.0 -99.0 -99.0 -99.0 
