Number= 722693
Name= JORNADA-EXPERIMENTAL
Country= USA---------
Lat=   32.6
Long=  106.7
Height= 1300
Start year= 1914
End year= 2007
First Good year= 1914
Source ID= 10
Source file= Jones+Anders
Jones data to= 1996
Normals source= Data
Normals source start year= 1961
Normals source end year= 1990
Normals=   3.7   6.1   9.3  13.9  18.3  23.6  26.0  24.4  20.9  14.9   8.4   4.0 
Standard deviations source= Data
Standard deviations source start year= 1941
Standard deviations source end year= 1990
Standard deviations=   1.6   1.6   1.5   1.5   1.2   1.2   1.0   1.1   1.2   1.2   1.4   1.3 
Obs:
1914   6.6   5.9   9.3  14.6  18.6  23.3  24.2  24.8  23.0  15.1  10.2   3.8 
1915   2.4   5.9   7.6  12.7  16.2  22.1  25.3  23.1  21.2  14.2   9.2   4.7 
1916   8.0   8.3  12.0  13.7  17.6  24.8  24.2  24.3  21.2  15.9   7.6   3.4 
1917   4.5   5.8   7.4   8.7  12.7  21.3  24.8  24.3  22.3  13.1   9.4   5.9 
1918   0.9   9.0  11.8  13.8  16.9  26.1  26.5  24.9  22.2  16.8   6.1   0.7 
1919  -0.6   3.7   8.6  13.6  19.3  22.8  24.9  24.6  20.4  15.2  10.4   5.8 
1920   5.8   9.6   9.2  12.2  19.9  22.9  25.9  25.7  19.4  14.4   7.9   2.2 
1921   5.9   6.3  11.6  12.7  18.7  24.4  25.2  24.7  22.3  14.8   9.6   6.4 
1922   3.3   9.2   8.8  13.2  19.9  25.8  26.2  27.0  21.4  14.8   6.1   4.9 
1923   4.2   5.8   7.2  13.5  17.6  24.6  26.9  24.9  20.0  14.8   8.4   2.2 
1924   2.2   5.9   7.8  12.9  19.2  25.8  26.3  26.4  22.3  16.1   9.9   3.2 
1925   1.4   8.0  11.8  16.0  20.7  25.1  27.4  25.2  22.1  16.4   7.4   2.2 
1926   0.8   7.1   9.1  13.9  18.2  24.0  25.1  24.6  23.2  16.2   9.0   4.6 
1927   6.1   9.1   9.2  14.8  20.0  23.6  26.9  24.7  21.9  14.7  10.9   2.9 
1928   5.4   5.8  10.8  12.6  19.2  23.6  26.0  24.0  20.8  16.6   8.1   3.7 
1929   3.4   5.8  10.4  15.9  18.8  24.8  26.6  24.7  22.7  15.6   6.2   4.2 
1930   3.7   8.0   8.8  16.6  17.6  25.2  26.4  25.6  22.0  16.3   7.9   3.2 
1931   3.9   7.6   9.2  14.6  19.2  24.4  26.8  24.1  23.8  16.9   8.8   3.9 
1932   2.3   8.3   7.6  12.6  16.8  21.2  24.9  24.4  20.1  13.5   6.2   2.2 
1933   3.0   4.6  11.1  12.0  17.1  23.8  26.9  25.6  24.0  16.8   9.0   5.5 
1934   2.7   8.1  11.8  16.8  22.0  24.4  27.6  26.9  22.3  16.9   9.2   5.9 
1935   6.2   6.3  11.1  15.1  17.3  24.4  27.6  25.4  20.4  16.6   7.7   4.3 
1936   4.3   7.4  10.4  15.0  20.3  24.7  25.7  25.2  21.1  14.9   7.4   4.5 
1937   1.6   6.1   8.3  13.6  18.7  23.4  26.2  26.2  22.4  15.3   8.3   4.6 
1938   4.3   8.0  10.4  13.8  18.6  24.7  24.3  23.9  20.8  15.8   6.0   4.4 
1939   4.0   2.2   9.8  14.4  18.7  24.2  25.9  24.8  22.2  13.9   8.0   4.9 
1940   2.7   6.2  10.5  14.1  19.6  23.6  26.2  25.0  22.2  15.7   7.4   6.4 
1941   4.2   8.1   9.4  11.8  19.0  21.9  25.6  24.4  21.9  15.5   9.2   5.2 
1942   4.8   5.4   8.0  13.8  18.1  24.1  26.6  25.1  21.2  15.4  10.8   7.4 
1943   6.4   8.8  10.4  16.4  20.4  24.9  26.3  27.3  21.9  14.8   7.4   4.1 
1944   2.4   6.6   9.0  12.7  17.8  23.1  26.1  25.6  21.1  16.0   8.1   3.8 
1945   4.7   7.6   9.2  13.1  19.0  22.6  26.3  26.4  22.4  15.7   8.3   3.1 
1946   3.0   5.4  10.2  16.4  18.3  25.4  26.3  26.0  23.1  15.8   7.4   6.0 
1947   2.6   6.5  10.1  13.9  20.3  23.8  27.0  25.5  22.2  16.3   6.9   2.8 
1948   2.6   6.5   7.9  15.7  19.8  25.6  27.1  26.2  22.5  15.8   5.5   6.1 
1949   3.0   6.2  10.9  14.2  18.9  24.3  26.6  25.3  22.1  14.4   9.7   3.9 
1950   5.7   8.1  10.8  16.0  18.5  25.6  25.6  24.4  21.1  18.2   8.8   5.7 
1951   4.2   5.8  10.0  14.2  19.5  23.3  28.6  26.6  23.3  16.4   8.1   5.7 
1952   7.1   5.6   8.1  14.7  19.7  26.1  26.2  26.4  21.8  15.5   7.4   3.4 
1953   6.0   5.2  10.5  15.7  16.2  26.0  27.1  25.6  22.0  15.7  10.9   1.4 
1954   5.2   8.2   9.9  17.8  20.2  24.8  27.0  25.6  23.7  17.7   9.7   5.1 
1955   3.4   4.2  10.8  13.8  17.6  22.7  25.3  24.8  21.1  15.3   7.8   5.6 
1956   6.3   4.9  10.8  12.8  19.8  25.8  24.5  23.3  20.2  15.8   5.8   4.3 
1957   7.3  11.3  10.7  13.7  17.6  24.2  26.9  24.3  20.4  14.9   7.7   3.7 
1958   2.5   7.4   8.2  13.5  19.7  25.6  26.2  25.2  20.7  14.3   8.3   3.7 
1959   4.1   6.0   8.3  15.1  18.1  24.8  26.0  24.3  19.3  14.1   5.9   2.7 
1960   2.3   4.6  11.5  14.8  18.4  24.9  24.3  24.6  20.8  15.4   9.1   0.7 
1961   4.5   6.1   9.9  14.2  18.8  23.7  25.3  24.5  20.5  14.3   7.2   4.1 
1962   3.2   8.0   6.9  15.0  17.0  21.6  23.9  23.7  21.8  15.8   7.7   2.9 
1963  -0.1   4.9   7.1  12.2  16.6  23.6  24.8  21.8  22.5  16.8   9.5   3.1 
1964   1.1   1.8   8.3  13.3  19.1  23.2  26.2  24.3  19.8  14.5   8.5   4.3 
1965   6.1   5.4   8.9  14.6  19.2  22.9  27.3  25.8  21.9  15.4  11.3   5.4 
1966   2.2   3.9  10.1  15.2  20.5  24.1  26.9  24.6  21.3  14.6  10.5   3.8 
1967   2.8   7.0  13.0  15.6  18.1  24.2  27.7  24.6  21.5  15.5   9.9   3.7 
1968   4.7   8.4   9.4  12.8  18.3  24.1  25.9  23.9  20.3  15.8   8.2   3.3 
1969   6.7   6.4   6.8  15.4  19.4  24.2  27.3  27.4  21.9  16.1   8.3   5.4 
1970   3.5   6.6   8.3  12.4  18.5  23.4  26.8  25.1  20.9  12.1   7.9   5.7 
1971   3.8   6.1   6.6  13.4  18.0 -99.0  27.2  24.3  21.8  14.4   9.0   4.9 
1972   4.7   5.9  12.4  13.9  18.1  23.8  26.2  24.3  20.8  16.7   5.8   4.6 
1973   2.4   5.2   8.5  10.8  17.4  22.6  25.3  24.1  21.4  14.3   9.4   4.3 
1974   4.7   3.9  11.9  13.8  20.1  25.3  25.1  22.9  19.8  15.7   8.2   2.6 
1975   3.5   5.8   9.2  11.1  16.2  23.0  25.1  25.3  20.4  14.7   8.3   3.8 
1976   2.8   8.7  10.3  14.8  18.2  23.8  24.6  24.3  17.7  12.6   6.2   1.7 
1977   3.4   5.9   6.7  14.2  18.4  24.3  25.9  26.4  23.2  16.4   9.2 -99.0 
1978   4.9   6.1  11.1  15.3  18.7  24.9  27.7  24.3  20.4  15.7  10.2   3.6 
1979   2.4   5.1   8.5  12.8  17.3  21.8  26.1  22.8  20.2  14.1   4.8   3.1 
1980   5.7   6.3   7.7  11.9  17.3  24.9  27.2  25.3  21.6  13.5   6.3   5.3 
1981   5.3   5.9   8.2  15.2  18.6  24.8  26.7  23.7  20.8  14.7   9.2   5.8 
1982   4.3   6.7  10.0  15.8  16.9  22.7  26.3  25.8  21.3 -99.0 -99.0 -99.0 
1983 -99.0 -99.0   9.2  11.0  16.4  21.6 -99.0 -99.0  23.2  15.6   9.4   5.3 
1984   3.4 -99.0  10.2  14.0  21.5  24.0  25.7  23.7  20.5  12.7   7.7   4.6 
1985   3.5   5.5  10.4  15.0  18.8  23.3  25.3  24.4  19.8  14.6   8.9   4.1 
1986   4.8   9.0  10.9  15.7  18.4  23.6  25.0  25.0  20.5  14.0   7.7   4.0 
1987   2.5   5.6   7.8  13.0  17.4  22.8  24.9  24.1  19.6  16.4   7.2   2.1 
1988   2.7   6.8   8.9  12.6  18.3  23.3  25.0 -99.0  19.6  16.5   8.9   4.1 
1989   3.3   7.6  12.1  16.2  19.7  23.1 -99.0  24.3  20.6  14.6   8.5   2.3 
1990   3.2   5.2  10.4  15.3  18.5  26.7  25.2  23.1  21.7  14.4   8.9   3.9 
1991   4.2   7.7   8.6  13.6  18.5  22.6  24.6  23.8  19.9  15.3   7.5   4.1 
1992   1.8   6.5   9.6  14.8  18.3  21.5  25.1  24.2  21.1  15.3   6.0   3.7 
1993   6.3   7.3   9.9  14.2  18.7  23.4  26.1 -99.0  20.8  14.0   7.3   3.9 
1994   3.8   5.3  10.7  14.5  19.6  26.9  27.6  27.0  21.9  15.2   8.8   5.5 
1995   4.7   9.4  11.3  12.5  18.6  23.8  25.7  26.6  21.8  15.3  10.2   5.1 
1996   4.7   9.5   9.8  14.7  21.4  26.2  27.1  24.8  20.5  15.3   8.8 -99.0 
1997 -99.0 -99.0 -99.0 -99.0 -99.0 -99.0 -99.0 -99.0 -99.0 -99.0 -99.0 -99.0 
1998 -99.0 -99.0 -99.0 -99.0 -99.0 -99.0 -99.0 -99.0 -99.0 -99.0 -99.0 -99.0 
1999 -99.0 -99.0 -99.0 -99.0 -99.0 -99.0 -99.0 -99.0 -99.0 -99.0 -99.0 -99.0 
2000 -99.0 -99.0 -99.0 -99.0 -99.0 -99.0 -99.0 -99.0 -99.0 -99.0 -99.0 -99.0 
2001 -99.0 -99.0 -99.0 -99.0 -99.0 -99.0 -99.0 -99.0 -99.0 -99.0 -99.0 -99.0 
2002 -99.0 -99.0 -99.0 -99.0 -99.0 -99.0 -99.0 -99.0 -99.0 -99.0 -99.0 -99.0 
2003 -99.0 -99.0 -99.0 -99.0 -99.0 -99.0 -99.0 -99.0 -99.0 -99.0 -99.0 -99.0 
2004 -99.0 -99.0 -99.0 -99.0 -99.0 -99.0 -99.0 -99.0 -99.0 -99.0 -99.0 -99.0 
2005 -99.0 -99.0 -99.0 -99.0 -99.0 -99.0 -99.0 -99.0 -99.0 -99.0 -99.0 -99.0 
2006 -99.0 -99.0 -99.0 -99.0 -99.0 -99.0 -99.0 -99.0 -99.0 -99.0 -99.0 -99.0 
2007 -99.0 -99.0 -99.0 -99.0 -99.0 -99.0 -99.0 -99.0 -99.0 -99.0 -99.0 -99.0 
