Number= 722688
Name= FORT STANTON
Country= USA
Lat=   33.5
Long=  105.5
Height= 1896
Start year= 1901
End year= 1970
First Good year= 1901
Source ID= 10
Source file= Jones
Jones data to= 1970
Normals source= Extrapolated
Normals source start year= 1951
Normals source end year= 1970
Normals=   1.6   3.1   6.3  10.3  14.7  19.5  20.9  20.0  16.3  11.3   6.0   2.4 
Standard deviations source= Data
Standard deviations source start year= 1941
Standard deviations source end year= 1970
Standard deviations=   2.1   1.8   1.8   1.3   1.1   1.0   0.8   0.9   1.1   1.1   1.5   1.2 
Obs:
1901   4.2   1.2   5.5   8.2  14.2  19.8  20.3  20.8  16.2  11.6   7.8   1.9 
1902   2.6   3.6   4.7  11.8  14.3  21.6  19.3  20.1  15.9  11.4   4.8   2.6 
1903   2.0  -0.4   5.2  13.2  12.8  15.8  21.4  20.6  16.3   8.9   6.6   0.8 
1904   0.1   6.9   8.0  10.3  15.2  18.7  21.2  19.6  16.6  10.4   4.9   2.1 
1905   2.7   1.1   7.1   8.4  14.2  19.2  19.2  19.5  16.6  10.8   5.8  -1.9 
1906   0.6   3.4   6.6  10.2  14.7  19.9  19.0  18.3  16.1  10.3   4.4   4.6 
1907   4.9   5.8   9.7  11.0  12.1  18.0  20.9  20.6  17.1  11.1   4.4   3.8 
1908   2.7   4.2   9.1  10.7  13.6  18.9  19.6  18.9  15.8  10.5   4.7   3.6 
1909   5.9   3.7   4.7  10.3  13.1  19.4  21.3  19.9  15.6  11.6   7.6   0.1 
1910   4.8   2.6   9.2  11.0  15.8  19.9  21.9  20.8  17.6  11.3   8.1   3.4 
1911   5.4   2.7   8.9  11.3  14.5  19.1  19.8  20.3  18.0  10.6   4.4  -0.8 
1912   3.0   2.7   6.3   8.9  14.9  17.9  20.1  20.0  15.0  11.3   5.9   0.5 
1913   0.7   2.2   5.0   8.6  13.6  17.7  20.6  20.1  14.4  11.8   8.6  -0.6 
1914   5.3   3.3   5.4  10.8  14.5  19.0  18.9  20.1  17.3  12.4   7.3   0.3 
1915   0.3   3.3   3.0  10.3  13.2  19.4  20.4  18.3  15.3   9.6   6.1   2.1 
1916   3.6   5.3   8.5  10.7  15.9  21.8  20.7  19.2  15.9  10.2   2.5   0.9 
1917  -0.1   1.3   3.3   9.0   9.9  16.8  19.6  17.7  14.1   8.7   3.6   2.1 
1918  -1.2   4.8   8.6   9.3  14.7  21.4  21.2  19.3  15.9  11.3   3.4   0.0 
1919  -0.3   1.7   6.0  11.2  14.0  18.4  20.9  20.4  17.3  12.2   4.9   4.1 
1920   2.7   5.3   5.9   7.9  14.4  18.6  20.6  19.0  17.8  13.9   6.3  -2.3 
1921   2.0   3.2   7.7   8.5  15.9  17.8  19.2  20.2  16.9  12.6   5.9   5.3 
1922   0.2   3.3   6.0  10.7  15.9  21.1  22.6  22.3  18.9  12.7   5.9   5.7 
1923   5.6   4.1   6.9  10.6  15.0  20.1  21.8  20.3  16.3  10.0   5.4   1.2 
1924   1.7   4.0   4.4   9.6  14.8  21.0  21.1  21.0  17.4  12.2   7.4   0.7 
1925   0.3   5.1   8.9  13.2  16.6  20.4  21.3  18.8  17.1  11.4   5.6   0.1 
1926  -1.4   5.1   4.2   9.2  14.2  19.1  20.5  20.1  17.6  12.6   6.4   2.1 
1927   4.7   5.5   6.6  10.9  15.7  18.2  21.5  20.2  17.6  12.6  10.3   0.7 
1928   2.8   0.0   7.0   9.1  15.1  19.9  21.4  19.6  16.8  14.3   5.3   1.4 
1929  -0.9  -1.9   3.9   9.7  13.9  19.7  21.2  20.0  17.7  12.2   1.9   0.2 
1930  -2.4   3.6   3.9  11.4  13.3  18.6  18.8  20.8  16.7  13.8   2.3  -0.4 
1931  -2.2   2.3   2.7   9.2  14.2  20.2  21.7  20.0  18.9  13.9   6.2  -0.4 
1932  -1.4   4.7   3.9  11.1  13.8  19.2  21.7  21.3  15.8  10.4   6.2  -1.2 
1933   1.7   0.2   7.6   8.2  13.1  19.1  21.7  20.2  19.2  13.1   6.8   4.7 
1934   1.7   5.6   7.6  12.1  17.2  20.7  22.8  21.7  17.8  14.5   7.0   3.9 
1935   3.8   2.9   7.7  11.3  12.3  19.0  21.1  19.8  14.8  11.6   6.1   1.9 
1936   1.3   4.3   7.1  10.3  14.8  19.4  19.8  20.2  16.1   9.8   4.4   1.6 
1937  -0.3   2.8   3.6   9.8  14.8  18.7  20.6  20.7  17.2  12.2   5.8   2.6 
1938   1.9   4.6   6.8  10.1  14.7  19.4  19.8  20.1  16.0  11.7   3.3   3.0 
1939   1.0  -0.3   6.9  10.2  14.9  19.7  20.1  19.4  17.1  10.3   4.9   5.2 
1940   0.0   2.3   6.4  10.2  15.0  18.4  21.3  19.7  17.4  12.3   5.3   4.7 
1941   2.0   4.8   4.7   8.9  15.2  17.2  19.8  19.6  17.4  12.8   6.4   3.3 
1942   2.3   1.9   5.0   9.8  14.5  19.7  21.4  19.7  15.8  11.0   8.2   4.4 
1943   2.9   5.1   5.9  12.6  15.2  19.6  20.7  22.3  16.8  10.6   4.6   0.7 
1944   0.1   3.2   5.2   9.1  14.7  19.9  21.4  21.1  16.3  11.6   4.6   1.6 
1945   2.1   4.2   5.7  10.0  16.3  19.2  21.3  21.2  17.6  11.8   7.7   2.0 
1946  -0.2   3.9   8.1  13.6  15.1  20.9  21.8  21.1  18.4  12.6   5.1   4.3 
1947   0.5   3.8   6.8  10.0  16.6  19.9  22.4  20.4  18.7  13.7   3.9   0.8 
1948   0.3   2.4   3.8  12.7  15.9  20.2  21.4  21.3  17.3  11.0   3.7   4.1 
1949  -2.7   3.1   7.4   9.6  15.8  20.2  21.6  19.9  17.7  10.6   8.2   2.0 
1950   4.1   6.1   8.2  12.1  15.5  20.4  20.8  19.6  15.9  13.7   6.7   4.6 
1951   2.2   3.9   6.1   9.4  15.6  19.9  23.2  21.1  18.1  12.8   5.0   2.7 
1952   5.4   3.8   4.6  10.3  15.1  20.8  20.6  21.7  17.6  11.6   4.1   2.4 
1953   5.6   2.5   8.0  10.7  12.8  21.3  21.8  20.2  16.8  12.0   7.1   0.2 
1954   3.8   6.3   6.6  13.1  15.5  20.1  22.3  20.2  18.4  12.8   7.2   3.7 
1955   1.4   2.2   7.7  10.8  14.9  19.3  19.6  19.8  17.5  12.2   6.7   4.3 
1956   4.4   0.8   7.8   9.4  16.4  21.4  20.7  18.9  17.7  12.6   4.3   1.6 
1957   4.2   7.3   6.1  10.0  12.7  19.8  21.9  19.6  15.8  10.3   3.6   3.3 
1958   0.2   4.5   3.0   9.4  15.2  20.6  21.2  20.8  16.7  10.3   6.1   3.6 
1959   2.2   3.1   5.4  10.6  14.9  20.2  20.6  20.2  16.6  11.7   5.2   2.8 
1960   0.1   1.2   8.0  10.7  14.3  19.8  20.5  20.9  17.7  11.1   6.4   0.1 
1961   0.8   3.3   6.1   9.8  16.3  20.0  21.3  20.7  16.2  11.5   4.1   2.6 
1962  -0.7   6.1   3.6  10.9  14.7  18.6  19.9  20.4  17.1  11.8   6.5   2.3 
1963  -1.0   3.7   5.8  12.2  15.9  19.2  22.2  19.4  17.3  12.3   6.1   0.9 
1964  -0.7  -0.9   4.8   9.7  14.9  19.9  21.9  21.1  16.4  12.1   6.3   2.6 
1965   4.4   1.8   4.2  11.0  15.1  18.4  21.8  19.5  16.2  11.7   8.0   3.6 
1966  -1.5  -0.3   7.0  10.8  17.2  19.3  21.1  18.4  13.2   8.4   8.5   3.1 
1967   3.6   3.3  11.1  11.1  14.8  17.6  21.7  20.8  17.1  10.9   7.6   1.7 
1968   1.6   4.8   5.6   8.2  12.3  19.5  20.4  19.3  15.1  12.3   6.9   2.3 
1969   3.2   2.9   3.5  12.0  14.0  17.8  22.3  21.2  16.3  10.3   5.1   3.1 
1970   0.6   3.3   3.9   9.3  14.4  17.7  21.1  19.7  15.8  10.1   5.9   3.5 
