Number= 722732
Name= CANELO
Country= USA
Lat=   31.5
Long=  110.5
Height= 1519
Start year= 1920
End year= 1980
First Good year= 1920
Source ID= 10
Source file= Jones
Jones data to= 1980
Normals source= Data
Normals source start year= 1961
Normals source end year= 1980
Normals=   5.8   7.0   9.0  12.4  16.6  21.8  23.7  22.3  20.0  15.0   9.6   6.2 
Standard deviations source= Data
Standard deviations source start year= 1941
Standard deviations source end year= 1980
Standard deviations=   1.6   1.7   1.6   1.5   1.1   1.2   0.8   0.9   0.8   1.3   1.5   1.3 
Obs:
1920   5.3   7.6   8.0  10.4  17.2  21.1  24.9  21.0  18.9  13.2  10.1   4.5 
1921   7.0   7.5  12.5  12.0  16.3  22.0  23.1  20.9  19.9  16.2  10.4   7.5 
1922   4.0   7.0   7.4  10.8  17.6  22.7  23.2  22.4  20.1  15.3   7.2   7.6 
1923   7.9   5.5   7.6  12.1  19.2  20.2  23.0  19.9  16.8  11.1   4.8   1.1 
1924   1.5   5.6   4.2   9.0  15.4  21.6  20.2  19.9  18.6  12.5   8.3   3.0 
1925   1.3   6.0  11.4  13.5  18.8  21.2  23.4  20.6  20.0  15.1   8.8   5.0 
1926   3.5   7.3   8.7  12.4  16.0  21.8  22.2  23.1  21.0  17.0  11.5   5.1 
1927   9.0   8.9   9.2  14.8  17.7  21.2  23.3  21.6  19.6  14.1  12.4   4.3 
1928   6.4   6.4  12.2  12.0  16.9  23.2  25.1  22.0  19.5  15.9   7.3   4.4 
1929   5.0   4.8   7.1  11.8  15.8  21.7  23.3  20.4  20.0  15.3   8.4   7.0 
1930   5.3   8.2   9.2  14.0  14.9  21.3  23.6  22.3  19.5  14.9   8.8   4.1 
1931   4.8   6.7  10.2  13.9  18.1  21.6  24.2  21.2  20.5  15.1   6.4   5.1 
1932   3.9   9.9   9.7  13.9  15.6  22.0  23.5  21.9  19.7  14.0  10.1   4.0 
1933   3.8   4.6   9.5  11.0  15.5  22.5  24.6  22.7  20.5  16.0  10.9   9.2 
1934   5.4   8.8  12.5  14.1  19.2  20.8  23.9  21.1  20.0  16.9   9.5   7.3 
1935   7.0   6.6   8.9  13.5  17.7  24.6  25.0  22.4  19.5  14.0  10.0   6.3 
1936   6.3   7.6  10.0  14.2  18.8  23.2  24.2  22.1  18.4  15.3   9.3   4.0 
1937   0.3   5.8   6.7  13.8  17.7  21.5  23.6  23.3  21.0  16.1  11.2   7.0 
1938   6.8   8.0   9.4  12.6  16.2  21.3  22.0  22.6  19.9  16.4   7.6   8.1 
1939   4.5   2.8  10.0  14.3  17.6  22.8  24.1  21.7  19.3  13.4   9.6   9.2 
1940   6.2   7.2   9.8  13.2  18.2  21.8  23.1  22.4  20.1  15.8   8.3   8.8 
1941   5.7   8.2   9.4   9.4  16.4  19.9  22.6  21.2  19.6  13.9   7.6   7.3 
1942   6.2   5.4   7.8  12.9  16.9  21.4  25.1  21.8  20.7  14.9  11.8   7.1 
1943   7.6   9.0  11.7  15.9  19.0  23.6  24.6  22.1  20.2  14.4  10.1   6.5 
1944   4.5   5.3   8.3  11.5  15.9  20.3  23.4  22.3  20.1  17.4   8.7   5.4 
1945   4.7   7.0   7.7  11.5  16.9  19.4  24.3  22.1  19.7  15.1  10.6   5.0 
1946   3.7   6.3   9.6  15.4  16.2  23.4  23.4  21.9  20.1  14.3   7.8   6.9 
1947   3.4   8.0   9.1  12.4  18.2  21.3  24.1  22.3  21.6  16.0   7.7   4.0 
1948   5.9   5.4   7.6  14.1  17.7  21.6  24.0  22.4  20.8  15.3   6.8   6.9 
1949   1.3   5.9  10.2  14.1  17.5  22.3  23.5  22.0  21.7  12.9  12.4   5.6 
1950   6.6   8.9  11.2  15.0  16.5  22.3  22.6  22.2  19.9  18.0  12.6   7.7 
1951   3.9   6.5   8.6  11.7  16.3  19.6  24.6  21.9  20.7  16.4   9.8   6.1 
1952   6.1   4.5   4.4  11.4  17.6  22.4  24.0  22.6  20.7  18.1   7.8   4.7 
1953   6.8   5.3  10.0  12.8  14.2  22.7  23.4  24.1  21.9  16.3  11.1   4.2 
1954   7.0   9.7   9.6  16.1  18.3  22.0  24.3  20.7  21.5  17.2  11.0   6.4 
1955   2.7   4.2   9.8  12.1  15.8  21.3  21.6  21.2  18.7  15.8   9.5   8.2 
1956   8.8   4.7   9.5  10.8  17.6  22.7  22.0  19.7  20.4  14.6   6.9   4.9 
1957   5.4  10.4   9.1  11.6  15.0  23.4  24.4  22.4  20.2  14.3   7.0   7.6 
1958   4.8   7.7   6.9  12.4  19.4  23.2  23.2  22.1  19.7  14.6   9.1   7.8 
1959   7.3   6.2   9.2  14.6  16.7  23.6  24.1  21.5  20.1  15.1   8.9   5.9 
1960   3.3   4.4  11.4  13.0  16.4  23.1  23.9  22.8  20.8  14.2  10.4   4.9 
1961   6.1   6.9   9.6  13.8  17.7  23.2  23.8  22.1  19.5  14.6   8.4   5.9 
1962   5.1   8.2   6.5  14.6  16.3  20.8  23.2  24.2  21.0  15.7  11.6   7.0 
1963   5.1   8.7   9.3  12.7  18.5  20.9  24.5  21.6  20.9  16.6   9.6   5.9 
1964   3.3   3.5   7.2  11.2  16.6  21.3  23.6  21.6  18.7  15.7   7.8   6.8 
1965   7.1   5.6   7.7  12.4  15.3  19.4  23.4  22.6  18.9  15.6  11.6   6.3 
1966   3.7   3.9  10.2  13.4  18.2  22.0  24.1  22.3  19.4  14.3  11.1   5.9 
1967   6.1   7.6  11.3  12.3  16.2  20.9  23.0  22.0  19.9  15.7  11.3   4.4 
1968   6.1   9.3   9.3  11.4  16.6  22.3  22.9  20.4  19.7  16.2   9.2   5.2 
1969   8.4   6.4   7.1  13.6  17.5  21.2  23.9  23.6  20.6  14.3   9.2   7.2 
1970   5.2   7.9   7.9  10.8  17.8  22.3  24.3  22.6  19.4  13.1  10.3   7.7 
1971   6.5   6.6  10.1  11.7  15.4  21.4  24.7  21.5  20.2  12.6   9.1   5.2 
1972   6.3   8.0  12.8  13.1  16.3  21.4  24.6  22.6  19.9  15.0   7.4   5.8 
1973   4.5   6.6   6.7  10.4  17.1  22.0  22.9  23.0  20.7  15.5  10.4   6.4 
1974   6.1   5.9  10.8  13.0  17.8  23.8  22.9  21.7  19.3  14.2   9.3   4.4 
1975   6.3   6.3   8.6   9.6  15.2  20.9  22.1  23.0  19.7  14.8   9.3   6.3 
1976   5.6   8.9   8.8  12.2  16.6  21.7  22.3  22.1  18.9  12.8   8.6   5.2 
1977   5.6   7.6   7.4  13.0  15.7  22.1  23.6  23.2  21.1  16.4  10.9   9.0 
1978   7.1   6.6  11.1  12.4  16.4  23.0  24.4  22.4  19.9  16.3   9.6   4.3 
1979   4.6   6.9   8.5  13.1  15.8  21.7  24.4  21.9  21.3  16.9   7.7   7.0 
1980   7.4   9.2   8.7  12.9  15.9  23.4  24.9  22.4  20.7  14.3   9.5   8.8 
