Number= 722744
Name= BENSON
Country= USA
Lat=   32.0
Long=  110.3
Height= 1097
Start year= 1903
End year= 1974
First Good year= 1903
Source ID= 10
Source file= Jones
Jones data to= 1974
Normals source= Extrapolated
Normals source start year= 1951
Normals source end year= 1970
Normals=   7.9   9.4  12.3  16.1  20.3  25.6  27.1  26.2  23.3  18.0  11.9   8.1 
Standard deviations source= Data
Standard deviations source start year= 1941
Standard deviations source end year= 1974
Standard deviations=   1.5   1.9   1.5   1.4   1.3   1.2   0.7   1.1   1.0   1.1   1.6   1.2 
Obs:
1903   7.0  10.1  10.6  16.6  20.6  25.4  27.7  27.1  23.7  17.7  15.1  11.4 
1904   8.1  11.9  14.7  16.0  20.2  25.2  27.3  26.3  21.3  19.1  12.3   8.2 
1905   9.2  10.2  12.6  15.4  16.8  22.8  25.0  24.6  21.3  16.3  11.8   6.6 
1906   7.9  10.9  13.2  16.6  19.9  25.4  27.2  23.1  23.2  17.3  12.0   9.6 
1907   8.8  11.9  14.1  17.1  18.4  23.8  27.4  25.7  23.7  18.0  10.7   8.2 
1908   8.9   9.7  13.5  16.6  18.8  24.4  26.6  25.7  22.9  16.3  11.9   9.0 
1909  11.1   9.1  10.6  16.1  19.2  25.7  27.9  25.8  22.8  18.0  12.4   7.2 
1910   8.9   9.3  15.6  17.5  22.6  26.7  27.9  27.7  24.7  17.3  12.4   9.4 
1911  10.7   9.3  15.0  16.7  20.1  24.3  25.2  26.5  23.7  18.1  10.2   4.7 
1912   8.2   9.1  11.3  12.9  18.9  24.9  24.2  24.8  21.8  15.8  10.9   5.6 
1913   5.7   7.9  10.3  15.1  19.6  23.7  26.3  25.1  21.9  17.7  13.7   5.0 
1914   9.7  10.0  13.4  17.2  20.8  26.0  27.3  27.7  24.1  18.0  14.2   7.8 
1915   7.8   9.6  11.1  14.8  17.7  24.7  27.3  27.2  23.2  18.2  12.2   7.6 
1916   8.8  12.6  14.8  16.9  20.3  26.6  26.8  25.6  23.2  17.2  11.3   7.3 
1917   7.2   8.4  10.2  14.3  17.8  25.8  28.3  27.5  24.0  18.7  13.2  10.6 
1918   6.8  11.5  13.5  15.7  18.1  26.8  26.6  25.9  24.6  18.4  10.2   6.4 
1919   7.1   8.2  11.7  17.2  20.6  25.8  25.9  26.7  23.2  17.2  12.2   9.6 
1920   8.6  10.6  12.5  13.2  20.0  23.7  26.9  24.9  22.3  14.3  10.6   5.1 
1921   8.4  10.6  14.0  14.1  17.8  21.2  22.2  21.1  19.4  14.2   9.1   6.5 
1922   4.1   8.8  11.4  13.6  19.3  24.8  25.8  24.8  22.4  16.9   7.7   8.3 
1923   8.4   7.1   9.8  14.8  19.9  23.2  24.3  22.3  20.7  14.8   9.4   5.8 
1924   4.8  10.2   9.8  15.0  20.7  26.9  27.1  26.3  24.0  17.8  12.4   6.9 
1925   6.3  10.1  12.8  14.8  23.2  22.9  27.6  25.8  22.0  16.8  10.0   6.0 
1926   5.9  12.4  11.0  13.8  18.7  23.8  26.0  26.2  24.3  22.2  13.9   9.4 
1927  11.0  11.9  11.9  16.0  21.0  24.1  28.9  25.9  23.3  17.7  14.5   6.8 
1928   8.6   9.6  14.1  16.1  21.8  25.8  27.4  25.3  23.6  19.1  11.2   7.4 
1929   7.1   7.9  11.3  15.6  21.1  26.1  27.1  25.6  23.7  18.2  10.1   9.3 
1930   8.3  12.2  12.3  18.2  18.8  26.0  26.9  26.8  23.3  17.7  11.3   7.0 
1931   7.1  10.3  12.9  17.0  19.9  24.2  28.4  25.6  24.0  19.8  10.9   8.7 
1932   7.0  11.2  12.2  16.1  22.1  25.4  28.2  27.8  24.7  18.6  13.7   7.4 
1933   7.0   7.3  12.8  14.1  18.8  27.4  30.5  29.2  26.2  19.9  14.4  10.7 
1934   8.8  11.7  16.1  19.4  23.8  25.3  28.8  26.1  23.7  19.2  12.8   9.7 
1935   9.6  10.6  12.6  16.3  18.3  26.0  27.8  25.9  22.4  18.6  11.1   8.7 
1936   7.8   9.7  12.7  17.6  22.3  27.3  28.4  26.8  22.4  17.9  11.1   7.9 
1937   3.8   9.3  10.9  15.6  20.9  25.7  27.9  25.2  21.2  16.1  13.6   9.7 
1938   9.8  10.9  13.8  22.0  21.2  26.2  26.5  25.7  23.3  18.3   9.3   8.6 
1939   6.8   4.7  12.4  16.9  21.0  25.8  27.0  26.2  23.3  15.9  12.0   9.7 
1940   8.3   9.0  13.5  16.3  21.6  25.8  27.7  25.7  23.8  18.1  10.4  10.2 
1941   8.4  11.4  12.1  13.3  20.4  24.7  27.7  26.1  23.2  16.9  12.1   8.6 
1942   8.3   7.8  10.7  15.3  20.0  25.4  29.2  26.7  24.3  17.9  13.6   9.1 
1943   8.9  11.7  13.6  18.7  21.7  25.7  27.8  26.7  24.4  17.8  12.3   8.1 
1944   6.3   8.2  11.2  14.6  20.9  25.0  27.6  27.4  23.6  18.7  10.4   7.8 
1945   7.8   9.4  10.4  15.3  21.1  23.2  28.1  27.0  23.9  18.5  11.7   6.5 
1946   5.7   8.8  12.9  19.2  20.2  26.0  26.8  26.1  24.2  16.0   9.6   8.2 
1947   5.1  10.7  12.2  15.8  21.7  24.8  27.6  26.1  24.2  18.1   9.3   5.1 
1948   6.8   8.4   9.7  17.0  20.6  25.4  27.6  26.2  23.9  17.4   8.4   8.1 
1949   3.6   7.3  12.7  15.7  18.9  24.0  26.8  26.8  24.9  15.5  14.6   7.3 
1950   8.8  12.2  13.1  18.8  19.8  24.9  25.7  26.6  22.5  19.8  14.2  11.0 
1951   8.1   9.9  12.0  15.4  21.0  23.7  27.7  26.1  24.2  18.9  12.2   8.1 
1952   9.2   8.2   8.1  15.8  21.1  25.4  27.2  26.8  24.2  19.7  10.0   6.6 
1953   8.8   7.8  12.6  15.6  17.2  25.9  27.3  26.7  24.1  16.8  12.9   5.8 
1954   9.0  11.7  12.7  18.7  20.9  25.1  27.5  24.7  24.8  19.8  12.8   8.6 
1955   5.7   6.6  12.6  14.8  19.6  24.7  26.4  25.4  23.0  19.0  11.8   9.7 
1956   9.9   7.0  12.7  15.6  21.2  27.3  26.5  25.0  24.6  17.8   9.9   7.4 
1957   9.4  13.5  12.6  15.3  18.3  26.1  27.7  25.9  23.2  17.1   9.4   9.2 
1958   7.1  10.7  10.1  15.7  23.4  27.2  27.3  26.4  23.6  17.9  11.2   9.2 
1959   9.4   8.9  12.3  17.2  18.4  26.6  27.5  25.2  23.8  17.8  11.4   8.6 
1960   5.7   6.7  14.2  16.6  20.3  26.6  27.4  26.6  23.9  16.7  12.6   6.7 
1961   8.2   8.7  12.4  16.8  20.7  27.0  27.7  25.9  22.4  17.0  10.4   8.4 
1962   7.1  10.7   9.8  18.1  19.9  24.3  27.0  27.7  24.5  18.9  13.8   9.7 
1963   7.3  11.3  12.1  15.8  21.9  23.9  27.7  24.8  23.7  18.7  12.2   8.0 
1964   5.8   6.3  10.1  14.7  20.4  24.9  27.3  25.4  22.0  18.6  10.4   8.4 
1965   9.2   8.2  10.7  16.1  19.1  22.9  27.0  26.2  22.2  17.9  13.6   8.3 
1966   5.9   6.4  12.9  16.7  21.9  25.7  27.8  26.0  23.0  17.3  13.5   7.7 
1967   7.3  10.1  14.1  15.4  19.7  24.9  26.8  25.6  23.2  18.6  14.1   6.9 
1968   9.1  12.9  12.2  14.7  19.5  26.2  26.3  25.0  22.5  18.2  10.7   7.7 
1969   9.5   9.1  10.1  17.4  21.4  23.8  28.9  30.6  27.2  17.4  12.1   9.5 
1970   9.4  10.9  10.8  13.7  21.2  25.8  27.9  25.7  22.2  15.3  12.1   8.6 
1971   8.1   8.6  12.7  14.8  18.4  24.5  28.4  24.8  23.4  16.2  11.2   6.8 
1972   7.3   9.4  15.2  15.8 -99.0  24.9  27.8  25.9  23.0  17.7   9.2   7.2 
1973   6.6   9.7   9.9  14.0  20.8  25.1  27.2  27.0  23.8  18.3  11.8   8.2 
1974   8.6   8.3  13.9  16.2  21.5  28.2  26.5 -99.0 -99.0 -99.0 -99.0 -99.0 
