Number= 722975
Name= INDIO-FIRE-STATION--
Country= USA---------
Lat=   33.7
Long=  116.3
Height= -6
Start year= 1880
End year= 2011
First Good year= 1880
Source ID= 10
Source file= Jones+Anders
Jones data to= 1996
Normals source= Data
Normals source start year= 1961
Normals source end year= 1990
Normals=  12.8  15.7  18.2  21.9  25.8  30.5  33.5  32.9  29.6  24.3  17.5  13.0 
Standard deviations source= Data
Standard deviations source start year= 1941
Standard deviations source end year= 1990
Standard deviations=   1.7   1.8   1.7   1.8   1.3   1.5   0.8   1.0   1.3   1.5   1.4   1.5 
Obs:
1880  12.4  11.5  15.5  21.0  27.9  32.9  34.5  35.6  32.2  24.2  14.4  13.3 
1881  11.4  18.1  20.1  25.3  28.2  32.1  36.2  34.3  30.1  22.8  14.4  14.9 
1882   8.4  12.4  18.5  22.6  27.4  30.7  35.1  33.8  29.3  23.6  16.4  15.3 
1883   7.9  13.6  19.9  21.6  25.9  28.2  34.5  32.8  30.4  23.7  17.7  16.1 
1884  11.3  13.6  16.5  19.9  24.4  28.1  34.1  33.2  27.8  23.7  17.0  16.6 
1885  11.3  16.3  17.8  23.0  28.7  28.3  33.7  34.8  31.4  26.2  17.9  14.2 
1886  12.4  16.5  17.2  21.7  31.6  33.6  35.8  32.6  28.8  23.6  17.4  16.8 
1887  12.3  15.3  24.8  22.7  26.3  32.2  35.4  34.8  31.1  23.8  17.2  12.3 
1888   8.8  15.7  16.8  24.2  23.4  32.1  36.1  35.2  34.2  26.6  18.3  13.2 
1889  12.2  13.8  17.3  23.4  26.4  31.6  35.8  36.3  31.1  24.3  16.4  14.9 
1890  10.3  16.0  17.7  24.2  28.7  31.3  35.2  32.7  31.6  25.7  20.3  17.9 
1891  15.3  14.2  20.2  22.2  24.9  31.6  34.3  35.0  31.2  25.6  19.7  12.6 
1892  13.4  15.3  18.8  22.4  26.0  30.1  33.1  32.5  30.7  23.2  18.2  14.6 
1893  16.4  16.5  15.9  20.5  26.4  33.3  34.9  34.6  30.8  22.4  16.0  14.3 
1894  12.3   7.2  18.1  24.1  26.3  26.9  35.4  32.2  30.8  26.2  21.4  12.9 
1895   8.9  16.7  19.2  24.9  28.8  32.1  34.8  34.6  31.2  27.6  18.1  12.7 
1896  12.9  13.9  17.7  19.4  25.8  33.6  33.8  32.3  28.0  21.7  15.3  12.8 
1897  11.7  12.8  17.1  22.6  26.7  30.5  34.3  34.7 -99.0  21.5  16.4  11.8 
1898   9.0  14.9  14.5  24.4  24.3  31.1  34.2  33.9  30.4  23.7  15.1  10.6 
1899  12.4  16.8  18.9  25.0  25.1  34.0  34.0  30.7  32.3  21.9  15.1  12.0 
1900  14.2  15.4  19.6  21.0  26.6  30.9  34.1  32.1  29.1  24.0  18.6  14.4 
1901  11.9  16.1  20.0  21.4  26.2  29.2  34.6  32.9  28.9  23.7  17.6  14.3 
1902  12.3  15.4  17.6  22.1  26.0  30.0  33.2  32.2  29.8  23.0  16.8  12.6 
1903  12.8  13.3  17.9  21.9  25.7  31.6  32.9  33.2  28.7  24.3  18.7  14.1 
1904  11.9  14.5  18.6  22.1  26.5  30.7  33.6  33.7  30.7  24.9  18.3  13.9 
1905  14.4  14.1  17.8  21.3  23.5  30.7  33.8  34.2  29.6  24.0  16.1  12.0 
1906  12.1  17.3  17.8  20.6  24.4  30.6  34.7  32.5  29.8  24.7  16.2  12.9 
1907  11.5  18.1  16.7  23.2  25.2  28.8  33.3  32.4  29.6  23.6  18.2  13.9 
1908  13.0  13.7  19.0  23.6  24.6  29.7  34.4  32.7  29.0  21.3  18.6  12.0 
1909  13.7  14.3  16.6  22.4  25.1  31.0  33.1  32.9  29.0  23.8  16.6   9.9 
1910  11.1  14.2  20.5  24.4  29.2  30.9  34.1  33.9  30.9  24.2  18.3  14.1 
1911  12.8  13.0  19.7  22.1  25.3  29.8  33.4  32.9  29.7  22.6  16.6  10.6 
1912  14.2  16.1  16.6  19.8  25.3  30.9  32.2  31.7  28.6  21.8  17.9  11.9 
1913   9.9  14.0  16.3  21.3  25.3  28.5  31.9  32.7  30.6  24.4  18.4  12.7 
1914  13.9  15.6  20.6  23.2  25.8  30.3  33.1  32.8  29.4  23.7  19.8  11.0 
1915  12.1  14.1  18.3  21.2  24.1  30.9  32.8  33.4  28.4  25.0  16.1  12.7 
1916  10.9  17.2  21.3  23.4  25.9  30.6  33.0  31.8  28.3  20.9  15.7  10.6 
1917  10.0  14.4  15.8  20.4  22.9  31.2  34.3  33.6  30.2  25.9  18.9  14.9 
1918  12.3  14.1  18.6  22.5  24.1  32.9  33.5  34.0  29.9  25.0  16.3  11.9 
1919  12.1  14.1  17.5  23.7  26.2  31.3  33.6  33.5  29.7  21.1  16.2  13.5 
1920  13.8  15.7  16.4  20.1  26.3  29.3  34.8  32.0  28.1  20.9  16.3  10.6 
1921  11.7  16.1  20.0  21.0  23.6  31.2  33.3  31.9  29.8  25.3  18.8  14.0 
1922  10.9  13.7  16.2  19.4  26.7  32.1  34.1  33.4  31.5  24.7  15.7  14.7 
1923  14.4  15.5  17.6  21.7  28.2  28.2  32.7  32.1  28.8  22.9  17.8  13.3 
1924  12.8  17.7  16.3  21.3  28.6  32.8  33.3  32.7  30.4  22.3  18.6  12.2 
1925  12.7  17.7  19.0  22.7  26.6  29.3  33.7  31.5  28.3  21.2  16.0  14.6 
1926  12.6  16.3  20.3  22.4  25.7  31.3  33.0  32.2  29.4  24.8  19.0  11.7 
1927  14.2  16.3  16.6  21.7  25.3  29.1  32.7  31.7  28.2  23.8  18.7  11.3 
1928  14.3  15.1  19.2  21.3  25.3  29.9  32.6  32.6  30.6  23.4  17.8  13.1 
1929  11.3  13.4  18.6  20.5  27.1  30.7  33.4  33.8  29.1  26.1  16.3  15.4 
1930  11.6  18.1  18.9  24.0  23.2  30.7  33.5  32.4  28.3  23.3  17.7  12.0 
1931  13.7  15.4  18.9  23.3  28.3  29.7  35.1  32.2  28.4  24.0  14.4  10.8 
1932  10.4  14.2  19.4  22.6  26.2  30.2  31.7  31.8  29.5  22.2  18.2  10.2 
1933  10.2  11.8  19.0  20.2  24.3  30.3  34.6  33.7  30.1  26.4  18.4  12.2 
1934  14.6  18.2  24.4  25.2  29.0  28.8  34.5  33.8  30.1  25.3  18.9  14.2 
1935  12.9  16.1  16.3  22.1  24.7  32.2  33.3  32.3  30.7  22.3  15.1  13.4 
1936  12.8  14.7  20.1  23.8  27.9  31.2  33.8  32.7  28.7  23.3  17.3  12.4 
1937   6.4  13.8  17.9  22.1  26.7  31.0  34.4  34.4  31.5  25.6  19.3  15.2 
1938  14.3  13.9  16.1  21.6  26.1  29.9  32.9  32.7  30.8  23.4  14.8  14.5 
1939  12.4  11.2  18.4  24.1  27.4  30.3  33.6  33.0  27.6  23.1  18.9  16.0 
1940  14.4  14.6  19.9  23.0  28.5  32.0  33.2  33.2  28.6  23.9  16.2  14.0 
1941  13.0  15.0  17.3  19.7  26.8  29.3  33.3  31.1  27.4  21.2  17.9  12.9 
1942  14.3  13.0  17.0  21.1  25.6  30.3  34.9  32.9  30.0  23.7  17.8  13.9 
1943  12.6  15.6  19.2  23.1  26.8  28.9  33.8  31.7  31.0  23.6  16.8  12.1 
1944  11.7  11.8  16.2  19.8  24.7  27.4  32.3  32.8  29.1  25.1  15.7  13.2 
1945  12.7  14.2  15.4  20.8  25.8  28.9  32.9  31.8  29.7  24.2  16.1  11.9 
1946  12.5  13.7  16.4  23.9  25.3  31.4  32.7  33.2  30.6  20.9  14.9  14.5 
1947  11.8  17.8  19.4  22.9  26.6  29.9  33.4  31.8  31.1  24.3  15.0  12.2 
1948  13.4  14.2  15.3  21.9  25.9  29.6  32.1  32.5  29.6  23.8  14.8  10.0 
1949   7.1  11.9  16.9  23.4  25.0  30.4  32.2  32.2  30.5  22.2  20.3  11.7 
1950  10.1  16.1  19.3  23.8  24.3  28.6  32.2  32.3  28.7  25.9  19.5  16.1 
1951  12.5  13.6  16.6  21.2  26.0  29.3  33.3  31.9  30.1  24.6  16.4  12.0 
1952  10.5  14.3  15.1  21.3  29.2  28.8  33.3  33.6  31.3  28.1  15.9  12.1 
1953  15.1  14.7  18.2  21.1  23.1  29.6  34.1  32.3  30.7  24.3  18.6  12.7 
1954  12.3  18.8  16.4  24.9  25.8  28.8  33.3  31.2  29.9  24.9  19.8  13.4 
1955  10.2  12.5  18.0  20.2  23.8  29.7  31.6  32.1  29.8  25.8  17.3  13.9 
1956  14.6  11.9  18.3  21.1  25.7  30.9  32.4  31.3  32.7  23.1  16.8  13.2 
1957  11.5  18.1  18.7  22.2  24.6  32.4  34.3  32.2  31.1  22.9  15.4  14.6 
1958  14.2  16.6  15.7  22.3  29.4  31.0  33.9  34.1  31.6  26.4  17.6  15.7 
1959  14.4  14.0  20.7  24.9  25.2  32.9  34.6  32.4  29.4  25.3  18.5  13.5 
1960  10.9  13.9  20.7  23.7  26.3  32.6  34.2  33.6  31.8  24.7  17.6  13.6 
1961  14.7  16.7  18.9  23.3  25.6  32.0  33.1  33.5  28.2  23.8  15.6  12.9 
1962  13.0  15.6  15.4  25.9  24.2  30.1  33.6  34.2  29.9  24.1  19.3  14.6 
1963  11.1  18.6  17.4  19.8  26.5  28.8  32.8  32.1  30.3  25.1  17.3  13.3 
1964  10.7  12.7  15.6  20.6  24.7  28.8  33.0  32.3  28.5  26.3  15.2  13.1 
1965  13.0  14.4  16.6  20.6  25.5  26.5  32.9  32.6  27.1  25.5  18.3  12.2 
1966  11.3  13.1  18.6  23.7  26.9  30.3  33.2  33.6  30.1  23.8  18.3  14.1 
1967  12.6  16.1  18.6  17.6  25.5  28.2  33.9  33.8  29.9  25.0  19.4  11.4 
1968  12.9  18.7  19.2  21.1  26.5  31.3  32.6  31.2  30.0  24.4  19.2  10.3 
1969  14.6  14.1  18.4  22.6  27.7  28.6  33.7  35.4  31.7  23.2  18.4  14.0 
1970  12.7  16.9  18.2  19.9  26.4  30.5  33.6  33.7  28.9  22.8  17.6  12.4 
1971  13.2  15.4  18.8  21.2  24.0  29.8  34.5  33.2  30.2  20.9  16.6  10.7 
1972  11.6  17.3  22.7  23.2  26.6  30.3  34.7  32.4  29.3  22.1  15.1  12.3 
1973  10.6  14.9  15.9  21.3  27.5  32.0  33.9  33.3  29.6  24.8  17.2  13.7 
1974  12.1  14.6  18.9  22.0  26.1  32.9  33.1  32.9  31.3  24.6  17.6  11.9 
1975  12.4  13.7  16.8  18.1  25.0  29.6  33.2  33.2  31.3  23.0  17.1  13.7 
1976  14.1  15.6  17.6  20.4  27.1  31.0  32.7  31.4  27.8  23.8  18.1  12.9 
1977  13.2  17.6  16.2  22.9  22.6  31.5  33.4  32.7  29.4  25.2  18.2  14.7 
1978  13.1  15.2  19.1  20.6  26.3  31.9  34.1  32.2  28.7  26.5  16.2  10.3 
1979  10.1  14.1  17.6  22.7  25.1  30.9  33.2  31.4  32.2  25.9  16.3  14.0 
1980  14.4  16.7  16.9  21.7  23.7  30.7  34.6  32.1  30.2  24.4  17.1  16.1 
1981  15.8  16.2  18.3  23.2  26.0  32.9  33.6  33.8  30.9  23.2  18.8  14.8 
1982  12.3  16.6  18.0  22.2  25.5 -99.0 -99.0 -99.0 -99.0 -99.0 -99.0 -99.0 
1983 -99.0 -99.0 -99.0 -99.0 -99.0 -99.0 -99.0 -99.0 -99.0 -99.0 -99.0 -99.0 
1984 -99.0 -99.0 -99.0 -99.0 -99.0 -99.0 -99.0 -99.0 -99.0 -99.0 -99.0 -99.0 
1985 -99.0 -99.0 -99.0 -99.0 -99.0 -99.0  35.0  33.5  27.3  24.2  16.1  14.6 
1986  16.7  17.2  21.1  22.7  26.9  32.2  32.7  34.5  27.9  23.3  18.5  13.9 
1987  12.7  16.0  18.0  25.0  26.5  30.7  31.7 -99.0  29.9  26.2 -99.0 -99.0 
1988  12.2  17.3  19.8  20.9  27.0  30.2  33.5  33.1  30.0  26.6  17.8  12.3 
1989  11.8  15.5  20.5  25.2  26.6  29.9  34.2  31.5  29.4  23.9  18.1  12.9 
1990  12.2  14.0  19.5  23.6  25.6  31.9  33.4  31.4 -99.0  23.8  17.8  10.5 
1991  13.0  18.3  15.3  21.6  25.0  28.2  31.9 -99.0  30.5  27.4  17.2  13.1 
1992 -99.0  16.9  17.8  24.7  27.6  30.4  33.2  33.5  28.8  25.1  15.8  10.7 
1993  11.9  14.0  19.9  23.8  27.1  31.8  31.4  32.7  30.0  25.0  15.9  12.9 
1994  15.0  14.4  21.1  23.7  26.0  33.4  34.3  34.8  32.0  24.9  14.4  13.4 
1995  13.7  19.4  19.4  22.5  24.2  30.1  34.2  35.8  32.6  25.9 -99.0  15.6 
1996  15.5  18.2  21.0  25.1  29.4  32.4  35.6  35.0  30.0  25.0  19.0 -99.0 
1997 -99.0 -99.0 -99.0 -99.0 -99.0 -99.0 -99.0 -99.0 -99.0 -99.0 -99.0 -99.0 
1998 -99.0 -99.0 -99.0 -99.0 -99.0 -99.0 -99.0 -99.0 -99.0 -99.0 -99.0 -99.0 
1999 -99.0 -99.0 -99.0 -99.0 -99.0 -99.0 -99.0 -99.0 -99.0 -99.0 -99.0 -99.0 
2000 -99.0 -99.0 -99.0 -99.0 -99.0 -99.0 -99.0 -99.0 -99.0 -99.0 -99.0 -99.0 
2001 -99.0 -99.0 -99.0 -99.0 -99.0 -99.0 -99.0 -99.0 -99.0 -99.0 -99.0 -99.0 
2002 -99.0 -99.0 -99.0 -99.0 -99.0 -99.0 -99.0 -99.0 -99.0 -99.0 -99.0 -99.0 
2003 -99.0 -99.0 -99.0 -99.0 -99.0 -99.0 -99.0 -99.0 -99.0 -99.0 -99.0 -99.0 
2004 -99.0 -99.0 -99.0 -99.0 -99.0 -99.0 -99.0 -99.0 -99.0 -99.0 -99.0 -99.0 
2005 -99.0 -99.0 -99.0 -99.0 -99.0 -99.0 -99.0 -99.0 -99.0 -99.0 -99.0 -99.0 
2006 -99.0 -99.0 -99.0 -99.0 -99.0 -99.0 -99.0 -99.0 -99.0 -99.0 -99.0 -99.0 
2007 -99.0 -99.0 -99.0 -99.0 -99.0 -99.0 -99.0 -99.0 -99.0 -99.0 -99.0 -99.0 
2008 -99.0 -99.0 -99.0 -99.0 -99.0 -99.0 -99.0 -99.0 -99.0 -99.0 -99.0 -99.0 
2009 -99.0 -99.0 -99.0 -99.0 -99.0 -99.0 -99.0 -99.0 -99.0 -99.0 -99.0 -99.0 
2010  13.9  12.9  15.5  15.2  16.4  19.4  20.8  22.1  21.2  18.2  16.2  13.5 
2011  14.1  12.8  15.4  17.3  17.8 -99.0 -99.0 -99.0 -99.0 -99.0 -99.0 -99.0 
