Number= 723060
Name= RALEIGH
Country= USA
Lat=   35.9
Long=   78.8
Height= 122
Start year= 1887
End year= 2011
First Good year= 1887
Source ID= 10
Source file= Jones+Anders
Jones data to= 2001
Normals source= Data
Normals source start year= 1961
Normals source end year= 1990
Normals=   3.6   5.3  10.2  15.1  19.4  23.5  25.8  25.2  21.9  15.6  11.1   5.8 
Standard deviations source= Data
Standard deviations source start year= 1941
Standard deviations source end year= 1990
Standard deviations=   2.6   2.1   2.1   1.3   1.3   1.2   1.0   0.9   1.2   1.6   1.5   2.2 
Obs:
1887   2.7   8.6   8.0  13.9  20.4  23.1  26.9  23.8  19.7  13.2   8.4   4.5 
1888   3.8   6.5   7.7  14.5  18.5  23.7  25.3  25.3  19.9  12.3  10.6   4.7 
1889   5.9   2.8   7.9  14.2  19.1  22.2  24.8  22.7  20.0  13.3  11.5  11.3 
1890  10.0  10.9   9.3  14.9  19.8  25.0  24.3  23.3  21.3  14.8  12.1   4.6 
1891   4.9   8.8   6.8  14.9  17.1  23.4  22.8  24.1  21.8  12.7   8.7   8.2 
1892   2.8   6.0   7.6  13.6  18.8  23.4  24.4  25.6  20.6  14.1   8.8   3.8 
1893  -1.6   6.0   8.5  16.4  17.9  22.5  26.1  24.1  21.0  14.4   9.3   6.4 
1894   5.5   6.6  12.8  14.3  19.9  23.4  24.7  23.8  22.4  15.1   9.1   5.8 
1895   3.2  -0.3   8.9  13.8  17.3  23.9  24.2  24.9  24.0  12.9  10.7   5.7 
1896   3.0   6.0   8.5  17.2  22.3  22.8  25.9  25.6  21.7  14.0  12.9   4.1 
1897   2.4   7.3  11.2  15.2  18.0  23.9  25.5  24.9  22.4  16.3  11.6   6.1 
1898   6.4   4.3  12.4  12.8  20.1  23.5  25.9  25.7  22.6  15.5   9.4   5.8 
1899   3.8   2.2  10.3  13.4  19.7  24.2  24.8  25.6  20.9  15.8  11.0   4.8 
1900   5.0   3.8   8.1  14.7  19.6  23.5  26.7  27.6  23.9  17.8  12.0   5.3 
1901   4.4   3.2  10.6  11.5  19.1  23.0  26.3  25.3  21.5  14.8   7.2   4.4 
1902   2.2   1.6  10.1  13.8  20.5  23.8  26.6  24.7  20.8  16.3  13.6   5.2 
1903   3.9   7.3  13.6  14.5  19.4  21.3  25.8  25.4  21.0  14.5   8.4   2.6 
1904   1.9   2.9  10.2  13.1  19.0  23.3  24.9  24.6  21.4  13.9   9.6   4.1 
1905   1.8   0.6  11.6  14.7  20.7  23.5  25.6  24.1  22.4  15.0  10.4   5.2 
1906   6.7   4.8   7.3  16.7  19.2  24.0  24.5  26.3  23.8  14.2  11.2   6.3 
1907   8.0   3.7  12.8  10.8  17.9  20.9  26.2  24.8  22.8  13.5   9.8   6.2 
1908   3.8   3.4  13.4  16.9  19.6  22.6  25.4  23.6  20.3  15.1  11.7   7.0 
1909   6.9   9.3   8.8  15.8  18.6  24.3  23.7  23.8  20.0  13.8  13.0   3.5 
1910   4.7   4.7  13.7  15.7  18.3  21.9  25.2  24.3  22.6  16.8   7.9   2.7 
1911   6.8   7.2   8.7  13.2  20.3  24.9  25.5  25.7  24.1  16.0   8.8   7.6 
1912   0.0   3.1   9.3  16.6  19.8  22.4  25.4  25.0  23.7  16.1  10.5   7.4 
1913   9.2   6.3  11.9  14.8  20.0  22.9  26.2  24.5  20.4  15.5  11.1   6.6 
1914   6.3   3.1   7.1  14.8  20.2  25.0  25.3  25.4  20.1  16.4  10.4   3.1 
1915   4.8   7.2   5.4  16.2  19.6  22.0  25.9  24.9  22.8  17.0  11.6   4.5 
1916   7.9   5.1   9.1  14.4  21.1  22.2  24.5  25.1  20.4  15.7  11.2   5.3 
1917   6.5   5.1   9.1  15.5  16.9  23.0  24.9  24.6  19.0  13.0   8.8  -0.3 
1918  -0.7   8.3  12.7  13.5  21.3  22.7  23.4  25.9  19.2  17.0  10.8   7.5 
1919   6.4   5.3  10.8  15.0  19.4  22.7  24.9  24.6  21.6  19.8  11.2   4.0 
1920   3.0   3.2   9.8  13.9  16.4  23.1  24.2  24.0  22.7  16.7  10.1   5.7 
1921   5.0   6.6  14.6  15.9  17.2  23.6  25.6  24.7  25.4  15.1  12.6   7.1 
1922   2.8   8.3  11.1  15.7  19.6  24.0  25.4  23.3  22.2  16.4  10.9   7.3 
1923   5.8   4.3  10.4  14.3  18.4  24.1  24.7  24.9  22.3  14.7   9.9  10.0 
1924   4.0   4.2   8.8  13.9  18.3  23.5  24.1  25.1  19.3  15.1  10.9   6.1 
1925   3.9   9.7  11.4  16.3  17.2  25.0  26.3  24.1  24.6  14.0   9.3   4.9 
1926   4.2   7.3   6.8  13.9  19.1  22.2  25.9  26.4  23.0  16.4   9.3   5.5 
1927   4.4  10.3  11.1  14.3  19.8  21.5  24.6  22.9  22.3  16.7  12.6   6.0 
1928   4.9   5.9   9.4  13.4  18.0  22.9  25.8  25.6  19.4  16.9  11.2   6.2 
1929   5.3   5.0  12.6  16.6  18.8  22.3  24.3  24.3  21.2  14.5  11.4   6.3 
1930   5.7   9.2   8.8  15.5  20.6  22.9  26.4  24.1  24.4  13.8   9.7   3.7 
1931   5.4   7.2   7.4  13.7  18.3  23.8  26.9  24.3  24.2  17.2  14.7  10.1 
1932  10.1  10.0   8.4  14.9  18.6  23.8  27.1  25.6  21.9  16.1   9.5   8.1 
1933   9.1   6.8  10.3  15.2  21.9  24.6  25.0  24.8  24.9  16.0  10.4   8.5 
1934   7.0   1.0   8.5  15.4  18.8  25.1  26.6  25.3  22.8  15.0  12.1   5.3 
1935   4.1   6.0  13.1  13.5  18.2  24.4  25.2  25.2  21.3  15.9  12.2   1.7 
1936   2.5   3.7  12.4  13.6  20.9  23.2  26.1  26.0  22.9  16.7  10.1   6.7 
1937   9.5   5.6   9.2  15.2  19.7  24.7  25.4  25.6  20.4  14.2   9.8   5.3 
1938   4.7   8.9  13.5  16.3  19.7  22.4  24.8  26.8  21.6  15.4  12.6   6.1 
1939   6.9  10.0  12.2  15.2  19.3  25.3  24.8  25.2  23.4  16.7   9.8   6.5 
1940  -1.1   6.3   8.6  14.0  19.0  24.9  25.3  24.9  20.7  15.2  11.3   7.8 
1941   3.9   3.1   6.6  17.2  20.2  23.3  26.3  25.6  23.5  19.2  11.9   7.3 
1942   3.9   3.4  11.1  16.4  20.2  24.5  26.9  25.0  22.7  16.0  11.7   4.4 
1943   5.4   6.8   9.4  14.0  20.7  26.0  25.7  25.9  20.3  14.7   9.7   4.7 
1944   4.3   6.6   9.2  14.7  22.0  25.2  25.1  24.3  22.4  15.0   9.8   2.8 
1945   3.4   6.5  15.6  17.3  17.8  24.2  25.1  24.3  23.8  15.2  11.9   2.2 
1946   4.8   7.0  13.6  15.2  18.8  23.0  24.4  23.5  21.5  16.1  13.5   8.1 
1947   7.9   2.2   5.9  16.3  19.9  23.1  23.8  25.8  22.0  18.1   9.1   5.2 
1948   1.2   5.5  12.2  16.8  19.9  24.3  26.6  25.1  21.4  13.9  13.8   7.5 
1949   9.3   9.4  10.6  14.5  19.6  23.9  26.9  25.4  20.9  17.8  10.9   7.4 
1950  11.1   7.5   8.8  14.7  20.0  23.7  24.9  24.8  21.1  17.3   9.7   3.5 
1951   5.8   6.8   9.9  15.2  18.9  24.2  26.2  25.7  22.2  17.3   8.5   7.7 
1952   8.2   7.5   9.4  15.7  19.9  26.8  27.1  24.9  21.4  13.4  11.2   5.6 
1953   7.9   7.7  10.7  15.4  22.7  23.2  26.3  25.7  22.0  16.7  10.9   6.5 
1954   5.0   8.4   9.3  17.4  17.4  24.1  26.3  25.9  24.0  17.6   9.4   4.2 
1955   3.6   5.6  12.2  17.6  20.8  21.5  27.2  26.3  22.3  16.2  10.2   3.0 
1956   3.4   7.8   9.6  14.4  19.8  24.3  26.1  25.4  21.2  16.4  10.5  10.8 
1957   4.8   8.1   9.5  17.2  19.9  24.2  26.0  24.8  23.3  13.4  11.9   7.2 
1958   2.3   2.1   7.6  15.5  19.7  22.7  26.6  25.6  21.5  14.7  13.3   3.1 
1959   3.6   6.7   9.6  16.3  21.3  23.5  25.7  26.3  22.3  16.8  10.6   6.5 
1960   4.8   4.6   3.2  17.5  18.5  23.8  24.5  24.8  21.2  16.1  11.6   3.0 
1961   2.7   7.1  12.1  12.8  17.9  22.6  25.8  25.1  23.7  15.2  12.7   5.6 
1962   3.5   6.2   8.0  14.6  21.8  23.0  24.6  24.8  20.8  16.8   9.5   3.4 
1963   1.9   2.0  12.4  16.6  18.3  22.7  24.7  25.0  20.3  15.9  11.6   1.6 
1964   4.4   4.3  10.8  15.4  19.7  24.0  24.8  24.1  21.7  13.2  13.8   6.9 
1965   4.5   5.2   7.6  14.6  22.5  22.0  24.7  25.2  22.6  15.2  11.7   6.9 
1966   2.5   5.0   9.9  13.6  18.9  22.6  26.5  24.9  21.8  15.2  10.7   5.0 
1967   6.2   3.3  10.6  16.1  17.1  21.8  24.4  23.7  18.8  15.1   8.4   7.4 
1968   2.3   2.5  11.3  15.4  18.3  23.5  25.7  26.9  21.9  16.8  11.1   3.8 
1969   2.2   4.8   7.3  15.6  19.9  24.8  26.6  24.2  20.8  15.4   9.3   4.0 
1970   1.2   5.1   8.7  16.3  20.3  23.6  25.5  25.2  24.3  17.0  10.7   7.1 
1971   3.4   5.7   7.8  14.4  18.5  24.8  25.3  24.3  22.7  18.3  10.5  10.3 
1972   7.3   4.3  10.1  14.2  17.9  21.5  25.3  24.6  21.6  13.7   9.4   7.8 
1973   5.1   4.4  12.4  14.8  18.7  24.2  25.4  25.6  23.4  17.2  12.4   6.1 
1974   9.7   6.1  11.8  15.4  19.7  22.3  25.6  24.9  21.0  14.6  10.8   6.4 
1975   6.3   7.4   8.5  13.7  20.9  24.7  25.2  26.9  22.4  17.7  12.6   5.9 
1976   3.4   9.4  13.1  16.6  18.8  23.1  25.7  24.3  21.4  13.2   7.3   3.1 
1977  -1.9   5.0  12.4  16.8  20.5  23.1  27.9  26.7  23.1  14.1  12.2   5.0 
1978   1.4   1.2   8.3  15.4  19.1  24.4  25.8  26.9  23.3  14.9  12.9   6.8 
1979   3.5   1.6  10.9  16.3  19.5  21.8  25.1  25.8  21.9  15.7  13.1   6.7 
1980   4.8   3.2   8.3  16.3  20.5  23.2  26.7  27.5  24.6  15.2   9.6   5.7 
1981   0.8   6.6   7.9  16.5  17.8  26.0  27.1  23.7  20.2  14.0  10.4   4.3 
1982   1.9   7.5  10.9  14.1  21.6  23.7  26.1  24.7  21.4  15.9  11.1   8.6 
1983   3.4   4.8  10.4  12.8  18.6  22.5  26.1  26.1  21.5  15.8  10.5   4.1 
1984   2.4   7.6   8.4  13.3  18.6  24.1  23.8  24.8  19.7  19.1   8.4   9.8 
1985   1.1   5.5  11.5  16.7  19.6  23.3  24.9  24.0  20.9  17.6  14.6   4.1 
1986   3.6   6.9  10.9  16.2  19.6  25.8  27.6  24.2  22.4  17.2  11.6   5.9 
1987   3.3   4.4   9.4  13.9  20.7  24.6  27.2  26.1  22.7  12.8  11.7   6.7 
1988   1.5   5.4  10.3  14.3  18.9  22.4  26.1  26.8  21.3  12.4  11.1   5.8 
1989   7.1   6.9  10.4  14.4  18.3  25.0  25.6  24.5  22.1  16.3  10.8   1.4 
1990   8.9  10.6  12.7  15.7  19.7  24.0  26.7  25.6  22.3  17.8  12.3   8.9 
1991   5.5   8.2  12.4  16.8  22.4  24.3  27.0  25.4  22.0  16.2  10.0   8.3 
1992   6.3   7.9  10.3  15.1  17.3  22.2  26.9  23.4  21.9  14.5  11.1   5.8 
1993   6.3   4.9   8.8  13.8  20.6  24.5  28.1  25.7  23.2  15.3  11.0   4.6 
1994   2.7   6.8  11.2  17.6  17.9  25.0  26.4  24.4  20.6  15.2  12.2   8.8 
1995   6.1   5.0  11.4  16.1  20.3  23.2  26.9  27.0  21.4  17.4   8.3   4.2 
1996   3.6   5.6   7.3  14.5  19.7  24.6  25.9  24.0  21.3  16.0   7.6   7.6 
1997   5.1   8.1  12.4  12.8  17.5  21.9  26.3  24.7  21.5  15.2   8.4   4.9 
1998   7.2   7.7  10.0  14.8  20.6  25.1  26.3  25.3  23.4  15.8  10.7   7.8 
1999   7.5   7.3   8.4  16.0  19.3  23.5  27.3  26.6  20.5  14.7  12.4   6.5 
2000   3.5   7.6  11.8  14.1  21.0  25.1  25.0  24.4  21.7  15.6   8.8   1.9 
2001   5.3   8.4   9.3  16.0  19.9  24.9  24.5  26.4  20.5  15.2  13.1   8.6 
2002   5.9   6.9  11.3  17.3  19.4  25.5  27.0  25.7  22.8  16.4   9.4   4.7 
2003   2.6   5.0  11.7  14.4  19.0  23.1  25.7  26.0  21.0  15.2  13.6   4.9 
2004   3.3   5.1  11.3  15.7  22.9  24.5  26.1  24.0  21.7  16.9  11.9   6.2 
2005   6.4   7.0   8.7  15.0  18.1  24.6  27.9  26.8  24.5  16.9  11.5   4.8 
2006   8.7   6.3  10.7  17.0  18.6  23.6  26.5  26.9  20.9  14.8  11.6   8.7 
2007   7.2   4.7  13.2  15.5  20.0  24.7  25.8  28.9  23.9  19.6  10.3   9.1 
2008   5.3   8.6  11.6  15.7  19.1  27.0  26.1  25.8  22.5  15.1   9.6   8.5 
2009   4.4   7.7  11.1  16.7  21.8  25.7  26.4  26.8  21.6  15.8  11.8   5.0 
2010   3.3   3.3  11.1  17.2  22.2  27.2  27.9  27.3  25.2  17.4  10.9   1.7 
2011   3.2   9.2  10.8  17.5  21.2 -99.0 -99.0 -99.0 -99.0 -99.0 -99.0 -99.0 
