Number= 723180
Name= BLACKSBURG,-V-------
Country= USA---------
Lat=   37.2
Long=   80.4
Height= 654
Start year= 1891
End year= 2007
First Good year= 1891
Source ID= 30
Source file= Jones+Anders
Jones data to= 1996
Normals source= Data
Normals source start year= 1961
Normals source end year= 1990
Normals=  -0.8   0.6   5.9  10.3  15.0  19.2  21.3  20.8  17.1  10.9   6.3   1.2 
Standard deviations source= Data
Standard deviations source start year= 1941
Standard deviations source end year= 1990
Standard deviations=   2.8   2.4   2.3   1.5   1.6   1.4   1.0   1.0   1.2   1.7   1.6   2.4 
Obs:
1891 -99.0 -99.0 -99.0  12.1  14.8  21.8  20.9 -99.0 -99.0 -99.0 -99.0   4.8 
1892  -0.8   4.3   3.3   9.5  16.5  22.9  22.3  22.5 -99.0 -99.0   3.7   1.1 
1893  -4.9   3.1   5.7  11.5  15.1  20.8  23.6  20.8  17.1  11.6   4.2   3.0 
1894   2.6   1.5   7.3   8.8  15.2  19.9  21.4  20.4  18.6  10.9   3.6   1.9 
1895  -1.9  -6.1   4.5   9.4  13.9  19.7  20.1  21.7  19.5   7.7   5.6   1.9 
1896  -0.1   1.3   2.9  12.8  18.4  19.5  21.3  21.4  16.2   9.6   7.7   1.7 
1897  -1.5   2.7   7.0   9.9  12.8  19.5  21.5  19.7  17.2  12.5   5.8   2.2 
1898   1.6   0.5   7.6   7.7  16.2  19.8  22.0  21.4  17.7  10.5   4.3   0.7 
1899   0.8  -2.6   4.9   9.5  16.5  20.6  21.1  22.0  16.7  12.0   8.8   1.2 
1900   2.1  -1.1   3.1  10.1  14.4  19.8  21.8  22.8  19.2  13.5   6.7   3.1 
1901   0.6  -1.4   5.3   6.7  14.2  19.8  23.2  20.3  15.8  10.6   1.8  -0.8 
1902  -0.8  -2.3   5.0   8.8  17.1  20.1  22.4  21.7  16.7  12.2   8.7   1.8 
1903   0.3   1.8   7.8   9.7  15.9  17.6  22.0  21.3  16.1  11.2   2.5  -1.9 
1904  -1.6  -1.5   5.0   7.5  14.3  19.9  20.7  20.5  17.3  10.7   4.2   0.9 
1905  -1.7  -2.4   7.7  10.8  16.6  19.0  21.3  20.0  17.6  10.5   4.4   1.6 
1906   2.8   0.8   2.0  10.5  14.7  19.6  20.0  22.8  19.0   9.8   5.7   2.1 
1907   4.9  -0.3   7.8   5.3  13.1  16.9  22.0  20.4  18.2   8.8   4.5   1.8 
1908  -0.9  -2.0   8.3  11.4  15.4  19.6  21.5  19.8  15.6  10.3   4.8   1.1 
1909   3.3   4.1   3.5  10.0  14.0  21.4  18.9  19.6  15.3   8.5   7.3  -2.3 
1910  -0.4  -0.6   8.8  10.5  12.7  17.4 -99.0  19.3  17.7  12.4   2.3  -1.9 
1911   3.1   3.7   4.2   8.0  16.7  20.6  21.4  22.1  19.5  13.0   3.2   3.1 
1912  -3.5  -1.4   4.0  11.7  15.5  19.1  21.2  20.3  19.2  12.0   5.3   1.9 
1913   5.4   2.0   7.2   9.9  15.2  19.9  22.6  21.3  16.1  11.1   6.1   2.9 
1914   1.9  -0.4   2.5 -99.0  15.7  22.8  21.8  21.6  16.1  12.7   4.3  -0.7 
1915   0.4   3.1   0.9  11.4  15.6  18.6  21.1  20.6  18.2  13.5   6.1   0.9 
1916   4.7   1.6   3.9   9.0  16.7  18.3  22.1  21.4  15.9  10.8   5.8   1.0 
1917   2.7  -0.1   4.9  11.2  11.5  18.2  20.2  19.0  16.2   7.7   3.6  -5.1 
1918  -6.3   2.4   7.5   8.7  17.1  18.4  19.1  22.0  13.7  12.7   4.7   3.4 
1919   1.0   1.5   6.2   9.4  15.1  20.4  22.4  19.8  16.5  15.6   4.9  -1.5 
1920  -1.5  -1.8   4.0   7.3  11.3  17.0  19.3  18.7  15.5 -99.0   3.9   1.3 
1921  -0.4   2.4   9.9  11.0  13.5  19.6  21.0  19.1  19.5  10.3   6.2   2.5 
1922  -0.9   3.5   6.1  11.6  15.3  20.6  21.8  19.5  17.5  11.8   5.3   3.3 
1923   1.4   0.0   4.9   9.1  13.8  19.4  20.7  20.6  17.5   9.9   3.9   5.7 
1924  -1.1   0.2   2.7   9.2  12.7  19.9  20.1  20.7  14.4  10.9   5.1   0.3 
1925  -0.5   4.0   5.2  10.3  11.4  21.5  22.3  20.8  20.7   9.8   3.6   0.4 
1926  -1.1   2.5   1.4   8.5  15.3  18.3  22.0  22.7  19.5  12.0   2.9   1.3 
1927   0.8   5.7   5.9   9.7  15.6  18.4  21.1  19.2  17.8  12.1   6.6   0.9 
1928   0.1   1.0   4.7   8.2  13.8  18.5  22.1  21.7  15.2  11.7   5.2   1.8 
1929  -0.4  -0.4   7.4  11.8  14.8  19.0  20.6  19.9  17.3   9.7   5.2   1.9 
1930   0.9   4.4   3.8  10.3  16.4  19.5  23.7  21.3  20.5   9.9   4.2  -1.7 
1931   0.8   3.1   1.8   9.7  14.8  20.5  23.8  21.0  19.6  12.4   8.9   5.5 
1932   5.2   5.9   2.0   9.6  15.6  20.5  22.8  22.2  17.9  11.9   4.0   2.4 
1933   4.1   1.6   4.6  10.4  18.0  21.4  22.1  21.4  20.5  10.8   4.5   4.5 
1934   2.5  -3.1   3.6  10.7  17.2  22.4  25.0  21.9  18.6  11.3   6.7   1.0 
1935   0.9   2.4   8.1   9.2  15.1  19.9  22.9  22.2  17.8  12.2   7.1  -2.4 
1936  -2.3  -0.1   7.0   9.6  16.9  20.8  23.3  23.0  19.2  12.6   4.7   2.0 
1937   5.5   1.7   3.8   9.8  15.3  21.2  21.1  22.0  16.1   9.5   4.4   1.4 
1938   1.5   5.3   8.4  10.2  15.3  18.8  21.9  21.9  17.3  11.3   6.6   1.4 
1939   2.1   5.0   6.8   9.4  15.6  21.9  21.4  21.3  18.7  12.8   4.1   2.8 
1940  -5.4   1.3   3.4   9.4  14.4  20.6  21.3  20.7  15.3  11.1   5.7   4.8 
1941   0.9  -0.6   2.4  13.7  16.8  20.8  23.0  22.6  19.2  15.3   6.0   4.0 
1942  -0.1  -0.4   5.6  11.5  16.8  20.9  22.6  21.1  17.0  12.1   6.4   0.0 
1943   2.1   2.0   4.0   8.4  16.2  22.6  21.7  22.2  15.6  11.5   4.6   1.4 
1944   1.4   2.8   4.4   9.4  17.7  21.4  21.0  20.7  17.6  10.8   4.7  -1.0 
1945  -0.4   2.4   9.9  11.5  13.3  19.5  21.5  21.0  19.1  10.6   6.1  -1.8 
1946   1.0   2.9   8.5  11.6  14.3  19.4  21.0  18.9  16.8  12.0   8.1   3.1 
1947   3.4  -3.6   0.0  11.3  14.8  18.9  19.6  22.5  17.3  13.1   3.5   1.2 
1948  -2.4   2.1   6.4  11.8  14.7  20.3  21.7  21.6  17.8  11.0   8.3   2.9 
1949   5.4   4.7   5.5   9.5  15.4  21.1  23.3  21.2  15.7  13.8   4.9   3.3 
1950   6.7   2.9   3.8   8.9  15.9  19.4  20.8  19.1  16.2  13.4   3.3  -1.1 
1951   1.5   2.5   4.9   9.4  15.1  20.2  21.9  21.9  17.5  13.0   2.9   2.7 
1952   4.0   3.5   5.9  11.4  16.6  23.1  23.6  21.5  17.2  10.5   6.9   2.3 
1953   3.2   3.9   6.8  10.8  19.0  21.1  22.5  21.9  17.9  12.9   5.5   1.6 
1954   2.2   4.6   4.8  13.0  12.8  19.9  22.4  21.5  18.8  12.8   3.8   0.2 
1955  -0.3   1.9   6.6  12.4  16.7  16.5  23.2  22.5  18.0  11.9   5.1  -1.3 
1956  -0.5   4.0   4.6   8.7  15.8  19.0  21.2  20.6  16.2  12.3   4.9   6.9 
1957   1.0   4.8   4.9  12.4  16.7  20.0  21.0  19.9  17.8   8.3   6.6   2.6 
1958  -1.6  -3.1   2.7  10.1  14.9  19.0  22.2  20.8  17.0  10.4   6.8  -1.2 
1959  -1.1   2.3   4.6  11.5  17.6  19.1  22.0  22.5  17.6  12.0   4.7   2.6 
1960   1.7   0.2  -2.6  11.9  13.6  18.7  20.7  21.6  17.8  11.9   5.6  -2.6 
1961  -2.2   3.1   7.4   6.9  13.0  18.4  20.8  20.9  18.6  10.5   7.1   1.0 
1962   0.0   2.7   3.7   8.5  17.8  19.0  20.2  19.8  15.3  11.9   4.2  -1.5 
1963  -2.0  -2.3   6.8  11.2  14.5  19.0  20.5  20.1  16.5  12.8   7.3  -3.1 
1964   0.6  -0.4   6.2  11.8  16.4  20.4  21.7  20.6  17.1   9.5   8.2   3.0 
1965   1.4   0.3 -99.0  11.2  18.5  18.8  20.8  21.0  18.4  10.5   7.0   2.8 
1966  -2.4   0.3   6.2   9.2  15.4  19.2  22.8  20.0  15.7   9.5   5.8   0.4 
1967   1.4  -0.7   6.4  11.5  12.6  17.8  19.7  19.1  14.0  10.1   3.8   2.8 
1968  -2.3  -2.9   5.9  10.3  13.2  18.3  21.4  21.3  16.0  11.0   5.6  -0.3 
1969  -1.6  -0.3   1.8  10.8  14.8  20.0  22.4  20.0  16.3  10.1   4.8  -1.5 
1970  -3.7  -0.2   4.2  10.3  15.7  19.1  20.9  20.4  19.1  11.9   5.4   1.8 
1971  -1.5   0.1   2.8   8.8  13.2  20.0  20.4  19.7  18.4  13.5   4.5   5.2 
1972   1.5  -1.1   4.7   9.5  13.7  16.5  20.5  20.0  17.6   9.1   4.8   3.7 
1973  -0.3  -0.9   7.8   9.4  12.0  20.3  21.2  21.3  18.5  12.5   6.2   0.5 
1974   5.7   0.9   7.0   8.6  14.2  16.3  20.5  20.3  15.5   9.6   6.2   0.9 
1975   2.4   2.7   3.6   8.5  16.5  19.7  21.4  22.8  16.6  12.1   7.5   1.8 
1976  -0.6   6.0   9.7  12.0  15.2  19.0  20.0  19.6  15.4   8.8   2.3  -1.5 
1977  -6.9  -0.5   8.1  12.4  16.7  18.1  22.6  21.7  18.4   9.8   7.5   0.4 
1978  -5.4  -4.3   3.6  11.3  14.0  19.8  21.0  22.0  19.9  11.0   8.5   2.6 
1979  -2.4  -2.2   7.2  10.9  14.9  17.8  20.1  20.8  16.8  10.4   7.6   1.7 
1980   1.4  -1.6   3.6  10.9  15.0  18.2  22.4  21.2  19.4  10.2   5.5 -99.0 
1981  -1.9   1.4   3.8  12.6  13.2  21.2  21.8  20.4  16.4   9.8   6.5  -1.5 
1982  -3.3   1.7   6.2   9.1  18.0  19.6  22.2  20.2  15.9  11.5   6.8   3.8 
1983  -0.8   0.7   6.0   8.6  13.9  18.5  21.8  21.8  16.7  10.0   4.9  -1.2 
1984  -0.4   4.2   4.7   9.7  15.1  21.0  20.2  21.5  16.4  15.6   5.4   6.7 
1985  -2.6   1.6   8.4  13.0  16.4  19.5  20.8  19.9  16.9  12.8   9.9 -99.0 
1986  -3.7   2.0   5.9  12.6  14.9  20.2  23.2  20.0  18.1  12.4   7.3   1.5 
1987  -0.9   0.6   6.1   8.8  17.6  20.9  23.1  22.8  17.7   8.1   7.7   2.9 
1988  -2.7   0.7   6.9  10.8  15.2  19.6  22.0  22.0  15.9   7.2   6.1   1.1 
1989   3.5   1.9   7.3  10.0  13.4  20.9  22.0  20.7  17.5  12.0   6.6  -4.0 
1990   4.4   5.7   8.4  10.5  15.4  19.8  21.9  21.2  17.9  12.6   8.7   4.6 
1991   1.8   3.6   7.2  11.9  18.2  20.1  23.4  21.4  18.3  13.0   6.7   4.0 
1992   2.3   4.2   6.2  11.0  14.0  18.2  22.9  19.9  18.2  10.6   6.7   1.0 
1993   2.9   0.7   3.7  10.0  16.7  20.0  24.3  22.0  18.4  10.8   6.6   0.9 
1994  -2.1   2.6   5.6  13.3  13.7  21.8  23.2  21.4  17.3 -99.0 -99.0 -99.0 
1995 -99.0 -99.0 -99.0 -99.0 -99.0 -99.0 -99.0  22.7  16.9  12.1   3.7  -1.7 
1996  -1.4   0.6   1.8   9.5  15.7  19.8  20.6  20.6  16.6  11.3   2.9 -99.0 
1997 -99.0 -99.0 -99.0 -99.0 -99.0 -99.0 -99.0 -99.0 -99.0 -99.0 -99.0 -99.0 
1998 -99.0 -99.0 -99.0 -99.0 -99.0 -99.0 -99.0 -99.0 -99.0 -99.0 -99.0 -99.0 
1999 -99.0 -99.0 -99.0 -99.0 -99.0 -99.0 -99.0 -99.0 -99.0 -99.0 -99.0 -99.0 
2000 -99.0 -99.0 -99.0 -99.0 -99.0 -99.0 -99.0 -99.0 -99.0 -99.0 -99.0 -99.0 
2001 -99.0 -99.0 -99.0 -99.0 -99.0 -99.0 -99.0 -99.0 -99.0 -99.0 -99.0 -99.0 
2002 -99.0 -99.0 -99.0 -99.0 -99.0 -99.0 -99.0 -99.0 -99.0 -99.0 -99.0 -99.0 
2003 -99.0 -99.0 -99.0 -99.0 -99.0 -99.0 -99.0 -99.0 -99.0 -99.0 -99.0 -99.0 
2004 -99.0 -99.0 -99.0 -99.0 -99.0 -99.0 -99.0 -99.0 -99.0 -99.0 -99.0 -99.0 
2005 -99.0 -99.0 -99.0 -99.0 -99.0 -99.0 -99.0 -99.0 -99.0 -99.0 -99.0 -99.0 
2006 -99.0 -99.0 -99.0 -99.0 -99.0 -99.0 -99.0 -99.0 -99.0 -99.0 -99.0 -99.0 
2007 -99.0 -99.0 -99.0 -99.0 -99.0 -99.0 -99.0 -99.0 -99.0 -99.0 -99.0 -99.0 
