Number= 723200
Name= ROME
Lat=   34.2
Long=   85.1
Height= -999
Start year= 1900
End year= 1990
First Good year= 1900
Source ID= 10
Source file= Jones
Jones data to= 1990
Normals source= Data
Normals source start year= 1961
Normals source end year= 1990
Normals=   3.4   5.7  10.8  15.1  19.1  22.9  24.7  24.5  21.2  15.0  10.2   5.2 
Standard deviations source= Data
Standard deviations source start year= 1941
Standard deviations source end year= 1990
Standard deviations=   2.8   2.3   2.1   1.4   1.3   1.3   1.0   1.0   1.3   1.8   1.6   2.1 
Obs:
1900   3.8   4.4   8.9  16.2  20.5  23.8  26.6  27.2  23.5  18.4   9.9   5.2 
1901   4.9   3.7   9.2  12.1  19.6  25.0  27.6  24.8  20.7  14.9   6.6   3.1 
1902   3.3   2.9  10.3  14.8  23.6  26.4  28.0  26.7  21.0  15.6  12.2   4.8 
1903   4.5   8.1  15.0  16.0  21.0  22.3  26.4  26.5  22.0  15.6   9.2   3.3 
1904   4.0   7.3  13.1  13.6  20.2  24.2  25.2  24.6  23.0  15.3   9.1   6.5 
1905   2.2   2.3  13.5  16.1  22.5  24.8  25.2  25.0  22.7  15.8  10.5   4.6 
1906   6.3   6.4   9.1  17.0  20.6  24.9  24.8  26.2  23.7  14.8  10.2   7.5 
1907  10.3   6.2  16.6  12.2  19.7  22.7  26.9  25.7  22.4  15.4   8.5   5.6 
1908   4.2   5.0  14.7  17.8  20.9  24.3  25.9  25.2  21.5  14.4  11.5   7.5 
1909   7.7   7.9  10.9  15.8  19.3  24.4  24.7  25.2  21.7  15.2  12.6   2.3 
1910   4.5   5.3  14.6  15.5  18.5  22.2  25.3  25.0  23.5  17.4   7.5   2.6 
1911   7.6   9.7  11.4  15.1  22.1  26.3  24.9  25.6  26.1  19.2   7.8   7.6 
1912   2.5   4.6   9.8  16.8  21.2  23.3  25.2  25.0  24.2  16.7   7.9   6.0 
1913   8.7   6.9  11.1  15.1  21.2  24.3  27.7  26.5  21.6  14.8  10.2   6.4 
1914   6.3   5.6   9.1  15.8  20.9  27.0  27.0  25.3  21.7  16.6   9.3   4.0 
1915   4.5   7.4   6.7  17.3  22.3  23.9  25.8  24.8  22.8  17.7  10.8   5.1 
1916   8.3   5.9  10.0  15.2  21.8  23.2  25.4  25.7  21.6  15.8   9.4   5.4 
1917   7.3   6.3  11.7  17.1  17.2  23.3  25.6  24.2  21.3  12.5   8.1   1.4 
1918   0.4   9.2  14.5  14.3  22.1  25.1  24.5  26.2  19.5  17.4   9.2   7.9 
1919   5.0   6.5  10.9  15.2  19.2  24.2  25.4  25.1  22.5  21.3  11.0   5.9 
1920   5.4   5.6   9.2  14.8  19.3  23.7  25.3  24.1  23.5  16.0   8.6   5.2 
1921   7.0   8.6  15.7  15.4  19.9  26.1  26.9  25.5  26.2  15.0  11.8   8.1 
1922   5.7   9.3  11.3  17.1  20.7  24.8  25.6  24.2  23.5  16.6  10.9   9.6 
1923   8.2   6.2  10.8  15.4  19.0  23.8  25.0  25.3  23.9  15.9   9.1  10.0 
1924   2.3   5.5   8.5  15.0  18.5  25.1  25.4  26.9  20.5  15.9  10.8   6.7 
1925   5.5   9.7  11.8  17.9  19.0  26.3  26.9  25.4  27.7  15.5   8.7   4.9 
1926   4.5   7.9   7.0  14.2  19.8  24.1  25.1  25.8  24.9  16.7   7.7   7.3 
1927   6.5  12.0  11.4  17.6  20.6  23.1  25.3  24.1  23.6  17.5  12.5   5.9 
1928   4.6   6.6  11.1  13.6  18.6  22.9  25.9  25.9  20.6  17.4  10.0   6.1 
1929   6.2   5.3  12.9  17.2  20.0  23.7  26.0  25.3  21.8  14.5  10.3   5.0 
1930   5.3   9.2   8.2  15.6  20.6  22.8  27.2  25.1  23.5  14.4   9.3   3.6 
1931   4.7   7.2   7.3  14.0  18.5  25.3  27.0  24.4  24.6  16.9  13.3   9.6 
1932   9.3  10.6   8.2  15.6  19.2  25.2  26.8  25.8  21.9  14.7   7.6   6.6 
1933   8.6   5.9  10.0  14.7  22.1  24.8  25.5  25.0  24.7  16.0   9.5   9.8 
1934   6.5   3.2   9.2  15.4  20.7  25.1  26.9  26.0  22.5  16.7  11.3   4.9 
1935   6.6   7.6  13.8  15.8  20.6  23.6  26.1  26.4  22.7  17.3  11.6   1.9 
1936   3.2   4.8  13.1  14.5  21.7  25.8  26.6  26.1  24.1  17.2   9.4   7.4 
1937  11.2   6.8   9.6  15.0  20.2  24.7  24.9  25.1  21.2  14.6   8.6   5.3 
1938   6.0  10.4  14.3  15.7  20.9  22.4  25.3  26.4  22.6  17.0  11.0   5.4 
1939   6.2   8.7  12.0  14.6  19.5  25.2  25.8  24.7  23.5  16.9   8.5   6.3 
1940  -2.3   5.0   9.5  14.2  18.2  23.9  24.0  25.0  20.8  16.1   9.0   7.6 
1941   5.4   3.5   7.2  16.2  21.0  24.1  25.6  25.4  23.8  19.8   9.2   6.9 
1942   3.9   3.8  10.4  16.0  20.1  24.2  25.7  23.7  20.9  15.8  10.9   5.0 
1943   6.7   7.1   9.0  14.9  20.8  25.9  25.4  25.8  20.1  14.1   8.5   5.3 
1944   5.3   9.1  10.6  14.9  21.2  25.6  25.3  24.7  22.4  15.2   9.3   3.6 
1945   5.1   7.7  15.6  16.4  18.2  23.5  25.1  24.7  23.7  14.8  11.3   1.8 
1946   5.8   7.3  13.9  16.3  19.1  22.9  24.8  24.5  21.3  15.5  13.1   7.3 
1947   6.9   2.8   6.7  16.7  18.9  23.1  23.7  26.2  23.7  18.4   8.8   5.7 
1948   2.1   8.3  12.7  17.5  19.8  24.3  25.5  24.4  21.0  13.4  10.5   6.9 
1949   9.1   8.5   9.2  13.6  20.2  23.7  25.6  24.8  20.3  18.2   8.8   6.6 
1950  12.3   9.4   9.1  13.9  21.3  23.2  23.8  22.9  20.7  17.1   7.0   3.0 
1951   5.9   7.6  10.8  14.3  19.1  23.8  25.3  25.8  22.6  16.8   7.5   7.3 
1952   9.5   8.6  10.2  15.3  20.1  26.4  26.6  24.8  20.6  13.1   9.8   5.4 
1953   8.0   8.1  11.8  15.0  21.8  25.5  25.1  24.7  21.4  17.1   9.1   4.6 
1954   6.3   8.9  10.4  18.3  16.6  23.7  27.4  26.5  23.7  16.9   8.2   4.7 
1955   4.5   7.2  11.8  17.8  20.9  20.8  25.8  26.0  23.9  14.6   8.9   4.9 
1956   3.5   9.3  10.7  14.0  20.9  23.5  25.2  25.2  21.1  16.9   8.7  10.5 
1957   6.2  10.9   9.9  17.1  20.7  23.9  25.0  24.5  22.3  13.2  10.7   6.1 
1958   2.5   1.6   8.1  15.2  20.0  23.7  24.9  24.6  22.2  14.7  11.4   3.4 
1959   4.0   7.4   8.9  15.7  21.3  23.0  25.3  25.3  22.5  17.4   8.9   6.7 
1960   5.8   5.2   3.7  16.1  18.2  23.7  26.1  25.2  22.3  16.3   9.3   2.6 
1961   1.6   8.0  11.5  13.1  17.7  21.7  23.9  23.7  22.5  14.7  12.0   5.1 
1962   3.6   9.9   8.5  13.4  22.0  23.2  25.0  25.0  21.2  16.5   8.7   3.1 
1963   1.3   2.6  12.6  16.3  19.5  22.7  23.8  24.4  20.9  16.7  10.5   1.1 
1964   3.6   3.4  10.6  16.6  20.1  24.4  24.1  23.9  21.8  13.6  12.0   7.0 
1965   5.8   5.4   9.3  17.2  20.7  22.4  24.1  24.9  21.9  14.5  11.4   5.5 
1966   1.7   5.5  10.2  15.9  18.5  21.9  25.5  23.9  20.6  14.1  10.7   4.6 
1967   4.9   4.3  12.6  16.9  18.5  21.9  22.8  22.5  18.3  13.9   7.5   7.0 
1968   2.1   1.6   9.7  14.8  18.1  23.6  24.9  25.8  20.5  15.5   9.0   2.9 
1969   3.2   4.9   7.1  15.9  19.1  23.9  25.7  23.4  20.0  15.0   8.9   3.9 
1970   1.2   5.3  11.0  16.9  19.7  22.4  24.9  24.6  24.0  16.9   8.9   6.8 
1971   4.6   4.8   8.2  15.0  18.0  24.2  23.9  24.1  22.3  18.5   9.5   9.1 
1972   6.4   4.8  10.9  15.8  18.3  21.4  24.0  24.7  22.5  15.1   9.2   7.6 
1973   3.8   4.6  14.0  14.1  17.9  23.6  24.9  24.2  23.0  16.6  11.9   5.1 
1974  10.1   6.9  13.8  15.1  20.0  21.1  24.1  23.2  19.4  13.3   8.6   4.6 
1975   6.5   7.2   8.7  13.8  19.5  21.3  23.6  24.6  20.0  15.8  10.4   5.0 
1976   2.0   9.0  12.0  13.8  16.2  20.5  23.2  24.2  20.5  12.9   6.0   3.1 
1977  -2.1   4.6  12.1  16.9  20.2  24.0  26.8  25.9  22.5  13.7  11.2   4.6 
1978  -0.3   2.1   9.0  15.5  18.9  23.3  25.4  24.5  22.9  14.9  12.7   5.5 
1979   2.0   4.2  11.8  15.4  19.4  22.3  23.5  24.1  21.1  14.6  10.1   5.5 
1980   5.2   3.7   9.5  14.7  19.3  23.2  26.7  26.4  23.6  13.9   8.8   4.7 
1981   1.9   6.3   9.3  17.9  17.8  24.8  25.9  23.6  19.9  13.6  10.5   3.4 
1982   2.1   6.8  12.3  13.1  20.4  22.4  25.0  23.4  20.3  15.5  10.6   9.0 
1983   3.7   6.6   9.8  12.4  18.9  21.3  25.5  26.2  20.3  15.2   9.4   2.9 
1984   2.5   6.6   9.7  13.5  17.9  23.3  23.5  23.3  19.6  18.6   8.1   9.0 
1985  -0.4   4.9  12.4  16.1  19.1  22.6  24.1  23.7  20.0  17.4  14.8   2.9 
1986   3.5   8.5  10.6  15.3  20.0  24.8  27.2  24.2  22.2  15.6  12.3   5.7 
1987   3.7   5.9  10.6  13.2  21.5  23.4  25.5  26.5  21.0  11.3  10.7   7.5 
1988   1.9   5.2  10.5  14.9  18.1  23.8  25.3  25.5  20.9  12.1  10.7   5.3 
1989   6.9   6.5  12.4  13.8  17.5  22.7  24.3  24.3  20.6  14.2   9.5   1.2 
1990   7.9  10.3  12.3  14.3  18.8  23.6  25.3  25.3  22.1  15.0  10.9   7.4 
