Number= 723440
Name= FORT SMITH
Country= USA
Lat=   35.3
Long=   94.4
Height= 136
Start year= 1882
End year= 2011
First Good year= 1882
Source ID= 10
Source file= Jones+Anders
Jones data to= 2001
Normals source= Data
Normals source start year= 1961
Normals source end year= 1990
Normals=   2.7   5.5  10.9  16.3  20.6  25.0  27.6  27.0  23.0  16.8  10.3   4.7 
Standard deviations source= Data
Standard deviations source start year= 1941
Standard deviations source end year= 1990
Standard deviations=   2.4   2.3   2.1   1.6   1.4   1.3   1.2   1.4   1.5   1.6   1.6   2.1 
Obs:
1882 -99.0 -99.0 -99.0 -99.0 -99.0  26.8  27.0  26.6  22.4  20.1  11.6   5.6 
1883   1.8   5.1  10.7  17.2  21.0  26.1  28.2  26.7  22.9  18.8  12.7   7.6 
1884  -0.3   6.2  12.0  15.3  21.1  25.7  29.1  26.1  26.8  19.6  11.0   3.3 
1885   0.8   3.0   9.2  17.2  19.2  25.0  27.6  25.9  22.6  15.0  11.1   5.6 
1886  -2.4   3.9   9.3  15.8  22.9  24.1  27.3  27.2  24.2  17.2   9.0   2.9 
1887   3.0   7.7  12.2  17.4  21.4  24.6  27.7  26.2  23.6  16.0  10.1   3.9 
1888   1.7   7.3   9.4  18.8  20.2  24.9  27.8  26.7  21.9  15.5   9.3   6.6 
1889   5.1   5.8  11.8  18.7  20.0  23.1  27.3  25.5  21.2  17.0   7.8  14.3 
1890   8.0   8.9  10.2  16.8  20.6  25.7  28.1  25.5  21.0  15.7  12.0   7.2 
1891   4.7   6.3   7.3  17.1  19.2  25.0  24.6  24.7  23.1  16.3   8.7   7.7 
1892   1.0   8.3   8.9  16.3  19.3  24.8  26.9  26.1  21.9  17.6   9.6   3.9 
1893   2.6   4.6   9.8  17.8  19.2  24.4  26.6  24.9  23.4  16.1   8.7   7.7 
1894   5.4   4.5  12.1  17.0  20.7  24.7  26.7  26.0  22.3  16.8   9.6   6.4 
1895   1.0   0.6  10.5  16.4  19.9  24.0  25.2  25.8  24.6  13.8   8.9   5.9 
1896   5.1   7.3   9.2  20.0  23.3  25.8  29.2  29.2  23.9  16.1  10.8   7.9 
1897   3.4   7.9  12.6  16.5  20.7  25.6  28.3  26.2  24.6  19.9  10.6   3.9 
1898   6.9   7.9  11.7  15.4  22.2  26.0  27.4  26.9  24.6  16.0   8.9   4.1 
1899   3.9  -0.1  10.3  16.1  23.2  25.7  26.7  29.2  22.8  19.5  12.5   4.7 
1900   6.2   4.2  10.7  17.3  20.7  25.6  26.6  28.0  25.5  19.3  12.2   7.7 
1901   7.4   5.4  10.3  15.0  20.8  26.4  29.5  27.9  23.2  18.9  11.4   3.8 
1902   3.2   2.5  11.7  17.1  23.2  26.2  26.9  28.0  20.3  17.6  13.2   4.1 
1903   4.8   4.4  12.7  16.6  19.6  21.9  26.8  26.2  21.9  16.2   9.0   4.8 
1904   3.8   7.0  13.1  14.2  19.4  24.2  25.9  26.1  24.2  17.4  11.8   5.3 
1905   0.1  -0.3  14.8  16.2  21.3  26.1  25.0  27.0  23.9  16.1  11.9   4.1 
1906   5.7   5.4   6.8  18.1  20.7  24.3  25.2  25.6  24.4  14.4  10.1   7.7 
1907   8.9   7.1  17.0  12.8  17.6  24.4  27.6  28.3  23.8  16.9   9.7   6.9 
1908   5.4   6.8  15.2  16.7  21.0  24.6  26.4  26.7  22.9  15.7  11.9   7.6 
1909   5.8   8.1  11.0  15.9  19.8  25.0  28.4  29.0  24.7  17.7  15.4   1.1 
1910   5.4   3.7  16.6  15.6  19.0  24.5  27.5  27.2  26.0  17.3  11.1   5.3 
1911   8.0   9.6  13.6  15.7  22.2  28.8  27.0  26.3  26.7  17.1   7.9   5.6 
1912   0.8   3.4   7.4  16.7  21.7  23.6  28.8  26.9  23.9  18.2  10.7   5.1 
1913   5.0   3.9   9.2  16.7  21.3  25.9  28.3  29.6  22.4  15.7  14.6   5.8 
1914   7.2   4.5  10.3  16.4  20.9  28.3  28.8  26.3  24.4  17.3  12.4   2.1 
1915   3.7   7.6   5.6  18.5  20.9  24.8  26.4  24.1  24.7  18.0  13.2   6.8 
1916   5.9   5.6  12.7  15.4  22.3  24.5  29.7  29.6  23.3  17.6  11.3   4.1 
1917   5.7   5.6  12.0  15.6  17.7  24.7  27.7  25.9  22.9  14.0  10.8   1.7 
1918  -3.4   7.3  14.4  15.5  22.9  27.7  27.9  29.4  20.3  19.2  10.4   7.8 
1919   5.2   6.2  12.3  16.7  19.8  25.2  28.9  28.0  24.2  18.7  10.0   4.0 
1920   3.8   6.8  11.1  14.9  22.3  24.5  27.4  25.8  24.3  18.2   8.3   6.1 
1921   7.6   8.2  16.0  15.7  21.9  25.9  28.2  28.2  26.7  17.3  12.3   7.3 
1922   3.9   8.4  10.9  17.6  21.9  26.4  28.1  28.3  25.6  17.9  11.9   8.1 
1923   9.3   4.8   9.3  16.6  19.3  25.5  28.0  29.2  23.3  15.4  10.6   9.0 
1924   1.8   5.7   7.8  16.6  18.4  26.7  27.2  29.2  21.6  19.2  12.2   3.6 
1925   3.9   9.1  13.4  19.8  20.2  28.7  27.8  27.8  26.6  14.3  10.1   3.9 
1926   4.3   9.1   8.7  14.7  21.4  24.9  26.8  28.1  25.0  18.3   8.8   5.6 
1927   5.2  10.3  11.6  18.5  22.3  24.8  26.7  25.1  24.3  19.4  13.2   4.0 
1928   6.1   7.3  11.7  13.9  21.4  23.4  27.3  28.0  22.2  19.9   9.7   6.1 
1929   2.8   0.3  12.8  18.0  19.6  24.8  27.9  28.8  23.3  17.1   7.3   6.9 
1930  -1.6  11.7  10.4  19.1  20.4  25.1  29.9  29.3  25.2  16.3  10.7   5.6 
1931   6.2   9.5   8.4  15.0  18.6  26.5  28.5  25.6  26.4  20.2  14.6   9.1 
1932   6.9  10.7   8.9  18.3  21.4  26.4  28.9  28.9  24.1  16.2   8.8   4.4 
1933   9.1   5.2  11.4  16.5  22.1  27.1  28.9  27.0  26.5  17.7  12.3   9.1 
1934   6.1   6.1  10.0  17.3  22.2  28.9  31.8  31.0  21.6  19.4  12.1   5.0 
1935   5.8   7.2  14.7  15.4  19.2  23.9  29.4  29.2  23.2  17.7   9.0   3.2 
1936   2.8   2.2  14.3  16.0  22.8  27.9  30.2  31.3  26.6  16.4   8.8   7.7 
1937   3.2   6.3   9.2  16.4  21.9  27.0  28.3  29.2  23.7  16.8   9.2   5.4 
1938   5.8   9.8  15.7  17.0  21.6  25.7  28.8  29.8  25.2  20.6  10.0   6.4 
1939   7.6   5.2  13.6  15.4  21.7  26.2  29.7  28.7  28.6  19.4   9.6   8.1 
1940  -3.1   5.4  11.3  15.5  20.3  24.9  27.2  26.1  22.4  19.6   9.7   7.8 
1941   6.2   5.0   8.9  18.0  23.0  25.1  28.6  27.3  24.9  20.2  10.4   7.6 
1942   3.0   5.3  11.5  18.2  20.4  25.8  28.0  26.9  22.5  17.6  12.6   6.0 
1943   4.7   9.0   8.4  18.3  21.6  27.1  29.8  31.1  23.1  16.4  10.1   4.4 
1944   5.3   8.6  10.6  16.2  22.0  27.1  28.2  27.6  23.8  18.9  12.0   3.3 
1945   4.4   6.4  14.7  16.9  19.9  24.4  26.7  27.0  23.9  16.0  11.9   2.4 
1946   4.3   8.6  14.4  18.5  18.9  24.6  28.1  27.4  23.6  18.3  11.4   8.8 
1947   5.3   2.6   7.3  16.2  19.7  25.6  26.8  30.2  25.1  20.7   8.7   6.4 
1948   0.8   5.8   9.6  19.3  20.6  26.1  27.5  26.3  23.3  16.1  10.2   6.6 
1949   3.5   7.3  11.0  15.9  22.7  26.3  28.4  26.4  21.3  17.1  11.3   6.6 
1950   6.9   8.2   9.3  15.1  21.3  25.5  25.3  25.2  22.1  19.8   8.4   3.2 
1951   4.3   6.8  10.2  14.7  21.1  24.6  27.9  28.5  22.5  17.7   7.4   5.6 
1952   7.8   8.5   9.7  14.6  20.7  28.1  28.7  28.1  22.9  13.7   9.2   4.8 
1953   6.1   7.3  13.0  13.9  21.4  29.2  27.3  26.3  23.8  18.3   9.6   4.6 
1954   4.0   9.9   9.8  19.4  18.5  26.9  31.2  30.4  25.9  18.2  10.9   5.9 
1955   5.0   5.8  11.2  19.0  22.4  23.7  29.1  27.2  25.0  17.1   9.2   4.4 
1956   3.1   7.3  11.3  15.0  23.2  25.3  28.6  29.0  24.1  19.6   9.0   7.6 
1957   3.6   9.8   9.6  15.8  21.8  25.6  29.3  27.2  22.1  15.3   9.7   8.2 
1958   3.7   3.3   7.2  15.9  21.5  25.5  27.7  27.1  23.9  16.8  11.6   3.4 
1959   2.7   6.2  10.7  15.9  22.9  25.2  26.7  27.7  24.1  16.4   7.4   7.3 
1960   4.2   3.0   5.3  17.4  19.9  25.2  27.1  27.8  25.0  18.3  11.1   3.7 
1961   2.1   7.7  12.3  14.9  19.9  23.9  26.7  25.4  22.5  17.4   9.9   4.4 
1962   1.2   8.3   9.2  15.3  24.3  25.3  28.2  27.8  22.5  18.8  10.2   5.6 
1963  -0.1   3.8  13.0  17.9  21.8  26.9  28.2  28.2  23.7  21.4  11.3   1.2 
1964   4.8   4.7  10.1  18.0  21.8  25.6  28.7  27.0  22.8  15.3  12.3   5.1 
1965   5.6   5.2   5.4  18.0  22.2  25.3  27.9  27.2  23.8  16.5  12.9   8.0 
1966   1.4   5.2  11.4  15.8  20.2  24.3  29.1  25.4  21.8  15.1  12.4   4.7 
1967   5.0   4.4  14.6  18.8  19.7  25.8  25.7  24.8  21.2  16.7   9.6   5.2 
1968   4.2   4.2  10.9  16.3  20.1  26.1  26.8  28.2  22.1  16.7   8.9   3.9 
1969   4.8   6.0   7.4  17.6  21.5  24.4  29.2  26.7  23.6  16.6   9.5   5.1 
1970   1.2   6.3   8.8  17.5  21.8  25.1  27.4  29.1  24.9  15.8   9.4   6.8 
1971   3.9   5.3   9.4  15.4  19.1  25.9  26.8  25.5  23.8  19.3  10.2   8.0 
1972   3.8   6.4  11.4  16.5  19.5  25.0  25.4  26.6  24.2  16.0   6.2   2.3 
1973   2.6   4.6  12.6  14.2  18.7  23.7  26.7  26.3  23.6  17.9  12.5   4.5 
1974   3.5   6.9  13.6  15.8  22.1  22.4  27.7  25.1  18.7  16.7   9.7   4.6 
1975   5.3   4.3   8.2  15.1  21.0  24.3  26.4  26.3  20.3  16.9  10.7   4.9 
1976   2.7  10.4  12.1  16.5  17.7  22.7  26.0  25.2  21.3  12.8   5.6   3.2 
1977  -3.1   6.3  11.9  17.7  22.5  26.7  28.1  27.7  25.1  16.4  11.3   4.3 
1978  -2.2  -0.1   8.6  17.2  20.1  24.8  29.5  28.3  26.0  16.6  11.7   4.4 
1979  -3.6   1.0  11.3  15.6  19.3  23.9  26.6  25.8  21.9  17.5   7.7   5.7 
1980   4.4   3.5   8.7  14.6  20.6  26.2  29.7  29.8  25.7  15.7  10.2   5.8 
1981   3.4   6.3  11.0  19.4  18.6  26.1  27.8  25.6  22.3  15.8  10.9   3.9 
1982   1.3   4.2  12.4  13.7  21.2  22.8  27.0  27.3  22.3  16.5  10.1   7.1 
1983   3.4   6.4  10.2  12.7  18.6  23.3  27.2  28.9  23.6  17.9  10.8  -1.7 
1984   0.7   7.2   9.3  14.5  19.6  25.8  27.0  27.1  21.9  18.0   9.8   9.1 
1985  -0.3   2.8  13.7  17.1  20.7  24.7  27.9  27.3  23.2  17.6  11.7   1.8 
1986   5.1   7.8  12.9  17.5  21.2  26.3  29.3  25.7  24.9  17.1   8.9   5.3 
1987   4.4   8.3  11.1  16.7  23.4  25.6  27.2  28.6  22.7  15.6  11.1   6.1 
1988   1.9   5.6  10.9  16.3  21.5  26.6  28.6  29.0  24.5  15.6  10.7   5.8 
1989   5.9   2.3  11.7  17.1  20.7  24.4  26.4  26.8  21.3  17.7  11.4   0.6 
1990   7.3   9.0  12.6  15.8  19.8  27.1  27.7  27.8  25.1  16.0  12.8   3.9 
1991   2.4   8.7  12.7  17.5  23.0  26.1  27.8  26.7  22.6  17.6   8.3   7.4 
1992   5.2  10.1  12.1  16.6  19.7  24.2  27.1  24.4  21.9  17.3   8.9   5.7 
1993   4.1   4.7   9.8  14.3  20.0  25.4  30.4  29.6  22.6  15.2   8.1   6.5 
1994   2.8   6.1  12.5  17.6  20.4  27.7  26.9  25.6  22.1  17.5  12.4   6.7 
1995   4.6   7.3  12.2  15.4  20.1  24.1  27.7  29.2  21.4  16.6   9.2   4.5 
1996   2.7   7.1   7.7  15.4  22.7  25.3  26.6  26.1  21.3  16.7   7.9   6.7 
1997   3.4   7.8  12.7  13.9  19.6  24.2  28.2  26.1  23.9  17.0   9.0   4.7 
1998   7.1   8.1   9.8  15.6  23.1  26.7  30.2  29.1  26.9  18.4  12.3   6.2 
1999   5.7  10.3  10.3  17.1  20.4  25.1  28.1  29.4  22.5  17.4  14.1   7.1 
2000   5.8  10.1  12.9  15.6  22.1  23.7  27.6  30.6  24.6  18.8   7.4  -0.2 
2001   2.6   7.1   9.4  19.3  21.4  25.4  29.9  29.0  22.4  16.0  13.4   6.9 
2002   5.1   5.5   9.4  17.9  20.2  25.6  28.0  27.8  24.6  15.9   9.2   6.3 
2003   3.0   4.3  11.3  17.2  21.6  23.5  28.1  28.5  21.9  18.4  12.2   6.5 
2004   4.9   5.4  13.8  17.1  22.1  24.6  26.1  25.1  24.0  19.5  12.2   5.7 
2005   6.5   9.3  10.8  16.7  20.6  26.1  27.8  29.2  26.2  17.8  12.1   4.6 
2006   8.6   6.2  12.8  19.7  22.1  25.2  29.0  29.5  21.8  16.1  12.5   8.5 
2007   4.2   5.6  15.9  14.4  21.8  25.4  26.8  29.4  24.4  19.1  11.8   5.8 
2008   4.0   6.6  11.8  15.7  21.1  25.7  28.5  26.9  22.6  16.8  10.1   4.9 
2009   4.0   8.6  12.3  15.9  20.3  27.0  27.4  26.0  22.5  14.7  13.2   3.3 
2010   2.7   3.3  10.8  18.0  22.4  28.7  29.1  30.8  24.4  17.6  12.2   5.1 
2011   3.1   6.2  13.5  18.1  20.6 -99.0 -99.0 -99.0 -99.0 -99.0 -99.0 -99.0 
