Number= 723493
Name= WOODWARD
Country= USA
Lat=   36.4
Long=   99.4
Height= 579
Start year= 1920
End year= 1977
First Good year= 1920
Source ID= 10
Source file= Jones
Jones data to= 1977
Normals source= Data
Normals source start year= 1961
Normals source end year= 1977
Normals=   1.9   5.3   9.7  15.8  20.5  25.2  28.0  26.9  22.0  16.4   8.7   3.5 
Standard deviations source= Data
Standard deviations source start year= 1941
Standard deviations source end year= 1977
Standard deviations=   2.3   2.5   2.8   1.7   1.6   1.5   1.4   1.4   1.6   1.7   1.8   1.6 
Obs:
1920   3.1   5.3  10.3  12.9  19.3  24.9  27.1  23.9  22.8  16.4   6.2   3.9 
1921   5.7   5.6  13.3  15.1  20.8  23.6  27.1  27.7  25.1  17.6  10.3   4.6 
1922   1.7   4.0   8.3  14.6  20.0  25.4  28.1  28.6  24.0  16.6  10.0   4.7 
1923   7.4   2.6   8.0  15.2  18.7  24.4  27.8  28.8  23.0  12.7   8.6   5.0 
1924  -0.4   4.8   4.6  14.9  16.8  27.0  25.8  27.9  20.6  17.1  10.6  -0.6 
1925   0.4   8.1  12.1  17.7  19.3  27.6  28.3  26.6  23.7  11.2   8.1 -99.0 
1926   2.2   8.0   7.4  11.9  19.9  25.1  26.6  26.6  22.8  17.3   7.6   3.2 
1927   2.2   6.8   8.3  16.4  21.0  24.0  26.6  24.3  22.3  17.5  10.6   2.2 
1928   5.0   5.2  10.3  13.4  20.1  22.9  27.3  26.6  22.4  17.4   8.8   4.6 
1929  -0.3  -1.3  10.6  16.7  18.7  25.5  27.8  28.6  22.0  16.0   4.4   3.8 
1930  -4.8  10.8   8.2  17.9  19.6  25.4  28.6  28.7  25.1  14.9   9.9   3.4 
1931   4.8   7.9   6.0  13.2  18.0  26.8  28.4  26.1  26.9  18.0  10.2   6.3 
1932   1.9   8.5   5.9  16.3  20.1  24.1  28.8  27.3  22.3  15.4   7.5  -0.3 
1933   6.9   2.6  10.4  15.0  21.2  28.4  29.3  26.6  25.9  16.7  11.3   6.5 
1934   4.8   5.1   9.3  16.0  21.9  27.9  31.3  30.3  20.9  18.8  10.7   4.7 
1935   5.7   6.2  14.0  14.1  18.1  23.7  29.4  29.2  21.8 -99.0   6.7   3.6 
1936   1.2  -0.9  12.1  15.7  21.7  26.6  30.4  31.0  23.3  14.3   8.7   5.6 
1937  -2.3   4.7   6.9  15.4  21.8  25.7  30.3  30.3  23.3  16.7   7.2   2.6 
1938   4.6   6.1  13.1  14.7  19.7  24.6  27.7  29.8  23.8  19.3   8.2   4.4 
1939   5.6   2.6  10.7  15.6  21.7  25.7  29.0  27.8  25.7  18.6   8.0   5.5 
1940  -6.3   4.2  10.1  15.3  20.1  25.1  29.0  27.0  23.5  19.5   7.7   5.7 
1941   3.8   3.6   6.7  15.3  21.1  23.1  27.2  27.2  23.2  16.9  10.1   6.2 
1942   5.4   3.3  10.1  16.9  19.8  25.4  27.8  26.2  22.0  15.9  10.2   4.0 
1943   3.7   7.8   7.4  17.4  17.2  26.4  28.6  30.7  22.4  14.9   8.7   2.6 
1944   2.6   6.6   7.8  13.2  21.4  27.0  27.0  28.0  22.9  16.9  10.4   2.6 
1945   3.4   4.6  12.9  14.6  19.9  23.8  27.3  27.7  23.0  16.3  10.2   1.7 
1946   4.3   8.4  13.2  18.4  18.8  25.9  28.2  27.3  22.3  17.1   9.1   6.6 
1947   2.7   2.8   7.2 -99.0  18.2  24.7  26.9  29.2  24.9  19.7   5.5   3.2 
1948  -0.3   0.0   4.3  16.9  20.2  25.1  27.6  25.3  22.4  14.4   6.2   3.5 
1949  -3.6   2.1   7.3  13.5  19.7  24.7  27.4  25.3  20.3  16.1  10.9   3.6 
1950   1.6   7.3   9.5  14.8  19.4  25.4  24.4  24.1  20.2  19.1   7.3   3.2 
1951   2.6   5.8   7.9  13.5  19.1  23.0  28.1  28.7  21.4  15.7   5.7   3.8 
1952   6.1   6.7   7.7  13.3  19.8  28.7  27.4  28.7  22.2  14.5   7.4   2.7 
1953   6.8   7.0  12.4  14.1  20.6  30.1  27.0  26.1  24.4  17.1   9.3   4.3 
1954   3.1  10.4   8.4  18.3  16.8  26.2  31.5  29.9  26.2  17.6  10.9   5.5 
1955   3.7   3.9  10.3  17.9  20.7  23.3  28.8  27.3  23.9  17.3   7.4   3.7 
1956   2.4   3.9  10.4  14.6  22.7  26.9  28.1  28.7  24.9  18.8   8.1   5.2 
1957   0.2   7.1   8.0  13.6  18.0  23.4  29.0  27.9  19.9  14.3   7.1   6.4 
1958   3.8   2.7   3.1  13.0  21.2  26.0  26.7  26.3  23.1  16.2  10.1   2.8 
1959   0.7   4.3   9.4  14.3  20.9  25.1  25.9  27.9  22.3  13.7   6.9   5.7 
1960   1.5   0.6   4.4  16.9  18.9  25.2  25.7  27.2  22.9  16.4   9.6   2.9 
1961   2.5   5.2   9.7  14.1  19.8  24.0  26.9  26.1  20.7  16.2   7.0   1.8 
1962   0.2   6.6   8.7  14.7  23.9  23.9  28.0  28.0  22.6  17.7   9.6   5.2 
1963  -1.9   6.8  11.8  17.8  22.2  25.8  29.4  28.4  23.9  21.3  10.5   0.2 
1964   5.2   3.1   8.3  17.4  21.8  26.4  29.5  27.8  22.9  15.8   9.7   2.8 
1965   4.9   4.1   4.2  17.6  21.4  24.6  28.6  26.6  22.4  16.2  12.3   7.4 
1966  -0.3   2.5  11.8  13.7  20.2  25.7  29.8  24.7  20.4  15.5  10.9   2.4 
1967   4.7   5.2  13.1  18.3  18.9  24.3  25.7  25.3  20.7  17.1   7.8   3.8 
1968   3.0   3.3  11.3  14.9  17.9  25.1  26.9  27.0  21.7  17.3   6.9   1.4 
1969   3.7   5.4   3.9  15.5  20.8  24.4  30.2  27.6  22.8  13.7   8.8   4.1 
1970   0.7   7.3   6.3  14.9  22.4  25.6  28.6  28.8  22.7  13.9   7.9   5.5 
1971   2.2   2.4   9.6  15.9  20.2  26.8  27.8  25.4  22.7  16.8   9.5   4.8 
1972   1.7   6.2  13.2  17.1  19.6  25.6  26.5  26.0  23.7  15.5   4.8   0.9 
1973  -0.1   4.8   9.8  12.7  18.8  25.3  27.1  27.8  20.9  17.4   9.9   3.4 
1974  -0.1   7.1  11.8  16.4  22.2  24.1  29.3  25.3  18.1  16.4   8.7   3.3 
1975   3.8   1.3   8.2  14.4  19.3  24.4  26.2  27.4  21.0  17.6   8.7   5.1 
1976   3.7  10.6  11.6  16.0  17.2  24.7  27.2  27.6  22.4  13.0   6.6   3.9 
1977  -1.6   7.8  11.6  16.5  21.3  26.9  29.1  26.8  24.1  16.9 -99.0 -99.0 
