Number= 723600
Name= CLAYTON
Country= USA
Lat=   36.5
Long=  103.1
Height= 1515
Start year= 1909
End year= 2010
First Good year= 1909
Source ID= 10
Source file= Jones
Jones data to= 1990
Normals source= Data
Normals source start year= 1961
Normals source end year= 1990
Normals=   0.8   2.5   6.0  11.1  15.6  20.9  23.5  22.2  18.2  12.7   5.9   1.3 
Standard deviations source= Data
Standard deviations source start year= 1941
Standard deviations source end year= 1990
Standard deviations=   2.1   2.2   2.3   1.9   1.3   1.7   1.3   1.0   1.6   1.7   1.9   2.0 
Obs:
1909   4.4   1.4   3.8  10.2  13.6  20.3  24.1  23.1  17.8  12.5   7.1  -2.0 
1910   2.2   0.7  10.1  10.9  14.9  21.6  22.2  22.4  19.6  13.4   7.2   3.2 
1911   4.4  -0.1   6.3  11.0  16.3  22.2  22.0  22.7  21.1  10.9   3.4  -3.5 
1912  -1.3  -1.8   1.5   7.6  14.5  17.3  22.9  21.9  15.3  11.4   4.9  -0.6 
1913  -2.3  -1.5   4.1  10.9  16.1  18.2  23.2  23.2  16.2  11.1   8.3  -1.2 
1914   4.5   1.6   4.9   9.6  13.8  21.2  21.7  21.7  19.4  12.8   7.5  -2.2 
1915  -0.5   2.2   0.8  10.1  12.3  18.2  20.3  19.7  17.7  12.4   7.2   2.4 
1916   0.2   3.9   8.8   8.2  15.1  20.1  23.6  21.9  17.5  11.5   4.5  -0.7 
1917  -0.3   1.4   2.6   8.8  10.4  20.2  24.0  20.9  18.3  11.2   7.6   2.1 
1918  -3.2   3.3   7.2   7.0  14.9  21.6  22.0  21.8  15.4  12.8   2.6  -0.5 
1919  -0.6  -0.1   4.0   8.8  13.3  18.2  21.8  21.9  18.6  10.2   3.1   1.7 
1920   2.0   2.4   4.1   6.3  14.2  19.2  22.3  20.0  17.9  11.9   3.5   1.2 
1921   1.8   2.7   7.5  10.1  15.0  18.9  21.5  22.2  19.7  14.6   8.5   5.3 
1922  -1.5   1.8   4.5   9.6  15.0  20.9  23.3  24.9  20.4  13.8   5.1   3.6 
1923   4.4  -0.3   2.7   8.8  14.8  19.7  23.0  21.8  17.6   8.8   5.5  -1.2 
1924  -0.7   2.7  -0.5   9.5  12.2  21.6  21.6  22.9  17.4  12.8   7.5  -2.2 
1925  -1.0   4.2   7.9  12.0  15.7  21.8  22.6  20.3  17.7   8.5   5.1   0.4 
1926  -0.3   4.0   3.0   7.4  14.1  20.5  21.7  20.9  18.3  13.5   5.1   0.3 
1927   2.2   2.9   3.6  11.0  16.8  19.4  21.5  19.5  16.4  12.6   7.7  -2.3 
1928   2.0   0.4   5.6   7.8  13.9  17.8  22.2  20.5  17.5  11.8   2.9   1.0 
1929  -1.6  -4.1   4.4   9.3  12.6  19.6  21.7  21.3  15.8  11.9  -0.2   3.2 
1930  -7.2   7.4   3.8  14.2  13.5  19.9  23.1  23.0  18.8  10.7   5.4   1.1 
1931   1.5   2.9   2.2   8.8  12.9  22.5  23.0  21.3  20.6  13.3   5.2   1.8 
1932  -2.1   4.7   2.0  10.2  15.8  19.2  24.0  22.8  17.3  11.6   5.8  -2.8 
1933   2.1  -0.6   6.0   8.3  14.9  22.5  24.3  22.0  20.6  14.2   7.6   6.1 
1934   2.8   3.2   5.9  11.5  17.7  22.1  25.5  24.4  16.9  15.3   7.0   2.4 
1935   4.7   3.6   8.2  10.9  12.4  20.8  24.3  23.1  17.7  12.4   5.3   1.7 
1936   0.0  -0.2   7.4  11.7  16.3  22.2  23.9  24.8  17.9  11.2   5.9   2.5 
1937  -4.1   2.3   4.9  10.7  16.8  20.7  24.9  25.2  20.1  13.4   6.1   1.7 
1938   2.3   3.2   8.9  11.1  15.4  20.7  23.0  24.6  19.3  14.1   4.3   2.7 
1939   1.9  -1.6   6.4  11.2  16.6  21.7  23.9  22.3  20.0  12.7   5.8   3.9 
1940  -4.2   2.0   7.1  10.2  16.3  20.9  24.8  21.8  19.8  15.1   3.9   2.8 
1941   1.8   3.5   3.7   9.7  15.8  19.0  22.0  22.0  17.8  11.9   7.4   3.2 
1942   0.8   0.3   4.7  11.1  15.4  19.8  22.7  21.4  16.8  11.2   7.7   3.0 
1943   1.2   4.4   4.2  12.9  13.4  20.8  22.3  24.8  18.4  11.8   4.9  -0.7 
1944   0.9   2.3   4.3   8.3  15.6  20.3  22.9  22.9  18.2  13.3   6.2   1.0 
1945   0.8   2.9   7.1   8.1  16.1  19.2  22.6  23.3  17.8  13.4   8.1   4.8 
1946   2.1   4.2   8.3   9.4  13.8  21.4  24.8  22.4  18.9  12.9   4.4   4.8 
1947   0.4   0.8   3.7   9.6  14.9  20.0  23.0  23.6  20.9  15.6   2.5   0.8 
1948  -0.8  -0.1   1.2  13.6  15.7  20.7  23.4  22.8  20.4  12.8   3.6   3.0 
1949  -3.3   1.3   6.1  10.4  15.5  19.8  22.8  22.1  18.7  12.6  11.1   1.0 
1950   1.8   5.3   4.7  10.7  15.3  21.4  21.3  20.7  17.3  16.1   6.2   3.3 
1951  -0.8   3.8   4.1   8.9  15.8  18.9  23.7  22.8  18.1  11.8   3.8   1.3 
1952   2.9   3.1   3.6  10.2  15.3  24.2  23.3  24.1  18.3  12.4   2.8   1.4 
1953   5.4   1.2   7.8   9.0  14.6  24.5  24.0  21.9  19.8  13.1   6.8   0.3 
1954   2.8   6.8   4.6  13.8  14.2  22.2  25.1  23.2  20.4  13.0   7.9   3.4 
1955   0.8  -0.3   5.3  10.8  15.3  19.2  23.1  22.9  19.5  13.9   4.5   4.3 
1956   2.1   1.0   6.4  10.0  18.2  23.1  22.8  22.4  20.3  13.9   4.2   3.6 
1957   0.1   6.2   4.6   8.0  13.6  19.9  24.5  22.4  17.4  11.5   2.8   4.6 
1958   1.3   2.5   0.4   8.2  17.0  21.2  22.2  23.6  18.9  12.9   6.2   2.4 
1959  -1.3   2.2   4.6   9.8  15.8  21.9  22.7  22.8  17.7  10.9   4.2   2.8 
1960  -0.7  -2.3   5.0  12.0  16.1  21.6  22.1  23.0  18.7  12.1   6.4   0.2 
1961   1.4   2.3   5.4   9.6  15.7  20.8  22.3  22.1  15.7  12.2   2.8   0.1 
1962  -1.6   4.3   4.5  11.4  18.3  19.6  22.7  23.9  18.7  14.4   7.1   3.1 
1963  -3.6   3.2   6.8  13.1  17.5  21.2  25.1  22.8  20.3  16.3   7.6  -0.1 
1964   1.4  -1.6   3.7  10.1  17.1  21.6  25.3  23.0  18.1  13.5   5.8   1.6 
1965   3.7   1.1   0.9  12.8  15.8  19.3  23.2  21.6  16.2  13.1   8.9   3.7 
1966  -1.8   0.3   7.4   9.9  16.1  20.4  24.9  20.4  18.1  11.7   7.9   0.1 
1967   2.8   2.7   8.6  12.6  14.4  19.4  22.7  20.6  17.4  13.4   6.2  -0.9 
1968   1.4   2.2   6.1   9.3  14.2  21.6  22.3  21.8  17.7  14.2   4.6   0.8 
1969   3.8   2.8   0.7  11.8  16.2  18.7  24.3  23.3  18.8   8.7   5.8   2.3 
1970   0.2   4.2   2.5   9.2  16.7  20.2  23.4  23.0  17.2   9.2   5.9   3.2 
1971   1.2   1.4   5.9  10.1  14.7  21.9  22.1  20.7  16.4  11.9   6.2   1.6 
1972   1.3   4.4   9.1  13.0  15.5  21.2  21.4  21.0  17.8  11.7   1.1  -0.1 
1973  -0.2   2.6   5.0   6.9  14.1  20.4  22.7  23.1  16.9  13.6   7.8   1.6 
1974  -0.2   3.3   8.7  11.3  18.6  21.4  23.6  20.3  15.4  13.2   5.6   0.1 
1975   0.5   1.1   4.9   9.3  14.8  20.3  22.0  22.9  16.8  13.4   4.9   3.7 
1976   1.4   6.0   5.3  11.9  14.2  20.7  22.6  22.4  18.2   9.3   3.6   2.3 
1977   3.3   9.3  11.1  16.3 -99.0  27.0  28.3 -99.0  25.9  18.2   6.4   3.7 
1978  -2.4  -1.0   7.0  12.4  14.6  20.8  24.9  22.0  18.8  13.1   5.7  -1.4 
1979  -4.8   2.2   6.4  10.5  13.8  19.7  23.3  21.2  19.1  13.6   3.1   3.2 
1980   0.6   3.1   4.8   9.2  13.9  22.7  26.0  23.4  19.1  12.4   5.8   6.0 
1981   3.5   4.0   6.6  14.3  15.4  22.8  23.9  21.3  18.7  12.3   8.5   2.9 
1982   1.6   0.9   6.3  10.3  15.1  18.9  22.7  22.7  18.9  11.8   4.9   0.9 
1983   1.9   2.4   5.6   7.6  13.2  18.8  24.1  24.7  20.2  13.4   6.4  -4.6 
1984  -0.6   3.1   4.5   8.7  16.5  21.1  23.3  22.4  17.1   9.6   6.2   2.9 
1985  -1.4   1.2 -99.0  12.7  16.8  21.2  24.0  22.8  16.7  11.9   4.6   0.3 
1986   5.3   3.6   9.8  12.5  15.7  20.7  23.6  22.0  17.7  11.6   4.9   1.6 
1987   1.2   3.1   5.2  11.0  16.1  20.8  23.2  21.6  18.5  13.1   5.9   0.4 
1988  -1.3   2.8   5.2  10.8  15.3  21.7  22.9  23.0  17.6  13.5   6.9   1.9 
1989   2.9  -1.2   9.4  12.9  17.4  18.5  22.3  22.1  17.3  13.4   7.4  -1.1 
1990   2.0   1.8   6.2  11.1  14.8  24.3  22.4  21.8  19.8  12.6   7.8  -1.4 
1991 -99.0 -99.0 -99.0 -99.0 -99.0 -99.0 -99.0 -99.0 -99.0 -99.0 -99.0 -99.0 
1992 -99.0 -99.0 -99.0 -99.0 -99.0 -99.0 -99.0 -99.0 -99.0 -99.0 -99.0 -99.0 
1993 -99.0 -99.0 -99.0 -99.0 -99.0 -99.0 -99.0 -99.0 -99.0 -99.0 -99.0 -99.0 
1994 -99.0 -99.0 -99.0 -99.0 -99.0 -99.0 -99.0 -99.0 -99.0 -99.0 -99.0 -99.0 
1995 -99.0 -99.0 -99.0 -99.0 -99.0 -99.0 -99.0 -99.0 -99.0 -99.0 -99.0 -99.0 
1996 -99.0 -99.0 -99.0 -99.0 -99.0 -99.0 -99.0 -99.0 -99.0 -99.0 -99.0 -99.0 
1997 -99.0 -99.0 -99.0 -99.0 -99.0 -99.0 -99.0 -99.0 -99.0 -99.0 -99.0 -99.0 
1998 -99.0 -99.0 -99.0 -99.0 -99.0 -99.0 -99.0 -99.0 -99.0 -99.0 -99.0 -99.0 
1999 -99.0 -99.0 -99.0 -99.0 -99.0 -99.0 -99.0 -99.0 -99.0 -99.0 -99.0 -99.0 
2000 -99.0 -99.0 -99.0 -99.0 -99.0 -99.0 -99.0 -99.0 -99.0 -99.0 -99.0 -99.0 
2001 -99.0 -99.0 -99.0 -99.0 -99.0 -99.0 -99.0 -99.0 -99.0 -99.0 -99.0 -99.0 
2002 -99.0 -99.0 -99.0 -99.0 -99.0 -99.0 -99.0 -99.0 -99.0 -99.0 -99.0 -99.0 
2003 -99.0 -99.0 -99.0 -99.0 -99.0 -99.0 -99.0 -99.0 -99.0 -99.0 -99.0 -99.0 
2004 -99.0 -99.0 -99.0 -99.0 -99.0 -99.0 -99.0 -99.0 -99.0 -99.0 -99.0 -99.0 
2005 -99.0 -99.0 -99.0 -99.0 -99.0 -99.0 -99.0 -99.0 -99.0 -99.0 -99.0 -99.0 
2006 -99.0 -99.0 -99.0 -99.0 -99.0 -99.0 -99.0 -99.0 -99.0 -99.0 -99.0 -99.0 
2007 -99.0 -99.0 -99.0 -99.0 -99.0 -99.0 -99.0 -99.0 -99.0 -99.0 -99.0 -99.0 
2008 -99.0 -99.0 -99.0 -99.0 -99.0 -99.0 -99.0 -99.0 -99.0 -99.0 -99.0 -99.0 
2009 -99.0 -99.0 -99.0 -99.0 -99.0 -99.0 -99.0 -99.0 -99.0 -99.0 -99.0 -99.0 
2010 -99.0 -99.0 -99.0 -99.0 -99.0  24.0  25.5  25.5  22.9  15.6   7.3   5.2 
