Number= 723741
Name= HOLBROOK------------
Country= USA---------
Lat=   34.9
Long=  110.2
Height= 1545
Start year= 1909
End year= 2007
First Good year= 1909
Source ID= 10
Source file= Jones+Anders
Jones data to= 1996
Normals source= Data
Normals source start year= 1961
Normals source end year= 1990
Normals=   0.4   4.0   7.4  11.6  16.0  21.5  25.1  23.8  19.7  13.1   6.6   1.0 
Standard deviations source= Data
Standard deviations source start year= 1941
Standard deviations source end year= 1990
Standard deviations=   2.6   2.2   1.9   2.1   1.5   1.5   1.1   1.0   1.3   1.5   1.7   2.5 
Obs:
1909   5.4   3.7   5.7  10.2  14.3  20.9  24.7  23.8  18.7  12.8   6.4  -0.6 
1910   0.4   3.6  10.8  11.6  17.9  22.1  25.1  25.4  21.3  12.8   8.3   5.9 
1911   5.0   4.6  10.8  12.3  15.1  22.1  24.1  24.5  21.4  13.1   2.6  -1.9 
1912   0.5   4.5   7.4   9.6  16.3  20.7  24.6  24.2  18.1  11.8   5.7  -3.1 
1913  -1.3   1.2   6.2  12.1  17.6  21.7  21.9  24.1  18.2  11.2   7.3  -0.4 
1914   2.1   5.8   8.9  11.6  15.8  21.6  22.8  24.1  21.0  13.4   7.8   0.1 
1915   0.3   3.8   5.5  12.0  15.3  19.5  24.6  24.7  19.8  13.8   7.7   1.5 
1916   0.9   7.2   8.2  12.0  16.0  22.2  23.1  21.2  19.6  13.5   7.3  -0.1 
1917   0.4   4.9   5.0   8.4  14.0  22.3  25.8  24.2  19.4  12.6   7.1   5.1 
1918  -1.6   5.9   7.6   9.7  13.2  24.3  24.6  23.4  19.8  14.4   3.7   0.2 
1919  -7.8   5.1   8.7  12.4  17.3  21.7  24.8  25.2  20.2  10.0   4.4   2.4 
1920   1.1   6.9   6.2   9.7  16.1  22.6  26.1  22.6  19.2  11.7   8.2   1.2 
1921   2.9   6.3  11.6  10.7  15.6  21.6  24.5  23.7  19.9  14.8   7.5   3.1 
1922   0.1   3.4   6.7   9.3  15.7  24.2  26.0  24.6  21.1  10.8   5.1   3.6 
1923   3.6   3.1   5.9  12.9  17.9  20.8  25.4  23.1  18.5  12.0   8.5   1.3 
1924   0.9   5.4   5.8  10.9  17.3  22.6  23.4  24.4  20.2  12.9   6.9  -0.8 
1925  -1.8   5.9   8.8  18.3  19.9  21.7  26.0  23.1  19.8  13.7   6.9   2.0 
1926   2.2   7.2   8.8  13.7  17.1  22.7  24.9  24.3  21.0  15.2   7.3  -0.7 
1927   3.2   7.0   7.8  12.4  17.2  21.3  25.4  23.1  19.9  13.7   9.0   0.3 
1928   1.6   3.1   9.3  11.8  18.1  21.6  25.0  23.6  20.6  14.3   5.4   0.3 
1929   1.0   1.6   7.0  10.4  16.7  21.3  24.3  23.4  19.9  13.2   3.3   2.4 
1930   0.6   5.2   6.3  13.6  14.2  22.2  24.4  23.4  18.9  11.7   4.4  -2.1 
1931  -1.0   5.0   6.8  12.8  16.7  22.0  25.6  23.4  20.7  14.1   3.8  -4.5 
1932  -1.1   4.9   7.2  11.8  15.8  20.5  24.7  24.3  19.5  12.5   6.3  -4.8 
1933  -7.1  -0.1   7.8   9.3  13.3  21.8  25.4  23.6  21.7  15.0   6.2   3.3 
1934   1.8   6.1  10.8  14.1  18.9  20.3  26.0  24.2  19.2  14.3   6.9   1.6 
1935   2.1   5.4   6.8  12.4  14.2  22.6  25.0  24.6  19.8  12.9   5.3   1.8 
1936   2.1   4.8   7.9  12.9  17.7  23.7  25.4  24.7  19.6  13.8   6.0   2.4 
1937  -9.7   2.3   7.0  12.2  17.6  21.6  25.8  25.9  21.9  14.2   7.5   4.1 
1938   3.2   4.9   8.1  11.2  15.8  22.1  24.4  24.6  20.7  12.9   2.8   3.2 
1939   1.9  -0.4   8.1  13.4  17.6  21.7  25.0  24.0  20.4  12.1   7.2   3.3 
1940   1.8   4.3   8.3  12.1  18.4  21.6  25.5  23.3  17.7  14.5   5.1   3.1 
1941   2.4   6.1   7.8   9.4  17.2  20.8  23.9  23.0  19.2  13.6   4.9   0.2 
1942  -1.2   0.3   5.0  12.2  16.8  22.3  26.5  24.3  22.2  15.6  11.7   6.4 
1943   5.0   6.2  10.6  14.8  17.4  22.5  26.1  24.8  20.7  13.2   6.7   0.6 
1944  -0.1   3.2   6.2  10.2  16.1  20.1  24.2  26.0  23.3  14.8   4.6   2.4 
1945   1.4   6.8   8.4  14.1  16.2  21.7  26.8  24.9  21.8  14.0   5.1  -1.6 
1946  -2.2   0.7   9.3  15.7  19.6  22.9  25.2  24.8  21.6  12.1   5.1   3.2 
1947  -0.4   5.4   8.2  11.6  17.9  21.1  24.3  23.9  22.1  14.4   4.4   0.8 
1948   1.2   3.0   4.6  13.6  18.2  21.8  24.9  24.0  20.9  13.6   3.9   3.1 
1949  -2.3   2.4   7.9  12.8  16.1  21.8  24.6  23.5  21.8  13.0   8.1   0.1 
1950   2.3   6.2   9.0  14.2  16.3  22.7  26.5  23.7  18.4  17.4   7.7   4.2 
1951   1.9   3.9   7.2  11.9  17.3  21.6  26.6  23.8  20.8  13.5   5.8   2.0 
1952   2.5   3.3   5.1  12.4  17.8  22.1  24.6  24.6  20.2  14.8   1.7   1.1 
1953   4.5   2.9   8.7  12.2  14.6  22.3  26.9  23.7  21.3  14.4   7.7  -2.1 
1954   2.9   5.7   4.9  14.5  17.9  21.1  26.2  23.6  20.7  14.9   7.8   1.2 
1955  -0.3  -0.7   6.7  11.2  16.4  20.3  24.0  25.1  21.3  15.1   6.7   4.1 
1956   4.8   0.2   7.1  10.4  17.0  23.6  24.0  22.9  21.3  14.0   2.7   0.6 
1957   4.7   8.8   8.8  12.2  15.1  22.9  24.4  23.6  19.8  13.1   5.5   5.1 
1958   2.9   7.2   7.0  11.3  19.2  22.9  25.1  24.8  19.7  13.6   4.9   3.4 
1959   1.9   3.6   7.2  12.4  15.8  23.7  26.6  23.4  19.4  13.2   5.7   1.4 
1960  -3.6   1.2   8.8  12.4  15.8  22.6  25.7  24.6  21.0  12.3   8.1  -2.2 
1961   0.1   5.1   7.7  11.6  15.8  23.2  24.8  24.1  17.9  11.6   6.1  -3.2 
1962  -2.8   3.0   4.6  15.0  14.8  20.3  24.1  23.5  19.6  13.8   8.4   1.6 
1963  -2.5   4.9   6.7  10.0  17.8  19.9  25.6  22.3  20.6  14.1   5.9  -1.3 
1964  -0.7  -0.4   5.4  10.2  17.2  20.8  26.7  24.1  20.5  16.3   5.7   3.6 
1965   3.4   3.3   7.1  11.8  14.5  18.1  23.4  23.3  17.9  12.2   6.8   1.4 
1966  -2.9  -0.1   5.8  10.9  16.5  19.8  24.2  23.1  18.9  13.7   5.8  -1.3 
1967  -2.1   1.6   7.1   7.8  13.0  18.6  23.8  22.4  19.3  12.7   8.5  -5.4 
1968  -7.8   4.1   5.6   8.2  13.3  20.1  23.2  21.4  18.2  12.6   5.2  -2.4 
1969   2.3   2.2   3.5  10.5  15.1  20.5  25.7  25.6  21.1  11.3   6.0   3.4 
1970   1.1   5.2   5.7   8.5  16.7  21.5  27.5  26.7  19.9  12.8   7.6   2.3 
1971   2.9   6.1  11.1  14.5 -99.0  24.3  26.2 -99.0  19.3   9.7   6.3  -1.5 
1972   1.5   4.1  10.4  13.2  15.7  20.6 -99.0  22.9  19.0 -99.0 -99.0  -0.1 
1973 -99.0   3.1 -99.0 -99.0 -99.0  21.9  25.8  23.3  17.7  11.8   6.2   1.9 
1974  -0.6 -99.0   8.7   9.6  16.9  23.4  24.1  22.9  19.3  13.5   5.9  -1.0 
1975  -1.2   2.8   6.1   7.9  13.8  19.3  24.1  22.7  19.2  12.0   4.1  -0.6 
1976  -0.2   4.7   5.0  10.3  16.7  20.4  24.2  22.3  18.4  10.7   4.6  -1.0 
1977  -3.2   2.9   4.6  11.9  14.4  21.8  24.7  23.7  20.4  14.2 -99.0   4.4 
1978 -99.0   3.6   8.7  11.6  14.6  21.8  24.6  23.2  19.4  14.3   7.1  -1.7 
1979  -0.9   2.1   6.0  11.2  15.6  20.8  25.2 -99.0  21.3  13.9   3.8 -99.0 
1980   3.0   5.4   5.9  10.3  13.7  21.3  26.0 -99.0  19.8  11.2   5.1   4.2 
1981   4.3   5.8   8.1  14.8  17.9  24.2  26.1  24.9  20.7  13.2   8.5   4.3 
1982   1.4   5.7   8.5  12.2  15.7  20.9  24.6  24.6  21.6  12.1   8.1   3.8 
1983   1.7   6.2   7.8   8.9  15.6  20.1  24.8  24.7  21.9  15.0   7.5   4.8 
1984   1.8   2.8   8.0  11.4  19.5  21.9  25.5  24.3  21.0  11.7   7.6   3.4 
1985   2.6   4.1   8.7  14.0  16.9  22.9  26.1  24.5  18.2  14.1   7.4   2.3 
1986   5.1   6.7  11.0  12.9  17.2  23.1  24.8  26.1  19.2  12.6   7.7   3.2 
1987  -0.3   5.1   7.0  14.1  16.9  23.4  23.9  23.4  20.0  16.1   7.4   1.4 
1988   1.3   6.4   8.8  13.0  17.2  24.0 -99.0  24.1  19.1  16.6   7.9   2.2 
1989   1.3   5.4  11.3  16.3  18.7  22.3  26.4  23.6  20.7  13.6   7.2   2.1 
1990   2.3   3.7   9.4  14.0  17.1  24.0  25.9  23.8  21.4  13.9   7.3  -1.0 
1991   2.0   6.3   6.8  11.9  16.3  20.6  25.5  24.9  20.7  15.2   6.7   2.0 
1992  -2.4   6.4   9.2  15.4  17.8  21.4  24.0  23.6  20.8  15.5   5.0  -0.3 
1993   4.9   5.9   9.4  13.3  18.3  21.8  24.6  24.1  19.8  13.6   5.6   2.6 
1994   2.8   3.7   9.3  12.9  16.9  24.2  25.9  26.4  21.0  13.3   5.6   4.1 
1995   3.3   8.2   9.7  11.1  15.2  20.6  25.0  26.0  21.3  14.3   9.8   4.5 
1996   3.7   8.2   8.5  13.2  19.8  23.9  27.2  26.0  19.0  14.2   7.8 -99.0 
1997 -99.0 -99.0 -99.0 -99.0 -99.0 -99.0 -99.0 -99.0 -99.0 -99.0 -99.0 -99.0 
1998 -99.0 -99.0 -99.0 -99.0 -99.0 -99.0 -99.0 -99.0 -99.0 -99.0 -99.0 -99.0 
1999 -99.0 -99.0 -99.0 -99.0 -99.0 -99.0 -99.0 -99.0 -99.0 -99.0 -99.0 -99.0 
2000 -99.0 -99.0 -99.0 -99.0 -99.0 -99.0 -99.0 -99.0 -99.0 -99.0 -99.0 -99.0 
2001 -99.0 -99.0 -99.0 -99.0 -99.0 -99.0 -99.0 -99.0 -99.0 -99.0 -99.0 -99.0 
2002 -99.0 -99.0 -99.0 -99.0 -99.0 -99.0 -99.0 -99.0 -99.0 -99.0 -99.0 -99.0 
2003 -99.0 -99.0 -99.0 -99.0 -99.0 -99.0 -99.0 -99.0 -99.0 -99.0 -99.0 -99.0 
2004 -99.0 -99.0 -99.0 -99.0 -99.0 -99.0 -99.0 -99.0 -99.0 -99.0 -99.0 -99.0 
2005 -99.0 -99.0 -99.0 -99.0 -99.0 -99.0 -99.0 -99.0 -99.0 -99.0 -99.0 -99.0 
2006 -99.0 -99.0 -99.0 -99.0 -99.0 -99.0 -99.0 -99.0 -99.0 -99.0 -99.0 -99.0 
2007 -99.0 -99.0 -99.0 -99.0 -99.0 -99.0 -99.0 -99.0 -99.0 -99.0 -99.0 -99.0 
