Number= 723704
Name= NATURAL BRIDGE
Country= USA
Lat=   34.3
Long=  111.5
Height= 1404
Start year= 1914
End year= 1970
First Good year= 1914
Source ID= 10
Source file= Jones
Jones data to= 1970
Normals source= Extrapolated
Normals source start year= 1951
Normals source end year= 1970
Normals=   4.9   6.6   8.8  12.4  17.0  22.4  25.0  24.1  21.1  16.3   9.6   5.7 
Standard deviations source= Data
Standard deviations source start year= 1941
Standard deviations source end year= 1970
Standard deviations=   1.5   2.0   1.6   1.8   1.4   1.5   1.1   0.9   1.2   1.7   1.8   1.4 
Obs:
1914   7.1   6.8  10.9  14.2  17.6  22.3  23.5  24.0  21.7  15.3  12.3   4.0 
1915   3.7   5.8   7.6  12.6  14.8  21.7  24.2  24.4  20.6  17.6  10.6   5.1 
1916   3.6   9.3  11.6  13.5  15.7  22.6  24.8  23.2  20.4  13.7   8.8   3.5 
1917   3.3   5.4   7.2  10.9  13.2  22.8  25.2  24.1  21.6  17.7  11.9   9.6 
1918   3.8   7.1  10.2  12.6  15.0  25.3  24.2  22.8  22.0  16.6   7.6   4.0 
1919   4.2   4.0   7.6  14.1  17.4  23.3  23.3  24.2  20.7  13.4   8.6   6.4 
1920   6.4   7.9   8.0  10.4  16.9  20.9  24.8  22.2  19.4  12.8   9.2   4.4 
1921   5.7   8.0  11.6  11.9  15.6  22.2  23.3  22.1  20.4  16.1  10.7   7.9 
1922   3.8   4.7   7.0  10.6  17.1  22.6  24.2  23.9  21.4  15.4   6.9   6.4 
1923   7.1   5.5   7.4  11.6  17.3  19.6  23.6  21.8  18.1  13.3   8.8   4.6 
1924   4.6   8.7   5.9  11.1  17.6  23.4  24.2  24.1  21.0  14.6  10.6   3.6 
1925   4.5   8.7  10.8  13.7  18.7  20.8  24.8  22.2  19.3  13.8   8.4   5.9 
1926   4.2   8.2   9.6  11.9  16.3  22.7  23.8  23.7  21.1  16.2  11.2   4.2 
1927   8.0   8.0   8.4  12.3  17.1  20.9  24.4  22.2  19.7  15.3  11.6   3.9 
1928   6.7   6.3  10.9  12.6  18.2  21.7  24.8  23.2  21.8  15.7   8.6   5.7 
1929   3.9   4.1   8.6  11.7  17.4  22.4  24.2  22.9  20.2  15.8   8.8   8.7 
1930   3.6   9.1   8.9  15.1  13.8  22.6  23.6  23.2  19.7  14.2   8.6   5.1 
1931   5.2   6.9  10.0  14.3  18.1  22.0  25.1  22.6  20.9  15.8   7.2   3.5 
1932   2.1   7.0   9.6  13.6  16.9  21.3  24.6  23.8  21.8  14.4  11.7   3.6 
1933   3.3   3.6   9.5  11.0  14.6  22.3  25.2  24.6  22.3  16.9  11.3   8.6 
1934   6.9   9.7  14.4  16.2  20.5  20.8  26.3  24.3  21.1  17.8  10.8   7.7 
1935   6.4   7.7   8.0  13.2  14.4  22.9  24.4  23.0  20.7  15.6   9.0   6.6 
1936   5.9   6.3  10.4  15.1  19.4  24.2  25.3  24.2  20.4  15.8   9.8   6.0 
1937  -0.7   6.1   8.9  13.3  18.7  21.7  24.7  25.6  22.8  17.6  11.8   7.9 
1938   7.0   6.8   8.6  13.8  17.4  22.6  24.0  24.0  21.8  16.1   8.2   8.1 
1939   5.1   2.0  10.3  15.0  18.4  22.7  25.7  24.4  20.8  14.9  11.2   9.6 
1940   6.6   6.9  11.3  13.9  19.7  24.7  26.8  25.0  21.4  16.0   8.8   7.9 
1941   5.9   8.3   9.0   9.6  17.2  20.4  23.9  22.9  19.4  12.1   9.7   6.1 
1942   6.7   5.1   8.4  12.6  16.7  21.9  25.8  22.7  20.4  14.2   9.8   6.4 
1943   5.3   8.6  10.2  14.9  18.4  21.9  25.4  23.4  22.1  15.2   9.7   4.7 
1944   3.1   3.7   6.4  10.5  16.0  19.6  23.4  24.7  20.2  15.7   6.6   4.9 
1945   4.2   6.7   6.6  11.8  16.6  20.3  24.8  24.0  21.2  16.9  10.3   5.1 
1946   4.4   6.4   9.8  16.0  17.2  24.3  25.8  24.1  21.8  13.7   8.2   8.1 
1947   4.3   9.7  10.8  13.4  19.4  21.7  26.3  23.3  23.2  16.5   7.2   4.9 
1948   7.1   5.6   6.7  14.2  18.4  22.1  25.2  24.7  21.9  16.8   8.4   5.8 
1949   2.0   4.7   9.1  14.3  17.1  22.4  24.8  22.9  21.7  13.8  12.3   5.3 
1950   5.4   9.1   9.9  15.4  16.1  21.3  23.6  24.3  19.4  19.1  14.3   9.2 
1951   5.1   6.3   8.2  12.7  17.2  21.6  26.4  23.5  21.0  14.3   8.2   4.6 
1952   5.1   4.6   5.7  11.8  18.6  22.1  24.6  24.6  22.2  18.7   6.8   4.5 
1953   7.5   5.4   8.6  11.4  13.8  21.5  21.8 -99.0  21.9  16.1  10.9   4.7 
1954   6.3   9.9   7.7  15.4  17.0  21.3  24.6  23.2  22.0  17.7  12.8   6.5 
1955   3.1   4.7   8.2  11.6  16.7  21.1  22.7  23.1  21.8  17.9   9.4   7.6 
1956   7.1   3.8  10.4  11.6  18.7  24.4  24.8  23.1  24.6  16.3   8.6   5.9 
1957   5.8  10.5   9.4  11.6  13.8  21.9  25.2  23.1  20.4  14.9   7.3   7.4 
1958   5.2   8.1   6.6  11.1  19.8  23.5  25.2  24.7  21.3  15.7   9.4   9.0 
1959   7.1   5.4   9.8  14.8  16.8  24.6  26.0  23.3  21.0  15.9   9.7   6.1 
1960   2.3   3.9  11.2  13.8  17.5  24.8  26.4  25.2  22.8  14.8  10.1   5.1 
1961   6.3   7.4   8.4  13.2  17.2  24.4  25.6  24.0  19.9  15.3   8.0   4.9 
1962   4.4   6.7   6.0  15.4  15.8  21.9  25.1  25.8  22.3  16.6  12.1   7.1 
1963   3.5   9.3   8.4  11.1  18.9  20.7  26.8  22.7  22.3  17.7   9.7   6.3 
1964   3.5   3.9   6.7  11.4  16.7  21.1  25.7  23.8  20.4  18.2   7.4   5.2 
1965   6.1   5.8   6.6  11.2  14.8  18.9  25.1  24.4  18.9  17.2  11.1   4.6 
1966   3.1   4.1  10.3  13.4  17.7  21.4  26.1  24.6  21.3  15.4  10.8   5.3 
1967   4.6   7.2  10.5   9.6  16.8  20.7  25.3  23.9  21.2  17.4  12.1   3.1 
1968   5.0   8.5   9.2  11.3  16.9  23.1  25.1  22.1  21.2  17.3   9.0   4.0 
1969   7.1   6.1   7.1  13.4  18.2  21.5  25.7  25.9  22.4  13.9   9.2   7.2 
1970   4.6   8.7   7.9  10.6  18.2  23.4  25.8  24.4  19.4  13.7  10.3   6.0 
