Number= 723896
Name= VISALIA
Country= USA
Lat=   36.3
Long=  119.3
Height= 99
Start year= 1888
End year= 1980
First Good year= 1888
Source ID= 10
Source file= Jones
Jones data to= 1980
Normals source= Data
Normals source start year= 1961
Normals source end year= 1980
Normals=   7.4  10.7  12.9  15.7  20.1  24.0  26.9  26.0  23.2  18.6  12.3   7.4 
Standard deviations source= Data
Standard deviations source start year= 1941
Standard deviations source end year= 1980
Standard deviations=   1.7   1.4   1.2   1.8   1.4   1.3   1.0   1.2   1.1   1.3   1.3   1.6 
Obs:
1888   3.6   8.3   9.6  17.9  22.1  26.8  30.6  30.6  27.8  19.5  12.2   7.7 
1889   6.9  10.7  15.6  18.3  22.2  28.7  29.7  28.7  26.1  15.6  10.6   7.9 
1890   5.2   9.0  12.2  15.4  21.6  24.1  27.7  27.0  23.5  18.0  13.0   6.6 
1891   7.7   8.9  12.0  14.6  20.0  23.5  29.2  28.7  22.2  19.3  12.5   6.9 
1892   8.9  10.9  12.2  13.7  19.7  21.0  27.0  27.1  21.9  17.8  13.2   7.6 
1893   6.4   9.1  11.1  11.8  19.9  24.1  27.2  27.4  19.7  15.5  10.9   8.6 
1894   6.9   9.0  12.3  17.1  21.1  21.0  28.8  27.7  23.1  17.3  13.3   8.4 
1895   8.7  11.4  11.6  16.0  21.3  25.6  26.0  26.0  21.5  19.4  10.0   5.2 
1896  10.6  12.4  15.8  13.4  19.7  26.6  29.4  26.9  23.5  20.8  10.2   9.0 
1897   8.0   9.9  10.8  17.9  22.4  23.2  26.8  27.1  23.0  16.3  11.2   5.3 
1898   4.9  11.3  11.7  18.1  19.1  24.4  28.3  29.2  24.7  20.0  12.7   7.7 
1899   8.0   8.6  12.6  18.1  20.0  26.8  28.0  24.1  25.2  16.8  14.0   7.9 
1900   8.7  11.1  16.3  15.3  20.6  25.8  26.8  25.6  21.5  18.3  15.0   7.4 
1901   9.4  11.5  13.7  15.2  20.2  24.3  27.1  28.5  21.5  20.8  14.3   7.3 
1902   7.8  12.5  12.0  15.8  19.8  26.5  27.7  26.2  24.6  17.8  11.1   8.1 
1903   7.2   7.9  12.8  15.2  21.4  25.6  24.8  26.3  23.2  20.2  13.7   7.5 
1904   7.5  12.6  14.0  16.5  22.6  25.5  26.3  28.3  24.0  17.8  13.2   7.1 
1905  10.5  12.4  15.2  16.5  20.3  24.9  27.2  26.5  23.4  18.9  12.0   6.9 
1906  10.3  13.9  14.0  15.6  17.8  22.5  30.8  29.2  24.4  21.3  14.8  10.7 
1907   9.7  10.9  11.6  17.4  18.0  23.5  27.8  21.8  21.6  19.4  15.0   9.1 
1908   9.4   9.6  14.5  19.0  18.5  23.0  30.8  28.7  24.4  17.3  13.2   6.2 
1909  11.1  10.4  12.6  18.8  19.5  23.1  27.3  27.9  26.5  20.3  16.2   9.7 
1910   6.9  10.6  16.3  19.0  23.4  24.8  28.2  27.7  17.7  20.6  13.6  13.0 
1911  10.6  11.1  15.5  18.0  19.4  21.1  27.2  24.1  22.2  16.5  10.5   6.3 
1912   9.6  11.3  10.6  15.1  17.5  22.6 -99.0  22.6  24.8  13.4  10.7   9.2 
1913   7.7  12.3  14.2  12.4  21.2  18.8  25.5  25.9  22.1  18.6  14.6   9.2 
1914  10.5  12.6  16.0  14.4  18.5  22.8  27.3  28.5  24.5  19.1  14.0   7.0 
1915   9.2  11.9  15.9  16.8  18.8  25.0  27.6  28.6  23.8  20.6  12.8   9.1 
1916   8.4  14.5  16.5  18.9  17.3  24.8  27.3  27.4  24.5  19.2  10.1   7.0 
1917   6.3  11.0  10.9  14.7  16.0  26.6  30.0  26.8  23.8  21.0  11.5   7.4 
1918   7.8  10.4  13.3  16.1  17.4  27.6  26.3  25.8  22.0  18.9  11.2   6.8 
1919   9.1  10.8  11.7  17.3  20.9  23.7  27.6  26.2  21.9  15.8  10.9   8.2 
1920   8.6  11.2  11.1  15.3  19.8  23.6  25.9  26.8  21.8  15.2  11.4   7.4 
1921   7.8  10.3  13.9  15.6  17.9  24.9  28.3  26.2  22.3  18.9  12.9   9.1 
1922   4.7   9.5  11.3  14.0  20.0  24.3  28.5  25.3  25.3  17.6   9.8   8.4 
1923   6.3  10.0  13.4  13.2  19.8  21.1  26.3  26.0  24.4  17.2  14.1   7.0 
1924   6.7  14.2  11.8  16.6  21.9  24.7  26.9  26.3  23.4  16.1  12.0   7.6 
1925   8.0  11.6  13.8  16.2  20.1  23.8  28.7  25.8  20.9  17.8  12.1   7.9 
1926   6.1  12.4  16.9  19.6  21.7  27.2  28.1  26.8  21.7  19.4  16.1   8.2 
1927  10.9  11.9  12.7  15.9  19.4  23.9  27.6  25.8  20.8  19.2  12.7   8.3 
1928   7.7  11.6  15.3  16.7  22.7  24.6  27.0  26.7  23.8  18.1  12.2   6.4 
1929   6.4   9.3  13.2  14.6  21.0  26.7  27.3  27.9  23.4  19.7  13.3   9.9 
1930   8.0  13.3  14.4  17.8  17.8  25.1  27.8  26.8  21.7  18.3  13.1   7.3 
1931   9.4  12.3  15.1  20.2  23.7  24.1  30.6  29.1  22.6  18.7  11.8   7.9 
1932   7.0  10.3  14.6  15.9  21.3  25.2  27.2  26.2  24.8  18.6  14.7   6.6 
1933   5.6   9.1  13.6  16.6  17.3  23.6  29.7  27.8  23.0  22.6  14.2   8.3 
1934   8.0  13.0  18.1  20.6  22.8  23.9  28.3  28.0  24.7  19.4  13.9   9.0 
1935   9.1  10.2  10.0  15.9  19.8  26.2  27.3  27.9  25.1  17.4  11.1   9.4 
1936  10.2  10.8  15.1  18.1  21.8  25.2  29.4  27.8  24.6  19.9  13.8   8.1 
1937   5.1  10.4  13.8  15.8  20.9  24.2  28.4  27.9  24.2  20.3  14.4  10.9 
1938   8.3  11.8  11.5  16.2  20.9  25.7  28.3  27.0  25.1  18.8  12.4   9.2 
1939   8.7   9.0  13.8  19.6  21.3  24.8  27.6  27.7  25.0  19.0  14.7  11.1 
1940  10.3  12.4  15.2  17.7  22.7  26.9  26.8  27.0  22.2  19.0  12.1  11.2 
1941  10.8  12.6  14.7  15.2  21.1  23.2  27.7  25.2  21.7  17.0  13.9  10.1 
1942   9.6  10.2  13.2  15.8  18.9  24.3  28.4  27.1  22.8  19.1  12.4   7.9 
1943   8.4  11.9  14.3  17.1  21.3  22.1  27.1  25.3  24.3  18.7  13.4   9.3 
1944   8.7   9.7  13.6  14.9  20.8  22.1  26.6  26.1  24.3  19.7  11.4   9.2 
1945   6.7  11.4  10.9  16.6  19.1  24.4  28.9  26.9  25.1  19.6  12.3   9.2 
1946   7.7  10.3  13.1  18.4  20.2  23.6  28.3  27.1  23.8  16.4  10.1   7.4 
1947   5.6  11.2  15.2  18.7  22.8  24.8  25.9  25.0  24.4  18.3  10.3   7.7 
1948  11.0   9.6  12.0  15.7  18.5  24.1  26.3  25.4  22.9  18.1  11.7   6.8 
1949   4.7   8.6  12.6  18.5  20.2  25.5  27.1  24.8  24.6  18.1  15.9   8.3 
1950   6.8  12.4  13.4  18.6  21.4  23.8  29.4  27.1  23.6  19.9  15.5  11.6 
1951   8.1  11.1  13.4  17.4  20.9  24.6  27.4  26.4  24.6  18.9  14.1   8.8 
1952   8.1  11.3  11.2  17.6  22.6  22.2  28.7  27.1  25.2  21.6  12.1   9.0 
1953  10.7  10.7  13.1  16.4  17.4  22.0  28.4  25.1  24.8  17.4  12.8   7.7 
1954   8.4   9.6  11.7  18.7  21.5  22.8  27.5  24.1  22.3  17.9  12.6   7.6 
1955   6.3   9.9  13.9  14.5  20.2  23.8  25.7  27.6  24.4  19.6  11.7  10.3 
1956   9.6   8.6  13.3  16.2  20.4  24.4  27.1  25.0  24.2  17.6  12.9   8.2 
1957   6.4  12.5  13.8  16.6  19.1  25.8  27.1  25.1  23.6  17.4  12.2   8.3 
1958   8.8  13.0  11.8  16.2  21.9  23.6  27.2  28.9  24.5  21.7  13.6  10.9 
1959  10.4  10.6  15.4  19.2  18.9  25.4  28.6  26.0  22.6  19.7  13.7   9.3 
1960   8.8  10.3  14.8  16.6  19.6  27.1  28.4  26.2  24.6  18.4  11.9   7.5 
1961   6.7  12.5  13.3  17.7  19.2  26.8  28.6  27.7  22.9  18.8  11.9   7.1 
1962   5.4   9.8  11.8  19.2  18.7  24.3  27.1  26.1  23.8  18.4  13.8   9.4 
1963   6.8  14.3  12.9  14.1  20.6  23.1  25.7  25.6  24.6  19.1  12.3   4.7 
1964   7.2  10.3  12.2  15.8  18.3  22.9  26.9  26.1  21.7  19.9  10.1   9.1 
1965   7.2   9.5  13.1  15.6  19.4  21.5  25.7  26.1  20.5  18.9  12.7   4.9 
1966   6.8   8.7  13.9  19.1  21.8  24.1  25.6  27.0  22.6  18.2  14.0   7.8 
1967   7.6   9.2  12.9  11.0  20.5  22.6  28.6  28.6  25.0  19.3  14.7   5.7 
1968   6.8  12.5  14.1  16.8  19.6  24.9  27.4  24.6  23.5  17.8  11.7   7.0 
1969   7.5   8.8  12.7  15.9  21.2  22.6  27.2  26.7  24.3  15.7  12.6   8.2 
1970   9.6  11.1  13.1  13.6  20.8  24.2  27.6  26.4  23.3  17.6  13.2   8.1 
1971   7.0   8.3  12.4  14.9  17.9  23.8  27.7  27.5  23.2  16.6  11.2   6.6 
1972   4.4  11.2  16.0  16.2  20.9  24.9  27.9  26.3  22.2  17.7  10.6   5.4 
1973   7.8  11.8  10.8  16.7  22.5  25.8  26.9  25.6  22.3  17.8  12.0   8.0 
1974   8.9   9.4  13.2  15.4  20.6  24.8  26.8  26.1  24.8  19.4  11.9   6.7 
1975   6.1  10.5  11.7  12.8  20.6  24.2  26.3  24.9  24.5  17.6  10.8   7.2 
1976   8.0  11.3  12.1  14.2  21.4  23.4  26.7  23.1  22.7  19.3  13.0   8.3 
1977   5.7  11.4  11.4  17.9  16.6  25.6  26.7  26.1  22.9  19.3  12.2  10.5 
1978  10.3  10.4  15.4  15.2  20.5  23.8  25.5  26.1  21.5  20.5  11.3   5.6 
1979   7.9   9.8  13.4  15.7  21.4  24.6  26.3  24.9  24.6  19.4  12.3  10.0 
1980   9.9  12.4  12.2  16.4  19.1  21.9  27.0  25.3  22.7  19.9  12.7   8.2 
