Number= 723895
Name= INDEPENDENCE
Lat=   36.5
Long=  118.1
Height= -999
Start year= 1905
End year= 1990
First Good year= 1905
Source ID= 10
Source file= Jones
Jones data to= 1990
Normals source= Data
Normals source start year= 1961
Normals source end year= 1990
Normals=   5.1   7.8  10.6  14.1  19.1  24.1  27.1  26.0  22.2  16.4   9.7   5.3 
Standard deviations source= Data
Standard deviations source start year= 1941
Standard deviations source end year= 1990
Standard deviations=   2.1   1.8   2.0   2.3   1.8   1.7   1.2   1.2   1.4   1.6   1.5   1.7 
Obs:
1905 -99.0   8.3  11.2 -99.0 -99.0 -99.0 -99.0 -99.0 -99.0 -99.0 -99.0   2.4 
1906 -99.0   9.5   8.6 -99.0 -99.0 -99.0 -99.0 -99.0 -99.0 -99.0 -99.0   4.1 
1907 -99.0   8.6   9.5 -99.0 -99.0 -99.0 -99.0 -99.0 -99.0 -99.0 -99.0   7.2 
1908 -99.0   6.4   8.2 -99.0 -99.0 -99.0 -99.0  26.2 -99.0 -99.0 -99.0   1.0 
1909 -99.0   1.5   6.9  15.6 -99.0  24.2 -99.0  24.1 -99.0 -99.0 -99.0  -2.3 
1910 -99.0   4.3  11.4  15.8 -99.0  21.1 -99.0  25.3 -99.0  16.4 -99.0   4.6 
1911 -99.0   2.8   9.7  12.2 -99.0  21.6 -99.0  22.6 -99.0  14.6 -99.0   1.9 
1912 -99.0   7.3   6.8   9.6 -99.0  20.6 -99.0  22.3 -99.0  13.0 -99.0   2.6 
1913 -99.0   5.1   4.9  12.9 -99.0  18.6 -99.0  22.8 -99.0  17.0 -99.0   2.3 
1914 -99.0   6.3  13.9  13.9 -99.0  21.4 -99.0  25.6  19.3  15.5 -99.0   1.8 
1915 -99.0   4.6  11.2  12.9 -99.0  21.8 -99.0  25.9  19.8  19.5 -99.0   3.5 
1916 -99.0   9.9  13.0  15.4 -99.0  24.0 -99.0  25.8  23.2  17.2 -99.0   2.8 
1917 -99.0   7.7   9.7  15.8 -99.0  25.2 -99.0  27.2  21.8  21.7 -99.0   8.4 
1918 -99.0   6.4  10.3  15.5 -99.0  28.3 -99.0  25.3  21.3  17.9 -99.0   4.2 
1919 -99.0   4.5   9.3  15.9 -99.0  23.7 -99.0  26.4  20.6  15.1 -99.0   4.6 
1920 -99.0   7.9   8.4  13.7 -99.0  22.5 -99.0  26.4  19.5  13.1 -99.0   3.0 
1921 -99.0   7.5  11.3  13.9 -99.0  23.6 -99.0  25.0  20.8  18.3 -99.0   5.7 
1922 -99.0   4.1   8.4  13.8 -99.0  24.4 -99.0  24.8  24.8  16.9 -99.0   5.3 
1923 -99.0   8.3  13.1  13.4 -99.0  20.6 -99.0  25.5  23.4  17.7 -99.0   5.8 
1924 -99.0  10.0   9.7  15.9 -99.0  23.8 -99.0  24.4  21.5  13.1 -99.0   4.8 
1925 -99.0   9.3  12.3  14.9 -99.0  24.0 -99.0  24.4  18.4  16.6 -99.0   9.1 
1926 -99.0   8.4  15.0  16.8 -99.0  26.9 -99.0  25.0  19.2  17.8 -99.0   4.4 
1927 -99.0   7.2  10.5  14.2 -99.0  23.7 -99.0  24.7  19.4  19.4 -99.0   4.5 
1928 -99.0   8.7  12.0  13.8 -99.0  23.5 -99.0  26.3  22.9  16.7 -99.0   4.5 
1929 -99.0   6.0  10.8  12.1 -99.0  22.9 -99.0  27.5  21.7  19.8 -99.0   8.5 
1930 -99.0   9.7  12.9  15.6 -99.0  25.4 -99.0  26.0  19.3  18.2 -99.0   5.5 
1931 -99.0   8.8  12.5  17.7 -99.0  22.8 -99.0  28.7  20.2  16.5 -99.0   2.7 
1932 -99.0   6.3  12.6  12.5 -99.0  25.2 -99.0  25.2  24.3  17.2 -99.0   0.1 
1933 -99.0   3.3  10.6  13.1 -99.0  20.7  28.8  26.4  22.2  19.7  11.3   5.0 
1934   6.3   9.0  15.6  18.8  22.6  22.9  28.2  26.8  22.6  18.9  13.1   5.4 
1935   5.1   8.3   8.7  14.7  17.7  26.4  26.7  26.8  22.8  15.8   7.7   4.8 
1936   5.1   5.5  11.3  15.6  20.4  24.4  26.9  25.9  21.1  15.8  10.5   4.0 
1937  -3.4   4.7   9.4  13.6  20.7  23.1  27.5  26.6  23.2  18.0  11.5   7.2 
1938   6.1   5.4   8.6  14.7  17.8  24.4  27.2  26.4  23.0  14.8   7.0   5.5 
1939   4.1   3.3   9.9  16.0  19.8  23.5  27.2  26.7  20.2  15.3  11.1   7.1 
1940   5.6   6.6  11.8  14.9  21.8  25.5  27.2  26.4  19.3  17.0   8.3   5.7 
1941   5.1   7.4  10.2  11.8  19.7  22.9  26.5  24.5  20.0  13.5   9.5   4.3 
1942   5.7   5.5  10.2  13.8  18.3  24.0  28.2  26.0  21.5  16.4  10.8   5.4 
1943   5.0   8.5  11.2  15.7  19.9  22.1  27.0  25.1  23.3  16.0  10.1   4.7 
1944   4.3   5.2  10.3  12.1  18.4  21.6  26.1  25.8  22.1  16.8   7.8   5.1 
1945   4.5   7.4   7.3  13.8  18.0  22.8  27.2  25.2  22.7  16.5   9.0   4.2 
1946   4.4   5.6   9.8  16.4  18.4  24.4  26.5  26.3  22.5  13.1   6.9   5.1 
1947   4.6   8.9  11.9  14.8  21.0  22.8  25.7  23.5  23.3  15.6   6.8   3.4 
1948   5.4   5.0   7.1  13.9  17.6  22.8  26.8  25.2  22.6  16.7   7.7   2.0 
1949  -2.6   3.5   8.6  16.7  17.6  25.1  26.7  24.4  23.0  14.9  12.4   4.1 
1950   2.3   7.8  11.3  16.4  18.6  23.2  26.7  25.9  20.8  17.9  11.8   6.8 
1951   5.6   6.9  11.5  14.9  18.8  24.0  26.9  25.6  22.4  16.2   8.2   3.2 
1952   2.4   6.3   6.6  14.2  19.8  21.5  26.4  26.1  22.1  18.6   7.0   3.7 
1953   7.5   8.0  11.0  13.8  14.4  21.6  28.1  24.6  22.5  15.4  10.1   5.6 
1954   4.6   9.4   8.3  16.9  20.3  23.5  27.4  24.4  21.0  16.5  10.3   3.9 
1955   1.7   5.4   9.7  12.1  17.0  22.8  25.0  26.6  22.5  17.2   8.8   4.9 
1956   6.2   5.4  10.2  13.5  18.9  24.6  25.8  24.7  23.0  15.3   8.8   6.9 
1957   1.1   8.6  10.9  13.3  16.5  25.3  26.6  24.6  22.0  14.0   7.2   6.5 
1958   6.3   8.3   7.4  13.2  20.7  23.9  26.1  27.1  22.6  18.1   9.3   8.4 
1959   6.6   5.9  13.0  17.5  17.6  25.5  29.0  25.1  21.0  17.2  10.0   6.8 
1960   2.1   5.8  12.5  15.8  18.7  26.8  27.9  25.6  23.1  15.7   8.6   4.8 
1961   6.4   8.2  10.5  14.6  18.7  26.3  27.0  25.2  20.2  15.7   7.7   3.9 
1962   4.8   6.0   7.1  17.3  16.6  23.3  25.7  26.1  22.6  17.2  10.7   6.4 
1963   3.2  10.7   9.6  10.4  19.6  21.3  25.2  24.7  22.0  17.7   9.5   5.4 
1964   3.3   7.3   8.6  13.6  17.0  22.3  26.3  25.4  20.1  18.3   7.7   6.2 
1965   5.2   7.9  10.2  12.4  16.3  20.9  25.8  24.8  19.0  17.7   9.9   3.9 
1966   2.8   4.6  11.3  15.7  20.7  23.2  26.4  27.1  20.8  16.0  10.1   5.4 
1967   4.7   7.5  10.9   9.3  18.4  21.0  27.7  27.2  23.5  16.9  11.4   3.1 
1968   4.9   9.3  11.1  13.4  18.1  24.2  26.7  23.4  21.9  16.2   9.9   3.1 
1969   4.7   2.6   9.2  14.2  20.2  21.4  26.3  27.2  22.8  14.7  10.3   5.9 
1970   4.6   8.4   9.8  10.7  19.3  23.9  27.0  27.1  20.4  14.8   9.4   2.8 
1971   6.1   8.3  10.1  13.5  15.6  23.2  27.7  27.3  21.6  13.5   8.0   2.5 
1972   4.3   8.8  14.7  14.1  19.0  23.8  28.8  25.5  20.2  13.4   7.9   3.5 
1973   2.2   6.1   7.6  13.3  20.5  24.6  27.3  25.3  21.3  15.3   8.0   6.1 
1974   0.5   7.4  10.9  13.0  20.5  25.6  26.8  25.2  24.2  15.3   8.9   4.3 
1975   5.2   6.3   7.9   9.6  18.1  23.7  26.6  24.9  23.2  14.8   8.3   7.4 
1976   5.7   6.3   9.6  11.5  20.0  22.4  26.6  22.8  20.9  15.8  11.3   5.2 
1977   4.2   9.6   7.7  15.3  13.9  25.2  26.8  26.2  21.3  17.0  11.3   6.9 
1978   5.1   7.5  10.9  12.2  17.9  23.9  26.0  25.6  19.4  18.8   7.8   3.6 
1979   3.0   5.2  10.6  14.9  20.8  24.9  27.7  24.7  24.6  17.3   9.1   6.4 
1980   6.6   8.1   8.6  13.5  16.2  22.2  26.7  26.1  23.3  17.5  11.4   9.5 
1981   7.8   9.5  10.6  17.0  19.8  27.7  28.4  27.7  23.9  14.8  11.6   8.2 
1982   4.5   9.0   9.2  14.0  20.1  23.4  26.0  26.2  21.2  15.4   7.5   5.8 
1983   6.9   8.3  10.2  11.3  19.3  24.1  25.9  24.9  23.9  16.3  10.3   7.1 
1984   8.7   9.2  13.4  14.3  23.3  24.3  28.2  26.3  24.1  14.6   9.3   2.9 
1985   6.2   8.1  10.4  17.7  20.4  26.5  28.8  26.5  20.5  16.8  10.2   7.8 
1986  10.3  10.9  15.0  16.4  22.4  27.7  27.9  28.5  21.9  14.8   9.8   4.5 
1987   4.0   7.4  10.1  17.4  19.1  24.8  24.6  26.5  23.8  18.9  10.7   3.3 
1988   6.0  10.6  13.2  15.6  20.3  25.1  30.3  27.9  24.4  21.5  11.9   5.7 
1989   5.3   8.3  15.3  20.6  21.4  26.6  30.2  26.2  23.5  15.8  12.0   7.6 
1990   6.4   6.8  13.6  16.8  19.4  25.3  28.0  27.0  24.1  17.8  10.5   3.4 
