Number= 723822
Name= REDLANDS
Country= USA
Lat=   34.1
Long=  117.2
Height= 412
Start year= 1893
End year= 1990
First Good year= 1893
Source ID= 10
Source file= Jones
Jones data to= 1990
Normals source= Data
Normals source start year= 1961
Normals source end year= 1990
Normals=  11.4  12.9  13.5  16.0  18.6  22.0  25.7  25.7  23.3  19.4  14.4  11.5 
Standard deviations source= Data
Standard deviations source start year= 1941
Standard deviations source end year= 1990
Standard deviations=   1.6   1.7   1.6   1.8   1.4   1.8   1.3   1.4   1.5   1.5   1.5   1.5 
Obs:
1893  11.6  10.0  10.7  14.4  19.1  22.7  25.0  25.1  19.8  16.4  11.6  11.4 
1894   7.5   7.8  10.8  16.2  17.5  20.1  26.7  25.3  21.5  19.1  16.1  10.8 
1895   8.0  10.9  12.8  16.3  20.3  23.1  22.6  24.6  20.1  17.9  15.2  11.0 
1896  11.2  11.2  13.9  13.9  19.2  26.7  27.9  25.9  22.4  20.0  13.0  11.1 
1897   8.6   8.6   9.5  16.8  20.9  23.6  27.9  28.1  21.7  15.4  13.3   9.2 
1898   6.5  12.0  12.3  19.2  19.1  25.0  25.3  27.1  24.5  20.2  14.0  10.7 
1899  11.2  12.2  12.3  16.4  16.2  21.3  25.3  22.8  25.7  17.2  15.2  12.7 
1900  13.1  13.8  15.6  12.9  19.4  22.2  25.0  21.8  19.4  17.3  16.3  12.7 
1901   9.9  12.3  14.6  14.7  17.4  21.0  25.8  26.0  20.2  19.4  14.8  12.9 
1902  10.7  11.4  11.7  15.2  18.1  22.3  24.0  23.4  23.3  17.6  12.0  10.2 
1903  11.0   8.8  12.1  13.7  17.6  21.5  24.0  25.6  22.7  20.4  15.7  11.7 
1904  10.0  13.0  14.3  16.2  19.5  22.8  23.9  25.6  23.5  19.0  12.7  11.6 
1905   9.9  12.5  14.3  14.4  15.5  19.9  24.1  25.0  22.6  18.9  12.8  10.8 
1906  10.6  12.9  12.8  14.4  16.6  21.5  26.4  25.2  22.3  20.5  12.1  10.4 
1907   8.3  13.8  11.1  14.9  16.8  19.8  24.8  22.5  20.7  18.3  14.6  11.5 
1908  10.1  10.3  14.0  17.8  17.0  20.0  25.6  24.4  22.0  16.3  13.1   9.7 
1909  10.4  10.3  10.7  15.4  16.8  21.2  23.8  25.9  21.6  17.6  12.8   8.1 
1910   8.6  10.3  14.4  17.5  20.0  20.7  25.3  24.5  23.0  19.2  13.8  12.1 
1911  10.6   8.4  13.8  13.7  17.0  20.2  25.2  24.4  21.4  17.7  13.3   9.0 
1912  11.3  12.8  10.0  12.2  17.5  20.9  23.1  22.4  21.1  15.8  15.0   9.7 
1913   8.7   9.9  12.0  14.5  17.0  19.2  23.2  24.6  23.3  18.0  13.7   7.1 
1914  10.6  12.5  15.4  15.4  17.0  20.8  23.4  23.2  21.4  18.5  16.1   8.0 
1915   9.2  10.2  13.9  14.3  16.3  21.6  23.6  25.3  20.7  19.4  14.2  10.3 
1916   8.5  13.7  16.6  16.3  17.4  20.6  23.0  23.2  21.3  14.6  12.7   8.3 
1917   7.9  10.7  11.8  13.7  14.9  23.3  26.1  24.3  23.9  20.7  15.5  14.7 
1918  11.2  11.5  14.1  15.7  16.4  24.2  24.3  24.1  22.9  20.2  13.4  10.4 
1919  11.8   9.2  11.3  15.7  18.0  22.9  25.1  24.8  22.3  16.2  13.3  11.8 
1920  11.5  11.5  11.7  13.9  18.1  20.3  25.0  24.7  21.5  15.7  12.7   9.5 
1921   9.2  11.9  13.8  13.6  14.9  20.9  25.3  24.3  21.7  19.0  14.8  12.4 
1922   7.7   9.1  10.6  12.4  17.9  22.1  24.3  25.9  25.1  17.6  12.1  12.2 
1923  11.8  11.3  13.3  14.2  18.8  19.2  24.1  23.4  22.6  17.8  15.6  10.8 
1924  10.7  14.4  10.9  14.0  18.9  22.6  23.7  23.6  23.0  16.7  14.7   9.9 
1925  10.9  13.2  14.0  14.8  18.1  21.9  25.8  24.1  21.2  17.0  13.4  13.3 
1926  11.2  13.6  15.4  16.8  19.1  22.3  24.7  25.2  21.4  19.8  17.1   9.7 
1927  11.3  12.1  12.3  15.2  19.0  21.3  26.1  24.7  21.2  20.1  15.7   9.9 
1928  12.5  12.6  14.4  16.2  19.1  20.8  24.2  24.4  24.6  17.6  14.6  10.8 
1929   9.6   9.9  12.9  13.5  19.2  21.6  25.2  27.6  22.3  20.7  16.4  14.8 
1930   9.8  14.3  13.8  17.2  15.8  20.9  25.2  24.6  19.9  17.4  15.0   9.9 
1931  11.3  11.7  15.2  17.2  19.8  21.1  27.2  25.8  22.0  17.8  11.7   8.8 
1932   7.8   9.9  14.1  14.8  16.9  19.8  23.1  23.3  21.7  17.6  16.6   8.2 
1933   8.3   9.2  13.1  13.3  14.6  20.0  25.0  24.2  19.8  20.2  16.4  11.8 
1934  11.8  12.2  17.6  17.4  19.8  19.1  25.3  25.0  22.7  18.8  13.8  12.1 
1935  10.2  11.8  10.7  15.1  16.6  22.0  24.4  25.7  22.8  16.8  12.5  11.1 
1936  11.3  10.3  13.6  15.4  19.2  22.4  25.7  25.1  22.5  18.1  14.9  10.7 
1937   4.2   9.9  12.2  15.1  18.4  21.9  25.3  25.2  24.0  19.5  14.0  12.4 
1938  12.4  10.6  11.4  15.0  17.4  20.2  23.9  24.8  23.8  17.3  12.7  12.7 
1939   9.7   8.1  12.1  17.1  17.6  21.3  23.8  24.6  22.7  18.6  15.4  13.4 
1940  11.2  11.0  13.8  15.6  19.6  21.6  24.0  24.1  21.2  18.9  13.6  12.4 
1941  11.0  12.4  13.4  13.6  19.1  19.7  24.4  22.8  20.0  16.4  15.6  10.6 
1942  11.8  10.1  12.9  14.4  17.6  20.9  25.8  24.2  21.1  18.4  14.7  12.2 
1943  11.6  13.1  13.8  16.1  19.3  20.2  23.7  24.1  24.0  18.8  14.8  10.6 
1944  10.2   9.6  13.0  13.8  17.3  18.1  21.5  24.2  22.0  18.1  12.3  11.9 
1945  10.8  11.2  10.7  14.3  16.8  19.4  24.6  24.9  23.1  18.4  13.4  11.1 
1946  11.2  10.3  12.8  16.8  16.9  22.2  24.8  25.1  24.2  16.5  12.8  12.3 
1947  10.8  13.3  13.9  16.4  18.9  20.6  25.0  23.4  23.7  17.8  12.6  10.6 
1948  12.3   9.6  10.3  14.7  16.9  19.9  23.1  23.1  23.2  17.8  13.3   8.9 
1949   5.1   8.8  11.3  16.7  17.6  21.9  23.7  23.9  23.9  17.2  17.7  10.8 
1950   8.2  13.1  13.5  16.4  16.5  20.4  24.8  23.7  21.2  20.5  16.0  14.5 
1951  10.3  11.1  13.3  14.8  17.6  20.0  24.8  23.9  22.7  18.3  13.8   9.6 
1952   9.1  11.2  10.3  14.8  19.7  18.8  24.8  24.9  23.9  19.8  11.3   9.8 
1953  12.6  11.1  12.6  12.9  15.2  19.8  25.2  22.9  22.1  18.0  14.7  11.2 
1954   9.9  14.0  10.5  15.6  17.4  19.6  25.6  21.8  21.8  17.4  16.3  10.6 
1955   8.7  10.7  13.6  14.8  16.8  20.4  23.4  26.6  24.1  17.9  14.2  11.1 
1956  11.4   8.8  13.7  14.1  17.7  22.2  24.6  23.4  25.8  17.3  15.6  12.8 
1957   9.4  14.0  14.2  15.6  16.9  24.0  26.5  25.9  23.6  17.4  12.9  13.1 
1958  12.1  13.2  11.3  16.4  20.7  22.3  24.9  26.7  25.4  22.3  15.1  14.6 
1959  13.2  11.3  16.8  19.2  18.2  24.1  28.1  25.8  23.1  20.6  16.7  12.5 
1960   9.5  11.4  15.5  17.7  19.7  23.8  27.7  25.7  25.9  19.6  13.9  11.9 
1961  13.7  14.2  13.6  17.7  17.7  24.0  26.4  26.7  22.7  19.6  13.6  11.6 
1962  11.9  10.8  11.1  18.9  17.4  21.5  24.6  26.9  24.4  19.6  15.3  13.0 
1963  10.3  16.1  13.1  14.0  18.4  20.4  25.3  25.4  25.4  20.0  14.4  12.9 
1964  10.6  12.3  12.6  15.1  17.7  21.1  26.3  25.6  22.5  22.2  12.8  11.0 
1965  12.2  12.7  13.2  15.6  17.9  18.8  24.6  26.7  21.1  21.9  14.7  11.1 
1966  10.4  10.9  15.2  18.3  19.4  22.8  25.6  26.4  23.6  19.8  14.8  12.1 
1967  11.8  14.2  13.4  11.3  18.5  19.5  26.9  28.2  23.8  20.9  16.7   9.7 
1968  11.2  15.3  14.8  16.3  18.6  22.2  25.7  24.2  23.4  19.2  15.5  10.2 
1969  12.3  10.0  12.9  15.8  19.3  19.6  25.4  27.3  24.4  17.2  15.4  11.8 
1970  11.1  13.9  13.4  13.8  19.1  21.8  26.6  26.6  22.7  17.7  14.8   9.8 
1971  11.3  11.9  13.7  14.6  16.1  21.2  25.7  27.2  23.6  17.3  13.4   8.3 
1972   9.9  13.5  16.8  16.8  19.3  22.9  26.4  25.1  21.9  16.8  12.7  10.1 
1973   9.4  11.5  10.6  14.9  18.5  23.4  24.1  24.3  20.1  18.7  12.4  11.4 
1974   9.6  11.4  12.6  15.4  18.3  23.1  25.4  24.7  24.6  18.3  15.1  10.8 
1975  11.9  11.4  11.8  12.2  17.8  20.2  25.2  24.2  24.1  17.8  14.4  12.4 
1976  13.1  12.1  13.0  13.9  19.1  22.8  24.4  23.6  22.0  19.9  16.6  12.3 
1977  10.9  14.8  11.4  16.9  15.6  22.4  26.7  26.6  22.6  20.8  17.2  14.3 
1978  11.9  12.6  15.1  14.8  20.1  24.2  26.9  25.3  24.0  22.1  13.4   9.7 
1979   9.3  11.2  13.1  16.4  18.9  23.4  25.8  24.7  26.3  21.2  13.0  13.4 
1980  12.8  14.2  12.9  16.6  16.4  21.6  26.5  24.7  22.1  19.7  14.8  13.6 
1981  12.1  13.6  13.0  17.0  18.6  25.0  25.1  26.3  23.1  17.0  14.8  13.1 
1982   9.5  13.1  10.7  13.8  17.0  17.9  24.3  25.3  23.0  18.4  12.0   9.7 
1983  11.7  12.8  13.1  14.1  18.8  20.5  24.6  25.8  24.0  19.1  13.0  11.0 
1984  12.4  13.4  15.6  17.1  22.7  22.6  27.5  27.0  27.0  18.1  13.2  10.3 
1985  10.9  12.7  12.8  18.1  18.8  23.8  27.2  25.3  21.7  19.1  12.9  13.6 
1986  15.1  14.0  15.6  16.5  20.1  23.8  25.0  27.3  20.4  18.8  16.8  13.6 
1987  11.8  13.0  13.5  19.7  20.6  23.0  23.1  25.0  23.9  20.7  14.8  10.0 
1988  12.5  15.3  16.0  17.0  19.2  21.7  26.5  24.7  23.1  20.6  13.8  11.2 
1989  10.7  11.6  15.3  19.2  18.7  21.9  26.3  23.9  23.1  18.6  15.6  12.9 
1990  11.1  11.2  14.5  17.8  18.0  23.7  26.6  24.6  23.4  20.0  15.1  10.2 
