Number= 723920
Name= SANTA-BARBARA-------
Country= USA---------
Lat=   34.4
Long=  119.7
Height= 1
Start year= 1893
End year= 2007
First Good year= 1893
Source ID= 30
Source file= Jones+Anders
Jones data to= 1996
Normals source= Data
Normals source start year= 1961
Normals source end year= 1990
Normals=  12.4  13.1  13.7  14.8  15.8  17.6  19.4  20.3  19.7  18.2  15.3  12.4 
Standard deviations source= Data
Standard deviations source start year= 1941
Standard deviations source end year= 1990
Standard deviations=   1.5   1.5   1.3   1.2   0.9   1.1   1.0   1.1   1.1   1.0   1.2   1.3 
Obs:
1893 -99.0 -99.0  11.4  13.7  15.0  16.6  18.0  18.8  16.8  16.1  13.7  14.0 
1894   9.5  10.3  11.6  13.7  14.3  16.2  17.0  18.7  18.6  16.8  13.7  11.9 
1895  10.6  13.0  11.7  14.0  15.7  16.8  18.2  18.2  18.5  17.1  15.1  12.5 
1896  13.2  16.0  14.0  12.7  16.2  17.8  19.3  19.5  17.8  17.1  14.4  14.1 
1897  12.3  11.3  11.2  15.1  15.1  17.1  18.4  19.1  19.2  15.8  14.4  12.1 
1898  10.1  13.0  12.2  15.5  14.5  17.6  18.2  20.2  18.7  16.3  14.7  12.8 
1899  12.4  12.1  13.4  13.6  13.4  16.2  18.1  18.6  18.7  16.6  15.4  13.6 
1900  13.8  14.2  14.3  13.1  15.9  17.5  17.6  17.1  19.3  17.9  18.8  14.1 
1901  11.2  12.2  14.0  11.8  13.3  15.3  17.3  18.3  17.3  18.4  16.0  12.8 
1902  11.4  11.4  11.2  13.1  14.1  15.9  17.3  17.3  19.8  17.4  15.0  11.0 
1903  12.2   9.3  11.6  12.9  13.7  16.2  17.2  17.7  19.8  19.1  17.5  13.0 
1904  11.5  11.3  12.4  13.7  14.1  16.8  17.1  19.3  21.5  19.2  18.1  13.4 
1905  12.4  12.5  14.1  13.6  13.7  14.9  17.4  17.8  20.0  18.8  16.3  11.9 
1906  11.4  13.4  12.6  13.4  13.6  17.2  18.7  17.8  20.4  19.5  14.4  12.3 
1907  10.1  14.5  11.3  13.6  14.7  15.9  18.7  17.4  18.7  18.1  15.7  12.9 
1908  12.0  10.7  12.3  14.0  13.6  14.5  17.6  17.9  19.1  16.2  14.3  10.3 
1909  11.5  11.1  10.5  12.6  12.5  14.8  16.2  17.7  17.5  17.5  14.1  10.5 
1910   9.8  11.2  12.2  15.2  14.6  14.7  17.2  16.8  19.3  18.0  14.9  12.8 
1911  12.1   9.8  12.1  12.5  14.2  14.7  17.0  17.2  18.4  17.8  15.9  11.0 
1912  12.3  13.4  10.6  11.6  14.2  14.7  16.3  16.2  18.4  17.1  15.7  10.8 
1913   9.2  10.4  11.0  11.8  12.7  14.8  17.8  18.2  20.3  17.9  15.5  10.5 
1914  11.0  11.9  14.0  14.7  13.4  14.9  15.8  15.9  17.9  18.7  17.7  10.6 
1915  11.2  11.1  14.3  14.2  14.5  16.4  17.9  19.9  19.4  17.3  15.5  12.4 
1916  10.3  13.0  14.1  13.8  15.1  15.1  17.3  17.3  18.6  14.3  13.5   9.4 
1917   8.8  11.1  11.5  12.6  14.1  17.4  20.4  17.6  20.4  18.7  16.2  13.3 
1918  11.3  11.1  12.1  13.7  13.2  17.4  17.2  18.6  20.9  20.6  14.9  10.4 
1919  12.6  10.3  11.1  14.3  13.4  16.6  17.7  17.5  19.5  17.7  15.2  12.0 
1920  12.3  11.8  11.2  12.7  13.8  15.8  18.5  19.3  19.4  16.2  14.4  11.3 
1921  10.1  11.8  13.1  12.7  12.5  15.8  18.9  18.7  19.3  18.1  16.5  13.9 
1922  10.5  11.5  11.6  12.7  14.2  16.6  18.1  19.3  20.8  17.5  13.8  13.1 
1923  11.5  11.3  13.3  13.2  15.3  13.9  16.9  17.2  19.8  17.7  16.9  12.5 
1924  11.4  14.9  11.9  14.3  15.6  15.8  16.4  16.3  19.3  15.3  14.6   9.6 
1925  11.2  12.5  12.2  14.1  14.3  16.8  20.1  18.3  19.4  17.1  16.0  14.8 
1926  12.8  14.1  15.1  16.6  16.7  16.2  17.9  19.6  18.6  18.1  16.3  11.4 
1927  10.8  12.0  11.9  12.8  15.5  15.6  18.7  17.9  18.6  18.4  16.5  11.3 
1928  13.0  12.8  13.7  14.8  15.8  16.2  17.0  17.9  19.3  16.6  15.1  11.7 
1929  10.5  10.3  11.5  11.9  15.1  17.4  18.9  20.7  19.5  19.0  16.3  15.0 
1930  11.1  13.6  12.9  15.1  14.0  16.6  19.1  19.9  18.6  18.3  16.2  11.8 
1931  12.3  14.0  16.1  16.1  17.2  18.3  21.7  21.5  20.3  18.7  13.7  10.9 
1932   9.9  11.9  14.5  14.7  15.8  16.8  17.9  18.5  19.2  18.0  18.2  11.2 
1933  10.2  10.8  13.2  13.9  15.0  16.0  18.3  18.3  17.3  18.4  16.5  11.5 
1934  12.8  13.4  15.7  15.6  17.3  16.0  19.5  19.1  20.3  18.0  15.4  13.3 
1935  11.6  13.4  10.5  14.0  14.8  15.8  18.2  19.5  19.7  17.5  13.6  12.1 
1936  12.5  12.1  12.8  13.5  16.3  17.9  20.6  19.8  19.7  18.7  16.6  12.0 
1937   7.2  10.8  12.1  14.1  15.9  17.5  19.4  18.7  20.0  17.8  14.9  13.8 
1938  13.2  11.9  11.9  13.9  15.4  15.7  17.7  19.6  20.9  17.2  14.1  13.9 
1939  11.3   9.8  11.5  14.7  15.1  16.3  18.6  19.7  22.9  19.3  16.7  14.3 
1940  13.1  13.1  14.0  15.6  16.3  16.5  17.8  18.2  19.7  18.7  15.0  14.1 
1941  12.9  13.8  14.2  13.7  18.4  16.6  18.5  19.0  19.0  17.7  15.8  12.8 
1942  12.6  11.4  12.3  14.0  15.3  16.4  19.5  19.0  18.7  18.8  15.6  12.6 
1943  11.6  13.0  13.3  14.4  16.3  16.3  18.2  18.8  19.9  17.8  15.6  12.6 
1944  11.5  11.2  13.0  13.5  14.7  15.6  16.7  18.5  19.4  17.7  14.0  12.8 
1945  11.6  12.6  11.3  12.8  15.3  16.1  19.3  20.2  20.7  18.1  14.9  12.4 
1946  11.4  10.9  12.3  14.3  15.4  17.3  19.7  19.3  20.8  17.2  14.0  12.1 
1947  10.6  13.2  14.1  15.7  16.1  17.8  19.3  18.9  19.8  17.4  12.8  10.6 
1948  11.3  10.6  11.1  13.5  15.2  15.8  17.6  18.1  18.4  16.1  13.5   9.1 
1949   6.2   8.7  11.6  15.1  16.2  17.7  18.0  19.3  20.4  17.0  17.1  10.8 
1950   9.2  11.3  12.9  14.6  14.5  16.0  19.2  17.7  18.7  18.5  16.6  14.3 
1951  11.3  11.3  12.6  13.3  15.1  16.1  18.7  18.4  19.8  18.2  14.9  10.6 
1952   9.9  12.2  11.3  14.0  15.7  15.9  18.3  19.0  19.9  16.9  14.1  11.3 
1953  13.4  12.6  12.5  13.0  15.6  16.5  20.0  18.5  19.3  17.8  15.3  13.0 
1954  11.2  15.1  11.7  14.1  15.3  17.0  21.2  19.0  19.5  16.2  16.1  11.6 
1955   9.8  10.9  13.1  13.7  14.3  16.5  17.6  20.2  18.9  15.9  14.4  11.5 
1956  11.1   9.4  12.8  12.6  15.0  17.3  18.5  18.7  20.2  16.7  16.9  13.6 
1957  10.5  13.7  13.8  13.6  15.3  19.6  21.0  20.7  19.6  17.5  14.6  13.8 
1958  13.1  14.0  11.9  16.3  16.5  18.3  18.7  21.1  21.4  20.1  15.5  14.1 
1959  13.4  11.5  15.5  15.7  15.8  18.6  21.3  20.6  20.5  19.3  17.0  13.5 
1960  10.4  11.7  13.9  15.8  16.8  18.0  20.0  18.7  19.9  17.4  14.4  12.2 
1961  14.1  14.2  13.5  14.8  14.6  17.1  20.0  20.6  18.8  17.6  14.1  11.3 
1962  12.3  11.0  11.3  15.0  14.5  16.3  17.9  19.7  19.0  17.7  14.9  13.0 
1963  11.1  15.2  12.8  13.0  15.3  17.0  19.1  20.4  22.2  18.9  15.5  13.5 
1964  12.0  12.6  12.9  13.4  13.9  16.3  18.5  20.2  19.7  19.0  14.2  12.6 
1965  12.5  12.3  12.8  14.4  14.9  16.3  18.0  20.5  19.1  19.6  15.5  11.4 
1966  11.3  11.6  13.5  15.8  15.4  18.2  19.1  20.6  20.3  19.0  15.6  12.3 
1967  12.1  13.1  12.6  11.8  16.0  16.7  19.6  21.9  20.8  19.1  17.2  11.4 
1968  11.6  14.5  14.8  15.1  16.2  17.0  19.8  19.5  19.9  17.9  15.7  10.9 
1969  12.6  10.9  12.5  15.1  15.1  17.3  19.6  20.6  19.3  17.9  16.9  13.2 
1970  12.2  13.7  14.0  14.2  15.9  18.0  18.5  19.2  19.2  17.5  15.4  11.4 
1971  11.7  13.0  12.5  14.0  14.6  17.2  19.0  22.4  20.4  16.7  14.3   9.9 
1972  10.1  12.2  14.7  14.3  15.8  18.4  19.5  21.2  20.2  18.5  14.9  11.4 
1973  11.1  13.1  11.8  14.1  15.4  18.1  19.0  20.0  18.7  17.9  14.8  13.5 
1974  11.1  12.8  12.8 -99.0  15.6  18.3  20.1  20.0  20.1  18.4  16.5  12.5 
1975  13.2  12.2  12.5  12.9  14.9  16.7  19.1  19.3  19.0  16.6  13.9 -99.0 
1976  13.3  13.0  14.2  13.8  15.9  19.7  19.5  20.2  19.7  19.2  17.6  14.1 
1977  12.6  15.0  13.0  15.2  15.7  17.4  19.0  20.6  19.4  18.0  17.4  15.4 
1978  13.9  14.0  16.2  14.5 -99.0 -99.0  19.0  20.2  21.0  18.7  14.6 -99.0 
1979  12.0  11.5  14.1  15.8  16.9  18.9 -99.0 -99.0  19.8  17.7  14.9 -99.0 
1980  14.1  14.9  13.8  15.4  15.1  16.8  18.2  20.1  17.6 -99.0  15.4  14.3 
1981  13.9  13.8  13.6 -99.0  16.9  20.6  20.4  19.9  19.1  18.9  16.1 -99.0 
1982 -99.0  14.1  13.2 -99.0  15.8  16.1  18.7  20.1  20.3  18.3  14.6  12.4 
1983  13.3  14.0  14.7 -99.0  16.2 -99.0  20.4  21.8  21.0  19.6 -99.0 -99.0 
1984  14.2 -99.0  15.7  16.7  18.4  18.6  21.2  22.3  23.4  17.4  13.7 -99.0 
1985 -99.0  12.8  13.1  16.1  15.4  17.7  21.1  20.1  19.2  17.3  13.4  13.2 
1986  14.5  13.8  15.1  16.1  15.9  17.8  19.7  19.1  17.8  17.9  16.9  13.7 
1987  12.1  13.3  14.1  16.5  18.3  17.7  18.6  18.9  19.1  18.9  14.8  10.9 
1988  11.5  13.6  16.2  15.2  16.2  16.7  19.9  19.4  18.0  16.9  13.8  12.0 
1989  10.8 -99.0  14.4  17.3  16.2  17.5  19.5  18.7  17.9  16.9  15.3 -99.0 
1990 -99.0  10.9 -99.0  15.5  16.3  18.6  20.5  20.0  19.6  18.5  15.2  11.0 
1991  12.0  13.2  11.6  14.8  14.8  15.7  17.9  18.7  17.8  16.6  14.8  12.7 
1992  11.9  14.7  14.1  17.1  18.6  19.1  21.3  21.3  20.3  18.4  15.7  11.6 
1993  12.5  12.4  14.6  15.9  17.1  18.3  18.8  18.7  17.3  17.9  14.9  12.8 
1994  13.0  12.3  14.9  15.2  15.5  18.4  18.3  21.2  19.3  17.3  12.7  12.2 
1995  13.0  15.9  14.8  15.9  15.1  17.0  19.3  19.1  19.3  18.5  16.3  14.6 
1996  13.7  14.4  14.6  17.5  17.6  18.1  19.0  20.1  19.7  17.0  15.8 -99.0 
1997 -99.0 -99.0 -99.0 -99.0 -99.0 -99.0 -99.0 -99.0 -99.0 -99.0 -99.0 -99.0 
1998 -99.0 -99.0 -99.0 -99.0 -99.0 -99.0 -99.0 -99.0 -99.0 -99.0 -99.0 -99.0 
1999 -99.0 -99.0 -99.0 -99.0 -99.0 -99.0 -99.0 -99.0 -99.0 -99.0 -99.0 -99.0 
2000  13.3  15.3  11.1  11.1 -99.0 -99.0 -99.0 -99.0 -99.0 -99.0 -99.0 -99.0 
2001 -99.0 -99.0 -99.0 -99.0 -99.0 -99.0 -99.0 -99.0 -99.0 -99.0 -99.0 -99.0 
2002 -99.0 -99.0 -99.0 -99.0 -99.0 -99.0 -99.0 -99.0 -99.0 -99.0 -99.0 -99.0 
2003 -99.0 -99.0 -99.0 -99.0 -99.0 -99.0 -99.0 -99.0 -99.0 -99.0 -99.0 -99.0 
2004 -99.0 -99.0 -99.0 -99.0 -99.0 -99.0 -99.0 -99.0 -99.0 -99.0 -99.0 -99.0 
2005 -99.0 -99.0 -99.0 -99.0 -99.0 -99.0 -99.0 -99.0 -99.0 -99.0 -99.0 -99.0 
2006 -99.0 -99.0 -99.0 -99.0 -99.0 -99.0 -99.0 -99.0 -99.0 -99.0 -99.0 -99.0 
2007 -99.0 -99.0 -99.0 -99.0 -99.0 -99.0 -99.0 -99.0 -99.0 -99.0 -99.0 -99.0 
