Number= 723940
Name= SANTA MARIA
Country= USA
Lat=   34.9
Long=  120.5
Height= 73
Start year= 1943
End year= 2011
First Good year= 1943
Source ID= 10
Source file= Jones+Anders
Jones data to= 2001
Normals source= Data
Normals source start year= 1961
Normals source end year= 1990
Normals=  10.6  11.5  11.6  12.6  14.0  15.9  17.3  17.8  17.5  16.1  13.0  10.6 
Standard deviations source= Data
Standard deviations source start year= 1943
Standard deviations source end year= 1990
Standard deviations=   1.5   1.5   1.2   1.3   0.9   0.9   1.0   1.0   1.2   1.1   1.3   1.3 
Obs:
1943  10.8  12.3  13.0  13.6  14.2  15.7  17.1  16.3  17.6  15.7  14.7  11.8 
1944  10.9  10.3  12.4  11.6  14.1  15.6  16.5  16.0  17.0  16.3  12.7  12.1 
1945  10.5  11.4  10.1  11.9  13.8  16.0  17.6  16.7  17.8  16.3  13.1  12.2 
1946   9.9  10.0  11.9  13.9  13.8  15.3  16.7  16.5  17.1  14.3  11.6  10.6 
1947   9.5  12.0  13.2  14.3  15.1  16.6  15.9  17.1  16.6  16.1  10.8  10.3 
1948  11.5   9.6  10.4  12.9  13.7  16.1  15.9  16.4  16.3  15.0  12.8   8.9 
1949   6.3   8.4  11.0  13.9  14.4  16.1  16.0  16.4  16.8  13.6  15.8  10.4 
1950   7.8  11.2  12.2  13.7  13.2  14.8  17.7  16.4  17.3  16.2  15.5  13.1 
1951  10.5  10.6  11.7  12.6  14.0  15.2  16.3  16.6  17.0  17.0  13.4   9.6 
1952   9.2  11.9  10.2  13.9  14.3  14.4  16.6  16.4  16.9  14.7  12.3  10.4 
1953  13.2  11.4  11.2  11.5  13.5  14.3  17.4  16.3  17.1  15.8  13.8  11.6 
1954   9.8  13.8  10.9  13.6  14.3  14.8  17.4  16.5  16.1  14.6  14.4  11.1 
1955   8.2   9.3  11.7  10.8  12.5  14.0  14.6  16.2  16.1  15.2  12.6  11.5 
1956  10.4   8.1  11.3  11.4  14.3  14.8  15.9  15.4  17.3  14.4  14.3  11.8 
1957   8.1  12.5  11.9  12.1  14.4  16.5  17.5  16.5  17.8  15.9  12.3  12.4 
1958  11.3  12.6  10.7  13.7  14.8  15.8  16.7  18.9  19.2  17.0  13.6  13.6 
1959  12.3  10.3  13.8  14.8  13.4  15.2  17.9  17.9  16.9  17.4  14.8  12.0 
1960   9.6  10.7  12.7  13.4  13.6  16.2  17.0  15.9  16.6  14.9  11.9  10.4 
1961  12.3  12.1  11.3  12.9  12.5  15.7  17.5  18.0  16.7  15.7  11.8  10.7 
1962  10.2  10.2   9.9  13.6  12.3  14.4  15.8  17.1  15.8  15.4  13.2  11.7 
1963   9.6  14.6  10.6  11.4  13.8  14.8  15.8  17.1  18.6  16.9  13.1  10.4 
1964   9.3   9.8   9.8  11.3  11.9  14.4  16.0  16.8  15.8  16.1  10.9  11.1 
1965  11.2  10.3  11.5  12.9  13.2  14.6  16.4  18.2  16.8  17.9  13.5   9.3 
1966   8.9   8.9  12.1  14.1  14.6  16.1  16.2  17.6  17.4  16.3  13.5   9.9 
1967  10.6  11.1  10.5   9.1  14.0  14.9  17.7  17.9  18.3  16.9  14.6   9.7 
1968  10.5  13.8  12.4  13.2  14.4  16.4  17.9  18.2  17.7  16.3  14.2   9.9 
1969  11.8  10.6  10.7  12.1  14.6  15.9  17.2  16.9  17.1  15.7  14.7  11.2 
1970  12.2  12.7  12.4  11.7  15.2  15.1  16.8  15.7  16.3  14.3  13.1   9.5 
1971   9.9   9.8  10.6  10.3  12.3  14.8  16.4  18.4  17.4  13.2  10.4   7.6 
1972   9.1  11.7  13.2  13.1  13.7  16.2  17.6  17.7  16.9  15.8  11.5   8.9 
1973   8.5  11.7   9.4  12.3  15.3  17.8  16.6  16.7  16.8  16.1  11.3  10.7 
1974   9.8  10.3  11.6  12.2  12.7  15.7  17.5  17.7  16.9  15.4  12.9   9.9 
1975  10.1  10.2  10.2   9.9  13.2  15.7  16.4  17.2  16.8  14.5  12.1  10.4 
1976  11.4  11.4  11.3  10.9  14.0  17.1  17.7  18.2  18.5  16.8  14.9  11.0 
1977  10.6  12.6   9.6  12.7  12.9  15.9  17.2  18.4  17.7  15.7  15.5  13.9 
1978  12.4  12.2  14.3  12.2  15.2  15.2  16.2  17.8  18.3  15.8  11.2   8.5 
1979   9.2   9.4  11.6  12.2  15.0  16.1  17.3  17.7  18.7  16.7  12.7  12.3 
1980  12.7  13.3  11.4  13.6  13.1  15.0  17.3  17.4  17.0  15.7  12.9  13.0 
1981  12.4  12.4  11.7  13.1  13.9  18.1  17.7  17.5  17.2  14.7  14.1   9.7 
1982   9.1  12.6  11.1  12.8  14.2  15.4  16.8  17.4  18.3  16.7  12.3  10.8 
1983  11.9  12.3  12.8  12.8  14.9  17.0  18.9  20.4  21.1  19.0  13.5  12.3 
1984  11.8  11.0  13.1  12.4  16.3  16.3  19.7  20.2  22.2  15.8  12.5  10.3 
1985  10.0  11.5  11.0  14.8  14.7  17.8  20.4  17.8  17.7  16.0  11.9  11.9 
1986  13.7  13.0  13.3  13.2  14.0  15.9  17.6  17.7  16.0  16.0  14.2  10.7 
1987   8.9  11.3  11.3  14.1  15.4  15.8  16.1  17.0  16.9  17.8  12.9   9.3 
1988  10.8  13.1  13.7  13.8  13.9  15.8  18.6  18.1  16.9  16.2  12.9  10.3 
1989   9.6   9.6  13.0  15.4  14.2  16.3  16.9  17.0  16.4  16.7  15.1  12.5 
1990  10.7  10.0  12.0  14.9  13.1  15.9  18.0  18.7  17.7  16.8  13.6   9.4 
1991  11.3  13.1  10.2  12.6  12.2  14.6  17.6  17.5  17.5  16.1  14.1  11.4 
1992  11.4  14.1  13.4  15.7  16.3  16.4  18.2  18.2  17.8  17.2  14.1  10.2 
1993  11.4  11.7  14.2  14.4  15.9  17.2  17.7  18.3  17.2  17.0  14.1  11.0 
1994  11.7  11.1  13.6  13.2  14.4  15.6  16.4  17.5  17.1  15.7  10.1  10.1 
1995  11.0  13.9  12.9  12.7  13.9  15.3  17.8  17.2  17.0  17.1  15.2  11.9 
1996  11.4  13.8  13.0  15.7  15.7  16.1  17.1  17.1  16.4  15.5  13.6  11.8 
1997  11.2  10.7  13.1  13.3  17.1  16.6  17.6  19.4  20.3  16.9  14.8  10.1 
1998  11.1  12.3  14.8  13.4  13.9  16.0  17.7  18.7  17.7  14.8  11.9   8.8 
1999  10.5  10.2   9.7  10.5  12.8  14.3  16.7  16.4  16.1  16.5  13.3  11.7 
2000  11.6  11.8  12.1  13.9  14.9  16.9  16.3  17.1  17.9  15.1  10.9  12.1 
2001   9.5  10.3  12.9  11.5  16.3  16.9  17.5  16.8  17.2  15.9  13.6  10.1 
2002   9.0  12.0  11.2  13.2  13.4  15.4  17.3  16.6  17.0  14.2  14.8  11.2 
2003  13.6  11.4  12.7  12.3  14.8  16.2  17.5  18.1  17.3  16.9  12.2  10.7 
2004   9.8  10.2  14.5  13.9  15.0  15.8  17.6  18.1  18.2  14.9  11.7  10.8 
2005  11.5  12.4  13.2  12.7  15.6  15.7  17.3  17.6  16.3  15.7  14.9  12.2 
2006  10.9  11.8   9.8  13.6  15.5  17.6  19.6  18.4  17.3  16.7  16.0  12.2 
2007  10.6  13.0  15.2  15.0  15.0  16.0  17.8  18.2  18.0  16.5  14.2  10.5 
2008  10.8  11.6  11.9  12.1  14.1  16.7  17.5  17.8  17.4  17.2  15.8   9.5 
2009  12.3  11.0  11.6  12.7  15.2  16.4  16.7  17.7  17.7  16.5  13.6  10.4 
2010  11.6  11.5  12.0  12.4  13.7  14.5  15.6  16.1  17.2  16.0  12.2  11.6 
2011  11.8   9.9  12.4  13.3  13.9 -99.0 -99.0 -99.0 -99.0 -99.0 -99.0 -99.0 
