Number= 723910
Name= POINT-MUGU/NF-------
Country= USA---------
Lat=   34.1
Long=  119.1
Height= 3
Start year= 1946
End year= 2007
First Good year= 1946
Source ID= 30
Source file= Jones+Anders
Jones data to= 1991
Normals source= Data
Normals source start year= 1961
Normals source end year= 1990
Normals=  12.8  12.9  12.8  13.7  15.0  16.6  18.1  19.2  19.0  17.4  14.8  12.6 
Standard deviations source= Data
Standard deviations source start year= 1946
Standard deviations source end year= 1990
Standard deviations=   1.7   1.5   1.3   1.3   1.0   1.1   1.2   1.2   1.5   1.4   1.4   1.4 
Obs:
1946 -99.0 -99.0 -99.0 -99.0 -99.0 -99.0  17.5  17.4  17.0  14.1  12.3 -99.0 
1947  10.0  11.9  13.2  13.8  14.5  16.4  16.0  16.9  17.1  15.6  12.1  12.1 
1948  11.6 -99.0  10.4  13.1 -99.0  15.5  16.2  16.7  16.5  14.7  14.3  10.3 
1949   7.9   9.3  10.6  13.3  14.6  15.8  16.1 -99.0  16.9  14.5  15.7  11.1 
1950   8.9  10.8  11.4  13.0  13.0  14.9  17.8 -99.0  16.6  15.8  15.6  13.9 
1951  11.1  11.0  12.4  13.2  13.3  15.3  17.5  17.3  17.6  16.6 -99.0 -99.0 
1952  10.7  12.8  10.8  12.9  13.8  14.6  16.2  17.2  16.7  15.5  13.2  12.3 
1953  14.7  12.5  11.4  11.8  14.3  15.0  18.3  17.0  16.5  16.0  14.8  13.2 
1954  11.3  15.5  11.5  13.2  14.2  15.7  19.0  18.5  16.5  14.1  15.3  13.6 
1955  10.5  11.0  12.9  12.1  13.9  15.3  16.2  18.0  17.3  14.6  12.9  12.0 
1956  10.7   9.6  11.9  12.6  15.2  15.9  17.1  17.5  17.6  15.0  16.8  14.4 
1957  10.1  12.7  12.4  12.6  14.6  17.8  18.6  18.4  17.3  16.4  13.5  14.8 
1958  13.8  13.8  12.0  15.0  15.7  16.3  17.7  20.2  20.1  18.6  14.7  14.9 
1959  13.2  11.6  14.4  14.8  14.8  17.0  19.8  19.3  18.8  17.1  16.8  14.6 
1960  10.5  11.6  13.3  14.0  14.9  16.3  17.9  17.1  18.0  15.1  13.5  12.5 
1961  15.0  13.5  12.1  13.1  13.3  15.4  18.2  18.5  17.1  16.4  13.9  12.0 
1962  12.7  11.1  10.6  13.7  13.8  14.9  16.5  17.5  17.2  15.7  13.2  12.2 
1963  11.1  14.6  11.8  12.6  15.7  17.1  17.4  19.2  21.7  18.7  15.7  13.9 
1964  11.9  12.8  11.7  13.7  13.9  15.7  16.7  18.5  17.4  18.5  14.4  13.4 
1965  15.0  11.9  12.0  14.1  14.6  16.2  17.2  19.6  19.0  17.8  14.3  12.5 
1966  11.2  11.1  12.9  15.3  15.9  17.5  16.9  19.6  18.4  17.2  14.9  13.3 
1967  12.7  13.0  12.1  10.6  15.8  16.3  18.7  20.3  20.3  18.4  16.1  11.8 
1968  11.8  15.3  11.9  12.7  13.6  14.7  16.9  17.6  17.7  15.8  13.8  10.1 
1969  12.4  11.3  12.2  14.0  15.4  17.2  18.9  20.1  18.6  17.3  17.3  13.0 
1970  11.8  13.0  14.2  13.2  15.5  16.0  16.9  16.6  17.6  17.2  14.4  11.3 
1971  11.2  11.4  11.6  12.1  13.4  15.2  17.5  20.1  18.2  15.1  12.4   9.7 
1972  11.1  12.2  12.8  12.7  14.8  17.2  18.9  20.2  19.8  17.6  14.3  12.2 
1973  12.4  14.5  11.5  14.3  15.5  17.5  17.9  19.0  18.5  17.0  13.0  13.3 
1974  12.6  12.8  13.6  14.4  15.3  16.3  18.6  19.2  18.1  16.1  13.0   9.8 
1975  11.9  10.5  11.1  10.3  14.3  16.0  17.6  19.6  19.4  16.1  14.9  12.1 
1976  14.0  13.0  12.3  13.3  15.7  18.2  19.2  19.1  20.3  19.2  16.7  13.8 
1977  13.6  13.5  11.4  13.7  14.3  16.6  17.8  19.6  18.7  17.0  16.4  14.4 
1978  13.8  13.8  15.7  13.9  16.4 -99.0  17.2  19.0  20.2  18.2  13.2  10.7 
1979  10.8  10.3  12.7  13.4  15.4  17.5  17.3  18.5  19.7  16.2  13.2  12.7 
1980  13.4  13.8  12.0  12.9  12.7  14.0  16.1  18.5  17.9  17.2  15.3  15.0 
1981  12.9  14.6  13.6  14.7  15.2  18.5  18.3  18.3  18.2  15.6  14.2  12.3 
1982  10.6  12.9  11.8  12.8  13.8  14.4  16.9  18.4  18.9  17.3  14.5  11.4 
1983  13.5  12.8  13.4  13.0  15.0  16.7  18.2  20.9  20.7 -99.0  15.2  12.5 
1984  14.1  12.3  13.9  13.9  16.2  17.3  19.6  21.4  23.3  17.7  13.7  11.5 
1985  12.1  13.2 -99.0  15.3  15.1  18.0  20.6  19.6  19.0  17.9  13.9  14.8 
1986  16.3  14.1  14.5  15.2  15.3  17.1  18.9  18.8  17.6  17.8  17.1  14.7 
1987  12.6  14.2  13.9  16.4  17.3 -99.0  17.9  19.1  20.1  20.1  16.2  11.8 
1988  13.7  15.1  16.1  15.6  16.0  16.9  20.4  19.7  18.6  18.5  15.4  13.1 
1989  13.3  11.6  14.3 -99.0  15.9  17.9  19.8  19.2  18.7  17.8  17.3  15.0 
1990  13.5  12.2  13.6  15.9  15.4  17.7  19.8  19.9  19.4  18.5  15.5  12.7 
1991  12.5  13.7  12.2  13.9  14.0  16.0  18.4  18.8  18.7  17.8  15.4  13.5 
1992 -99.0 -99.0 -99.0 -99.0 -99.0 -99.0 -99.0 -99.0 -99.0 -99.0 -99.0 -99.0 
1993 -99.0 -99.0 -99.0 -99.0 -99.0 -99.0 -99.0 -99.0 -99.0 -99.0 -99.0 -99.0 
1994 -99.0 -99.0 -99.0 -99.0 -99.0 -99.0 -99.0 -99.0 -99.0 -99.0 -99.0 -99.0 
1995 -99.0 -99.0 -99.0 -99.0 -99.0 -99.0 -99.0 -99.0 -99.0 -99.0 -99.0 -99.0 
1996 -99.0 -99.0 -99.0 -99.0 -99.0 -99.0 -99.0 -99.0 -99.0 -99.0 -99.0 -99.0 
1997 -99.0 -99.0 -99.0 -99.0 -99.0 -99.0 -99.0 -99.0 -99.0 -99.0 -99.0 -99.0 
1998 -99.0 -99.0 -99.0 -99.0 -99.0 -99.0 -99.0 -99.0 -99.0 -99.0 -99.0 -99.0 
1999 -99.0 -99.0 -99.0 -99.0 -99.0 -99.0 -99.0 -99.0 -99.0 -99.0 -99.0 -99.0 
2000 -99.0 -99.0 -99.0 -99.0 -99.0 -99.0 -99.0 -99.0 -99.0 -99.0 -99.0 -99.0 
2001 -99.0 -99.0 -99.0 -99.0 -99.0 -99.0 -99.0 -99.0 -99.0 -99.0 -99.0 -99.0 
2002 -99.0 -99.0 -99.0 -99.0 -99.0 -99.0 -99.0 -99.0 -99.0 -99.0 -99.0 -99.0 
2003 -99.0 -99.0 -99.0 -99.0 -99.0 -99.0 -99.0 -99.0 -99.0 -99.0 -99.0 -99.0 
2004 -99.0 -99.0 -99.0 -99.0 -99.0 -99.0 -99.0 -99.0 -99.0 -99.0 -99.0 -99.0 
2005 -99.0 -99.0 -99.0 -99.0 -99.0 -99.0 -99.0 -99.0 -99.0 -99.0 -99.0 -99.0 
2006 -99.0 -99.0 -99.0 -99.0 -99.0 -99.0 -99.0 -99.0 -99.0 -99.0 -99.0 -99.0 
2007 -99.0 -99.0 -99.0 -99.0 -99.0 -99.0 -99.0 -99.0 -99.0 -99.0 -99.0 -99.0 
