Number= 724057
Name= WOODSTOCK, MARYLAND
Country= UNITED STATES
Lat=   39.3
Long=   76.9
Height= 140
Start year= 1900
End year= 2010
First Good year= 1900
Source ID= 10
Source file= Jones
Jones data to= 1990
Normals source= Data
Normals source start year= 1961
Normals source end year= 1990
Normals=  -0.8   0.7   6.0  11.2  16.9  21.5  24.0  23.2  19.3  12.9   7.4   1.9 
Standard deviations source= Data
Standard deviations source start year= 1941
Standard deviations source end year= 1990
Standard deviations=   2.6   2.2   2.0   1.4   1.3   1.1   1.0   1.0   1.2   1.6   1.5   2.3 
Obs:
1900  -0.6  -0.6   1.9  10.9  17.3  22.6  25.7  25.2  21.4  15.6   8.4   0.5 
1901  -0.6  -3.0   6.3   9.0  16.3  22.3  26.8  24.2  19.0  13.1   3.9   0.6 
1902  -1.2  -2.4   7.3  10.8  17.9  21.9  24.7  22.0  18.3  14.1  10.7   0.6 
1903  -0.1   1.7   9.9  10.7  17.0  19.3  23.7  22.1  18.6  13.4   5.0  -0.4 
1904  -3.4  -2.8   4.7   9.1  17.5  21.3  23.3  21.9  18.6  11.7   5.5  -1.2 
1905  -1.9  -3.8   6.4  10.7  18.1  21.8  23.9  22.4  18.5  11.6   5.8   1.8 
1906   3.3   0.3   2.3  11.8  17.6  23.1  23.8  24.9  21.5  13.2   7.3   2.3 
1907   1.8  -2.7   7.3   8.5  14.6  18.5  23.7  22.4  19.8  10.5   6.6   3.4 
1908   0.8  -1.2   7.9  12.2  16.7  21.7  24.9  22.8  18.5  14.6   6.3   2.1 
1909   1.1   5.5   4.6  11.2  17.0  21.9  22.7  22.3  17.9  10.4   8.6  -0.5 
1910  -0.1   0.4  10.1  14.0  15.7  20.2  24.5  23.0  21.0  15.1   4.6  -1.7 
1911   2.8   1.6   4.6   9.1  20.0  22.2  25.5  23.4  21.6  13.7   6.4   4.5 
1912  -4.4  -1.6   3.7  11.9  18.4  21.7  24.8  22.6  20.8  14.4   7.6   3.6 
1913   6.1   1.6   9.1  12.9  17.7  23.4  25.3  23.2  19.0  14.4   8.4   3.7 
1914   2.4  -3.2   3.1  10.2  17.7  22.4  23.7  23.7  17.5  14.9   6.3  -0.5 
1915   0.3   2.2   2.2  13.5  15.5  20.1  23.4  22.6  20.1  14.1   6.6  -0.3 
1916   3.0  -0.3   1.7  10.3  17.6  19.6  24.6  23.4  17.9  12.6   6.3  -0.2 
1917  -0.1  -0.5   4.9  11.0  13.7  21.3  24.0  23.2  16.5   9.7   4.6  -3.8 
1918  -6.4   0.3   7.2  10.0  19.5  20.9  22.7  24.5  16.9  14.9   6.0   3.7 
1919   1.8   0.7   7.1  10.3  16.4  22.3  24.4  22.1  19.4  16.9   6.6  -1.8 
1920  -3.5  -1.2   5.1   9.5  13.9  20.8  22.9  22.9  18.3  14.2   5.7   1.9 
1921   0.9   2.0  11.5  14.0  15.7  22.2  25.1  20.8  21.7  12.4   7.8   1.1 
1922  -2.0   2.3   6.3  11.0  17.8  22.7  24.1  22.0  20.0  14.1   6.8   1.1 
1923   0.7  -1.9   5.9  10.1  14.9  23.3  23.0  22.5  19.3  11.8   5.8   5.3 
1924   0.0  -0.6   4.5   8.9  14.5  20.2  22.7  22.7  16.7  12.2   6.1   0.9 
1925  -2.1   3.2   6.5  12.1  13.6  23.8  23.5  21.6  20.8   9.9   5.2   1.4 
1926  -0.9   0.3   2.7   9.5  16.2  19.1  23.7  23.7  19.1  12.4   5.1  -0.5 
1927  -0.3   3.5   6.2   9.3  15.6  19.1  23.3  19.8  18.7  13.6   9.2   2.1 
1928   1.1   1.2   5.1   9.3  15.3  19.7  23.9  23.5  17.1  13.8   7.7   2.0 
1929  -0.2  -0.7   8.8  13.1  16.6  21.3  23.1  21.8  19.8  11.7   8.0   1.9 
1930   0.4   3.6   6.1  10.3  18.2  22.1  25.1  24.1  22.7  11.8   6.4   0.6 
1931   0.7   2.2   4.3  11.1  17.2  21.8  25.6  23.3  22.7  14.6  10.9   5.4 
1932   6.9   4.3   3.7  10.2  16.7  21.1  23.7  23.7  19.6  13.6   5.9   2.7 
1933   4.7   2.4   4.9  12.0  18.8  22.7  23.6  23.8  21.2  12.2   5.8   2.1 
1934   2.9  -6.0   3.2  10.7  17.4  23.1  25.4  21.7  19.7  11.6   8.1   0.9 
1935  -1.1  -0.1   8.2   9.6  14.6  20.9  24.6  23.1  17.3  12.3   8.7  -1.7 
1936  -2.7  -3.7   7.9   9.7  18.1  21.2  23.8  23.9  20.1  13.8   5.4   2.4 
1937   4.9   1.0   3.7  10.4  16.8  22.3  23.7  23.8  16.2  11.5   6.3   1.0 
1938   0.4   3.3   7.8  12.2  16.2  21.2  24.1  24.4  18.4  12.7   7.7   1.2 
1939   0.9   3.3   6.3  10.2  17.9  22.4  22.8  24.2  19.4  12.7   5.4   2.5 
1940  -6.4   0.6   3.0   8.4  16.4  21.4  23.4  21.7  17.1  10.8   6.8   3.6 
1941  -1.0  -0.9   2.4  13.4  17.1  21.1  23.8  22.1  20.3  15.8   7.4   3.3 
1942  -0.3  -0.3   7.3  13.2  18.8  22.1  23.7  22.6  19.5  13.4   7.7  -0.7 
1943   0.3   2.0   5.7   9.2  18.2  24.8  23.9  24.6  18.1  12.2   5.8   0.6 
1944   0.7   1.4   4.2  10.1  19.8  22.3  24.2  23.2  19.6  11.4   6.2  -0.7 
1945  -2.4   1.4  11.2  13.2  15.6  21.4  23.3  22.0  21.0  12.1   7.5  -1.4 
1946   1.0   1.7   9.8  11.4  16.9  20.7  22.9  20.8  19.0  14.0   8.8   3.2 
1947   3.7  -1.6   2.7  12.6  16.9  20.7  22.9  24.5  19.3  15.5   5.7   0.0 
1948  -3.0   0.6   7.6  12.1  17.1  21.6  23.6  22.6  18.6  11.6   9.3   2.0 
1949   4.9   4.7   6.9  11.4  17.2  22.3  25.9  23.7  17.4  15.5   6.3   2.8 
1950   6.9   1.8   4.1   9.8  17.1  20.9  22.5  22.1  17.6  13.3   6.7  -0.6 
1951   1.6   2.1   5.8  11.3  16.9  21.4  24.2  23.2  19.7  14.5   4.8   2.7 
1952   3.4   3.2   4.9  12.2  16.3  22.8  24.8  22.1  18.8  12.1   7.2   2.0 
1953   3.3   3.9   7.0  11.5  19.7  21.9  24.2  22.6  18.7  13.2   6.4   3.1 
1954   0.6   4.5   5.6  13.7  15.4  21.7  23.4  22.1  20.1  14.3   5.4   1.2 
1955  -0.1   0.7   6.7  13.2  18.2  19.4  26.2  24.4  19.0  13.6   5.3  -1.0 
1956  -0.5   2.7   4.4  10.5  16.3  21.4  23.3  22.4  17.8  13.5   7.0   5.9 
1957  -1.3   3.6   5.5  13.1  17.7  22.9  23.3  22.2  20.1  11.1   7.7   3.1 
1958  -0.5  -2.1   3.3  11.9  16.4  19.8  24.4  22.3  18.2  12.7   7.9  -1.8 
1959  -0.7   1.4   5.3  13.0  18.7  21.7  24.2  24.4  20.5  14.8   6.6   3.4 
1960   1.7   1.7  -0.2  13.9  15.8  21.1  22.2  24.2  19.5  12.4   7.3  -2.6 
1961  -3.7   1.7   6.8   9.0  15.5  21.7  24.2  23.3  22.3  13.7   8.7   0.5 
1962  -0.1   0.2   4.7  11.8  18.8  21.7  22.3  22.6  17.4  13.5   5.4  -1.3 
1963  -2.1  -2.4   7.1  11.7  16.2  21.3  23.8  22.2  17.4  14.6   8.6  -2.4 
1964   0.4   0.1   6.3  10.6  17.1  21.9  24.1  22.1  18.9  10.7   8.4   2.9 
1965  -1.3   1.2   3.9   9.8  19.2  20.2  23.2  22.2  20.0  11.1   7.3   3.1 
1966  -1.8   0.5   6.3   9.4  16.2  20.7  24.7  23.7  17.3  11.3   7.2   1.2 
1967   2.6  -1.0   5.1  12.2  13.6  21.6  23.2  21.9  17.3  11.9   4.4   3.7 
1968  -2.7  -0.8   7.4  11.2  14.6  20.5  24.0  23.9  19.0  13.2   7.9   1.1 
1969  -0.8   0.3   4.0  12.9  17.2  21.8  23.2  22.3  18.8  11.8   5.8   0.1 
1970  -3.8   0.3   3.0  10.3  18.0  21.2  23.7  23.2  20.9  13.9   7.3   1.8 
1971  -2.7   1.4   4.2   9.6  15.2  21.8  23.1  22.2  20.3  15.7   6.4   4.8 
1972   1.4  -0.4   5.0   9.7  16.3  19.3  23.4  22.0  19.4  10.9   4.8   3.9 
1973   1.1   0.1   8.1  10.8  15.0  22.5  23.9  24.0  19.9  13.9   8.0   2.4 
1974   2.8   0.4   6.9  12.3  16.0  19.8  23.3  23.0  18.5  10.9   6.8   2.8 
1975   2.0   1.5   4.7   7.9  18.2  21.5  23.4  23.9  17.4  14.5   9.2   1.6 
1976  -2.1   5.0   7.9  12.4  15.6  22.3  22.1  21.9  18.0  10.4   3.6  -1.0 
1977  -6.6   1.0   8.7  12.5  18.1  20.2  24.4  23.5  20.4  11.5   7.9   0.5 
1978  -3.3  -4.8   3.7  10.7  15.8  21.2  22.7  24.4  19.6  11.9   7.6   2.8 
1979  -1.3  -5.2   7.3  10.2  17.0  19.8  22.8  22.9  19.1  12.0   9.2   3.4 
1980  -0.5  -1.4   4.3  11.7  17.6  19.9  25.1  24.7  21.4  12.1   5.5   1.1 
1981  -2.4   3.6   5.3  13.9  16.5  22.8  24.1  22.3  18.9  11.8   7.8   0.6 
1982  -3.7   1.7   5.7  10.7  18.6  20.6  24.2  21.9  19.1  13.6   9.2   5.6 
1983   1.1   1.6   7.6  10.7  16.5  22.2  25.1  24.9  20.2  13.6   8.1  -0.1 
1984  -2.2   4.2   3.2  10.8  16.7  23.0  23.5  23.8  18.1  16.7   6.6   6.8 
1985  -2.0   2.3   7.6  14.3  18.5  21.0  23.9  23.1  20.3  14.8  11.1   0.6 
1986   0.6   0.4   6.9  11.9  19.1  23.0  25.9  22.7  20.3  14.5   6.6   2.9 
1987  -0.1   0.7   7.6  11.4  18.3  23.4  25.9  24.2  20.3  10.9   9.0   4.0 
1988  -2.0   1.7   6.8  11.1  17.6  22.2  26.2  25.2  18.8  10.4   8.1   2.3 
1989   2.9   2.1   6.3  11.2  16.7  23.2  24.3  23.4  19.9  14.3   7.3  -4.2 
1990   5.3   5.8   8.9  12.8  16.9  22.2  25.0  23.4  19.1  15.6   9.6   5.1 
1991 -99.0 -99.0 -99.0 -99.0 -99.0 -99.0 -99.0 -99.0 -99.0 -99.0 -99.0 -99.0 
1992 -99.0 -99.0 -99.0 -99.0 -99.0 -99.0 -99.0 -99.0 -99.0 -99.0 -99.0 -99.0 
1993 -99.0 -99.0 -99.0 -99.0 -99.0 -99.0 -99.0 -99.0 -99.0 -99.0 -99.0 -99.0 
1994 -99.0 -99.0 -99.0 -99.0 -99.0 -99.0 -99.0 -99.0 -99.0 -99.0 -99.0 -99.0 
1995 -99.0 -99.0 -99.0 -99.0 -99.0 -99.0 -99.0 -99.0 -99.0 -99.0 -99.0 -99.0 
1996 -99.0 -99.0 -99.0 -99.0 -99.0 -99.0 -99.0 -99.0 -99.0 -99.0 -99.0 -99.0 
1997 -99.0 -99.0 -99.0 -99.0 -99.0 -99.0 -99.0 -99.0 -99.0 -99.0 -99.0 -99.0 
1998 -99.0 -99.0 -99.0 -99.0 -99.0 -99.0 -99.0 -99.0 -99.0 -99.0 -99.0 -99.0 
1999 -99.0 -99.0 -99.0 -99.0 -99.0 -99.0 -99.0 -99.0 -99.0 -99.0 -99.0 -99.0 
2000 -99.0 -99.0 -99.0 -99.0 -99.0 -99.0 -99.0 -99.0 -99.0 -99.0 -99.0 -99.0 
2001 -99.0 -99.0 -99.0 -99.0 -99.0 -99.0 -99.0 -99.0 -99.0 -99.0 -99.0 -99.0 
2002 -99.0 -99.0 -99.0 -99.0 -99.0 -99.0 -99.0 -99.0 -99.0 -99.0 -99.0 -99.0 
2003 -99.0 -99.0 -99.0 -99.0 -99.0 -99.0 -99.0 -99.0 -99.0 -99.0 -99.0 -99.0 
2004 -99.0 -99.0 -99.0 -99.0 -99.0 -99.0 -99.0 -99.0 -99.0 -99.0 -99.0 -99.0 
2005 -99.0 -99.0 -99.0 -99.0 -99.0 -99.0 -99.0 -99.0 -99.0 -99.0 -99.0 -99.0 
2006 -99.0 -99.0 -99.0 -99.0 -99.0 -99.0 -99.0 -99.0 -99.0 -99.0 -99.0 -99.0 
2007 -99.0 -99.0 -99.0 -99.0 -99.0 -99.0 -99.0 -99.0 -99.0 -99.0 -99.0 -99.0 
2008 -99.0 -99.0 -99.0 -99.0 -99.0 -99.0 -99.0 -99.0 -99.0 -99.0 -99.0 -99.0 
2009 -99.0 -99.0 -99.0 -99.0 -99.0 -99.0 -99.0 -99.0 -99.0 -99.0 -99.0 -99.0 
2010 -99.0 -99.0 -99.0 -99.0 -99.0  27.0  28.4  26.7  24.2  16.4  10.2   0.8 
