Number= 724730
Name= MODENA--------------
Country= USA---------
Lat=   37.8
Long=  113.9
Height= 1664
Start year= 1917
End year= 2007
First Good year= 1917
Source ID= 10
Source file= Jones+Anders
Jones data to= 1996
Normals source= Data
Normals source start year= 1961
Normals source end year= 1990
Normals=  -2.4   0.8   3.9   8.0  13.1  18.3  22.2  21.1  16.4  10.1   3.4  -1.8 
Standard deviations source= Data
Standard deviations source start year= 1941
Standard deviations source end year= 1990
Standard deviations=   2.8   2.5   1.8   1.8   1.4   1.5   1.0   1.0   1.8   1.7   1.7   2.3 
Obs:
1917 -10.2  -3.2  -0.6   5.9   8.9  17.1  23.6  20.8  15.7  10.6   3.9   2.3 
1918  -2.1  -0.1   4.7   7.0  10.6  21.3  20.4  19.2  16.0  10.6   1.1  -3.0 
1919  -3.6  -1.4   2.7   9.4  14.9  17.9  23.0  21.8  16.2   5.7   1.6  -3.3 
1920  -1.8  -0.1   1.8   6.2  12.4  16.7  21.0  20.6  15.0   6.8   2.3  -2.4 
1921  -1.8   1.4   5.6   6.1  11.1  18.2  22.2  20.2  15.7  12.2   5.4   1.3 
1922  -8.6  -1.7   2.4   4.6  11.8  18.7  22.2  20.9  18.4   9.7   1.2   0.7 
1923   0.8  -5.6   1.6   6.9  12.9  15.1  22.2  19.6  14.6   7.1   4.0  -2.8 
1924  -4.2   2.9  -0.8   7.7  14.1  18.8  21.3  20.4  15.9   7.5   2.6  -6.6 
1925  -4.2   3.1   4.0   8.2  14.6  16.3  22.2  18.9  13.9   8.3   2.4  -0.6 
1926  -2.6   2.2   4.8   9.7  13.4  19.9  21.1  20.9  15.2  10.9   5.0  -3.1 
1927  -0.9   1.8   3.8   7.7  12.0  18.3  22.2  19.8  15.3  10.5   5.1  -5.7 
1928  -2.4   1.4   5.8   7.3  14.1  17.4  21.6  20.8  16.8   9.7   2.7  -5.2 
1929  -4.6  -4.6   3.8   5.9  12.9  17.2  22.4  21.5  15.6  10.2   1.9   1.8 
1930  -4.5   1.6   3.8   9.1  13.2  18.3  24.6  22.1  16.0  10.3  -0.7  -7.2 
1931  -4.5   1.6   3.8   9.1  13.2  18.3  24.6  22.1  16.0  10.3  -0.7  -7.2 
1932  -8.8  -2.6   4.1   7.8  12.4  17.1  21.4  20.8  16.7   9.2   5.0  -8.0 
1933  -5.7  -8.4   3.9   6.0   9.4  18.2  23.6  20.9  18.4  12.9   3.7   2.5 
1934   0.1   3.4   8.2  11.2  15.9  16.6  23.1  22.3  16.2  11.1   5.0  -0.6 
1935  -0.7   2.1   2.4   8.2  11.4  19.4  21.0  21.7  17.4   9.0   1.6  -1.8 
1936  -1.2   1.1   4.7  10.0  14.0  19.7  22.1  21.2  15.3   9.3   2.6  -1.2 
1937 -13.6  -1.3   3.8   7.0  14.6  17.7  22.3  22.3  18.1  10.7   5.0   1.1 
1938  -1.3   0.5   3.2   8.4  11.8  17.9  21.2  20.6  17.2   9.3  -0.4  -0.4 
1939  -3.7  -6.1   4.5  10.1  13.5  17.7  22.3  22.1  16.0   9.3   4.7   2.3 
1940  -0.5   1.6   5.4   8.8  15.1  20.0  22.0  22.4  15.8  10.7   1.7  -0.8 
1941   0.1   3.4   4.1   5.2  13.3  15.9  20.7  18.9  13.3   7.2   3.8  -0.6 
1942  -4.6  -1.9   2.6   7.7  10.7  17.4  22.6  20.8  15.4  10.1   3.6   1.0 
1943  -1.3   1.2   4.7  10.5  12.9  15.6  21.6  20.7  17.4  10.6   3.3  -1.0 
1944  -5.0  -1.9   1.9   6.1  11.9  14.7  20.6  20.7  17.0  10.7   2.0  -1.4 
1945  -1.3   1.4   1.7   6.3  12.3  15.4  22.0  20.4  15.8  10.9   3.2  -2.6 
1946  -2.1  -0.6   4.2  10.0  12.3  18.6  22.1  21.7  16.1   6.8   1.8   1.0 
1947  -4.2   3.6   5.3   7.9  14.6  16.3  21.0  20.6  17.9  10.3  -1.1  -4.4 
1948  -1.4  -2.3  -0.2   7.4  11.9  16.3  21.1  20.1  17.3   9.2   0.8  -5.2 
1949 -12.7  -8.4   1.3  10.1  12.2  16.8  21.4  19.6  17.2   8.3   6.0  -4.5 
1950  -5.0   1.1   3.7   9.8  12.6  17.3  22.2  21.3  16.4  12.7   6.4   1.1 
1951  -1.9   1.2   3.1   9.3  13.2  18.3  23.1  20.6  17.6   9.3   2.5  -3.1 
1952  -4.1  -1.5   0.8   9.9  14.6  17.8  23.2  22.6  18.0  13.6   1.2  -0.3 
1953   3.5   1.3   4.0   7.5   9.8  17.4  23.6  20.4  18.2   9.9   5.7  -2.4 
1954  -0.2   3.1   2.6  10.7  15.6  17.8  23.2  20.4  17.2  11.1   4.9  -1.8 
1955  -5.7  -4.0   3.3   6.7  12.6  17.6  21.6  21.8  17.2  11.6   3.8   2.3 
1956   2.7  -2.2   4.9   8.5  13.7  19.8  22.4  20.4  18.2   9.8   1.1  -0.8 
1957  -3.1   3.3   5.4   7.9  10.7  19.7  21.8  21.2  16.9   9.6  -0.4   1.5 
1958  -0.3   3.9   2.1   6.9  15.0  18.0  21.1  23.6  17.8  12.2   4.2   3.3 
1959   0.6  -0.4   4.5   9.9  11.7  20.2  24.6  21.7  15.6  11.4   4.2  -0.6 
1960  -5.0  -0.1   6.0   8.7  13.0  20.4  23.4  21.6  18.8  10.1   4.6  -0.9 
1961  -1.5   2.5   4.1   8.4  12.3  20.2  23.4  21.5  13.6   8.6   1.7  -1.7 
1962  -5.0   0.6   1.1  10.4  10.8  17.1  20.1  21.6  17.9  11.0   5.6  -0.7 
1963  -3.9   4.9   2.7   5.3  14.4  16.5  21.9  21.7  18.2  13.4   4.1  -1.4 
1964  -3.2  -2.3   1.3   7.3  11.6  17.3  22.9  21.3  15.8  12.7   0.9   0.2 
1965   0.0   0.6   2.6   7.2  10.9  15.6  21.2  20.9  13.4  12.3   5.8  -1.2 
1966  -2.2  -1.7   4.8   9.3  15.1  18.6  22.2  22.9  17.8  10.4   5.4  -1.8 
1967  -0.4   1.8   5.6   4.3  12.2  16.6  23.3  22.6  17.3  11.7   5.8  -4.7 
1968  -3.1   4.3   5.5   6.9  12.8  19.3  22.7  19.5  16.6  10.9   3.9  -2.7 
1969   1.5  -0.4   2.3   8.7  15.3  17.0  22.4  23.5  17.8   7.6   2.3   0.2 
1970  -0.6   3.1   3.2   5.2  13.4  19.1  22.6  22.0  14.3   8.1   4.9  -1.9 
1971  -1.0   0.7   3.9   7.7  15.1  17.4  22.6  21.5  14.1   7.0   1.4  -3.6 
1972  -1.9   3.0   7.8   8.6  13.6  19.5  23.0  20.1  15.3   9.2   1.0  -4.9 
1973  -6.1   0.8   2.1   7.0  14.4  18.2  22.1  20.7  15.5  10.3   3.7  -0.1 
1974  -3.9   0.1   6.2   6.9  15.2  20.1  22.3  21.1  18.3  11.2   4.4  -2.2 
1975  -1.8   0.7   3.1   4.4  11.5  17.4  21.8  19.8  17.3  10.0   2.8  -1.9 
1976  -1.2   2.1   1.7   6.9  14.1  17.2  22.7  19.4  17.1  10.4   3.8  -1.1 
1977  -3.6   0.4   1.5   9.9  10.7  20.1  22.0  22.1  15.8  11.9   3.4   3.4 
1978  -0.3   2.6   7.0   7.7  11.9  18.0  21.6  20.4 -99.0 -99.0 -99.0  -5.1 
1979  -5.2  -0.5   4.4   8.3  13.7 -99.0  22.6  19.9  23.2  10.0 -99.0   0.3 
1980  -0.5   2.6   3.1   9.9  11.4  16.3  22.6  20.6 -99.0   9.1   4.7   2.3 
1981  -0.6   0.5   3.9  10.1  12.9  20.7  23.6  21.8 -99.0 -99.0 -99.0   1.5 
1982  -4.0  -0.3 -99.0 -99.0 -99.0  16.9  20.4  21.6  15.7   7.9   2.0 -99.0 
1983   0.2   3.5 -99.0 -99.0  11.3  17.1  20.2  19.4  17.3  10.1   3.2  -0.1 
1984  -5.1  -0.5   3.1   5.7  15.0  17.1  21.5  20.3  16.4   7.1   2.8  -3.5 
1985  -4.7  -2.7   3.1  10.6  14.0  20.2  23.4  20.9  14.3   9.6   1.6  -2.7 
1986   2.3   2.9   6.8   8.3  13.4  19.9  20.8  22.6  13.1   8.9   3.9  -1.0 
1987  -3.8   0.5   3.1  10.2  13.1  19.8  20.6  21.3  17.1  12.0   3.4  -3.6 
1988  -5.4  -0.3   3.9   8.4  12.5  19.3  23.3  20.5  15.5  13.0   3.1  -4.0 
1989  -6.1  -3.3   6.6  11.0  13.7  17.9  23.4  19.9  15.7   9.1   3.6  -1.6 
1990  -1.4  -2.5   5.7   9.8  12.4  19.1  22.5  20.3  17.6  10.5   2.8  -7.2 
1991  -3.5   2.6   2.0   6.0  10.4  16.4  21.9  20.8  16.9  10.8   2.5  -2.8 
1992  -3.9   2.8   4.7  11.1  14.8  17.7  21.0  21.5  17.1  11.7   0.6  -4.4 
1993  -1.8  -1.6   5.4   8.1  13.5  16.4  20.4  20.3  15.7   9.4   0.8  -1.9 
1994   0.6   0.2   6.6   8.9  14.1  20.9  23.4  23.1  18.7 -99.0  -2.2  -1.7 
1995  -0.8   5.5   5.0   6.8  10.3  16.9  20.4  21.2  16.6  10.5   6.4   0.2 
1996   0.1   3.2   5.7   9.3  14.7  20.0  24.2  22.6  16.2   9.5   4.4 -99.0 
1997 -99.0 -99.0 -99.0 -99.0 -99.0 -99.0 -99.0 -99.0 -99.0 -99.0 -99.0 -99.0 
1998 -99.0 -99.0 -99.0 -99.0 -99.0 -99.0 -99.0 -99.0 -99.0 -99.0 -99.0 -99.0 
1999 -99.0 -99.0 -99.0 -99.0 -99.0 -99.0 -99.0 -99.0 -99.0 -99.0 -99.0 -99.0 
2000 -99.0 -99.0 -99.0 -99.0 -99.0 -99.0 -99.0 -99.0 -99.0 -99.0 -99.0 -99.0 
2001 -99.0 -99.0 -99.0 -99.0 -99.0 -99.0 -99.0 -99.0 -99.0 -99.0 -99.0 -99.0 
2002 -99.0 -99.0 -99.0 -99.0 -99.0 -99.0 -99.0 -99.0 -99.0 -99.0 -99.0 -99.0 
2003 -99.0 -99.0 -99.0 -99.0 -99.0 -99.0 -99.0 -99.0 -99.0 -99.0 -99.0 -99.0 
2004 -99.0 -99.0 -99.0 -99.0 -99.0 -99.0 -99.0 -99.0 -99.0 -99.0 -99.0 -99.0 
2005 -99.0 -99.0 -99.0 -99.0 -99.0 -99.0 -99.0 -99.0 -99.0 -99.0 -99.0 -99.0 
2006 -99.0 -99.0 -99.0 -99.0 -99.0 -99.0 -99.0 -99.0 -99.0 -99.0 -99.0 -99.0 
2007 -99.0 -99.0 -99.0 -99.0 -99.0 -99.0 -99.0 -99.0 -99.0 -99.0 -99.0 -99.0 
