Number= 724712
Name= LAKETOWN
Country= USA
Lat=   41.8
Long=  111.3
Height= 1825
Start year= 1900
End year= 1990
First Good year= 1900
Source ID= 10
Source file= Jones
Jones data to= 1990
Normals source= Data
Normals source start year= 1961
Normals source end year= 1990
Normals=  -6.2  -5.2  -1.2   4.5   9.7  14.3  18.5  17.2  12.4   6.5   0.2  -4.8 
Standard deviations source= Data
Standard deviations source start year= 1941
Standard deviations source end year= 1990
Standard deviations=   2.9   2.9   2.6   1.8   1.3   1.3   1.0   1.0   1.4   1.5   1.7   2.1 
Obs:
1900  -2.5  -6.0   2.1   4.3  10.9  15.8  17.6  15.9  10.4   5.0   1.5  -2.5 
1901  -5.4  -6.2  -1.9   4.7  12.1  11.9  20.0  18.4  10.4   6.8   1.9  -3.4 
1902  -6.1  -1.1  -2.6   4.6   9.5  14.5  16.3  17.0  11.6   5.6  -0.4  -4.6 
1903  -5.6 -14.7  -5.8   3.6   8.4  14.5  16.5  17.9  10.0   4.9  -0.9  -5.1 
1904  -7.1  -2.5  -1.3   4.6  10.1  11.9  16.7  16.7  11.8   5.8   0.8  -3.8 
1905  -4.1  -6.7   1.3   5.7   7.9  13.1  18.0  17.8  12.6   2.6  -0.4  -7.5 
1906  -6.7  -5.8  -4.4   4.1   9.1  11.2  17.4  17.1  11.2   5.2  -1.6  -1.7 
1907  -5.7  -2.0   0.7   5.0   8.2  10.4  16.3  15.0  11.2   6.8  -1.0  -4.3 
1908  -7.7  -7.4  -0.8   5.9   7.8  10.6  17.5  15.1  11.1   3.4  -1.9  -5.2 
1909  -3.4  -5.3  -2.9   2.4   7.8  14.0  17.5  16.9  11.0   6.6   0.4  -8.2 
1910  -9.0  -8.0   3.1   7.5  10.5  15.2  18.7  15.9  12.7   6.0   1.9  -2.8 
1911  -3.9  -8.5  -1.4   4.8  10.2  14.4  16.5  16.1  11.0   3.8  -3.1  -6.6 
1912  -4.3  -4.8  -2.9   2.5   9.0  14.6  16.6  15.3   8.5   4.1  -0.3  -4.9 
1913  -7.6  -7.9  -2.3   6.0  11.2  15.0  16.9  18.7  12.0   6.2   1.4  -5.8 
1914  -3.4  -5.0  -1.0   6.2  12.1  14.6  19.0  17.7  12.0   7.4   1.7  -6.7 
1915  -6.4  -3.7   0.4   8.8   9.3  12.8  18.3  17.8  11.7   7.5   1.3  -3.3 
1916  -7.1  -4.9   0.5   6.4   8.0  13.9  18.7  16.9  12.6   6.4  -2.0  -6.9 
1917 -10.1  -8.4  -9.0   0.2   7.6  13.6  21.6  16.7  13.6   7.7   2.2   0.9 
1918  -3.8  -6.0   0.6   4.6   9.8  18.3  18.7  17.0  13.4   8.8   3.4  -3.5 
1919  -3.0  -4.8  -0.7   6.7  12.6  17.0  20.3  19.1  13.6   3.3  -1.7  -7.6 
1920  -4.6  -2.6  -1.2   2.5  10.1  15.4  19.8  16.9  12.2   4.9  -0.9  -4.4 
1921  -5.1  -6.6   1.4   3.0  11.0  15.4  18.3  17.5  11.3   8.4   2.3  -2.6 
1922 -10.2  -8.3  -6.6   6.3   9.8  15.9  18.1  19.1  13.9   7.3  -2.0  -3.8 
1923  -4.0 -12.0  -6.6   2.4  10.4  12.7  19.4  16.9  12.9   4.8   2.1  -4.3 
1924  -9.9  -3.0  -4.4   4.0  11.1  14.4  18.2  16.7  12.3   4.8  -1.1  -0.1 
1925  -5.7  -2.3   1.6   5.9  11.8  13.8  19.8  16.6  12.5   6.2   0.1  -2.0 
1926  -6.1  -2.1   0.7   7.3  11.3  17.1  19.1  18.4  11.0   7.7   3.8  -4.6 
1927  -4.8  -3.9  -2.6   4.6   9.4  15.4  18.9  16.3  12.6   6.9   3.9  -5.9 
1928  -2.8  -6.7   0.2   3.6  12.1  12.9  17.9  16.9  13.1   7.7   1.2  -7.1 
1929  -7.9  -9.7  -1.3   3.2   8.7  13.2  19.0  18.9  11.8   7.4   0.9  -0.3 
1930 -12.2  -1.2   0.1   7.8   7.7  13.2  18.7  18.0  12.3   6.4  -1.9  -7.7 
1931  -9.4  -5.9  -1.9   5.6   9.4  16.6  20.1  18.3  13.0   7.4  -1.9  -7.0 
1932 -10.3  -7.7  -3.3   4.1   9.8  13.7  17.6  16.6  12.3   5.8   1.7  -8.8 
1933  -5.4 -10.1  -2.3   3.4   7.2  17.6  20.9  16.7  13.6   9.6   2.2   0.8 
1934  -2.0   0.9   5.1   9.8  14.0  14.7  19.7  18.9  12.3   8.7   2.4  -3.0 
1935  -6.1  -7.7  -2.0   5.2   8.2  15.2  18.9  17.8  13.2   5.9  -1.0  -4.3 
1936  -5.9  -4.8  -4.4   2.9  11.6  15.9  19.7  17.4  10.6   7.1  -0.4  -4.7 
1937 -13.0  -6.9  -3.1   3.7  11.3  13.3  18.9  18.5  14.7   9.7   3.6   0.4 
1938  -2.7  -1.2   1.1   6.2   9.7  14.6  16.7  16.8  13.9   8.1  -2.8  -2.7 
1939  -5.7  -9.4  -0.9   6.9  10.7  12.9  18.0  16.7  12.7   6.7   1.6  -0.4 
1940  -5.0  -1.9   2.6   6.4  12.1  16.7  19.4  19.1  13.8   7.9  -1.8  -2.8 
1941  -6.0  -3.4   0.9   4.4  11.0  13.9  18.8  18.0  11.1   6.6   2.2  -2.4 
1942  -7.9 -10.7  -5.4   5.6   8.4  13.4  20.1  18.5  13.2   7.6   1.2  -2.9 
1943  -4.8  -4.9  -1.6   8.7   9.3  12.8  18.1  18.2  14.5   8.1   1.4  -2.8 
1944  -7.1  -5.3  -2.4   4.3  11.1  12.3  17.5  16.7  12.3   8.6  -0.3  -5.2 
1945  -3.1  -2.2  -1.1   3.4  10.9  11.9  18.4  17.6  11.4   8.8  -1.9  -5.7 
1946  -7.4  -7.3  -1.4   6.8   8.9  14.6  18.8  17.9  12.3   5.0  -0.4  -0.4 
1947  -7.9  -2.4   1.2   4.3  11.7  12.4  17.6  16.6  13.3   8.3  -2.1  -4.1 
1948  -5.2  -6.3  -4.2   4.2   9.7  14.1  17.7  17.1  13.6   7.0  -1.6  -7.2 
1949 -14.8  -8.7  -0.7   7.2  11.2  13.4  17.4  17.3  13.4   4.9   4.0  -4.6 
1950  -6.8  -5.7  -0.9   4.0   7.6  12.5  16.6  15.9  12.1   9.2   2.4  -0.8 
1951  -5.3  -2.2  -2.8   5.6  10.0  12.0  17.8  16.3  12.7   6.6  -2.1  -5.8 
1952  -8.8 -10.7  -6.7   4.1  10.1  13.8  17.1  17.8  14.6   9.3  -1.8  -3.7 
1953   0.4  -3.0   1.5   3.1   6.8  13.2  18.9  17.1  14.2   7.4   2.8  -4.0 
1954  -2.4  -2.3  -0.6   7.3  11.1  12.7  19.4  16.9  13.3   6.9   2.8  -5.8 
1955  -7.9  -9.6  -5.8   1.6   9.7  12.9  17.3  17.8  12.4   6.9  -1.1  -0.9 
1956  -3.3  -8.5  -1.5   5.6  10.8  14.5  18.2  15.9  13.4   7.1  -1.8  -4.5 
1957 -10.0  -3.2   0.2   3.9   9.6  14.0  18.6  18.1  12.1   6.4  -2.6  -2.9 
1958  -7.8  -2.3  -3.7   3.1  12.6  14.9  17.1  18.7  12.7   7.6   0.1   0.1 
1959  -3.6  -3.6  -0.6   5.7   8.1  15.5  17.9  16.6  11.6   6.9   0.9  -3.8 
1960  -6.7  -8.2  -0.6   5.6   9.2  14.5  19.2  16.0  13.9   6.0   0.8  -5.3 
1961  -5.2  -1.1  -0.4   4.4   9.5  16.6  19.3  18.7   9.8   5.2  -2.1  -6.1 
1962  -9.5  -4.2  -4.8   4.9   8.6  12.7  15.9  14.8  11.8   7.2   0.5  -4.2 
1963  -8.9  -0.8  -1.4   2.1   9.9  11.7  18.2  17.9  14.5   9.8   1.6  -4.2 
1964  -7.8  -8.7  -6.3   2.7   9.1  12.9  19.4  17.1  12.2   7.9   0.0  -2.7 
1965  -3.4  -4.1  -3.8   6.0   8.9  13.7  18.2  16.5   9.8   8.3   2.7  -4.8 
1966  -6.2  -8.0  -3.5   4.7  11.8  14.6  19.9  17.6  14.1   5.9   2.5  -4.9 
1967  -2.4  -2.8   0.5   3.3   9.8  13.2  19.2  18.9  14.3   8.0   2.1  -6.2 
1968  -6.3  -3.7   1.6   3.4   9.2  14.6  19.4  16.2  12.8   7.0  -0.2  -4.5 
1969  -2.1  -6.5  -6.5   5.3  13.1  13.2  18.6  19.2  14.9   3.6   1.2  -2.7 
1970  -2.7  -1.2  -0.4   2.0  10.3  14.7  18.7  19.2  10.8   4.2   1.5  -4.7 
1971  -3.4  -5.7  -3.2   3.8   9.4  13.7  18.1  19.1  10.6   5.1  -1.0  -6.3 
1972  -6.6  -4.6   1.9   4.3   9.7  14.4  17.0  17.5  11.3   6.6  -0.1  -6.7 
1973  -8.2  -8.6  -2.2   2.2  10.1  14.1  17.4  17.4  11.9   7.5   0.4  -3.1 
1974  -6.7  -7.7   1.7   4.9  10.6  16.3  18.7  15.6  11.5   6.9   1.7  -4.2 
1975  -5.1  -5.3   0.0   1.9   7.4  12.7  19.5  15.9  11.9   5.0  -1.9  -2.8 
1976  -5.2  -5.0  -5.4   3.3  11.1  13.3  19.4  16.6  13.1   6.4   1.1  -3.6 
1977  -5.3  -3.7  -1.8   7.3   8.3  17.1  18.6  17.3  13.3   8.3   1.5  -0.6 
1978  -2.8  -1.8   2.6   6.2   8.5  14.3  19.2  16.8  11.2   6.8  -2.1  -9.0 
1979 -12.6  -6.2  -1.7   4.2   9.4  13.8  17.8  15.8  14.6   8.2  -2.3  -2.0 
1980  -5.4  -2.9  -1.2   5.1   8.8  12.9  18.1  16.1  13.7   7.0   1.9  -1.9 
1981  -2.8  -1.2   2.0   6.9   9.3  14.9  18.5  17.5  14.0   5.0   1.7  -2.9 
1982  -6.9  -8.1  -0.1   2.8   9.0  13.4  17.0  18.4  11.8   4.8  -1.8  -5.3 
1983  -3.5  -4.8   0.5   2.1   7.7  13.4  16.9  18.1  12.9   7.1  -0.6  -6.7 
1984 -10.8 -10.2  -3.1   1.2   9.9  12.8  18.5  17.5  11.6   3.4  -1.4  -6.7 
1985 -11.6 -11.3  -5.2   6.0  11.0  15.0  19.1  16.8  10.7   5.4  -2.5  -8.4 
1986  -7.6  -2.1   3.5   5.0   9.1  16.5  17.1  17.7  10.0   5.1   0.5  -4.2 
1987  -7.4  -2.5  -0.1   7.7  11.5  15.4  17.6  16.1  12.5   7.5   0.1  -4.8 
1988  -8.0  -6.7  -1.4   6.3   9.7  17.6  20.0  17.2  11.8   9.5   0.0  -5.9 
1989  -9.5  -9.6   1.4   7.0  10.1  14.1  19.9  16.6  12.4   6.3   0.4  -3.4 
1990  -3.1  -5.8   1.6   7.4   9.0  14.4  19.0  17.0  15.1   5.8   0.8 -10.0 
