Number= 724836
Name= PLACERVILLE
Country= USA
Lat=   38.7
Long=  120.8
Height= 576
Start year= 1892
End year= 1980
First Good year= 1892
Source ID= 10
Source file= Jones
Jones data to= 1980
Normals source= Data
Normals source start year= 1961
Normals source end year= 1980
Normals=   5.2   7.2   8.4  10.8  15.0  19.4  22.9  22.4  19.7  14.4   8.9   5.6 
Standard deviations source= Data
Standard deviations source start year= 1941
Standard deviations source end year= 1980
Standard deviations=   1.4   1.6   1.2   1.8   1.5   1.7   1.3   1.4   1.3   1.3   1.3   1.4 
Obs:
1892   5.3   6.7   8.7   8.7  14.6  18.3  19.2  20.8  16.9  12.3   9.3   4.8 
1893   4.9   4.1   7.4   8.3  13.9  18.3  22.9  22.5  14.8  10.6   7.8   6.1 
1894   3.6   4.0   7.2  11.6  13.3  15.6  21.8  22.1  16.1  12.9  10.1   4.9 
1895   4.6   7.6   7.4  11.0  14.4  21.2  21.4  20.8  15.3  14.8   7.8   3.9 
1896   6.8   7.1   8.7   7.0  12.2  21.0  23.6  20.4  16.9  13.9   7.2   7.3 
1897   4.7   4.9   4.9  12.4  16.6  18.8  23.7  21.1  16.6  11.9   7.5   4.3 
1898   2.1   8.0   6.7  12.7  13.1  19.8  23.9  21.6  17.3  11.2   9.9   4.3 
1899   6.6   6.3   7.2  11.1  12.2  20.6  22.0  17.6  19.2  11.2   9.1   5.7 
1900   6.6   6.9  10.2  10.2  15.2  19.9  23.3  18.3  15.8  15.1  10.4   6.9 
1901   6.1   6.8   9.9   9.2  13.6  18.6  21.6  21.8  20.9  14.3   9.9   5.7 
1902   4.2   8.4   6.2   9.9  13.4  19.0  20.4  19.6  18.9  12.5   6.9   5.9 
1903   5.6   3.8   7.9   9.2  14.7  19.1  19.1  19.9  17.2  14.4  10.6   6.3 
1904   4.9   7.7   9.0  10.9  16.2  19.9  20.4  21.8  18.8  13.2   8.8   5.2 
1905   6.8   7.4  10.0  11.8  12.4  18.1  21.8  20.4  16.9  11.9   8.3   5.1 
1906   7.1   9.6   9.2  11.8  13.6  17.4  23.9  21.3  17.6  13.8   7.9   6.3 
1907   5.1  10.5   8.3  12.9  13.8  16.8  20.8  19.1  15.6  14.4   9.0   6.7 
1908   5.9   6.4   8.6  12.7  12.1  17.6  24.2  20.8  17.8  11.4   8.9   3.9 
1909   7.4   6.3   6.8  11.7  13.8  18.8  20.6  20.3  18.2  13.4   8.4   4.6 
1910   4.1   6.0  10.7  12.7  14.4  18.1  23.3  20.7  18.8  15.1   9.4   7.3 
1911   6.7   4.9  10.5  12.2  16.7  19.8  25.8  20.6  14.8  12.3   8.0   4.1 
1912   6.6   7.5   7.3   9.6  14.9  18.7  21.0  19.3  17.0  11.4   9.1   4.9 
1913   3.6   5.9   7.7  11.4  16.1  17.7  22.0  22.4  19.0  13.8   9.1   5.4 
1914   7.3   7.4  11.0  11.8  15.9  18.6  22.3  21.1  16.2  12.8   9.2   4.2 
1915   5.6   7.0  10.6  11.7  13.3  19.4  22.5  21.8  17.4  13.7   8.0   5.6 
1916   2.9   8.7  10.4  12.7  13.9  18.6  22.2  20.2  17.6  11.2   6.6   3.8 
1917   3.6   6.3   6.3  10.8  13.7  22.7  25.7  22.7  21.2  15.8  10.1   9.2 
1918   7.4   8.1   9.9  11.2  10.6  21.7  21.8  23.7  22.9  18.6   8.9   5.1 
1919   6.4   5.9   6.5  12.4  16.8  18.1  22.4  21.7  18.4  12.8   7.8   6.8 
1920   8.2   7.8   7.9  10.9  14.6  18.2  20.2  22.0  16.2  10.5   8.4   6.6 
1921   6.4   8.2  10.4  11.2  14.2  19.0  22.7  20.0  16.2  12.8   7.0   4.6 
1922   3.1   3.8   7.4  10.3  17.8  20.8  23.8  20.4  21.0  12.8   6.8   6.2 
1923   4.6   6.5   9.1  10.8  14.3  16.0  21.4  20.9  20.1  12.8   9.8   4.4 
1924   4.8   9.2   7.6  12.0  17.0  19.3  19.6  18.2  18.3  11.7   8.6   4.0 
1925   5.3   8.2   9.5  11.3  15.2  19.7  23.3  20.9  15.8  12.2   7.1   5.1 
1926   3.0   5.4  10.1  12.1  13.6  20.2  21.3  19.0  13.3  11.0   7.6   1.4 
1927   3.8   6.0   6.3   8.6  11.8  16.7  20.6  20.6  14.4  11.2   6.5   2.6 
1928   3.3   5.0   9.1   9.6  15.4  18.8  21.2  20.6  16.4  11.7   6.9   2.2 
1929   3.5   6.6   8.0   9.7  15.7  16.9  21.4  21.8  16.9  14.4   9.4   7.9 
1930   4.2   8.8   9.7  12.3  13.3  19.8  22.8  21.3  15.8  12.9   9.0   4.6 
1931   5.9   8.3  10.0  13.6  17.9  18.6  25.4  24.0  17.9  14.6   6.9   4.3 
1932   3.6   6.8   9.9  10.1  15.5  20.9  22.9  22.2  21.3  13.6  10.7   2.1 
1933   2.1   4.6   8.8  11.7  11.8  17.9  24.1  23.6  17.4  16.9   9.8   6.0 
1934   6.2   8.8  13.1  14.0  16.5  18.7  21.5  22.6  19.7  13.7   9.0   5.4 
1935   6.3   6.4   6.2  10.4  15.0  20.4  21.8  23.1  19.8  12.3   6.4   5.7 
1936   6.7   6.8   9.8  12.2  16.2  19.1  24.2  23.6  19.9  15.1   8.9   4.3 
1937   0.1   5.6   8.7  10.2  16.3  18.7  23.7  23.2  19.7  15.0   9.1   6.5 
1938   5.6   6.3   6.7  10.9  15.5  20.6  23.7  21.4  19.6  13.2   6.9   6.1 
1939   5.3   4.6   9.3  13.9  15.3  18.8  23.2  23.4  19.7  12.6   9.0   7.1 
1940   6.8   8.0  10.8  11.7  16.0  22.4  22.2  21.9  17.7  14.1   7.6   7.4 
1941   6.7   9.0   9.7  10.5  15.2  18.1  24.0  20.9  17.1  12.8   9.4   5.6 
1942   5.7   5.3   8.2  10.7  13.0  17.9  23.6  22.2  18.2  14.2   7.8   6.1 
1943   5.5   8.1   9.4  12.2  16.2  17.1  22.9  20.3  19.7  13.4   9.3   4.8 
1944   4.4   4.8   8.2   8.9  14.2  16.9  21.7  20.2  20.0  14.6   7.0   6.3 
1945   4.2   6.4   6.1  11.5  13.9  19.8  23.1  22.0  20.0  15.2   7.0   5.4 
1946   3.8   4.7   7.6  12.4  15.3  17.9  22.6  22.2  18.6  11.0   6.7   4.8 
1947   2.9   7.6   9.9  13.3  17.7  19.4  20.6  20.9  19.8  12.9   5.8   3.8 
1948   6.2   4.6   6.5  10.1  12.3  18.8  22.3  20.8  18.3  14.2   7.1   2.4 
1949   0.2   3.8   7.6  13.6  15.6  20.9  22.2  20.8  19.1  12.3  10.8   3.9 
1950   2.6   6.2   8.2  13.1  14.9  19.0  24.5  23.2  18.5  14.9  11.0   7.4 
1951   4.8   5.9   8.3  12.0  15.7  19.3  22.4  21.3  19.9  13.3   8.7   4.1 
1952   3.3   6.5   6.6  12.3  16.7  16.6  24.4  22.7  19.8  16.4   7.6   5.3 
1953   7.0   7.0   7.9  12.1  12.8  16.5  23.7  20.7  21.1  13.8   9.4   5.8 
1954   5.4   7.8   7.3  13.8  16.1  17.8  23.7  19.8  17.4  13.0   8.9   4.7 
1955   2.6   4.8   8.0   8.2  14.2  18.0  20.4  22.7  19.3  14.3   7.8   7.0 
1956   6.1   4.2   8.4  10.7  15.2  19.0  22.3  20.6  19.4  12.7   8.3   5.1 
1957   2.6   7.8   8.8  11.0  13.9  20.4  22.6  20.6  19.3  12.3   7.3   5.7 
1958   5.3   8.5   6.6  10.5  16.6  18.7  22.9  24.9  20.5  16.5   8.9   8.4 
1959   5.9   5.5  10.4  14.2  14.3  20.9  25.2  22.6  18.3  15.2   9.4   5.8 
1960   4.4   5.9  10.4  11.6  14.2  22.8  25.2  22.4  20.6  13.6   7.9   4.9 
1961   5.8   7.2   8.2  12.1  13.0  22.2  24.6  24.6  18.3  14.6   8.2   4.6 
1962   5.1   6.7   6.9  13.7  13.8  19.9  23.2  21.9  20.3  14.1  10.3   7.0 
1963   3.7  10.5   7.6   8.7  14.9  18.4  20.9  21.8  20.8  14.6   8.3   5.7 
1964   4.4   6.4   7.3  10.4  12.9  17.7  22.4  22.4  17.7  16.4   6.6   6.5 
1965   5.4   6.4   8.3  10.6  14.3  16.7  21.6  21.9  16.4  15.4   8.8   3.9 
1966   4.2   4.8   8.9  13.7  16.3  19.3  20.2  23.1  19.0  14.4  10.2   5.7 
1967   5.9   7.1   7.7   5.9  15.1  18.3  24.7  25.9  21.7  14.8  11.1   3.7 
1968   4.6   9.2   9.8  11.8  14.8  20.5  23.8  20.1  19.6  13.7   8.4   3.8 
1969   5.2   4.4   8.2  10.8  16.4  18.3  23.7  23.4  20.8  11.9   9.4   6.5 
1970   6.8   8.9   9.2   9.1  16.5  20.2  24.4  22.8  19.4  13.9  10.1   4.4 
1971   5.4   6.5   8.2   9.9  13.1  17.9  24.0  24.1  19.9  12.5   8.0   3.2 
1972   3.6   7.7  11.4  10.9  15.8  20.8  23.4  22.8  17.9  13.7   7.1   3.1 
1973   4.2   8.0   7.0  12.3  17.7  21.2  23.4  22.4  18.8  13.6   7.9   6.3 
1974   5.5   5.7   9.0  10.2  15.3  20.5  22.4  23.3  21.7  16.6   9.1   5.5 
1975   6.2   6.9   7.8   8.3  15.8  19.8  22.1  21.5  22.0  13.1   8.1   6.3 
1976   5.7   7.6   8.0   9.9  17.3  18.9  22.8  19.1  19.2  15.5  11.1   6.4 
1977   5.2   8.4   6.9  13.6  11.6 -99.0 -99.0 -99.0 -99.0 -99.0   9.2   7.9 
1978 -99.0   7.7  11.4  10.4  15.3  23.1 -99.0 -99.0 -99.0 -99.0 -99.0 -99.0 
1979   4.0   5.2   8.7  10.7  16.3  18.9  21.4  21.2  21.2  15.1   8.3   7.6 
1980   7.2   8.7   7.8  12.6  13.8  16.6  22.4  21.7 -99.0  14.7   9.7   7.7 
