Number= 724882
Name= AUSTIN--------------
Country= USA---------
Lat=   39.5
Long=  117.1
Height= 2013
Start year= 1911
End year= 2007
First Good year= 1911
Source ID= 10
Source file= Jones+Anders
Jones data to= 1996
Normals source= Data
Normals source start year= 1961
Normals source end year= 1990
Normals=  -0.8   0.8   2.4   5.7  10.9  16.1  21.3  20.3  15.5   9.9   3.3  -0.4 
Standard deviations source= Data
Standard deviations source start year= 1941
Standard deviations source end year= 1990
Standard deviations=   2.3   2.3   1.9   2.2   1.9   2.0   1.0   1.4   1.8   2.3   2.0   2.0 
Obs:
1911   1.1  -3.9   4.6   5.9   9.6  17.1  19.4  19.6  13.1   8.0   2.7  -3.3 
1912  -0.2   1.2   1.9 -99.0 -99.0 -99.0 -99.0  18.9  13.0   7.4   4.9  -2.9 
1913  -3.1   2.2   2.7   8.1 -99.0  12.7  19.0  20.7  16.6   8.9 -99.0 -99.0 
1914 -99.0 -99.0 -99.0 -99.0 -99.0 -99.0 -99.0  21.0  14.6   9.8   5.7  -4.1 
1915  -1.8   0.9   3.7   7.2   8.6  14.7  19.4  21.7  13.9  11.0   3.7  -2.1 
1916  -5.7   2.0   4.7   7.7   8.7  15.7  20.9  19.3  15.2   6.1   1.4  -2.6 
1917  -6.2  -0.8   0.1   4.8   7.1  16.4  22.9  20.6  16.2  12.3   5.6   3.3 
1918  -2.0  -0.8   4.4   6.2   9.3  21.2  22.5  18.1  14.4  10.2   1.0  -2.5 
1919  -0.1  -0.8   0.3   8.7  14.7  16.3  24.6  24.3  19.3   6.6   2.1   1.7 
1920   0.9   1.8   1.8   4.1  11.0  13.4  18.6  17.3  12.6   4.2   0.2  -2.6 
1921  -0.1   1.6   3.2   4.1   6.7  14.6  19.3  17.7  11.9  10.7   4.8   0.8 
1922  -7.6  -3.9  -1.9   2.4   8.7  16.3  21.4  19.2  17.2   9.4   0.7  -0.3 
1923   0.4  -1.8   0.3   5.5  10.9  13.7  21.4  19.8  15.2   7.4   5.6  -0.3 
1924  -2.5   4.3  -0.2   6.4  14.2  18.0  21.8  19.9  15.3   8.9   3.3  -1.8 
1925   2.8   5.5   6.5  11.3  12.9  16.3  22.2  19.4  14.1   8.7   2.2   2.0 
1926  -0.2   1.6   5.7  11.0  13.2  20.2  21.9  20.8  13.2  11.3   6.6  -2.0 
1927   0.7   1.1   2.6   6.3  10.7  17.6  23.0  20.7  14.7  11.8   5.8  -2.3 
1928   0.9   0.8   5.2   6.3  15.6  16.3  22.1  20.7  17.3   9.5   3.1  -1.6 
1929  -2.9  -3.4   2.0   4.0  11.8  15.9  22.8  21.9  14.6  11.2   4.2   3.7 
1930  -3.4   2.6   2.8   9.3   8.5  17.4  21.8  19.8  15.0   7.8   2.3  -2.1 
1931   0.0   1.0   3.3   8.3  13.7  18.0  24.6  21.9  13.8  10.4   0.0  -2.1 
1932  -5.2  -2.6   1.7   6.1  10.1  16.1  19.9  18.7  16.1   6.9   5.1  -5.3 
1933  -4.8  -6.4   1.0   3.6   6.4  15.1  21.6  20.8  16.4  13.4   5.1   3.9 
1934   0.3   3.2   8.1  10.1  14.4  12.9  21.8  21.9  15.2  11.8   4.7   0.9 
1935  -0.4   1.2   0.5   6.7   9.0  17.7  20.8  21.3  17.4   8.9   0.6  -0.1 
1936  -0.6  -0.6   3.3   8.8  13.3  17.8  22.3  20.7  15.1   9.2   4.1  -0.3 
1937 -99.0 -99.0   3.8   4.7  12.8  15.0  21.2  21.3  17.4  10.9   4.9   1.2 
1938  -0.7  -1.9  -0.6   5.3   8.9  15.1  19.3  18.8  16.8   7.4  -1.4  -0.8 
1939  -3.1  -7.0   1.8   7.2  11.3  16.3  21.8  22.0  15.9 -99.0   6.5   3.9 
1940  -0.2   0.4   4.2   6.9  14.0  18.4  20.8  21.9  14.9  11.1   2.1   1.8 
1941   0.3   2.6   4.2   3.5  11.3  13.9  20.4  18.1  11.9   7.4   5.3   0.4 
1942 -99.0  -5.8  -0.3   5.1   7.3  13.4  20.7  19.0  14.1   8.0   2.7   0.1 
1943  -1.8   0.8   2.1   8.3   9.6  12.0  19.7  17.7  16.2   7.9   3.4  -0.7 
1944  -3.2  -3.0 -99.0   3.8  10.6  12.6  20.2  20.5  17.0  11.9  -0.7   0.6 
1945  -0.2  -0.2   0.0   4.3   9.7  13.1  21.2  19.4  18.0  11.2   2.4  -1.2 
1946  -1.3  -0.1   2.6   8.7  10.6  16.0  20.8  21.2  14.8   4.2   0.7  -0.2 
1947  -3.1   3.1   4.2   5.9  13.2  13.3  20.3  18.9  16.0   9.8  -1.2  -1.7 
1948   1.3  -2.6  -1.3   4.7   9.3  14.2  20.1  18.9  15.0   8.9   0.1  -3.4 
1949 -10.0  -3.4   1.1   8.3   9.2  14.3 -99.0  20.0  17.2   8.2   8.8  -1.7 
1950  -3.8   2.4   1.6   7.1  10.0  15.7  21.6  21.1  14.7  12.4   6.3   3.9 
1951  -0.8   0.9   1.5   8.3  11.3  16.4  21.8  19.8  18.1   8.5   3.3  -3.4 
1952  -3.3  -1.2  -2.2   7.9  12.4  14.6  21.0  21.3  16.4  14.9 -99.0   0.5 
1953   3.5   0.3   3.4   5.7   6.8  15.1  23.2  20.1 -99.0   9.7   6.4  -0.3 
1954   0.4   3.3   0.6   9.4  14.2  14.9  22.2 -99.0  15.4  10.7   6.3  -0.9 
1955  -4.8  -4.3   1.0   3.8   8.9  16.0  19.5 -99.0  16.5  11.4   2.1   0.8 
1956   0.5  -3.8   3.3   6.2  11.0  16.8  20.8 -99.0  17.8   8.2   3.4   0.9 
1957  -4.1   3.4   2.7   6.0   9.1 -99.0  21.3  20.3  17.2   7.4   0.7   1.7 
1958   0.8   3.4   0.1   5.1  15.3  16.3  20.9  22.3  16.7  13.2   5.1 -99.0 
1959 -99.0  -0.4   4.6  10.0   9.5  19.6  24.0  21.2  14.4  11.7   5.5   0.4 
1960  -3.2  -2.0   5.2   6.9  10.6  19.3  22.6  20.2  18.2   9.6   2.7  -0.3 
1961   1.9 -99.0 -99.0 -99.0  10.5  19.7  22.3  20.6  13.1   8.8   1.8  -1.5 
1962  -2.3  -0.5   0.0 -99.0 -99.0 -99.0 -99.0  19.9  17.1  11.8   5.1   2.6 
1963  -1.9   4.8   1.6   3.1  12.2  12.1  20.1  20.2  17.4  12.6   3.5   1.1 
1964  -2.0  -2.5   0.1   4.4   9.7  14.0  21.7  20.3  14.7  13.6   1.7  -0.3 
1965   0.3   0.2   2.0   5.7   7.8  13.8  19.7  18.6  11.6  13.3   5.2 -99.0 
1966 -99.0 -99.0   4.2   7.5  14.3  16.0  21.0  21.0  16.5   9.9   4.5  -0.7 
1967  -0.4   1.3   2.7   0.6  10.3  13.6  22.1  22.2  16.4  11.2   5.7  -3.4 
1968  -0.4   3.4   4.0   4.4  10.6  16.3  22.4  16.4  15.2   9.9   2.6  -2.3 
1969   0.6  -1.7   0.1   6.7  13.7  13.9  21.1  22.3  17.8   5.4   4.3   0.5 
1970  -0.3   3.2   1.5   2.3  10.8  15.4  21.2  22.1  13.7   8.2   4.2  -1.8 
1971  -0.1   0.1   1.8   5.5   8.2  15.7  21.8  22.4  14.2   6.9   2.0  -4.1 
1972  -1.7   2.1   6.8   6.1  12.8  17.4  22.2  20.7  14.0   7.2   1.3  -3.6 
1973  -2.4   0.7   0.6   3.9  13.2  17.5  21.8  20.1  15.0  10.1   2.4   0.8 
1974  -2.0   0.1   4.4   5.0  12.2  19.7  21.3  20.2  17.9  10.1   4.0  -1.8 
1975  -1.0  -0.4   0.6   1.3   9.6  14.6  21.4  18.8  17.3   8.3   2.4   1.5 
1976   0.4   1.4   1.7   4.8  13.1  15.3  21.2  16.9  15.3   9.6   6.3   1.7 
1977  -1.9   2.6  -0.4   8.4   6.8  18.3  21.3  20.6  16.0  11.8   4.4   2.6 
1978   0.2   0.7   5.5   4.4   9.2  16.1  21.2  20.2  13.6  12.6   1.4  -3.1 
1979  -3.8  -0.5   3.4   6.1  12.0  16.8  21.2  19.1  18.7  12.2   2.2   2.4 
1980   0.1   3.3   0.9   8.2   9.0  14.9  21.7  19.7  15.9  11.0   5.0   3.9 
1981   2.5   1.8   1.9   8.0   9.4  17.9  21.8  22.0  17.2   6.9   5.4   2.4 
1982  -3.3   0.4   1.1   4.5  10.5  14.0  20.2  21.2  13.9   7.8   1.6  -1.6 
1983   0.8   1.4   2.5   3.0   9.9  15.5  19.3  19.5  16.3  10.9   2.4  -0.3 
1984  -0.9   0.5   2.9   4.6  13.0  14.2  22.0  20.3  16.5   5.4   2.8  -2.7 
1985  -2.3  -1.1   1.0   9.2  11.1  19.4  22.2  20.2  12.2   8.5  -0.1  -0.4 
1986   3.5   2.7   5.9   6.2  11.7  18.9  19.9  22.2  11.6   8.2   3.5   1.0 
1987  -2.5   0.0   1.4   9.7  11.5  17.7  19.3  21.0  17.4  12.3   3.0  -3.4 
1988  -2.1   1.0   2.3   7.3  10.2  17.1  22.6  20.8  15.6  13.9   2.4  -2.1 
1989  -2.8  -1.8   4.8   9.3  10.6  16.0  22.0 -99.0  15.5   9.4   4.5   1.5 
1990  -0.5  -1.9   4.3   8.7 -99.0  16.5  21.5  19.6  17.7  10.4   3.6 -99.0 
1991  -0.9   4.5   1.1   4.0   6.5 -99.0 -99.0  20.7  16.3  10.7   2.7   0.1 
1992  -0.6   2.3   4.7  10.0  15.0  16.2 -99.0  20.5  15.5  11.1 -99.0  -3.5 
1993  -3.0  -2.0   5.4   5.6  13.3 -99.0  18.5  19.0  16.4   8.9   1.2  -0.5 
1994   1.3  -0.2   6.2   7.2  11.8  18.3  23.2  22.3  16.5   8.6  -2.8   0.1 
1995   0.7   5.8   2.6   4.8   8.3  12.1  20.4  20.8  17.4  11.2   8.2   1.4 
1996   1.2 -99.0 -99.0 -99.0 -99.0 -99.0  22.6  20.5  14.8   9.1   4.3 -99.0 
1997 -99.0 -99.0 -99.0 -99.0 -99.0 -99.0 -99.0 -99.0 -99.0 -99.0 -99.0 -99.0 
1998 -99.0 -99.0 -99.0 -99.0 -99.0 -99.0 -99.0 -99.0 -99.0 -99.0 -99.0 -99.0 
1999 -99.0 -99.0 -99.0 -99.0 -99.0 -99.0 -99.0 -99.0 -99.0 -99.0 -99.0 -99.0 
2000 -99.0 -99.0 -99.0 -99.0 -99.0 -99.0 -99.0 -99.0 -99.0 -99.0 -99.0 -99.0 
2001 -99.0 -99.0 -99.0 -99.0 -99.0 -99.0 -99.0 -99.0 -99.0 -99.0 -99.0 -99.0 
2002 -99.0 -99.0 -99.0 -99.0 -99.0 -99.0 -99.0 -99.0 -99.0 -99.0 -99.0 -99.0 
2003 -99.0 -99.0 -99.0 -99.0 -99.0 -99.0 -99.0 -99.0 -99.0 -99.0 -99.0 -99.0 
2004 -99.0 -99.0 -99.0 -99.0 -99.0 -99.0 -99.0 -99.0 -99.0 -99.0 -99.0 -99.0 
2005 -99.0 -99.0 -99.0 -99.0 -99.0 -99.0 -99.0 -99.0 -99.0 -99.0 -99.0 -99.0 
2006 -99.0 -99.0 -99.0 -99.0 -99.0 -99.0 -99.0 -99.0 -99.0 -99.0 -99.0 -99.0 
2007 -99.0 -99.0 -99.0 -99.0 -99.0 -99.0 -99.0 -99.0 -99.0 -99.0 -99.0 -99.0 
