Number= 724839
Name= SANTA-ROSA----------
Country= USA---------
Lat=   38.5
Long=  122.7
Height= 50
Start year= 1891
End year= 2007
First Good year= 1891
Source ID= 30
Source file= Jones+Anders
Jones data to= 1996
Normals source= Data
Normals source start year= 1961
Normals source end year= 1990
Normals=   8.1  10.5  10.8  12.5  15.0  17.3  18.5  18.6  18.3  15.6  10.9   8.4 
Standard deviations source= Data
Standard deviations source start year= 1941
Standard deviations source end year= 1990
Standard deviations=   1.3   1.3   1.3   1.5   1.1   1.5   1.1   1.1   1.1   1.1   1.1   1.4 
Obs:
1891 -99.0 -99.0 -99.0 -99.0 -99.0 -99.0 -99.0 -99.0  18.0  15.3  12.2   8.6 
1892   8.6   9.7  10.1  10.3  13.9  16.2  17.9  17.0  18.0  15.4  11.4   9.5 
1893   6.3   8.7   8.5   9.4  15.0  18.1  20.3  17.2  16.7  14.7  13.6   8.9 
1894   7.3   8.2   8.5  12.1  14.0  16.3  18.7  18.5  18.7  15.4  12.1   9.3 
1895   8.0  10.8   9.4  12.6 -99.0 -99.0  17.8  17.9  18.3  15.1  11.4   6.9 
1896   7.6   9.5   9.7 -99.0 -99.0 -99.0 -99.0  19.0  16.1  14.5  10.4   9.0 
1897   7.8   8.6   5.8  12.1  15.9  19.3  20.0  17.3  18.4  15.3  10.8   7.4 
1898   7.4  10.3   8.5  12.3  10.9  17.0  14.4  15.4  16.5  16.1  11.0   7.1 
1899  10.4  10.1   8.9   9.9  11.0  17.8  16.3  16.4  18.1  14.5  11.7   7.4 
1900   8.9  11.8  10.2  10.6  15.1  17.6  18.0  18.3  17.9  13.7  12.5   9.4 
1901   8.0  10.4   8.7   8.6  12.4  18.2  16.5  15.2  15.9  16.5 -99.0 -99.0 
1902   8.6  12.0   9.2  10.4  11.9  18.1  19.2  18.7  18.6  14.5  10.5   7.9 
1903   7.2   6.9   9.3  11.3  14.9  18.6  17.8  18.1  18.0  17.0  11.6   8.3 
1904   7.0   8.4   9.8  11.9  15.7  17.9  17.8  17.6  18.9  15.4  11.4   8.0 
1905   8.6  10.1  12.3  12.7  12.6  15.8  18.7  18.0  18.2  15.1  11.3   7.1 
1906   8.7  11.2   9.7  11.6  12.4  14.8  17.8  17.5  18.4  16.8  11.6   8.3 
1907   7.0  11.9   8.2  12.1  12.9  14.7  16.8  16.7  16.3  15.7  11.7   9.0 
1908   8.5   8.2   9.5  11.9  12.4  14.4  17.1  15.8  18.7  14.0  11.0   6.1 
1909   9.5   9.0   8.3  11.7  12.4  15.1  17.0  15.6  17.9  14.4  10.5   7.2 
1910   5.8   8.5  11.0  12.1  14.8  14.4  16.1  15.7  16.4  15.2  10.9   9.0 
1911   8.1   7.6  10.1   9.7  11.8  14.3  15.8  15.4  15.5  14.5  10.8   8.7 
1912   9.8  10.5   8.7   9.3  13.4  15.6  15.8  16.8  17.6  13.6  10.8   7.9 
1913   6.5   8.9   8.3  10.4  13.0  14.4  18.1  18.6  18.8  15.9  10.7   8.0 
1914   8.9   9.4  11.8  11.6  13.3  15.2  16.1  15.6  14.9  13.9   9.9   7.9 
1915   8.8   8.9  11.3  11.4  12.3  15.4  17.8  16.9  14.4  14.9  10.2   8.5 
1916   6.4  10.9  10.4  13.2  12.7  14.8  17.8  16.2  17.0  11.7   8.4   6.7 
1917   6.2   8.9   7.7  10.7  11.7  16.7  17.9  15.8  17.7  15.6  10.7   9.7 
1918   9.0   8.7   9.2  10.9  11.9  16.7  16.2  16.7  15.8  14.6   9.9   7.2 
1919   7.2   7.8   8.2  11.0  13.9  15.3  15.4  17.6  16.5  12.6   9.1   6.7 
1920   7.2   8.4   8.9  12.5  16.9  19.2  16.5  18.1  17.8  14.0  10.5   8.7 
1921   9.2  10.7  10.5  11.4  11.8  17.4  17.1  16.4  18.7  16.7  11.7  10.4 
1922   6.6   8.5   9.2  12.0  17.3  18.0  18.2  18.1  19.0  13.6   9.2   8.6 
1923   6.8  10.7  12.1   9.9  15.3  14.0  15.7  19.1  18.7  15.1  13.4   7.5 
1924   7.3  11.8  10.7  13.7  16.7  17.2  17.7  18.3  17.6  13.8  10.5   6.1 
1925   8.7  10.9  11.2  12.7  15.0  18.1  18.9  17.8  16.4  15.1  10.7   8.3 
1926   6.4  11.2  13.7  15.4  16.6  18.4  19.7  19.2  16.7  16.9  14.2   8.6 
1927   9.2  10.8  11.0  12.4  15.3  18.1  18.6  18.3  18.0  16.3  12.5   8.1 
1928   8.5  10.4  13.0  12.9  14.9  16.6  16.3  16.3  16.4  13.8  10.2   7.0 
1929   6.6   8.7   9.9   9.9  13.8  16.5  17.0  17.2  16.5  15.6  10.6  10.6 
1930   7.6  11.8  11.5  12.4  12.3  15.7  16.0  16.9  16.2  15.0  11.6   7.7 
1931   9.1  12.0  12.0  13.3  16.9  17.2  19.9  17.7  16.5  14.4  10.1   7.7 
1932   7.8   9.4  12.2  11.3  14.2  16.3  17.2  17.0  18.2  14.7  13.0   6.2 
1933   6.2   8.5  10.8  11.7  11.9  15.0  17.8  17.3  16.8  16.8  11.9   8.1 
1934   9.1  11.4  13.7  13.4  14.9  15.9  16.7  17.4  17.3  14.6  11.2   9.3 
1935   7.7  10.1   8.8  12.9  14.8  17.8  17.4  18.0  17.2  14.5   9.1   8.4 
1936  10.0  10.1  12.1  12.9  16.0  17.2  19.4  18.5  18.6  16.2  10.8   8.4 
1937   4.7   8.7  10.9  11.2  15.1  16.8  18.2  18.1  17.7  16.4  11.7  11.0 
1938   9.4  10.6   9.8  11.0  13.0  16.0  16.6  17.4  18.1  14.9   9.6  10.5 
1939   9.0   9.5  11.0  13.9  15.5  16.6  18.2  17.9  19.6  16.2  11.7  10.8 
1940  10.2  11.6  12.3  13.7  15.0  17.2  17.5  17.7  17.1  14.9  10.3  10.8 
1941  10.2  11.3  12.1  11.6  15.4  16.5  18.3  17.8  17.7  15.0  11.8   9.6 
1942   9.0  10.1  10.8  12.3  13.7  16.7  18.4  17.5  17.1  15.7  11.2   9.3 
1943   9.0  10.8  11.3  12.3  15.6  14.9  17.1  17.2  18.4  14.8  11.6   9.4 
1944   8.2   9.5  11.1  10.3  14.0  15.1  16.1  17.4  18.1  15.4   9.6   8.8 
1945   7.6  11.2   8.6  12.7  12.9  17.4  17.7  17.4  18.0  15.1  10.6   8.7 
1946   7.5   7.7   9.7  11.2  13.1  15.6  18.0  16.8  17.3  13.6   9.0   7.9 
1947   5.9  10.4  11.1  13.4  15.1  17.0  17.2  17.3  17.8  14.6   9.0   7.4 
1948   8.5   8.0   8.1   9.8  12.3  15.4  16.7  17.0  16.5  14.4   9.9   5.8 
1949   4.0   7.1   9.8  12.7  13.8  16.6  16.5  16.4  17.6  13.4  11.7   6.9 
1950   5.8   9.1   9.2  12.2  13.7  15.1  17.2  18.5  17.6  14.6  12.5  10.3 
1951   7.8   9.1  10.2  10.6  14.3  15.0  16.7  17.1  16.9  14.7  10.4   7.7 
1952   6.4   9.7   8.5  12.5  14.9  14.3  17.8  17.4  18.8  15.7   9.4   8.7 
1953  10.2  10.5   9.6  11.4  12.6  15.3  18.2  17.2  18.9  14.6  11.1   9.3 
1954   8.2  10.1   8.8  13.3  14.7  16.7  18.5  16.6  17.5  14.9  10.1   6.7 
1955   6.4   8.9   9.9  10.2  14.8  15.6  17.8  17.4  17.7  14.9  10.0   9.7 
1956   8.9   8.0   9.9  12.0  14.4  17.2  17.2  17.9  18.0  13.8  10.7   7.5 
1957   6.3  10.3  10.3  13.2  14.1  18.6  18.4  17.9  18.6  14.1   9.8   8.2 
1958   8.3  12.1   8.7  13.1  15.3  17.5  17.9  19.2  20.1  16.8  12.0  11.2 
1959   9.9   9.4  12.2  14.1  15.0  18.6  19.0  17.8  18.0  17.0  11.3   9.1 
1960   8.3  10.4  10.9  12.5  14.5  18.5  18.0  17.5  17.5  14.7   9.9   8.6 
1961   7.1  10.8   9.6  12.9  13.3  17.8  19.4  18.5  17.5  15.2  10.1   7.4 
1962   7.8   9.3   8.6  13.7  14.0  16.6  16.7  18.4  17.3  14.6  11.5   8.6 
1963   6.3  13.3   9.5  10.1  14.0  16.0  17.4  18.4  19.4  15.0   9.9   6.1 
1964   7.1   9.9   9.2  12.0  13.1  16.1  18.1  18.7  18.2  16.8   9.6   9.9 
1965   8.6   9.8  10.4  12.2  14.4  14.5  17.1  19.1  16.6  16.9  11.1   6.1 
1966   8.0   8.7  10.0  14.3  14.3  17.6  16.9  18.3  18.1  15.7  11.1   8.9 
1967   9.1  10.1   9.6   8.3  14.8  15.3  18.4  19.0  19.9  16.8  12.7   8.2 
1968   7.2  12.9  11.7  13.1  14.5  17.9  18.7  18.6  18.9  14.6  10.7   7.6 
1969   6.9   8.5  10.4  11.5  15.6  16.4  18.3  19.8  18.8  15.0  11.0  10.6 
1970  10.0  11.8  12.2  10.8  16.2  16.1  17.8  17.7  18.9  13.9  11.5   8.0 
1971   8.8  10.1  10.0  10.8  13.6  16.6  18.0  19.6  19.0  13.6  10.1   6.8 
1972   6.5  11.0  12.6  11.9  14.8  16.6  18.8  18.5  16.9  14.5   9.4   6.0 
1973   7.8  11.3   9.3  13.3  15.5  18.9  18.1  16.8  17.7  15.1  10.0   9.5 
1974   8.5   9.4  10.6  11.9  14.2  16.8  18.7  18.4  18.5  15.8  10.3   8.4 
1975   7.6  10.0  10.0   9.3  15.5  16.1  17.9  18.0  17.6  13.9   9.1   9.1 
1976   8.5  10.2   9.7  11.4  15.6  18.1  18.8  18.1  17.9  16.3  12.6   8.5 
1977   7.8  11.7   9.4  13.6  13.4  17.8  18.9  19.2  18.1  15.4  11.4  10.9 
1978  10.1  11.1  13.0  11.5  16.8  17.4  18.4  18.5  19.5  17.3 -99.0   7.5 
1979   8.0 -99.0 -99.0 -99.0 -99.0 -99.0  19.7  19.1  19.9  15.4   9.9   9.4 
1980   9.2  11.8  11.5  13.6  14.7  17.0  19.2  18.0  17.3  16.0  11.6   9.2 
1981   9.5  11.8  11.7  14.6  17.0  22.2  19.2  20.0  17.6  14.1  12.1  10.2 
1982   7.0  10.8  10.7  13.2  15.9  16.2  19.6  20.2  18.6  15.6   9.3   8.8 
1983   8.6  11.5  11.7  12.5  15.7  19.2  20.7  21.0  20.2  17.3  10.4  10.5 
1984   9.6   9.7  13.6  12.8  18.0  18.2  20.2  19.3  21.5  15.0  10.4   7.4 
1985   5.9  10.3   9.2  13.9  13.3  18.1  18.2  17.0  15.9  14.8   8.7   5.8 
1986   9.3  10.7  12.0  11.7  14.1  16.5  17.1  16.1  15.3  14.8  11.8   7.3 
1987   7.3   9.7  10.2  13.5  15.5  16.1  16.3  16.5  16.8  17.8  12.1   9.8 
1988   9.2  12.2  13.7  14.0  15.8  18.3  20.7  19.0  18.5  16.7  12.2   9.3 
1989   8.1   8.2  11.9  15.2  15.7  17.9  19.9  18.6  17.4  15.9  12.7   8.6 
1990   9.0   8.8  11.5  15.1  15.4  19.0  18.9  19.8  19.7  17.8  12.2   6.7 
1991   9.2  12.7  10.0  12.8  14.4  16.4  18.2  18.3  18.6  18.3  13.6   9.1 
1992   7.7  12.5  12.8  15.3  17.4  17.4  19.2  19.6  19.2  18.1  12.9   8.3 
1993   8.0   9.8  13.4  13.6  16.4  20.3  19.6  20.5  18.8  17.1  11.5   8.0 
1994   9.7   9.7  13.4  14.2  15.9  18.8  18.0  20.2  19.2  17.0   9.6   7.9 
1995  11.1  12.6  11.9  13.7  14.8  18.1  20.6  20.4  19.7  18.3 -99.0  11.3 
1996  10.1  12.2  13.5  15.1  16.9  19.4  19.8  20.7  18.5  17.4  13.2 -99.0 
1997 -99.0 -99.0 -99.0 -99.0 -99.0 -99.0 -99.0 -99.0 -99.0 -99.0 -99.0 -99.0 
1998 -99.0 -99.0 -99.0 -99.0 -99.0 -99.0 -99.0 -99.0 -99.0 -99.0 -99.0 -99.0 
1999 -99.0 -99.0 -99.0 -99.0 -99.0 -99.0 -99.0 -99.0 -99.0 -99.0 -99.0 -99.0 
2000 -99.0 -99.0 -99.0 -99.0 -99.0 -99.0 -99.0 -99.0 -99.0 -99.0 -99.0 -99.0 
2001 -99.0 -99.0 -99.0 -99.0 -99.0 -99.0 -99.0 -99.0 -99.0 -99.0 -99.0 -99.0 
2002 -99.0 -99.0 -99.0 -99.0 -99.0 -99.0 -99.0 -99.0 -99.0 -99.0 -99.0 -99.0 
2003 -99.0 -99.0 -99.0 -99.0 -99.0 -99.0 -99.0 -99.0 -99.0 -99.0 -99.0 -99.0 
2004 -99.0 -99.0 -99.0 -99.0 -99.0 -99.0 -99.0 -99.0 -99.0 -99.0 -99.0 -99.0 
2005 -99.0 -99.0 -99.0 -99.0 -99.0 -99.0 -99.0 -99.0 -99.0 -99.0 -99.0 -99.0 
2006 -99.0 -99.0 -99.0 -99.0 -99.0 -99.0 -99.0 -99.0 -99.0 -99.0 -99.0 -99.0 
2007 -99.0 -99.0 -99.0 -99.0 -99.0 -99.0 -99.0 -99.0 -99.0 -99.0 -99.0 -99.0 
