Number= 724931
Name= UKIAH---------------
Country= USA---------
Lat=   39.2
Long=  123.2
Height= 192
Start year= 1924
End year= 2007
First Good year= 1924
Source ID= 10
Source file= Jones+Anders
Jones data to= 1996
Normals source= Data
Normals source start year= 1961
Normals source end year= 1990
Normals=   8.0  10.0  10.9  12.9  16.4  20.0  22.9  22.7  20.4  16.3  10.9   7.9 
Standard deviations source= Data
Standard deviations source start year= 1941
Standard deviations source end year= 1990
Standard deviations=   1.2   1.4   1.2   1.8   1.3   1.4   1.3   1.1   1.2   1.3   1.2   1.2 
Obs:
1924   6.3  11.2   9.4  14.3  18.0  20.4  22.0  22.2  19.9  13.3  11.1   6.9 
1925   8.7  10.6  10.6  13.9  16.2  20.5  22.4  21.1  17.2  15.4   9.8   9.7 
1926   8.1  10.8  14.2  16.4  17.1  22.7  23.7  22.0  17.7  15.9  12.9   7.0 
1927   8.1   8.9  10.2  12.8  15.3  20.1  23.1  21.4  17.3  15.8  12.2   6.7 
1928   8.2  10.0  12.4  12.4  17.9  19.4  23.3  22.2  19.2  15.1  10.2   6.5 
1929   6.6   7.6  10.6  10.7  16.3  19.1  21.6  22.4  19.2  16.7  10.9  10.6 
1930   6.6  11.1  12.6  13.3  14.0  19.7  22.4  21.8  18.6  16.1  11.7   7.1 
1931   8.8  10.8  12.8  14.5  19.6  19.4  25.3  23.0  18.6  15.8  10.2   6.9 
1932   6.7   8.9  12.9  12.1  16.7  21.7  22.6  23.0  22.9  16.9  13.2   6.2 
1933   6.3   8.0  11.0  13.4  13.8  18.8  24.4  23.6  18.9  19.1  12.7   8.9 
1934  10.4  11.1  15.7  16.0  17.5  19.9  22.4  23.3  20.9  15.7  11.7   7.9 
1935   7.0   9.7   8.6  12.7  16.9  20.7  22.1  23.4  21.3  15.4  10.0   8.0 
1936   9.2   9.3  12.6  14.6  17.6  19.4  23.6  23.8  20.6  17.0  11.6   7.2 
1937   3.4   7.5  11.0  12.0  16.9  19.4  23.6  23.0  20.2  16.8  12.0   8.9 
1938   9.4   9.1   9.2  13.0  17.3  21.3  23.7  21.8  20.1  15.0  10.1   9.8 
1939   8.2   7.9  11.8  15.2  16.7  19.8  23.0  22.4  21.2  16.4  11.9   9.4 
1940   9.2  10.4  12.9  14.1  17.9  21.9  21.7  22.6  18.4  15.8  10.3   9.8 
1941   9.1  10.7  12.2  12.7  16.4  17.6  23.9  20.7  18.7  15.1  12.4   8.8 
1942   8.6   8.9  10.7  12.1  14.5  19.1  23.6  23.2  20.6  16.6  10.8   8.3 
1943   7.9  10.4  12.1  13.8  16.3  17.7  22.4  21.2  21.9  15.1  12.1   8.4 
1944   7.4   8.4  12.0  11.2  16.2  18.1  22.4  22.1  21.4  16.9  10.2   9.1 
1945   8.7  10.3   9.0  13.5  15.3  20.3  24.0  22.0  21.0  16.8  10.7   8.3 
1946   7.6   7.6  10.3  13.8  16.6  17.9  22.4  22.8  19.4  14.2   9.6   8.7 
1947   6.9  11.6  13.5  15.8  18.9  19.6  20.2  21.4  21.7  16.4  10.8   8.0 
1948   9.2   8.2   9.4  10.6  14.4  19.8  21.3  21.6  20.2  16.6  10.9   5.7 
1949   4.2   7.7  10.2  15.4  16.4  21.3  22.8  21.2  21.3  16.1  14.4   7.4 
1950   5.3  10.3  10.8  14.6  17.7  19.4  24.6  24.0  20.7  16.2  13.7  10.4 
1951   8.1   9.8  11.6  15.0  17.4  20.8  22.4  23.2  21.8  16.0  11.6   7.6 
1952   5.9   9.4   9.9  14.7  18.2  18.0  24.4  22.7  22.4  18.6  10.7   8.7 
1953  10.4  11.1  11.4  13.8  14.4  17.6  23.9  21.2  22.6  15.9  12.2   9.1 
1954   8.2  12.1  10.7  15.8  17.7  18.6  23.4  21.2  19.4  15.3  11.8   7.6 
1955   6.6   9.0  10.8  10.7  17.4  19.9  21.6  23.8  21.7  17.2  10.9   9.1 
1956   8.5   7.8  11.3  14.1  16.5  19.9  23.1  21.4  20.9  15.3  11.3   7.8 
1957   5.4  10.1  11.3  14.3  15.9  22.1  22.7  21.6  21.1  14.7  11.1   8.3 
1958   8.4  11.4   9.1  13.4  18.2  20.0  24.3  25.6  21.7  18.2  11.8  10.2 
1959   9.2   8.7  12.4  15.8  15.4  20.1  24.9  23.3  19.4  18.2  12.2   8.1 
1960   7.1   9.4  12.6  12.9  15.2  23.4  25.2  23.2  21.6  16.2  10.6   9.2 
1961   9.3  10.6  10.1  14.2  14.4  22.4  24.1  24.1  20.2  16.4  10.8   7.9 
1962   8.7   8.7   9.7  15.2  14.8  20.7  23.6  22.4  21.1  16.0  12.0   9.5 
1963   7.3  13.4   9.7  10.5  16.7  19.7  21.2  22.2  21.3  16.2  10.9   8.7 
1964   7.1   9.9  10.0  12.9  14.7  18.8  22.4  22.8  19.8  18.1   9.8   8.8 
1965   8.9   9.8  11.4  13.1  15.7  18.4  22.8  22.6  18.9  18.3  11.3   6.6 
1966   7.7   8.5  11.6  16.1  17.8  19.7  21.2  23.0  20.8  17.2  11.7   9.1 
1967   8.6  11.2   9.5   8.4  17.2  20.3  24.2  25.3  22.8  16.9  13.2   7.3 
1968   7.3  12.6  12.3  14.2  15.7  20.9  23.8  21.5  21.4  15.9  11.2   6.7 
1969   6.9   7.7  11.2  12.4  18.7  19.9  23.6  23.8  22.1  15.1  12.1   9.9 
1970   9.5  11.1  12.0  11.3  18.2  20.9  24.4  22.9  20.9  15.6  11.9   7.0 
1971   8.6  10.0  10.1  11.7  15.3  18.6  23.7  23.3  20.4  14.7  10.1   5.8 
1972   7.0   9.8  13.4  12.7  17.2  20.6  23.3  23.2  18.7  14.8   9.9   5.7 
1973   7.2  10.4   9.6  14.7  18.7  22.0  23.7  22.2  19.9  15.9  10.1   9.1 
1974   7.3   8.3  11.2  12.9  16.6  20.8  22.8  23.7  22.5  17.5  10.7   8.3 
1975   8.4   9.0  10.3  10.3  17.7  20.5  22.4  22.4  21.9  14.6   9.7   9.1 
1976   8.3   9.3  10.2  11.3  17.2  18.6  22.9  20.7  20.4  17.0  14.0   8.4 
1977   8.1  11.8   9.8  14.8  12.9  21.9  23.6  23.6  19.7  16.1  11.2   9.6 
1978   9.9  10.8  13.4  11.8  16.9  19.3  23.4  23.6  19.9  18.4  10.4   7.3 
1979   7.7   8.8  12.4  13.3  18.2  20.9  23.6  21.8  22.2  17.0  10.9   9.2 
1980   9.5  11.8  11.1  14.1  15.9  17.4  23.4  22.2  20.4  17.8  12.1  10.1 
1981   8.9  10.5  10.5  13.2  15.9  20.9  22.8  22.1  19.8  13.9  11.6   9.3 
1982   6.0   9.7   8.7  11.2  16.7  18.3  21.1  21.5  18.8  14.8   9.0   7.2 
1983   8.2  10.1  10.1  10.4  16.1  18.7  20.1  21.8  20.9  16.8   9.7   8.6 
1984   9.2   8.9  12.1  11.4  16.9  18.9  24.8  22.1  21.2  13.4   8.9   6.0 
1985   6.7 -99.0   9.0 -99.0  15.1  21.6  24.0  21.0  17.8  15.1 -99.0   7.3 
1986   9.2  10.8  13.1  12.8  15.4  20.0  22.2  23.2  17.1  16.1  10.8   7.4 
1987   6.6   9.5  10.2  14.8  17.9  21.1  19.6  23.0  21.2  18.2  10.6   7.2 
1988   8.0  11.2  12.4  13.5  15.2  19.0  24.4  22.9  20.8  18.0  10.8   7.9 
1989   7.4   7.2  11.2  15.9  15.9  19.6  21.1 -99.0  19.4  15.1  11.1   8.0 
1990   7.7   7.6  11.8  15.3  15.3  19.2  23.4  22.5  20.2  16.6   9.9   4.7 
1991   8.0  12.1   8.7  11.9  14.6  18.2  23.9  21.4  22.8  19.0  11.5   7.6 
1992   7.7  11.5  12.4  15.2  19.8  20.4  22.4  23.5  20.8  17.4  10.8   7.0 
1993   6.8   8.2  12.9  12.5  15.9  18.9  21.5  21.8  20.3  17.0   9.7   6.9 
1994   8.7   8.2  12.8  13.7  16.3  19.4  23.8  21.6  20.7  15.4   7.8   6.6 
1995   9.7  11.8   9.8  12.4  14.8  18.5  22.3  22.5  20.5  16.7  13.6   9.9 
1996   8.8  10.9  12.8  14.1  16.7  20.3  25.1  23.5  20.1  16.0  11.7 -99.0 
1997 -99.0 -99.0 -99.0 -99.0 -99.0 -99.0 -99.0 -99.0 -99.0 -99.0 -99.0 -99.0 
1998 -99.0 -99.0 -99.0 -99.0 -99.0 -99.0 -99.0 -99.0 -99.0 -99.0 -99.0 -99.0 
1999 -99.0 -99.0 -99.0 -99.0 -99.0 -99.0 -99.0 -99.0 -99.0 -99.0 -99.0 -99.0 
2000 -99.0 -99.0 -99.0 -99.0 -99.0 -99.0 -99.0 -99.0 -99.0 -99.0 -99.0 -99.0 
2001 -99.0 -99.0 -99.0 -99.0 -99.0 -99.0 -99.0 -99.0 -99.0 -99.0 -99.0 -99.0 
2002 -99.0 -99.0 -99.0 -99.0 -99.0 -99.0 -99.0 -99.0 -99.0 -99.0 -99.0 -99.0 
2003 -99.0 -99.0 -99.0 -99.0 -99.0 -99.0 -99.0 -99.0 -99.0 -99.0 -99.0 -99.0 
2004 -99.0 -99.0 -99.0 -99.0 -99.0 -99.0 -99.0 -99.0 -99.0 -99.0 -99.0 -99.0 
2005 -99.0 -99.0 -99.0 -99.0 -99.0 -99.0 -99.0 -99.0 -99.0 -99.0 -99.0 -99.0 
2006 -99.0 -99.0 -99.0 -99.0 -99.0 -99.0 -99.0 -99.0 -99.0 -99.0 -99.0 -99.0 
2007 -99.0 -99.0 -99.0 -99.0 -99.0 -99.0 -99.0 -99.0 -99.0 -99.0 -99.0 -99.0 
