Number= 725040
Name= CT BRIDGEPORT
Lat=   41.2
Long=   73.1
Height= 8
Start year= 1948
End year= 2010
First Good year= 1948
Source ID= 10
Source file= Jones
Jones data to= 1990
Normals source= Data
Normals source start year= 1961
Normals source end year= 1990
Normals=  -1.7  -0.9   3.7   9.0  14.6  19.8  23.1  22.7  18.8  13.0   7.5   1.2 
Standard deviations source= Data
Standard deviations source start year= 1948
Standard deviations source end year= 1990
Standard deviations=   2.1   1.8   1.3   1.2   1.3   1.0   0.9   1.0   1.1   1.4   1.3   2.1 
Obs:
1948 -99.0 -99.0 -99.0 -99.0 -99.0 -99.0  23.3  22.7  19.1  12.4   9.3   1.6 
1949   2.2   1.7   4.1  10.3  15.2  21.6  24.9  23.1  17.5  15.3   6.3   2.1 
1950   2.7  -1.5   1.1   7.2  12.8  19.3  22.2  21.5  16.7  13.6   7.8   0.7 
1951   0.6   1.1   4.0  10.2  15.3  19.4  23.3  22.0  18.5  13.4   5.1   2.2 
1952   0.8   0.8   3.3  10.9  14.5  21.3  24.9  22.6  19.3  11.6   7.4   2.3 
1953   1.6   2.2   4.6   9.8  15.3  20.8  23.3  22.5  19.9  13.9   7.7   3.7 
1954  -2.4   2.8   4.3  10.1  13.9  20.4  22.6  21.3  18.1  15.1   7.0   1.4 
1955  -1.6  -0.1   3.7  10.1  16.7  19.4  25.2  24.5  18.7  14.2   6.0  -2.3 
1956  -0.7   1.0   1.7   7.3  12.9  20.4  21.7  22.2  17.0  12.8   7.1   3.2 
1957  -3.7   1.1   4.5  10.0  15.5  22.0  23.5  21.1  19.4  12.2   8.4   3.2 
1958  -1.2  -3.3   3.7   9.7  13.0  17.8  22.7  22.6  18.0  11.7   7.3  -2.6 
1959  -1.7  -1.7   3.0   9.9  16.3  19.4  23.4  23.9  20.8  13.9   7.0   2.3 
1960  -0.4   1.6   0.0  10.0  14.8  20.6  22.7  22.6  18.3  12.9   8.3  -1.9 
1961  -4.2   0.0   3.1   7.9  12.9  19.6  22.6  22.0  21.4  13.9   7.4   0.6 
1962  -1.4  -2.2   3.4   8.8  15.1  19.9  21.1  20.9  16.8  12.2   5.1  -1.8 
1963  -2.4  -3.8   3.6   9.3  13.8  19.7  22.8  21.0  16.4  14.4   9.3  -2.4 
1964  -0.2  -1.2   3.9   8.0  15.8  19.6  22.4  20.5  18.3  11.7   7.8   1.1 
1965  -3.1  -1.5   2.6   8.0  16.3  19.3  21.8  23.1  19.7  12.8   7.3   3.4 
1966  -1.1  -1.5   2.6   6.3  11.6  19.9  25.0  23.8  19.1  12.7   8.0   1.0 
1967   1.0  -2.6   0.9   7.1  10.6  19.6  23.1  22.4  18.6  13.5   5.0   2.1 
1968  -3.6  -2.3   4.5  11.0  14.4  19.5  23.9  22.9  20.0  14.9   7.4   0.2 
1969  -0.8  -1.2   2.8  10.4  15.4  19.9  22.0  22.9  18.3  12.6   7.3   0.4 
1970  -4.5  -0.3   2.8   9.6  15.3  19.4  23.5  23.1  19.5  14.1   8.7   0.3 
1971  -3.2   0.5   3.4   8.3  14.0  20.8  23.1  22.3  20.5  15.7   6.4   3.6 
1972   0.6  -1.1   2.9   7.8  15.0  18.5  23.4  22.7  19.6  10.7   5.4   1.7 
1973  -0.9  -1.6   5.6   9.5  13.1  21.3  24.0  24.3  20.0  15.5   8.9   3.1 
1974   0.6  -1.4   4.5  11.2  14.7  20.3  24.5  23.9  18.7  11.6   8.0   3.0 
1975   1.8   0.1   2.6   7.1  16.6  19.6  23.6  23.3  18.0  15.0  10.3   1.9 
1976  -2.8   2.4   4.6  10.6  13.8  21.3  21.9  22.8  18.5  11.9   5.8  -1.2 
1977  -4.6  -0.4   5.5   9.5  15.8  18.4  22.6  23.4  19.9  13.8  10.0   0.8 
1978  -3.0  -4.4   2.0   8.3  13.8  19.1  22.9  23.9  17.9  13.0   8.4   2.3 
1979  -0.8  -4.1   6.1   9.7  16.5  19.2  23.2  22.6  18.2  11.8   8.5   3.3 
1980  -0.2  -2.2   2.8   8.9  15.8  19.6  24.3  24.4  20.2  13.0   6.2  -0.4 
1981  -5.5   1.1   3.4   9.6  14.8  20.0  23.3  21.9  17.1  10.3   6.7   1.0 
1982  -5.1   0.4   3.3   7.9  15.3  17.7  22.7  20.7  17.8  11.6   8.3   3.7 
1983  -0.4   0.1   4.7   8.9  13.2  19.8  23.5  22.8  19.6  12.8   8.0   0.6 
1984  -3.0   2.5   1.2   8.8  14.3  21.7  22.8  23.8  17.4  14.3   7.2   4.6 
1985  -3.2   0.1   5.4  10.4  16.1  18.7  23.1  22.6  19.2  13.3   8.1  -0.3 
1986  -0.8  -1.6   4.4  10.3  16.2  19.3  22.8  21.5  18.2  12.4   5.7   1.9 
1987  -1.1  -1.1   5.2  10.1  14.9  20.3  23.8  21.7  18.4  10.7   7.2   2.7 
1988  -3.1  -0.4   4.1   8.9  15.2  20.1  24.1  24.2  18.1  10.3   7.7   0.4 
1989   1.0  -0.6   3.8   8.8  15.3  20.3  22.1  22.0  18.4  12.7   6.2  -4.8 
1990   2.6   1.7   4.5   9.6  13.8  20.6  23.3  23.3  18.7  15.3   8.1   4.4 
1991 -99.0 -99.0 -99.0 -99.0 -99.0 -99.0 -99.0 -99.0 -99.0 -99.0 -99.0 -99.0 
1992 -99.0 -99.0 -99.0 -99.0 -99.0 -99.0 -99.0 -99.0 -99.0 -99.0 -99.0 -99.0 
1993 -99.0 -99.0 -99.0 -99.0 -99.0 -99.0 -99.0 -99.0 -99.0 -99.0 -99.0 -99.0 
1994 -99.0 -99.0 -99.0 -99.0 -99.0 -99.0 -99.0 -99.0 -99.0 -99.0 -99.0 -99.0 
1995 -99.0 -99.0 -99.0 -99.0 -99.0 -99.0 -99.0 -99.0 -99.0 -99.0 -99.0 -99.0 
1996 -99.0 -99.0 -99.0 -99.0 -99.0 -99.0 -99.0 -99.0 -99.0 -99.0 -99.0 -99.0 
1997 -99.0 -99.0 -99.0 -99.0 -99.0 -99.0 -99.0 -99.0 -99.0 -99.0 -99.0 -99.0 
1998 -99.0 -99.0 -99.0 -99.0 -99.0 -99.0 -99.0 -99.0 -99.0 -99.0 -99.0 -99.0 
1999 -99.0 -99.0 -99.0 -99.0 -99.0 -99.0 -99.0 -99.0 -99.0 -99.0 -99.0 -99.0 
2000 -99.0 -99.0 -99.0 -99.0 -99.0 -99.0 -99.0 -99.0 -99.0 -99.0 -99.0 -99.0 
2001 -99.0 -99.0 -99.0 -99.0 -99.0 -99.0 -99.0 -99.0 -99.0 -99.0 -99.0 -99.0 
2002 -99.0 -99.0 -99.0 -99.0 -99.0 -99.0 -99.0 -99.0 -99.0 -99.0 -99.0 -99.0 
2003 -99.0 -99.0 -99.0 -99.0 -99.0 -99.0 -99.0 -99.0 -99.0 -99.0 -99.0 -99.0 
2004 -99.0 -99.0 -99.0 -99.0 -99.0 -99.0 -99.0 -99.0 -99.0 -99.0 -99.0 -99.0 
2005 -99.0 -99.0 -99.0 -99.0 -99.0 -99.0 -99.0 -99.0 -99.0 -99.0 -99.0 -99.0 
2006 -99.0 -99.0 -99.0 -99.0 -99.0 -99.0 -99.0 -99.0 -99.0 -99.0 -99.0 -99.0 
2007 -99.0 -99.0 -99.0 -99.0 -99.0 -99.0 -99.0 -99.0 -99.0 -99.0 -99.0 -99.0 
2008 -99.0 -99.0 -99.0 -99.0 -99.0 -99.0 -99.0 -99.0 -99.0 -99.0 -99.0 -99.0 
2009 -99.0 -99.0 -99.0 -99.0 -99.0 -99.0 -99.0 -99.0 -99.0 -99.0 -99.0 -99.0 
2010 -99.0 -99.0 -99.0 -99.0 -99.0  22.1  25.6  24.0  20.8  13.9 -99.0 -99.0 
