Number= 725180
Name= ALBANY, NEW YORK
Country= UNITED STATES
Lat=   42.8
Long=   73.8
Height= 89
Start year= 1820
End year= 2011
First Good year= 1820
Source ID= 10
Source file= Jones+Anders
Jones data to= 2001
Normals source= Data
Normals source start year= 1961
Normals source end year= 1990
Normals=  -6.4  -4.8   1.2   7.9  14.2  19.2  21.8  20.5  16.1  10.0   4.1  -3.1 
Standard deviations source= Data
Standard deviations source start year= 1941
Standard deviations source end year= 1990
Standard deviations=   2.9   2.4   2.1   1.8   1.6   1.6   1.1   1.1   1.4   1.8   1.7   2.5 
Obs:
1820  -6.2  -2.0  -0.4  10.0  14.9  21.8  24.6  21.1  17.8   9.1   1.2  -5.9 
1821  -8.6  -1.9  -0.5   5.9  15.0  21.4  21.2  21.8  17.6   9.8   3.1  -4.5 
1822  -8.2  -4.8   2.1   7.7  16.4  21.0  22.6  20.1  18.0  10.8   5.1  -3.2 
1823  -4.9  -8.0  -0.9   9.1  14.1  20.2  22.9  21.2  14.7   8.4   0.6  -2.3 
1824  -2.9  -3.9  -0.2   7.8  12.3  18.7  20.4  19.0  16.1  10.2   2.3  -0.9 
1825  -3.9  -3.3   3.3   9.4  15.6  22.5  24.4  21.3  15.2  11.6   2.3  -2.2 
1826  -2.6  -1.7   2.9   7.1  19.0  21.2  22.5  21.5  17.7  11.4   3.8  -2.7 
1827  -8.6  -3.4   2.3  10.4  15.0  20.0  22.2  20.3  16.3  11.0   0.6  -2.2 
1828  -1.5   0.9   3.4   7.3  16.0  23.2  21.0  21.8  16.2   9.2   3.7   0.8 
1829  -5.2  -7.6  -0.3   8.5  17.6  20.0  19.6  19.7  13.3  10.7   3.4   1.3 
1830  -4.6  -4.9   2.5  12.9  14.8  18.8  22.6  20.5  16.0  11.3   7.6   0.0 
1831  -6.6  -6.0   4.3  10.8  16.4  22.6  22.0  21.4  17.0  11.4   3.6  -9.3 
1832  -4.7  -5.8   1.0   6.8  13.3  20.2  21.1  19.8  16.4  10.4   4.2  -2.2 
1833  -1.8  -6.4  -0.6  10.6  16.9  17.0  20.2  16.1  15.1   8.9   2.0  -2.9 
1834  -6.4  -0.1   1.6   9.3  14.9  18.5  23.5  20.1  16.1   7.9   2.3  -4.6 
1835  -6.3  -6.6  -0.4   6.4  14.3  19.5  21.0  19.0 -99.0  11.3   3.2  -7.0 
1836  -5.4  -9.6  -3.6   5.5  14.9  18.3  21.8  17.2  15.2   5.7   2.0  -4.3 
1837  -9.2  -5.7  -1.6   5.9  13.5  20.0  20.4  18.9  15.0   8.4   3.2  -3.8 
1838  -0.8  -9.8   2.0   4.5  13.4  22.1  21.9  20.5  16.2   8.7   0.9  -5.8 
1839  -5.3  -2.7   1.0   9.4  14.0  17.7  21.7  20.0  16.2  10.8   1.6  -3.4 
1840  -9.1  -0.8   1.5  10.0  16.2  19.7  22.7  21.2  14.6   9.9   3.1  -4.8 
1841  -2.6  -5.7  -0.7   5.2  13.6  22.3  21.5  21.7  18.0   7.4   2.2  -2.1 
1842  -2.4  -0.8   3.4   9.2  12.5  18.7  21.9  20.3  14.3   9.4   1.5  -5.3 
1843  -1.7  -8.6  -4.5   7.6  14.3  19.1  20.9  21.0  16.8   8.0   1.4  -2.0 
1844  -9.7  -5.0   1.1  12.1  15.6  19.6  20.8  19.9  16.6   9.6   2.5  -2.6 
1845  -3.5  -5.0   3.4   8.1  14.7  20.7  22.5  22.5  15.5  11.8   5.7  -6.3 
1846  -3.8  -7.1   2.3  10.9  17.0  20.0  22.0  21.6  19.6   9.9   6.5  -3.4 
1847  -3.6  -4.8  -1.7   6.4  16.0  19.2  22.9  20.8  16.0   9.7   6.1   0.1 
1848  -1.7  -4.5   0.0   9.0  16.8  21.0  21.3  21.3  14.3  10.5   2.9   0.9 
1849  -6.7  -7.1   1.9   6.3  13.5  19.7  21.6  20.2  14.8   9.6   7.3  -2.8 
1850  -2.9  -2.6   0.0   6.2  11.3  19.8  21.9  19.2  15.3   9.9   5.1  -5.0 
1851  -4.1  -1.8   2.3   7.6  13.6  17.9  20.6  18.7  13.4  11.8   1.6  -6.0 
1852  -7.6  -3.4  -0.7   5.0  14.4  19.6  21.7  19.0  15.3  10.7   3.3   0.7 
1853  -4.3  -3.1   1.8   7.8  14.8  21.3  21.1  21.1  16.4   8.8   4.3  -2.9 
1854  -3.3  -5.2   0.4   6.5  16.2  21.0  24.5  20.9  17.2  12.0   4.7  -5.7 
1855  -1.3  -6.1   0.6   8.0  15.7  19.2  23.2  19.9  17.8  11.2   5.5  -1.4 
1856  -5.9  -6.3  -3.3   8.6  12.5  21.2  23.5  18.3  16.4   9.8   3.7  -2.7 
1857 -11.7  -0.9   0.1   5.9  13.2  18.4  22.5  19.6  15.7   9.6   3.8  -0.2 
1858  -1.9  -8.0  -0.9   7.7  12.0  23.8 -99.0 -99.0 -99.0 -99.0 -99.0 -99.0 
1859 -99.0 -99.0 -99.0 -99.0 -99.0 -99.0 -99.0 -99.0 -99.0 -99.0 -99.0 -99.0 
1860  -3.4  -5.0   1.9   7.0  18.7  19.0  19.5  19.5  14.3   9.9   5.8  -4.5 
1861 -99.0 -99.0 -99.0 -99.0 -99.0 -99.0 -99.0 -99.0 -99.0 -99.0 -99.0 -99.0 
1862  -5.1  -6.9  -1.6   5.3  13.2  17.2  20.6  20.0  16.4   9.6   2.0  -3.7 
1863  -3.3  -6.1  -4.9   6.0  14.8  18.5  22.4  20.8  14.0   8.9   3.5  -5.5 
1864  -5.4  -3.7  -0.9   6.0  16.7  20.7  23.4  21.3  14.1   7.7   2.2  -4.1 
1865  -8.8  -6.7   1.8   8.2  13.8  22.2  21.3  20.2  18.1   7.0   2.6  -2.4 
1866  -8.1  -5.0  -1.6   9.3  13.0  19.8  24.1  18.0  15.2  10.1   3.8  -5.4 
1867  -9.8  -1.9  -1.6   7.0  12.0  22.2  21.9  21.4  15.6   9.3   2.4  -7.4 
1868  -9.3 -10.3   0.1   4.6  13.7  21.1  25.8  21.0  14.7   7.1   1.6  -6.9 
1869  -4.2  -4.4  -4.0   7.0  13.9  20.0  21.7  20.0  16.8   7.6   0.8  -3.6 
1870  -2.1  -6.3  -2.9   8.9  15.6  23.8  24.3  21.7  17.2  11.1   3.6  -3.2 
1871 -99.0 -99.0 -99.0 -99.0 -99.0 -99.0 -99.0 -99.0 -99.0 -99.0 -99.0 -99.0 
1872 -99.0 -99.0 -99.0 -99.0 -99.0 -99.0 -99.0 -99.0 -99.0 -99.0 -99.0 -99.0 
1873 -99.0 -99.0 -99.0 -99.0 -99.0 -99.0 -99.0 -99.0 -99.0 -99.0 -99.0 -99.0 
1874  -2.4  -6.1  -0.4   2.4  13.5  19.6  21.3  18.8  17.1   9.7   2.1  -3.1 
1875  -9.4 -10.0  -3.6   3.8  13.9  19.6  20.6  20.9  14.5   8.3  -0.4  -3.8 
1876  -2.1  -5.0  -2.0   5.7  13.5  21.9  22.5  21.8  14.6   7.9   3.6  -9.4 
1877  -8.8  -2.7  -1.7   7.5  13.8  20.1  21.5  21.3  17.2   9.8   4.1  -1.5 
1878  -5.5  -5.2   2.8  10.4  13.2  18.3  22.5  20.4  17.1  11.4   2.6  -3.5 
1879  -8.4  -8.0  -1.6   5.2  15.6  18.8  21.1  19.1  14.8  13.2   2.3  -3.0 
1880  -2.1  -3.8  -1.2   8.6  17.9  21.2  22.4  19.9  17.0  10.0   1.8  -5.8 
1881  -8.2  -4.5   1.0   7.1  17.3  17.5  21.8  21.3  20.3  12.1   5.0   1.7 
1882  -3.9  -1.5   2.1   7.1  12.0  19.7  21.7  21.1  17.1  12.8   3.8  -2.4 
1883  -6.2  -3.6  -2.7   7.3  13.8  21.3  21.2  19.4  14.9   9.7   5.2  -2.5 
1884  -6.1  -1.2   0.5   7.5  13.8  21.6  20.0  20.9  18.4   9.9   2.1  -4.3 
1885  -7.1 -11.4  -6.6   6.2  12.8  18.6  21.3  17.9  14.2   9.4   3.3  -3.0 
1886  -7.8  -7.0  -1.3   9.0  13.8  17.9  20.9  19.6  16.1  10.4   2.8  -6.7 
1887  -6.7  -4.7  -2.9   5.9  18.2  20.6  24.2  19.5  14.7   9.8   2.8  -3.6 
1888  -9.8  -5.7  -3.9   6.1  13.9  20.8  20.6  20.6  15.4   7.3   4.2  -2.3 
1889  -0.9  -7.3   1.8   9.3  16.0  19.8  21.5  19.8  17.1   9.1   5.7   0.6 
1890  -1.2  -1.4  -1.4   7.8  13.2  19.9  20.9  20.3  15.8  10.1   3.0  -7.9 
1891  -4.4  -3.0  -0.6   8.5  13.3  19.8  19.6  20.6  18.8   9.9   3.2   1.7 
1892  -5.1  -4.2  -2.0   7.2  13.0  21.4  21.8  20.8  16.1  10.3   3.0  -4.3 
1893  -8.8  -6.6  -1.1   6.0  13.9  21.0  21.2  21.0  14.3  11.8   3.2  -4.6 
1894  -3.4  -6.8   3.5   8.4  14.7  20.6  22.7  19.5  18.5  11.6   2.0  -2.8 
1895  -5.6  -8.1  -2.1   7.7  15.7  22.2  20.4  21.3  18.5   8.3   4.3  -1.2 
1896  -6.9  -4.8  -3.5   9.4  16.8  19.5  22.5  21.4  16.0   8.9   6.1  -4.3 
1897  -4.4  -4.2   1.0   8.2  14.2  17.7  22.7  19.7  16.2  11.4   3.3  -2.2 
1898  -4.6  -3.1   4.9   6.8  13.8  20.7  23.0  21.7  18.4  11.6   3.1  -2.8 
1899  -5.4  -6.5  -1.2   8.5  14.7  21.3  21.9  21.2  15.5  11.7   3.7  -0.9 
1900  -3.6  -4.4  -3.1   8.2  13.7  21.0  22.6  22.5  19.0  14.0   4.9  -3.0 
1901  -4.7  -8.0  -0.4   9.0  14.3  20.8  23.4  21.6  17.5  11.0   0.8  -4.0 
1902  -5.6  -5.5   3.4   8.5  13.2  17.7  20.4  18.9  16.4  10.4   5.8  -5.9 
1903  -4.7  -3.6   5.4   8.3  16.0  17.0  20.9  17.0  17.0  11.3   2.0  -5.9 
1904  -9.9  -9.2  -1.2   5.8  16.3  20.1  21.5  19.6  15.3   9.0   1.0  -7.5 
1905  -6.7  -8.8  -0.2   7.3  14.3  19.1  22.2  19.2  16.2  10.9   2.6  -1.2 
1906  -0.5  -6.6  -2.9   7.9  14.0  20.3  21.7  21.8  18.0  10.9   3.1  -5.3 
1907  -5.7  -9.1   1.9   5.2  10.8  18.5  21.8  19.4  17.0   8.4   3.3  -0.9 
1908  -4.3  -7.7   1.1   6.9  15.4  20.4  22.7  19.7  18.0  11.8   4.1  -3.0 
1909  -3.9  -2.8  -0.3   6.8  13.6  20.0  20.6  19.4  16.0   9.5   5.3  -4.3 
1910  -4.2  -6.6   4.1  10.1  13.8  18.5  22.4  19.7  16.3  11.6   2.5  -6.7 
1911  -3.4  -6.2  -1.1   6.8  17.9  18.8  23.1  20.5  16.2  10.1   2.6   0.3 
1912  -9.8  -7.3  -1.8   7.0  14.6  18.4  21.9  18.8  16.5  11.8   4.8   0.1 
1913   1.1  -6.6   2.8   9.2  13.4  19.5  21.7  20.8  15.7  12.8   5.5  -1.1 
1914  -5.8  -9.9  -0.6   5.9  15.8  18.9  20.7  20.7  16.2  12.3   2.8  -4.4 
1915  -3.0  -2.7  -0.6  10.8  11.9  18.6  20.9  18.6  18.6  11.6   4.3  -3.2 
1916  -1.9  -7.2  -4.1   7.0  13.8  16.8  22.7  21.3  16.5  10.6   3.5  -3.0 
1917  -4.4  -7.3   0.3   6.7   9.8  18.8  22.0  21.5  15.0   8.8   1.3  -9.3 
1918 -10.4  -6.4   1.0   7.4  16.7  17.8  21.2  21.4  14.2  12.0   5.2  -1.0 
1919  -1.8  -2.3   1.9   6.7  14.1  21.3  21.9  19.0  16.3  11.8   3.8  -6.0 
1920 -10.3  -6.6   0.3   6.2  13.3  18.8  20.1  21.0  17.2  14.0   2.9  -1.2 
1921  -2.9  -3.2   5.1  11.1  15.3  19.8  23.7  19.5  19.0  11.0   3.3  -4.1 
1922  -6.7  -3.6   1.9   8.2  16.0  20.3  21.5  19.8  17.3  11.0   4.4  -3.4 
1923  -7.3  -8.2  -2.1   7.2  13.2  20.5  20.5  19.5  17.0  10.4   3.8   1.3 
1924  -3.2  -8.1   0.9   6.7  11.8  18.4  21.4  20.4  14.8  10.7   4.1  -4.2 
1925  -7.9  -1.2   3.2   8.3  11.9  21.3  20.5  20.3  16.2   7.2   3.9  -2.1 
1926  -3.8  -6.6  -2.2   5.0  13.2  17.2  21.7  20.5  15.6   9.6   4.7  -6.9 
1927  -5.5  -1.7   2.9   7.5  12.8  17.6  21.5  18.3  16.7  12.9   6.2  -1.9 
1928  -2.2  -3.8   0.1   6.4  13.7  18.3  22.5  21.6  15.3  12.1   5.3   0.1 
1929  -4.4  -4.8   3.0   7.9  13.9  19.9  21.2  19.2  17.7   9.9   4.6  -3.2 
1930  -3.7  -2.6   1.4   6.8  15.2  22.0  21.7  20.4  18.6  10.6   5.3  -2.1 
1931  -4.8  -4.3   2.3   8.9  14.5  20.0  23.5  20.5  18.6  12.6   7.9  -0.5 
1932   1.8  -2.5  -1.0   6.5  15.2  19.3  20.6  21.0  17.0  12.6   2.7  -1.2 
1933   1.1  -2.5  -0.2   8.5  15.9  21.5  22.7  20.5  17.4  10.3   1.1  -5.2 
1934  -4.2 -11.9  -0.6   7.9  15.5  20.6  22.6  18.6  18.2   9.1   6.1  -4.4 
1935  -7.3  -4.8   1.8   7.3  12.7  19.7  23.2  20.8  14.8  11.3   5.5  -4.7 
1936  -5.1  -8.5   4.9   6.5  16.0  20.3  22.6  20.7  16.6  11.0   2.3  -1.1 
1937   0.2  -1.7  -1.1   7.2  15.8  20.1  22.6  22.9  15.6  10.4   4.8  -2.9 
1938  -5.6  -2.3   3.3   9.9  13.5  19.7  21.7  21.7  14.0  11.2   3.9  -3.1 
1939  -5.9  -5.0  -2.9   4.9  15.2  19.2  21.1  22.0  15.7   9.2   1.2  -3.9 
1940  -9.8  -6.5  -3.7   4.7  13.9  18.0  20.7  18.7  14.7   7.5   2.9  -3.0 
1941  -6.2  -4.0  -1.4  11.8  15.6  20.9  22.9  20.0  17.8  11.9   6.8  -2.2 
1942  -4.2  -5.1   3.9  10.2  16.2  20.3  21.7  20.3  16.8  11.8   4.2  -4.7 
1943  -6.6  -4.0   0.3   5.0  14.4  22.8  22.6  20.7  16.3  11.0   3.1  -4.5 
1944  -3.1  -4.0  -1.1   5.9  17.9  20.1  22.9  22.0  17.6   9.0   4.4  -4.2 
1945  -8.9  -3.4   7.1  10.9  12.4  19.2  21.2  20.5  18.5  10.5   4.8  -5.6 
1946  -3.6  -5.4   6.9   7.7  13.4  19.1  21.7  18.8  17.8  13.2   6.9  -1.2 
1947  -2.1  -5.1   1.1   7.0  13.9  18.8  22.5  22.7  17.8  15.2   3.1  -4.4 
1948  -7.6  -6.3   1.1   8.8  13.7  19.2  22.6  21.8  17.9  10.3   8.0  -0.9 
1949  -0.8  -1.0   2.2   9.7  14.8  22.6  24.1  21.9  15.0  12.9   3.5  -0.9 
1950   0.3  -4.8  -1.7   6.8  14.2  19.5  21.4  19.9  14.7  12.4   5.8  -3.1 
1951  -2.1  -2.1   2.4   9.4  15.5  19.7  22.2  20.2  16.0  11.9   2.0  -2.1 
1952  -2.4  -2.0   1.2  10.8  13.3  21.2  24.3  21.2  17.3   9.6   5.3  -0.4 
1953  -0.7  -0.6   3.1   8.9  15.9  21.2  22.6  20.9  17.5  12.6   6.4   1.2 
1954  -6.0   0.3   1.7   9.8  13.6  20.5  21.6  19.4  16.2  14.0   5.0  -2.0 
1955  -4.7  -3.2   1.1  10.3  17.0  20.0  24.9  23.0  16.2  12.5   3.7  -5.7 
1956  -3.6  -2.2  -0.8   6.8  12.9  20.6  21.0  21.0  15.1  11.7   5.3  -0.4 
1957  -7.3  -1.0   2.8  10.3  14.5  22.3  22.1  19.7  17.6  11.3   6.2   0.9 
1958  -4.3  -6.4   2.6  10.0  12.9  17.6  22.1  21.2  16.5  10.6   5.0  -6.1 
1959  -4.7  -5.8   0.9   9.5  16.7  20.2  23.2  23.0  19.2  12.1   4.2  -1.0 
1960  -4.0  -1.5  -2.4  10.3  16.2  20.2  21.0  20.9  17.4  11.1   6.2  -5.4 
1961  -9.3  -3.6   0.6   6.6  13.0  19.4  22.0  20.9  20.5  12.2   4.1  -2.4 
1962  -5.6  -6.4   1.5   8.3  15.4  26.1  20.6  20.6  14.8  10.1   1.7  -5.0 
1963 -11.1  -8.2   0.9   7.7  13.7  19.6  22.2  19.1  13.8  13.1   6.9  -7.7 
1964  -4.5  -5.4   1.6   7.6  16.5  19.2  23.6  19.0  16.1   9.6   5.2  -2.3 
1965  -7.7  -5.4  -0.4   5.7  15.3  19.4  20.5  20.8  17.6  10.7   3.1  -0.7 
1966  -5.8  -4.8   1.3   6.7  12.2  19.7  22.3  20.7  14.4   9.2   5.7  -2.6 
1967  -2.8  -7.8  -1.7   6.4  10.2  21.1  22.0  20.7  16.3  10.6   1.6  -1.7 
1968 -99.0  -6.1   2.8  10.6  12.7  19.3  22.6  20.3  17.6  11.8   3.6  -4.7 
1969  -6.2  -4.1  -0.5   8.7  13.5  18.9  20.9  21.4  16.9   9.4   4.3  -5.8 
1970 -12.4  -4.9   0.0   9.3  15.8  18.8  22.2  20.9  17.4  11.6   5.5  -5.8 
1971 -10.1  -3.7  -0.8   5.7  12.7  19.1  20.2  19.3  18.2  12.6   2.7  -1.1 
1972  -5.1  -6.1  -0.8   5.1  15.3  17.6  21.6  19.6  15.9   7.6   1.7  -1.7 
1973  -2.8  -5.6   5.5   9.3  12.9  20.4  22.7  22.7  15.8  10.6   4.4  -2.1 
1974  -4.8  -5.9   0.2   8.9  12.3  18.3  20.7  19.9  14.6   6.9   3.7  -1.7 
1975  -3.5  -3.9  -0.7   4.8  16.6  18.4  22.7  21.1  15.2  11.8   7.5  -3.3 
1976  -8.9  -0.3   2.6   9.8  12.8  20.8  20.3  19.7  15.0   8.1   1.6  -5.9 
1977  -9.2  -4.2   4.4   8.2  15.7  18.1  22.1  19.9  16.3   9.8   5.9  -2.9 
1978  -6.6  -8.5  -1.2   5.8  14.1  17.2  19.7  19.9  13.0   8.4   2.9  -2.6 
1979  -6.3 -10.6   3.3   6.9  15.0  18.1  21.7  19.8  15.4   9.3   5.9  -1.2 
1980  -5.2  -7.6   0.2   8.4  14.8  16.6  21.6  20.7  16.2   7.8   0.8  -7.5 
1981 -10.0   0.6   1.5   8.9  14.9  19.8  21.2  20.8  15.1   7.3   3.3  -3.5 
1982  -9.8  -4.8   0.4   6.8  15.3  17.7  21.7  19.1  16.0  10.5   6.3   0.9 
1983  -4.3  -2.9   3.1   8.2  12.7  20.1  22.8  21.5  17.2   9.9   4.2  -4.4 
1984  -7.7   0.2  -1.7   8.7  11.8  19.6  21.0  22.6  15.8  12.3   4.8   1.0 
1985  -6.7  -2.9   2.9   9.8  15.6  16.8  21.5  20.4  17.4  10.1   4.5  -4.2 
1986  -5.0  -5.1   2.9  10.3  16.3  18.1  21.8  19.9  15.6   9.4   2.1  -0.7 
1987  -5.7  -5.7   3.2  10.2  15.6  20.2  23.1  19.6  15.9   8.1   4.5  -0.7 
1988  -6.3  -4.4   1.2   8.1  15.3  18.4  23.9  22.4  15.6   7.8   5.0  -3.0 
1989  -2.3  -4.3   0.8   7.0  15.3  20.0  22.0  21.0  16.9  10.8   4.1 -10.2 
1990   0.4  -2.1   3.2   9.4  12.9  19.6  22.8  21.6  16.5  11.7   5.4   0.9 
1991  -4.9  -1.1   3.0  10.7  17.3  20.6  22.0  21.8  15.5  11.8   4.5  -1.7 
1992  -4.2  -2.8  -0.3   7.1  14.7  18.4  19.8  19.7  16.3   8.1   3.8  -1.2 
1993  -3.0  -7.6  -0.3   9.1  15.3  19.1  22.8  22.1  15.8   9.2   3.6  -2.6 
1994 -10.7  -7.1   0.6   9.0  13.6  20.5  23.3  19.5  16.1  10.1   6.3  -0.2 
1995  -0.4  -5.1   4.4   6.6  13.8  19.4  23.3  21.6  15.1  11.9   1.9  -4.5 
1996  -6.4  -3.9  -0.6   7.8  12.8  20.2  20.8  21.1  16.8   9.5   1.4   0.8 
1997  -5.1  -1.0   0.5   6.6  11.9  19.8  21.3  20.2  15.8   8.8   2.2  -1.3 
1998  -1.8  -0.2   3.6   9.3  17.2  19.1  21.6  21.7  17.3  10.4   4.4   0.9 
1999  -5.7  -2.1   1.3   8.1  15.2  20.9  23.4  20.7  18.2   9.3   6.7  -0.6 
2000  -6.3  -2.4   4.6   7.4  15.2  18.8  19.8  20.3  15.2  10.0   3.3  -5.4 
2001 -99.0  -2.9 -99.0 -99.0 -99.0 -99.0 -99.0 -99.0 -99.0 -99.0 -99.0 -99.0 
2002 -99.0 -99.0 -99.0   9.3  12.6 -99.0  22.9  22.7  18.3   8.7   3.6  -2.8 
2003  -9.2  -6.2   1.1   6.9  13.6  19.0  22.2  22.6  17.2   8.9   5.6  -1.6 
2004  -9.7  -4.1   3.2   9.4  16.3  18.7  21.6  20.6  17.3   9.8   4.1  -2.5 
2005  -7.0  -2.9  -0.6  10.0  12.4  22.6  23.1  23.2  18.9  11.1   5.7  -3.0 
2006  -0.3  -2.4   2.2   9.7  14.7  19.7  23.8  20.9  16.1   9.2   7.0   1.7 
2007  -2.6  -7.1  -0.2   6.8  15.7  20.4  21.4  21.4  17.9  13.7   3.1  -2.3 
2008  -2.5  -3.2   0.8  10.9  12.9  21.3  23.0  20.2  17.9   8.9   4.1  -2.0 
2009  -7.7  -2.6   2.3   9.7  14.3  18.8  20.1  21.6  15.8   9.0   6.4  -2.4 
2010  -4.1  -2.1   5.4  11.0  16.2  19.8  23.8  22.3  18.1  10.2   4.3  -3.3 
2011  -6.3  -4.4   1.4   9.3  16.7 -99.0 -99.0 -99.0 -99.0 -99.0 -99.0 -99.0 
