Number= 725111
Name= TRENTON
Country= USA
Lat=   40.2
Long=   74.8
Height= 17
Start year= 1866
End year= 1980
First Good year= 1866
Source ID= 10
Source file= Jones
Jones data to= 1980
Normals source= Data
Normals source start year= 1961
Normals source end year= 1980
Normals=  -0.6   0.1   5.5  11.0  16.7  21.7  24.2  23.7  19.7  13.5   8.1   2.2 
Standard deviations source= Data
Standard deviations source start year= 1941
Standard deviations source end year= 1980
Standard deviations=   2.4   2.0   2.0   1.5   1.4   1.0   0.9   0.9   1.2   1.5   1.4   2.0 
Obs:
1866  -3.4  -0.9   0.7  10.6  15.0  20.9  25.1  20.4  19.3  12.0   6.8  -0.5 
1867  -5.0   2.3   1.4  10.3  13.8  20.3  23.1  22.5  18.4  12.5   6.5  -1.6 
1868  -2.9  -5.8   2.6   7.6  14.2  20.1  25.5  23.2  18.4  10.1   5.4  -2.6 
1869  -0.9   1.3   1.4   9.5  14.7  20.7  22.3  22.1  18.1   9.5   3.2   0.7 
1870   2.7  -0.4   1.1   9.9  16.2  22.7  24.5  23.3  19.0  13.4   6.1   0.5 
1871  -3.1  -1.2   6.1  11.5  16.5  23.5  22.3  23.0  15.4  13.1   3.6  -2.5 
1872  -2.6  -1.5  -1.3   9.6  17.2  21.8  24.8  23.8  18.8  11.3   3.8  -3.8 
1873  -3.5  -2.6   1.5   8.2  15.5  21.3  24.6  22.6  18.2  11.9   2.4   2.1 
1874   1.4  -0.8   3.1   5.2  15.2  22.1  23.2  21.1  19.2  12.1   4.5   0.4 
1875  -4.2  -4.2   0.2   7.0  16.5  21.4  23.8  22.9  17.8  11.7   3.2   0.5 
1876   2.1   1.0   2.7   9.4  17.1  22.4  25.9  23.2  17.4   9.5   6.6  -3.9 
1877  -2.9   2.4   3.2   9.6  15.6  21.9  24.3  23.6  18.8  13.1   7.1   3.3 
1878  -0.3   1.7   6.8  12.7  15.9  19.2  25.2  23.1  19.9  13.6   5.7  -0.1 
1879  -3.3  -1.8   3.7   8.4  17.4  22.2  24.3  22.4  17.9  15.7   5.7   3.0 
1880   3.5   2.6   3.4  10.4  19.9  22.3  24.3  22.8  19.6  12.0   4.0  -2.6 
1881  -4.1  -1.0 -99.0 -99.0 -99.0 -99.0 -99.0 -99.0 -99.0 -99.0 -99.0 -99.0 
1882 -99.0 -99.0 -99.0 -99.0 -99.0 -99.0 -99.0 -99.0 -99.0 -99.0 -99.0 -99.0 
1883 -99.0 -99.0 -99.0 -99.0 -99.0 -99.0 -99.0 -99.0 -99.0 -99.0 -99.0 -99.0 
1884 -99.0 -99.0 -99.0 -99.0 -99.0 -99.0 -99.0 -99.0 -99.0 -99.0 -99.0 -99.0 
1885 -99.0 -99.0 -99.0 -99.0 -99.0 -99.0 -99.0 -99.0 -99.0 -99.0 -99.0 -99.0 
1886 -99.0 -99.0 -99.0 -99.0 -99.0 -99.0 -99.0 -99.0 -99.0 -99.0 -99.0 -99.0 
1887 -99.0 -99.0 -99.0 -99.0 -99.0 -99.0  26.6  22.6  17.8  12.9   6.5   1.6 
1888  -3.7  -0.3   0.1   9.3  15.9  22.1  22.3  23.4  18.5  10.7   7.8   1.3 
1889   1.7  -3.2   4.0  10.4  17.2  21.3  23.3  22.3  18.7  10.8   7.3   4.6 
1890   4.4   4.3   2.4   9.8  16.5  22.3  23.4  22.7  19.1  12.6   6.0  -1.7 
1891   0.6   3.0   1.6  10.4  15.4  21.6  21.8  23.2  20.7  11.5   5.0   3.9 
1892  -1.4   0.4   0.6   9.0  15.9  23.3  24.5  24.0  18.4  12.4   5.3  -1.0 
1893  -5.9  -2.0   1.5   8.6  15.2  21.5  24.4  23.0  17.4  12.6   4.6   0.6 
1894   1.2  -0.8   6.9   9.9  17.1  21.3  24.6  21.9  20.2  13.0   4.6   1.4 
1895  -1.9  -4.8   2.1   9.6  16.4  22.4  21.9  24.8  21.7  10.3   7.7   3.2 
1896  -1.6   0.7   1.0  12.0  18.8  20.4  24.7  23.8  19.0  12.0  10.0   0.6 
1897  -1.1   1.6   5.4  10.2  16.9  19.2  23.9  22.8  19.8  13.6   7.0   1.8 
1898   1.0   1.1   7.1   8.5  14.6  21.3  24.3  24.2  20.9  14.5   6.1   0.2 
1899  -2.9  -4.3   3.2   9.3  15.8  22.3  23.9  22.5  18.2  14.0   6.4   2.1 
1900  -0.1  -0.3   1.3   9.2  14.8  20.5  23.5  23.8  20.6  14.7   8.3   1.0 
1901  -0.1  -3.7   3.2   8.2  14.0  19.9  24.4  22.8  19.2  12.6   4.0   0.4 
1902  -1.8  -2.1   6.0   9.5  15.0  19.2  22.1  20.5  18.1  13.4   9.5   0.4 
1903  -0.2   2.2   9.3  10.9  17.9  17.6  22.8  20.1  18.1  13.7   4.8  -0.8 
1904  -3.5  -2.3   3.6   9.0  17.4  19.8  21.7  21.2  18.1  11.5   5.0  -2.0 
1905  -1.9  -3.2   4.9   9.9  16.5  19.7  23.5  21.8  18.8  13.0   5.4   2.6 
1906   2.8  -0.3   1.3  10.2  15.8  20.8  22.1  22.9  19.8  12.0   6.1   0.5 
1907  -0.4  -4.1   4.9   6.9  12.4  17.3  21.8  20.4  18.7  10.1   6.1   2.4 
1908  -0.2  -1.9   4.7  10.0  16.0  20.2  23.5  20.7  17.8  13.7   5.7   1.2 
1909   0.5   3.5   2.7   9.4  15.1  20.0  21.0  20.5  17.6  10.4   8.0  -0.3 
1910 -99.0 -99.0 -99.0  14.1  17.6  20.6  26.0  22.6  21.1  15.2   5.7  -1.9 
1911   1.3   0.4   4.4   9.2  20.4  21.9 -99.0 -99.0 -99.0 -99.0   6.7   5.0 
1912  -4.1 -99.0 -99.0  11.2  17.9  21.2  24.2  22.2  20.1  14.8   8.0   3.0 
1913   4.9   0.3   7.8  11.4  16.0  21.4  24.2  22.7  18.4  14.6   7.9   3.5 
1914   0.1  -3.6   2.0   9.2  17.8  20.8  22.2  23.6  18.4  15.0   6.4  -0.8 
1915   1.1   2.2   2.2  12.7  14.7  19.9  23.2  21.6  20.8  13.7   6.9   0.2 
1916   1.9  -2.3   0.1   9.3  16.8  18.8  23.8  23.3  18.9  13.4   6.5   0.1 
1917   0.2  -1.9   4.0   9.5  12.6  21.3  23.9  23.8  16.7  10.9   4.8  -4.1 
1918  -6.4  -1.1   5.4  10.1  18.4  19.6  22.9  24.1  17.0  14.5   7.1   3.6 
1919   1.6   1.3   6.1   9.9  16.7  21.6  23.9  21.4  18.9  14.7   6.6  -1.7 
1920  -4.9  -2.1   4.7   8.8  14.4  20.6  22.8  22.4  19.6  15.3   6.2   3.0 
1921   0.8   1.2  10.0  13.7  15.7  21.7  24.9  21.2  21.4  12.8   7.0   0.6 
1922  -2.0   1.2   5.1  10.9  17.9  22.1  23.0  21.7  19.6  14.3   7.2   0.5 
1923  -0.6  -3.1   3.5  10.1  15.9  23.1  22.8  22.0  19.8  12.7   6.7   5.6 
1924   0.3  -1.3   4.1   9.7  14.0  19.9  22.9  23.0  17.3  13.4   6.7   1.6 
1925  -1.4   4.6   7.2  11.0  15.2  24.0  22.9  22.3  20.3   9.8   6.1   1.3 
1926   0.1  -1.1   2.2   8.4  15.9  18.7  23.3  23.1  18.4  12.4   6.5  -1.8 
1927  -1.1   3.1   6.3   8.9  15.0  19.1  23.4  20.0  19.3  14.3   9.6   2.7 
1928   0.9   0.3   3.9   9.0  15.4  19.9  24.1  24.2  17.4  14.1   8.1   3.4 
1929  -0.2   0.6   7.8  11.2  16.4  21.6  23.7  21.6  19.9  11.8   7.4   1.7 
1930   0.6   3.1   5.0   9.1  17.4  22.8  24.2  22.7  21.6  12.2   7.1   0.9 
1931   0.7   1.3   4.3  10.4  16.6  21.3  25.3  23.3  21.9  15.3  10.6   4.7 
1932   6.3   2.7   2.7   9.6  16.1  21.3  23.7  24.1  19.8  13.9   6.1   3.1 
1933   4.2   0.7   3.7  10.6  17.9  22.2  23.4  23.1  20.6  12.3   5.3   0.1 
1934   1.2  -7.5   2.8  10.1  17.3  23.1  24.8  21.4  20.1  11.8   8.9   0.7 
1935  -1.7  -0.8   6.6   9.8  15.0  21.0  25.0  23.0  17.8  13.1   8.9  -1.5 
1936  -2.3  -4.0   8.0   9.2  17.8  21.1  24.6  23.6  19.8  13.6   5.1   3.3 
1937   4.3   1.4   2.7  10.0  17.7  21.8  24.3  24.4  17.9  12.1   7.0   1.2 
1938   0.1   2.0   6.7  11.9  15.6  21.1  24.4  24.8  18.0  14.1   8.1   2.1 
1939  -0.1   3.2   4.2   9.4  18.0  22.1  23.7  24.6  19.6  13.1   5.8   2.2 
1940  -4.7   0.4   1.9   8.1  16.1  20.9  24.2  21.3  18.3  11.0   6.8   3.5 
1941  -1.3  -0.9   1.9  14.1  18.0  21.6  23.8  22.6  20.3  15.8   9.1   3.3 
1942  -1.0  -1.0   6.3  12.5  18.8  21.7  24.4  22.6  19.7  14.0   7.7  -0.7 
1943  -0.6   1.0   4.7   7.8  17.0  24.2  24.3  23.8  18.7  12.2   6.7   0.4 
1944   1.1   0.8   3.3   9.4  19.4  21.8  25.4  24.1  19.9  12.8   7.3  -0.1 
1945  -3.9   1.2  11.0  13.3  15.7  22.0  23.7  22.6  20.8  12.9   8.3  -0.9 
1946   0.9   0.6   9.7  10.6  16.9  20.5  23.9  21.3  20.6  15.8   9.9   3.2 
1947   3.4  -1.8   3.3  11.0  16.1  20.3  23.9  23.9  19.6  16.6   6.3   1.1 
1948  -3.6  -0.4   6.2  10.7  16.2  21.0  24.6  23.4  19.7  12.7  10.7   2.8 
1949   4.1   3.8   6.1  11.7  16.9  22.8  25.8  24.2  17.9  16.2   6.8   3.6 
1950   5.7   0.2   2.8   9.1  15.1  21.1  23.4  22.4  17.3  14.7   8.3   0.8 
1951   2.0   2.1   5.4  11.2  16.8  21.1  24.3  23.1  19.4  14.6   5.6   3.3 
1952   2.4   2.6   4.5  12.5  15.9  22.9  25.8  23.2  19.9  11.7   8.1   3.2 
1953   3.0   3.5   6.4  11.1  17.3  22.2  24.6  23.3  20.1  14.7   8.3   4.3 
1954  -0.6   4.8   5.3  12.6  15.2  21.6  24.4  22.2  19.4  15.5   6.8   1.8 
1955  -0.8   1.5   5.6  12.3  18.3  20.4  26.9  25.2  19.1  14.8   6.5  -1.4 
1956   0.1   2.8   3.3   9.6  15.1  22.1  22.6  23.3  17.9  14.0   7.8   5.1 
1957  -1.8   2.7   5.4  11.9  17.2  23.6  24.8  22.3  20.6  12.6   9.1   4.0 
1958  -0.2  -2.1   4.6  12.2  15.8  19.7  24.9  23.1  18.9  12.7   8.2  -1.6 
1959  -0.2   0.2   4.9  12.2  18.6  22.3  24.4  24.7  21.4  15.3   7.2   3.3 
1960   1.4   2.3   0.6  13.2  16.8  21.9  23.4  23.6  19.3  13.3   8.9  -1.6 
1961  -3.1   2.1   5.3   9.2  15.1  21.4  24.3  23.4  22.7  14.4   8.6   1.1 
1962  -0.2  -0.6   5.2  11.6  17.7  22.2  22.8  22.5  17.5  13.8   6.1  -0.8 
1963  -1.7  -2.7   6.3  11.5  15.8  21.8  24.3  22.6  17.0  15.6  10.1  -1.4 
1964   1.6  -0.2   6.1   9.6  17.9  21.9  24.3  22.2  19.5  12.1   9.4   2.7 
1965  -1.7   0.7   3.8   9.7  19.1  21.2  23.7  23.1  20.1  12.4   7.4   3.6 
1966  -1.2   0.6   5.9   9.0  15.6  23.1  25.7  24.4  18.6  12.8   9.1   2.5 
1967   3.2  -0.9   3.8  10.8  13.6  22.9  24.2  23.1  18.5  13.4   5.7   3.6 
1968  -2.1  -0.8   7.2  12.7  15.2  21.4  24.8  24.3  20.7  14.8   8.0   0.9 
1969  -0.4   0.4   4.1  12.9  17.8  22.4  23.3  24.3  19.7  13.3   7.4   0.8 
1970  -3.6   0.6   3.2  10.6  17.6  21.3  24.7  24.6  21.3  14.8   8.9   1.9 
1971  -2.2   2.1   4.6  10.2  15.3  22.4  24.1  23.1  21.1  16.8   7.3   5.6 
1972   2.0  -0.2   4.4   9.8  16.5  19.8  24.6  23.8  20.2  11.2   6.7   4.4 
1973   1.6   0.5   8.1  11.7  15.1  23.2  24.9  25.1  20.6  14.9   8.7   3.8 
1974   2.0   0.1   5.8  12.9  16.1  20.4  24.2  23.8  19.0  12.1   8.7   4.1 
1975   2.9   2.0   4.3   8.6  18.7  21.9  24.3  24.0  17.9  15.2  11.4   2.6 
1976  -1.8   5.2   7.3  12.9  16.3  23.1  23.4  23.2  19.1  11.3   4.9  -0.7 
1977  -5.7   1.4   8.8  12.3  18.3  21.1  25.0  23.8  20.3  12.4   8.6   1.3 
1978  -2.1  -3.2   3.9  10.4  15.7  21.8  23.0  24.3  18.6  12.9   8.6   3.4 
1979   0.1  -4.7   8.0  10.6  17.3  20.3  23.6  23.6  19.7  12.7  10.4   4.1 
1980   0.5  -0.9   4.8  12.3  18.4  20.9  25.7  25.7  21.3  12.7   6.4   0.3 
