Number= 725230
Name= CLEVELAND/CLE-------
Country= USA---------
Lat=   41.4
Long=   81.9
Height= 245
Start year= 1947
End year= 2007
First Good year= 1947
Source ID= 30
Source file= Jones+Anders
Jones data to= 1996
Normals source= Data
Normals source start year= 1961
Normals source end year= 1990
Normals=  -4.0  -2.7   3.1   8.8  14.6  19.8  22.2  21.3  17.8  11.6   5.9  -0.4 
Standard deviations source= Data
Standard deviations source start year= 1947
Standard deviations source end year= 1990
Standard deviations=   3.1   2.5   2.3   1.7   1.8   1.4   1.2   1.1   1.4   1.8   1.6   2.6 
Obs:
1947 -99.0 -99.0 -99.0 -99.0 -99.0 -99.0 -99.0 -99.0 -99.0 -99.0 -99.0  -0.7 
1948  -6.9  -2.1   4.0  11.6  13.6  19.9  23.0  21.5  18.6   9.5   7.9   0.6 
1949   1.4   1.1   3.0   8.7  16.5  23.0  24.9  22.4  15.0  14.5   4.7   0.8 
1950   2.3  -1.8   0.7   6.2  15.8  19.8  21.1  20.9  17.4  13.7   2.5  -4.2 
1951  -1.5  -1.4   3.5   8.3  15.9  20.4  22.6  20.7  16.6  13.7   1.6  -1.3 
1952  -0.2  -0.1   2.7  10.2  14.4  22.6  24.2  21.6  18.1   9.0   6.2   1.2 
1953   0.6   0.7   4.1   6.9  15.9  21.1  22.8  22.2  17.8  13.3   6.7   0.8 
1954  -2.3   2.1   1.3  12.1  13.4  21.5  22.0  20.9  19.0  12.7   5.3  -0.3 
1955  -3.2  -1.0   3.3  12.8  16.4  19.2  25.4  23.6  18.7  11.9   3.1  -2.4 
1956  -2.8  -0.7   1.8   7.2  13.6  19.6  21.3  21.2  15.3  14.1   5.4   2.9 
1957  -5.4   0.3   3.0   9.9  14.4  20.5  21.5  20.4  17.4  10.2   5.4   1.9 
1958  -2.5  -5.2   1.5  10.2  14.1  17.2  22.3  20.4  17.4  12.1   6.3  -5.2 
1959  -4.8  -2.0   2.1   9.4  17.3  20.3  22.1  23.6  19.6  11.6   3.4   1.8 
1960  -0.4  -1.4  -4.5  10.6  13.8  18.8  19.8  21.0  18.3  10.6   5.8  -5.1 
1961  -5.8  -0.2   4.4   6.4  12.4  18.4  21.9  21.6  20.3  13.8   5.8  -1.3 
1962  -4.6  -3.3   1.0   8.6  18.3  19.9  20.8  21.2  16.7  12.5   5.8  -3.4 
1963  -7.8  -8.1   4.0   9.1  12.6  19.9  21.8  19.3  15.7  15.2   6.6  -5.6 
1964  -1.3  -3.7   2.8   9.4  16.0  19.7  22.3  19.7  17.5   9.6   6.8   0.1 
1965  -2.7  -2.3  -0.2   7.6  17.3  19.4  20.6  20.4  19.7  10.7   5.8   3.0 
1966  -5.6  -3.0   3.2   7.9  12.4  20.5  22.6  20.5  16.1  10.2   6.0  -0.9 
1967   0.2  -3.4   2.9   9.8  11.3  22.1  20.9  20.5  16.5  12.2   3.7   1.5 
1968  -5.0  -5.3   3.1   9.7  12.5  19.1  21.1  22.1  17.7  11.2   5.8  -1.2 
1969  -3.7  -2.3   1.3   9.7  14.8  18.6  22.5  22.1  17.6  11.1   4.6  -2.7 
1970  -7.3  -2.7   1.0  10.1  17.1  21.0  22.2  21.1  18.9  12.5   5.3   0.2 
1971  -5.9  -2.3  -0.3   6.2  13.6  21.7  20.9  20.5  19.9  15.5   5.2   3.4 
1972  -2.6  -3.5   1.6   7.8  14.8  17.1  21.9  20.5  17.7   9.5   4.3   1.4 
1973  -0.9  -2.3   8.1  10.1  13.7  21.3  22.6  22.9  19.1  14.3   7.0   1.3 
1974   0.0  -2.4   4.3  10.8  13.6  19.0  22.4  21.3  15.5  10.7   6.1  -0.2 
1975  -0.1  -0.9   1.5   5.5  16.8  21.0  21.8  22.4  14.8  12.1   8.3   0.0 
1976  -5.8   2.2   7.2   9.5  12.9  20.9  22.0  20.2  16.2   8.9   0.9  -4.9 
1977 -11.7  -3.9   6.0  10.8  16.6  17.4  22.8  20.9  18.7  11.4   7.5  -1.6 
1978  -6.7  -8.5   0.2   8.4  15.3  20.6  22.3  22.8  20.7  11.8   6.8   0.9 
1979  -5.6  -7.2   6.0   8.1  13.8  19.4  21.7  22.0  18.3  11.3   5.8   0.9 
1980  -3.6  -5.7   0.9   7.9  14.7  17.8  22.4  22.9  18.2   8.8   4.1  -2.0 
1981  -6.6  -0.3   2.2  10.4  13.2  20.1  21.9  21.1  16.9  10.0   5.9  -0.8 
1982  -6.8  -3.8   2.8   7.0  18.3  17.9  23.1  19.9  17.1  12.9   7.5   4.7 
1983  -0.8   1.1   4.9   8.4  13.1  20.6  24.0  23.2  18.4  11.9   6.6  -4.9 
1984  -6.3   1.4  -2.0   8.2  12.2  20.9  20.4  21.4  16.2  13.5   4.9   2.5 
1985  -6.3  -3.8   4.7  12.0  15.8  17.1  21.7  20.5  18.3  12.2   7.8  -4.4 
1986  -3.0  -1.8   4.1   9.9  16.0  19.6  22.9  20.6  19.5  12.4   4.6   0.3 
1987  -2.6  -0.8   3.9   9.5  17.2  21.2  24.0  21.6  17.5   8.6   7.9   1.6 
1988  -3.6  -3.5   3.1   8.9  15.4  20.5  24.4  23.5  17.8   8.4   6.6  -0.5 
1989   1.7  -3.3   3.4   7.4  14.2  20.2  23.0  21.7  17.8  12.2   5.0 -99.0 
1990   2.1   1.2   5.5   9.7  13.5  19.8  21.8  21.0  17.5  12.1   7.4   2.0 
1991  -2.7   0.4   4.9  11.5  19.4  21.7  23.7  22.6  18.1  13.1   4.6   1.6 
1992  -1.1   0.4   2.6   8.9  14.4  17.8  21.5  19.8  17.4   9.9   5.6   1.1 
1993   0.2  -3.6   0.9   8.7  15.1  19.9  23.9  22.9  16.8  10.7   5.4  -0.9 
1994  -7.1  -3.1   2.4  10.3  12.6  20.9  22.9  20.7  17.7  12.5   8.8   2.7 
1995  -1.1  -2.8   4.4   8.1  15.2  21.9  24.1 -99.0  17.3  13.5   3.6  -3.3 
1996  -3.4  -2.4  -0.6   8.0  13.7  20.7 -99.0 -99.0 -99.0 -99.0 -99.0 -99.0 
1997 -99.0 -99.0 -99.0 -99.0 -99.0 -99.0 -99.0 -99.0 -99.0 -99.0 -99.0 -99.0 
1998 -99.0 -99.0 -99.0 -99.0 -99.0 -99.0 -99.0 -99.0 -99.0 -99.0 -99.0 -99.0 
1999 -99.0 -99.0 -99.0 -99.0 -99.0 -99.0 -99.0 -99.0 -99.0 -99.0 -99.0 -99.0 
2000 -99.0 -99.0 -99.0 -99.0 -99.0 -99.0 -99.0 -99.0 -99.0 -99.0 -99.0 -99.0 
2001 -99.0 -99.0 -99.0 -99.0 -99.0 -99.0 -99.0 -99.0 -99.0 -99.0 -99.0 -99.0 
2002 -99.0 -99.0 -99.0 -99.0 -99.0 -99.0 -99.0 -99.0 -99.0 -99.0 -99.0 -99.0 
2003 -99.0 -99.0 -99.0 -99.0 -99.0 -99.0 -99.0 -99.0 -99.0 -99.0 -99.0 -99.0 
2004 -99.0 -99.0 -99.0 -99.0 -99.0 -99.0 -99.0 -99.0 -99.0 -99.0 -99.0 -99.0 
2005 -99.0 -99.0 -99.0 -99.0 -99.0 -99.0 -99.0 -99.0 -99.0 -99.0 -99.0 -99.0 
2006 -99.0 -99.0 -99.0 -99.0 -99.0 -99.0 -99.0 -99.0 -99.0 -99.0 -99.0 -99.0 
2007 -99.0 -99.0 -99.0 -99.0 -99.0 -99.0 -99.0 -99.0 -99.0 -99.0 -99.0 -99.0 
