Number= 725210
Name= OH AKRON/AKRON-CANT
Country= ON RE IONAL
Lat=   40.9
Long=   81.4
Height= 368
Start year= 1948
End year= 2011
First Good year= 1948
Source ID= 10
Source file= Jones+Anders
Jones data to= 2001
Normals source= Data
Normals source start year= 1961
Normals source end year= 1990
Normals=  -4.0  -2.6   3.3   9.2  15.0  19.9  22.2  21.3  17.6  11.3   5.5  -0.8 
Standard deviations source= Data
Standard deviations source start year= 1948
Standard deviations source end year= 1990
Standard deviations=   2.9   2.6   2.3   1.7   1.8   1.3   1.0   1.1   1.5   1.8   1.8   2.7 
Obs:
1948 -99.0 -99.0 -99.0 -99.0 -99.0 -99.0  22.2  21.2  18.1   9.1   7.3  -0.1 
1949   1.2   0.8   2.7   7.7  15.6  22.3  23.9  21.7  14.5  13.9   4.2   0.3 
1950   2.3  -1.9  -0.3   5.0  15.0  18.8  20.5  20.2  16.4  12.7   1.7  -5.1 
1951  -2.1  -1.9   2.5   7.4  15.0  19.5  21.6  20.3  15.9  12.7   1.0  -1.6 
1952  -0.7  -0.5   1.8   9.3  13.6  21.7  23.1  21.3  17.5   8.0   5.4   0.4 
1953   0.1  -0.2   3.4   6.7  15.9  20.6  22.3  21.9  17.7  12.8   5.8  -0.1 
1954  -2.4   0.9   0.9  11.9  12.7  20.7  21.9  20.8  18.4  11.9   4.6  -1.5 
1955  -4.1  -1.8   2.8  12.1  16.0  18.3  24.4  23.3  18.5  11.3   2.8  -3.2 
1956  -3.6  -1.1   1.2   7.1  13.4  19.4  20.9  20.8  14.8  13.2   4.6   2.4 
1957  -5.8  -0.4   2.8   9.9  14.8  20.4  21.4  20.7  17.0   9.4   4.7   0.8 
1958  -3.8  -6.1   1.4   9.7  13.8  17.3  22.1  20.3  17.1  10.9   5.6  -6.4 
1959  -5.3  -1.8   1.5   9.2  17.1  19.9  22.4  23.4  19.4  11.3   2.9   0.8 
1960  -1.0  -2.6  -4.4  11.4  13.9  19.3  20.4  21.9  19.1  11.5   5.8  -5.6 
1961  -5.8   0.4   4.1   5.9  12.1  18.7  21.6  21.8  20.4  12.8   5.2  -1.7 
1962  -4.5  -3.0   1.5   9.1  18.7  21.0  21.3  21.8  16.0  12.0   4.8  -4.2 
1963  -7.1  -7.3   4.1   9.2  13.6  20.1  21.8  19.4  16.3  15.0   5.9  -6.4 
1964  -1.8  -3.9   3.0   9.9  16.3  20.0  22.7  19.5  17.4  10.0   7.0  -0.1 
1965  -3.8  -3.2   0.2   8.5  18.1  19.4  21.0  20.6  18.9  10.3   5.7   2.4 
1966  -5.6  -2.0   3.7   7.8  12.1  20.8  23.0  20.9  16.4  10.3   5.4  -0.6 
1967   0.2  -4.0   3.4  10.3  11.8  22.4  21.5  20.1  16.1  11.8   2.6   1.2 
1968  -5.0  -4.8   4.5  11.2  13.9  21.0  22.7  22.7  19.1  12.6   6.1  -0.9 
1969  -2.5  -0.9   1.0  10.1  15.0  18.8  22.3  21.2  16.9  11.2   3.9  -2.8 
1970  -6.9  -3.1   0.8  10.1  16.7  20.4  22.2  21.9  19.8  13.5   5.9   0.0 
1971  -5.3  -0.9   1.3   7.9  14.0  22.0  21.7  20.2  19.3  14.8   3.6   2.1 
1972  -3.5  -4.4   0.3   7.4  15.1  17.3  21.8  21.0  18.1   9.8   4.2   2.0 
1973  -1.3  -2.5   8.6   9.9  14.0  21.7  22.8  22.5  18.7  13.9   7.4   0.5 
1974  -0.8  -2.8   4.0  11.0  14.5  19.1  22.1  21.7  15.6  10.4   6.4  -0.3 
1975  -0.1  -0.4   2.2   6.6  17.3  20.8  22.6  22.9  14.9  12.1   8.6   0.8 
1976  -5.0   2.6   6.3   9.6  12.9  20.3  20.2  19.0  15.4   8.1   0.6  -4.7 
1977 -11.5  -2.8   7.0  12.2  18.7  18.9  23.8  21.8  18.2   9.9   6.5  -2.1 
1978  -7.2  -9.0   0.1   8.3  14.8  19.9  21.4  22.3  20.1  10.1   5.8   0.3 
1979  -6.8  -8.5   5.5   8.1  13.7  19.0  20.7  20.6  17.3  10.4   5.9   0.6 
1980  -2.9  -4.8   1.6   8.5  15.8  17.7  22.5  23.6  18.8   9.2   4.1  -1.4 
1981  -6.0  -0.1   2.2  11.1  14.7  21.0  22.1  21.4  17.1  10.2   6.4  -0.7 
1982  -6.6  -2.4   3.1   7.4  18.9  18.2  23.0  20.1  16.9  12.8   7.2   4.4 
1983  -1.8   0.4   5.4   8.5  13.7  20.2  23.9  23.2  18.5  12.2   6.9  -4.1 
1984  -5.4   2.3  -1.1   9.2  12.6  21.4  21.0  21.1  15.7  13.7   4.5   2.8 
1985  -6.8  -4.0   4.8  12.0  15.9  17.3  21.5  20.7  18.5  12.3   7.5  -4.3 
1986  -3.2  -1.6   4.2  10.9  16.2  19.6  22.7  20.5  19.1  11.9   3.9  -0.2 
1987  -2.9  -0.6   4.5   9.6  16.8  21.0  23.6  21.4  17.4   8.2   7.0   1.1 
1988  -4.1  -2.9   2.9   8.7  15.8  20.0  24.6  23.1  17.1   7.6   5.9  -1.2 
1989   1.2  -3.7   4.2   7.4  13.9  19.7  22.8  21.1  17.2  11.3   4.0  -7.7 
1990   1.6   1.2   5.6   9.6  13.3  19.3  21.3  20.6  17.1  11.9   6.9   1.9 
1991  -2.3   0.8   5.9  12.2  20.4  22.7  24.2  22.8  17.6  12.4   3.7   0.7 
1992  -1.7   0.2   2.2   8.9  14.2  18.1  21.6  19.2  16.6   9.3   4.9   0.6 
1993  -0.3  -3.9   1.8   8.8  15.2  19.6  23.4  23.3  16.2  10.0   5.0  -1.4 
1994  -7.6  -3.2   2.2  10.3  12.7  21.0  22.6  20.4  17.2  11.7   7.8   2.4 
1995  -2.1  -4.1   4.3   8.2  14.6  21.6  23.1  24.2  16.0  11.9   1.8  -4.1 
1996  -4.6  -3.2  -0.2   8.0  13.7  20.4  20.6  20.9  17.1  11.2   1.3   1.1 
1997  -3.8   0.5   3.2   7.2  11.4  19.9  21.7  19.6  16.1  10.6   2.7  -0.3 
1998   0.8   2.8   4.1   9.6  17.7  19.2  21.2  22.0  18.6  10.9   5.9   1.6 
1999  -2.9   0.6   0.9  10.4  16.2  20.8  24.2  20.0  17.4  10.8   6.8   0.1 
2000  -3.7   0.8   6.1   9.5  16.1  20.0  19.8  20.0  16.3  12.2   3.4  -6.3 
2001  -3.1  -0.1   0.9  11.1  15.0  19.9  21.5  22.4  16.2  11.7   8.4   2.0 
2002   0.5   0.2   3.1  10.1  12.7  20.9  23.9  22.6  19.6   9.9   3.8  -1.9 
2003  -7.2  -4.9   3.7  10.3  14.2  18.6  21.6  22.0  16.5   9.8   7.1  -0.5 
2004  -6.4  -2.1   4.2   9.2  17.0  18.4  21.0  19.4  18.1  11.2   6.3  -1.2 
2005  -3.2  -1.2   0.3   9.9  12.8  22.2  23.5  22.6  19.1  11.6   6.0  -3.2 
2006   3.2  -1.8   2.5  11.2  14.5  18.8  22.9  22.0  15.8   9.4   6.4   3.0 
2007  -1.2  -8.0   4.8   8.0  17.1  20.5  20.9  22.8  19.2  14.5   4.4  -0.4 
2008  -2.0  -3.2   0.7  11.0  13.0  20.6  22.2  20.6  18.5  10.3   3.6  -0.8 
2009  -7.7  -1.5   4.6  10.1  15.7  19.5  20.0  21.4  17.6   9.6   7.7  -1.2 
2010  -4.1  -3.5   5.3  12.2  17.0  21.3  23.8  23.4  18.2  11.7   5.6  -4.3 
2011  -5.4  -2.1   2.5  10.5  16.9 -99.0 -99.0 -99.0 -99.0 -99.0 -99.0 -99.0 
