Number= 725480
Name= WATERLOO/WSO-AP-----
Country= USA---------
Lat=   42.6
Long=   92.4
Height= 265
Start year= 1950
End year= 2011
First Good year= 1950
Source ID= 10
Source file= Jones+Anders
Jones data to= 1996
Normals source= Data
Normals source start year= 1961
Normals source end year= 1990
Normals=  -9.7  -6.7   0.8   8.6  15.2  20.6  22.8  21.3  16.5  10.0   2.0  -6.4 
Standard deviations source= Data
Standard deviations source start year= 1950
Standard deviations source end year= 1990
Standard deviations=   3.7   3.5   2.9   1.9   1.8   1.5   1.5   1.5   1.3   2.1   2.1   3.2 
Obs:
1950 -99.0 -99.0  -2.0   4.5  15.3 -99.0  21.3  19.8  17.2  13.9   0.1  -8.8 
1951  -9.7  -5.9  -3.6   6.7  16.9  18.6  22.1  20.6  15.3  10.8  -1.3  -6.6 
1952  -7.2  -0.5  -0.1   9.8  14.8  22.9  24.2  21.2  18.2   7.7   3.3  -3.3 
1953  -5.6  -3.3   2.1   5.9  15.9  22.3  23.4  22.2  17.6  14.2   4.6  -2.5 
1954  -7.4   1.8  -0.5  10.6  12.8  22.7  24.7  21.7  18.6  10.6   4.7  -3.3 
1955  -7.2  -6.9   0.1  12.7  17.1  19.5  26.2  24.3  18.4  10.8  -1.6  -8.2 
1956  -8.7  -6.3  -1.1   7.0  15.5  23.3  22.0  21.8  15.6  13.8   1.8  -4.1 
1957 -11.1  -2.4   0.9   9.4  14.2  19.9  24.9  21.9  15.5   9.1   0.7  -2.4 
1958  -5.8  -9.6   0.4   8.7  15.6  18.0  20.5  21.6  16.9  12.0   3.3  -7.7 
1959 -10.6  -8.0   0.2   8.6  16.8  21.5  22.1  24.4  17.4   8.7  -2.6   0.2 
1960  -6.9  -6.7  -7.4   9.6  14.6  19.0  21.7  22.6  18.1  10.1   3.3  -6.5 
1961  -8.9  -2.6   1.6   5.4  13.4  20.7  22.0  22.0  16.5  12.1   2.7  -7.5 
1962 -11.3  -8.5  -3.4   8.0  18.8  20.8  20.9  21.5  14.8  11.7   3.2  -5.8 
1963 -14.0  -9.3   2.8  10.2  15.1  22.4  22.9  21.1  17.6  16.3   4.9 -12.0 
1964  -4.3  -3.9  -2.0   8.4  17.3  20.6  24.3  20.1  16.1   8.7   3.3  -7.2 
1965 -10.1  -8.6  -5.6   6.8  15.7  19.0  21.3  19.9  14.8  11.0   3.5   0.3 
1966 -13.5  -6.0   3.7   6.5  12.5  21.5  24.3  19.7  16.4  10.5   2.1  -5.3 
1967  -6.6  -8.9   2.5   8.7  12.6  19.6  20.3  18.4  14.5   8.0   0.2  -3.9 
1968  -7.8  -7.1   4.1  10.2  12.3  20.6  21.5  20.8  15.7  10.3   0.9  -7.4 
1969 -10.6  -5.6  -3.3   9.1  15.0  16.6  22.5  21.4  16.1   7.7   0.9  -8.2 
1970 -14.9  -8.1  -1.6   8.8  16.4  20.9  22.5  21.1  16.6   9.9   1.5  -7.0 
1971 -13.5  -8.8  -1.4   8.0  11.9  22.0  19.1  19.3  17.4  12.7   1.5  -4.5 
1972 -12.1 -11.2  -0.7   6.8  16.0  19.5  21.2  21.7  16.2   8.0   0.7  -8.8 
1973  -7.4  -4.2   5.4   7.3  13.6  21.8  23.0  23.2  16.5  12.8   2.9  -6.5 
1974  -8.3  -6.0   0.5   9.6  13.3  19.2  24.1  20.1  14.4  10.7   2.6  -4.2 
1975  -7.5  -7.1  -4.0   6.0  17.3  21.6  23.3  22.7  13.9  11.2   3.9  -3.7 
1976  -8.6  -1.1   2.2  10.3  13.7  20.4  23.2  20.9  15.9   6.4  -3.0 -10.7 
1977 -17.8  -4.8   4.5  10.9  18.6  20.5  23.5  18.8  15.9   7.8   1.1  -8.5 
1978 -16.3 -13.7  -2.1   8.3  15.6  21.2  22.3  21.9  19.5   9.8   1.3  -6.9 
1979 -15.8 -12.4  -0.1   6.9  14.5  20.7  22.4  22.1  18.9  10.7   2.0  -2.1 
1980  -7.2  -8.5  -0.9   9.5  15.4  20.5  24.2  22.8  17.4   7.9   3.0  -5.4 
1981  -7.1  -3.7   3.6  11.5  14.3  20.3  22.5  20.6  15.9   7.9   4.0  -6.9 
1982 -15.8  -7.8   0.2   5.9  18.0  17.8  23.6  21.3  16.4  10.8   1.6  -1.2 
1983  -4.4  -2.3   2.4   6.3  13.3  20.9  25.0  25.2  17.2   9.6   2.9 -14.1 
1984  -8.9  -0.9  -3.1   8.1  14.3  21.2  21.3  22.4  15.7  11.2   2.8  -4.5 
1985 -10.8  -7.9   4.0  12.1  17.4  19.1  22.9  19.8  17.3  10.2  -2.2 -12.9 
1986  -7.0  -8.4   3.4  11.0  15.8  21.2  23.9  19.1  17.7  10.1  -1.7  -4.3 
1987  -5.8   0.0   4.0  11.0  18.3  22.9  25.0  21.0  16.8   7.3   4.9  -2.8 
1988 -10.4  -8.5   2.3   8.8  18.4  22.8  24.4  24.7  18.1   6.8   2.6  -4.8 
1989  -2.7 -10.7   0.1   8.2  14.6  20.4  24.4  22.0  15.4  11.0  -0.2 -99.0 
1990  -1.6  -2.9   4.1   8.7  13.4  21.0  22.1  22.1  18.2   9.4   4.7  -7.7 
1991 -11.2  -3.5   3.3  10.1  17.6  23.4  23.2  22.0  15.9   9.5  -1.8  -3.2 
1992  -3.8  -0.6   3.0   8.0  15.9  20.2  19.9  18.4  15.8  10.5   1.0  -4.8 
1993  -7.6  -6.8  -0.9   7.7  16.1  20.3  22.9  22.5  14.6  10.0   1.2  -3.7 
1994 -13.7  -9.5   2.6   9.6  16.4  22.1  21.5  19.7  18.8  12.2   4.5  -3.2 
1995  -7.8  -4.9   3.1   7.1  14.7  21.9  23.5  25.2  16.0   9.9  -1.3  -4.7 
1996  -9.5  -6.1  -1.1   7.3  13.6  21.5  21.7  21.4  17.0  10.4  -2.3  -7.5 
1997 -10.2  -4.8   2.0   6.9  12.6  21.5  22.4  20.3  17.3  10.9  -0.4  -2.9 
1998  -5.2   1.4   0.9   9.9  18.6  19.8  22.6  22.2  19.4  11.1   4.3  -1.9 
1999  -9.4   0.4   2.1  10.1  16.5  21.1  24.9  20.6  16.4  10.3   6.0  -3.4 
2000  -6.5  -0.6   5.8   9.6  17.1  19.9  22.1  22.1  17.9  12.4   0.3 -13.0 
2001 -99.0 -99.0 -99.0 -99.0 -99.0 -99.0 -99.0 -99.0 -99.0 -99.0 -99.0 -99.0 
2002 -99.0 -99.0 -99.0 -99.0 -99.0 -99.0 -99.0 -99.0 -99.0 -99.0 -99.0 -99.0 
2003 -99.0 -99.0 -99.0 -99.0 -99.0 -99.0 -99.0 -99.0 -99.0 -99.0 -99.0 -99.0 
2004 -99.0 -99.0 -99.0 -99.0 -99.0 -99.0 -99.0 -99.0 -99.0 -99.0 -99.0 -99.0 
2005 -99.0 -99.0 -99.0 -99.0 -99.0 -99.0 -99.0 -99.0 -99.0 -99.0 -99.0 -99.0 
2006 -99.0 -99.0 -99.0 -99.0 -99.0 -99.0 -99.0 -99.0 -99.0 -99.0 -99.0 -99.0 
2007 -99.0 -99.0 -99.0 -99.0 -99.0 -99.0 -99.0 -99.0 -99.0 -99.0 -99.0 -99.0 
2008 -99.0 -99.0 -99.0 -99.0 -99.0 -99.0 -99.0 -99.0 -99.0 -99.0 -99.0 -99.0 
2009 -99.0 -99.0 -99.0 -99.0 -99.0 -99.0 -99.0 -99.0 -99.0 -99.0 -99.0 -99.0 
2010 -10.8  -8.7   3.9  12.3  15.9  21.3  23.5  23.4  17.1  11.9   3.3  -8.4 
2011  -9.6  -5.8   1.2   8.2  15.3 -99.0 -99.0 -99.0 -99.0 -99.0 -99.0 -99.0 
