Number= 725460
Name= DES MOINES, IOWA
Country= UNITED STATES
Lat=   41.5
Long=   93.7
Height= 294
Start year= 1878
End year= 2011
First Good year= 1878
Source ID= 10
Source file= Jones+Anders
Jones data to= 2001
Normals source= Data
Normals source start year= 1961
Normals source end year= 1990
Normals=  -6.5  -3.6   3.2  10.7  17.0  22.2  24.9  23.4  18.5  12.1   4.1  -3.8 
Standard deviations source= Data
Standard deviations source start year= 1941
Standard deviations source end year= 1990
Standard deviations=   3.1   3.0   3.0   2.0   1.9   1.5   1.3   1.6   1.4   2.0   2.0   2.9 
Obs:
1878 -99.0 -99.0 -99.0 -99.0 -99.0 -99.0 -99.0  24.9  19.2  10.7   5.9  -6.9 
1879  -7.6  -3.8   3.9  10.4  18.1  21.0  25.2  22.9  15.9  15.7   4.2  -6.1 
1880   2.4   0.1   3.4  10.4  20.1  22.1  23.7  23.3  17.0   9.8  -1.9  -6.9 
1881 -10.3  -6.7  -1.6   6.7  20.2  22.4  25.4  26.3  19.7  13.0   2.3   1.6 
1882  -3.2   2.3   3.1  10.8  13.4  20.4  20.9  22.5  18.6  13.4   4.1  -5.1 
1883 -12.9  -8.0   0.5  11.4  13.7  20.4  24.1  21.6  15.8   9.5   3.7  -2.7 
1884  -9.2  -6.2   1.3   9.3  16.0  21.8  23.1  21.2  20.4  13.2   3.2  -7.6 
1885 -11.8  -9.8   1.3  10.1  15.8  21.5  25.3  21.1  17.9   9.8   4.4  -2.2 
1886 -11.7  -4.1   2.0  12.1  18.9  22.7  26.8  25.9  19.3  14.4   2.6  -7.6 
1887 -11.7  -6.8   2.3  11.4  18.9  22.4  25.3  22.6  18.1   9.6   2.7  -4.9 
1888 -13.8  -5.0  -1.0  10.7  12.9  20.4  25.1  21.9  16.6   9.9   3.8  -0.9 
1889  -5.0  -6.1   5.7  11.0  16.1  19.9  23.2  22.3  17.1   9.6   1.6   4.2 
1890  -6.3  -2.8  -1.3  11.6  14.7  22.9  24.9  20.9  16.1  10.8   5.1   0.2 
1891  -2.1  -4.9  -1.8  11.1  14.3  20.7  20.3  21.0  20.1  11.2   0.0   1.4 
1892  -7.9  -1.6   0.9   8.3  12.7  20.6  23.2  22.3  18.8  12.9   1.6  -6.9 
1893 -12.1  -8.1   0.8   7.8  13.8  21.9  24.2  21.1  19.0  12.7   2.1  -5.0 
1894  -6.1  -6.4   5.9  11.7  16.7  23.6  25.4  24.4  19.3  12.0   1.4   0.3 
1895  -8.5  -7.1   2.2  13.0  17.1  21.4  22.6  23.2  20.8   9.0   2.4  -2.7 
1896  -3.9  -1.2   0.1  13.3  19.2  21.2  22.9  22.6  15.3  10.3   0.0   1.1 
1897  -6.9  -2.9   1.6   9.7  15.4  21.1  24.7  21.3  23.2  14.8   2.4  -6.9 
1898  -3.6  -3.2   4.3  10.0  15.9  22.3  23.4  23.2  19.7   9.6   1.2  -6.3 
1899  -4.6  -9.1  -2.3   9.9  16.1  22.2  23.1  23.9  17.8  15.1   7.7  -4.7 
1900  -2.4  -8.3   0.6  12.4  17.9  21.2  23.4  25.4  18.6  15.8   2.0  -1.9 
1901  -3.2  -6.7   2.1  10.2  16.4  23.0  28.9  23.9  18.2  13.4   3.1  -5.6 
1902  -4.2  -6.8   4.7   9.8  18.2  18.8  23.6  21.3  15.4  13.0   6.2  -5.3 
1903  -3.7  -5.6   4.8  10.7  17.1  18.8  23.5  21.2  16.6  12.1   2.3  -5.2 
1904  -9.1  -8.5   2.3   7.4  15.9  20.2  22.1  21.2  18.4  12.6   6.1  -3.7 
1905 -10.7  -9.6   6.4   9.3  15.1  21.4  21.7  24.2  19.6  10.4   4.4  -1.7 
1906  -2.7  -3.7  -1.9  12.1  16.6  20.9  21.9  23.8  19.9  10.9   2.8  -2.2 
1907  -6.4  -2.4   6.1   5.7  12.3  19.6  24.0  22.2  17.7  11.0   3.8  -0.4 
1908  -2.8  -3.3   4.3  11.0  15.8  20.0  23.6  21.9  20.2  11.6   5.3  -1.3 
1909  -5.1  -1.3   0.9   7.3  15.1  21.1  22.7  25.6  17.7  10.8   7.1  -8.4 
1910  -6.4  -6.6  10.8  11.8  13.7  21.4  24.2  23.0  18.0  13.6   1.9  -3.3 
1911  -5.8  -1.6   4.8   9.2  18.8  25.3  25.1  23.2  19.4  10.3   0.2  -1.6 
1912 -14.3  -6.9  -3.2  10.8  18.3  19.9  24.6  22.6  17.3  12.3   6.1  -0.2 
1913  -4.7  -5.3   1.3  11.1  16.3  22.8  25.7  25.9  18.8  10.7   8.1   1.1 
1914  -1.3  -6.8   2.9  10.2  17.8  23.6  25.9  24.4  18.8  14.1   6.2  -7.4 
1915  -6.2  -0.2  -0.4  15.2  14.1  19.4  21.7  19.6  18.7  13.8   5.9  -2.3 
1916  -6.2  -5.9   3.1   9.2  16.5  19.2  27.4  24.3  17.9  11.8   4.3  -5.6 
1917  -6.7  -7.1   3.1   8.2  14.1  19.9  24.8  21.6  17.8   7.1   6.1  -8.5 
1918 -11.2  -3.1   7.2   8.2  19.6  22.6  24.2  25.9  15.7  13.7   5.3   1.2 
1919  -1.2  -3.1   3.9   9.6  15.4  23.0  26.6  23.0  20.5  11.2   2.1  -8.6 
1920  -7.6  -3.7   4.3   6.6  16.2  22.5  23.2  21.9  20.0  15.7   3.1  -1.8 
1921  -0.9   0.7   6.8  11.6  18.6  24.6  26.4  22.9  20.8  13.6   2.1  -1.1 
1922  -5.2  -3.1   4.8  10.4  17.9  23.3  22.8  23.8  20.0  14.1   6.7  -3.6 
1923  -1.5  -5.3  -0.3  10.1  15.9  22.2  25.7  21.9  18.4  10.0   5.7   2.1 
1924  -8.3  -2.7   0.7  11.3  13.2  20.6  22.2  23.1  15.8  15.3   4.7  -7.9 
1925  -5.4  -0.7   5.1  14.6  15.2  22.2  24.6  23.2  21.3   5.3   3.2  -5.0 
1926  -3.7   0.9   0.7   8.8  18.6  19.9  24.6  24.3  17.8  11.7   1.8  -4.2 
1927  -3.8   0.3   5.1  10.2  15.7  19.9  24.1  21.0  20.5  14.2   4.0  -6.0 
1928  -2.2  -0.9   4.9   7.4  17.9  19.0  24.1  23.2  16.7  13.1   4.7  -1.2 
1929 -11.3  -9.3   4.9  11.7  15.1  20.6  24.1  23.0  17.7  12.0   1.0  -2.8 
1930 -10.9   3.4   3.4  12.0  16.2  21.2  26.9  24.3  20.1  11.3   6.3  -1.9 
1931  -0.9   2.7   2.2  11.2  15.1  24.7  25.9  22.6  22.4  14.8   7.2   2.1 
1932  -4.2   0.0  -0.9  10.8  17.7  23.1  25.2  22.8  17.3  10.2   0.7  -5.2 
1933   1.2  -4.3   3.0  10.1  16.6  26.6  25.6  22.1  21.4  10.6   4.3  -1.8 
1934  -2.0  -3.0   1.7  11.0  21.7  26.4  28.1  24.3  16.3  14.6   6.1  -5.1 
1935  -5.0  -0.8   5.4   9.1  13.3  19.6  27.2  23.9  19.0  11.2   2.1  -4.4 
1936 -11.6 -13.3   5.2   8.8  20.1  21.9  29.9  26.9  20.8  11.2   2.6  -0.8 
1937  -9.7  -5.9   1.2   9.4  17.4  21.6  25.3  26.0  19.7  11.2   1.7  -4.2 
1938  -5.2  -0.1   7.7  10.9  16.1  21.8  26.1  25.3  20.6  16.4   4.0  -1.9 
1939  -0.7  -5.9   3.1   9.7  20.2  22.7  25.8  22.1  21.4  12.7   5.3   1.1 
1940 -12.0  -3.7   0.9   9.0  15.2  23.2  25.9  22.3  19.8  15.6   2.0  -1.0 
1941  -3.6  -4.3   2.3  13.1  19.9  22.0  25.1  25.2  19.6  13.2   5.6   0.8 
1942  -4.7  -4.1   4.1  13.4  16.1  21.9  24.5  23.3  17.2  12.9   4.7  -5.2 
1943  -7.2  -1.4   0.1   9.9  14.6  22.4  25.0  24.0  16.2  11.7   2.1  -2.6 
1944  -0.3  -1.8  -0.2   7.8  18.7  22.7  23.9  22.9  18.9  13.2   5.4  -5.8 
1945  -5.9  -2.6   8.4  10.1  13.6  18.4  23.6  23.4  18.1  12.1   4.1  -7.0 
1946  -4.3  -0.3   9.2  13.3  14.6  22.1  24.3  21.3  18.3  14.0   4.6  -0.2 
1947  -2.4  -7.2   0.4   9.2  13.6  21.4  24.0  28.2  20.8  17.1   1.4  -1.6 
1948  -6.3  -4.4   0.6  13.3  16.2  21.5  25.0  24.6  21.3  11.8   5.2  -2.1 
1949  -7.1  -6.1   2.3  10.4  18.5  23.8  25.5  23.6  16.0  13.9   6.4  -1.7 
1950  -6.4  -4.5   0.3   6.8  16.5  21.2  22.0  20.7  18.8  15.7   1.5  -6.2 
1951  -6.1  -3.4  -1.3   7.9  17.7  19.4  23.3  22.7  16.4  11.7   0.5  -5.9 
1952  -5.4   0.4   1.1  10.5  16.3  24.6  24.6  22.1  19.3   9.7   4.4  -2.1 
1953  -3.8  -1.0   3.7   7.8  16.2  23.8  24.9  24.6  19.8  15.7   6.7  -0.8 
1954  -6.4   3.8   1.3  12.7  14.6  24.1  27.0  23.7  20.6  12.0   6.4  -1.0 
1955  -5.0  -4.9   2.6  14.8  18.9  21.4  28.0  26.4  20.8  12.9   0.2  -5.2 
1956  -6.1  -3.3   2.2   9.2  17.9  25.2  24.4  24.3  18.8  16.3   4.0  -1.2 
1957  -8.3  -0.2   3.3  10.6  16.2  21.8  27.2  24.3  17.3  10.8   2.6   0.7 
1958  -3.4  -7.6   2.2  10.7  18.4  20.1  22.3  24.0  19.1  14.0   6.0  -4.3 
1959  -8.3  -4.0   2.9  10.2  17.7  23.1  23.7  25.9  18.7  10.4   0.1   1.7 
1960  -5.2  -5.9  -5.3  11.4  16.7  20.9  23.9  24.1  19.6  12.7   5.4  -2.8 
1961  -4.6  -0.4   3.7   7.6  15.3  21.4  23.8  23.6  17.3  13.8   3.7  -5.8 
1962  -9.0  -5.3  -0.8   9.5  20.6  22.1  23.4  23.5  17.3  13.7   5.3  -3.0 
1963 -10.9  -5.5   5.6  12.0  16.6  24.4  25.4  23.0  19.7  18.8   7.1  -8.1 
1964  -1.0  -1.1   1.2  11.3  19.9  21.9  25.8  21.8  18.4  11.6   6.2  -4.1 
1965  -6.5  -5.0  -3.6   9.8  19.3  21.6  24.3  23.1  16.7  13.6   5.6   2.4 
1966  -9.4  -2.6   5.6   8.3  14.9  21.7  26.3  22.1  17.7  12.7   4.4  -2.9 
1967  -3.3  -4.4   5.3  11.2  14.8  21.3  23.3  21.6  17.6  11.7   3.4  -1.2 
1968  -5.1  -4.7   6.9  12.0  15.0  23.2  24.6  23.8  18.4  13.2   2.8  -4.6 
1969  -7.7  -2.6  -1.5  11.7  17.8  19.7  24.8  24.4  19.3  10.4   4.6  -3.7 
1970  -9.8  -2.1   0.9  11.4  18.9  22.7  25.0  23.8  18.9  11.8   3.8  -2.1 
1971  -9.0  -4.7   1.9  11.7  15.1  25.3  23.2  23.3  20.5  15.4   4.7  -1.3 
1972  -7.6  -6.2   3.2   9.8  17.7  22.1  23.7  23.4  19.2  10.2   1.9  -6.4 
1973  -4.8  -1.8   7.3   9.6  15.8  23.4  24.4  24.7  18.3  14.9   4.8  -5.1 
1974  -6.9  -2.2   4.3  11.7  15.7  20.6  27.2  21.7  16.1  12.8   4.2  -2.1 
1975  -5.2  -5.3  -1.3   8.3  18.8  22.4  25.5  25.1  16.6  14.0   6.4  -1.2 
1976  -5.1   1.2   4.3  13.0  15.9  21.9  25.1  23.2  18.7   9.2   0.3  -5.7 
1977 -12.2  -1.2   7.1  14.7  20.8  23.7  27.2  22.3  19.2  11.3   3.9  -4.9 
1978 -11.7 -10.4   0.7  10.3  16.4  22.7  24.3  23.9  21.4  11.3   3.9  -5.0 
1979 -13.6 -10.1   1.8   8.3  16.2  21.6  23.6  23.5  19.3  12.4   3.3  -0.2 
1980  -4.8  -5.9   1.5  11.1  17.5  21.8  26.6  24.6  19.3   9.8   5.3  -3.0 
1981  -3.5  -1.2   5.9  14.2  15.8  22.7  24.5  22.4  18.9  10.9   6.0  -3.6 
1982 -12.4  -5.1   1.9   8.3  18.2  19.5  24.9  22.9  18.3  12.6   3.6  -0.2 
1983  -2.6   0.2   4.1   7.4  14.7  22.9  27.2  28.5  19.8  11.4   4.8 -12.3 
1984  -6.8   1.9  -0.5   9.3  14.8  22.9  24.4  25.3  16.9  11.6   4.2  -2.4 
1985  -9.0  -5.4   5.6  12.9  18.4  20.2  24.7  22.2  18.2  11.4  -1.1 -10.3 
1986  -2.8  -5.7   5.8  12.2  17.0  22.9  25.1  20.7  19.7  11.4   0.7  -1.8 
1987  -3.0   2.1   5.9  12.6  19.3  23.7  25.8  22.3  18.4   9.0   6.2  -1.1 
1988  -6.9  -5.8   4.6  10.8  19.7  24.2  25.8  26.0  19.4   8.8   4.3  -1.8 
1989   0.3  -9.2   2.8  11.3  16.1  20.5  25.1  22.9  16.8  12.3   2.2  -8.4 
1990  -0.2  -0.5   5.6  10.0  14.4  22.0  23.2  23.6  20.1  11.3   6.5  -5.1 
1991  -8.4   0.8   5.8  12.0  19.3  23.8  24.5  23.2  18.3  11.4  -0.6  -0.8 
1992  -0.7   1.6   5.8   9.4  16.7  21.3  21.8  20.2  17.3  11.9   1.6  -2.7 
1993  -5.9  -5.8   1.2   8.4  16.1  20.6  23.2  23.2  15.1  10.2   2.4  -2.0 
1994 -10.6  -5.9   4.7  10.5  16.9  22.4  22.8  21.8  19.1  13.1   5.6  -0.9 
1995  -6.2  -1.8   4.3   8.6  14.9  21.6  24.6  26.2  17.3  11.6   0.7  -3.3 
1996  -8.0  -3.8   0.3   8.7  14.2  21.5  22.6  22.4  16.7  11.9   0.1  -5.4 
1997  -8.2  -2.5   4.5   7.8  13.2  22.3  24.1  22.2  19.1  12.1   1.3  -1.8 
1998  -3.4   2.3   0.9  10.5  19.1  20.0  24.1  23.9  21.3  12.2   5.7  -1.0 
1999  -6.6   1.7   3.7  10.7  16.2  21.5  26.5  22.4  17.2  12.0   8.5  -1.2 
2000  -3.6   2.5   7.3  11.1  18.2  20.7  23.2  24.2  19.5  14.3   1.0 -11.3 
2001  -4.6  -6.5   0.1  13.5  16.5  21.4  25.5  24.0  17.5  11.2   9.9   0.2 
2002  -0.5   0.0   1.3  10.3  15.1  23.5  25.6  22.6  20.0   8.5   2.3  -0.3 
2003  -6.1  -5.6   3.1  11.4  16.2  21.5  24.8  25.4  17.4  12.8   3.3  -0.6 
2004  -6.7  -3.7   5.9  12.2  17.6  20.4  22.4  20.4  20.2  11.9   5.8  -1.4 
2005  -5.8   0.7   4.2  13.3  15.7  23.6  25.3  24.1  21.2  12.6   5.6  -4.7 
2006   2.0  -2.4   4.1  13.7  17.5  23.0  26.1  23.7  17.1  10.1   5.6   1.5 
2007  -4.5  -7.4   7.4   9.4  19.1  22.6  24.9  25.2  19.3  14.0   3.9  -4.7 
2008  -7.0  -6.8   2.0   8.8  15.8  21.9  24.1  22.6  18.6  12.2   3.9  -5.8 
2009  -7.9  -1.1   5.2  10.5  17.1  22.5  22.2  22.5  19.6   8.7   8.3  -5.2 
2010  -8.4  -6.6   5.5  14.9  17.1  23.4  25.7  25.5  19.2  14.3   5.0  -4.8 
2011  -7.4  -2.9   4.1  11.0  17.2 -99.0 -99.0 -99.0 -99.0 -99.0 -99.0 -99.0 
