Number= 725470
Name= DUBUQUE/MUN.,-------
Country= USA---------
Lat=   42.4
Long=   90.7
Height= 329
Start year= 1851
End year= 2011
First Good year= 1851
Source ID= 10
Source file= Jones+Anders
Jones data to= 1996
Normals source= Data
Normals source start year= 1961
Normals source end year= 1990
Normals=  -8.9  -5.9   1.0   8.6  14.8  19.9  22.4  21.0  16.5  10.3   2.5  -5.7 
Standard deviations source= Data
Standard deviations source start year= 1941
Standard deviations source end year= 1990
Standard deviations=   3.2   2.8   2.8   1.9   1.9   1.4   1.2   1.5   1.2   2.0   1.9   3.0 
Obs:
1851  -5.9  -0.7   4.3   7.7  14.4  18.3  22.4  18.3  18.4   8.5  -1.5  -7.0 
1852  -7.3  -3.4  -0.8   4.3  13.8  18.4  21.4  20.0  13.9  11.2  -2.1  -6.1 
1853  -4.0  -6.5   0.1   7.5  12.9  20.9  19.3  20.5  16.2   6.9   2.1  -4.2 
1854 -10.4  -3.5   2.8   9.9  14.4  19.7  23.7  22.3  18.7  12.5   2.0  -3.6 
1855  -5.5  -8.6  -1.6  11.8  16.2  18.5  21.4  19.3  16.7   7.9   2.9  -7.0 
1856 -13.1  -9.5  -3.1   9.4  14.8  23.2  21.2  18.1  13.8   9.9  -0.2 -11.8 
1857 -17.1  -4.4  -4.3   0.6  10.7  18.8  24.3  20.3  17.3   8.4  -2.8  -1.6 
1858  -1.7  -9.7   2.7   7.0  11.9  21.2  21.6  21.0  16.6   9.4  -0.8  -6.0 
1859  -6.3  -4.7   3.4   5.3  15.7  17.5  22.4  21.5  14.5   8.0   2.7  -9.3 
1860  -6.9  -4.0   4.8   9.5  17.3  20.1  22.3  19.9  14.3   9.8   1.9  -6.8 
1861 -10.1  -5.4  -0.5   9.4  12.3  20.2  21.0  20.5  14.9   9.0   0.8  -3.4 
1862 -10.8 -10.8  -1.6   5.8  14.5  18.7  22.3  20.6  16.5   9.0   0.1  -2.6 
1863  -3.1  -5.3  -0.6   9.6  15.3  18.3  20.3  20.7  15.6   4.9   0.1  -5.2 
1864 -10.8  -5.3  -0.8   6.6  15.9  20.8  22.9  20.9  15.9   7.2  -0.2  -9.5 
1865  -8.9  -3.2  -1.4   7.2  15.0  20.1  18.8  20.5  19.8   8.9   3.6  -7.5 
1866  -8.3  -8.7  -2.5   9.1  13.6  18.7  23.1  17.6  12.6   9.2   2.3  -6.3 
1867 -10.4  -5.0  -4.6   7.4   9.6  20.9  21.8  22.0  16.5   9.6   3.2  -6.1 
1868 -12.1  -7.7   2.9   4.6  14.2  18.9  25.6  18.8  12.2   7.0   1.5  -7.9 
1869  -5.9  -4.9  -3.0   6.2  13.4  18.6  20.3  20.6  15.3   4.1  -1.6  -5.0 
1870  -7.4  -5.3  -1.9  10.1  17.7  21.7  23.7  18.9  17.4   9.4   2.5  -5.8 
1871  -6.1  -4.1   2.3   9.6  16.4  20.3  22.2  20.6  14.0  10.3  -1.5  -9.7 
1872  -8.4  -7.0  -3.6   8.4  13.8  19.4  21.9  21.0  14.5   8.9  -3.4 -10.6 
1873 -11.9  -9.4  -1.2   6.9  13.1  21.9  23.1  22.4  14.3   6.9  -2.0  -4.2 
1874  -7.3  -6.5  -0.3   4.4  18.7  20.8  23.9  22.0  16.5  10.0  -0.3  -4.9 
1875 -15.3 -16.0  -3.5   6.0  14.1  17.7  21.2  18.9  14.5   6.8  -1.0  -0.8 
1876  -4.1  -3.6  -1.6   8.0  14.7  18.7  22.5  22.0  14.9   7.8   0.1 -11.5 
1877 -10.6   0.5  -3.8   8.4  15.1  18.6  22.4  21.2  18.0   9.8   0.6   3.5 
1878  -3.5   0.8   7.2  10.9  12.1  18.2  23.4  22.0  16.5   9.0   3.0  -7.9 
1879  -9.5  -6.7   1.7   8.9  15.7  19.1  23.1  20.7  14.2  14.2   1.7  -7.3 
1880  -0.1  -3.0   0.5   8.2  18.2  20.7  22.3  21.9  15.3   8.4  -3.6  -8.3 
1881 -12.2  -8.0  -1.7   6.0  18.9  19.3  23.1  22.8  18.3  10.7   1.0   0.0 
1882  -6.0   0.6   1.6   7.9  10.7  17.7  18.6  20.3  15.2  11.1   1.6  -6.6 
1883 -13.5  -9.3  -2.0   8.8  11.2  18.5  21.1  18.8  13.6   8.4   2.6  -4.0 
1884 -11.4  -7.0  -1.1   7.9  14.3  19.4  20.1  19.2  18.7  12.0   1.6  -7.1 
1885 -12.7 -12.1  -2.0   7.4  12.7  18.3  22.1  18.2  15.4   7.6   2.1  -5.2 
1886 -12.1  -6.9  -1.4   9.8  15.1  18.8  22.7  22.3  16.5  11.9  -0.3 -10.3 
1887 -13.1  -7.7  -0.9   9.1  17.5  20.9  24.0  20.3  15.6   7.0   0.6  -6.3 
1888 -15.0  -8.9  -4.4   7.7  10.7  19.1  22.6  20.0  13.9   8.0   2.6  -2.4 
1889  -5.9  -9.4   3.8   8.8  13.7  17.5  21.3  20.6  15.6   7.5   0.3   1.8 
1890  -6.6  -3.2  -3.5   9.5  12.1  21.6  22.6  19.0  14.0   9.1   3.0  -3.9 
1891  -4.1  -6.2  -3.6   9.2  13.1  19.5  18.9  19.8  19.3   9.4  -1.9  -0.6 
1892 -10.9  -3.2  -1.5   6.4  11.4  18.7  21.9  21.2  16.5  11.4  -1.6  -9.0 
1893 -15.3 -10.7  -1.2   6.1  12.3  20.6  23.1  20.2  16.4  10.6   0.1  -6.6 
1894  -6.9  -8.0   4.0   9.8  14.9  21.5  23.5  22.0  17.6  10.0  -0.6  -1.0 
1895 -11.8 -10.4   0.7  11.0  15.2  21.1  22.1  22.2  19.6   7.6   0.9  -3.4 
1896  -5.5  -4.0  -1.4  11.6  18.5  20.1  21.5  21.2  13.9   8.2  -0.7  -2.1 
1897  -9.1  -5.3  -0.9   7.5  13.3  18.6  22.9  18.9  19.7  12.9   0.4  -8.0 
1898  -5.6  -5.7   1.9   7.5  13.9  20.2  21.9  20.4  17.4   8.1  -0.3  -8.3 
1899  -7.7 -11.4  -4.6   9.1  14.5  19.9  21.8  22.2  15.5  12.6   5.4  -5.9 
1900  -4.8 -10.5  -3.2   9.7  15.8  19.4  21.2  24.2  17.2  14.5   0.4  -3.8 
1901  -5.9 -11.0  -0.8   8.9  14.2  21.0  26.4  21.7  15.7  11.2   0.5  -6.9 
1902  -6.3  -9.3   2.9   8.0  15.9  16.8  21.5  18.9  13.9  10.7   5.4  -8.4 
1903  -6.5  -6.6   3.0   8.6  15.6  16.6  20.9  18.8  15.2  10.1   0.0  -8.8 
1904 -11.5 -11.1  -0.2   5.6  14.2  18.2  20.3  19.0  16.5  10.4   3.8  -6.0 
1905 -12.3 -11.6   2.7   7.8  13.4  19.7  20.4  21.7  18.0   9.3   2.3  -3.6 
1906  -5.0  -6.6  -3.9  10.0  14.3  18.5  20.8  22.0  18.9   9.2   1.3  -4.1 
1907  -8.0  -5.8   3.7   4.1  10.0  17.6  21.6  19.8  15.1   8.5   1.5  -2.8 
1908  -5.2  -5.7   2.0   8.1  13.9  18.2  21.5  19.5  18.7   9.7   2.5  -4.6 
1909  -7.1  -4.1  -0.8   5.1  13.1  18.9  20.6  22.5  15.4   7.9   5.5  -9.8 
1910  -8.8  -9.1   7.6   9.6  11.9  19.6  22.9  21.3  15.7  11.6  -1.1  -6.1 
1911  -7.2  -3.5   2.6   6.8  17.3  21.7  22.3  19.8  16.4   8.2  -2.0  -1.8 
1912 -16.9  -9.6  -5.0   8.7  15.1  17.8  21.4  19.5  16.3  10.2   3.5  -2.2 
1913  -6.4  -7.7  -0.8   9.4  13.6  20.4  22.4  22.0  16.2   8.7   5.5   0.0 
1914  -3.3 -10.3   0.2   8.0  15.5  19.5  23.2  21.3  16.6  12.5   3.5  -8.8 
1915  -9.4  -2.3  -1.2  13.1  11.2  16.7  19.4  17.3  16.6  11.0   3.8  -4.8 
1916  -7.0  -7.9  -0.3   7.8  14.1  16.3  25.3  22.5  15.4   9.7   1.8  -8.3 
1917  -9.8 -11.2   0.4   6.8  11.2  16.9  21.7  18.9  15.2   4.3   3.3 -10.2 
1918 -14.4  -6.3   4.1   5.6  16.8  18.9  20.9  22.3  12.7  11.0   3.8  -0.6 
1919  -4.6  -4.8   1.4   8.2  12.8  21.2  23.3  20.2  17.5   9.9   0.1 -11.0 
1920 -11.5  -7.4   1.7   4.8  13.4  20.1  20.3  19.5  17.7  13.6   0.7  -3.8 
1921  -3.1  -2.5   3.9  10.0  16.1  22.4  24.6  20.6  18.0  10.4  -0.1  -3.9 
1922  -8.0  -5.9   1.8   8.1  16.7  20.3  20.2  21.1  17.4  11.8   4.6  -5.8 
1923  -4.6  -8.9  -3.6   7.1  14.1  21.1  23.4  19.5  15.7   7.9   3.1   0.1 
1924 -11.4  -4.8  -1.2   8.5  10.6  17.4  19.6  19.7  13.2  13.0   2.3  -9.9 
1925  -7.0  -3.7   2.4  11.5  11.8  19.7  21.0  20.9  18.5   3.7   0.8  -7.9 
1926  -6.6  -2.8  -2.8   5.7  15.4  16.5  21.4  21.3  15.7   8.7  -0.8  -6.8 
1927  -8.0  -1.6   3.3   7.9  12.3  17.4  20.9  18.2  17.9  11.6   2.9  -7.7 
1928  -5.8  -3.4   1.8   5.6  15.4  16.6  21.6  20.7  14.0  10.9   2.7  -2.8 
1929 -13.6 -11.3   2.5   9.4  12.3  17.6  21.8  19.9  15.6   9.2  -1.1  -4.8 
1930 -12.4  -0.4   0.8   9.1  14.2  19.1  22.9  22.0  17.3   8.9   3.5  -4.9 
1931  -3.1   0.0   0.1   9.4  12.3  22.4  24.1  21.4  19.7  12.6   6.4   0.6 
1932  -4.3  -2.0  -3.9   7.8  15.2  20.8  22.9  21.0  15.2   8.1  -0.4  -5.9 
1933  -0.6  -7.2   0.5   7.6  14.4  23.7  22.7  20.0  18.8   8.7   1.1  -4.5 
1934  -3.2  -7.1  -0.8   8.6  19.1  23.7  23.8  20.3  15.2  12.1   5.0  -7.3 
1935  -8.2  -4.0   2.9   7.1  11.5  17.2  24.7  21.4  17.0   9.9   0.2  -6.9 
1936 -12.4 -14.7   2.2   6.1  17.6  18.8  25.8  23.5  17.7   8.8   0.3  -2.8 
1937  -9.8  -7.4  -1.3   7.2  14.7  18.9  22.9  23.7  16.8   8.7  -0.1  -6.3 
1938  -7.9  -1.5   4.8   9.2  13.9  19.1  22.9  22.5  17.0  13.1   2.5  -4.5 
1939  -3.2  -6.6   1.0   6.9  17.4  20.6  23.1  20.8  18.8  10.7   3.4  -0.5 
1940 -12.4  -5.0  -2.0   7.1  12.8  20.4  23.4  20.3  16.9  12.4   0.3  -2.8 
1941  -5.2  -6.6  -1.3  11.4  17.2  20.2  22.8  22.3  17.9  11.6   4.1  -1.0 
1942  -6.9  -5.6   2.9  11.6  13.7  19.3  22.1  20.8  14.9  10.4   2.5  -7.5 
1943  -9.6  -5.3  -2.0   7.6  12.7  20.8  23.3  21.9  14.3   9.8   0.0  -4.0 
1944  -2.5  -4.2  -1.9   6.1  16.6  20.6  21.2  21.3  17.1  10.5   3.5  -7.5 
1945  -9.4  -5.2   7.1   8.6  11.1  16.7  20.7  21.2  15.7   9.4   1.5  -8.3 
1946  -6.0  -4.3   6.6  11.0  12.7  19.3  22.1  19.7  16.2  12.7   3.0  -2.1 
1947  -4.6  -9.0  -1.2   7.1  11.2  17.5  21.1  25.6  17.9  15.9  -1.1  -3.5 
1948 -10.1  -6.2  -0.3  11.2  13.0  18.8  22.9  22.0  18.7   9.6   3.5  -3.9 
1949  -6.8  -6.7   0.6   8.4  15.8  21.4  23.6  22.0  13.7  12.1   3.5  -3.4 
1950  -7.0  -6.1  -2.1   4.2  14.5  18.7  20.2  18.9  16.2  13.5  -0.6  -8.8 
1951  -8.3  -6.3  -2.7   6.4  15.8  17.6  21.1  19.9  14.6  10.3  -2.1  -7.0 
1952  -7.2  -1.7  -1.3   9.7  14.3  21.6  23.3  20.3  16.6   6.9   3.3  -3.0 
1953  -5.3  -3.6   1.1   6.0  14.2  20.9  22.2  21.8  16.7  13.6   4.5  -3.5 
1954  -7.4   0.9  -0.7   9.8  12.1  21.8  22.8  20.6  17.8  10.0   3.4  -3.8 
1955  -7.2  -6.2  -0.1  12.0  15.9  18.4  25.2  23.7  17.7  10.6  -0.6  -7.3 
1956  -6.9  -5.4  -0.4   6.7  14.6  22.0  21.5  21.6  15.3  13.9   1.7  -3.4 
1957 -10.9  -2.1   0.7   9.1  13.2  19.1  23.2  20.8  15.3   9.1   1.3  -1.7 
1958  -6.4  -9.2   0.7   8.5  15.3  17.2  20.4  21.1  16.5  12.0   3.3  -8.4 
1959 -11.2  -8.1  -0.7   7.9  16.6  20.4  21.2  23.4  17.1   8.1  -2.8  -0.4 
1960  -6.4  -6.9  -6.7   9.4  13.6  18.3  21.1  21.8  18.2  10.6   3.3  -6.5 
1961  -8.1  -1.2   1.5   5.4  12.8  19.8  20.9  21.7  16.6  11.0   2.5  -7.2 
1962 -10.6  -7.6  -1.7   7.7  17.4  19.6  20.2  21.2  14.8  11.6   2.8  -6.0 
1963 -13.8  -8.8   2.7   9.7  14.0  21.6  22.5  20.5  16.8  16.1   4.7 -11.2 
1964  -4.1  -3.5  -0.8   8.6  17.2  20.3  23.2  19.9  16.2   9.2   4.2  -6.7 
1965  -8.8  -7.2  -4.3   7.4  16.3  19.2  22.3  20.2  15.7  10.5   3.0  -0.5 
1966 -12.0  -5.8   3.0   7.1  11.8  20.0  23.2  20.1  15.9  10.1   2.9  -4.1 
1967  -5.8  -9.6   1.7   9.1  12.2  20.1  20.9  18.7  16.0   9.5   0.7  -3.3 
1968  -7.2  -6.3   4.6  10.0  12.9  19.8  21.5  21.3  15.9  10.4   2.1  -6.3 
1969 -10.0  -4.4  -1.4   9.8  14.8  16.8  22.3  22.1  16.6   8.7   1.2  -6.4 
1970 -13.1  -7.2  -0.3   9.3  16.4  20.1  22.3  21.4  16.9  11.5   2.6  -4.6 
1971 -11.6  -6.7  -1.3   8.7  13.2  22.9  20.0  19.5  18.3  13.9   3.1  -2.4 
1972 -10.3  -8.2  -0.7   6.5  16.8  19.1  21.2  22.0  16.7   7.8   0.4  -8.2 
1973  -5.3  -3.5   5.7   7.3  13.1  20.5  22.4  22.4  16.9  13.1   3.3  -6.4 
1974  -8.0  -6.4   1.2   9.6  12.7  17.7  23.3  19.5  14.3  10.4   2.7  -3.6 
1975  -6.4  -6.9  -4.1   5.2  16.6  20.3  22.2  21.7  14.1  11.4   4.8  -3.2 
1976  -8.7  -1.1   2.5   9.8  13.0  19.9  22.9  20.5  15.4   7.4  -2.3  -9.6 
1977 -15.9  -4.7   5.3  12.3  18.4  19.8  23.6  19.2  16.5   9.3   1.1  -8.1 
1978 -13.5 -11.4  -1.9   8.6  14.3  19.6  21.9  21.7  19.0   9.2   2.1  -7.1 
1979 -15.3 -11.8  -0.7   6.5  14.4  19.8  21.7  20.9  17.4  10.3   2.1  -1.3 
1980  -6.6  -7.7  -1.3   8.8  16.5  20.2  24.4  22.8  17.6   8.8   3.3  -4.5 
1981  -5.8  -3.6   3.6  10.6  13.9  20.7  22.3  21.0  16.0  10.0   4.4  -5.1 
1982 -12.6 -99.0 -99.0   6.2  17.8  17.8 -99.0  21.3  16.1  11.9   2.1  -0.9 
1983  -5.0  -2.1   1.8   6.3  12.7  21.0  24.4  24.8  17.2  10.7   3.9 -12.5 
1984  -9.1  -0.7  -2.0   8.7  12.8  20.5  21.4  22.4  15.9  12.1   3.0  -2.6 
1985 -11.2  -7.1   4.3  12.2  16.3  18.8  21.8  19.5  16.6   9.9  -0.9 -13.0 
1986  -7.6  -7.1   2.9  10.5  15.3  19.5  23.1  18.3  17.4  10.4  -0.6  -3.5 
1987  -4.9  -0.1   3.6  10.9  16.9  21.7  23.9  20.6  16.5   7.1   4.9  -2.3 
1988 -10.1  -7.8   2.2   8.6  17.0  21.8  24.5  23.7  17.9   7.3   3.1  -3.7 
1989  -2.6  -9.8   0.1   8.1  14.5  19.4  23.0  19.9  14.7  11.3   1.2 -10.4 
1990  -1.9  -2.9   3.8   8.6  12.8  20.1  21.7  21.6  17.9   9.5   5.1  -6.7 
1991  -9.7  -2.9   3.3  10.5  17.8  22.4  22.9  21.8  16.3   9.8  -1.0  -3.2 
1992  -3.9  -0.9   2.7   7.4  15.2  19.3  19.3  18.0  15.2   9.4   0.5  -4.8 
1993  -6.2  -6.4  -0.2   6.9  15.2  19.0  21.9  21.7  14.1   9.0   1.5  -3.3 
1994 -12.4  -8.5   2.2   9.0  15.1  21.2  20.9  19.1  18.2  11.6   4.3  -1.7 
1995  -7.4  -4.9   2.9   6.4  14.1  21.5  22.9  25.0  15.6   9.8  -1.8  -5.6 
1996  -8.8  -5.0  -1.6   6.8  12.6  20.0  20.4  21.3  16.2  10.1  -1.6  -6.3 
1997  -9.4  -4.2   1.9   6.6  11.7  20.5  21.6  19.7  16.8  10.8   0.1  -3.1 
1998  -4.3   2.0   1.5   9.3  17.7  19.4  22.2  22.2  18.9  11.1   4.7  -1.3 
1999  -8.8  -0.2   1.3  10.1  15.7  20.2  24.2  20.1  15.7  10.1   6.1  -3.4 
2000  -6.6  -0.9   5.7   8.5  16.0  19.1  21.4  21.7  17.0  12.4   0.8 -12.0 
2001 -99.0 -99.0 -99.0 -99.0 -99.0 -99.0 -99.0 -99.0 -99.0 -99.0 -99.0 -99.0 
2002 -99.0 -99.0 -99.0 -99.0 -99.0 -99.0 -99.0 -99.0 -99.0 -99.0 -99.0 -99.0 
2003 -99.0 -99.0 -99.0 -99.0 -99.0 -99.0 -99.0 -99.0 -99.0 -99.0 -99.0 -99.0 
2004 -99.0 -99.0 -99.0 -99.0 -99.0 -99.0 -99.0 -99.0 -99.0 -99.0 -99.0 -99.0 
2005 -99.0 -99.0 -99.0 -99.0 -99.0 -99.0 -99.0 -99.0 -99.0 -99.0 -99.0 -99.0 
2006 -99.0 -99.0 -99.0 -99.0 -99.0 -99.0 -99.0 -99.0 -99.0 -99.0 -99.0 -99.0 
2007 -99.0 -99.0 -99.0 -99.0 -99.0 -99.0 -99.0 -99.0 -99.0 -99.0 -99.0 -99.0 
2008 -99.0 -99.0 -99.0 -99.0 -99.0 -99.0 -99.0 -99.0 -99.0 -99.0 -99.0 -99.0 
2009 -99.0 -99.0 -99.0 -99.0 -99.0 -99.0 -99.0 -99.0 -99.0 -99.0 -99.0 -99.0 
2010  -9.2  -6.6   4.8  12.1  15.5  20.9  23.2  22.7  16.3  11.6   3.5  -8.9 
2011  -8.5  -5.9   1.2   8.0  14.4 -99.0 -99.0 -99.0 -99.0 -99.0 -99.0 -99.0 
