Number= 725694
Name= WHEATLAND
Country= USA
Lat=   42.1
Long=  105.0
Height= 1414
Start year= 1914
End year= 1980
First Good year= 1914
Source ID= 10
Source file= Jones
Jones data to= 1980
Normals source= Data
Normals source start year= 1961
Normals source end year= 1980
Normals=  -2.9  -0.4   2.6   7.6  12.9  17.9  22.1  20.3  15.0   9.7   3.0  -0.8 
Standard deviations source= Data
Standard deviations source start year= 1941
Standard deviations source end year= 1980
Standard deviations=   2.7   2.3   2.4   2.0   1.5   1.7   1.3   1.1   1.8   1.7   2.1   2.0 
Obs:
1914   0.3  -3.8   5.1   7.7  13.5  18.6  22.5  20.4  15.6  10.7   7.7  -6.4 
1915  -3.5   1.5  -1.3  10.0  10.1  14.4  18.6  17.5  14.6  10.7   3.5  -0.1 
1916  -8.0   0.1   7.4   7.0  10.4  16.8  23.2  20.6  12.9   6.8   1.6  -4.5 
1917  -5.4  -2.1  -0.4   4.0   8.2  15.4  22.2  18.2  15.0   4.6   7.2  -0.3 
1918  -7.0  -0.7   6.7   4.2  11.8  20.4  20.9  19.4  13.0   9.1   0.8  -0.3 
1919   1.4  -2.8   4.8   7.1  11.8  18.0  22.1  21.3  16.5   4.9  -1.3  -2.9 
1920   0.2  -2.3   1.8   1.3  11.0  17.3  20.8  18.1  13.7   9.8   0.9  -1.4 
1921  -0.5   0.5   4.6   6.3  11.2  18.0  21.4  20.1  14.0  11.1   3.7  -1.0 
1922  -6.8  -5.7   1.2   5.4  11.8  19.1  20.4  21.7  16.5  10.0   0.9  -2.8 
1923   0.4  -4.3  -0.4   6.5  12.7  16.6  21.5  20.2  13.6   5.1   4.0  -2.5 
1924  -4.4   1.6  -3.4   6.3  10.5  17.6  21.4  20.5  13.8  10.4   4.7  -5.6 
1925  -1.8   3.7   5.2  10.1  13.5  17.2  22.7  19.7  16.5   3.3   3.1  -1.0 
1926  -1.8   1.9   2.6   8.4  14.4  17.7  20.9  20.5  13.5  10.4   3.4  -1.9 
1927  -2.2  -1.7   0.8   6.6  12.4  16.9  20.2  17.8  14.5  11.1   5.7  -4.1 
1928   0.1  -1.4   2.6   7.1  14.8  15.8  18.8  18.7  14.5   8.5   2.3  -3.8 
1929  -6.1  -9.2   0.5   5.7  10.5  17.9  22.7 -99.0  12.5 -99.0  -1.3   0.4 
1930 -10.2   2.7   1.3  11.2  11.3  17.4  22.7  19.9  13.8   6.6   3.0  -0.6 
1931   0.6   0.8  -0.3   7.5  11.5  20.7  22.9  19.4  17.3   9.6   1.3   1.0 
1932  -5.0   1.2  -1.6   8.0  13.2  17.3  22.7  21.0  14.7   6.2   4.3  -6.4 
1933  -1.0  -5.6   4.6   5.6  11.1  21.1  23.2  19.2  17.7  12.1   5.5   4.5 
1934   2.6   1.1   5.1   9.6  18.2  19.7  24.4  21.9  13.5  12.9   5.4  -0.3 
1935   0.9   0.9   4.1   5.5   8.5  17.1  23.7  21.8  15.8   9.3   1.7  -1.3 
1936  -2.3 -10.4   3.5   7.3  15.3  20.6  25.2  22.6  15.3   9.0   1.9   0.0 
1937  -9.5  -3.2   1.6   6.6  13.3  16.6  21.3  22.0  15.6   8.1   0.3  -0.5 
1938  -0.8  -0.4   4.9   7.9  11.1  17.9  21.3  21.2  15.8  11.0   0.7  -0.8 
1939   0.1  -6.8   3.4   8.5  14.8  16.5  23.1  19.8  16.8  10.6   3.9   3.0 
1940  -6.6   0.0   4.4   6.7  12.9  19.3  23.1  20.4  17.4  11.7   0.9   0.3 
1941  -0.2  -0.2   1.8   7.1  14.7  16.6  21.3  19.7  13.2   7.7   4.5  -0.3 
1942  -4.1  -4.3   1.3   8.9  10.9  16.1  21.9  20.4  14.1   9.1   3.5   0.9 
1943  -1.3   2.6  -0.5  11.6  10.7  17.1  22.5  21.9  14.6   9.0   2.9  -0.4 
1944  -2.1  -1.4  -1.7   5.6  13.4  16.5  20.9  21.0  15.4  10.4   1.9  -3.5 
1945  -1.8  -1.5   3.3   3.2  11.8  13.8  20.9  20.5  13.0  10.8   6.2  -3.0 
1946  -0.2   0.0   5.2  11.5   9.7  18.0  21.9  19.8  15.4   7.4   1.9   2.0 
1947  -1.9  -3.7   1.2   7.6  12.4  14.9  22.5  22.5  16.8  12.6  -1.3  -0.9 
1948  -3.1  -3.4  -0.8   9.5  13.2  17.2  21.5  21.0  17.9   9.2   0.7  -2.9 
1949 -10.9  -3.1   2.1   9.5  12.9  16.8  22.3  20.8  14.4   7.9   7.1  -1.3 
1950  -4.1   1.7   2.0   6.2   9.6  17.3  19.0  18.1  13.4  11.8   3.3   0.6 
1951  -4.2   0.4   0.2   4.9  12.1  13.6  21.0  18.6  12.9   7.6   1.8  -4.4 
1952  -2.0  -1.2  -2.0   7.9  11.9  19.7  21.2  21.0  16.2   9.0  -0.8  -0.5 
1953   2.7  -2.8   4.4   4.5  10.2  19.2  23.0  20.9  16.9  10.6   4.8  -1.9 
1954   0.0   4.2  -1.0   9.8  12.4  18.8  24.8  21.2  17.0   8.7   5.5   1.7 
1955  -3.9  -4.4  -0.9   8.6  13.7  15.1  22.4  22.5  16.5  11.3  -0.7  -0.5 
1956  -1.9  -2.6   3.1   5.6  14.3  21.8  21.7  19.4  16.6  12.1   1.3   1.2 
1957  -6.4   2.4   2.8   4.9  10.9  16.7  22.1  20.1  13.3   8.2   0.3   2.7 
1958  -0.6  -0.1  -1.4   5.9  15.0  17.6  18.8  21.2  16.1  10.9   3.6  -0.3 
1959  -1.2  -2.5   1.8   7.2  11.6  19.4  20.7  20.7  13.6   7.4   0.8   1.2 
1960  -2.9  -5.0   1.9   8.9  12.8  18.9  22.5  19.8  16.4  10.1   1.9  -2.0 
1961   0.7   1.8   3.2   6.4  12.2  18.3  21.7  21.7  12.3   9.3   0.5  -2.8 
1962  -5.8  -1.6   1.2   9.7  14.1  16.6  20.0  20.4  15.2  10.4   5.7   1.1 
1963  -8.5   1.2   2.7   7.7  14.0  19.1  23.1  21.0  17.6  13.1   5.4  -2.2 
1964  -1.6  -2.7  -0.3   7.0  14.3  17.0  24.0  19.5  15.8   9.8   2.5  -1.6 
1965   1.4  -2.0  -3.3   9.7  12.3  16.8  21.2  18.8   9.9  11.4   6.2   0.7 
1966  -2.2  -2.8   5.7   6.2  15.4  17.6  23.8  18.8  16.1   9.3   4.7   0.0 
1967   1.6   1.2   6.1   8.5  10.4  15.6  20.7  20.0  16.4  10.9   1.2  -4.8 
1968  -1.6   0.6   4.9   5.7  10.6  17.6  21.1  18.7  13.9  10.3   1.8  -3.2 
1969  -2.1  -0.5  -0.2  10.3  14.9  15.4  22.3  22.1  17.5   5.2   4.1   0.1 
1970  -1.9   2.1  -0.3   4.4  13.6  18.0  22.2  22.1  14.1   6.6   3.3   0.1 
1971  -1.5  -1.8   1.9   7.1  11.6  18.8  20.4  21.5  13.3   8.2   3.6  -0.4 
1972  -4.3   1.8   6.3   7.6  12.6  19.1  19.9  20.3  15.2   8.6   0.5  -5.2 
1973  -3.3  -0.3   2.6   4.9  11.7  18.2  20.8  21.4  13.7  11.0   2.6  -0.3 
1974  -4.8   0.9   4.8   8.3  13.4  18.9  23.1  18.7  13.1  10.8   3.8  -1.7 
1975  -1.9  -2.3   1.7   6.0  12.3  16.7  22.8  20.6  14.4  11.2   3.0   0.5 
1976  -1.6   2.1   2.4   8.4  13.3  17.7  22.8  20.2  15.3   7.8   1.8   0.5 
1977  -5.3   1.7   2.7   9.5  14.7  21.1  23.1  20.1  17.5  11.2   3.4  -0.8 
1978  -7.2  -5.3   4.2   8.8  11.9  18.5  22.6  19.4 -99.0 -99.0 -99.0 -99.0 
1979 -99.0 -99.0   5.3   8.4  11.6  18.2  22.9  20.5  17.1  10.7  -1.5   1.7 
1980  -5.2  -1.1   1.3   8.0  12.8  19.7  23.6  20.3  16.3   8.9   4.1   3.5 
