Number= 725702
Name= LE ROY
Country= USA
Lat=   40.5
Long=  103.0
Height= 1362
Start year= 1889
End year= 1980
First Good year= 1889
Source ID= 10
Source file= Jones
Jones data to= 1980
Normals= -99.0 -99.0 -99.0 -99.0 -99.0 -99.0 -99.0 -99.0 -99.0 -99.0 -99.0 -99.0 
Obs:
1889 -99.0 -99.0 -99.0 -99.0 -99.0 -99.0 -99.0 -99.0 -99.0 -99.0 -99.0   3.3 
1890 -99.0 -99.0   4.4   9.2  15.4  18.4 -99.0  21.6  17.1   8.9   2.2   0.6 
1891  -5.2  -7.1  -4.2   8.7  13.2  16.9  19.3  20.2  17.5   9.7   1.7  -3.3 
1892  -7.3  -1.5   1.0   6.6   9.6  17.7  23.1  21.4  18.2  10.1   2.7  -3.8 
1893  -1.3  -3.7   1.7   7.1  12.2  20.8  23.6  20.8  17.8   9.6   1.8   0.1 
1894  -5.3  -6.6   2.7  10.4  16.7  21.3  24.2  23.2  16.8  11.2   4.2  -2.4 
1895  -5.8  -7.4   2.2 -99.0  14.1  17.3  20.4  22.4  18.9   9.3   1.5  -1.7 
1896   0.8   2.0   1.3   8.9  15.4  19.9  22.7  22.9  16.4   9.5  -1.4   2.9 
1897  -4.1  -0.7   0.9   7.7  16.0  18.6  22.2  21.1  20.2  10.2   2.8  -4.1 
1898  -2.7   1.7   0.7   9.0  11.6  19.8  22.2  23.3  16.3   8.4   1.4  -2.9 
1899  -1.6 -10.6  -0.4   8.6  12.6  19.2  21.6  22.1  18.1  10.0   6.1  -2.6 
1900   0.6  -3.6   3.6   8.1  15.3  21.1  22.0  23.3  16.6  12.1   3.1   0.9 
1901  -1.2  -5.6   1.7   7.4  14.3  19.7  25.7  22.5  16.0  11.2   6.2  -2.6 
1902  -2.9  -0.8   3.0   8.2  14.7  18.7  21.3  21.8  15.2  11.3   3.5  -3.9 
1903  -1.2  -8.4   1.1   7.4  12.0  16.2  22.4  21.6  15.4  10.7   3.3   0.9 
1904  -2.6   0.7   4.2   7.6  12.9  16.8  20.1  21.4  17.6  11.3   6.1   0.7 
1905  -4.5  -7.4   5.3   6.2  11.3  18.7  20.1  22.4  18.5   7.3   4.1  -0.7 
1906   0.4   0.4  -4.9   9.2  13.0  16.6  19.8  21.2  17.1   8.4   2.1   2.0 
1907  -2.9   2.3   7.0   6.2   9.8  17.4  21.6  21.8  16.4  11.8   2.0  -1.7 
1908  -0.3  -0.8   4.2   9.3  11.6  16.9  20.7  20.0  18.8   9.2   2.1  -4.4 
1909  -2.5  -2.6   1.2   5.5  11.4  18.4  22.5  23.4  16.7  10.2   3.9 -10.1 
1910  -4.9 -99.0 -99.0 -99.0 -99.0 -99.0 -99.0 -99.0 -99.0 -99.0 -99.0 -99.0 
1911 -99.0 -99.0 -99.0 -99.0 -99.0 -99.0 -99.0 -99.0 -99.0 -99.0 -99.0 -99.0 
1912 -99.0 -99.0 -99.0 -99.0 -99.0 -99.0 -99.0 -99.0 -99.0 -99.0 -99.0 -99.0 
1913 -99.0 -99.0 -99.0 -99.0 -99.0 -99.0 -99.0 -99.0 -99.0 -99.0 -99.0 -99.0 
1914 -99.0 -99.0 -99.0 -99.0 -99.0 -99.0 -99.0 -99.0 -99.0 -99.0 -99.0 -99.0 
1915 -99.0 -99.0   0.3  10.0  11.2  15.6  19.6  18.8  15.9  11.7   4.7  -2.1 
1916  -7.1   0.2   6.3   7.4  12.7  17.8  24.7  20.9  16.4   8.3   1.2  -6.2 
1917  -5.7  -0.5  -0.9   6.0   9.6  17.1  23.6  19.8  17.6   7.8   6.9  -2.4 
1918  -8.2  -0.9   7.0   4.1  14.0  22.0  21.9  21.0  13.7  11.6   0.8  -2.6 
1919  -2.5  -3.9   3.8   7.6  15.6  19.1  24.6  23.0  19.2   7.0  -1.4  -4.6 
1920  -1.3  -0.8   2.7   2.6  12.9  18.5  22.2  20.0  16.9  11.2   1.1  -1.9 
1921  -1.1   0.8   5.3   7.0  13.4  19.8  23.9  22.6  18.0  13.2   4.9  -2.3 
1922  -5.6  -3.6   3.1   6.9  13.3  20.6  21.7  23.7  19.4  11.8   1.9  -1.1 
1923   0.4  -3.8  -0.4   7.7  12.3  18.3  22.3  20.4  16.7   6.9   4.8  -3.0 
1924  -4.8   0.9  -3.1   7.2  10.6  18.6  21.8  23.2  15.9  11.7   4.4  -7.7 
1925  -6.0   3.1   4.6  10.6  14.3  19.9  23.2  21.4  17.8   5.2   3.1  -2.6 
1926  -3.9   2.4   2.6   7.8  14.8  18.8  22.2  23.4  16.1  11.4   2.9  -3.4 
1927  -1.7   0.1   0.3   8.1  14.3  17.2  21.4  18.8  16.8  13.6   5.5  -5.5 
1928   0.0  -0.7   4.0   6.7  15.0  14.7  21.2  21.4  16.6  10.1   2.6  -3.2 
1929  -5.3  -8.0   3.3   7.8  12.4  19.3  23.9  23.6  13.6  10.2  -4.7  -2.4 
1930 -12.1   2.6   1.1  11.7  11.3  18.8  23.6  22.1  17.4   9.2   2.7  -2.6 
1931   0.0   2.1   0.3   8.2  12.4  22.2  24.2  22.9  20.4  11.7   1.9  -0.4 
1932  -6.1   1.0  -1.4   9.9  15.2  19.2  24.8  22.7  17.1   8.0   4.7  -7.1 
1933  -0.3  -4.0   4.4   7.4  12.2  22.6  24.5  21.4  19.7  12.3   5.4   2.3 
1934   1.7   1.1   4.8  10.2  19.1  21.6  25.0  24.4  15.7  14.3   5.3  -0.9 
1935   0.7   1.7   5.3   6.3   9.8  18.4  25.1  23.6  16.9   9.8   2.0  -0.8 
1936  -2.9  -7.1   3.6   8.1  14.8  21.7  26.6  24.0  18.0   8.3   2.8  -0.7 
1937 -12.7  -2.5   0.8   7.9  14.5  18.1  24.9  25.6  17.3  10.8   3.3  -2.9 
1938  -2.1   1.0   6.1   8.8  13.2  19.6  23.3  24.7  18.6  13.1   1.4  -1.7 
1939  -1.2  -5.6   4.0 -99.0 -99.0 -99.0 -99.0 -99.0 -99.0 -99.0 -99.0 -99.0 
1940 -99.0 -99.0 -99.0 -99.0 -99.0 -99.0 -99.0 -99.0 -99.0 -99.0 -99.0 -99.0 
1941 -99.0 -99.0 -99.0 -99.0 -99.0 -99.0 -99.0 -99.0 -99.0 -99.0 -99.0 -99.0 
1942 -99.0 -99.0 -99.0 -99.0 -99.0 -99.0 -99.0 -99.0 -99.0 -99.0 -99.0 -99.0 
1943 -99.0 -99.0 -99.0 -99.0 -99.0 -99.0 -99.0 -99.0 -99.0 -99.0 -99.0 -99.0 
1944 -99.0 -99.0 -99.0 -99.0 -99.0 -99.0 -99.0 -99.0 -99.0 -99.0 -99.0 -99.0 
1945 -99.0 -99.0 -99.0 -99.0 -99.0 -99.0 -99.0 -99.0 -99.0 -99.0 -99.0 -99.0 
1946 -99.0 -99.0 -99.0 -99.0 -99.0 -99.0 -99.0 -99.0 -99.0 -99.0 -99.0 -99.0 
1947 -99.0 -99.0 -99.0 -99.0 -99.0 -99.0 -99.0 -99.0 -99.0 -99.0 -99.0 -99.0 
1948 -99.0 -99.0 -99.0 -99.0 -99.0 -99.0 -99.0 -99.0 -99.0 -99.0 -99.0 -99.0 
1949 -99.0 -99.0 -99.0 -99.0 -99.0 -99.0 -99.0 -99.0 -99.0 -99.0 -99.0 -99.0 
1950 -99.0 -99.0 -99.0 -99.0 -99.0 -99.0 -99.0 -99.0 -99.0 -99.0 -99.0 -99.0 
1951 -99.0 -99.0 -99.0 -99.0 -99.0 -99.0 -99.0 -99.0 -99.0 -99.0 -99.0 -99.0 
1952 -99.0 -99.0 -99.0 -99.0 -99.0 -99.0 -99.0 -99.0 -99.0 -99.0 -99.0 -99.0 
1953 -99.0 -99.0 -99.0 -99.0 -99.0 -99.0 -99.0 -99.0 -99.0 -99.0 -99.0 -99.0 
1954 -99.0 -99.0 -99.0 -99.0 -99.0 -99.0 -99.0 -99.0 -99.0 -99.0 -99.0 -99.0 
1955 -99.0 -99.0 -99.0 -99.0 -99.0 -99.0 -99.0 -99.0 -99.0 -99.0 -99.0 -99.0 
1956 -99.0 -99.0 -99.0 -99.0 -99.0 -99.0 -99.0 -99.0 -99.0 -99.0 -99.0 -99.0 
1957 -99.0 -99.0 -99.0 -99.0 -99.0 -99.0 -99.0 -99.0 -99.0 -99.0 -99.0 -99.0 
1958 -99.0 -99.0 -99.0 -99.0 -99.0 -99.0 -99.0 -99.0 -99.0 -99.0 -99.0 -99.0 
1959 -99.0 -99.0 -99.0 -99.0 -99.0 -99.0 -99.0 -99.0 -99.0 -99.0 -99.0 -99.0 
1960 -99.0 -99.0 -99.0 -99.0 -99.0 -99.0 -99.0 -99.0 -99.0 -99.0 -99.0 -99.0 
1961 -99.0 -99.0 -99.0 -99.0 -99.0 -99.0 -99.0 -99.0 -99.0 -99.0 -99.0 -99.0 
1962 -99.0 -99.0 -99.0 -99.0 -99.0 -99.0 -99.0 -99.0 -99.0 -99.0 -99.0 -99.0 
1963 -99.0 -99.0 -99.0 -99.0 -99.0 -99.0 -99.0 -99.0 -99.0 -99.0 -99.0 -99.0 
1964 -99.0 -99.0 -99.0 -99.0 -99.0 -99.0 -99.0 -99.0 -99.0 -99.0 -99.0 -99.0 
1965 -99.0 -99.0 -99.0 -99.0 -99.0 -99.0 -99.0 -99.0 -99.0 -99.0 -99.0 -99.0 
1966 -99.0 -99.0 -99.0 -99.0 -99.0 -99.0 -99.0 -99.0 -99.0 -99.0 -99.0 -99.0 
1967 -99.0 -99.0 -99.0 -99.0 -99.0 -99.0 -99.0 -99.0 -99.0 -99.0 -99.0 -99.0 
1968 -99.0 -99.0 -99.0 -99.0 -99.0 -99.0 -99.0 -99.0 -99.0 -99.0 -99.0 -99.0 
1969 -99.0 -99.0 -99.0 -99.0 -99.0 -99.0 -99.0 -99.0 -99.0 -99.0 -99.0 -99.0 
1970 -99.0 -99.0 -99.0 -99.0 -99.0 -99.0 -99.0 -99.0 -99.0 -99.0 -99.0 -99.0 
1971 -99.0 -99.0 -99.0 -99.0 -99.0 -99.0 -99.0 -99.0 -99.0 -99.0 -99.0 -99.0 
1972 -99.0 -99.0 -99.0 -99.0 -99.0 -99.0 -99.0 -99.0 -99.0 -99.0 -99.0 -99.0 
1973 -99.0 -99.0 -99.0 -99.0 -99.0 -99.0 -99.0 -99.0 -99.0 -99.0 -99.0 -99.0 
1974 -99.0 -99.0 -99.0 -99.0 -99.0 -99.0 -99.0 -99.0 -99.0 -99.0   2.8  -1.7 
1975  -2.8  -2.8   0.3   6.3  12.3  18.1  23.4  22.7  15.5  11.3   1.1  -0.8 
1976  -3.6   2.1   1.7   8.7  12.7  18.7  23.6  22.0  16.8   8.2   1.8   0.3 
1977  -6.9   2.1   1.5   9.9  15.4  21.2  23.8  20.6  18.6  11.0   2.5  -1.1 
1978  -7.8  -6.1   3.6   8.6  11.9  19.3  24.1  21.5  18.7  10.7   1.0  -7.0 
1979 -10.4  -2.6   3.3   8.6  11.7  18.3  22.4  20.1  18.8  11.7  -0.9  -0.9 
1980  -6.2  -1.6   0.0   7.1  12.6  20.8  24.4  22.1  18.3  10.1   3.9   2.6 
