Number= 725701
Name= STEAMBOAT-SPRINGS---
Country= USA---------
Lat=   40.5
Long=  106.8
Height= 2084
Start year= 1900
End year= 2007
First Good year= 1900
Source ID= 10
Source file= Jones+Anders
Jones data to= 1996
Normals source= Data
Normals source start year= 1961
Normals source end year= 1990
Normals=  -9.6  -7.2  -2.4   3.3   8.5  12.8  16.3  15.4  10.9   5.1  -2.0  -8.6 
Standard deviations source= Data
Standard deviations source start year= 1941
Standard deviations source end year= 1990
Standard deviations=   2.3   2.2   2.0   1.7   1.1   1.1   0.8   0.9   1.2   1.4   2.1   2.0 
Obs:
1900  -7.9  -8.8   0.6   4.2  11.2  14.7  14.9  14.0   9.5   4.5  -2.8  -6.4 
1901  -7.6  -6.3  -2.8   2.8  10.3  11.2  17.0  15.7   9.8   6.1  -1.2  -7.2 
1902  -9.2  -4.1  -3.8   3.7   9.4  12.7  13.1  14.4   9.6   5.0  -2.7  -8.9 
1903  -8.5 -12.9  -3.5   2.8   7.2  11.6  14.5  14.8   8.5   4.8  -2.9  -8.0 
1904 -10.6  -3.3  -0.9   4.4   8.4  10.7  13.5  14.1  10.6   4.7  -1.7  -7.2 
1905  -8.9  -9.1   1.0   3.5   6.7  12.4  13.9  14.9  10.3   2.9  -2.4  -9.9 
1906  -9.5  -6.2  -5.0   4.0   8.8  10.8  14.1  14.2  10.8   3.2  -3.8  -4.0 
1907  -7.1  -2.1   0.5   4.1   5.8   9.7  14.8  13.7  10.5   6.9  -2.7  -7.4 
1908  -9.9  -7.4  -2.5   4.8   6.9   9.8  14.9  13.7  11.3   2.3  -6.1  -9.3 
1909  -7.1  -7.7  -2.7   2.3   7.3  13.2  16.6  15.7  11.8   5.4   0.2 -12.7 
1910  -9.7  -8.8   1.4   6.4   8.8  13.5  16.4  15.6  12.7   5.2   2.1  -5.6 
1911  -4.7  -8.0   0.6   4.9   9.2  13.7  15.2  14.6  11.5   3.8  -4.9  -9.8 
1912  -8.2  -8.3  -2.9   1.9   8.4  11.6  15.3  14.1   7.8   4.3  -0.8 -10.9 
1913 -11.1  -6.6  -3.7   4.4  10.2  12.8  14.9  16.8  10.7   3.8   1.6  -8.1 
1914  -7.0  -7.0  -3.3   5.6  12.2  12.7  16.5  15.2  11.9   7.4   0.4  -9.7 
1915 -10.3  -5.6  -1.8   7.1   7.8  11.2  15.1  14.8  10.4   5.7  -1.7  -7.4 
1916  -9.0  -7.6  -1.1   4.4   7.7  12.1  16.8  14.3  11.2   5.6  -5.0 -10.1 
1917 -12.4  -7.4  -8.0  -0.2   6.2  12.1  16.9  14.2  11.8   4.8   1.6  -3.9 
1918  -9.3  -8.2  -1.8   2.7   8.9  15.2  15.6  14.2  11.6   7.4  -3.3  -9.1 
1919 -11.2  -7.0  -2.6   5.0   9.2  13.1  17.4  15.6  12.9   1.4  -2.8 -13.9 
1920 -10.7  -6.7  -4.9  -0.4   9.2  12.7  16.1  13.4   9.7   3.1  -4.2 -10.7 
1921 -10.9  -9.6  -2.1   2.2   9.1  14.6  16.2  14.3  10.5   5.8  -1.1  -4.2 
1922  -8.9 -10.0  -5.1   1.2   7.8  13.6  15.1  15.8  10.7   4.1  -6.1  -9.1 
1923 -10.9 -13.9  -8.2   0.7   9.1  12.2  16.7  14.6   9.2   3.0  -1.7 -12.0 
1924 -14.7  -7.2  -6.4   0.8   6.9  12.2  14.8  13.7   8.6   2.2  -3.4 -12.0 
1925 -11.2  -8.6  -3.3   5.1  10.2  12.8  16.3  14.1  10.4   4.1  -2.9  -6.3 
1926 -11.4  -5.6  -2.6   5.7   8.7  13.3  15.0  14.3   9.3   4.7  -1.6  -9.3 
1927  -9.7  -7.1  -4.7   3.1   8.2  13.3  16.0  12.9   9.7   4.1  -0.6 -13.3 
1928  -9.8  -9.9  -1.4   2.1  10.2  11.2  14.8  12.9  10.2   5.2  -2.1 -13.2 
1929 -11.6 -11.8  -6.0  -0.3   7.4  11.1  15.6  14.9  10.6   4.9  -7.3  -8.4 
1930 -12.4  -7.7  -3.9   5.9   7.6  13.2  16.3  15.3  11.2   5.4  -3.9 -12.1 
1931 -10.7  -3.2  -3.1   4.2   7.9  14.1  17.6  15.4  12.7   7.0  -3.7 -10.2 
1932 -12.1  -5.4  -4.8   3.3   9.4  12.3  16.4  15.8  11.0   5.3  -1.2 -11.1 
1933  -9.3 -12.4  -2.2   1.4   6.9  15.1  17.8  15.2  13.2   7.4   1.4  -4.3 
1934  -6.9  -1.4   1.7   7.1  12.2  13.4  18.4  17.7  10.6   7.8   1.4  -7.0 
1935  -7.8  -6.5  -2.3   3.7   7.8  12.9  16.9  16.3  11.7   4.8  -2.6  -8.8 
1936 -10.3  -5.9  -3.9   3.1  10.7  15.1  18.0  16.8  10.8   5.2  -1.2  -7.0 
1937 -14.5  -8.3  -2.8   2.7  10.1  13.3  17.0  16.7  12.8   6.7  -0.5  -6.4 
1938  -7.8  -6.1  -0.8   4.1   8.1  13.9  15.8  16.4  12.8   6.9  -6.1  -7.8 
1939  -9.3 -11.8  -2.7   5.6   9.9  11.9  16.6  15.4  13.1   5.6   1.2  -2.0 
1940  -7.2  -3.5   0.1   5.4  11.0  14.7  17.7  16.4  13.1   6.9  -2.1  -4.3 
1941  -9.1  -4.4  -1.2   3.6  10.7  12.3  16.4  15.5  10.5   6.1  -1.3  -6.1 
1942 -11.1 -11.1  -5.7   4.7   8.2  12.9  16.7  16.1  11.4   6.5   0.2  -8.1 
1943  -7.8  -6.9  -3.7   7.4   8.7  12.6  17.1  16.7  12.0   6.9  -0.4  -5.2 
1944  -9.8  -5.7  -2.1   3.2   9.4  12.3  15.6  15.1  11.8   7.6  -0.2  -7.7 
1945  -7.3  -5.0  -2.9   1.3   9.7  10.4  16.2  16.2  10.4   6.3  -3.9  -9.3 
1946 -11.0  -7.6   0.2   7.0   7.3  13.2  17.3  16.1  10.9   4.6  -1.4  -4.4 
1947 -10.0  -5.2  -1.4   3.4  10.1  11.2  16.3  16.6  12.1   7.4  -4.6  -8.3 
1948  -9.9  -7.6  -5.4   3.4   9.2  13.6  15.6  15.4  12.6   5.6  -4.8  -8.2 
1949 -13.9  -9.8  -0.2   5.2   9.1  12.4  15.8  15.2  11.6   4.0   2.3  -6.3 
1950  -9.3  -6.1  -1.8   4.7   7.1  12.2  15.0  14.1  11.2   8.1   0.2  -6.4 
1951  -9.9  -6.4  -2.9   4.0   9.4  10.8  16.8  15.6  10.4   5.6  -3.8  -8.3 
1952 -10.4  -9.6  -5.2   3.3   9.4  13.7  15.9  15.3  12.1   6.4  -4.4  -9.5 
1953  -5.6  -7.8  -1.5   1.8   7.1  13.6  17.3  15.1  12.1   6.6   1.2  -8.8 
1954  -6.1  -3.6  -2.0   6.0  10.2  13.4  18.7  15.4  12.9   7.1   1.8 -10.2 
1955 -10.1 -10.4  -5.5   2.4   8.6  11.7  17.1  17.2  12.1   6.1  -4.8  -4.7 
1956  -5.6 -11.6  -3.3   3.8  10.7  14.4  15.9  14.5  12.0   6.4  -7.1  -9.7 
1957  -9.7  -4.7  -1.8   3.1   8.1  12.4  16.2  15.4  10.1   6.6  -4.3  -8.8 
1958 -11.3  -3.3  -2.5   2.1  10.9  13.9  15.4  16.9  11.6   6.2  -1.8  -5.8 
1959  -7.8  -5.8  -3.6   3.2   9.2  14.7  16.4  15.8   9.9   4.7  -2.0  -4.8 
1960  -8.6  -8.9  -1.3   4.7   8.2  13.3  16.6  15.4  12.7   5.8  -2.0  -9.4 
1961 -11.7  -5.4  -1.4   2.9   9.2  13.9  16.2  17.0   7.7   5.2  -3.3  -9.3 
1962 -13.6  -4.2  -5.1   5.4   9.0  12.4  15.1  14.6  11.3   6.7   1.0  -5.8 
1963 -12.1  -3.3  -2.9   4.3  10.0  12.9  17.3  16.3  13.6   8.6  -0.1  -7.1 
1964 -11.8 -11.6  -6.3   2.4   9.0  11.8  17.7  14.6  10.5   5.7  -1.2  -7.9 
1965  -7.0  -8.3  -7.3   3.6   8.0  12.2  15.8  14.2   8.8   7.0   1.0  -6.4 
1966 -10.3  -8.0  -1.7   4.1   9.7  12.8  17.6  14.9  11.9   4.7   1.3  -8.2 
1967  -6.7  -6.7  -0.2   4.5   7.4  11.6  16.2  15.3  11.3   5.2  -1.7  -9.8 
1968 -12.1  -6.2  -2.6   0.7   7.3  13.1  16.3  14.1   9.6   5.7  -5.2  -8.9 
1969  -6.6  -7.7  -5.8   5.2  10.8  11.6  16.9  16.8  12.4   2.8  -3.4  -7.9 
1970  -7.7  -6.5  -3.6   0.5   9.0  12.6  16.2  16.6   9.9   2.2  -0.9  -8.4 
1971  -6.7  -8.2  -3.6   3.3   8.0  12.9  16.0  16.8   9.3   5.3  -2.6 -10.3 
1972  -9.7  -6.2   0.4   5.1   8.1  13.9  15.4  15.3  10.7   6.6  -3.4 -11.4 
1973 -12.5  -8.9  -2.5   1.1   8.2  11.9  15.4  15.8  10.6   6.1  -2.7  -8.7 
1974 -10.5 -10.9  -0.1   2.3   9.5  13.6  16.4  13.9  10.1   6.8  -2.6 -10.4 
1975  -9.5  -8.7  -2.4   0.8   6.9  11.1  16.4  14.0  10.4   5.4  -3.1  -6.6 
1976 -10.1  -6.1  -4.5   4.4   8.8  11.9  17.1  14.9  11.6   3.8  -1.6  -9.3 
1977  -8.8  -5.0  -3.6   5.6   8.8  15.1  17.2  16.5  12.4   5.9   0.1  -5.3 
1978  -6.8  -5.5  -0.1   4.6   7.2  12.8  16.0  14.5  10.9   5.4  -1.5 -12.3 
1979 -13.8  -7.0  -2.1   2.7   8.2  11.9  15.7  14.5  11.9   5.3  -5.8  -9.7 
1980  -7.8  -5.5  -3.8   1.9   8.5  13.0  17.2  15.0  11.4   4.3  -0.9  -2.3 
1981  -3.3  -5.3  -0.1   6.2   8.2  13.8  16.7  15.3  13.0   4.4  -0.8  -6.5 
1982  -9.3 -10.0  -1.5   1.7   7.4  11.0  15.6  16.6  11.0   3.6  -4.3  -9.2 
1983  -8.4  -5.3  -0.7   0.4   6.8  11.7  15.9  17.1  11.6   5.6  -2.3  -8.8 
1984 -13.6  -9.2  -3.1   0.1   9.2  11.9  16.6  16.1  10.8   2.6  -2.0  -8.3 
1985 -11.5 -10.9  -2.0   4.2   8.9  13.5  15.9  15.7   9.2   3.5  -5.1  -9.0 
1986  -6.5  -5.0   2.0   3.7   8.2  14.4  15.1  15.6   9.5   3.7  -2.4  -8.5 
1987  -9.9  -6.2  -3.2   4.2   9.5  13.8  15.4  14.8  10.7   5.3  -2.3  -9.9 
1988 -11.5  -7.7  -3.5   3.4   8.7  15.6  16.1  16.2  10.3   6.6  -2.7 -10.1 
1989 -10.6 -10.3   0.0   4.9   9.2  12.1  17.1  15.0  11.1   5.0  -1.5  -9.3 
1990  -8.8  -7.4  -0.7   4.0   7.3  14.1  15.7  15.1  12.9   4.8  -1.2 -12.3 
1991 -10.4  -6.0  -1.7   2.6   8.9  13.3  15.9  15.4  10.8   4.8  -3.0  -9.8 
1992 -11.6 -99.0   2.9   6.7  10.9  12.1  14.6  14.7  10.5   6.5  -5.7 -11.5 
1993  -8.9  -6.9  -0.7   2.3   9.4  12.2  15.3  15.5  10.9 -99.0 -99.0  -8.5 
1994  -7.4  -7.6   0.9   5.6  11.2  15.9  17.6  18.1  12.9   6.2  -2.9  -7.4 
1995  -7.9  -2.3   0.3   3.8   7.5  12.8  16.4  17.9  12.5   4.4   0.5  -4.8 
1996  -8.9  -6.6  -1.9   3.8  10.6  14.1  17.8  16.8  10.9   4.4  -1.4 -99.0 
1997 -99.0 -99.0 -99.0 -99.0 -99.0 -99.0 -99.0 -99.0 -99.0 -99.0 -99.0 -99.0 
1998 -99.0 -99.0 -99.0 -99.0 -99.0 -99.0 -99.0 -99.0 -99.0 -99.0 -99.0 -99.0 
1999 -99.0 -99.0 -99.0 -99.0 -99.0 -99.0 -99.0 -99.0 -99.0 -99.0 -99.0 -99.0 
2000 -99.0 -99.0 -99.0 -99.0 -99.0 -99.0 -99.0 -99.0 -99.0 -99.0 -99.0 -99.0 
2001 -99.0 -99.0 -99.0 -99.0 -99.0 -99.0 -99.0 -99.0 -99.0 -99.0 -99.0 -99.0 
2002 -99.0 -99.0 -99.0 -99.0 -99.0 -99.0 -99.0 -99.0 -99.0 -99.0 -99.0 -99.0 
2003 -99.0 -99.0 -99.0 -99.0 -99.0 -99.0 -99.0 -99.0 -99.0 -99.0 -99.0 -99.0 
2004 -99.0 -99.0 -99.0 -99.0 -99.0 -99.0 -99.0 -99.0 -99.0 -99.0 -99.0 -99.0 
2005 -99.0 -99.0 -99.0 -99.0 -99.0 -99.0 -99.0 -99.0 -99.0 -99.0 -99.0 -99.0 
2006 -99.0 -99.0 -99.0 -99.0 -99.0 -99.0 -99.0 -99.0 -99.0 -99.0 -99.0 -99.0 
2007 -99.0 -99.0 -99.0 -99.0 -99.0 -99.0 -99.0 -99.0 -99.0 -99.0 -99.0 -99.0 
