Number= 725746
Name= WELLS---------------
Country= USA---------
Lat=   41.1
Long=  115.0
Height= 1722
Start year= 1896
End year= 2007
First Good year= 1896
Source ID= 10
Source file= Jones+Anders
Jones data to= 1996
Normals source= Data
Normals source start year= 1961
Normals source end year= 1990
Normals=  -5.1  -2.2   1.3   5.3   9.9  15.0  19.5  18.3  12.9   6.9   0.6  -4.7 
Standard deviations source= Data
Standard deviations source start year= 1941
Standard deviations source end year= 1990
Standard deviations=   3.0   2.9   1.8   1.8   1.6   1.6   1.4   1.2   1.7   1.7   1.8   2.5 
Obs:
1896  -1.9  -1.0   1.4   5.0   8.6  17.8  21.2  19.4  13.2   6.9  -1.1  -3.6 
1897  -3.6  -4.2  -3.0   7.8  15.1  15.2  19.0  20.9  13.9   5.9   2.1  -5.8 
1898 -10.0  -1.4  -1.6   8.8   9.9  15.9  21.3  20.9  12.8   3.8  -2.9  -7.6 
1899  -2.2  -3.9   0.8   5.7   7.6  14.7  20.1  14.6  13.0   3.6   3.7  -5.1 
1900   0.0   1.6   6.1   5.7  12.1  16.7  21.7  18.0  11.9   7.3   4.0   0.2 
1901  -4.9  -2.2   2.9   5.8  12.7  15.2  26.1  21.0  13.7   8.6   4.2  -1.3 
1902  -4.8   0.9   0.6   8.2  12.3  18.3  19.1  20.1  14.6   7.2   1.4  -1.2 
1903  -2.6 -11.4   1.7   9.7   5.0  16.1  21.2  20.3  14.4   4.9   0.6  -6.4 
1904  -5.7   0.8   1.7   6.3  10.9  15.8  22.8  19.7  13.2   4.8   2.0  -3.3 
1905  -2.1  -2.3   3.8   7.0   5.3  15.8  21.4  18.9  13.3   7.8   0.6  -7.7 
1906  -4.7  -2.7   1.0   8.5  11.1  13.9  22.1  18.5  13.1   7.2  -2.2  -3.7 
1907  -5.0  -3.3  -0.1   7.2   9.9  13.6  21.1  19.1  17.7 -99.0   0.6  -4.4 
1908  -5.0   0.6   2.6   9.4   7.2  12.3  21.0  17.4  12.0   6.2  -0.6  -4.9 
1909  -0.5   0.8   3.2   7.8  12.1  16.5  18.8  18.5  13.8   7.9   2.7 -10.6 
1910 -10.2  -7.1   6.4   8.7  13.9  19.1  22.8  24.8  17.3   7.4  -5.1  -5.0 
1911  -2.8  -6.4   4.4   4.8   8.9  16.0  20.6  18.4  12.0   4.5  -1.4  -6.8 
1912  -2.7   1.0   2.6   4.9   9.7  14.4  20.8  18.7  10.3   7.8   2.4  -4.1 
1913  -7.6  -2.6   1.4   7.1  12.4  14.9  18.2  19.8  15.5   9.4   1.8  -5.2 
1914  -0.6  -1.2   3.9   6.2  11.9  14.2  23.1  20.3  12.6   9.5   2.4 -10.7 
1915 -11.6  -2.2   2.6   9.4  10.0  14.4  17.7  24.7  15.7  10.3   1.6  -2.2 
1916  -8.3  -1.8   3.1   6.2   6.9  14.1  19.1  15.6  12.4   6.1  -0.6  -7.2 
1917 -99.0 -99.0 -99.0 -99.0 -99.0 -99.0 -99.0 -99.0 -99.0 -99.0 -99.0 -99.0 
1918 -99.0 -99.0 -99.0 -99.0 -99.0 -99.0 -99.0 -99.0 -99.0 -99.0 -99.0 -99.0 
1919 -99.0 -99.0 -99.0 -99.0 -99.0 -99.0 -99.0 -99.0 -99.0 -99.0 -99.0 -99.0 
1920 -99.0 -99.0 -99.0 -99.0 -99.0 -99.0 -99.0 -99.0 -99.0 -99.0 -99.0 -99.0 
1921 -99.0 -99.0 -99.0 -99.0 -99.0 -99.0 -99.0 -99.0 -99.0 -99.0 -99.0 -99.0 
1922 -99.0 -99.0 -99.0 -99.0 -99.0 -99.0 -99.0 -99.0 -99.0 -99.0 -99.0 -99.0 
1923 -99.0 -99.0 -99.0 -99.0 -99.0 -99.0 -99.0 -99.0 -99.0 -99.0 -99.0 -99.0 
1924 -99.0 -99.0 -99.0 -99.0 -99.0 -99.0 -99.0 -99.0 -99.0 -99.0 -99.0 -99.0 
1925 -99.0 -99.0 -99.0 -99.0 -99.0 -99.0 -99.0 -99.0 -99.0 -99.0 -99.0 -99.0 
1926 -99.0 -99.0 -99.0 -99.0 -99.0 -99.0 -99.0 -99.0 -99.0 -99.0 -99.0 -99.0 
1927 -99.0 -99.0 -99.0 -99.0 -99.0 -99.0 -99.0 -99.0 -99.0 -99.0 -99.0 -99.0 
1928 -99.0 -99.0 -99.0 -99.0 -99.0 -99.0 -99.0 -99.0 -99.0 -99.0 -99.0 -99.0 
1929 -99.0 -99.0 -99.0 -99.0 -99.0 -99.0 -99.0 -99.0 -99.0 -99.0 -99.0 -99.0 
1930 -99.0 -99.0 -99.0 -99.0 -99.0 -99.0 -99.0 -99.0 -99.0 -99.0 -99.0 -99.0 
1931 -99.0 -99.0 -99.0 -99.0 -99.0 -99.0 -99.0 -99.0 -99.0 -99.0 -99.0 -99.0 
1932 -99.0 -99.0 -99.0 -99.0 -99.0 -99.0 -99.0 -99.0 -99.0 -99.0 -99.0 -99.0 
1933 -99.0 -99.0 -99.0 -99.0 -99.0 -99.0 -99.0 -99.0 -99.0 -99.0 -99.0 -99.0 
1934 -99.0 -99.0 -99.0 -99.0 -99.0 -99.0 -99.0 -99.0 -99.0 -99.0 -99.0 -99.0 
1935 -99.0 -99.0 -99.0 -99.0 -99.0 -99.0 -99.0 -99.0 -99.0 -99.0 -99.0 -99.0 
1936 -99.0 -99.0 -99.0 -99.0 -99.0 -99.0 -99.0 -99.0 -99.0 -99.0 -99.0 -99.0 
1937 -99.0 -99.0 -99.0 -99.0 -99.0 -99.0 -99.0 -99.0 -99.0 -99.0 -99.0 -99.0 
1938 -99.0 -99.0 -99.0 -99.0 -99.0 -99.0 -99.0 -99.0 -99.0 -99.0 -99.0 -99.0 
1939 -99.0 -99.0 -99.0   8.2  12.1  13.8  20.6  19.3  14.3   7.4   2.8   0.1 
1940  -2.9   0.9   3.7   6.6  13.3  17.9  20.1  21.3  14.1   9.4  -0.4  -1.7 
1941  -3.7   0.2   2.9   4.2  11.7  14.6  21.3  18.1   8.8   6.1   1.1  -2.1 
1942  -4.5  -6.6  -1.4   5.9   7.8  13.3  25.4  20.2  13.0   8.2   1.4  -0.9 
1943  -3.1  -2.6   2.2  10.4   9.9  14.4  23.2  18.6  14.9   8.7   2.1  -2.3 
1944 -10.3  -2.7   0.3   5.0  11.4  12.4  20.8  18.0  13.8   9.2  -3.4  -8.4 
1945  -4.4  -1.0   0.7   3.8  10.9  12.1  20.6  19.3  12.2   8.7   0.0  -3.8 
1946  -5.8  -1.7   2.4   8.0   9.7  16.1  20.7  19.6  12.8   4.8   0.2  -0.4 
1947  -7.9   2.4   3.9   6.0  12.6  13.6  20.0  18.4  14.7   8.8  -0.8  -3.6 
1948  -0.9  -2.6  -0.6   6.4  10.7  15.7  19.6  18.4  13.9   8.2  -0.3  -5.6 
1949 -13.5  -8.0   1.1   8.3  11.5  14.6  19.9  19.4  14.4   5.8   4.6  -3.7 
1950  -6.0  -0.3   1.2   5.1   8.9  14.4  19.5  18.3  13.1  10.3   4.5   1.6 
1951  -3.9   0.2   1.2   7.7  11.3  13.9  20.9  18.5  15.1   7.3  -0.2  -5.8 
1952  -7.3  -6.7  -3.4   7.6  12.2  15.9  19.9  19.9  15.4  10.0  -2.0  -2.5 
1953   1.7  -0.8   3.3   5.3   7.5  14.6  21.7  18.3  15.1   8.6   3.6  -5.4 
1954  -3.8   1.3   0.6   7.7  13.2  15.0  21.8  17.8  14.2   7.9   3.2  -4.8 
1955  -9.9  -6.8  -0.1   4.6   9.2  15.5  19.3  20.8  14.2   8.6  -1.3  -2.8 
1956  -1.5  -7.2   1.7   6.4  11.0  15.7  20.1  17.7  14.4   6.1  -1.2  -4.2 
1957  -8.2   0.0   2.1   5.3  10.1  15.4  20.3  18.3  14.1   6.8  -2.2  -1.6 
1958  -4.2   1.3  -0.7   4.6  13.4  15.9  18.8  20.9  14.4   8.8   1.4   0.4 
1959  -0.9  -1.6   1.8   6.9   8.8  18.2  21.4  18.1  12.3   8.0   0.9  -5.7 
1960  -6.8  -4.5   3.3   6.7  10.7  17.6  21.3  18.6  15.8   7.4   2.0  -3.6 
1961  -3.3   0.7   2.4   5.7  12.1  18.7  21.1  21.2  11.9   7.6  -0.1  -3.6 
1962  -6.9  -2.3   0.0   8.6   9.5  15.3  18.9  18.2  15.3   9.8   2.3  -2.9 
1963  -6.1   2.9   0.9   3.1  11.7  11.9  17.8  18.4  16.1  10.2   1.1  -5.4 
1964  -8.0  -8.1  -2.6   4.3   9.6  13.2  20.3  17.4  11.1   8.8  -1.8  -1.4 
1965  -2.3  -1.1  -0.2   6.4   7.9  13.3  18.6  17.2   9.4   8.2   2.4  -7.9 
1966  -8.0  -6.3   1.3   5.1  12.7  15.3  19.8  18.5  14.9   5.8   2.3  -7.1 
1967  -3.5  -2.2   1.8   2.8   9.6  13.1  20.1  20.1  14.6   7.2   3.0  -6.9 
1968  -4.9   2.2   2.8   3.1   9.3  15.1  20.3  15.3  12.1   6.7   0.8  -4.4 
1969  -2.4  -4.4  -2.8   6.7  13.1  14.3  20.3  20.4  14.5   4.2   0.6  -4.4 
1970  -3.6   1.7   0.7   2.4  10.0  14.4  20.3  20.5  10.3   4.2   2.7  -6.2 
1971  -2.4  -1.6   0.1   5.1   9.0  14.0  20.0  20.3  10.6   5.4   0.3  -7.1 
1972 -99.0  -0.8   4.3   5.1   5.8  16.7  16.2  18.4  11.9   6.7  -0.8  -7.2 
1973  -7.4  -2.3   0.7   4.2  11.4  15.3  19.6  18.6  12.2   6.9   0.6  -3.2 
1974  -4.1  -2.4   3.6   4.9  10.3  17.4  19.7  17.1  13.6   7.2   1.6  -4.6 
1975  -6.8  -3.6   0.4   1.4   8.0  13.6  21.0  16.8  13.4   6.8  -0.4  -1.5 
1976  -4.2  -0.9   0.2   5.2  12.7  14.4  20.2  16.5  14.3   6.0   2.2  -3.9 
1977  -5.6  -0.9  -0.9   7.7   7.7  17.9  19.5  18.9  13.6   8.4   2.4  -0.3 
1978  -2.6  -1.1   4.7   5.5   8.6  14.3  19.6  17.6  12.1   8.4  -0.9  -6.0 
1979  -7.4  -1.9   1.8   5.0  10.6  15.7  20.2  18.1  15.6   9.3  -1.2  -2.1 
1980  -3.1   1.2   0.8   7.3   9.4  14.2  19.6  17.1  13.8   7.7   1.7  -0.8 
1981  -1.2  -0.9   2.0   7.2   9.5  15.6  19.0  18.7  13.6   4.7   2.4  -0.4 
1982  -6.0  -4.1   0.7   3.4   9.2  13.7  18.1  18.5  11.9   4.4  -2.3  -4.3 
1983  -2.2  -2.4   2.7   2.8   8.6  13.4  17.7  18.6  13.4   6.9   0.3  -4.1 
1984  -9.6  -7.1  -1.0   3.6  10.7  12.5  19.3  18.8  12.7   3.1   0.0  -7.9 
1985  -7.8  -6.0  -0.8   7.3  11.4  16.2  20.5  16.5  10.4   5.3  -3.0  -7.6 
1986  -1.3   1.0   4.8   5.6  10.0  17.1  18.0  19.9  10.0   6.4   0.5  -3.9 
1987  -6.6  -2.1   0.9   7.7  11.1  16.2  18.4  17.3  13.4   8.4   0.8  -5.2 
1988  -7.5  -3.0   1.7   7.2   9.9  17.6  20.3  18.2  12.4   9.9  -0.3  -6.5 
1989 -10.6  -6.2   3.5   7.4   9.9  14.5  20.3  17.1  12.8   6.1  -0.7  -3.2 
1990  -3.7  -5.3   3.0   7.5   8.5  15.2  19.5  17.6  16.0   6.7   0.0  -9.8 
1991  -7.0   2.3   1.4   3.7   8.0  13.8  20.4  19.8  13.5   6.7   0.5  -4.9 
1992  -6.2   1.7   4.3   8.3  12.9  15.4  18.0  18.6  13.1   8.4  -2.8  -8.4 
1993  -9.0  -7.1   1.2   4.2  12.3  12.5  14.9  16.7  12.4   6.9  -3.5  -4.1 
1994  -1.5  -3.1   4.4   6.9  12.2  16.9  20.6  19.8  14.5   6.6  -4.4  -3.4 
1995  -1.3   2.6   2.2   4.9   8.9  12.8  18.0  18.4  13.7   7.0   4.2  -1.0 
1996  -1.9  -2.9   2.2   6.2   9.7  16.3  20.7  18.5  12.2   6.7   1.9 -99.0 
1997 -99.0 -99.0 -99.0 -99.0 -99.0 -99.0 -99.0 -99.0 -99.0 -99.0 -99.0 -99.0 
1998 -99.0 -99.0 -99.0 -99.0 -99.0 -99.0 -99.0 -99.0 -99.0 -99.0 -99.0 -99.0 
1999 -99.0 -99.0 -99.0 -99.0 -99.0 -99.0 -99.0 -99.0 -99.0 -99.0 -99.0 -99.0 
2000 -99.0 -99.0 -99.0 -99.0 -99.0 -99.0 -99.0 -99.0 -99.0 -99.0 -99.0 -99.0 
2001 -99.0 -99.0 -99.0 -99.0 -99.0 -99.0 -99.0 -99.0 -99.0 -99.0 -99.0 -99.0 
2002 -99.0 -99.0 -99.0 -99.0 -99.0 -99.0 -99.0 -99.0 -99.0 -99.0 -99.0 -99.0 
2003 -99.0 -99.0 -99.0 -99.0 -99.0 -99.0 -99.0 -99.0 -99.0 -99.0 -99.0 -99.0 
2004 -99.0 -99.0 -99.0 -99.0 -99.0 -99.0 -99.0 -99.0 -99.0 -99.0 -99.0 -99.0 
2005 -99.0 -99.0 -99.0 -99.0 -99.0 -99.0 -99.0 -99.0 -99.0 -99.0 -99.0 -99.0 
2006 -99.0 -99.0 -99.0 -99.0 -99.0 -99.0 -99.0 -99.0 -99.0 -99.0 -99.0 -99.0 
2007 -99.0 -99.0 -99.0 -99.0 -99.0 -99.0 -99.0 -99.0 -99.0 -99.0 -99.0 -99.0 
