Number= 725837
Name= NV ELKO FAA AP
Lat=   40.8
Long=  115.8
Height= 1549
Start year= 1930
End year= 1990
First Good year= 1930
Source ID= 10
Source file= Jones
Jones data to= 1990
Normals source= Data
Normals source start year= 1961
Normals source end year= 1990
Normals=  -4.0  -0.4   3.0   6.7  11.6  16.8  21.4  20.2  14.8   8.7   2.0  -3.4 
Standard deviations source= Data
Standard deviations source start year= 1941
Standard deviations source end year= 1990
Standard deviations=   3.4   3.0   2.1   1.8   1.5   1.9   1.3   1.5   1.9   1.7   1.9   2.8 
Obs:
1930 -99.0 -99.0 -99.0 -99.0 -99.0 -99.0 -99.0 -99.0 -99.0 -99.0 -99.0  -9.8 
1931  -5.9   0.3   2.9   7.3  12.7  18.1  23.1  20.9  15.1   9.7  -2.6  -8.4 
1932 -10.4 -10.1   0.8   6.9  11.4  15.9  20.2  18.4  14.8   6.8   3.5  -9.3 
1933  -8.7 -11.3   1.2   5.6   8.3  17.5  22.7  19.2  14.3  10.3   1.7  -0.9 
1934   0.3   2.7   6.6   9.4  14.0  14.4  21.0  20.9  13.0   8.3   3.5  -2.7 
1935  -3.5   0.2   0.7   5.7   9.1  16.6  20.4  20.3  16.3   7.3  -0.3  -3.3 
1936  -3.2  -2.7   2.6   8.0  12.5  17.5  21.8  19.5  12.6   8.2   0.9  -3.0 
1937 -14.1  -2.1   2.9   5.5  12.2  15.8  21.3  19.8  16.0   9.1   4.0  -0.1 
1938  -2.1   0.2   2.1   7.4  10.8  16.4  20.2  19.4  16.5   8.4  -1.3  -0.7 
1939  -3.4  -7.7   2.5   8.7  12.8  15.4  20.7  20.4  14.8   7.9   2.9   1.2 
1940  -1.9   1.6   4.1   7.1  13.6  18.3  20.5  20.9  14.6   9.3   0.2  -1.2 
1941  -2.8   0.5   3.7   5.0  12.1  14.6  20.9  18.3  10.5   6.2   1.5  -0.6 
1942  -5.2  -4.8   0.5   6.5   8.3  13.4  21.3  19.4  13.9   8.5   1.7  -0.1 
1943  -2.0  -1.2   3.2  10.1   9.9  13.2  20.1  18.6  16.1   9.0   2.1  -1.2 
1944 -10.1  -2.6   0.4   4.7  11.0  12.3  19.1  17.9  13.9   9.4  -3.8 -11.1 
1945  -5.5  -0.2   0.4   4.3  11.0  12.7  20.9  19.0  12.6   8.9   0.9  -4.6 
1946  -6.3  -3.0   2.6   8.2   9.7  15.3  20.6  20.0  12.6   4.9   1.1  -0.1 
1947  -7.2   2.6   4.4   6.3  13.3  14.4  20.4  19.2  14.4   9.4  -0.4  -3.1 
1948  -0.9  -2.3  -0.3   6.3  11.0  16.2  20.3  18.9  14.3   8.4   0.3  -6.3 
1949 -15.2  -8.9   0.8   9.1  12.0  15.3  20.2  19.4  14.8   6.5   5.1  -5.1 
1950  -7.1   0.0   2.3   6.3   9.2  14.5  20.7  19.2  13.6  10.1   4.2   1.6 
1951  -4.3   0.3   1.3   7.9  11.1  14.7  20.6  19.0  15.0   6.7   1.3  -7.0 
1952  -7.1  -6.0  -3.0   8.4  12.1  14.9  20.6  20.1  15.8  10.6  -1.6  -1.7 
1953   2.2  -0.1   3.1   5.6   7.3  14.4  22.1  18.6  15.9   8.6   4.2  -6.3 
1954  -3.6   2.4   0.5   8.3  12.9  14.8  21.8  17.8  13.3   7.6   3.6  -4.3 
1955 -10.5  -7.2   1.1   4.6   9.5  15.7  19.9  20.9  14.1   8.4  -0.9  -2.8 
1956  -0.8  -6.4   2.5   7.0  11.9  15.6  20.4  17.6  14.7   7.0  -0.8  -3.3 
1957  -8.4   0.8   3.2   5.9  10.0  15.6  19.9  18.9  14.1   6.7  -0.9  -1.5 
1958  -3.7   2.3   0.2   5.0  13.6  16.0  19.6  21.5  14.2   9.2   2.0   0.2 
1959  -0.1  -1.4   2.1   7.9   9.2  18.5  22.1  19.0  12.8   8.9   1.6  -4.8 
1960  -6.4  -2.8   4.4   6.9  10.6  17.9  22.1  18.4  16.1   7.9   2.3  -3.4 
1961  -2.7   0.5   2.1   5.8  11.4  19.4  22.3  21.6  11.9   7.3  -0.1  -2.9 
1962  -7.3  -1.9   0.7   8.9  10.1  15.6  19.1  18.4  15.1   9.9   1.9  -2.0 
1963  -6.1   3.8   1.8   3.6  12.6  12.8  18.5  19.0  16.4  10.6   1.5  -3.8 
1964  -7.4  -6.6  -1.4   4.9  10.0  13.8  21.0  18.5  12.3   9.6  -0.9  -1.0 
1965  -1.0  -0.4   0.8   7.1   9.1  14.3  19.8  18.9  11.3  10.1   3.5  -7.1 
1966  -5.3  -4.5   3.3   6.8  14.3  17.1  21.2  20.6  16.3   7.7   3.9  -7.4 
1967  -3.8  -0.3   2.9   4.5  10.8  17.1  23.8  23.9  18.3   9.9   5.3  -5.0 
1968  -2.8   4.3   5.7   5.9  12.2  17.8  24.1  18.7  15.1  10.3   3.4  -2.2 
1969  -1.8  -3.7  -0.6   7.4  14.2  16.1  21.7  21.5  16.4   5.0   1.3  -2.7 
1970  -2.4   2.6   0.8   2.4  10.5  15.6  21.1  21.1  11.6   5.0   3.3  -5.1 
1971  -0.9   1.1   2.3   5.4   9.0  14.5  20.4  21.6  11.8   6.5   1.1  -7.4 
1972  -4.8   0.2   5.6   5.7  12.2  17.8  19.7  19.4  12.4   7.9  -0.1  -7.2 
1973  -6.7  -0.4   2.7   6.1  13.4  17.1  21.6  20.6  13.9   8.8   2.6  -0.9 
1974  -2.3   0.1   5.0   6.4  11.4  18.4  21.0  18.4  14.8   8.8   3.1  -3.0 
1975  -7.3  -1.6   2.1   3.1  10.5  15.4  21.8  17.8  14.9   8.0   0.2  -1.4 
1976  -3.4   0.4   0.8   5.2  13.1  15.1  20.8  17.2  16.1   8.1   3.1  -2.5 
1977  -4.4   2.0   1.6   9.6  10.3  20.7  22.1  21.6  16.1  10.5   3.8   1.5 
1978   0.1   1.5   7.1   7.4  11.2  15.9  21.0  20.6  13.6  10.3   1.8  -4.7 
1979  -5.2   0.6   4.3   8.0  13.6  18.8  23.3  21.8  18.9  12.5   0.9  -0.3 
1980   0.1   3.9   2.8   8.5  10.8  15.8  22.0  19.6  16.4   9.8   4.4   1.2 
1981   1.4   1.9   4.9   9.0  12.3  19.6  23.3  22.7  16.4   7.1   4.7   1.1 
1982  -4.9  -1.4   3.2   5.7  11.4  16.4  20.6  21.4  14.8   7.4   1.1  -2.3 
1983  -0.9  -0.1   5.4   5.9  11.4  16.7  20.4  22.3  17.0  10.4   2.5  -1.9 
1984  -8.3  -4.6   2.2   5.5  12.6  15.4  22.2  21.5  15.9   6.3   3.2  -6.2 
1985  -5.7  -2.9   1.7   8.9  12.2  18.1  24.4  18.8  12.1   7.9  -1.1  -5.0 
1986   0.2   3.1   6.6   7.2  11.3  18.7  19.4  21.4  11.6   7.8   1.1  -3.9 
1987  -5.9  -0.5   3.0   9.7  13.1  17.7  19.3  19.2  15.3  10.1   2.1  -3.5 
1988  -6.5  -1.5   2.9   8.0  10.8  18.4  22.2  19.8  13.8  11.6   0.8  -5.7 
1989 -11.3  -5.4   5.3   9.4  11.3  16.4  21.5  18.6  14.3   7.8   0.8  -2.4 
1990  -2.4  -3.0   4.9  10.0  10.0  16.6  21.4  19.4  17.7   7.7   0.9  -9.7 
