Number= 725813
Name= CORINNE
Country= USA
Lat=   41.5
Long=  112.1
Height= 1289
Start year= 1912
End year= 1980
First Good year= 1912
Source ID= 10
Source file= Jones
Jones data to= 1980
Normals source= Data
Normals source start year= 1961
Normals source end year= 1980
Normals=  -4.0  -0.4   3.6   8.4  14.0  18.8  23.6  22.1  16.5  10.0   3.2  -2.3 
Standard deviations source= Data
Standard deviations source start year= 1941
Standard deviations source end year= 1980
Standard deviations=   3.1   2.9   2.2   1.7   1.6   1.7   0.9   1.2   1.5   1.5   1.8   1.9 
Obs:
1912  -3.1   0.7   3.1   6.2  11.4  19.2  21.4  20.6  12.0   8.2   3.3  -5.2 
1913  -5.9  -2.2  -0.1   8.6  13.7  19.5  21.8  23.7  16.9   8.0   3.9  -5.7 
1914  -3.5  -0.9   5.5   9.2  16.1  17.6  22.8  21.6  16.2   9.9   1.4  -6.8 
1915  -7.1   1.0   5.7  12.1  11.9  16.7  22.1  23.3  15.6   9.6   3.4  -2.6 
1916  -5.7  -1.8   4.0   9.4  11.0  17.3  22.7  20.7  15.7   7.9   0.0  -6.2 
1917 -10.7  -6.0  -4.2   4.6  11.1  16.9  25.0  21.2  16.4  10.0   3.6   2.6 
1918  -2.7  -3.8   4.8   7.7  13.6  22.7  23.6  21.1  17.9  11.3   1.9  -2.7 
1919  -3.0  -0.9   4.3  10.1  15.3  21.2  25.4  23.7  17.7   5.9   1.9  -8.1 
1920  -3.3   1.6   2.8   5.7  13.3  18.2  24.2  22.0  16.2   7.9   3.1  -2.1 
1921  -1.5  -0.4   6.3   7.2  13.8  19.8  24.1  22.7  14.9  11.9   5.0   1.3 
1922  -5.9  -2.3   1.7   8.4  16.2  24.2  22.7  23.1  17.8  10.9   0.6  -2.0 
1923  -2.3  -6.7  -0.1   6.5  12.4  14.2  24.1  21.8  16.5   8.4   4.6  -2.2 
1924  -6.3   3.3   1.4   6.6  14.6  18.9  23.3  21.6  15.4   8.9   2.6  -8.7 
1925  -6.4   0.2   4.9   8.8  14.8  16.8  23.7  20.5  15.8   9.0   2.1   0.3 
1926  -4.2   0.7   4.7  10.6  13.9  20.4  23.1  21.9  14.6   9.9   5.1  -3.9 
1927  -3.5  -0.3   2.8   7.3  11.4  18.0  23.1  20.8  15.9  10.7   5.2  -5.2 
1928  -4.6  -0.7   5.2   6.3  15.4  16.7  23.5  21.6  16.6   9.7   3.3  -5.9 
1929  -7.0  -5.6   2.7   7.6  12.7  17.3  23.8  23.5  14.9  11.1   1.5   0.0 
1930  -8.8   1.6   4.9  11.8  12.0  18.9  24.3  22.9  16.9   9.0  -0.8  -9.1 
1931  -8.8  -1.0   3.2   8.8  12.8  21.1  25.5  23.8  17.3  11.9   0.1  -7.2 
1932 -10.1  -4.5   1.8   8.6  13.9  18.2  24.1  21.4  17.2   8.8   4.0  -9.0 
1933  -6.4  -9.4   1.2   7.3  10.1  21.2  25.3  22.3  18.8  13.3   4.7   1.6 
1934   0.8   5.1   9.1  13.6  18.4  19.3  25.0  24.2  16.1  11.8   5.1  -1.0 
1935  -2.1   0.8   3.8   9.1  12.0  19.0  23.6  23.2  18.8   9.8   1.1  -1.4 
1936  -3.8  -1.7   3.4   9.7  15.6  21.0  24.4  22.9  15.9  10.3   2.1  -0.4 
1937 -12.5  -5.0   2.4   7.3  15.6  17.8  23.6  22.9  18.2  11.3   6.1   1.3 
1938   1.2   2.1   4.1   9.4  11.7  19.8  22.2  22.2  19.2  11.3   0.0   0.4 
1939  -2.9  -6.0   3.5  11.0  16.0  18.0  23.7  22.6  17.9  11.3   6.1   2.4 
1940  -0.3   4.2   8.1  11.9  18.2  23.3  26.2  25.7  17.0  12.5   2.1  -0.7 
1941  -2.6   1.2   5.9   9.1  15.9  18.2  23.4  21.9  14.4   9.4   3.2   0.1 
1942  -8.6  -5.8  -0.1   9.2  11.9  17.8  24.9  22.1  15.4  10.8   3.3  -0.6 
1943  -1.6  -1.0   3.8  12.2  13.2  16.6  22.2  21.6  18.0  12.8   3.2  -0.4 
1944  -8.6  -6.6   2.1   7.0  13.4  15.1  21.4  20.0  16.8  12.4   3.0  -1.2 
1945  -1.4   1.6   3.5   6.2  14.1  14.8  22.2  21.8  13.9  10.4   2.3  -2.4 
1946  -3.4  -0.6   6.7  11.8  12.8  19.1  24.1  22.7  16.3   8.3   2.4   1.3 
1947  -6.8   1.8   5.9   8.4  15.6  16.5  23.1  20.6  16.6  11.5   1.2  -4.5 
1948  -3.7  -2.2   0.6   7.7  13.3  19.2  23.3  22.7  18.3   9.6  -0.7  -4.1 
1949 -11.5  -5.9   4.7  11.1  14.6  17.8  21.8  22.0  17.7   7.7   6.0  -2.6 
1950  -4.7   0.2   2.2   8.0  11.1  17.2  21.7  21.1  16.7  12.8   4.3   0.7 
1951  -4.2  -0.2   1.9  10.3  14.2  16.4  22.9  21.4  16.7   9.8   2.2  -4.6 
1952  -5.3  -4.6  -1.9  10.2  14.5  18.6  22.1  22.8  18.6  12.6   0.7  -0.6 
1953   3.1   1.2   5.4   7.1  10.2  17.7  23.7  21.8  17.9  11.2   5.2  -2.3 
1954  -0.7   0.8   3.8  11.4  15.1  16.9  23.7  21.4  16.8  10.7   6.3  -1.6 
1955  -8.6  -5.4   0.1   7.7  13.8  17.8  22.1  23.1  16.4  10.2  -0.5  -0.2 
1956  -0.2  -5.3   4.1  10.4  16.1  19.3  23.8  20.3  17.2  10.6   0.4  -2.4 
1957  -5.1   2.9   6.2   9.0  14.8  18.6  23.2  22.5  17.3   9.9   0.1  -0.6 
1958  -2.8   3.3   3.1   7.7  17.2  20.2  23.0  24.6  17.2  11.8   2.9   0.9 
1959   0.1   1.4   4.5   9.8  13.3  21.1  23.9  22.1  15.7   9.3   1.8  -2.8 
1960  -5.3  -2.7   4.7   9.5  14.1  20.8  25.9  21.4  18.5   9.8   3.6  -1.8 
1961  -3.1   1.5   4.1   8.1  14.6  22.5  24.7  24.0  13.4   9.3   1.4  -3.7 
1962  -7.8  -2.2   1.8   9.8  13.1  18.1  22.2  21.4  17.5  12.1   4.6  -1.7 
1963  -6.3   4.2   4.2   7.1  15.8  16.6  23.9  23.8  19.0  13.6   3.3  -5.0 
1964  -8.1  -5.2  -1.6   7.2  13.0  16.6  24.0  21.2  15.9   9.7   2.9  -0.3 
1965  -1.1   0.2   2.5   9.5  12.3  18.8  22.7  20.5  13.2  11.8   5.6  -1.5 
1966  -3.6  -3.2   4.1  11.7  16.0  19.0  24.5  22.3  18.1   9.4   4.8  -3.2 
1967  -1.7   0.5   5.6   7.1  13.0  16.8  23.7  23.5  18.2  10.2   5.1  -5.4 
1968  -6.6  -0.1   5.8   6.0  12.7  17.1  23.8  19.1  14.9   9.3   2.5  -2.4 
1969  -2.1  -3.1   0.3   9.2  17.1  17.6  22.9  23.8  18.7   7.1   2.2  -0.1 
1970  -0.8   3.2   3.8   5.9  13.6  19.2  22.8  24.1  14.2   7.6   4.7  -2.3 
1971  -1.4   0.6   3.3   8.3  13.2  18.7  23.8  23.8  14.4   7.8   2.1  -5.1 
1972  -2.7   1.1   6.9   8.3  15.2  20.4  22.9  22.7  15.7  10.9   2.4  -6.4 
1973  -7.1  -2.6   3.3   7.4  14.9  19.1  23.0  23.0  15.5  10.7   3.5  -0.2 
1974  -4.6  -2.7   6.0   8.6  14.8  21.4  24.3  21.4  17.8  11.6   4.3  -2.4 
1975  -5.4  -0.9   3.8   5.7  11.4  17.2  24.4  20.9  16.7   8.7   1.2  -0.9 
1976  -3.8  -2.2   0.9   8.8  16.1  18.1  23.9  20.8  18.4   9.4   4.1  -1.6 
1977  -5.1   0.7   1.7  10.9  12.7  21.8  23.8  21.9  16.9  11.1   3.8   1.7 
1978   0.4   3.1   7.4   9.7  12.8  18.8  23.8  21.3 -99.0 -99.0 -99.0 -99.0 
1979  -8.2  -2.4   3.7   8.8  14.6  19.2  23.2  21.3  17.9  10.4  -0.2  -1.7 
1980  -1.8   1.6   4.1   9.8  13.3  18.5  23.6  20.7  16.6   9.1   3.4  -0.9 
