Number= 725920
Name= REDDING-WSO---------
Country= USA---------
Lat=   40.5
Long=  122.3
Height= 153
Start year= 1875
End year= 2011
First Good year= 1875
Source ID= 30
Source file= Jones+Anders
Jones data to= 1996
Normals source= Data
Normals source start year= 1961
Normals source end year= 1990
Normals=   6.8   9.4  11.0  14.2  19.2  24.7  27.8  26.8  23.1  17.9  10.8   6.8 
Standard deviations source= Data
Standard deviations source start year= 1941
Standard deviations source end year= 1990
Standard deviations=   1.6   1.6   1.6   2.3   1.8   1.7   1.2   1.4   1.4   1.5   1.4   1.6 
Obs:
1875   8.2  12.2   9.7  19.1  21.1  27.1  31.9  31.1  24.2  23.3  12.6   9.0 
1876   6.0   8.9   9.7  13.2  17.6  27.7  28.6  26.7  23.3  20.7  15.5   9.9 
1877   9.5  11.4  12.9  13.2  17.4  27.8  29.8  28.6  27.6  19.6  11.9   8.6 
1878   7.6   8.3  10.4  14.5  18.9  28.8  31.1  31.5  25.5  20.7  11.9   7.7 
1879   6.1  10.6  11.0  14.5  14.4  25.9  30.8  31.9  27.2  18.8  12.1   5.9 
1880   5.6   7.8   7.0  11.6  18.5  27.1  31.7  27.9  25.9  17.8  11.3   8.3 
1881   8.6  11.0  11.2  18.7  20.0  23.4  29.3  28.8  25.5  15.7  12.1   8.6 
1882   4.7   7.8  10.1  11.2  19.1  28.8  31.6  29.4  23.3  17.1 -99.0   9.8 
1883   5.3   6.2  13.4  13.9  17.4  26.1  28.9  26.2 -99.0  19.2  12.2   8.4 
1884   5.8   8.1   9.9  14.4  16.6  21.2 -99.0  27.6  23.3  19.5  15.8   6.9 
1885  11.5  14.5  16.4  19.0  22.1  22.8  29.6  29.1  24.9  23.1  15.7   8.4 
1886   7.2   9.6  11.9  17.5  20.7  29.3  30.5  31.1  27.2  18.4  11.0   9.0 
1887   9.0   5.7  13.9  15.4  21.6  25.9  27.8  26.2  22.6  22.2  14.1   7.3 
1888   3.8  11.1  11.9  19.8  22.4  27.1  29.6  28.4  28.3  19.9  10.0  11.9 
1889   7.3  11.6  13.2  16.4  19.7  28.9  30.1  29.1  25.3  15.7  13.2   6.2 
1890   3.9   7.7  11.1  16.5  17.6  23.1  27.2  30.1  25.6  18.6  15.2   8.7 
1891 -99.0   7.0  11.1  15.2  21.1  25.3  30.1  28.8  25.6  18.9  14.3   5.4 
1892   7.6  10.9  11.8  10.5  17.1  22.9  27.3  27.6  22.6  18.2  13.3   8.4 
1893   5.6   6.8   8.2  10.3  16.4 -99.0  27.7  28.0  19.6  16.1  11.9   9.4 
1894   4.5   6.4   8.9  14.4  17.2  20.9  28.8  28.7  23.7  17.8  15.2   6.2 
1895   5.6  10.9  10.2  13.2  17.6  25.8  27.4  28.4  20.4  19.5  12.5   5.2 
1896   8.2  10.9  10.2   9.1  14.4  25.8  29.9  26.6  22.1  19.8  10.0   8.5 
1897   6.9   7.3   6.5  15.5  20.9  23.7  28.2  27.5  22.7  17.7   9.9   7.1 
1898   4.9   9.7   9.7  15.9  16.4  24.3  28.7  28.1  22.9  17.4  11.7   9.7 
1899   6.9   9.6   9.2  13.7  15.4  25.4  27.9  24.2  26.0  16.2  12.1   7.5 
1900   9.1   9.8  13.1  12.6  17.8  25.2  28.9  25.7  21.2  16.0  13.1   7.7 
1901   6.2   8.9  11.9  12.4  17.3  24.5  28.4  28.5  22.0  19.8  13.7   8.8 
1902   6.3   9.2   8.9  11.9  15.2  25.5  27.5  27.1  25.2  17.7  10.8   7.0 
1903   6.4   6.6   8.5  11.8  18.7  25.5  25.3  26.9  24.2  20.4  12.8   8.9 
1904   8.4   7.7   7.8  12.8  19.9  26.2  27.6  28.5  24.0  17.3  12.5   6.9 
1905   8.2  10.7  11.6  14.4  15.3  24.5  29.2  27.6  23.0  18.3  11.8   7.0 
1906   8.5  10.9   9.3  14.4  16.1  21.1  30.0  28.3  23.0  19.8  12.1   7.3 
1907   5.0  12.7   8.2  15.1  17.0  22.4  26.6  26.3  22.0  19.5  12.9   7.5 
1908   7.9   8.3  11.4  16.1  14.8  23.2  30.7  28.0  23.4  16.6  13.2   5.5 
1909   7.9   7.8   9.6  15.8  18.0  26.0  27.4  27.2  24.6  18.0  11.4   7.0 
1910   5.1   7.7  13.0  16.0  20.0  24.7  29.2  28.0  22.6  19.8  12.4   8.9 
1911   7.2   7.0  12.6  13.3  15.8  25.1  30.1  26.3  20.9  18.4  14.2   7.5 
1912   7.7  11.0   9.9  12.1  18.2  25.5  27.8  27.4  22.9  16.6  12.2   8.4 
1913   6.0  10.0  10.4  13.0  19.2  23.6  28.3  29.6  25.6  20.8  11.9   6.7 
1914   7.3  10.1  14.6  14.5  19.1  24.2  28.2  28.8  22.2  17.2  14.5   4.8 
1915   6.9   8.6  12.8  15.1  15.7  25.5  29.2  28.4  24.1  19.1  11.3   8.0 
1916   4.4  11.8  12.8  15.8  16.5  24.3  27.2  27.2  23.7  16.2  11.0   6.6 
1917   6.6  10.0   8.2  12.8  15.9  25.9  30.7  29.9  24.4  22.8  13.9  10.6 
1918   8.8   8.5  11.3  15.8  18.5  28.1  26.4  26.8  22.8  18.9  11.4   7.9 
1919   9.1   7.8  11.2  16.4  21.0  24.0  27.6  26.9  21.7  16.8  12.4   7.1 
1920  11.9  11.2  10.2  15.6  19.5  21.1  26.3  28.5  22.7  16.2   9.0   7.2 
1921   6.0   9.9  13.0  14.5  17.7  23.6  28.7 -99.0  26.5  18.9  12.4   9.5 
1922   5.4   7.1   9.9  13.8  20.2  24.9  29.2  26.3  26.9  17.2  11.2   6.5 
1923   5.6  10.5  12.4  12.9  18.2  21.8  27.4  27.4  25.2  17.8  15.8   7.6 
1924   7.6  12.7  10.6  16.6  21.7  25.7  28.2  26.9  23.6  16.1  12.8   5.3 
1925   7.8   9.7  11.5  14.1  18.0  25.8  29.3  25.8  21.0  18.6  12.1   9.4 
1926   6.3  10.3  15.7  17.0  19.0  28.8  30.4  26.7  22.4  20.2  15.2   7.8 
1927   7.7   9.0  10.2  13.5  17.1  25.3  29.4  26.9  22.9  20.1  13.5   7.4 
1928   7.2  10.4  11.5  13.1  21.4  24.8  29.1  28.4  24.8  18.6  12.6   6.6 
1929   5.9   8.7  12.0  11.4  19.3  23.0  27.9  28.1  24.1  20.6  17.1  10.3 
1930   4.9  11.0  13.0  14.6  15.7  25.5  28.7  26.9  20.6  18.3  14.0   8.5 
1931   8.2  10.8  13.0  16.5  21.8  23.4  31.2  29.2  22.2  18.2  11.0   5.7 
1932   6.3   8.8  12.7  12.2  17.8  26.2  27.6  28.0  27.7  19.6  15.0   4.8 
1933   4.6   6.6  10.4  14.9  14.8  24.1  30.9  29.2  22.1  22.7  15.6   5.9 
1934   9.5  10.6  16.3  17.8  19.5  24.0  27.5  28.6  25.3  18.3  12.0   8.5 
1935   6.3   9.5   8.2  13.0  18.9  26.4  27.1  28.8  25.3  17.3  11.8   8.9 
1936   8.8   8.1  13.1  15.4  19.0  23.7  28.7  28.8  25.6  21.5  16.1   7.6 
1937   0.5   6.1  10.1  12.3  19.6  23.5  29.6  28.4  24.0  18.5  12.5  10.4 
1938   8.9   7.9   8.1  13.5  19.3  26.5  29.0  27.5  24.8  16.8  11.8  10.0 
1939   8.2   7.0  12.1  17.6  18.8  24.5  28.8  28.5  24.0  19.4  15.2   9.3 
1940   7.9   9.3  12.5  14.7  20.5  27.9  27.2  28.3  21.2  18.0  12.0  10.0 
1941   8.5  10.0  12.9  13.1  17.4  22.2  28.9  25.7  22.2  17.2  13.7   7.4 
1942   8.0   8.5  10.7  12.1  15.1  24.0  28.6  27.9  23.8  20.1  11.7   6.6 
1943   7.9  10.6  11.4  14.4  19.1  21.3  28.4  25.7  26.3  17.1  14.0   9.3 
1944   6.9   7.9  12.3  11.8  18.3  21.4  27.8  26.7  25.6  19.5  10.2   9.6 
1945   7.5  10.6   9.6  15.6  17.4  23.3  29.1  25.9  24.8  19.3   9.9   7.4 
1946   7.4   7.3  11.2  16.1  19.2  21.5  27.1  26.6  22.5  15.3  10.1   8.5 
1947   7.2  12.3  13.6  18.4  22.2  22.4  25.3  24.3  23.7  16.6  11.9   7.7 
1948  11.7   8.7   9.1  10.2  15.9  22.6  26.3  25.0 -99.0 -99.0  11.5   5.3 
1949   4.5   6.6   8.6  16.5  17.8  25.7  27.6  24.6  22.7  17.1  14.4   5.8 
1950   1.4   8.5   9.1  15.0  19.1  24.0  28.8  27.8  22.8  16.3  12.8   7.9 
1951   5.1   8.0  10.4  15.2  18.1  25.6  27.8  27.2  24.6  16.6  10.7   6.3 
1952   4.1   8.2   8.4  15.3  19.1  21.7  29.8  26.9  25.3  21.0  11.5   6.0 
1953   9.0  10.7  10.8  13.2  14.3  21.5  28.7  25.5  25.0  17.5  11.1   8.9 
1954   6.7  10.7   9.3  16.0  20.0  22.4  27.8  24.7  21.5  17.0  11.1   6.0 
1955   6.1   8.4  11.0  12.6  20.9  24.4  25.9  27.7  24.6  19.4  11.1   8.4 
1956   7.9   8.1  12.7  15.6  19.8  24.6  28.4  26.2  23.7  17.1  13.7  10.0 
1957   6.1  11.6  12.2  16.2  19.2  26.0  27.3  25.0  23.8  15.9  11.6   8.0 
1958   8.2   9.3   8.5  13.7  19.4  22.5  27.6  28.9  23.9  19.5  11.8  11.1 
1959   7.7   8.4  13.4  17.5  17.7  25.8  29.2  26.5  21.3  18.8  13.3   8.0 
1960   5.0   8.3  12.0  13.3  16.4  26.8  29.3  26.7  23.3  16.6   9.3   7.4 
1961   6.5  10.0   9.8  16.0  16.1  26.4  28.9  27.4  22.2  17.6  10.2   6.1 
1962   8.0   7.4   9.5  17.3  17.2  24.5  28.5  26.8  23.3  17.0  12.0   8.8 
1963   5.7  12.1   9.9  10.2  18.7  23.7  25.9  26.3  24.2  17.5   9.9   5.8 
1964   6.0  10.6  10.5  14.7  17.4  22.5  28.2  27.2  22.4  19.6   8.9   7.7 
1965   7.2   9.8  12.5  13.1  19.0  23.1  27.7  25.9  21.2  20.5  10.6   4.8 
1966   6.0   7.1  11.0  17.5  21.5  24.7  26.0  28.2  23.8  19.4  11.4   6.8 
1967   6.8  10.4   9.0   7.9  19.9  24.0  29.2  30.3  25.1  18.6  13.4   6.7 
1968   5.5  11.5  12.4  15.5  18.7  25.5  28.0  24.2  23.7  17.2  10.0   3.8 
1969   3.9   5.3  11.1  13.7  21.3  23.3  28.8  28.4  24.4  16.3  12.8   9.0 
1970   7.7  11.3  12.2  12.5  20.7  25.0  28.7  27.1  23.5  17.0  10.9   5.4 
1971   6.3   8.9   8.9  12.7  16.3  22.6  28.9  28.6  23.3  16.7  10.3   4.5 
1972   5.7   9.1  13.5  13.2  19.8  25.4  28.3  27.7  21.8  16.8   9.2   3.1 
1973   4.8   9.5   9.4  16.1  22.1  25.9  29.3  26.2  22.6  16.8   8.2   7.3 
1974   6.4   8.6  10.8  13.0  19.7  25.4  27.3  27.6  24.0  19.0  10.6   6.3 
1975   7.2   7.3   9.2  10.8  19.7  24.4  27.0  25.7  26.0  15.6   9.4   8.6 
1976   8.4   8.1  10.5  12.0  20.8  23.2  27.4  22.7  22.6  18.1  13.4   9.3 
1977   6.0  11.6   9.9  17.2  15.1  27.1  27.5  27.3  21.0  17.4  10.7   8.3 
1978   8.4   9.4  13.3  12.2  19.2  23.9  28.4  27.7  21.4  20.8  10.2   5.4 
1979   6.0   7.4  11.4  13.4  20.2  24.2  27.3  24.9  24.0  17.1   9.7   7.2 
1980   7.7  10.2   9.7  13.8  17.1  21.4  26.9  26.0  22.5  18.2  12.1   8.8 
1981   7.8  10.1  11.4  16.1  19.6  27.3  28.0  27.4  23.8  15.6  12.1   8.2 
1982   5.2   9.3   8.5  11.9  20.2  23.7  26.6  26.4  22.8  17.2   9.6   7.0 
1983   7.4   9.2  11.3  11.8  19.6  24.9  25.9  26.5  24.5  18.9  11.2   7.3 
1984   8.9   9.5  13.6  13.8  20.9  25.2  30.0  26.7  24.3  15.9  10.2   6.6 
1985   6.7  10.4   9.7  16.7  18.4  27.7  28.5  25.4  20.2  17.5   8.9   7.8 
1986   9.2  11.4  13.6  14.4  18.9  26.4  26.7  27.4  20.3  18.0  12.8   7.2 
1987   6.2   9.4  10.8  16.7  22.3  26.3  25.6  27.3  23.4  20.1  11.2   7.2 
1988   7.5  12.2  13.6  15.4  17.5  23.9  30.4  27.7  24.7  20.6  10.4   7.4 
1989   6.9   7.7  11.1  17.2  19.2  24.5  26.8  25.3  21.8  16.1  12.0   8.0 
1990   7.2   7.7  12.9  18.1  18.6  23.9  28.7  26.4  23.8  18.6  10.9   4.6 
1991   7.7  12.1   9.3  13.6  17.6  22.9  29.4  25.4  26.2  20.5  12.4   7.8 
1992   6.9  11.8  12.9  16.4  23.9  24.5  26.8  27.6  23.6  18.8  11.1   6.2 
1993   6.3   8.4  13.9  14.1  18.4  23.1  27.3  25.8  23.3  18.4  10.4   7.5 
1994   9.1   7.7  13.2  15.6  19.7  23.6  28.9  25.8  23.7  17.1   7.6   5.5 
1995   9.0  11.7  10.8  13.3  17.9  22.3  26.9  26.2  24.2  18.7  14.1   9.1 
1996   7.6  11.0  12.9  14.5  18.6  25.0  29.2  27.7  22.5  16.6  11.6   9.2 
1997   8.1  10.7  13.5  15.2  21.8  23.8  27.6  25.3  22.6  15.8  11.3   7.6 
1998   7.9   8.1  11.2  13.3  13.9  21.0  27.5  27.5  24.3  16.6  10.1   6.7 
1999   8.6   7.5   9.4  15.0  19.6  23.9  26.3  25.5  24.7  18.2  11.9   8.6 
2000   8.0   9.3  12.1  15.6  18.8  26.1  25.3  25.8  23.0  16.3   8.6   8.5 
2001 -99.0 -99.0 -99.0 -99.0 -99.0 -99.0 -99.0 -99.0 -99.0 -99.0 -99.0 -99.0 
2002 -99.0 -99.0 -99.0 -99.0 -99.0 -99.0 -99.0 -99.0 -99.0 -99.0 -99.0 -99.0 
2003 -99.0 -99.0 -99.0 -99.0 -99.0 -99.0 -99.0 -99.0 -99.0 -99.0 -99.0 -99.0 
2004 -99.0 -99.0 -99.0 -99.0 -99.0 -99.0 -99.0 -99.0 -99.0 -99.0 -99.0 -99.0 
2005 -99.0 -99.0 -99.0 -99.0 -99.0 -99.0 -99.0 -99.0 -99.0 -99.0 -99.0 -99.0 
2006 -99.0 -99.0 -99.0 -99.0 -99.0 -99.0 -99.0 -99.0 -99.0 -99.0 -99.0 -99.0 
2007 -99.0 -99.0 -99.0 -99.0 -99.0 -99.0 -99.0 -99.0 -99.0 -99.0 -99.0 -99.0 
2008 -99.0 -99.0 -99.0 -99.0 -99.0 -99.0 -99.0 -99.0 -99.0 -99.0 -99.0 -99.0 
2009 -99.0 -99.0 -99.0 -99.0 -99.0 -99.0 -99.0 -99.0 -99.0  16.8  10.8   6.3 
2010   8.2   9.8  11.1  12.3  15.8  24.0  28.3  26.0  23.0  18.1  11.2   8.4 
2011   8.3   8.8  10.4  13.6  15.9 -99.0 -99.0 -99.0 -99.0 -99.0 -99.0 -99.0 
