Number= 725969
Name= PROSPECT-2SW--------
Country= USA---------
Lat=   42.7
Long=  122.5
Height= 756
Start year= 1908
End year= 2007
First Good year= 1908
Source ID= 10
Source file= Jones+Anders
Jones data to= 1996
Normals source= Data
Normals source start year= 1961
Normals source end year= 1990
Normals=   2.7   4.7   6.1   8.4  12.1  16.1  19.4  19.3  16.0  11.4   5.6   2.7 
Standard deviations source= Data
Standard deviations source start year= 1941
Standard deviations source end year= 1990
Standard deviations=   1.8   1.6   1.4   1.6   1.4   1.4   1.2   1.4   1.6   1.7   1.3   1.6 
Obs:
1908   3.4   4.0   5.6  10.7   9.3  14.4  21.7  19.1  16.1  10.7   8.2   2.1 
1909   1.8   3.6   5.9   9.1  11.1  16.1  17.4  19.0  16.9  11.3   5.0   0.7 
1910   0.5   2.1   8.8  11.5  14.5  14.5  20.3  17.7  14.5  12.3   5.2   3.2 
1911   1.2   0.7   8.1   8.2  10.4  15.4  20.4  18.2  13.2  10.8   4.6   1.4 
1912   2.4   5.4   4.9   7.1  12.2  16.0  18.6  18.1  15.4   8.3   6.4   1.7 
1913  -0.4   2.9   5.1   8.5  13.0  14.9  18.7  20.3  16.4  11.2   5.4   3.5 
1914   4.2   5.1   9.3  10.2  14.4  15.5  20.8  20.6  14.4  11.6   6.7   1.1 
1915   3.5   5.1   8.3  11.1  11.6  15.1  18.1  21.0  14.9  11.6   4.7   3.2 
1916  -0.4   6.8   7.5  10.1  10.5  15.1  16.9  19.2  16.5  10.0   4.4   0.7 
1917   0.5   2.7   2.4   7.2  10.4  14.9  21.6  20.7  16.4  12.7   7.6   5.1 
1918   4.1   3.7   6.8   9.0  10.6  18.6  18.7  18.3  18.9  11.7   4.6   1.6 
1919   3.2   2.7   5.4   9.5  12.9  14.7  20.2  19.8  15.1   8.6   4.1   2.1 
1920   3.9   4.6   4.6   6.8  11.4  15.3  18.6  20.0  14.9   9.0   5.6   2.5 
1921   1.9   4.5   6.9   8.1  11.2  16.4  18.0  18.4  13.6  12.4   6.7   3.1 
1922   0.1   2.5   4.5   7.0  12.4  17.6  20.3  17.7  16.4  11.2   4.4   2.4 
1923   2.1   3.1   5.9   8.6  12.0  14.4  19.1  19.2  16.3  11.1   8.6   2.5 
1924   1.9   6.3   4.6  10.0  15.1  15.9  19.3  18.7  16.2  13.5   8.3   1.6 
1925   3.4   5.4   6.8  10.1  13.5  16.1  20.3  18.1  14.2  10.1   5.8   4.6 
1926   3.6   6.0   8.9  12.8  12.8  17.8  19.3  18.2  13.0  11.6   8.1   1.9 
1927   2.9   4.3   5.1   8.2  11.1  17.0  19.4  18.9  14.3  11.1   6.7   1.9 
1928   3.4   5.0   7.7   7.7  15.0  14.5  19.6  18.4  16.0  10.4   5.9   2.8 
1929   1.0   1.8   5.8   6.2  12.2  15.0  19.1  20.1  14.9  12.3   6.6   4.7 
1930  -0.9   5.0   7.2  10.0  10.6  15.0  19.0  19.9  15.4  11.0   6.7   2.9 
1931   4.6   5.3   7.1  11.0  15.8  16.0  21.0  20.2  15.5  10.7   3.3   2.0 
1932   0.6   2.3   6.8   8.3  12.1  17.2  17.9  18.6  18.1  12.0   7.2   0.1 
1933   0.1   0.8   5.6   9.0   9.0  16.1  20.4  20.7  14.4  13.3   6.8   4.2 
1934   5.1   6.7  10.9  13.0  14.6  15.7  19.0  21.3  17.2  12.1   6.8   3.9 
1935   1.4   5.3   4.1   9.1  12.6  16.5  18.6  20.2  18.5  10.6   4.0   3.9 
1936   3.3   4.1   5.9  11.0  14.7  16.7  19.4  20.0  16.5  13.3   7.2   1.8 
1937  -4.4   1.7   6.1   7.5  13.0  16.8  20.0  18.5  17.0  12.6   7.1   4.4 
1938   3.1   2.6   4.4   9.6  12.9  17.2  21.3  18.1  17.5  10.8   4.8   3.6 
1939   2.0   1.3   7.1  11.4  13.4  14.7  20.1  20.8  17.5  11.5   7.4   5.4 
1940   4.5   5.5   8.3  10.4  15.4  18.7  19.3  20.8  15.9  11.5   5.1   3.7 
1941   3.8   6.0   8.1   8.7  12.9  14.2  19.9  18.9  14.3  10.5   8.0   3.1 
1942   3.4   3.4   6.2   9.1  11.4  15.3  20.5  20.8  17.5  12.7   6.0   3.4 
1943   2.1   5.7   6.9  11.0  12.0  14.4  19.8  18.3  19.8  11.0   7.2   3.6 
1944   3.1   3.7   6.2   8.2  12.9  14.6  19.1  18.4  17.4  14.2   5.4   4.5 
1945   3.6   4.7   4.7   8.4  12.8  15.6  20.6  19.7  16.0  12.7   5.1   3.3 
1946   2.0   3.1   5.8  10.1  14.2  15.3  19.6  20.1  15.6   8.0   4.9   4.1 
1947   1.4   6.7   8.1  10.5  15.2  14.2  18.0  17.4  17.2  11.7   5.4   3.0 
1948   3.6   2.0   4.7   7.1  11.2  17.2  18.4  18.6  16.1  11.7   4.3   0.2 
1949  -3.1   1.6   5.2  10.4  13.2  15.6  18.4  17.3  16.0   8.5   8.2   1.2 
1950  -1.4   3.6   4.4   7.9  11.6  15.3  18.9  20.1  15.7  10.5   6.7   5.6 
1951   1.6   3.6   3.9  10.7  11.9  16.3  19.4  18.4  17.3   9.3   5.6   0.4 
1952   0.0   2.9   3.4   9.9  12.1  13.7  20.2  18.4  17.8  13.8   3.8   2.0 
1953   4.8   4.0   5.1   7.8   9.1  12.2  18.5  18.1  17.6  10.3   7.2   3.2 
1954   2.1   5.9   4.9   9.1  13.6  13.3  18.3  16.2  14.1  10.5   7.4   2.7 
1955   0.9   2.0   4.2   5.3  10.4  15.7  16.9  18.6  14.7  10.9   4.1   3.3 
1956   3.0   1.3   4.3   9.1  12.9  14.1  19.6  17.4  15.2   8.9   5.8   2.9 
1957  -1.2   5.3   6.1   8.3  12.8  16.3  17.3  16.1  17.4   9.1   4.4   3.7 
1958   4.0   6.9   4.4   8.1  15.1  16.2  21.0  21.4  15.6  12.9   6.3   6.1 
1959   4.4   3.6   6.3   9.9  10.2  15.9  20.7  17.8  14.3  11.3   6.4   2.8 
1960   2.0   3.6   7.0   8.1  10.6  16.7  20.8  17.6  17.2  11.3   5.3   3.8 
1961   5.1   5.5   5.4   8.6  11.3  18.2  19.4  20.6  13.6  10.0   4.5   1.4 
1962   1.0   3.4   4.3   9.9   9.8  14.7  18.0  17.7  17.1  10.3   6.5   4.9 
1963   1.5   7.8   5.6   6.3  13.3  14.7  16.8  18.4  18.4  11.3   6.0   4.3 
1964   1.5   3.8   4.4   7.4  10.8  14.9  19.3  18.6  14.8  13.8   4.5   2.8 
1965   2.8   4.8   6.8   9.2  11.2  15.4  19.9  18.7  14.7  13.5   7.0   1.5 
1966   1.5   3.1   6.8  10.3  13.7  15.4  17.9  19.7  17.0  11.6   6.8   3.7 
1967   2.8   4.8   4.8   4.9  12.6  16.9  20.6  22.4  18.9  11.1   7.2   0.8 
1968   2.5   7.8   8.0   8.2  12.1  16.6  20.8  18.1  16.4  10.9   5.7   1.6 
1969   0.6   2.9   6.4   8.3  14.7  16.9  19.0  18.6  16.7   9.4   6.9   3.9 
1970   4.3   6.7   6.6   5.7  13.0  18.0  21.0  20.2  14.8  11.2   6.8   1.6 
1971   1.3   3.5   4.1   7.1  11.4  14.6  20.3  21.1  14.6   9.6   4.9   0.4 
1972   1.2   4.8   8.1   7.7  13.2  16.8  20.8  20.4  14.5  10.7   5.4  -0.5 
1973   1.8   6.4   4.9   8.4  14.7  16.6  20.6  18.6  16.9  10.2   4.4   4.5 
1974   1.8   3.7   5.6   8.2  11.3  17.9  19.2  19.8  18.8  11.7   6.4   2.6 
1975   1.2   3.7   4.5   5.5  12.2  15.2  20.1  17.5  18.4   9.6   4.4   3.5 
1976   3.6   4.0   4.8   7.1  13.0  14.4  19.8  17.6  17.2  12.1   8.0   2.8 
1977   2.4   6.7   4.8  10.4   9.5  18.1  19.2  21.5  15.5  11.4   4.6   4.7 
1978   5.3   5.2   8.7   8.0  11.1  17.2  19.9  19.8  13.6  14.0   4.4   0.0 
1979   1.8   3.3   8.2   8.7  13.4  16.6  19.8  18.4  18.2  13.3   5.7   4.5 
1980   3.1   6.5   5.4   9.7  11.8  14.2  20.4  17.7  16.9  12.6   6.6   4.7 
1981   6.2   5.6   6.9   9.6  11.5  14.9  18.2  20.4  16.4   9.5   6.5   4.5 
1982   0.7   3.4   5.2   7.0  12.0  16.5  18.3  18.5  14.5  10.7   4.4   2.7 
1983   4.0   5.2   6.5   7.1  12.7  14.1  16.7  19.3  14.7  11.5   4.9   2.2 
1984   3.7   4.8   7.1   7.0  12.0  13.9  19.7  18.5  14.8   8.2   4.6   1.7 
1985   3.6   3.3   4.4  10.2  11.7  16.4  21.2  18.3  13.2  10.1   1.8   3.6 
1986   6.1   6.0   8.9   8.6  12.2  18.5  17.4  21.2  12.3  11.7   6.3   4.0 
1987   2.7   5.2   6.9  11.7  13.7  18.3  17.5  19.4  16.9  14.9   6.9   2.2 
1988   2.4   6.7   6.7  10.3  11.2  15.1  20.3  19.5  16.7  15.3   5.2   3.3 
1989   2.2   1.4   5.9  10.8  11.3  16.6  17.7  17.6  16.1  10.1   5.9   4.5 
1990   3.3   2.4   7.4  11.3  10.8  15.5  20.8  19.4  17.6  10.7   4.7  -0.7 
1991   2.7   7.8   5.0   6.9   9.6  13.7  20.0  19.7  18.7  13.2   7.0   3.3 
1992   4.0   7.5   8.7  10.8  15.7  17.7  19.9  21.2  16.3  12.1   5.8   1.4 
1993   1.6   3.4   8.3   8.0  13.6  14.3  15.5  18.0  17.0  12.8   3.9   3.2 
1994   4.9   4.0   8.4  10.1  14.3  16.2  21.5  19.1  18.2  10.8   2.2   2.9 
1995   6.0   7.9   6.6   8.4  13.1  15.4  19.6  18.2  18.5  11.9   8.8   5.4 
1996   3.8   6.0   7.8   9.7  11.2  15.9  22.2  21.0  15.5  11.4   7.3 -99.0 
1997 -99.0 -99.0 -99.0 -99.0 -99.0 -99.0 -99.0 -99.0 -99.0 -99.0 -99.0 -99.0 
1998 -99.0 -99.0 -99.0 -99.0 -99.0 -99.0 -99.0 -99.0 -99.0 -99.0 -99.0 -99.0 
1999 -99.0 -99.0 -99.0 -99.0 -99.0 -99.0 -99.0 -99.0 -99.0 -99.0 -99.0 -99.0 
2000 -99.0 -99.0 -99.0 -99.0 -99.0 -99.0 -99.0 -99.0 -99.0 -99.0 -99.0 -99.0 
2001 -99.0 -99.0 -99.0 -99.0 -99.0 -99.0 -99.0 -99.0 -99.0 -99.0 -99.0 -99.0 
2002 -99.0 -99.0 -99.0 -99.0 -99.0 -99.0 -99.0 -99.0 -99.0 -99.0 -99.0 -99.0 
2003 -99.0 -99.0 -99.0 -99.0 -99.0 -99.0 -99.0 -99.0 -99.0 -99.0 -99.0 -99.0 
2004 -99.0 -99.0 -99.0 -99.0 -99.0 -99.0 -99.0 -99.0 -99.0 -99.0 -99.0 -99.0 
2005 -99.0 -99.0 -99.0 -99.0 -99.0 -99.0 -99.0 -99.0 -99.0 -99.0 -99.0 -99.0 
2006 -99.0 -99.0 -99.0 -99.0 -99.0 -99.0 -99.0 -99.0 -99.0 -99.0 -99.0 -99.0 
2007 -99.0 -99.0 -99.0 -99.0 -99.0 -99.0 -99.0 -99.0 -99.0 -99.0 -99.0 -99.0 
