Number= 726550
Name= ST.CLOUD
Country= USA
Lat=   45.6
Long=   94.2
Height= 318
Start year= 1893
End year= 2011
First Good year= 1893
Source ID= 10
Source file= Jones+Anders
Jones data to= 1990
Normals source= Data
Normals source start year= 1961
Normals source end year= 1990
Normals= -13.3  -9.8  -2.3   6.5  13.4  18.5  21.5  19.8  14.2   7.9  -1.1  -9.9 
Standard deviations source= Data
Standard deviations source start year= 1941
Standard deviations source end year= 1990
Standard deviations=   3.4   3.0   3.2   2.2   2.0   1.5   1.2   1.4   1.4   1.9   2.2   3.0 
Obs:
1893 -17.0 -14.2  -6.2   2.4  11.2  21.6  22.0  18.8  13.7   6.9  -3.3 -12.7 
1894 -13.9 -11.4  -0.5   7.4  13.0  20.6  22.7  21.0  15.3   7.3  -5.1  -4.6 
1895 -17.1 -13.7  -4.5   8.8  12.3  17.6  18.9  18.4  14.6   3.9  -3.5  -8.8 
1896 -12.5 -10.1  -6.6   4.7  14.9  17.8  19.2  19.1  11.3   4.0  -8.6  -7.5 
1897 -15.7 -10.2  -7.9   4.5  11.2  15.5  21.2  17.4  16.6   9.0  -5.3 -13.6 
1898  -9.1 -10.3  -2.3   5.9  12.9  18.4  20.4  18.6  16.0   5.0  -3.5 -12.2 
1899 -13.6 -16.0 -10.4   7.6  11.8  17.5  20.7  19.9  13.3   8.5   3.0  -8.2 
1900  -8.0 -15.3  -5.0  10.1  15.7  20.0  21.1  24.3  15.3  13.8  -3.3  -7.4 
1901 -11.5 -13.8  -1.1   8.6  13.7  17.6  23.9  21.0  14.4   9.9  -2.4 -10.4 
1902  -8.8  -9.3   1.5   6.7  14.4  15.9  20.4  18.0  12.8   7.9   0.8 -11.2 
1903 -12.7 -13.1  -1.6   6.4  14.1  17.2  19.0  16.8  12.0 -99.0 -99.0 -99.0 
1904 -99.0 -17.0  -3.8   4.4  14.0  16.5  19.1  18.3  13.4   7.6   2.7  -8.5 
1905 -15.3 -13.1   0.8   6.1  11.5  17.1  19.7  20.3  16.0   5.8   0.0  -7.7 
1906  -9.0 -11.0  -6.7   9.9  11.9  17.3  19.2  19.5  16.7   6.9  -1.9  -9.7 
1907 -16.7 -10.1  -3.1   1.8   7.5  17.4  19.8  19.0  12.9   7.9  -0.1  -6.0 
1908 -10.8  -7.6  -3.1   8.0  11.9  16.5  21.0  18.8  17.5   8.3   1.3  -8.4 
1909 -12.1 -10.9  -2.9   2.7  12.0  18.8  20.8  21.6  13.9   7.2   0.6 -12.3 
1910 -11.5 -13.7   5.2   9.5  11.3  20.0  21.9  19.1  14.6  10.9  -3.9  -9.7 
1911 -14.5  -7.9   1.3   6.4  16.2  21.4  20.7  17.7  13.8   6.1  -7.4  -7.6 
1912 -22.0 -12.4  -6.6   8.1  13.2  16.7  20.0  17.7  14.7   9.5  -0.6  -6.6 
1913 -13.3 -12.4  -4.8   9.2  12.5  20.6  20.2  21.6  14.1   6.6   2.5  -2.7 
1914  -8.4 -15.8  -2.2   5.7  14.5  18.1  22.7  19.1  15.1  11.8   0.1 -12.9 
1915 -13.0  -5.6  -2.6  11.9  10.8  14.4  18.2  18.0  14.6   9.3  -0.5  -7.6 
1916 -15.7 -13.3  -5.7   5.1  12.5  15.7  24.1  21.2  13.6   6.8   0.5 -13.2 
1917 -16.3 -16.7  -4.6   4.6  11.7  16.3  21.4  18.6  13.9   3.4   1.1 -15.0 
1918 -17.9 -10.4   2.3   5.4  13.5  18.4  20.5  20.4  12.6   9.2   0.6  -4.4 
1919  -8.1 -10.7  -3.4   6.4  12.9  19.9  22.1  20.0  16.0   4.9  -0.6 -13.9 
1920 -15.1 -10.2  -1.9   3.1  13.3  18.9  21.3  20.9  12.6  11.4  -2.6  -5.0 
1921  -6.4  -6.1  -0.6   8.9  15.1  22.5  25.3  18.9  16.9  10.2  -4.1  -7.1 
1922 -12.7 -14.6  -2.3   6.6  16.0  19.8  20.4  22.2  17.4  10.1   1.9 -10.1 
1923 -10.6 -14.7  -7.5   5.6  13.9  20.6  23.2  18.6  16.3   7.2   2.3  -3.9 
1924 -15.1  -7.6  -2.0   5.8   9.7  17.1  20.6  19.6  13.2  11.7  -2.1 -15.4 
1925 -12.7  -8.3   0.6  10.2  12.0  18.2  19.4  21.8  16.5   2.1  -1.4 -10.2 
1926 -10.9  -7.2  -5.2   5.8  16.3  16.8  21.5  19.4  12.9   6.5  -4.6 -11.1 
1927 -12.1  -8.2   0.2   6.6  11.2  17.7  19.3  18.0  15.8   8.7  -4.0 -16.1 
1928 -10.3  -8.2  -1.4   2.9  15.0  16.2  21.1  20.2  13.0   8.3   1.1  -5.9 
1929 -18.6 -14.4  -0.7   7.0  10.9  17.7  22.2  19.9  13.1   8.3  -3.2  -9.6 
1930 -16.6  -4.9  -2.2   8.4  13.3  19.4  23.2  22.8  15.1   7.0   0.2  -7.0 
1931  -5.7  -2.8  -1.8   8.6  12.2  21.9  23.8  20.4  19.2  10.9   1.9  -2.7 
1932 -10.1  -8.9  -7.0   6.3  14.4  21.3  22.7  21.2  15.3   6.6  -2.2 -10.4 
1933  -7.6 -12.0  -2.1   5.7  13.7  23.9  23.6  20.3  18.2   6.8  -3.0 -10.9 
1934  -8.4  -9.0  -3.7   6.7  19.0  21.1  23.2  19.8  12.8  10.3   2.3 -11.0 
1935 -14.9  -5.1  -0.7   5.6  11.9  16.7  25.2  21.2  15.3   7.6  -4.5 -10.3 
1936 -20.4 -20.2  -3.1   3.2  16.3  18.6  26.1  22.0  17.4   6.8  -2.6  -7.5 
1937 -16.9 -12.0  -4.7   5.7  14.2  18.1  23.1  23.9  16.2   7.1  -1.2  -9.7 
1938 -12.0  -7.4   1.8   7.6  12.2  19.1  22.3  22.9  16.3  12.3  -1.2  -7.2 
1939  -8.6 -13.8  -2.8   5.3  17.0  19.8  22.9  21.1  17.0   7.9   2.6  -2.3 
1940 -16.3  -9.3  -7.2   4.6  12.2  18.1  22.5  18.8  17.1  10.6  -4.4  -7.8 
1941 -10.7 -12.1  -4.7   9.9  15.8  19.1  22.2  20.2  15.4   8.4   0.3  -5.9 
1942  -7.4  -8.4   0.9   9.2  11.1  17.1  20.0  19.4  12.3   7.6  -1.6 -11.7 
1943 -16.2 -10.8  -7.6   5.3  11.3  19.1  22.0  20.7  12.3   7.9  -3.2  -6.2 
1944  -5.1  -9.8  -5.1   4.3  14.7  18.7  19.7  19.7  14.6   8.2   1.3  -8.7 
1945 -13.3 -10.9   1.6   4.6   9.6  14.8  19.4  19.8  13.5   6.8  -1.9 -12.7 
1946 -11.8 -11.2   2.6   8.7  10.9  18.0  21.3  18.7  13.8   8.1  -1.4  -9.2 
1947  -7.7 -10.8  -2.7   4.6  10.3  16.3  21.2  24.0  14.8  13.7  -4.6  -9.4 
1948 -14.2 -11.9  -5.3   8.1  13.0  17.8  21.0  20.9  17.9   8.8  -0.4  -9.6 
1949 -12.2 -12.9  -3.6   7.4  14.7  20.1  22.1  21.6  13.1   9.3   1.2  -8.8 
1950 -17.4 -11.2  -5.8   1.0  11.1  18.4  19.9  18.0  15.1   9.6  -4.4 -12.6 
1951 -15.6  -9.9  -7.7   4.5  15.0  16.4  20.7  18.2  12.4   7.3  -5.3 -11.3 
1952 -13.8  -7.1  -5.4   8.2  13.4  19.0  21.1  19.1  15.7   5.3  -0.4  -5.6 
1953 -10.4  -9.8  -2.1   4.0  12.8  19.3  20.7  21.4  14.7  12.1   2.0  -9.0 
1954 -15.8  -2.7  -4.3   5.6  10.1  19.3  21.2  19.1  13.5   6.7   1.7  -6.0 
1955 -12.2 -12.6  -5.9  10.4  15.4  18.4  23.7  22.2  14.6   8.8  -5.6 -13.3 
1956 -12.9 -12.3  -5.6   3.6  12.7  20.5  19.2  19.9  12.7  11.2  -0.5  -6.6 
1957 -15.1  -9.6  -3.5   5.9  12.0  17.4  22.8  19.4  13.5   7.7  -0.6  -5.7 
1958  -8.1 -11.2  -1.3   7.3  13.9  15.2  19.6  19.6  15.2   9.4   0.0 -11.2 
1959 -14.6 -10.8  -0.3   5.9  14.2  19.8  21.8  21.9  15.0   5.1  -5.4  -3.3 
1960 -11.2 -10.5  -8.0   5.7  12.9  16.4  21.4  21.3  15.5   8.8  -0.2  -9.2 
1961 -11.7  -5.1   0.9   2.9  11.9  19.4  20.7  21.9  14.1   9.2  -0.7 -10.7 
1962 -14.3 -11.8  -3.5   4.4  14.9  18.3  19.4  20.0  13.4   9.8   1.7  -7.9 
1963 -16.7 -11.7   0.7   7.8  12.3  20.3  22.3  20.0  16.2  13.6   2.3 -13.3 
1964  -8.4  -6.6  -5.7   7.2  15.4  19.1  23.4  18.8  14.1   8.4  -0.6 -12.2 
1965 -14.8 -13.1  -9.1   4.8  13.8  18.2  20.5  19.3  10.2   9.3  -1.3  -4.4 
1966 -18.6 -10.9   0.5   3.9  11.0  19.2  23.6  18.9  14.7   7.6  -3.0  -9.4 
1967 -11.0 -14.8  -3.2   5.6  10.2  17.9  20.6  18.8  14.9   7.1  -1.0  -7.3 
1968 -11.8 -11.9   2.2   7.8  11.1  18.6  20.8  20.0  15.1   8.9  -0.3 -10.8 
1969 -14.9  -9.0  -5.8   7.9  14.3  14.7  21.1  22.6  15.7   6.2  -0.4  -7.9 
1970 -16.2 -11.1  -5.8   5.4  12.6  20.3  22.7  20.6  15.1   8.1  -1.4  -9.6 
1971 -16.2  -9.8  -4.1   6.9  11.9  20.7  19.2  19.7  15.3   9.8  -0.7  -9.2 
1972 -15.8 -14.0  -4.4   4.3  15.0  17.7  19.4  19.6  12.8   5.3  -1.2 -13.5 
1973 -10.8  -8.2   2.9   5.8  11.9  18.7  20.5  21.3  14.1  10.7  -0.1  -9.9 
1974 -13.6 -10.8  -3.9   6.7  10.8  17.4  22.9  17.5  11.4   8.2  -0.4  -6.3 
1975 -12.3 -11.2  -7.3   2.4  14.9  18.5  22.9  19.8  12.6   8.8  -0.1  -9.2 
1976 -14.5  -5.5  -3.4   9.1  12.8  19.9  21.5  21.1  14.3   4.5  -4.9 -13.7 
1977 -19.0  -7.2   1.6  10.5  18.0  18.8  21.6  17.4  14.8   7.8  -2.2 -11.7 
1978 -15.9 -12.7  -2.7   5.6  14.6  17.9  20.1  19.9  16.9   7.8  -2.4 -12.8 
1979 -19.2 -14.9  -4.3   4.0  10.7  17.5  20.6  18.4  14.7   7.1  -1.8  -5.1 
1980 -11.8 -11.3  -4.9   8.6  14.9  17.8  21.8  19.6  13.6   5.9   0.8  -8.5 
1981  -9.3  -6.2   1.9   7.9  12.7  18.7  21.4  20.1  14.6   7.4   1.9 -10.0 
1982 -19.5 -11.1  -4.2   4.9  15.1  15.3  21.4  19.6  13.9   8.6  -3.6  -5.7 
1983  -9.9  -4.6  -0.4   4.8  10.8  17.9  23.1  23.0  15.2   7.9  -0.1 -18.0 
1984 -12.7  -3.5  -5.0   7.6  12.6  19.2  21.2  21.4  12.1   9.4  -0.7 -10.1 
1985 -13.7 -10.1   0.6   9.5  15.4  15.9  20.6  17.7  13.2   6.7  -6.1 -15.6 
1986  -9.7 -11.1  -0.8   8.8  14.1  18.4  21.5  17.7  13.9   7.8  -3.5  -6.7 
1987  -7.9  -1.7   2.1  10.5  15.3  20.1  23.0  18.7  15.2   5.4   1.5  -5.9 
1988 -14.0 -12.1  -0.7   6.9  17.6  21.7  23.7  21.3  14.9   4.9  -1.6  -8.9 
1989  -8.9 -15.2  -4.7   5.8  12.9  18.2  22.6  20.3  14.3   8.0  -3.9 -13.5 
1990  -5.6  -7.2   0.1   6.6  12.2  19.2  20.1  19.7  15.5   6.7   0.8 -10.2 
1991 -12.8  -5.6  -0.3   7.9  15.8  20.2  20.8  20.6  13.6   6.6  -5.6  -8.1 
1992  -7.5  -4.1  -0.7   5.2  14.4  16.6  17.3  17.4  13.7   6.6  -1.8  -8.6 
1993 -11.7 -10.0  -3.3   5.4  12.4  16.7  19.8  19.7  11.0   6.3  -2.8  -8.4 
1994 -17.8 -12.8  -0.3   6.1  14.5  18.9  19.5  18.4  15.8   9.7   1.2  -6.7 
1995 -10.3 -10.3  -0.6   3.6  12.3  20.3  21.4  21.7  13.7   7.2  -4.8  -9.8 
1996 -16.4 -10.9  -6.1   3.6  12.0  19.2  19.5  19.7  15.0   7.5  -5.3 -12.5 
1997 -14.2  -9.2  -3.9   5.0  10.9  20.0  20.3  18.6  15.8   8.6  -3.6  -4.5 
1998  -9.2  -1.4  -0.9   9.5  16.7  17.5  21.1  20.6  17.2   9.5   1.2  -6.1 
1999 -13.1  -3.9  -0.3   7.5  14.5  18.6  22.5  19.5  13.9   7.5   3.1  -5.6 
2000 -11.4  -5.6   3.1   6.1  14.5  16.7  20.8  20.6  14.2   8.9  -2.0 -15.6 
2001 -99.0 -99.0 -99.0 -99.0 -99.0 -99.0 -99.0 -99.0 -99.0 -99.0 -99.0 -99.0 
2002 -99.0 -99.0 -99.0 -99.0 -99.0 -99.0 -99.0 -99.0 -99.0 -99.0 -99.0 -99.0 
2003 -99.0 -99.0 -99.0 -99.0 -99.0 -99.0 -99.0 -99.0 -99.0 -99.0 -99.0 -99.0 
2004 -99.0 -99.0 -99.0 -99.0 -99.0 -99.0 -99.0 -99.0 -99.0 -99.0 -99.0 -99.0 
2005 -99.0 -99.0 -99.0 -99.0 -99.0 -99.0 -99.0 -99.0 -99.0 -99.0 -99.0 -99.0 
2006 -99.0 -99.0 -99.0 -99.0 -99.0 -99.0 -99.0 -99.0 -99.0 -99.0 -99.0 -99.0 
2007 -99.0 -99.0 -99.0 -99.0 -99.0 -99.0 -99.0 -99.0 -99.0 -99.0 -99.0 -99.0 
2008 -99.0 -99.0 -99.0 -99.0 -99.0 -99.0 -99.0 -99.0 -99.0 -99.0 -99.0 -99.0 
2009 -99.0 -99.0 -99.0 -99.0 -99.0 -99.0 -99.0 -99.0 -99.0 -99.0 -99.0 -99.0 
2010 -12.6  -9.3   3.2  10.6  14.0  18.7  22.3  22.6  13.9  10.2   0.4 -10.4 
2011 -13.3  -9.9  -4.2   6.5  13.1 -99.0 -99.0 -99.0 -99.0 -99.0 -99.0 -99.0 
