Number= 726627
Name= COTTONWOOD, SOUTH DA
Country= UNITED STATES
Lat=   44.0
Long=  101.9
Height= 736
Start year= 1910
End year= 2007
First Good year= 1910
Source ID= 10
Source file= Jones+Anders
Jones data to= 1996
Normals source= Data
Normals source start year= 1961
Normals source end year= 1990
Normals=  -7.1  -4.3   0.6   7.9  13.9  19.5  23.6  22.6  16.4   9.2   0.8  -5.9 
Standard deviations source= Data
Standard deviations source start year= 1941
Standard deviations source end year= 1990
Standard deviations=   3.9   3.3   3.1   2.0   1.8   1.9   1.3   1.6   1.7   1.9   2.5   3.2 
Obs:
1910  -6.9  -9.7   8.8  11.6  11.8  20.6  24.0  18.6  15.3  12.0   1.0  -2.8 
1911  -4.9  -3.9   7.9   9.6  15.9  24.4  23.2  20.2  17.6   8.4  -2.1  -4.6 
1912 -12.0  -4.2  -5.6   9.4  14.9  20.3  23.2  20.8  12.7   9.3   3.6  -1.8 
1913  -7.9  -9.2  -3.0  10.2  13.1  22.6  25.0  26.4  18.7   6.7   4.1  -2.4 
1914  -0.8 -10.9   0.9   9.7  14.4  20.9  25.9  21.7  18.5  11.3   4.4  -9.4 
1915  -8.8  -5.0  -6.0  11.8  10.7  15.9  18.6  19.0  14.6  10.0   1.6  -2.8 
1916 -14.7  -5.1   2.2   6.6  11.9  16.3  25.7  21.3  16.1   7.8   0.6 -11.6 
1917  -7.2  -8.6  -1.8   5.4  10.3  17.8  24.9  20.8  16.6   5.9   5.4 -11.0 
1918 -12.6  -6.3   6.1   5.8  14.0  21.2  22.2  22.7  13.4  11.3   0.9  -3.6 
1919  -1.8  -8.4   0.2   7.2  13.5  20.7  24.4  21.7  18.5   3.2  -3.6  -8.0 
1920  -5.4  -4.5  -0.3   3.1  12.8  18.1  22.6  21.8  16.8  11.0  -0.9  -5.0 
1921  -2.2  -0.2   3.7   7.9  13.6  22.8  24.6  22.6  15.4  10.9  -1.1  -4.6 
1922 -11.2 -12.9   0.4   6.6  12.2  20.1  20.8  23.5  18.3   9.7  -0.1 -10.9 
1923  -4.8  -8.7  -2.9   6.0  12.9  18.7  23.8  19.6  15.9   8.3   4.3  -2.7 
1924 -10.7  -3.0  -1.9   7.6  10.9  17.6  21.7  21.8  15.9  12.4   1.6 -11.1 
1925  -9.0  -1.2   3.0  10.6  14.6  19.1  23.1  23.1  18.7   3.1   1.8  -4.8 
1926  -6.3  -0.4   1.0   7.9  15.9  18.5  22.7  22.3  15.4  10.7  -0.4  -5.4 
1927  -6.8  -1.7   1.4   6.9  11.9  18.2  20.4  19.4  16.7  10.8  -0.8 -14.3 
1928  -4.3  -2.8   2.6   5.7  15.9  15.9  22.2  22.2  15.9  10.0   1.4  -1.9 
1929 -14.4 -12.1   3.0   7.7  12.6  17.4  23.6  24.7  13.8   9.8  -0.6  -5.3 
1930 -14.1   2.4   0.4  11.4  12.7  19.4  25.8  23.4  16.4   7.6   1.2  -1.8 
1931  -0.9   1.3   0.0   8.3  13.0  23.6  25.3  23.1  20.2  10.9   1.0  -5.7 
1932  -9.7  -4.9  -2.9  10.6  15.1  20.4  23.6  23.8  16.8   6.6   2.2  -8.5 
1933  -2.0  -8.3   1.0   7.7  12.0  23.8  26.7  21.6  18.3   9.8   4.0  -3.2 
1934  -1.2  -1.9   0.8   9.4  20.6  21.2  25.7  22.9  14.2  12.4   4.2  -3.8 
1935  -5.1   0.9   3.7   5.1  10.6  17.8  26.6  23.6  18.0   9.5  -0.1  -4.0 
1936 -11.7 -19.4   2.1   6.0  17.4  24.0  30.1  25.7  19.5   9.1   0.9  -4.0 
1937 -16.2  -6.1  -0.1   8.1  16.3  19.2  24.7  26.0  18.4  10.0   0.0  -5.4 
1938  -4.1  -6.3   3.4   8.1  12.2  20.0  23.3  24.1  17.4  13.0   1.6  -3.6 
1939  -2.0 -11.3   2.1   8.6  17.2  19.7  26.3  23.2  18.7  10.4   3.9   0.2 
1940 -13.0  -5.5   0.4   6.8  13.9  20.2  26.3  21.7  20.1  12.6  -1.1  -2.5 
1941  -5.4  -2.8   0.3   9.2  17.4  19.9  23.9  23.3  16.4   8.9   2.9  -1.6 
1942  -4.7  -5.6   1.7  10.7  10.9  17.6  22.3  22.0  14.0  10.0   2.1  -3.6 
1943 -11.1  -0.6  -3.8  10.7  11.9  18.3  24.0  23.9  15.9   9.9   1.6  -4.3 
1944  -4.4  -8.3  -5.4   6.1  15.7  17.4  21.4  22.1  16.0  10.3  -0.4  -4.3 
1945  -3.4  -2.8   4.3   7.0  12.0  15.0  22.9  23.0  16.1  10.0   1.2  -6.3 
1946  -3.0  -1.3   7.0  12.0  11.5  19.2  24.5  21.0  16.6   6.8   1.0  -3.6 
1947  -3.1  -6.2  -1.6   7.0  12.1  17.2  23.9  25.3  17.4  14.1  -2.1  -1.9 
1948  -5.4  -6.8  -1.6  10.0  13.2  17.2  22.4  22.6  19.7   9.4   1.1  -6.0 
1949 -15.2  -9.2  -0.3  10.2  15.5  19.8  25.1  24.1  15.8   8.8   6.0  -6.6 
1950 -14.6  -4.4  -3.8   4.6  11.5  19.1  20.9  20.8  16.6  12.2   0.4  -3.5 
1951  -7.2  -2.8  -5.4   5.8  14.8  15.3  22.0  21.1  13.6   8.4   0.3 -10.4 
1952  -9.7  -3.2  -5.0   9.5  14.4  21.0  23.0  22.6  18.8   8.3   0.9  -2.8 
1953  -2.1  -4.2   1.8   4.3  12.5  20.3  23.3  23.3  16.9  13.0   5.2  -1.4 
1954  -7.3   5.1  -1.7   8.7  12.5  18.8  26.2  23.5  17.8   9.0   5.4  -1.8 
1955  -4.7  -6.8  -0.6  10.9  16.5  17.9  25.6  25.6  17.8  11.2  -3.7  -8.0 
1956  -6.6  -4.9   1.7   4.4  14.6  24.0  23.3  21.7  17.3  12.3   1.8  -2.0 
1957 -12.5  -3.3   0.7   5.5  12.8  18.2  24.3  23.0  15.7  10.2   2.3   0.6 
1958  -1.5  -6.1  -0.3   7.4  16.8  17.8  20.6  23.9  19.0  10.1   2.3  -4.5 
1959  -7.4  -6.9   4.1   7.1  13.7  22.4  23.7  25.4  15.9   7.5  -2.7  -0.1 
1960  -5.5 -99.0  -3.4   9.2  14.0  18.5  24.7  23.1  17.6  10.4   1.6  -5.8 
1961  -4.3  -1.3   3.6   5.7  13.0  20.6  22.8  25.1  14.6  10.6   1.6  -6.2 
1962  -7.4  -5.9  -3.2   9.7  15.2  18.9  21.7  22.5  16.3  11.3   4.1  -2.4 
1963 -12.0  -1.6   4.9   7.7  13.1  21.6  24.7  24.2  19.1  14.8   3.6  -7.1 
1964  -3.3  -2.3  -1.4   8.6  15.9  18.4  25.1  21.6  15.5   9.9  -0.5  -8.6 
1965  -5.7  -3.3  -6.1   8.9  14.1  19.2  23.1  22.4  10.8  12.6   1.7  -0.3 
1966 -11.1  -9.2   2.1   5.5  14.2  20.3  26.7  21.2  16.6   9.6   0.6  -3.6 
1967  -3.9  -3.8   2.7   8.8  11.4  17.4  22.5  22.5  17.6  10.3   1.0  -5.9 
1968  -6.8  -3.0   4.6   7.7  12.1  19.4  22.7  21.4  16.4  11.2   2.2  -8.1 
1969 -10.7  -5.3  -3.1  11.9  16.2  16.8  23.0  24.8  19.3   5.8   2.9  -4.0 
1970  -9.9  -0.8  -2.3   5.1  15.1  20.7  24.3  24.8  17.2   7.8   0.9  -7.3 
1971 -11.5  -7.3   0.2   8.3  12.6  20.5  21.5  23.5  15.4   8.4   1.2  -7.2 
1972  -9.7  -6.2   2.8   6.7  14.1  19.3  21.1  22.0  17.0   7.4  -1.4  -9.6 
1973  -5.5  -4.1   3.4   6.8 -99.0  19.7  23.2  24.3 -99.0 -99.0 -99.0 -99.0 
1974 -99.0 -99.0 -99.0 -99.0 -99.0 -99.0 -99.0  19.8 -99.0 -99.0 -99.0 -99.0 
1975  -6.1 -10.7  -3.0   6.6 -99.0 -99.0 -99.0 -99.0 -99.0 -99.0 -99.0  -3.6 
1976  -7.0   0.9   1.0   9.0  13.7  20.2  24.3  23.2  16.9   6.7  -3.7  -4.7 
1977 -13.1  -1.0   1.5   9.6  17.2  21.4  24.0  20.2  17.2   9.8   0.3  -6.3 
1978 -99.0 -99.0   0.7   8.4  14.2  19.3  23.4  22.1  19.1   9.8  -2.0  -8.6 
1979 -15.5 -11.2   1.4   7.4  12.2  19.6  22.4  21.2  18.9  10.3   0.1  -1.1 
1980  -7.6  -4.3  -1.1   9.5  15.4  20.9  25.4  22.1  16.9   9.4   3.6  -2.7 
1981  -1.4  -2.6   3.6  11.0  13.0  19.2  23.2  21.5  17.2   8.4   3.6  -5.2 
1982 -12.3  -5.0  -0.3   5.9  13.6  16.4  23.0  22.6  15.9   7.8  -0.8  -3.9 
1983  -1.8   0.1   1.7   4.3  10.6  18.1  24.6  26.5  16.6   8.7   1.0 -15.5 
1984  -4.5   0.7   0.0   6.5  11.9  18.5  23.3  24.6  14.2   7.7   1.8  -8.4 
1985  -8.1  -7.1   1.1  10.0  16.6  17.0  24.8  20.8  14.4   8.3  -8.2  -9.1 
1986  -3.7  -6.9   5.3   7.1  13.4  20.6  22.5  20.1  13.8   8.8  -1.3  -2.4 
1987  -3.1  -0.8  -2.7   9.7  15.4  20.1  24.1  20.7  15.3   6.3   2.7  -3.7 
1988  -9.4  -6.2   0.4   7.3  15.6  24.2  23.6  23.2  15.3   8.4   1.4  -2.7 
1989  -3.6 -10.1  -2.4   8.1  13.7  18.3  25.3  24.1  16.4   9.1   1.6  -8.2 
1990  -0.2  -2.7   2.4   7.3  12.2  19.9  23.1  22.7  18.4   8.0   3.7  -9.9 
1991  -9.0  -0.2   3.5   9.0  14.4  20.6  22.9  23.7  16.7   8.1  -1.9  -1.4 
1992  -1.7   1.0   5.6   8.0  15.2  17.8  18.5  19.0  16.2   9.3  -0.6  -6.9 
1993  -9.9  -9.3   2.7   6.6  13.7  16.6  19.4  20.2  13.3   8.1  -2.1  -1.8 
1994  -8.9  -9.3   3.4   6.9  15.3  19.8  21.1  22.1  16.8   9.6   0.7  -2.7 
1995  -4.6  -1.1  -0.4   4.2  11.2  17.9  22.4  24.3  16.1   8.3  -0.3  -5.6 
1996 -10.7  -3.7  -4.2   6.4  11.3  20.0  22.0  23.1  15.3 -99.0 -99.0 -99.0 
1997 -99.0 -99.0 -99.0 -99.0 -99.0 -99.0 -99.0 -99.0 -99.0 -99.0 -99.0 -99.0 
1998 -99.0 -99.0 -99.0 -99.0 -99.0 -99.0 -99.0 -99.0 -99.0 -99.0 -99.0 -99.0 
1999 -99.0 -99.0 -99.0 -99.0 -99.0 -99.0 -99.0 -99.0 -99.0 -99.0 -99.0 -99.0 
2000 -99.0 -99.0 -99.0 -99.0 -99.0 -99.0 -99.0 -99.0 -99.0 -99.0 -99.0 -99.0 
2001 -99.0 -99.0 -99.0 -99.0 -99.0 -99.0 -99.0 -99.0 -99.0 -99.0 -99.0 -99.0 
2002 -99.0 -99.0 -99.0 -99.0 -99.0 -99.0 -99.0 -99.0 -99.0 -99.0 -99.0 -99.0 
2003 -99.0 -99.0 -99.0 -99.0 -99.0 -99.0 -99.0 -99.0 -99.0 -99.0 -99.0 -99.0 
2004 -99.0 -99.0 -99.0 -99.0 -99.0 -99.0 -99.0 -99.0 -99.0 -99.0 -99.0 -99.0 
2005 -99.0 -99.0 -99.0 -99.0 -99.0 -99.0 -99.0 -99.0 -99.0 -99.0 -99.0 -99.0 
2006 -99.0 -99.0 -99.0 -99.0 -99.0 -99.0 -99.0 -99.0 -99.0 -99.0 -99.0 -99.0 
2007 -99.0 -99.0 -99.0 -99.0 -99.0 -99.0 -99.0 -99.0 -99.0 -99.0 -99.0 -99.0 
