Number= 726622
Name= PIERRE
Country= USA
Lat=   44.4
Long=  100.3
Height= 526
Start year= 1891
End year= 1980
First Good year= 1891
Source ID= 10
Source file= Jones
Jones data to= 1980
Normals source= Data
Normals source start year= 1961
Normals source end year= 1980
Normals= -10.0  -5.9   0.3   8.1  14.4  20.3  24.1  23.1  16.8  10.2   1.2  -5.9 
Standard deviations source= Data
Standard deviations source start year= 1941
Standard deviations source end year= 1980
Standard deviations=   3.8   3.6   3.4   2.2   1.9   1.8   1.6   1.5   1.8   1.9   2.2   2.9 
Obs:
1891 -99.0 -99.0 -99.0 -99.0 -99.0 -99.0  20.7  20.9  19.0   8.9  -2.2  -4.0 
1892  -9.4  -9.7  -1.9   5.0   8.7  17.7  22.6  22.3  17.6  11.1  -1.0  -9.9 
1893 -10.3 -12.3  -4.8   4.5  11.7  22.1  23.5  22.1  17.2   8.0  -0.5  -8.3 
1894 -13.0 -10.4   0.0   8.8  15.3  22.1  25.2  23.6  16.8   9.1   0.3  -4.7 
1895 -14.1 -10.1   0.0  11.5  14.3  18.3  22.1  21.9  17.5   7.9  -1.6  -4.8 
1896  -8.7  -4.4  -5.3   7.7  16.6  20.9  22.2  22.1  14.1   6.9 -10.3  -3.1 
1897 -10.9 -11.5  -5.9   7.1  15.1  19.1  23.3  20.2  20.9  10.5  -2.1  -8.0 
1898  -4.5  -4.1  -2.1   7.7  12.6  20.8  23.5  22.6  16.9   6.6  -2.4  -7.1 
1899  -8.6 -15.8 -10.4   6.1  12.6  19.6  23.4  22.4  16.1   8.0   4.5  -8.2 
1900  -4.0 -10.7  -0.9  10.8  17.8  22.1  22.7  24.9  15.5  11.4  -1.5  -3.0 
1901  -5.4  -9.8   0.1   9.6  17.2  20.1  27.2  23.0  14.5  11.3   1.4  -7.1 
1902  -6.1  -9.3   0.5   6.9  16.4  17.9  23.0  20.4  14.6   9.5   1.3 -10.9 
1903  -8.2 -12.2  -1.3   8.0  14.7  19.5  22.3  20.7  13.5  11.0  -0.8  -8.1 
1904 -10.1 -13.5  -0.9   6.0  14.4  19.2  22.0  22.1  16.4  11.6   3.8  -7.5 
1905 -12.8 -11.8   3.8   6.9  11.7  18.3  21.0  22.7  18.1   6.1   3.4  -5.0 
1906  -7.1  -6.6  -5.2  10.2  13.9  18.7  22.3  21.3  17.9   9.2   0.1  -8.8 
1907 -15.6  -6.9   3.0   3.2   9.2  18.7  21.5  22.1  14.0   9.5   1.8  -3.6 
1908  -4.2  -6.3  -0.5   9.2  12.5  18.4  23.1  20.7  19.6   8.7   2.2  -6.4 
1909 -10.2  -7.6  -0.2   4.1  12.7  20.4  23.0  24.8  16.9   9.2   0.8 -12.8 
1910 -10.1 -13.3   8.5  10.8  11.9  21.3  23.9  20.8  16.0  11.9  -0.1  -6.5 
1911  -8.9  -8.0   4.4   7.1  15.7  24.3  21.8  19.8  16.2   7.0  -4.0  -6.8 
1912 -15.1  -7.4  -5.2   9.2  14.2  19.7  22.8  20.7  12.9   9.5   3.9  -3.1 
1913  -8.6  -9.4  -4.0   9.2  12.4  22.5  22.9  23.9  17.1   6.6   3.9  -3.6 
1914  -4.8 -14.0  -1.0   7.4  14.0  19.9  25.0  21.2  17.7  11.0   4.3 -11.1 
1915 -10.3  -6.8  -7.4  11.5  11.0  16.8  18.8  19.0  15.0  10.9   2.5  -5.1 
1916 -17.6  -9.1   0.2   5.8  12.8  17.0  25.8  21.0  15.6   7.6   1.0 -12.5 
1917 -10.8 -14.0  -2.5   4.6  11.7  18.0  24.8  20.7  15.8   4.9   5.4 -12.2 
1918 -14.5  -8.6   4.7   6.1  14.1  21.6  22.0  22.4  13.7  10.7   1.4  -5.3 
1919  -2.5 -12.0  -2.6   6.7  13.7  21.2  24.0  22.9  17.9   3.7  -4.6  -9.1 
1920  -8.4  -5.3  -1.2   2.2  12.8  18.7  21.9  20.6  16.9  11.7  -0.8  -5.6 
1921  -3.5  -1.8   2.1   7.7  13.6  23.9  24.3  22.3  16.2  10.5  -2.3  -5.1 
1922 -11.4 -14.4  -0.2   8.4  14.7  20.9  21.3  23.8  18.6  10.0   1.7 -10.4 
1923  -5.1  -9.4  -2.6   7.1  13.7  19.9  24.1  20.0  16.8   8.4   5.0  -3.0 
1924 -12.4  -5.1  -2.8   7.1  10.8  17.4  21.1  21.4  15.4  12.7   2.2 -12.5 
1925 -10.3  -4.1   2.5  11.7  14.1  19.3  22.4  23.6  17.5   2.6   1.4  -7.0 
1926  -7.9  -2.1   0.2   8.3  16.9  19.3  23.1  22.2  14.1   9.6  -2.1  -7.1 
1927  -7.5  -4.7   1.6   6.7  11.7  18.6  21.5  20.3  16.8  11.2  -2.4 -17.3 
1928  -6.4  -4.3   2.1   5.1  16.2  17.2  22.9  22.4  14.7   9.1   1.4  -3.7 
1929 -15.9 -13.1   2.5   7.6  12.7  19.2  24.9  24.3  13.4   9.7  -1.2  -7.0 
1930 -14.5  -0.3  -0.6  10.2  12.5  20.2  26.5  23.1  16.6   7.7   1.4  -3.4 
1931  -2.0   0.1  -0.9   8.7  13.0  24.4  25.5  23.0  20.0  10.8   1.0  -5.7 
1932 -10.9  -7.1  -4.3   9.7  15.4  21.3  24.7  23.3  16.7   6.4   1.5  -8.8 
1933  -3.3  -8.8   1.1   7.5  13.2  26.1  26.4  21.7  18.8   9.7   3.3  -6.4 
1934  -3.0  -3.1   0.0   9.2  20.6  22.3  25.7  23.2  14.1  12.1   4.2  -6.3 
1935  -8.4  -0.6   2.7   4.9  11.0  19.3  28.2  24.0  18.1   9.0  -1.5  -5.6 
1936 -15.6 -18.6   1.1   5.7  18.3  23.8  30.0  25.5  19.2   9.4   1.1  -5.4 
1937 -18.0  -9.2  -0.2   7.7  16.1  19.9  26.0  27.3  19.3  10.1   0.5  -7.1 
1938  -7.3 -10.2   3.6   9.0  13.6  21.5  25.0  25.5  19.0  13.9   0.0  -3.2 
1939  -2.5 -12.6   1.4   8.5  18.9  19.9  26.2  23.3  19.5   9.9   4.7  -0.5 
1940 -14.5  -7.0  -1.3   6.9  14.7  20.9  26.4  23.0  20.0  13.1  -2.3  -4.4 
1941  -8.7  -7.6  -1.4   9.4  17.4  20.1  24.8  24.0  16.6   8.6   1.5  -3.3 
1942  -4.2  -6.2   1.0  10.4  11.6  18.3  22.2  22.7  14.6  10.8   1.3  -6.6 
1943 -13.9  -3.1  -3.0  10.6  12.7  19.7  25.7  24.3  16.6  11.5   0.8  -3.8 
1944  -3.4  -9.2  -4.6   6.2  17.7  19.0  22.8  22.6  16.6  11.2   0.3  -5.4 
1945  -5.2  -4.6   3.8   6.6  11.5  15.6  23.5  22.0  15.3  10.4   0.2  -9.1 
1946  -5.4  -4.5   6.2  12.2  11.8  20.1  24.3  20.6  15.8   7.1   0.1  -4.3 
1947  -4.6  -9.1  -2.0   6.2  12.9  17.9  23.9  26.3  17.3  13.5  -3.3  -5.2 
1948  -9.0  -9.8  -2.8  10.9  14.8  18.8  24.3  23.8  20.3  10.0   1.0  -6.7 
1949 -14.3 -11.4  -1.2  10.3  15.9  20.7  25.1  24.7  15.2   9.2   6.2  -8.1 
1950 -17.3  -9.3  -5.4   3.7  12.1  20.2  21.4  21.1  16.4  12.1  -1.2  -7.1 
1951  -9.1  -3.9  -7.5   6.2  14.9  16.1  22.4  21.5  13.9   8.1  -1.1 -12.2 
1952 -12.0  -5.2  -5.7   9.4  14.6  22.1  24.1  23.0  19.7   8.9   1.2  -4.6 
1953  -6.1  -4.8   0.3   4.8  13.0  20.6  23.1  23.4  17.7  13.6   3.6  -3.3 
1954 -10.9   3.7  -2.7   7.9  12.6  18.8  25.7  23.4  17.2   8.4   5.1  -3.1 
1955  -5.3 -10.0  -1.5  12.2  17.6  18.6  26.2  25.6  17.6  11.1  -5.3 -12.0 
1956 -11.1  -9.7  -1.1   4.5  14.9  24.0  22.8  21.7  16.4  12.2   0.9  -3.7 
1957 -12.9  -5.1  -0.2   6.3  12.7  18.9  24.9  22.9  15.7   9.5   1.1  -0.9 
1958  -4.2  -8.4  -2.2   7.4  16.4  18.1  21.5  24.8  18.7  10.9   2.1  -6.9 
1959 -11.3  -9.3   2.8   8.1  13.5  22.8  24.7  25.3  16.2   6.8  -3.3  -0.8 
1960  -9.2 -10.2  -6.8   8.4  14.6  19.1  25.4  23.4  17.9  11.3   1.6  -6.9 
1961  -6.6  -2.2   3.4   5.6  12.9  21.8  23.1  25.4  14.7  10.9   1.3  -7.7 
1962  -9.4  -8.1  -5.1   9.1  15.7  19.4  21.9  23.2  16.3  11.5   4.6  -3.7 
1963 -12.4  -4.1   4.8   8.2  14.7  22.0  25.1  24.3  18.9  14.9   3.7  -7.7 
1964  -3.8  -2.2  -2.1   8.5  15.9  20.2  25.8  22.2  16.6  11.1  -0.6 -10.9 
1965 -11.9  -7.6  -6.4   7.4  13.6  19.2  23.7  22.4  10.7  12.5   1.6  -0.6 
1966 -13.6  -9.7   2.7   5.7  14.1  21.6  27.2  21.1  17.2  10.2  -0.3  -3.8 
1967  -4.9  -8.2   1.1   7.1  10.8  17.7  22.5  22.1  17.1   9.9   1.9  -6.3 
1968  -8.8  -6.1   4.1   7.3  11.1  18.9  22.9  21.5  16.7  10.9   2.1  -8.8 
1969 -12.7  -6.1  -3.9  11.3  16.1  17.3  23.2  25.3  18.9   5.7   2.4  -4.7 
1970 -12.4  -3.4  -2.8   6.2  14.3  21.0  24.3  23.1  16.4   7.9  -0.4  -8.6 
1971 -11.8  -6.6   0.4   8.6  13.1  21.2  21.6  23.9  15.9   9.4   1.2  -8.5 
1972 -11.6  -8.6   0.7   6.9  14.8  19.2  21.3  22.7  17.4   7.5  -0.1  -9.1 
1973  -6.5  -3.1   4.5   7.4  14.4  20.7  24.5  26.2  15.3  12.0   1.0  -6.5 
1974  -6.7  -2.3   2.7   9.2  13.4  20.4  27.4  21.0  15.2  11.8   2.0  -2.9 
1975  -5.9  -8.4  -2.5   5.9  14.6  19.7  26.3  23.4  15.7  10.6   1.2  -4.2 
1976  -7.2   0.8   1.0  10.6  14.6  22.2  25.7  25.7  18.5   7.9  -1.4  -5.8 
1977 -13.7  -1.1   2.7  11.8  18.7  21.8  24.6  20.8  17.1   9.1   0.1  -7.6 
1978 -16.4 -12.2   0.2   7.0  14.8  20.3  23.1  22.9  19.9  10.2  -1.2  -7.7 
1979 -15.3 -14.1   0.0   6.9  12.7  19.8  22.5  21.5  19.7   9.9   0.6  -0.7 
1980  -7.6  -4.9   0.1  11.0  17.1  22.5  26.2  23.6  18.3  10.1   4.8  -3.0 
