Number= 726878
Name= UMATILLA
Country= USA
Lat=   45.9
Long=  119.4
Height= 86
Start year= 1902
End year= 1965
First Good year= 1902
Source ID= 10
Source file= Jones
Jones data to= 1965
Normals source= Extrapolated
Normals source start year= 1951
Normals source end year= 1965
Normals=   0.9   4.1   7.6  11.9  15.8  20.1  23.6  22.7  17.6  11.3   5.1   1.6 
Standard deviations source= Data
Standard deviations source start year= 1941
Standard deviations source end year= 1965
Standard deviations=   3.7   2.1   1.2   1.1   1.4   1.3   1.5   1.3   1.1   1.2   1.8   1.5 
Obs:
1902  -1.1   4.1   7.4  11.0  16.8  20.0  23.0  24.2  18.3  13.6   6.6   1.2 
1903   3.1   1.7   7.9  11.2  16.9  22.7  23.6  23.7  17.8  12.2   5.3   1.3 
1904   2.9   4.3   6.8  14.2  16.6  20.8  24.6  25.1  19.5  13.1   7.5   3.2 
1905   1.6   1.6  10.4  14.2  16.1  21.2  26.9  24.9  20.1   9.9   4.5   1.7 
1906   2.9   5.2   6.4  14.6  17.6  19.8  30.3  25.4  20.3  13.4   6.2   3.4 
1907  -3.4   3.6   8.2  12.3  18.4  20.4  25.1  19.9  18.9  16.2   7.3   3.8 
1908   2.0   3.6   7.9  12.7  14.4  19.8  26.1  23.6  19.3  11.3   8.0   0.9 
1909  -3.8   6.1   8.9  10.8  15.2  20.1  22.2  22.7  19.9  12.8   6.7  -1.3 
1910  -0.8   0.9  11.2  15.0  18.6  19.9  25.2  21.7  17.2  13.3   6.4   3.4 
1911   1.6   2.1   9.5  12.0  15.0  21.3  25.8  23.3  16.8  10.9   5.7   2.3 
1912  -0.7   5.4   7.1  12.9  17.2  21.0  23.3  21.6  16.4  11.8   6.7   2.7 
1913  -0.3  -0.6   7.1  13.2  16.5  19.8  23.8  24.3  18.3  10.8   7.9   0.2 
1914   4.7   3.4  10.1  13.1  18.8  20.9  25.3  25.0  17.4  12.6   6.4  -2.6 
1915  -0.4   6.2  11.0  15.8  17.6  21.8  25.0  27.6  18.8  13.9   6.1   1.6 
1916  -7.8  -0.3   8.1  11.6  13.0  18.3  21.0  23.1  18.0  10.1   2.3  -0.4 
1917   0.5   2.9   5.7  11.4  16.2  20.6  26.8  25.4  18.8  13.2   7.0   7.0 
1918   4.7   2.9   8.8  12.8  15.7  24.3  25.7  23.1  21.1  13.9   5.7   3.2 
1919   0.4   3.9   8.7  13.1  17.4  20.3  26.3  25.1  17.8  10.2   5.0  -6.7 
1920  -0.9   2.9   8.2  11.0  15.5  20.4  26.8  24.7  18.7  11.8   4.8   3.4 
1921   2.9   5.0   8.9  11.4  17.0  22.1  23.7  23.8  16.3  12.7   5.0   0.1 
1922  -5.7   0.9   6.7  11.2  15.6  23.7  25.6  23.9  19.6  13.0   3.9  -1.7 
1923   4.2  -0.3   8.1  13.5  17.1  20.4  25.3  24.8  19.4  11.4   6.6   2.4 
1924 -99.0 -99.0 -99.0 -99.0 -99.0 -99.0 -99.0 -99.0 -99.0 -99.0 -99.0 -99.0 
1925   4.1   7.7   9.4  14.7  18.4  22.2  25.9  23.3  18.3  12.2   5.3   5.0 
1926   3.3   7.7  10.1  15.7  16.8  22.9  27.2  23.4  15.9  12.4   5.8   1.0 
1927  -1.3   6.0   7.1  11.3  15.0  20.9  24.5  20.8  17.0  11.4   8.1   0.7 
1928  -0.9   3.6   9.1  11.2  18.4  20.8  26.0  23.2  17.8  11.4   5.4   0.8 
1929  -6.2  -4.2   8.2  10.4  16.8  19.0  23.7  24.8  17.0  13.1   4.2   4.2 
1930  -9.9   6.9   8.7  12.9  16.4  20.2  26.2  25.5  19.2  10.6   4.6   1.4 
1931   3.0   4.3   7.9  12.7  19.4  21.1  25.9  24.7  18.7  11.6   3.6  -2.0 
1932   0.6   1.6   8.6  13.6  16.7  22.3  22.1  22.2  17.3  10.7   7.4   0.1 
1933   3.2  -0.2   8.2  13.1  14.8  20.3  24.3  23.8  16.8  13.9   7.1   6.6 
1934   5.7   7.4  12.7  15.5  19.0  21.3  24.4  24.3  17.7  12.8   7.3   4.2 
1935   0.3   3.8   6.4  10.8  16.6  20.8  24.2  22.7  19.7  10.2   2.1   0.9 
1936   3.3  -4.9   7.4  14.4  18.8  21.4  24.7  23.6  17.0  12.2   0.4   2.9 
1937  -9.0   0.2   8.6  11.5  16.5  20.3  25.6  21.8  19.0  13.2   7.6   3.8 
1938   2.4   2.7   7.7  12.2  16.3  21.6  26.1  22.3  21.3  12.2   4.3   2.7 
1939   4.0   3.1   8.9  13.3  17.5  19.5  24.7  24.2  18.9  12.2   4.8   4.8 
1940   0.3   5.4  10.0  12.6  17.8  22.4  24.4  23.0  19.9  13.7   2.8   1.4 
1941   1.1   4.0   9.3  12.7  16.1  19.8  26.4  23.2  16.6  11.7   6.7   3.4 
1942  -3.9   3.6   6.9  12.7  15.4  18.4  24.0  23.7  17.8  12.4   4.9   3.1 
1943  -3.1   3.6   5.6  12.1  13.6  17.0  22.2  20.9  18.3  11.4   5.1   0.8 
1944  -0.2   3.1   6.1  11.6  16.1  19.3  23.4  21.6  19.1  13.4   4.8   0.5 
1945   3.2   5.3   6.9  10.4  16.3  19.1  23.9  22.9  16.4  12.3   5.3   0.6 
1946   2.4   4.6   7.6  11.6  16.7  18.6  22.6  22.4  16.9   9.3   3.1   2.2 
1947  -1.4   3.9   9.0  12.9  18.6  18.9  22.7  21.3  18.2  12.7   6.1   2.9 
1948   1.0   1.5   6.1  10.1  14.4  20.9  20.6  20.8  16.4   9.7   5.8  -0.1 
1949  -7.9   1.7   7.6  13.3  17.8  18.4  22.2  22.4  18.2   8.7   7.0   3.2 
1950  -8.3  -1.1   6.4  10.8  15.1  19.0  23.6  22.9  18.0  10.9   5.9   3.9 
1951   1.4   3.8   5.9  12.4  17.2  19.6  23.9  22.7  18.3  10.7   4.9   0.2 
1952  -2.1   4.2   7.1  12.7  17.1  19.2  24.0  23.6  19.3  13.6   1.3   2.7 
1953   7.1   5.5   8.8  11.4  15.1  17.5  23.4  22.9  19.4  12.4   7.2   5.1 
1954   0.5   4.8   5.4  10.7  16.3  18.1  21.3  20.8  17.7  10.1   7.8   0.6 
1955   1.2   2.9   4.6   9.2  14.6  20.4  21.8  22.3  18.1  11.9   2.3   0.9 
1956   1.3  -1.7   7.7  12.9  17.7  19.2  24.6  22.7  19.0  11.5   3.7   2.7 
1957  -7.3   2.3   7.4  11.9  17.7  20.7  21.9  20.7  18.6  11.0   4.6   4.8 
1958   3.2   7.7   6.6  10.9  18.7  21.8  25.6  25.2  18.2  11.8   6.1   2.9 
1959   2.0   3.9   8.4  12.3  14.7  20.5  24.4  21.7  17.3  11.6   2.9   0.9 
1960  -3.9   3.8   7.0  11.8  15.1  20.7  26.3  22.6  18.3  11.9   6.3   0.1 
1961   2.2   7.5   8.7  12.0  15.9  22.7  25.6  26.1  16.7  10.6   2.2   2.4 
1962   0.3   3.6   6.2  13.4  14.1  19.8  23.7  21.7  18.4  11.4   7.1   3.7 
1963  -2.3   3.8   7.8  10.9  16.3  20.6  21.8  22.9  19.7  13.3   7.2   0.8 
1964   3.8   4.2   6.6  11.1  14.9  19.4  23.2  20.4  16.2  10.4   4.9   0.2 
1965   2.8   5.7   5.9  13.3  15.8  20.3  24.2  23.1  15.2  12.9   7.2   3.3 
