Number= 726810
Name= BOISE, IDAHO
Country= UNITED STATES
Lat=   43.6
Long=  116.2
Height= 874
Start year= 1864
End year= 2011
First Good year= 1864
Source ID= 10
Source file= Jones+Anders
Jones data to= 2001
Normals source= Data
Normals source start year= 1961
Normals source end year= 1990
Normals=  -1.6   2.2   5.8   9.5  14.2  19.2  23.3  22.5  17.0  11.0   4.4  -1.1 
Standard deviations source= Data
Standard deviations source start year= 1941
Standard deviations source end year= 1990
Standard deviations=   3.3   2.5   1.6   1.7   1.5   1.8   1.3   1.5   1.8   1.8   1.8   2.8 
Obs:
1864 -99.0   2.6   5.2   4.2  18.6  18.7  25.9  24.9  16.9 -99.0   3.9  -3.7 
1865  -4.1  -2.3   2.1   8.3  19.6  21.8  26.3  26.5  18.1  13.3   9.2  -6.4 
1866  -3.9   1.0   8.4  11.9  16.7 -99.0 -99.0 -99.0 -99.0 -99.0 -99.0   3.9 
1867  -0.5   0.8   0.2  12.8  16.2 -99.0 -99.0 -99.0 -99.0 -99.0 -99.0   4.8 
1868  -8.7  -6.6   6.9  11.7  13.8  19.1  24.8  24.8  16.7  12.4   4.1   3.4 
1869  -0.1   3.9   7.7  11.8  18.9  25.1  25.6  23.7  17.8  10.0   6.2   0.1 
1870  -1.2   4.1   4.2  12.4  15.4  22.8  26.3  22.4  18.7  11.3   5.2  -4.1 
1871   0.8   1.8   3.6   8.1  15.5  23.5  25.2  23.3  19.3  11.3   5.2   1.8 
1872   0.3   4.4   7.3   7.8  15.5  21.8  24.7  23.4  16.9  13.8   3.7   0.8 
1873   1.0  -0.3   7.6   9.8  14.3  21.2  26.4  23.6  17.8   9.6   7.6   0.8 
1874   4.0  -0.3   4.6  10.1  17.5  20.1  27.8  23.5  18.7  15.4   7.3   2.1 
1875  -7.3  -4.1   3.4  13.1  16.1  21.3  25.9  25.3  19.8  13.9   5.1   5.0 
1876   0.3   4.3   5.8  10.3  13.4  22.4  23.5  19.8  17.6  13.4   6.1   0.3 
1877   0.9   4.6  10.2  10.7  14.3  19.4  22.8  22.4  16.0   9.7   5.3  -0.3 
1878   1.4   4.4   8.9  10.1  13.9  20.9  23.3  23.9  15.3   8.8   5.8  -0.9 
1879  -3.1   4.4   8.5  12.1  12.6  17.7  22.8  23.4  18.9   9.8   2.8  -0.5 
1880   3.3   0.2   2.7   9.1  11.9  17.8  22.0  20.5  15.2   8.8  -0.3   1.9 
1881  -0.8   3.7   6.8  11.7  14.7  18.0  21.8  19.6  13.7   7.7   2.3   0.6 
1882  -3.9  -1.1   2.7   8.7  14.2  18.9  23.9  22.5  15.8   7.5   1.7   0.0 
1883  -6.1  -5.9   7.9   6.8  13.3  20.3  22.9  22.9  16.7   6.9   4.1   1.8 
1884  -2.2  -0.7   6.4  11.1  16.2  19.5  20.8  23.1  12.6  10.7   4.6  -2.2 
1885  -4.4   3.6   7.8  11.5  14.9  17.9  23.3  21.9  16.6  11.4   7.7   1.8 
1886  -2.1   4.4   4.4   8.6  15.1  19.4  23.9  23.2  15.1   9.4   0.8   3.2 
1887   2.3  -1.1   8.7   9.6  15.7  17.1  23.2  21.4  17.3  10.3   4.1   0.3 
1888  -7.9   4.6   5.9  13.6  15.5  17.9  22.9  22.7  20.0  11.8   3.8   2.8 
1889  -4.5   1.6  10.1  12.8  14.9  20.5  23.2  22.4  14.9  13.2   4.6   1.2 
1890  -4.9   1.3   5.1  11.1  15.7  17.1  23.3  21.4  13.3   8.4   3.2   0.6 
1891  -3.3  -2.1   3.0  10.9  15.6  15.6  23.1  22.9  17.1  12.2   4.0  -2.0 
1892  -5.4  -1.2   6.3   7.8  13.1  18.4  21.3  20.8  17.2  10.7   5.6   0.8 
1893  -3.1  -0.6   3.7   8.0  12.8  17.1  21.6  21.9  15.0   8.4   3.1   1.3 
1894   0.1  -1.7   5.0  10.6  15.2  16.5  23.2  23.2  15.1  10.8   6.2  -0.4 
1895  -0.6   0.4   5.1  11.2  14.0  17.0  20.8  20.4  13.7  11.7   2.7  -0.9 
1896   0.7   3.8   4.8   7.4  10.1  19.9  24.6  22.1  15.2  10.8   2.0   2.1 
1897  -1.2   1.7   2.4  10.0  17.4  18.1  21.4  24.0  16.4   9.9   5.3   0.3 
1898  -5.4   3.6   3.4  11.7  13.7  19.1  22.8  24.0  15.8   8.1   2.1  -3.6 
1899   2.1  -2.0   5.0   9.1  11.4  17.6  23.6  19.1  18.4   8.9   8.1  -1.1 
1900   2.7   2.3   9.3  10.6  15.4  21.1  22.4  19.4  15.3  10.3   5.3   2.4 
1901   1.6   2.2   5.9   9.0  16.5  15.8  23.8  24.7  14.6  13.8   7.1   2.0 
1902  -1.9   4.1   4.9  10.0  14.2  18.1  20.8  21.2  16.8  12.4   5.0   1.9 
1903   0.1  -3.2   6.2   9.4  14.1  21.4  21.1  22.4  15.4  11.9   6.1   0.1 
1904   0.4   4.1   5.3  11.2  14.8  18.1  22.3  23.9  18.2  12.8   8.6   0.3 
1905   0.9   1.0   8.4  11.0  12.7  16.4  23.8  23.7  17.6   8.6   4.6  -2.4 
1906  -0.8   1.8   3.0  11.2  12.9  16.1  25.2  22.7  18.0  12.2   3.8   3.7 
1907  -1.0   6.2   6.3   9.9  14.4  16.0  22.2  20.1  16.3  14.3   5.7   2.7 
1908   1.8   3.2   5.6  11.0  11.4  16.1  23.9  21.4  17.0   9.8   6.2  -0.5 
1909   2.4   4.2   6.6   7.9  12.0  19.1  21.9  22.7  17.3  11.8   6.7  -2.6 
1910  -4.3  -1.5   9.4  13.3  15.4  18.9  24.4  20.4  16.6  11.9   5.6   1.6 
1911   0.8  -1.1   7.1   8.6  12.2  18.6  23.1  20.8  15.7   9.4   3.2  -0.4 
1912  -1.8   2.6   4.6   9.0  13.6  19.2  20.4  20.1  14.3   9.0   6.1  -0.2 
1913  -2.2  -0.4   3.8  10.3  15.0  18.3  21.2  22.9  16.8   8.9   6.4  -1.7 
1914   3.2   2.2   7.8  10.7  16.2  17.2  24.0  22.7  16.3  12.4   5.4  -4.4 
1915  -2.4   4.9   8.4  12.9  12.8  16.6  21.4  25.7  15.8  12.4   4.2   0.9 
1916  -2.6   3.7   7.8  10.8  11.4  16.6  21.6  21.3  16.9   9.3   2.5  -2.0 
1917  -4.9  -0.8   0.7   8.0  12.8  17.0  25.2  23.3  18.9  11.8   6.9   6.2 
1918   1.3   2.2   7.5   9.3  12.7  22.9  23.6  19.6  18.4  12.0   4.2  -1.3 
1919   0.4   2.1   6.0  11.0  15.2  19.1  24.2  23.6  16.8   7.2   2.8  -4.7 
1920  -1.1   1.9   4.9   7.4  12.8  17.8  24.6  22.3  17.3   9.1   4.9   1.3 
1921   1.6   1.8   7.3   8.3  14.0  20.1  23.4  23.3  14.2  13.1   7.1   0.5 
1922  -6.3  -0.1   3.8   7.2  13.6  21.3  24.2  23.6  18.9  13.4   2.8  -1.1 
1923   1.9  -0.7   4.8   9.7  13.8  17.0  24.1  22.8  18.7  10.1   5.9  -0.2 
1924  -4.7   5.6   3.9   9.9  17.7  19.3  23.3  21.3  17.7  11.6   4.8  -5.7 
1925   0.3   5.6   7.1  11.5  16.6  19.1  25.6  21.6  16.3  10.0   4.7   1.7 
1926  -0.9   5.4   7.6  13.7  14.8  21.2  24.9  22.8  13.9  12.6   7.7  -1.0 
1927  -0.1   4.3   5.6   9.1  12.4  19.0  23.8  22.0  15.3  12.3   7.7  -2.2 
1928  -1.4   1.1   7.4   8.8  18.1  17.6  24.3  21.8  17.9  11.6   5.4  -2.1 
1929  -4.9  -3.7   6.0   8.2  14.3  17.8  23.8  25.1  14.9  12.1   3.1   3.1 
1930  -7.8   4.7   6.8  13.1  13.2  18.0  24.4  23.8  17.3   9.8   2.8  -4.5 
1931  -1.0   2.3   6.3  10.3  16.3  20.1  25.2  23.9  16.9  12.1   2.6  -1.9 
1932  -2.7  -0.6   4.9  10.8  14.7  19.6  22.8  21.6  17.8  10.5   5.9  -3.7 
1933  -0.1  -5.1   5.1   9.2  12.2  20.9  24.7  22.8  16.2  13.6   5.8   5.8 
1934   4.3   6.8  10.3  14.2  18.6  18.7  24.5  23.8  16.3  12.4   8.1   0.5 
1935  -0.6   0.6   4.3   9.3  13.7  18.9  23.4  22.3  19.4  11.1   1.3  -1.7 
1936  -0.2  -2.0   4.6  12.3  17.1  20.7  25.7  23.9  16.7  12.8   3.0   1.8 
1937  -9.2   0.2   6.9   9.0  15.8  18.9  24.9  21.8  18.7  12.9   7.6   3.1 
1938   2.2   4.8   5.4  11.0  13.4  19.4  23.9  22.1  20.3  12.2   2.0   1.2 
1939   1.1  -0.9   6.9  12.0  16.6  17.3  24.4  23.7  18.1  11.6   6.4   5.3 
1940   1.3   4.6   8.2  10.4  16.5  20.9  23.8  23.4  17.5  12.9   2.6   2.8 
1941   1.6   4.8   8.1  10.6  15.2  17.6  24.2  22.1  14.7  10.9   6.3   2.7 
1942  -5.2   0.3   5.0  11.4  12.1  16.4  24.3  22.8  17.5  11.9   4.7   1.5 
1943  -1.4   2.9   5.1  12.8  12.7  16.8  22.8  21.4  19.1  13.8   4.8   1.0 
1944  -2.7   2.0   4.4   9.2  14.2  15.3  22.1  21.1  17.3  14.1   3.8  -1.5 
1945   0.4   3.9   5.1   8.2  13.9  16.2  23.8  23.0  15.7  13.2   4.8   0.1 
1946  -0.9   1.8   7.2  11.4  14.4  18.6  23.8  22.9  16.3   7.7   3.8   3.1 
1947  -4.2   4.1   7.8  10.1  17.0  16.6  23.9  22.4  17.3  13.2   2.9   0.4 
1948   1.3   0.8   3.9   9.3  13.7  19.2  21.3  21.3  16.7  11.6   3.4  -2.9 
1949 -11.3  -0.5   6.9  12.3  16.6  18.7  23.6  23.1  18.8   8.3   7.6   0.2 
1950  -2.9   2.6   5.0   9.1  12.5  17.6  22.9  22.6  17.5  14.2   6.5   3.1 
1951  -1.6   2.7   2.8  10.4  13.8  16.8  24.3  22.3  17.6   9.6   3.7  -2.5 
1952  -3.0  -0.9   2.7  11.4  14.2  17.9  23.1  22.7  18.6  13.8   1.7   1.2 
1953   5.0   2.4   5.8   7.8  11.2  15.2  23.4  21.9  18.9  11.6   7.4  -0.4 
1954   2.5   3.8   4.1   9.9  15.5  16.3  24.1  20.1  16.4  10.5   6.4  -0.8 
1955  -4.7  -2.7   2.3   6.7  12.0  19.3  21.8  23.7  16.9  11.8   2.0   1.9 
1956   0.8  -2.6   5.5  10.3  15.3  18.1  24.0  20.9  17.9  10.1   1.8  -0.7 
1957  -5.8   1.4   5.7   9.3  14.6  18.9  22.9  21.5  18.5   9.7   2.4   1.3 
1958  -0.3   5.7   4.8   8.8  17.9  18.9  23.3  24.4  16.7  12.9   4.6   2.6 
1959   2.1   2.9   5.0  10.4  11.5  20.3  24.4  21.1  15.4   9.8   1.5  -2.3 
1960  -4.4   0.9   6.1   9.4  12.5  20.5  27.1  20.6  18.9  11.5   4.8  -0.8 
1961   0.5   5.1   6.9   8.9  14.4  22.7  24.6  25.4  14.0   9.5   2.8  -0.6 
1962  -6.1   0.1   3.7  11.3  13.3  18.6  22.3  21.5  18.4  11.7   5.2   1.9 
1963  -4.8   6.3   6.8   9.1  16.0  17.7  22.3  23.1  21.6  14.3   6.5  -2.2 
1964  -3.3  -3.2   3.1   7.4  12.8  16.9  23.8  20.7  15.3  11.6   2.7   1.8 
1965   1.2   2.7   4.0  10.1  12.7  18.2  22.9  21.7  13.9  13.6   6.8  -1.1 
1966   0.2   0.7   6.2   9.6  16.4  18.3  22.9  22.3  19.0   9.7   6.1  -0.4 
1967   2.3   3.5   5.6   6.6  13.6  18.9  25.8  25.6  20.3  10.4   4.8  -2.3 
1968  -1.4   5.1   7.7   7.9  14.3  19.9  25.2  20.4  17.2  11.3   5.6   1.7 
1969   1.3   2.3   5.8  10.3  16.2  19.1  22.7  22.4  17.9   7.7   4.3   1.4 
1970   2.3   5.1   5.2   6.6  14.2  20.5  24.6  24.3  14.3   8.6   6.2   0.8 
1971   1.1   3.1   4.6   9.6  15.6  18.3  23.7  25.9  15.1   9.4   4.3  -1.0 
1972  -0.6   2.5   7.5   8.2  15.9  19.8  23.1  23.6  14.9  10.9   4.7  -4.6 
1973  -0.7   4.1   6.1   9.5  15.8  19.8  24.2  22.8  17.3  11.3   5.4   3.6 
1974  -1.4   3.7   5.9   9.8  13.0  22.1  23.2  22.1  18.5  11.2   5.4   0.7 
1975  -2.1   2.7   5.3   6.9  13.4  18.0  25.7  21.1  18.6  11.3   4.2  -0.3 
1976   0.1   1.2   2.8   8.5  15.2  17.0  22.8  19.8  17.8  10.4   4.9  -1.5 
1977  -7.2   1.0   4.3  12.3  12.1  21.2  22.6  23.1  16.7  11.8   4.2   2.9 
1978   2.8   3.4   9.3   9.2  12.4  18.1  22.7  21.1  16.3  11.6   2.6  -2.8 
1979  -8.8   1.3   6.2   9.3  14.3  19.3  23.4  21.8  19.6  12.4   1.5   2.1 
1980  -0.9   4.3   5.1  11.4  14.0  17.0  22.7  19.6  17.0  10.9   4.3   0.6 
1981   1.1   2.7   6.9  10.2  12.6  17.3  21.7  23.4  17.6   9.3   6.7   1.8 
1982  -3.9  -1.1   5.2   7.3  12.7  18.8  21.2  22.6  15.8  10.5   2.2  -0.3 
1983   2.2   5.3   7.0   8.4  13.6  17.7  20.8  23.8  16.0  12.1   5.6  -4.9 
1984  -6.0  -1.0   5.5   7.7  12.7  16.5  23.4  24.2  15.6   8.3   3.9  -5.1 
1985  -7.2  -3.4   2.2  10.9  14.7  19.6  25.4  20.7  13.4   9.1  -2.4 -10.8 
1986  -1.4   5.0   8.9   9.1  15.1  22.2  20.9  24.4  14.1  11.4   4.7  -2.2 
1987  -2.3   3.1   6.8  13.3  16.8  21.2  21.8  21.1  18.7  12.7   4.8   0.5 
1988  -3.3   3.2   5.9  11.5  14.4  21.5  23.7  22.0  16.5  15.5   4.8  -2.8 
1989  -4.1  -4.9   6.5  11.7  13.5  20.3  25.0  21.1  17.4  10.7   4.1  -0.9 
1990   1.2   1.2   6.8  12.6  13.2  19.4  24.6  23.3  21.1  10.6   5.1  -7.7 
1991  -4.2   5.3   6.1   9.1  12.7  17.0  24.3  24.8  18.8  11.0   3.0  -0.2 
1992   0.6   5.6   9.4  12.7  17.9  21.0  21.9  23.3  17.4  12.4   1.4  -1.9 
1993  -4.0  -1.7   5.4   8.9  17.3  16.6  18.3  20.3  17.2  11.8   0.4   0.7 
1994   0.4   1.5   7.8  11.4  16.1  19.9  25.0  24.5  19.3  10.2   0.3  -0.9 
1995   2.4   5.2   6.4   9.0  13.8  17.8  23.0  21.8  18.7   9.5   6.9   0.5 
1996   0.3   1.8   6.8  10.0  13.0  19.3  24.9  23.8  16.5  11.4   5.3   2.5 
1997   0.2   2.8   7.5   9.4  17.2  18.9  22.6  24.2  19.9  11.1   6.1  -0.4 
1998   3.8   4.5   6.8   9.9  13.5  17.5  26.3  24.9  21.0  10.7   6.4  -0.7 
1999   1.7   2.5   6.4   8.4  13.2  19.1  23.3  24.0  17.8  12.5   8.3   0.0 
2000   1.3   5.4   6.3  12.5  15.4  20.4  24.5  24.5  17.2  11.3   0.3  -0.4 
2001  -2.6   1.0   7.7   9.1  16.5  19.7  23.6  26.0  20.2  12.0   6.7  -0.7 
2002  -0.2   1.2   4.9  10.3  15.2  20.9  26.5  21.6  18.4   9.7   4.8   3.0 
2003   3.7   2.7   8.1   9.6  14.9  20.9  27.0  25.2  19.4  14.6   3.2   3.0 
2004  -2.0   1.7   9.0  12.2  14.9  20.8  25.5  23.9  17.6  12.0   3.6   1.9 
2005   0.4   2.8   7.7  10.3  15.2  18.0  25.8  24.9  17.4  12.1   3.1  -1.4 
2006   2.5   1.6   5.8  11.0  16.1  21.7  27.5  23.4  18.6  10.8   6.3  -0.2 
2007  -1.5   3.9   9.1  11.0  17.0  21.4  28.4  24.2  18.2  11.2   5.0   0.3 
2008  -1.8   2.3   4.8   8.2  15.8  19.5  25.4  24.4  18.9  12.0   6.5  -0.2 
2009  -0.4   2.7   5.4  10.5  16.5  19.9  25.9  24.0  21.4   9.2   5.3  -3.0 
2010   3.0   4.6   7.1   9.4  12.0  19.0  24.3  23.3  19.8  13.9   3.9   1.7 
2011  -0.1   2.0   6.8   7.9  13.1 -99.0 -99.0 -99.0 -99.0 -99.0 -99.0 -99.0 
