Number= 726982
Name= CASCADE LOCKS
Country= USA
Lat=   45.7
Long=  121.9
Height= 30
Start year= 1891
End year= 1954
First Good year= 1891
Source ID= 10
Source file= Jones
Jones data to= 1954
Normals= -99.0 -99.0 -99.0 -99.0 -99.0 -99.0 -99.0 -99.0 -99.0 -99.0 -99.0 -99.0 
Obs:
1891 -99.0 -99.0   7.3  12.8  15.9  16.0  20.6  20.9  16.0  14.2  10.1   5.3 
1892   2.8 -99.0 -99.0  10.6  15.8  16.2 -99.0 -99.0 -99.0 -99.0 -99.0 -99.0 
1893 -99.0 -99.0   5.9   8.1  14.9  12.7  18.4 -99.0 -99.0   9.6 -99.0   5.9 
1894 -99.0   1.9   6.3  10.3  13.8  14.6  18.9  20.8 -99.0 -99.0   9.9   5.1 
1895   0.6   5.6   7.2  11.4 -99.0  18.1  20.3 -99.0 -99.0  13.3   6.4   3.7 
1896   3.2   7.1   7.1   9.0  12.7  17.3  22.1  19.4  16.3  13.5   3.1   4.3 
1897   2.6   5.2   4.9  12.6  16.9  17.7  19.2  22.2  15.8  12.2   6.2   2.9 
1898   3.2   6.2   6.7  11.4  14.3  17.4  19.7  20.8  16.9  11.1   5.7   1.2 
1899   2.1   1.9   6.7  10.0  11.7  15.6  20.2  16.8  17.4  10.9   9.6   4.8 
1900   5.4   3.9  10.7  12.0  14.2  17.8  19.7  18.2  15.4 -99.0 -99.0   7.8 
1901 -99.0 -99.0 -99.0 -99.0 -99.0 -99.0 -99.0 -99.0 -99.0 -99.0 -99.0 -99.0 
1902   3.1   4.0   6.6   9.7  14.0  16.0  18.3  19.5  16.4  13.2   6.4   1.7 
1903   4.0   2.6   6.9   9.4  14.6  17.9  18.3  19.3  16.0  12.6   6.0   2.9 
1904   4.8   3.0   5.1  11.9  14.4  17.6  20.1  20.9  18.1  13.4   9.6   4.4 
1905   2.7   2.9  10.1  12.9  13.6  16.9  21.4  20.0  16.9   8.2   6.1   2.4 
1906   4.1   5.4   6.5  12.9  14.2  16.0  23.2  21.1  16.7  12.6   7.2   4.2 
1907  -1.6   3.9   6.2  10.4  15.2  16.1  20.1  18.3  16.7  14.2   8.2   4.4 
1908 -99.0 -99.0 -99.0 -99.0 -99.0 -99.0 -99.0 -99.0 -99.0 -99.0 -99.0 -99.0 
1909 -99.0 -99.0 -99.0 -99.0 -99.0 -99.0  17.8  18.0  16.8  11.9   6.7  -0.3 
1910   0.0   1.9  10.2  11.9  14.5  15.7  19.6  17.9  15.7  12.9   6.4   4.4 
1911   1.6   3.1   8.2   9.3  11.9  15.4  20.7  19.2  14.4  11.6   6.3   3.8 
1912   0.8   5.6   6.6   9.7  14.1  16.8  18.9  18.4  15.9   9.7   7.2   4.0 
1913   1.3   2.0   5.8 -99.0  13.3  16.6  19.1  20.2  16.6  10.9   6.9   2.3 
1914   4.7   4.6   9.3  11.4  15.3  15.9  19.8  19.8  14.7  12.2   6.7  -0.3 
1915   0.9   4.9  10.1  11.8  13.2  16.4  18.9  21.2  16.8  12.3   5.7   3.8 
1916  -4.3   1.9   6.6  11.0  11.8  15.9  17.6  19.5  16.7  11.7   4.6   2.1 
1917   2.7   4.1   4.7   8.7  12.2  15.9  20.6  21.4  17.3  13.9   8.8   7.9 
1918   6.1   3.5   7.4  11.3  12.8  18.9  19.8  19.6  19.9  13.6   7.1   4.3 
1919   3.1   4.3   7.9  11.4  14.1  16.1  20.8  21.0  16.8  10.1   6.1  -2.8 
1920   1.8   4.9   7.1   8.9  12.7  16.8  20.3  20.6  15.7  11.6   6.4   4.7 
1921   3.1   5.1   7.9   9.8  13.3  17.8  18.8  19.7  14.7  12.8   6.4   1.6 
1922  -1.4   1.3   5.4   9.2  14.1  18.4  20.3  19.8  17.6  12.7   5.6  -0.3 
1923   4.5   1.3   7.2  11.6  13.6  16.9  19.8  20.8  17.7  12.3   8.7   3.8 
1924   1.0   7.2   7.1  11.4  15.4  17.4  19.9  19.3  16.8  11.4   5.6  -0.6 
1925   4.9   6.8   8.0  11.7  15.7  18.3  21.1  19.3  17.1  12.2   6.1   5.7 
1926   4.0   7.4  10.9  14.8  14.3  19.3  21.4  20.0  15.1  13.1   8.2   2.4 
1927   1.0   5.6   7.1  10.4  12.8  17.8  20.1  20.5  16.0  12.7   8.7   1.8 
1928   0.7   4.6   8.9  10.3  15.9  16.5  20.2  19.6  16.2  11.8   7.0   1.9 
1929  -1.3  -1.1   8.2   9.0  13.9  16.4  19.9  20.9  16.9  13.6   5.7   5.3 
1930  -5.3   6.1   8.9  12.7  13.6  16.8  20.2  20.9  17.2  10.7   6.4   2.7 
1931   3.9   5.3   7.9  11.9  16.4  17.1  20.5  20.7  16.1  12.3   5.4   0.7 
1932   2.2   3.0   7.3  11.6  14.2  18.6  19.1  19.7  18.1  13.1   8.1   1.2 
1933   3.1   1.0   7.2  11.4  12.2  16.8  19.9  20.6  14.4  12.9   7.4   6.5 
1934   6.7   8.1  11.5  15.1  15.9  17.7  19.9  21.3  17.0  13.4   8.9   5.3 
1935   2.1   5.5   6.4  10.5  14.3  18.0  20.1  20.6  19.0  11.5   4.3   2.9 
1936   4.7  -1.9   7.1  13.2  15.7  17.9  19.8  21.0  16.7  14.3   5.6   5.9 
1937  -3.5   2.0   8.4   9.8  14.7  17.9  20.1  19.6  17.2  14.7   8.8   5.0 
1938   3.8   3.6   7.3  12.2  14.9  18.1  22.1  19.4  18.9  13.0   5.4   4.8 
1939   5.2   3.6   8.3  12.8  15.3  16.6  20.7  21.2  18.3  13.0   8.3   6.2 
1940   2.9   6.2   9.7  12.1  16.6  19.4  20.4  21.2  18.2  14.0   5.4   4.1 
1941   3.0   6.4  11.0  13.2  14.7  17.3  22.0  19.8  15.7  12.1   8.1   4.8 
1942  -1.1   4.9   7.9  12.1  13.5  16.2  20.8  20.9  17.9  13.3   6.0   4.6 
1943  -0.6   4.8   6.6  12.2  12.8  15.8  19.7  18.4  18.9  12.7   7.0   3.3 
1944   2.3   5.1   7.2  10.6  14.1  16.4  20.4  19.9  18.0  14.7   6.7   2.4 
1945   5.3   5.8   6.5   9.9  14.7  16.7  20.9  20.0  16.0  12.4   6.1   2.7 
1946   4.3   4.9   7.6  10.3  15.2  15.6  19.8  19.8  16.6  10.0   5.9   5.2 
1947   2.2   6.6   9.3  11.8  16.1  16.1  19.2  18.8  17.3  12.6   7.9   5.2 
1948   3.8   3.6   6.6   9.2  13.1  18.3  18.6  18.6  15.9  11.8   6.3   2.1 
1949  -3.9 -99.0   7.1  11.8  15.2  16.5  18.9  19.6  17.6   9.5   9.7   4.6 
1950  -4.7   0.7   6.1   9.4  12.9  16.8  19.4  20.8  16.9  11.2   6.9   5.9 
1951   2.9   4.3   5.2  12.3  13.7  17.9  20.1  19.1  17.8  11.8   6.7   2.6 
1952  -0.2   4.0   6.6  11.3  13.9  15.7  20.3  19.7  18.2  15.5   4.7   3.2 
1953   7.7   6.3   7.5   9.9  12.7  14.6  19.4  19.3  17.2  12.9   8.1   6.1 
1954   1.7   4.2   5.9  10.0  13.9 -99.0 -99.0 -99.0 -99.0 -99.0 -99.0 -99.0 
