Number= 726980
Name= PORTLAND, OREGON
Country= UNITED STATES
Lat=   45.6
Long=  122.6
Height= 12
Start year= 1873
End year= 2011
First Good year= 1873
Source ID= 10
Source file= Jones+Anders
Jones data to= 2001
Normals source= Data
Normals source start year= 1961
Normals source end year= 1990
Normals=   4.7   7.0   9.0  11.0  14.4  17.7  20.3  20.5  17.8  13.0   8.3   5.0 
Standard deviations source= Data
Standard deviations source start year= 1941
Standard deviations source end year= 1990
Standard deviations=   2.3   1.6   1.3   1.2   1.2   1.2   1.2   1.3   1.2   1.2   1.6   1.7 
Obs:
1873   7.0   4.7   9.2  11.1  13.3  16.1  19.7  19.6  16.3   9.8   8.6   2.4 
1874   6.1   6.4   7.2  12.2  15.4  15.7  20.3  18.2  16.3  13.3   7.3   5.9 
1875  -0.8   4.6   6.8  12.9  13.6  16.1  21.9  19.3  18.1  14.7   6.8   8.8 
1876   3.9   7.3   7.1  10.2  13.1  18.4  19.3  17.9  17.2  14.2   8.7   4.6 
1877   5.7   7.9  10.1  11.2  13.4  16.4  19.5  19.3  15.4  11.7   9.5   6.2 
1878   5.5   7.8  11.0  11.0  14.4  18.3  18.6  19.2  15.3  10.7   8.4   4.6 
1879   3.6   6.9   9.4  11.3  12.4  15.6  18.6  19.4  17.5  11.4   6.4   3.9 
1880   5.6   3.2   5.1   9.7  11.7  15.3  18.2  17.2  15.1  11.2   5.7   4.4 
1881   4.0   7.4   9.4  12.4  13.6  15.6  17.7  17.1  15.1   9.9   6.3   6.1 
1882   4.1   3.1   6.4   9.2  13.6  17.2  18.6  18.3  15.2  10.3   6.4   7.7 
1883   3.1   0.5  10.2   9.6  14.2  17.5  19.5  17.2  16.2  10.4   8.0   5.4 
1884   3.7   2.2   7.4  12.2  15.5  17.1  17.6  20.1  13.2  10.6   8.1  -0.6 
1885   2.4   8.4  11.1  11.7  14.9  16.1  20.0  19.2  16.8  13.3   8.5   6.1 
1886   2.3   7.1   7.1   9.9  14.3  17.2  19.7  19.3  16.8  10.8   5.3   7.5 
1887   6.0  -0.1   9.7  10.1  14.4  15.8  18.9  18.1  15.4  12.1   6.9   5.9 
1888  -1.1   6.7   7.9  12.8  16.8  16.6  19.0  20.6  18.8  13.0   6.7   6.4 
1889   3.6   6.8  12.1  12.4  15.7  18.9  21.3  18.2  16.3  14.0   8.7   3.7 
1890  -0.1   3.6   7.3  11.3  15.9  16.6  18.6  18.8  16.9  11.4   8.4   6.1 
1891   5.7   2.8   6.7  11.3  15.5  15.7  20.4  21.1  16.0  14.2   9.4   5.4 
1892   4.4   6.3   9.9   9.4  15.0  16.8  18.2  19.3  17.2  11.8   7.6 -99.0 
1893   1.2   2.9   6.9   7.7  14.2  12.4  18.1  19.0  14.4   9.7   7.6   6.6 
1894   5.1   3.5   6.8  10.9  15.4  17.2  19.2  20.3  15.4  11.6   6.5   4.3 
1895   2.9   6.0   7.7  10.8  13.3  16.8  18.7  18.9  15.8  13.1   6.8   3.8 
1896   5.8   6.6   8.5  11.9  13.6  17.8  18.7  19.9  16.9  12.4   6.2   4.3 
1897   4.5   5.3   8.1  10.1  15.3  19.2  20.1  20.6  15.8  11.4   7.0   4.9 
1898   5.3   4.2   7.3  10.1  14.3  16.6  19.7  18.2  16.9  11.4   8.4   6.4 
1899   4.3   4.7  12.1  12.8  16.8  15.7  19.0  18.8  16.0  14.2   9.4   5.4 
1900   4.3   6.3   9.7  12.4  15.9  15.8  21.3  21.1  17.2  11.8   7.6   6.6 
1901   4.2   6.1   8.1   9.3  13.7  14.4  17.1  20.2  14.6  15.1   9.1   5.1 
1902   3.6   7.0   7.2   9.4  13.4  16.3  18.4  19.3  16.7  13.7   7.8   4.7 
1903   6.0   5.0   7.7   9.9  13.8  17.9  17.9  18.9  16.3  13.1   7.9   5.0 
1904   5.6   5.1   6.3  12.7  14.2  17.2  19.4  19.7  17.6  13.6  10.8   6.3 
1905   4.7   5.9  10.4  13.0  13.4  16.3  20.3  19.0  16.7  10.7   6.9   4.8 
1906   6.1   7.2   7.4  13.1  13.8  15.6  22.4  20.1  16.6  13.1   7.9   6.2 
1907   1.1   7.3   7.2  11.2  15.1  17.0  19.9  18.1  17.1  14.1   9.3   6.7 
1908   5.7   6.0   7.9  11.6  11.6  16.2  20.9  18.9  15.6  11.6   9.3   3.9 
1909   0.4   6.3   8.7  10.6  12.7  17.1  17.7  18.3  17.4  12.6   8.4   2.0 
1910   3.1   4.1  11.2  12.1  15.6  15.7  19.5  17.7  15.6  13.3   8.2   6.1 
1911   3.6   4.6   9.6   9.3  12.4  15.3  20.8  19.4  14.7  15.1   7.8   5.1 
1912   5.2   7.4   8.0   9.9  15.1  17.6  19.7  18.7  16.9  11.3   8.3   5.3 
1913   3.4   4.3   7.0  10.6  14.2  17.2  19.9  19.7  17.0  11.8   8.7   4.8 
1914   7.7   6.3  10.6  12.1  16.1  16.3  20.3  20.0  15.2  14.1   8.3   2.7 
1915   4.0   7.4  11.4  13.1  14.3  17.0  19.6  21.8  16.9  13.2   7.4   5.6 
1916  -1.3   5.7   8.3  11.7  12.7  16.7  17.9  20.0  16.9  11.8   6.5   3.4 
1917   4.2   5.3   5.9   9.7  12.6  16.6  20.6  21.3  17.3  14.1  10.3   9.1 
1918   7.4   5.3   8.1  11.4  13.1  19.4  19.9  19.7  19.7  13.6   8.1   5.7 
1919   5.7   5.9   9.0  11.9  14.0  15.9  20.0  20.3  16.9  10.5   7.2   0.9 
1920   4.1   5.7   8.2   9.0  12.8  16.7  20.0  20.7  16.2  11.7   8.2   6.7 
1921   5.3   7.3   8.9  10.4  13.9  18.0  18.7  19.4  15.8  13.8   9.2   4.0 
1922   1.8   4.4   6.3   9.3  14.4  18.6  20.1  19.6  17.7  13.0   6.4   3.3 
1923   6.0   3.0   8.4  12.3  14.2  16.9  19.9  21.4  18.1  13.9  10.2   5.3 
1924   3.6   8.9   7.7  11.8  16.2  17.9  19.4  19.2  17.3  12.6   7.6   2.6 
1925   7.1   7.9   8.6  12.3  16.2  17.5  21.0  18.9  17.2  13.2   7.8   7.7 
1926   6.0   9.3  11.9  15.7  15.1  19.4  21.4  20.7  16.4  14.3  10.3   5.0 
1927   3.9   7.6   8.3  11.1  13.0  18.0  20.3  20.7  16.6  12.8   9.9   3.2 
1928   3.7   6.8  10.4  10.8  17.0  16.8  20.6  19.7  16.4  12.6   8.1   4.6 
1929   1.2   2.0   8.7   9.6  14.8  16.9  20.2  20.6  18.2  14.7   7.1   7.4 
1930  -2.2   7.9  10.2  13.2  12.8  16.8  19.2  21.0  17.6  12.1   7.8   4.7 
1931   7.1   7.2   9.3  13.1  17.1  17.6  21.2  20.7  17.1  13.2   6.7   4.6 
1932   4.3   5.2   8.9  11.8  14.2  18.8  18.8  20.0  18.7  14.0   9.6   3.4 
1933   4.3   3.4   8.3  10.9  12.2  16.8  20.0  20.9  15.3  14.0   8.1   8.1 
1934   8.3   9.7  12.9  15.4  16.3  17.8  19.4  20.8  17.1  14.1  10.2   6.7 
1935   4.7   7.9   6.7  10.9  14.3  18.0  19.9  20.2  19.6  11.8   5.8   5.7 
1936   6.8   1.1   7.4  13.1  16.2  18.4  19.9  20.8  17.4  14.8   7.5   6.6 
1937  -1.2   5.4   9.8  10.0  14.7  18.6  20.2  19.3  17.7  15.1   9.8   6.7 
1938   5.2   6.3   8.3  12.4  15.2  18.3  21.7  19.0  19.7  14.0   7.1   6.4 
1939   6.6   4.9   9.7  13.3  15.9  16.3  20.8  21.1  18.6  13.7  10.0   8.0 
1940   5.7   8.4  11.0  12.9  17.0  19.7  20.6  21.3  18.7  14.8   6.8   6.7 
1941   6.8   9.3  12.7  13.6  15.0  17.3  22.7  20.3  16.3  13.6   9.7   6.6 
1942   2.6   6.8   8.8  12.3  14.1  16.9  21.7  21.2  18.6  14.2   8.0   6.8 
1943   1.8   7.1   8.2  12.8  13.5  16.6  20.2  18.9  19.1  13.0   8.4   4.9 
1944   4.2   6.1   8.2  10.9  14.5  16.5  19.8  19.2  18.2  14.8   7.6   4.6 
1945   5.9   6.8   7.4  10.2  15.2  16.9  20.4  19.3  15.8  12.1   8.1   5.7 
1946   5.0   6.4   8.6  11.4  15.8  16.5  19.9  19.7  16.3  10.5   6.6   5.8 
1947   2.8   7.8  10.3  12.3  16.5  16.2  18.7  18.2  17.7  12.8   8.4   5.7 
1948   4.6   4.7   7.3   9.3  13.7  18.6  18.4  18.3  16.4  11.4   6.3   2.9 
1949  -1.3   4.2   8.4  12.1  15.2  16.8  18.6  19.2  17.6   9.6  10.2   4.3 
1950  -1.4   5.6   7.9  10.4  13.8  17.4  20.2  21.6  17.9  11.9   8.7   9.0 
1951   4.6   7.1   6.2  13.4  14.7  19.1  20.1  19.7  18.9  13.2   8.4   4.1 
1952   3.1   5.9   7.8  12.4  15.1  16.2  21.0  20.6  19.6  16.7   6.1   6.6 
1953   9.2   7.4   8.5  10.9  13.6  15.2  20.0  20.0  18.5  13.9  10.4   7.3 
1954   4.6   7.1   7.6  10.7  14.9  15.2  17.9  18.0  16.8  13.1  10.8   5.8 
1955   5.1   5.6   5.9   8.6  12.6  16.8  17.8  19.4  17.4  13.2   6.1   5.2 
1956   5.8   3.1   7.7  12.7  16.3  15.9  20.9  19.8  17.7  12.1   7.7   5.5 
1957   0.3   6.4   8.8  12.4  16.0  17.7  19.3  18.9  20.5  12.9   8.1   7.1 
1958   7.7  10.3   8.5  11.5  17.9  19.2  22.6  22.2  18.2  15.1   8.7   8.1 
1959   6.1   6.3   8.8  12.0  13.8  17.4  21.1  19.5  16.4  14.1   8.0   6.0 
1960   2.9   6.9   8.2  11.6  13.1  17.9  21.4  19.0  17.7  13.7   9.0   5.1 
1961   7.9   9.1   9.1  10.9  14.4  19.6  21.3  22.3  16.4  12.7   7.3   5.9 
1962   4.3   6.7   8.0  12.0  12.1  16.9  19.5  19.4  18.3  13.6  10.0   7.4 
1963   2.4  10.6   8.9  10.3  15.4  16.8  18.4  19.8  19.9  14.2   9.4   6.2 
1964   6.8   7.1   8.4  10.0  13.4  16.2  19.6  19.3  16.8  14.6   7.2   4.6 
1965   5.8   7.5  10.4  12.3  13.3  17.1  21.3  20.9  17.1  15.1  10.4   4.9 
1966   5.7   7.1   9.0  12.8  15.4  17.9  19.6  20.5  18.8  13.2   9.8   7.8 
1967   7.6   7.9   7.7   9.6  15.3  19.7  21.4  23.9  20.4  13.9   9.8   6.2 
1968   5.3  10.8  10.6  10.6  14.7  17.9  21.4  19.3  17.7  12.7   9.3   3.7 
1969   1.2   6.1  10.1  11.3  16.8  19.6  19.8  19.4  17.8  12.3   9.2   6.8 
1970   5.7   9.4   9.5   9.6  14.4  19.3  20.8  20.3  16.5  12.9   9.2   5.3 
1971   5.5   6.8   7.4  11.1  14.7  15.9  20.9  22.1  16.9  12.1   8.3   4.9 
1972   4.2   7.0  10.4   9.2  16.3  17.8  21.7  22.1  16.6  12.8   9.4   3.4 
1973   4.4   8.1   9.1  11.9  15.6  17.6  21.0  18.7  18.4  12.3   6.2   7.7 
1974   3.3   6.1   8.4  10.7  13.2  18.0  19.5  20.5  19.6  12.9   8.9   6.7 
1975   5.3   5.1   7.2   8.5  14.2  16.6  20.6  18.5  18.7  11.9   7.8   5.9 
1976   5.7   5.6   6.9  10.2  13.7  15.8  19.6  18.6  17.9  12.6   8.3   4.2 
1977   2.1   7.0   7.5  11.6  12.1  17.7  19.1  22.1  16.0  12.1   6.3   5.6 
1978   4.5   7.1   9.5   9.8  12.6  18.4  20.2  19.8  16.1  12.6   3.9   1.8 
1979  -0.7   6.1  10.4  11.7  15.6  18.4  21.4  20.3  19.1  14.5   7.2   6.9 
1980   1.7   5.8   7.9  12.1  14.1  15.9  20.5  19.1  17.7  13.3   9.2   6.7 
1981   6.6   6.7   9.3  11.4  14.2  16.6  19.7  22.3  18.3  11.8   9.3   5.9 
1982   4.3   6.4   9.2   9.4  14.2  18.9  19.7  20.3  17.3  12.7   6.9   5.4 
1983   6.9   8.5  10.4  11.5  15.8  17.1  19.2  20.6  16.4  12.3   9.6   2.4 
1984   5.7   7.7  10.6  10.2  13.6  16.8  20.6  20.8  17.6  11.6   8.2   3.5 
1985   2.3   5.1   7.7  12.2  14.6  18.0  23.4  20.7  16.0  11.5   2.9   0.6 
1986   5.8   6.5  10.7  10.1  14.2  19.1  18.5  22.4  16.4  13.9   8.7   4.8 
1987   4.2   7.3   9.3  12.3  15.8  19.2  19.6  21.4  18.6  14.6   9.3   3.9 
1988   3.9   7.1   8.4  11.2  13.6  16.9  20.2  20.0  17.8  14.6   8.6   5.6 
1989   5.7   2.2   7.6  13.3  14.4  17.9  18.6  18.9  18.5  12.7   9.2   4.6 
1990   6.3   5.5   9.7  12.5  13.7  17.6  21.8  21.6  19.4  12.2   9.1   1.5 
1991   3.8   9.3   7.9  10.4  12.6  15.5  21.1  21.2  19.7  13.0   8.6   5.9 
1992   6.9   8.9  11.3  13.0  17.3  19.6  21.2  21.0  16.8  13.3   7.9   4.1 
1993   2.5   4.5   8.8  11.4  16.2  16.9  17.9  20.3  18.7  14.1   5.3   5.2 
1994   6.9   4.9  10.1  12.3  15.9  17.2  21.7  21.2  19.8  12.3   5.9   5.7 
1995   6.3   5.7   9.1  10.7  15.9  17.6  21.4  19.6  19.5  12.5  10.9   5.8 
1996   4.8   5.4   8.8  12.1  13.0  17.5  22.3  21.4  16.6  12.4   7.5   5.4 
1997   5.0   6.2   8.4  10.7  16.8  17.1  20.5  22.0  18.9  12.1  10.0   5.1 
1998   6.1   7.9   9.4  11.6  13.5  17.5  21.7  21.7  19.3  12.4   9.2   4.8 
1999   5.8   6.5   7.5  10.3  12.8  16.2  19.6  20.6  18.2  12.9  10.1   6.7 
2000   4.4   6.6   7.8  12.5  14.3  18.5  20.0  19.9  17.7  13.0   6.1   4.6 
2001   5.0   5.6   9.0   9.9  15.4  16.3  19.2  20.7  18.5  12.2   9.0   5.7 
2002   5.2   7.0   7.2  11.4  13.3  18.2  21.1  20.8  18.1  12.4   8.7   6.3 
2003   7.2   6.9   9.5  10.5  14.2  19.0  22.0  21.2  19.3  14.8   7.4   5.9 
2004   3.6   7.4  10.8  13.5  15.7  18.6  22.0  22.0  17.2  13.6   7.7   6.3 
2005   5.4   6.5  10.1  11.4  15.7  16.7  21.3  21.6  17.0  13.6   6.7   4.3 
2006   7.6   5.7   8.0  11.9  15.5  19.2  21.7  20.7  18.5  12.3   8.5   4.5 
2007   3.4   6.8  10.2  11.0  14.9  17.2  21.6  20.2  17.0  12.0   7.2   5.0 
2008   3.8   7.3   7.5   9.3  15.0  16.6  20.5  21.0  18.5  12.1   9.6   3.1 
2009   4.5   5.4   7.5  11.4  15.7  18.8  23.2  21.1  19.0  12.6   8.8   2.1 
2010   7.2   8.1   9.0  10.6  12.8  15.8  19.7  20.1  18.0  12.8   7.2   5.9 
2011   5.4   4.6   7.8   8.8  12.3 -99.0 -99.0 -99.0 -99.0 -99.0 -99.0 -99.0 
