Number= 726985
Name= HEADWORKS-PORTLAND-W
Country= USA---------
Lat=   45.5
Long=  122.2
Height= 227
Start year= 1909
End year= 2007
First Good year= 1909
Source ID= 10
Source file= Jones+Anders
Jones data to= 1996
Normals source= Data
Normals source start year= 1961
Normals source end year= 1990
Normals=   4.0   5.9   7.3   9.5  12.7  15.8  18.3  18.6  16.2  12.2   7.3   4.3 
Standard deviations source= Data
Standard deviations source start year= 1941
Standard deviations source end year= 1990
Standard deviations=   2.2   1.8   1.5   1.3   1.2   1.2   1.2   1.3   1.3   1.5   1.5   1.6 
Obs:
1909  -1.1   4.4   6.6   8.6  10.8  14.9  15.7  16.2  15.4  10.9   6.1   0.7 
1910   1.4   2.0   9.4  10.4  13.8  14.2  18.6  18.7  15.4  12.6   6.6   5.4 
1911   2.8   4.3   8.3  10.2  11.7  13.4  20.2  18.0   8.9   8.9   4.9   2.9 
1912   2.0   5.0   3.9   6.4  13.2  16.3  17.6  16.6  15.0   9.5   7.3   3.9 
1913   1.3   3.2   5.3   9.2  12.3  15.9  17.7  17.6  14.6  10.3   6.7   3.2 
1914   4.4   4.8   8.8  10.6  14.2  13.1  17.6  18.7  13.3  12.9   7.1   1.3 
1915   2.8   5.6   9.6  11.0  12.0  14.8  17.5  19.5  15.3  11.3   5.8   4.0 
1916  -1.1   4.1   5.9   9.6   9.6  14.5  16.1  18.0  15.1   9.8   4.9   1.7 
1917   2.0   3.6   4.0   7.0  10.2  14.6  19.0  19.6  15.6  12.1   8.7   7.0 
1918   5.7   3.6   6.3   9.6  11.4  18.0  17.8  17.3  17.3  12.0   6.9   3.9 
1919   4.0   3.2   7.1   9.7  13.0  14.4  19.1  19.1  15.3   8.9   5.7  -0.3 
1920   3.9   5.6   6.8   7.3  11.4  15.3  18.6  19.1  14.2   9.9   6.6   5.4 
1921   3.6   5.3   7.7  10.2  12.9  15.9  16.9  18.2  14.6  12.5   9.0   3.0 
1922   0.8   2.6   4.4   7.4  12.7  16.9  19.6  18.2  16.2  11.6   5.0   0.7 
1923   3.9   2.8   6.1  11.1  12.2  15.4  18.7  19.7  16.9  12.3   9.2   4.2 
1924   3.0   7.5   6.9  10.2  14.9  16.4  18.2  17.4  16.0  11.2   6.3   0.8 
1925   5.1   6.4   7.3  11.0  14.7  16.5  19.4  17.9  15.8  12.6   6.7   6.5 
1926   4.9   7.9  10.8  14.0  12.4  16.0  19.1  18.9  14.1  12.9   9.9   5.4 
1927   3.8   5.4   6.3   9.1  11.7  16.6  17.9  18.2  13.2  11.3   8.0   1.9 
1928   2.4   4.5   8.1   8.1  14.2  14.0  17.6  17.6  15.3  12.7   8.1   3.5 
1929   1.3   2.0   7.1   8.5  13.4  15.6  18.9  19.1  16.2  13.2   6.4   8.7 
1930  -1.9   6.0   9.3  12.3  11.6  15.5  17.7  19.4  16.3  11.0   7.7   4.3 
1931   5.4   6.0   7.6  11.0  15.2  15.9  18.7  18.7  14.6  11.7   5.6   3.1 
1932   2.6   2.9   6.9   9.6  12.2  17.1  16.8  17.9  16.7  12.8   8.1   2.1 
1933   2.7   1.4   6.4   9.4  10.2  14.4  18.3  18.7  13.0  12.2   7.4   6.6 
1934   6.6   8.4  11.6  13.6  14.3  15.4  17.0  19.1  15.5  13.0   8.5   5.2 
1935   1.9   6.2   4.8   9.1  12.8  15.9  18.2  18.0  17.3  10.6   4.6   4.8 
1936   4.7   0.6   5.8  11.7  15.0  16.3  18.0  18.3  15.6  13.4   7.3   4.8 
1937  -2.2   2.4   6.8   7.9  13.0  16.6  18.9  17.4  15.8  13.2   8.1   5.4 
1938   3.9   4.6   6.2  10.2  13.4  16.1  19.8  16.9  17.5  12.2   5.0   4.4 
1939   4.6   3.2   7.2  11.0  13.8  13.8  18.6  18.8  15.9  11.4   8.0   5.9 
1940   3.6   6.4   8.8  11.1  15.2  17.1  18.1  19.1  16.8  13.0   6.0   5.0 
1941   5.1   7.6  10.7  11.4  13.3  15.3  20.8  18.0  14.4  11.3   7.9   4.4 
1942   2.0   4.4   6.7  10.4  11.8  14.1  19.4  19.2  16.8  12.4   6.2   4.0 
1943   0.7   5.3   6.4  11.3  11.4  14.5  18.7  17.0  17.4  11.8   7.8   4.2 
1944   3.4   4.5   6.4   9.6  13.1  15.1  18.7  18.1  16.9  13.7   6.4   3.9 
1945   4.8   5.1   5.4   8.2  13.4  15.2  19.1  18.2  14.4  11.2   5.8   4.1 
1946   3.8   4.8   6.3   9.4  13.9  14.4  18.2  17.9  14.4   8.7   4.7   4.3 
1947   1.0   6.4   8.7  10.2  14.4  14.2  17.1  16.3  15.8  10.7   6.6   4.4 
1948   3.6   3.0   5.3   7.6  12.0  17.0  16.4  16.3  14.2   9.7   4.3   1.2 
1949  -2.4   1.8   5.9  10.0  13.5  15.0  16.8  17.4  15.9   7.9   9.5   2.7 
1950  -3.1   2.1   4.7   7.6  10.6  14.2  17.9  19.1  15.4  10.1   5.7   6.5 
1951   2.4   4.2   3.7  10.4  12.4  16.3  17.8  17.0  16.1   8.7   5.9   1.5 
1952   1.2   3.6   5.4  10.4  13.1  14.4  19.0  18.7  17.3  14.4   5.3   3.4 
1953   6.7   5.5   6.2   8.8  11.3  13.1  17.9  17.7  16.4  12.3   8.2   5.1 
1954   2.2   5.2   5.4   8.6  13.0  13.1  16.1  15.8  14.9  11.0   8.7   4.2 
1955   2.7   3.8   4.1   6.6  10.6  14.7  15.8  17.4  15.1  10.9   3.7   2.9 
1956   2.9   0.8   4.5  10.1  13.6  13.9  18.7  17.2  15.3   9.4   6.0   4.1 
1957  -0.7   3.5   6.3   9.8  13.4  15.1  17.0  16.4  17.7  10.7   6.5   5.2 
1958   5.7   8.4   6.6   9.7  16.1  17.8  21.0  20.2  16.2  13.5   7.6   7.3 
1959   4.4   4.3   6.9   9.6  11.7  15.6  19.1  17.2  14.1  11.7   7.4   5.4 
1960   2.2   5.5   6.8   9.8  11.4  16.2  19.4  16.7  15.8  11.9   7.1   5.3 
1961   7.0   6.6   7.1   8.7  12.6  18.2  19.8  20.4  14.4  10.9   5.6   4.3 
1962   3.4   5.7   5.4  10.7  10.4  15.3  17.7  17.6  16.2  12.0   8.0   6.1 
1963   1.5   8.9   7.0   8.2  13.1  14.5  16.7  18.2  18.4  13.0   7.7   5.7 
1964   4.8   5.4   6.2   7.9  11.3  14.2  17.8  17.2  15.1  13.6   5.9   2.9 
1965   4.7   5.3   8.1  10.5  11.2  15.4  19.4  19.1  15.3  14.1   9.2   3.6 
1966   4.0   5.2   6.9  10.2  13.1  15.3  17.5  18.8  16.8  12.0   8.2   5.7 
1967   5.1   6.4   5.7   7.7  12.9  17.2  19.1  22.0  18.7  12.6   8.7   3.2 
1968   3.8   8.8   8.9   8.7  12.9  15.5  18.9  17.5  16.2  10.8   7.6   2.4 
1969   0.4   4.1   7.6   9.3  14.4  16.3  16.9  16.4  16.2  11.4   8.2   5.4 
1970   4.7   8.2   7.5   7.3  12.6  17.2  18.4  18.9  14.4  11.2   7.3   3.8 
1971   3.7   5.4   5.1   9.2  13.5  13.6  18.7  19.3  14.4  10.3   6.5   3.1 
1972   2.5   5.3   8.1   7.2  13.7  15.5  18.8  19.3  14.3  10.8   7.8   1.8 
1973   3.3   7.3   7.1  10.1  14.1  15.5  19.3  17.0  16.8  10.9   4.9   6.3 
1974   2.6   4.8   7.3   9.2  11.1  15.9  17.6  18.6  18.6  12.7   7.7   5.4 
1975   4.3   4.3   6.1   7.3  12.6  14.6  18.2  16.2  18.1  11.0   6.5   5.9 
1976   5.2   4.9   5.9   9.3  13.3  14.3  17.7  17.0  16.8  12.5   9.6   5.7 
1977   4.1   7.9   6.1  11.1  10.6  16.8  17.8  20.4  14.7  12.2   6.1   5.6 
1978   5.1   6.8   8.9   9.2  11.6  16.9  18.5  18.1  15.1  13.8   4.8   2.3 
1979   0.1   3.9   8.8   9.6  13.6  16.1  18.7  17.9  18.1  13.2   7.6   6.9 
1980   1.9   6.1   6.6  11.2  12.4  14.0  18.7  17.2  16.8  14.0   8.8   6.8 
1981   7.5   6.5   8.6  10.2  12.6  14.8  17.6  20.3  16.7  11.1   8.7   5.2 
1982   2.7   4.9   6.5   8.1  12.4  16.8  17.4  18.5  16.2  12.4   6.2   4.6 
1983   6.9   7.8   9.0  10.2  14.5  14.9  16.9  18.2  15.0  11.9   7.7   1.3 
1984   5.2   7.0   9.1   8.3  11.8  14.6  18.9  18.9  16.1  10.2   6.6   2.6 
1985   3.9   3.5   5.9  10.4  12.6  16.4  20.7  18.3  14.2  11.0   2.2   2.3 
1986   6.3   5.4  10.5   9.3  12.9  17.5  16.7  20.4  14.4  13.4   7.9   5.3 
1987   4.2   7.0   8.0  12.0  14.1  17.6  17.9  20.0 -99.0  14.7   8.5   2.9 
1988   3.2   6.8   7.0  10.0  12.4  15.6  18.1  18.9  17.1  14.4   6.9   5.0 
1989   4.0   1.4   6.5  11.9  13.1  17.0  17.4  17.6  17.6  11.7   8.4   4.8 
1990   5.1   3.9   8.4  11.9  12.1  16.0  20.2  20.2  18.2  10.9   7.7   0.6 
1991   3.8   9.1   6.7   8.9  10.7  14.1  20.0  19.7  18.6  13.0   7.9   6.0 
1992   6.3   9.1  11.0  11.8  16.6  18.1  20.0  20.2  16.5  12.8   7.6   3.2 
1993   2.1   4.7   8.2  10.1  15.2  15.5  16.1  19.1  17.8  14.2   5.1   4.8 
1994   6.4   4.8   9.5  11.2  14.9  15.4  20.4  19.8  18.8  12.2   4.7   4.4 
1995   6.0   7.5   8.4   9.9  14.5  16.1  20.1  18.4  18.1  12.1  10.1   6.0 
1996   4.6   5.7   8.1  11.3  12.1  16.5  21.4  20.9  15.8  12.5   7.1 -99.0 
1997 -99.0 -99.0 -99.0 -99.0 -99.0 -99.0 -99.0 -99.0 -99.0 -99.0 -99.0 -99.0 
1998 -99.0 -99.0 -99.0 -99.0 -99.0 -99.0 -99.0 -99.0 -99.0 -99.0 -99.0 -99.0 
1999 -99.0 -99.0 -99.0 -99.0 -99.0 -99.0 -99.0 -99.0 -99.0 -99.0 -99.0 -99.0 
2000 -99.0 -99.0 -99.0 -99.0 -99.0 -99.0 -99.0 -99.0 -99.0 -99.0 -99.0 -99.0 
2001 -99.0 -99.0 -99.0 -99.0 -99.0 -99.0 -99.0 -99.0 -99.0 -99.0 -99.0 -99.0 
2002 -99.0 -99.0 -99.0 -99.0 -99.0 -99.0 -99.0 -99.0 -99.0 -99.0 -99.0 -99.0 
2003 -99.0 -99.0 -99.0 -99.0 -99.0 -99.0 -99.0 -99.0 -99.0 -99.0 -99.0 -99.0 
2004 -99.0 -99.0 -99.0 -99.0 -99.0 -99.0 -99.0 -99.0 -99.0 -99.0 -99.0 -99.0 
2005 -99.0 -99.0 -99.0 -99.0 -99.0 -99.0 -99.0 -99.0 -99.0 -99.0 -99.0 -99.0 
2006 -99.0 -99.0 -99.0 -99.0 -99.0 -99.0 -99.0 -99.0 -99.0 -99.0 -99.0 -99.0 
2007 -99.0 -99.0 -99.0 -99.0 -99.0 -99.0 -99.0 -99.0 -99.0 -99.0 -99.0 -99.0 
