Number= 727427
Name= CHATHAM
Country= USA
Lat=   46.4
Long=   86.9
Height= 267
Start year= 1930
End year= 1970
First Good year= 1930
Source ID= 10
Source file= Jones
Jones data to= 1970
Normals source= Extrapolated
Normals source start year= 1951
Normals source end year= 1970
Normals=  -9.1  -8.4  -3.2   4.3  10.8  15.7  18.7  18.3  13.6   8.2   0.9  -5.7 
Standard deviations source= Data
Standard deviations source start year= 1941
Standard deviations source end year= 1970
Standard deviations=   2.2   2.0   2.3   1.9   2.0   1.3   1.3   1.5   1.2   1.6   1.7   1.7 
Obs:
1930 -11.1  -8.0  -5.2   2.3  10.6  15.7  17.9  18.0  14.1   7.1   1.9  -5.4 
1931  -6.0  -3.9  -3.2   4.1  10.1  17.4  20.8  17.7  16.6  10.3   4.2  -1.7 
1932  -3.6  -6.6  -6.1   1.9   9.7  16.6  18.1  18.8  14.0   5.8  -2.2  -6.7 
1933  -6.2  -9.9  -4.9   2.8  10.9  19.2  19.3  16.6  14.2   5.1  -3.2  -8.7 
1934  -6.1 -13.0  -7.2   0.9  10.8  16.3  17.4  14.8  12.0   7.4   1.8  -7.1 
1935  -9.7  -7.4  -3.3   2.0   7.5  12.9  20.8  18.3  12.4   7.2  -1.4  -6.3 
1936  -9.3 -15.1  -3.3   0.3  11.7  14.0  20.4  18.1  14.7   5.7  -2.1  -4.7 
1937  -9.8  -6.8  -6.2   3.2  10.9  16.2  19.4  20.4  13.4   5.8   0.0  -7.3 
1938  -9.9  -6.6  -1.2   4.2  10.6  15.0  18.5  20.1  13.2   9.8   0.6  -5.4 
1939  -7.6 -10.8  -5.6   1.4  10.4  16.3  19.2  17.9  13.9   6.3   0.4  -2.3 
1940  -9.7  -6.8  -6.2   1.2   8.6  14.9  19.0  18.3  15.2   8.3  -0.1  -4.6 
1941  -7.3  -6.4  -4.6   7.7  13.8  17.2  19.2  17.3  15.1   8.3   1.4  -2.3 
1942  -7.9  -6.9  -1.2   8.0  10.0  16.3  17.9  18.4  12.5   8.3   0.0  -6.9 
1943  -9.4  -7.3  -7.1   2.2  10.1  16.2  20.1  17.4  11.6   7.0  -1.1  -6.1 
1944  -4.0  -7.4  -5.9   2.1  12.4  15.7  18.4  18.0  13.1   7.8   2.2  -7.0 
1945 -11.4  -7.9   1.8   3.9   6.0  13.4  16.7  17.7  13.2   6.9   0.3  -7.4 
1946  -7.4  -8.4   2.4   4.4   8.4  14.9  17.4  16.0  12.8   9.3   1.3  -5.8 
1947  -7.0  -8.3  -4.1   0.6   6.4  13.5  17.7  20.8  13.8  12.2  -1.7  -5.9 
1948 -12.2 -10.4  -6.1   5.2   8.6  14.2  18.4  18.1  15.2   7.6   2.7  -5.1 
1949  -6.2  -7.3  -3.7   5.8  10.6  17.5  19.7  19.3  12.4   9.6   0.5  -5.6 
1950  -9.6  -8.3  -6.1  -0.8   8.4  14.2  16.8  14.2  13.3   9.7  -1.3  -6.9 
1951  -8.8  -6.9  -3.9   3.8  12.2  14.3  18.3  15.7  12.4   7.9  -2.8  -6.9 
1952  -7.2  -5.6  -4.0   6.4  10.1  16.6  19.9  18.2  15.1   5.4   2.4  -2.3 
1953  -6.3  -6.6  -1.8   2.9  10.7  16.4  19.1  19.6  14.1  10.9   3.8  -3.7 
1954  -9.0  -2.7  -4.1   3.8   7.4  17.4  17.7  17.3  12.2   7.5   2.5  -5.3 
1955  -7.6  -7.6  -5.1   7.3  12.2  16.1  21.7  20.9  14.3   9.7  -0.4  -7.1 
1956  -6.4  -6.4  -5.1   2.4   9.0  16.8  15.9  17.2  11.3  10.4   1.1  -4.9 
1957 -11.4  -7.5  -3.8   4.7  10.2  15.5  19.2  17.3  12.6   7.8   0.8  -4.2 
1958  -5.9  -8.6  -1.5   5.3   9.1  13.0  17.4  17.6  14.0   8.9   1.9  -9.3 
1959 -11.0 -10.4  -4.4   3.4  12.2  17.0  18.8  19.9  14.3   5.7  -3.6  -2.8 
1960  -6.8  -6.1  -7.4   3.6  10.1  14.7  17.1  18.2  14.2   8.4   2.3  -7.5 
1961  -9.7  -5.7  -1.6   3.6   9.1  15.3  18.2  18.7  15.0   8.6   1.1  -5.8 
1962 -10.4 -10.5  -2.7   3.2  13.1  14.3  17.1  17.6  12.2   8.6   1.6  -6.2 
1963 -13.1 -12.8  -4.0   4.9   9.4  16.1  19.1  17.0  13.3  12.9   3.7  -7.8 
1964  -4.9  -6.1  -3.7   5.2  12.9  15.7  19.3  16.1  13.2   7.8   2.3  -6.8 
1965  -9.6  -9.3  -5.8   3.4  12.7  14.7  16.2  16.9  11.3   7.8   0.8  -2.3 
1966  -9.4  -6.3  -0.9   3.1   8.2  16.8  20.8  17.6  14.3   7.9  -0.2  -5.1 
1967  -6.9 -10.8  -2.7   4.6   7.4  15.7  18.0  16.5  14.2   7.3  -0.9  -5.2 
1968  -9.4  -8.7  -0.7   5.6   9.6  14.6  18.6  17.6  15.2   9.4   1.2  -5.6 
1969  -6.7  -5.9  -3.9   4.9  10.7  13.2  17.8  20.5  14.4   6.7   0.6  -4.2 
1970 -10.1  -9.2  -4.8   4.7   9.6  15.7  19.6  18.8  14.4   9.8   1.3  -5.6 
