Number= 727531
Name= FERGUS FALLS
Country= USA
Lat=   46.3
Long=   96.1
Height= 402
Start year= 1892
End year= 1975
First Good year= 1892
Source ID= 10
Source file= Jones
Jones data to= 1975
Normals source= Data
Normals source start year= 1961
Normals source end year= 1975
Normals= -14.1 -10.4  -2.8   5.9  13.4  19.2  21.7  20.8  14.5   9.0  -0.9 -10.0 
Standard deviations source= Data
Standard deviations source start year= 1941
Standard deviations source end year= 1975
Standard deviations=   3.3   2.4   3.4   2.3   1.7   1.5   1.4   1.3   1.5   2.0   2.1   2.8 
Obs:
1892 -99.0  -8.1  -2.3   4.8  10.3  17.9  21.8  20.4  16.0   9.3  -3.1 -11.8 
1893 -15.7 -17.9  -7.8   1.7  11.6  21.2  21.2  18.7  14.4   6.4  -3.4 -14.0 
1894 -15.4 -11.3  -1.6   6.9  13.7  21.3  22.8  21.0  15.9   7.3  -4.1  -5.3 
1895 -17.0 -14.7  -4.1  10.8  13.8  17.3  19.6  18.6  15.4   5.4  -3.1  -8.7 
1896 -12.0  -9.1  -8.1   5.9  15.4  19.2  20.4  19.1  12.8   5.6 -10.0  -8.1 
1897 -13.9 -10.9  -7.7   6.4  13.1  16.9  22.0  17.9  18.7   9.7  -3.8 -12.1 
1898  -7.9  -9.1  -2.2   6.7  13.0  18.6  20.9  19.3  15.3   5.2  -3.9 -12.0 
1899 -13.4 -15.8  -9.9   5.9  12.3  18.3  21.4  19.9  13.1   7.9   3.4  -9.4 
1900  -8.9 -15.2  -5.1  10.0  15.6  19.1  20.2  23.2  14.4  12.2  -5.0  -8.6 
1901 -12.4 -13.2  -2.5   8.3  14.8  18.3  23.1  20.3  13.1   8.9  -2.4 -11.2 
1902 -10.1  -9.4   0.4   5.2  15.3  16.4  21.1  19.3  12.7   7.7  -0.3 -11.4 
1903 -11.8 -13.8  -2.2   6.3  14.1  18.1  19.6  18.3  12.5   8.6  -3.2 -12.2 
1904 -15.2 -16.8  -5.0   3.4  13.2  17.6  18.8  18.4  13.3   8.4   1.4  -8.7 
1905 -17.0 -12.9  -0.1   5.8  11.0  16.7  19.9  21.9  17.4   6.9   0.9  -6.6 
1906  -8.9 -10.4  -5.4   9.7  12.6  18.1  21.0  20.4  18.3   8.1  -1.5  -9.1 
1907 -16.8  -9.4  -2.8   1.0   7.8  17.7  21.1  20.0  13.3   8.1  -0.2  -5.2 
1908  -8.1  -8.0  -3.7   8.0  12.3  16.9  21.9  19.3  18.2   8.3   0.6  -8.7 
1909 -12.7 -10.4  -3.1   2.3  12.3  19.5  20.9  22.4  15.7   6.9   0.2 -12.4 
1910 -10.4 -14.1   5.4   9.2  11.6  21.0  22.2  19.3  14.6  10.5  -4.1  -9.8 
1911 -16.3 -10.3   0.4   6.3  16.0  21.9  20.4  18.6  14.4   6.4  -7.0  -7.2 
1912 -19.9 -10.9  -5.2   8.7  14.1  17.8  20.8  18.7  13.8   8.8   0.9  -6.6 
1913 -14.6 -12.3  -5.7   8.9  12.1  20.7  19.9  21.1  15.0   5.8   2.3  -4.1 
1914  -8.6 -15.4  -2.6   5.3  14.6  18.1  23.2  19.0  15.6  11.2  -0.1 -12.2 
1915 -13.6  -5.4  -3.6  11.2  11.0  15.8  18.7  19.2  15.0   9.1  -0.8  -7.4 
1916 -16.8 -14.4  -5.4   4.7  12.2  16.7  24.9  20.5  13.6   6.0  -1.3 -14.4 
1917 -17.1 -17.7  -3.4   4.7  13.6  16.8  23.6  19.9  15.2   2.4   2.3 -16.2 
1918 -18.6 -10.8   2.1   6.2  14.0  19.1  21.2  21.6  12.1   8.8   0.0  -6.4 
1919  -8.3 -12.0  -3.7   6.9  14.6  20.7  23.3  20.8  16.0   3.3  -6.7 -13.6 
1920 -16.9 -11.8  -3.2   1.3  13.6  18.1  21.0  20.9  17.1  11.4  -2.0  -7.8 
1921  -8.9  -6.8  -2.7   8.2  14.8  23.0  24.3  21.2  15.7   8.9  -5.1  -8.3 
1922 -12.8 -15.8  -2.0   6.7  16.6  20.6  20.9  23.6  17.7   9.9   1.7 -11.7 
1923 -11.8 -15.4  -7.6   4.9  14.6  21.3  24.3  18.9  16.7   7.8   1.6  -5.2 
1924 -16.9  -7.4  -2.7   4.7   8.3  16.8  20.6  19.7  13.3  11.7  -2.3 -15.9 
1925 -13.3  -9.6  -1.1  10.1  12.7  17.9  20.8  22.6  16.9   1.3  -2.1 -10.4 
1926 -10.4  -6.6  -4.6   6.3  16.9  17.1  23.4  20.7  13.2   6.7  -5.1 -11.8 
1927 -11.8  -8.8  -0.2   6.8  11.4  18.9  20.2  19.9  16.6   9.4  -4.1 -16.6 
1928 -11.3  -7.6  -1.3   3.4  16.3  17.0  22.2  21.0  13.2   8.2   0.1  -5.5 
1929 -19.8 -15.1  -0.2   7.7  10.9  17.8  22.0  21.3  13.9   8.3  -3.8 -11.1 
1930 -17.7  -4.6  -2.1   8.0  12.7  18.6  23.0  22.5  14.9   7.3  -0.3  -6.9 
1931  -6.3  -2.9  -1.8   7.7  12.1  21.2  22.8  19.8  18.3  10.3   1.0  -5.4 
1932 -10.9  -9.7  -7.2   6.6  14.2  20.7  22.3  20.9  14.3   5.8  -3.6 -11.4 
1933  -9.6 -13.1  -1.8   5.6  13.6  23.0  23.7  20.3  17.2   6.2  -4.0 -12.2 
1934  -9.6  -8.9  -3.7   6.2  18.6  19.9  22.6  19.7  12.5  10.2   1.4 -10.9 
1935 -15.6  -4.6  -1.4   4.2  11.1  16.6  24.6  20.9  14.9   7.2  -6.1 -10.9 
1936 -14.9 -13.1  -3.7   2.9  17.6  19.2  26.9  22.7  17.6   6.7  -3.8  -8.2 
1937 -16.0 -13.2  -3.9   5.6  14.9  18.4  23.3  24.1  16.2   6.7  -2.2 -11.8 
1938 -13.2  -9.0   3.1   7.4  12.0  18.9  22.1  23.3  16.8  12.1  -2.8  -8.0 
1939  -9.4 -15.6  -3.0   5.2  17.6  19.2  23.2  21.8  16.6   7.1   3.0  -2.8 
1940 -15.3  -8.0  -5.5   5.3  13.6  18.7  23.1  19.9  18.4  11.6  -3.9  -6.6 
1941 -10.6 -11.3  -2.6   9.9  16.2  20.1  23.6  22.1  15.9   8.9   0.7  -5.0 
1942  -7.3  -8.2   1.4   9.9  12.3  17.9  21.0  20.9  13.5   8.7  -0.8 -11.6 
1943 -16.4  -9.6  -6.7   7.3  11.9  18.9  23.3  21.3  14.1  10.2  -1.3  -5.2 
1944  -3.9  -8.8  -4.9   5.3  15.3  19.8  21.1  21.2  15.4  10.6   1.4  -8.0 
1945 -10.6  -9.3   2.6   5.4  11.4  16.4  21.0  21.6  14.6   8.3  -2.0 -12.1 
1946 -11.9 -11.3   3.1  10.1  11.9  18.9  22.0  19.4  14.3   7.3  -1.6 -10.1 
1947  -7.6 -12.2  -3.3   4.3  10.7  17.0  22.1  24.1  15.8  13.0  -4.6 -10.7 
1948 -15.0 -13.2  -5.4   7.6  13.9  17.8  22.1  21.1  18.6   9.1  -0.7 -10.0 
1949 -13.9 -14.2  -2.5   8.2  15.3  19.5  22.3  22.4  13.7   8.9   1.5  -9.9 
1950 -16.3 -11.7  -5.7   0.6  11.1  19.1  19.7  18.7  16.2   9.6  -4.5 -13.2 
1951 -16.4  -9.5  -8.6   4.2  15.1  16.3  20.6  18.9  12.8   7.4  -5.6 -12.7 
1952 -14.9  -7.4  -5.9   7.9  13.8  19.8  21.9  20.3  16.7   5.9   0.1  -6.7 
1953 -10.9  -8.6  -1.9   4.3  13.7  19.6  21.7  22.4  15.4  12.7   1.8  -8.6 
1954 -17.1  -3.2  -3.7   6.1  10.9  19.2  22.3  20.5  14.2   7.9   2.2  -5.8 
1955 -11.7 -12.6  -6.4  11.2  17.0  19.1  24.1  23.0  15.7   9.5  -5.9 -13.8 
1956 -12.7 -12.5  -5.1   3.4  13.0  21.4  20.2  20.4  13.7  12.1  -0.7  -7.8 
1957 -15.9  -9.9  -2.5   6.4  13.6  17.6  24.2  20.7  13.9   7.8  -1.0  -5.5 
1958  -8.0 -11.2  -0.9   8.0  15.2  15.3  19.2  20.4  15.7   9.6  -0.8 -11.6 
1959 -14.4 -10.9   0.2   6.9  14.1  20.3  22.1  22.8  15.8   5.0  -5.7  -3.2 
1960 -12.0  -9.9  -8.1   5.7  14.4  17.9  22.4  22.0  16.3   9.1  -0.4 -10.4 
1961 -13.0  -5.3   1.5   3.3  12.2  20.7  21.1  22.7  14.7   8.9  -1.1 -11.7 
1962 -15.1 -12.3  -4.0   4.7  14.2  18.7  19.8  20.8  13.8  10.1   2.0  -7.9 
1963 -16.3 -10.6   0.8   8.1  13.1  20.7  22.9  21.0  17.1  14.2   1.5 -13.1 
1964  -8.9  -7.0  -5.5   7.4  16.3  19.7  23.5  19.3  14.1   8.6  -0.6 -12.8 
1965 -16.0 -12.7  -8.3   5.8  14.2  18.4  20.6  19.7   9.5   8.7  -2.2  -5.7 
1966 -16.3 -11.4  -0.1   3.2  12.1  19.3  23.9  19.1  15.4   7.7  -3.5  -9.9 
1967 -11.4 -13.8  -2.0   5.8  10.5  17.7  20.5  19.8  15.9   7.4  -1.1  -8.3 
1968 -12.8 -11.9   2.4   7.4  11.5  18.7  20.9  20.3  14.9   8.1  -0.8 -11.9 
1969 -16.7  -9.1  -7.2   7.6  14.1  14.7  20.3  22.1  15.6   5.8  -0.6  -7.8 
1970 -16.6 -10.9  -6.2   5.1  12.9  20.4  23.3  22.2  16.3   8.4  -2.1 -11.1 
1971 -16.4 -10.1  -2.7   7.3  12.9  20.7  19.3  21.1  15.9   9.4  -1.2 -10.2 
1972 -16.2 -14.0  -3.9   5.3  15.6  19.3  20.4  21.2  14.2   6.4  -2.3 -14.4 
1973 -10.4  -7.3   3.3   7.3  14.1  20.1  21.7  23.0  14.4  11.6  -1.4 -10.3 
1974 -14.3  -9.6  -3.6   7.2  12.0  19.3  24.0  19.1  13.1   9.5  -0.2  -5.3 
1975 -11.1 -10.5  -5.9   2.8  15.3  19.4  23.9  20.9  13.3   9.8   0.8  -9.2 
