Number= 727681
Name= GLENDIVE
Country= USA
Lat=   47.1
Long=  104.7
Height= 632
Start year= 1889
End year= 1980
First Good year= 1889
Source ID= 10
Source file= Jones
Jones data to= 1980
Normals source= Data
Normals source start year= 1961
Normals source end year= 1980
Normals= -10.7  -5.6   0.3   8.2  14.8  20.0  23.7  22.6  16.1  10.1   0.7  -6.6 
Standard deviations source= Data
Standard deviations source start year= 1941
Standard deviations source end year= 1980
Standard deviations=   4.5   3.9   3.4   2.4   1.8   1.8   1.5   1.6   2.0   1.8   2.6   3.4 
Obs:
1889 -99.0 -99.0 -99.0 -99.0  11.1  15.2  16.8  20.8  13.2  10.9  -2.6  -4.4 
1890 -17.9 -13.1  -1.4   9.6  13.7  21.0  24.6  22.4  15.7   9.0   3.8  -1.4 
1891  -3.1 -12.8  -5.0  11.1  15.7  17.8  21.7  22.3  17.9   8.6  -2.0  -3.3 
1892 -10.8  -6.4   1.1   6.6  10.8  18.7  23.9  22.9  17.9  11.1  -1.8 -10.2 
1893 -10.3 -13.9  -5.9   5.1  14.4  20.1  24.9  22.5  16.2   7.4  -2.7  -7.3 
1894 -12.6 -11.7  -1.8   9.8  16.2  20.4  25.4  23.9  14.9   8.6  -0.2  -6.6 
1895 -15.2 -11.8  -1.1  10.8  13.9  17.3  22.6  21.5  14.8   7.7  -3.0  -5.8 
1896 -12.1  -5.2  -4.9   7.9  14.4  20.7  22.7  21.7  12.2   8.7 -11.1  -3.6 
1897 -10.9 -10.6 -10.4   9.5  18.0  19.6  23.1  22.6  20.8   9.6  -3.7  -7.6 
1898  -5.5  -3.9  -5.4   7.2  13.5  19.0  22.8  23.3  16.3   5.4  -2.6  -7.7 
1899  -8.9 -15.6 -10.1   6.1  11.6  17.3  22.2  20.6  16.3   7.0   4.7  -8.1 
1900  -3.4  -9.9  -1.4  12.3  17.6  22.5  22.4  22.3  13.1   9.9  -4.8  -2.2 
1901  -8.5  -9.1   0.9   9.2  19.1  17.2  24.1  22.1  12.1  10.2   1.1  -6.9 
1902  -7.5  -8.2  -1.1   6.3  14.5  15.1  20.9  20.4  13.0   8.3  -1.1 -12.9 
1903  -8.8 -16.6  -4.9   6.1  11.0  18.2  19.5  19.1  11.7   9.0  -1.9  -4.8 
1904 -11.3 -16.9  -8.6   4.9  11.8  15.7  20.1  19.3  13.1   7.8   1.7  -7.7 
1905 -16.0 -13.4   1.2   5.2   9.8  17.6  22.6  23.4  17.9   6.8   1.7  -5.2 
1906  -5.5  -4.3  -3.7  11.8  12.3  17.7  22.9  19.7  17.3  11.8  -1.6  -8.7 
1907 -18.2  -7.4  -0.2   4.6   9.1  18.2  20.6  20.9  14.5   9.7  -0.1  -4.8 
1908  -5.1  -7.1  -4.1   9.7  11.9  17.1  22.2  20.6  15.8   6.9   3.6  -4.7 
1909 -12.0  -7.3  -0.1   3.6  12.6  18.7  22.1  23.4  17.3   6.9   0.7 -12.0 
1910  -8.9 -12.8   7.2  12.4  12.4  20.8  24.4  21.6  14.8  11.3   1.3  -4.8 
1911 -10.7 -11.3   3.4   7.0  14.6  22.0  19.6  18.3  14.1   7.1  -5.7  -7.0 
1912 -13.3  -7.4  -9.1   8.3  12.7  18.3  20.0  19.7  10.9   8.1   2.4  -2.1 
1913 -12.0  -8.6  -6.1   9.5  12.2  20.7  22.1  22.6  15.1   4.9   2.4  -3.8 
1914  -5.0 -11.2  -0.4   8.2  13.1  18.7  24.7  19.6  15.2   9.4   2.6 -11.2 
1915 -10.2  -5.8  -2.2  12.9  13.3  15.5  18.6  21.2  12.8  10.2   2.7  -4.5 
1916 -21.1  -9.5   0.1   7.5  12.1  16.1  23.4  20.4  14.2   6.4   1.2 -13.9 
1917 -11.0 -11.6  -4.6   5.4  11.9  16.3  24.0  19.9  15.1   5.9   4.8 -12.9 
1918 -12.9  -8.7   3.3   6.3  13.6  20.9  21.7  20.6  14.2  10.3  -1.0  -4.6 
1919  -2.3  -9.9  -5.7   6.3  14.8  23.3  23.9  22.9  14.2   0.8  -6.9  -9.8 
1920 -10.6  -6.9  -1.7   4.2  13.0  18.5  23.1  22.7  15.3  10.7  -0.4  -6.8 
1921  -4.6  -1.6  -1.9   6.1  12.3  22.4  23.6  22.3  14.6   9.8  -2.4  -6.2 
1922 -10.4 -18.9  -3.6   6.5  13.9  20.8  23.6  22.6  16.2   9.2  -0.4 -11.4 
1923  -5.7 -11.3  -1.1   7.3  13.4  19.9  25.0  19.8  16.7   7.8   5.1  -2.6 
1924 -13.8  -3.1  -1.8   6.1  11.7  16.2  21.9  19.3  15.4  10.4   0.9 -12.7 
1925  -9.3  -2.7   0.6  11.2  15.0  18.9  22.5  22.2  16.0   2.2   1.1  -2.3 
1926  -5.0  -0.3   1.2   9.1  16.4  19.1  24.6  21.7  12.9   9.3  -2.3  -9.7 
1927  -9.7  -7.4   1.3   7.7  10.9  18.1  21.8  20.1  15.3   8.9  -3.4 -18.1 
1928  -7.4  -4.7   1.7   5.2  17.1  16.3  22.3  20.7  14.0   8.0   1.2  -2.2 
1929 -17.4 -13.9   2.6   6.8  11.9  18.4  24.2  23.1  13.1   9.9  -0.6  -9.9 
1930 -17.0  -1.3  -0.2  11.9  12.3  18.6  25.2  23.3  15.6   5.2  -0.1  -3.2 
1931  -2.4   1.0  -0.4   9.3  14.7  22.6  23.6  22.3  17.8   9.3  -0.4  -5.6 
1932 -10.6  -6.9  -4.0   9.8  15.7  20.9  23.8  22.8  15.4   5.1  -0.7  -8.8 
1933  -8.1 -10.7   1.9   6.8  13.2  23.0  25.6  22.6  16.9   7.9   2.4  -8.8 
1934  -4.3  -1.3   0.9   9.9  19.9  20.0  25.2  22.6  13.2  11.4   2.8  -6.3 
1935 -11.2  -1.6   0.2   6.8  11.6  18.3  25.8  21.5  16.2   7.9  -3.1  -5.6 
1936 -15.2 -12.0   0.0   6.3  18.3  23.0  28.8  24.3  18.0   9.2   1.4  -6.6 
1937 -15.9 -10.6  -0.2   7.6  16.7  19.8  24.9  24.1  17.8  10.1  -0.4  -7.6 
1938  -5.7 -11.6   2.3   8.1  13.4  20.9  23.4  22.0  19.1  11.9  -0.8  -3.8 
1939  -4.1 -13.3  -0.7   9.3  17.2  16.4  25.1  21.7  16.9   8.2   3.1  -0.7 
1940 -15.6  -7.6   0.2   4.9  14.9  18.8  23.9  22.3  18.8  11.1  -4.8  -3.7 
1941  -7.7  -5.3  -0.3   7.1  15.9  18.9  24.1  22.3  13.0   7.4   1.4  -3.3 
1942  -5.7  -7.3   0.8   9.1  11.3  16.4  22.0  20.8  14.2   9.3   0.0  -4.1 
1943 -14.6  -5.3  -2.5  11.7  12.4  17.3  23.3  22.7  15.7  11.0   1.6  -2.0 
1944  -2.7  -7.9  -5.1   8.6  16.8  17.6  22.3  21.1  16.8  11.5  -1.1  -4.4 
1945  -5.8  -3.9   2.7   6.4  12.2  16.3  23.7  22.9  14.3  10.3  -1.6  -8.7 
1946  -4.1  -4.7   6.3  12.9  12.7  19.4  24.7  21.6  15.5   6.8  -1.2  -5.8 
1947  -5.1  -8.9  -3.7   7.2  13.2  17.2  24.7  23.9  16.1  12.4  -1.1  -3.6 
1948  -5.1  -8.9  -1.8   9.0  16.6  18.6  22.0  22.0  18.4   8.6   0.6 -10.2 
1949 -17.4 -16.8  -3.3   9.5  15.7  18.9  21.9  23.0  13.5   6.5   5.6 -10.2 
1950 -13.6  -8.6  -5.1   3.5  11.1  16.7  20.8  18.4  14.8   9.2  -3.1  -6.1 
1951 -10.2  -5.8  -6.5   5.7  14.8  16.4  22.2  20.2  12.8   7.7  -1.3 -11.2 
1952 -13.2  -5.4  -6.2  12.1  15.7  20.3  22.1  21.7  17.7   8.7   0.5  -4.7 
1953  -4.1  -2.3   1.1   4.7  12.2  19.4  23.2  22.6  16.6  12.2   4.3  -1.2 
1954 -13.0   3.5  -1.8   7.0  13.5  17.6  24.7  21.7  15.2   9.2   6.1  -1.2 
1955  -6.5  -8.3  -2.1  10.4  14.9  17.9  23.8  23.5  14.4   9.8  -6.7  -8.8 
1956 -11.2  -7.3   1.7   5.8  15.1  22.9  21.6  20.9  15.3  10.4   2.6  -2.5 
1957 -14.2  -6.7   0.5   6.8  15.3  18.2  24.8  22.4  15.8   9.2   2.4   0.8 
1958  -1.7  -5.9  -0.9   8.9  18.5  17.6  20.7  23.4  16.6   9.4   0.9  -6.3 
1959 -10.8 -12.9   3.2   7.4  12.9  21.2  23.6  22.8  15.6   7.2  -1.9  -0.8 
1960  -8.3  -6.5  -2.5   8.6  14.4  18.8  25.9  22.3  17.3  10.2   0.6  -5.2 
1961  -3.8  -1.4   4.9   6.3  15.3  23.3  24.1  25.2  12.6   9.8   1.0  -8.3 
1962  -8.4  -6.7  -2.6  10.4  13.9  20.1  21.3  22.0  15.4  11.4   4.3  -2.5 
1963 -14.3  -3.3   4.4   7.1  14.4  20.2  24.8  23.6  20.0  14.2   3.2  -7.3 
1964  -4.2  -1.9  -1.6   9.4  16.3  19.7  25.5  21.5  14.3  10.9  -3.0 -14.2 
1965 -11.9  -9.1  -8.9   7.4  13.7  19.2  23.4  22.1   9.8  12.4   0.9  -2.2 
1966 -15.2 -10.7   1.8   5.2  15.4  19.2  25.7  21.3  18.9  10.1  -3.6  -5.5 
1967  -6.3  -4.8  -0.4   6.2  12.7  18.2  23.2  23.1  18.6  10.6   2.1  -7.3 
1968  -8.8  -5.7   5.4   7.7  13.3  18.1  22.9  21.1  16.6  10.5   2.3 -10.1 
1969 -17.6  -8.2  -3.0  12.3  15.1  17.0  22.1  25.1  18.8   6.0   3.1  -4.1 
1970 -11.9  -4.2  -1.8   5.3  14.3  21.7  24.5  24.4  15.2   7.7  -0.5  -8.2 
1971 -12.8  -6.8   0.2   8.3  14.9  20.2  22.1  26.1  15.5   8.4   1.6 -10.1 
1972 -12.8  -9.8   0.6   8.3  14.6  20.9  20.6  23.1  14.6   7.8   1.3  -9.3 
1973  -6.1  -2.9   5.2   7.6  14.4  20.4  23.0  24.5  15.4  11.3  -1.5  -6.1 
1974  -8.9  -0.5   1.3   9.9  11.9  20.8  25.5  19.4  14.8  10.9   1.7  -2.4 
1975  -5.2  -7.7  -2.4   4.4  13.5  18.9  24.9  21.1  15.4   9.4   0.4  -6.1 
1976  -7.9   0.3   0.2  10.2  16.1  19.9  24.4  23.7  18.3   8.1  -1.2  -4.8 
1977 -15.2  -0.3   3.1  11.8  18.8  22.4  24.6  19.2  16.1  10.3  -1.7  -9.4 
1978 -16.1 -11.3  -0.1   8.9  15.3  19.9  22.4  22.1 -99.0 -99.0 -99.0 -99.0 
1979 -17.3 -13.4  -1.2   5.5  13.2 -99.0 -99.0  22.4  19.1  11.7  -0.8  -2.2 
1980  -9.6  -4.1   0.4  12.1  17.9 -99.0  24.9  20.4  16.3   9.9   3.9  -5.2 
