Number= 727798
Name= LIBBY
Country= USA
Lat=   48.4
Long=  115.5
Height= 634
Start year= 1911
End year= 1980
First Good year= 1911
Source ID= 10
Source file= Jones
Jones data to= 1980
Normals source= Data
Normals source start year= 1961
Normals source end year= 1980
Normals=  -5.3  -0.1   2.7   7.3  12.0  16.1  19.2  18.9  13.7   7.5   1.2  -3.1 
Standard deviations source= Data
Standard deviations source start year= 1941
Standard deviations source end year= 1980
Standard deviations=   3.8   1.9   1.9   1.3   1.3   1.3   1.0   1.3   1.5   1.3   1.9   2.3 
Obs:
1911 -99.0 -99.0 -99.0 -99.0 -99.0 -99.0  18.4  16.5 -99.0   5.6  -3.4  -4.3 
1912  -5.3   0.5   0.2   7.9  11.2  16.0  17.0  15.8  10.0   4.9   2.2  -2.2 
1913  -7.1  -7.0  -0.7   6.7  11.2  15.8  17.6  18.3  13.3   5.5   2.4  -2.3 
1914  -1.6  -3.3   3.4   8.2  12.8  14.6  19.4  17.7  12.2   7.7   2.5  -8.0 
1915  -6.0   0.7   4.9  10.4  12.8  15.2  17.2  20.8  12.4   8.7   0.0  -4.8 
1916 -15.0  -2.3   2.4   7.1   9.1  14.6  18.4  18.1  13.5   5.9  -1.7  -8.6 
1917  -5.4  -2.5  -1.1   5.2  11.7  14.3  19.4  17.7  14.2   7.3   3.3  -2.7 
1918  -3.8  -5.1   3.4   6.7  10.2  17.0  20.0  17.3  15.4   9.8   0.7  -1.3 
1919  -3.6  -1.4   2.3   8.8  11.8  15.6  19.5  18.5  12.8   4.2  -1.4  -8.5 
1920  -4.0  -1.1   1.6   5.9   9.9  13.1  21.9  19.2  13.5   6.8   0.3  -1.3 
1921  -3.2   0.0   2.4   6.8  12.3  16.8  18.7  18.4   9.8   8.4   0.3  -5.4 
1922  -8.8  -6.7   1.5   5.8  11.2  17.8  19.2  20.0  15.1   8.4   0.5  -8.3 
1923  -2.1  -7.3   1.5   7.8  11.1  15.7  20.2  19.0  14.3   7.5   1.8  -3.1 
1924  -8.4   2.2   2.8   7.1  13.6  14.6  19.4  17.1  12.9   7.4   0.6  -9.8 
1925  -3.1   2.5   2.7   8.9  12.8  16.0  20.6  17.7  13.8   4.2   1.1   2.4 
1926  -1.8   2.1   5.5  10.1  11.6  16.0  20.8  17.2   9.5   8.3   2.4  -3.6 
1927  -5.7  -1.7   2.4   6.1   8.6  16.2  18.9  18.0  12.4   8.4   2.3  -9.2 
1928  -4.3  -1.0   3.9   6.3  13.8  14.1  19.1  16.4  12.9   6.1   0.8  -3.9 
1929 -11.1  -6.9   4.1   6.3  11.0  14.8  18.5  19.5  11.4   6.8  -2.2  -1.2 
1930 -14.6   0.9   2.7  10.7  11.8  15.0  20.3  20.7  15.6   6.3  -0.5  -4.0 
1931  -1.9  -1.2   4.2   8.1  13.7  16.8  20.2  19.5  13.8   7.4  -2.0  -5.1 
1932  -6.0  -4.3   1.0   8.3  12.4  17.1  18.7  19.3  13.9   7.3   2.9  -6.6 
1933  -3.1  -7.0   2.4   7.2  10.4  16.6  19.7  19.8  12.1   9.1   3.8  -0.8 
1934   0.7   1.0   5.7  11.4  14.9  16.1  19.6  18.9  12.2   7.9   4.1  -1.3 
1935  -5.4  -2.1   1.3   5.4  11.2  15.0  19.6  17.9  15.1   6.4  -3.2  -2.6 
1936  -4.4 -99.0   1.4   8.5  15.5  18.4  21.2  19.3  13.9   8.9  -2.3  -2.6 
1937 -17.3  -4.5   3.2   7.2  13.0  16.7  20.7  17.3  14.9   9.9   2.4  -2.5 
1938  -3.8  -2.9   3.0   8.4  11.9  17.7  21.4  18.0  17.7   9.3  -0.4  -2.6 
1939  -1.0  -3.9   4.1   8.8  14.4  14.2  19.8  19.3  14.3   8.2   1.7  -0.3 
1940  -5.1   0.1   5.7   8.9  14.2  17.8  20.7  18.7  17.2   9.8  -2.3  -2.1 
1941  -2.8  -0.1   5.9   9.5  13.2  17.6  21.8  19.2  12.3   6.9   2.9  -2.1 
1942  -7.4  -2.2   3.4   9.1  11.7  14.3  19.7  18.9  14.2   8.8  -0.8  -2.7 
1943  -5.7  -0.7  -1.2   8.9  10.4  13.4  19.0  17.6  14.2   8.6   1.1  -3.7 
1944  -4.4  -1.1   1.8   8.3  13.2  16.8  19.1  17.8  14.9  10.1   2.0  -5.0 
1945  -1.9  -0.7   2.2   5.6  12.9  14.9  20.4  19.4  12.7   8.7   0.2  -3.7 
1946  -3.1  -1.1   4.3   7.6  12.4  14.8  19.6  18.6  13.2   5.3  -2.3  -4.5 
1947  -6.2  -1.4   3.5   7.9  13.4  14.3  20.4  18.3  13.6   9.8  -1.6  -2.2 
1948  -2.5  -3.4   0.6   6.2  12.9  16.6  17.1  17.6  13.4   7.7   0.4  -9.2 
1949 -14.5  -5.7   0.9   8.9  14.1  14.9  19.9  18.9  13.5   4.8   5.6  -5.8 
1950 -17.1  -3.3   1.0   6.4  10.5  14.9  19.7  19.1  13.7   8.1   0.4  -1.0 
1951  -5.2  -1.7  -0.7   6.8  11.9  13.9  19.6  17.8  12.5   6.6   0.0  -8.4 
1952  -6.9  -1.1   1.9   8.6  12.4  15.4  18.5  18.3  14.8   8.4  -0.4  -1.7 
1953   1.3   0.9   4.0   6.4  11.2  14.3  18.4  18.9  14.3   8.5   3.9  -0.3 
1954  -6.9   0.6  -0.4   5.3  11.7  13.7  18.4  17.1  12.9   5.0   3.9  -1.7 
1955  -2.7  -3.7  -1.6   4.6   9.7  15.6  19.1  17.3  13.5   8.0  -4.2  -5.7 
1956  -4.2  -5.1   1.4   8.1  13.2  15.4  19.8  18.3  13.9   7.1  -0.9  -2.6 
1957 -11.3  -3.2   2.4   7.6  14.5  16.7  18.7  17.3  14.7   6.0   0.4  -1.1 
1958  -1.7   1.4   2.9   7.5  15.9  18.2  20.3  21.1  14.5   7.2  -0.8  -2.7 
1959  -3.9  -2.6   2.9   8.2  10.1  15.6  19.3  16.9  13.0   7.6  -3.1  -2.7 
1960  -7.0  -2.2   2.1   7.4  11.5  15.9  21.4  17.2  14.4   8.0   0.9  -3.2 
1961  -2.9   2.6   4.7   6.4  12.6  18.6  20.4  21.6  11.4   6.7  -1.6  -5.4 
1962  -7.1  -0.9   1.6   9.2  11.6  15.6  18.1  18.0  14.1   7.7   3.6   0.7 
1963  -9.2   2.2   4.8   8.0  11.8  16.8  18.4  19.8  16.8   9.3   2.2  -4.0 
1964  -1.4  -0.2   1.3   6.7  11.4  15.7  19.6  16.1  12.1   7.4   0.9  -6.2 
1965  -2.1  -0.4  -1.1   8.3  10.8  15.4  19.3  19.6  10.5   8.7   1.7  -2.1 
1966  -3.1  -0.1   2.1   7.2  12.8  14.1  18.8  18.0  16.7   7.7   1.1  -1.3 
1967  -0.1   1.9   2.2   5.8  11.9  16.6  19.7  21.1  17.9   9.2   1.7  -3.9 
1968  -3.7   0.9   5.2   6.4  11.4  16.0  19.9  17.8  14.2   6.3   1.5  -6.7 
1969  -9.7  -1.7   2.8   8.8  13.7  16.4  17.6  18.4  14.7   5.8   1.8  -2.6 
1970  -5.4   0.7   2.3   5.7  12.9  18.2  20.6  19.3  11.2   6.1   0.1  -4.5 
1971  -5.0  -0.4   1.2   7.1  12.8  14.6  18.3  21.1  11.4   6.1   1.7  -5.6 
1972  -7.2  -1.6   4.3   5.6  12.6  16.1  17.2  20.2  11.7   6.7   2.2  -6.4 
1973  -7.0  -1.2   4.8   6.8  12.4  16.0  20.5  19.9  14.0   7.4  -0.8  -1.2 
1974  -5.9   1.3   2.9   8.6  10.1  17.9  19.3  18.2  13.3   8.4   2.6  -1.6 
1975  -4.3  -3.4   0.6   4.8  10.7  14.1  21.1  16.8  13.2   7.1   0.6  -1.4 
1976  -1.6  -0.4   0.4   7.6  12.9  14.0  19.3  18.2  14.9   7.2   1.8  -1.6 
1977  -4.8   1.3   3.0   8.8  11.1  17.9  19.1  19.3  12.8   7.5   0.0  -4.1 
1978  -3.5   0.0   4.6   8.1  10.6  16.6  18.9  17.7 -99.0 -99.0 -99.0 -99.0 
1979 -13.7  -0.9   4.4   6.9  12.3  16.7  20.2  20.2  14.9   8.8  -0.8   0.7 
1980  -8.3   0.1   2.4  10.0  13.7  15.6  18.6  16.2  13.8   7.6   1.9  -0.9 
