Number= 727771
Name= HAUGAN
Country= USA
Lat=   47.4
Long=  115.4
Height= 945
Start year= 1912
End year= 1979
First Good year= 1912
Source ID= 10
Source file= Jones
Jones data to= 1979
Normals source= Data
Normals source start year= 1961
Normals source end year= 1979
Normals=  -5.1  -1.0   1.0   5.4  10.1  14.3  17.4  16.9  12.2   6.7   0.5  -3.2 
Standard deviations source= Data
Standard deviations source start year= 1941
Standard deviations source end year= 1979
Standard deviations=   3.3   1.8   1.9   1.3   1.3   1.4   1.0   1.1   1.5   1.3   1.6   2.0 
Obs:
1912  -6.6  -1.9  -1.6   5.8  10.3  15.0  15.0  14.3   8.8   4.9   1.1  -3.2 
1913  -8.1  -9.1  -1.7   3.6   9.9  14.6  16.1  16.1  11.8   5.4   0.9  -6.4 
1914  -2.6  -3.2   1.7   6.6  11.1  13.8  18.1  15.1   9.6   6.8   0.7  -9.0 
1915  -6.9  -2.5   3.3   8.1   9.6  12.8  15.0  19.0  10.6   7.6  -0.8  -3.7 
1916 -15.4  -4.3   0.6   4.9   7.6  12.2  16.6  15.6  10.4   3.9  -2.4  -8.8 
1917  -7.4  -2.1  -4.2   2.4   9.7  12.6  17.6  15.8  14.0   7.0   2.7   0.6 
1918  -2.9  -4.0   2.4   6.4   8.4  16.1  17.7  15.2  12.9   9.7   0.9  -3.2 
1919  -4.6  -3.1  -0.1   6.9  10.2  13.9  16.7  16.3  14.2   3.6  -3.3  -8.9 
1920  -3.1  -1.3   0.5   4.6   8.4  12.6  18.4  16.8  12.1   5.9   0.0  -2.7 
1921  -5.0  -1.6   1.3   5.7  11.1  15.0  16.1  15.8   8.9   7.8   0.8  -6.3 
1922  -9.2  -7.2  -1.2   3.4   9.1  15.8  16.9  17.4  13.3   8.1  -1.0  -7.1 
1923  -3.1  -6.9  -1.0   5.7   9.7  13.9  18.8  16.4  12.8   6.9   1.0  -4.8 
1924  -7.8   0.3   0.9   4.9  11.9  13.1  17.0  15.1  11.6   6.2  -1.1  -8.0 
1925  -1.3   1.0   1.7   7.8  12.1  14.6  17.9  15.2  12.6   4.4   0.7   0.6 
1926  -3.6   0.6   2.8   8.8  10.1  13.4  17.7  15.3   8.7   7.6   2.3  -3.0 
1927  -4.8  -2.4   0.8   4.1   9.3  14.1  16.4  15.7  11.6   7.4   2.1 -10.3 
1928  -3.6  -3.6   1.7   4.6  12.1  12.9  17.1  14.6  11.9   6.3  -0.8  -4.4 
1929 -11.4  -7.7   1.6   3.9   9.2  12.5  16.4  17.3   9.6   7.1   0.1  -0.4 
1930 -14.5  -0.3   1.1   8.9   9.1  13.3  17.3  17.6  13.2   6.1  -0.9  -5.3 
1931  -1.6  -2.1   2.2   6.7  11.6  14.4  17.2  16.7  11.4   6.2  -2.4  -5.7 
1932  -5.4  -4.7  -0.7   5.6  11.9  18.7  16.4  16.7  11.2   6.4   2.0  -6.5 
1933  -4.6  -6.6   1.0   4.3   8.0  15.0  16.7  16.0  10.3   7.6   3.3   0.2 
1934   0.0   0.7   5.3  10.5  13.6  14.3  17.0  16.2  10.5   7.2   3.9  -1.6 
1935  -5.1  -3.7  -1.2   3.4   9.3  13.4  17.1  15.0  12.8   6.4  -1.9  -3.1 
1936  -3.9 -12.3  -0.4   5.7  13.2  16.4  18.7  16.7  11.9   6.2  -2.8  -1.9 
1937 -16.3  -5.2   0.7   3.8  10.1  13.4  17.8  14.6  12.9   8.9   2.4  -2.1 
1938  -4.8  -3.6   1.9   5.9   9.7  15.1  17.9  14.9  15.0   8.2  -1.7  -1.5 
1939  -1.1  -5.2   1.7   7.0  11.3  11.9  17.4  16.4  12.4   7.7   1.6  -0.4 
1940  -5.9  -0.2   4.8   7.3  12.1  15.2  18.1  16.4  15.4   9.4  -1.8  -1.9 
1941  -2.9  -0.4   4.2   7.9  11.3  14.8  18.8  16.7  10.3   6.4   1.7  -3.3 
1942  -7.6  -3.7   0.7   7.6   9.7  11.9  17.6  16.3  12.7   8.0  -0.6  -1.4 
1943  -7.4  -1.7  -2.7   6.8   8.2  11.7  16.8  15.6  12.3   8.6   1.1  -5.0 
1944  -6.0  -1.8  -1.1   6.4  10.8  14.2  16.2  15.1  13.2   9.6   0.9  -5.2 
1945  -1.6  -1.4   0.8   4.2  10.4  12.4  17.3  17.3  11.3   8.7   0.3  -4.4 
1946  -3.3  -2.1   2.8   6.6  10.4  13.0  17.3  16.4  12.0   4.3  -1.4  -2.8 
1947  -6.2  -2.3   3.1   6.3  11.7  12.7  17.6  15.9  12.4   8.8   0.6  -2.6 
1948  -6.3  -3.9  -1.2   4.8  10.4  16.1  15.6  16.4  11.4   6.6   0.1  -8.6 
1949 -14.9  -5.1   0.4   6.8  11.7  13.3  16.3  17.2  12.7   4.5   3.8  -5.2 
1950 -12.7  -3.0  -0.6   3.7   7.8  13.2  16.8  16.7  12.1   7.1  -0.3  -0.7 
1951  -6.6  -3.1  -1.8   5.3   9.7  11.8  17.2  15.8  12.1   6.5  -0.6  -6.6 
1952  -7.3  -2.6  -0.4   6.9  10.9  13.8  15.8  16.2  13.6   7.9  -1.1  -6.6 
1953   1.0  -1.3   1.5   4.8   9.1  12.4  16.4  16.7  13.2   7.9   2.1  -1.2 
1954  -5.8   0.2  -1.9   3.9  10.3  11.8  16.9  15.3  12.2   6.0   3.8  -4.3 
1955  -4.4  -4.7  -4.3   2.9   8.1  13.8  17.0  15.4  11.7   7.4  -3.6  -6.3 
1956  -4.9  -5.7  -1.6   5.8  11.3  13.4  17.8  15.4  12.2   6.4  -0.7  -1.8 
1957 -10.8  -2.1   0.8   5.4  12.2  14.6  16.7  15.7  13.1   5.9  -0.5  -1.3 
1958  -3.2   1.9   0.8   6.1  14.2  16.0  17.9  18.3  12.2   7.6   0.1  -0.7 
1959  -3.6  -3.0   1.3   6.4   8.4  14.4  17.0  14.8  11.8   7.2  -1.8  -3.8 
1960  -7.1  -3.9   0.8   5.1   9.4  13.9  18.0  14.7  12.5   6.8   0.3  -4.9 
1961  -3.6   0.9   1.7   5.0  10.1  16.6  18.1  18.8   9.6   7.6  -1.9  -4.2 
1962  -7.4  -1.8   0.1   6.4   9.4  13.4  15.8  15.8  12.2   7.6   2.7  -1.1 
1963  -8.5   1.6   2.9   5.7  10.4  14.2  16.0  17.1  15.7   8.8   0.8  -4.1 
1964  -3.3  -2.7  -0.9   3.7  10.6  13.6  17.6  14.7  10.9   7.4   0.3  -6.1 
1965  -2.1  -1.4  -3.2   6.3   9.0  13.2  17.4  16.9   9.6   8.8   2.0  -2.6 
1966  -3.1  -2.0  -0.1   5.1  11.3  12.7  16.8  16.5  14.7   6.3   0.8  -1.1 
1967  -0.9  -0.7   0.1   3.5   9.6  14.8  17.9  18.3  15.7   7.1   1.4  -5.1 
1968  -4.9  -0.5   4.1   4.8   9.1  14.5  18.4  15.2  13.3   6.3   0.9  -4.9 
1969  -9.0  -3.1   0.5   7.4  12.2  15.2  15.4  15.9  12.0   4.2   2.2  -2.2 
1970  -4.7   0.7   0.1   3.6  10.6  16.3  18.6  17.4   9.2   4.8   0.3  -4.0 
1971  -3.5  -1.6  -0.1   5.5  11.2  13.0  16.8  19.0   9.6   4.8   0.1  -6.2 
1972  -6.4  -2.2   2.7   3.3  10.4  14.3  16.1  18.6  11.2   6.1   1.1  -5.6 
1973  -6.0  -1.2   3.0   5.2  10.8  13.9  17.4  17.3  12.4   6.4  -1.8  -0.9 
1974  -6.4   0.1   1.5   6.6   8.4  16.6  17.8  16.7  12.3   7.0   1.8  -1.6 
1975  -4.1  -3.9   0.1   3.6   9.3  12.5  20.1  15.6  12.5   6.5  -1.8  -2.0 
1976  -2.4  -1.2  -0.4   5.7  11.4  12.3  17.6  16.6  13.9   6.3   1.8  -2.3 
1977  -4.8   1.1   1.7   7.7   9.4  15.9  16.6  17.4  11.6   6.4  -0.6  -3.8 
1978  -3.1   0.3   3.7   7.4   9.0  14.4  17.1  16.0 -99.0 -99.0 -99.0 -99.0 
1979 -13.3  -1.3   1.6   5.4  10.5  14.4  18.2  18.1  13.6   8.1  -1.7  -0.6 
