Number= 727777
Name= MALTA
Country= USA
Lat=   48.4
Long=  107.9
Height= 687
Start year= 1905
End year= 1970
First Good year= 1905
Source ID= 10
Source file= Jones
Jones data to= 1970
Normals source= Extrapolated
Normals source start year= 1951
Normals source end year= 1970
Normals= -10.7  -7.8  -1.5   7.1  13.1  18.1  21.8  20.6  14.0   8.1  -1.1  -8.6 
Standard deviations source= Data
Standard deviations source start year= 1941
Standard deviations source end year= 1970
Standard deviations=   4.2   4.1   4.2   2.3   1.5   1.7   1.2   1.3   1.9   1.8   3.1   4.0 
Obs:
1905 -99.0 -99.0 -99.0 -99.0 -99.0  15.7  20.8  21.8  15.8   5.2   1.2  -8.7 
1906  -9.0  -4.9  -4.4   9.6  11.9  16.3  20.9  20.3  15.6   9.9  -2.2  -7.0 
1907 -23.4 -11.1  -6.0   2.6   8.6  15.8  19.3  18.0  13.2   9.8   0.9  -6.2 
1908  -7.1  -8.2  -1.9   8.5  11.7  15.8  21.7  18.6  15.2   6.4   0.7  -7.6 
1909 -13.4  -8.3  -1.6   0.0  10.9  17.3  20.4  22.1  16.4   6.5  -2.0 -13.7 
1910  -8.2 -13.3   6.6  12.1  12.6  19.2  22.4  17.2  13.3   9.6  -2.2  -8.2 
1911 -19.4 -16.4   2.4   5.1  12.0  19.0  18.9  17.2  11.9   6.4  -7.3  -8.2 
1912 -15.9  -9.1 -10.9   7.7  11.7  18.2  17.7  16.7   9.9   6.9   1.3  -3.1 
1913 -13.9 -10.2  -6.1   9.2  12.7  18.6  19.1  19.6  14.6   4.3  -1.2  -8.5 
1914 -10.1 -15.0  -0.8   6.4  12.0  15.8  22.5  18.7  14.2   7.9   0.3 -12.8 
1915 -14.7 -10.9  -6.1  11.5  12.4  15.1  17.8  21.4  13.0  10.2   2.3  -5.4 
1916 -24.0 -10.9  -1.7   7.3  10.1  15.7  22.0  19.8  13.7   5.7  -0.6 -15.1 
1917 -12.6 -16.0  -7.1   5.2  12.1  16.4  24.6  20.4  14.8   5.2   4.4 -15.1 
1918 -13.8 -10.9   2.2   7.0  12.6  21.0  21.2  20.4  13.4   9.0  -2.4  -3.1 
1919  -1.6 -10.1  -8.7  10.4  17.3  21.0  22.6  21.2  13.8  -0.2  -7.5 -11.6 
1920 -10.3  -7.4  -2.3   2.6  13.6  17.6  22.8  21.8  14.3   7.6  -1.4  -7.4 
1921  -5.2  -4.2  -3.1   5.2  12.9  20.0  21.1  20.8  11.8   8.9  -4.1  -9.2 
1922 -12.0 -19.8  -5.3   5.4  12.3  18.5  19.9  22.2  16.0   8.1  -1.0 -13.6 
1923  -9.6 -12.3  -2.6   5.6  13.2  18.3  22.1  18.7  15.1   6.2   1.7  -6.6 
1924 -14.8  -4.0  -4.1   4.1  10.7  14.8  20.0  17.9  13.3   8.8  -2.2 -14.4 
1925 -10.6  -7.2  -2.3   8.6  12.7  16.9  20.2  19.8  12.6   0.2  -0.7  -5.8 
1926  -5.4  -1.4   1.6   7.3  15.1  17.4  23.6  20.4  10.7   8.7  -3.2 -10.3 
1927 -11.1 -10.8  -0.7   6.9  10.9  17.3  21.0  19.7  14.9   9.3  -5.9 -19.4 
1928  -9.2  -6.6   1.1   4.8  16.3  15.2  20.6  18.0  13.9   6.8   0.7  -5.2 
1929 -17.1 -14.7   2.8   5.8  11.0  17.2  23.0  22.6  12.3   9.2   0.0 -10.2 
1930 -17.1  -1.0   0.0  11.3  12.7  18.5  23.4  23.1  14.5   4.6  -1.9  -3.5 
1931  -3.1   1.2   0.2   8.3  14.8  20.9  22.2  21.1  15.6   8.7  -2.1  -7.2 
1932  -8.9  -8.1  -4.6   9.1  14.1  19.1  21.9  20.9  14.1   6.1  -2.4  -7.8 
1933  -6.6 -10.2   2.2   6.3  12.8  21.0  22.9  20.8  14.8   6.7   1.2 -10.9 
1934  -5.2  -1.8   0.6   9.1  17.3  17.1  22.8  20.8  11.6   9.8   1.9  -8.6 
1935 -15.8  -7.8  -3.8   4.7  10.9  17.6  23.2  19.3  14.6   7.3  -4.2  -4.8 
1936 -16.6  -8.9  -1.3   5.5  17.8  20.3  26.7  21.4  15.4   8.3  -0.2  -8.6 
1937 -13.5 -12.9  -1.8   7.2  14.7  19.0  23.1  20.8  15.0   9.1  -1.3  -8.7 
1938  -6.6 -13.6   0.0   7.1  12.3  18.3  21.7  20.1  18.3   9.4  -2.8  -4.6 
1939  -6.0 -14.2  -2.7   8.4  15.1  14.8  22.4  20.3  15.1   6.1   2.6  -2.1 
1940 -15.0  -8.9  -1.1   4.8  15.3  18.2  21.7  20.9  17.7  10.7  -6.0  -4.7 
1941  -8.4  -5.7   0.3   8.2  15.4  18.3  22.7  20.6  11.9   7.3   0.8  -4.3 
1942  -8.2  -9.2   0.9   9.2  11.6  15.3  20.8  19.7  13.8   8.9  -2.7  -7.9 
1943 -17.1  -6.8  -6.2  10.2  11.5  15.2  21.1  20.6  13.9   9.7   0.8  -3.7 
1944  -4.0  -5.1  -5.8   8.2  15.2  16.0  20.1  18.4  14.7  10.6  -2.9  -7.1 
1945  -9.9  -7.1   1.8   4.8  11.0  14.9  22.2  20.3  12.3   8.9  -4.2 -10.7 
1946  -8.1  -6.8   4.9  10.7  11.9  17.3  22.7  19.5  13.6   5.5  -4.7  -8.9 
1947  -6.0 -10.3  -6.7   7.0  12.2  15.8  23.2  20.2  13.9  10.4  -2.4  -5.1 
1948  -4.8 -10.0  -3.0   7.1  14.1  17.3  20.7  21.1  16.3   8.6   0.6 -13.2 
1949 -16.1 -15.6  -2.1  11.2  15.2  17.8  21.2  22.2  14.1   6.6   5.3 -12.6 
1950  -9.9 -10.7  -6.6   4.4  11.7  16.2  19.8  18.6  13.7   8.5  -3.4  -7.4 
1951 -14.0 -12.4 -10.9   5.0  14.1  13.8  21.2  18.5  11.8   5.5  -2.5 -12.9 
1952 -15.8  -8.2  -8.2  10.7  13.6  17.2  19.4  20.0  15.8   7.5  -0.6  -7.5 
1953  -6.7  -3.3  -0.8   3.7  10.5  16.5  21.4  20.4  14.9  10.4   3.3  -2.8 
1954 -16.1   1.2  -4.8   3.9  11.3  14.6  22.4  19.9  13.4   8.6   5.6  -1.6 
1955 -10.2 -11.3  -5.2   7.2  12.6  16.4  21.6  21.7  13.2   9.3  -8.8 -12.8 
1956 -13.4 -12.4  -0.9   4.6  13.1  19.8  20.9  19.2  14.7   8.6   1.4  -5.1 
1957 -16.4  -9.7  -1.1   5.9  14.1  17.6  22.7  20.2  14.1   6.0   0.6  -0.6 
1958  -2.9 -10.4  -2.3   7.4  16.8  16.7  19.8  22.3  15.2   8.9  -1.2  -8.0 
1959 -13.4 -15.4   1.7   6.7  11.1  18.9  22.2  19.7  13.3   5.6  -3.3  -1.7 
1960  -9.8  -8.7  -4.2   6.1  13.2  17.3  24.1  20.2  15.1   9.9  -1.3  -8.4 
1961  -5.9  -2.8   4.0   5.5  13.8  21.8  22.3  23.1  11.7   8.2  -2.6 -10.9 
1962  -9.2  -9.0  -6.4   9.2  12.3  18.1  19.2  19.5  13.1   9.6   3.3  -3.9 
1963 -15.2  -2.5   3.7   7.3  12.6  18.0  21.9  21.1  17.7  12.1   0.1  -8.6 
1964  -4.9  -0.2  -2.1   7.3  13.9  17.1  22.8  18.5  11.8   9.6  -2.4 -17.4 
1965 -14.4 -10.3 -10.8   5.1  12.2  16.9  20.8  19.7   8.3  10.3  -3.6  -5.6 
1966 -17.1 -13.4  -0.4   4.1  13.9  17.3  22.5  19.3  16.8   8.2  -4.8  -7.2 
1967 -10.1  -7.2  -4.2   2.8  11.4  16.8  22.4  21.9  17.1   9.3   0.3  -8.1 
1968 -10.7  -5.7   4.5   6.1  11.9  17.2  21.1  18.8  14.5   8.4   0.8 -11.4 
1969 -14.2 -12.8  -6.5   9.9  13.8  16.1  20.5  22.6  16.6   3.9   2.0  -4.7 
1970 -14.1  -7.8  -4.3   4.7  12.3  20.3  22.1  22.0  13.2   6.4  -3.1 -12.0 
