Number= 727850
Name= SPOKANE, WASHINGTON
Country= UNITED STATES
Lat=   47.6
Long=  117.5
Height= 721
Start year= 1881
End year= 2011
First Good year= 1881
Source ID= 10
Source file= Jones+Anders
Jones data to= 2001
Normals source= Data
Normals source start year= 1961
Normals source end year= 1990
Normals=  -3.0   0.4   3.9   7.9  12.4  16.8  20.6  20.4  15.1   8.6   1.8  -2.6 
Standard deviations source= Data
Standard deviations source start year= 1941
Standard deviations source end year= 1990
Standard deviations=   3.5   2.2   1.5   1.5   1.5   1.6   1.4   1.6   1.9   1.5   2.1   2.5 
Obs:
1881  -7.1  -2.6   4.4   8.4  11.0  14.2  17.8  16.0  11.3   5.2  -0.7  -1.7 
1882  -6.7  -4.5   1.7   5.9  11.8  17.2  19.8  19.9  14.4   6.0  -0.2  -0.3 
1883  -6.1  -8.0   4.1   6.8  12.2  17.6  20.9  19.8  13.6   6.0   2.7  -2.7 
1884  -5.8  -7.2   1.4   9.1  14.7  17.8  17.9  20.3  10.8   7.4   2.0 -10.5 
1885  -7.2   1.3   6.8   9.5  13.3  16.8  21.0  20.5  14.7   8.0   3.8   0.2 
1886  -6.9   1.9   3.6   7.7  14.1  17.2  21.6  19.7  13.7   7.5  -1.0   0.4 
1887  -1.8  -8.7   5.1   7.3  12.9  14.7  20.2  19.4  13.1   6.7   1.4  -0.8 
1888 -10.7   2.3   2.8   9.8  14.7  15.4  18.6  20.7  17.0   8.4   0.9  -0.6 
1889  -6.1  -3.0   7.1  10.2  13.7  16.9  20.7  17.3  12.6  10.1   1.8  -3.5 
1890  -9.6  -5.5   2.0   7.9  13.2  14.3  18.7  19.2  14.4   7.5   2.2   2.1 
1891  -0.1  -5.1  -0.4   8.6  14.0  14.1  19.5  19.9  14.5   9.9   3.0  -0.8 
1892  -4.9   0.0   5.8   5.4  11.3  15.5  17.4  19.1  14.6   9.3   3.3  -3.8 
1893  -6.3  -5.3   1.8   5.1  10.7  12.7  18.1  19.1  14.0   6.2   0.3  -1.1 
1894  -4.8  -3.7   2.4   7.0  12.7  14.4  19.6  20.8  12.8   8.0   4.7  -1.7 
1895  -4.1   0.7   2.9   8.5  11.3  15.2  18.2  18.6  11.0   9.0   1.5  -1.8 
1896  -2.4   2.5   2.3   6.0   8.9  15.6  21.4  19.2  13.5   8.6  -2.1   0.7 
1897  -3.4  -0.7  -0.7   8.8  15.6  14.9  17.0  21.2  13.2   7.5   0.8  -2.4 
1898  -5.1   2.1   1.6   8.6  11.5  15.7  19.3  21.8  14.6   7.0   0.3  -5.5 
1899  -4.3  -5.4   2.1   6.4   9.6  14.2  19.6  15.4  15.8   6.9   5.9  -0.7 
1900   0.4  -1.7   6.2   8.7  12.8  17.4  19.4  16.7  13.4   7.8  -0.1   1.5 
1901  -2.8  -1.3   4.2   6.2  13.1  12.2  18.3  21.5  11.6  10.9   3.7  -0.8 
1902  -4.1   0.9   3.2   6.7  11.7  14.4  16.8  18.1  13.3   9.5   1.3  -2.0 
1903  -1.7  -3.7   2.8   5.7  11.0  17.7  17.1  18.5  11.9   8.3   1.3  -1.8 
1904  -1.4  -0.8   1.0   8.8  11.8  15.0  19.5  20.3  14.8   9.2   5.3  -0.5 
1905  -2.4  -2.5   5.3   8.4  11.0  14.7  20.2  19.4  14.7   4.8   0.7  -2.1 
1906  -2.4   0.3   1.5  10.0  11.9  13.4  22.9  19.1  15.0   9.1   0.6  -1.1 
1907  -9.1  -0.7   2.6   6.5  12.8  14.3  19.1  16.1  12.9  10.9   3.4  -0.5 
1908  -2.6  -1.1   3.5   8.0  10.2  14.9  20.6  18.9  14.9   7.5   3.6  -3.0 
1909  -7.5   0.5   4.5   5.8  10.7  15.4  17.4  18.2  15.3   8.1   3.1  -4.8 
1910  -3.8  -4.2   6.8   9.7  13.9  14.8  20.5  17.3  13.9   9.2   2.7  -0.1 
1911  -2.5  -2.4   5.3   7.1  10.1  16.2  20.0  17.9  12.5   7.6   0.3  -2.9 
1912  -4.7   0.5   2.4   7.6  12.3  16.8  17.7  16.8  12.2   6.1   3.2  -1.3 
1913  -6.0  -5.9   0.7   7.6  11.8  15.8  18.4  19.2  13.9   6.0   3.5  -1.8 
1914   0.6  -1.7   5.3   8.4  13.4  14.5  21.1  20.0  13.1   8.5   3.6  -5.6 
1915  -4.9   1.6   6.1  10.2  11.8  14.8  18.9  22.9  13.3   9.3   1.3  -1.9 
1916 -10.3  -0.7   4.1   7.7   9.6  14.4  17.8  19.4  14.2   7.1  -0.7  -6.0 
1917  -4.9  -2.5  -0.7   5.6  11.3  14.1  21.2  20.8  15.6   9.0   4.3   1.1 
1918  -1.9  -1.5   5.0   8.5  11.8  18.6  20.5  17.7  17.1  10.1   2.3  -1.4 
1919  -1.8  -1.2   3.4   8.7  11.7  15.4  20.6  19.9  13.8   5.1  -0.1  -6.6 
1920  -3.6  -0.5   3.0   5.6  10.3  14.5  22.0  19.9  14.0   7.6   2.5  -0.3 
1921  -1.5   0.1   3.4   6.2  12.4  17.2  19.5  20.1  11.4   9.2   1.3  -3.0 
1922  -8.1  -4.5   1.6   5.6  11.2  19.5  21.4  20.5  15.9   9.6   0.0  -6.7 
1923  -1.1  -5.8   3.0   7.6  11.8  15.0  20.7  19.9  15.7   9.0   2.6  -1.1 
1924  -5.6   3.5   3.1   7.3  15.4  16.5  20.4  18.8  14.8   8.6   0.9  -5.8 
1925  -2.6   3.2   4.2   9.7  14.0  17.2  22.4  19.7  14.6   6.6   1.3   1.1 
1926  -2.5   2.9   5.8  10.8  12.3  17.1  22.0  18.9  10.6   9.0   3.4  -2.3 
1927  -3.9   0.1   3.3   6.6  10.1  16.4  20.4  20.1  13.0   8.9   3.0  -7.1 
1928  -3.6  -1.7   4.8   6.5  15.1  16.0  21.6  19.1  15.3   8.5   1.8  -2.7 
1929  -9.6  -7.2   4.3   5.8  12.4  15.1  20.0  21.7  13.2   9.7  -0.6   0.2 
1930 -10.5   2.1   4.5  10.7  11.4  14.7  21.2  21.5  15.5   6.6   1.1  -3.5 
1931  -0.4   0.1   4.2   8.2  14.2  16.2  21.2  20.7  14.8   8.4  -0.6  -2.9 
1932  -5.0  -2.6   2.3   8.6  11.8  17.6  19.1  19.8  15.1   8.3   4.2  -4.2 
1933  -1.8  -6.2   3.4   7.7  10.1  16.2  20.6  20.2  12.6   9.7   2.6   1.9 
1934   1.3   2.8   7.3  12.2  14.9  17.0  20.4  20.5  13.1   9.5   5.1  -0.9 
1935  -2.1   0.7   2.4   6.0  11.9  15.4  19.7  18.5  16.5   7.1  -0.7  -1.8 
1936  -1.8  -9.4   2.6   9.8  15.3  17.1  21.2  20.5  13.9  10.0  -1.2  -0.8 
1937 -14.0  -3.2   4.5   6.7  12.7  15.9  21.0  17.9  15.9  10.2   3.3  -0.1 
1938  -2.0  -0.4   3.9   8.5  12.4  17.8  22.4  18.8  18.8   9.4   0.4  -0.9 
1939  -0.3  -3.5   4.0   9.5  13.6  14.5  21.0  21.4  15.6   8.5   2.9   1.4 
1940  -2.8   0.8   6.3   9.0  14.5  18.6  21.2  20.3  17.0  10.4  -1.2  -0.3 
1941  -1.5   2.5   6.8   9.9  12.2  15.8  22.0  19.4  12.3   7.8   3.5  -0.3 
1942  -6.7  -1.7   3.4   8.8  10.7  14.1  20.6  20.4  15.8   9.4   0.6  -1.0 
1943  -7.2  -0.4   1.3   9.1  10.3  13.6  19.5  18.4  16.2   9.3   2.0  -2.8 
1944  -2.5  -0.8   2.0   7.7  12.8  15.8  19.7  18.4  15.6  11.5   1.6  -3.2 
1945  -1.2   0.6   2.4   6.0  12.8  14.6  20.4  19.9  12.9   9.6   1.6  -2.4 
1946  -2.1   0.7   4.3   7.8  12.9  14.6  19.6  19.4  14.1   6.0   0.3  -0.9 
1947  -5.7   1.2   5.1   7.9  14.3  15.2  20.0  18.4  15.7  11.0   2.2   0.4 
1948  -1.9  -1.1   2.8   6.7  12.2  19.3  19.1  19.0  15.2   9.1   2.2  -5.0 
1949 -12.5  -2.5   3.8   9.9  15.7  17.3  21.0  20.9  17.1   7.4   5.7  -1.5 
1950 -12.2  -0.6   2.6   6.9  11.8  16.8  21.3  21.8  17.4   8.8   2.9   1.7 
1951  -2.1   0.7   1.8   9.4  13.1  17.0  22.4  20.8  16.4   8.2   2.7  -4.6 
1952  -4.1  -0.4   3.1  10.2  14.2  16.8  21.9  20.8  18.4  13.1   1.0  -0.1 
1953   3.9   2.3   4.9   7.9  11.9  14.7  21.4  20.6  17.2  11.5   5.2   1.5 
1954  -2.2   1.2   2.9   6.7  13.6  14.7  20.4  18.7  14.9   8.5   5.9  -0.2 
1955  -2.2  -1.7   0.1   5.1  10.3  17.8  19.8  20.8  15.9   9.0  -1.6  -2.1 
1956  -1.1  -4.6   2.8  10.2  15.1  15.6  22.7  20.4  16.6   8.5   1.0   0.1 
1957  -8.8  -1.2   3.6   9.2  15.8  17.4  20.4  19.3  17.8   7.8   2.6   2.5 
1958   0.6   4.9   4.3   7.5  17.7  19.4  23.5  23.8  15.5  10.7   2.7   1.0 
1959  -1.1  -0.2   4.5   8.9  10.9  17.2  22.1  18.6  13.5   8.4   0.3  -1.0 
1960  -5.8  -0.2   3.9   8.0  11.3  17.5  24.6  19.0  16.4   9.8   2.4  -2.2 
1961  -0.3   3.4   4.9   7.6  12.3  19.9  22.9  23.9  14.0   7.9  -0.1  -2.2 
1962  -4.6   0.8   1.9  10.2  11.1  16.9  20.8  19.2  16.6   9.3   3.9   1.4 
1963  -6.5   3.6   5.3   7.5  13.3  17.2  20.0  21.2  19.6  11.2   4.0  -2.3 
1964  -0.9  -1.0   2.6   7.2  12.2  16.5  20.9  17.7  13.6   9.4   0.7  -3.6 
1965  -1.3   0.7   1.8   8.7  11.9  16.3  21.2  19.9  12.1  11.5   3.3  -1.1 
1966  -1.3   0.4   3.7   7.8  13.3  14.9  20.1  20.1  18.1   8.5   2.7   0.8 
1967   1.1   2.3   2.8   5.7  11.6  17.5  21.4  23.6  18.5   9.1   1.9  -2.3 
1968  -2.3   3.2   5.6   6.1  12.1  16.2  21.7  18.4  14.9   7.3   1.6  -4.1 
1969  -8.7  -3.3   2.0   7.9  14.1  18.4  19.7  19.5  15.4   6.5   2.4  -1.4 
1970  -3.4   2.4   2.8   5.3  12.7  19.0  22.5  21.2  12.3   7.2   2.2  -2.4 
1971  -0.1   0.9   1.8   7.4  13.5  14.6  20.9  23.4  12.9   6.8   1.9  -3.4 
1972  -5.2  -0.7   5.2   5.6  13.8  16.7  20.1  21.7  13.0   8.4   3.5  -3.7 
1973  -2.8   1.6   5.1   7.9  13.6  16.7  21.8  20.6  15.4   8.4   0.9   0.7 
1974  -4.4   1.9   3.6   8.0  10.1  18.9  19.9  20.1  15.8   8.9   2.4  -0.8 
1975  -4.7  -4.1   1.1   5.4  11.5  15.1  22.4  17.8  16.1   8.3   1.0  -0.6 
1976  -1.3   0.1   1.7   7.3  12.5  14.7  20.4  18.6  17.4   8.2   2.1  -1.3 
1977  -5.6   1.7   3.4  10.5  10.9  18.3  19.4  21.8  12.8   8.1   1.1  -3.2 
1978  -2.4   1.1   5.7   7.6  10.8  17.1  20.2  18.8  13.7   8.1  -1.8  -7.2 
1979 -11.9  -1.8   4.7   7.5  12.6  17.1  21.3  21.1  17.3  10.6  -0.8   1.8 
1980  -6.3   1.4   3.7  10.9  13.2  14.3  20.7  17.8  14.7   8.6   2.4   0.7 
1981   0.4   1.1   4.9   7.6  11.1  13.9  18.4  21.9  15.4   7.7   4.4  -1.3 
1982  -3.2   0.1   4.6   6.4  12.3  19.2  19.8  21.0  15.3   7.8  -0.2  -2.6 
1983   2.1   3.4   6.1   7.9  13.9  16.6  18.6  22.4  13.9   9.8   4.1  -8.8 
1984  -0.8   1.4   5.4   6.7  10.1  15.1  20.6  21.2  13.7   6.3   2.1  -6.4 
1985  -5.9  -3.9   2.2   8.9  13.4  16.6  23.9  18.3  11.8   7.1  -6.9  -7.1 
1986  -1.1  -0.2   6.0   7.2  12.9  19.0  17.8  22.6  12.7   9.4   1.6  -3.2 
1987  -3.1   1.7   5.4  10.6  14.0  18.4  19.2  19.0  17.1   9.7   3.4  -3.4 
1988  -4.1   1.9   4.3   9.4  12.6  16.2  20.4  20.2  14.9  11.8   2.4  -2.8 
1989  -1.8  -5.7   2.6   9.4  11.7  17.9  20.4  18.2  15.6   8.3   3.3  -0.6 
1990   0.8  -1.0   4.9   9.8  11.6  15.9  21.3  20.3  18.5   7.3   3.9  -6.1 
1991  -3.5   4.0   2.8   7.8  10.9  13.7  20.4  21.2  16.6   7.9   1.2   0.4 
1992  -0.1   3.8   7.5   9.3  14.9  20.0  19.9  20.9  14.1   9.7   1.3  -5.1 
1993  -5.6  -3.7   3.2   7.5  15.4  15.7  15.7  17.9  14.8  10.0  -1.4  -0.6 
1994   2.0  -1.6   5.5   9.5  13.7  16.0  22.8  20.8  17.4   8.2   0.2  -0.9 
1995  -0.6   2.9   4.4   7.5  13.7  15.6  19.9  17.7  16.2   6.6   4.4  -1.9 
1996  -3.7  -2.0   2.4   7.9   9.8  15.7  21.1  20.1  13.3   7.6   0.6  -4.0 
1997  -2.1  -0.2   4.0   6.2  13.7  15.5  19.7  21.7  16.6   8.4   3.7  -1.6 
1998  -0.8   3.3   5.3   8.8  13.3  16.9  23.9  21.9  18.3   8.0   4.3  -1.8 
1999   0.1   1.6   4.3   7.1  10.2  15.4  18.9  21.2  15.2   8.5   5.3   0.0 
2000  -2.2   1.0   3.9   9.2  11.9  16.3  19.9  19.9  13.4   8.0  -2.8  -4.1 
2001  -2.7  -2.8   4.1   6.6  13.2  15.0  20.5  21.9  17.4   7.8   4.5  -2.0 
2002  -0.8  -0.3   1.4   7.5  10.9  17.0  21.9  19.2  15.0   6.3   2.7   1.0 
2003   1.0   0.7   5.0   7.3  12.0  17.6  22.9  21.3  16.7  11.0  -1.1  -1.2 
2004  -3.1   0.0   6.4   9.8  12.6  17.6  22.4  21.8  14.5   9.7   2.4   0.0 
2005  -1.9   1.4   5.5   9.1  13.9  15.7  21.3  21.0  14.3   9.5   1.2  -4.4 
2006   2.0  -0.5   3.8   8.6  13.7  17.6  23.2  20.5  16.4   8.4   2.3  -1.9 
2007  -4.0   1.2   6.1   8.2  13.5  16.9  24.2  20.3  15.2   8.3   1.9  -2.0 
2008  -4.1   0.1   2.5   5.8  14.0  16.1  21.4  20.5  16.2   9.0   3.7  -5.5 
2009  -3.3  -0.7   1.5   7.4  13.3  17.4  22.4  21.4  17.7   6.3   2.8  -4.4 
2010   1.7   3.3   5.2   8.2  10.4  15.1  20.5  20.3  15.4   9.8   0.6  -1.4 
2011  -1.5  -1.7   4.1   5.3  11.1 -99.0 -99.0 -99.0 -99.0 -99.0 -99.0 -99.0 
