Number= 727898
Name= VALIER--------------
Country= USA---------
Lat=   48.3
Long=  112.3
Height= 1159
Start year= 1911
End year= 2007
First Good year= 1911
Source ID= 10
Source file= Jones+Anders
Jones data to= 1996
Normals source= Data
Normals source start year= 1961
Normals source end year= 1990
Normals=  -7.0  -3.8  -0.4   5.3  10.7  15.4  18.5  18.1  12.6   7.8  -0.5  -5.6 
Standard deviations source= Data
Standard deviations source start year= 1941
Standard deviations source end year= 1990
Standard deviations=   5.2   3.9   3.0   2.3   1.6   1.6   1.2   1.6   2.2   2.1   3.3   3.9 
Obs:
1911 -99.0 -99.0 -99.0 -99.0 -99.0 -99.0 -99.0 -99.0   9.9   6.1  -5.3  -4.6 
1912  -8.2  -1.7  -6.4   6.8  10.3  15.9  15.3  16.3   9.2   6.6   3.8  -0.9 
1913  -9.1  -8.0  -4.2   5.7   9.4  16.3  17.4  17.8  14.2   5.2   3.1  -1.8 
1914  -5.1  -7.2   1.3   6.0  10.4  14.1  19.7  16.4  12.8   6.8   2.7 -10.6 
1915  -5.8  -4.6  -1.4  10.1  10.8  12.2  15.6  19.2  10.2   9.2   0.0  -3.4 
1916 -21.5  -7.4   0.9   6.1   7.5  13.2  17.4  16.8  12.3   4.4  -0.2 -11.8 
1917  -8.9 -10.9  -6.0   2.4   9.1  13.6  21.0  17.9  12.6   6.0   6.7 -10.8 
1918  -8.8  -5.6   2.3   5.2  11.6  17.2  17.8  17.4  12.9   9.3  -0.4  -1.7 
1919   1.9  -9.3  -5.4   7.4  11.1  16.4  19.9  19.1  11.9   0.9  -4.1  -6.8 
1920  -7.1  -3.0  -0.8   2.7   8.9  14.4  19.9  18.5  13.9   7.0  -0.1  -3.9 
1921  -3.4  -1.3  -1.7   4.6   9.9  16.7  19.3  18.4   9.7  10.3  -2.6  -5.7 
1922  -8.7 -12.7  -1.9   4.1   9.7  16.3  17.5  18.9  15.0   9.6   0.9  -9.6 
1923  -4.0  -8.8  -1.0   4.7  10.2  14.2  18.9  16.6  13.4   6.2   4.5  -3.9 
1924  -9.1  -0.3  -2.6   4.1  11.4  12.5  18.1  16.2  12.7   7.8  -1.9 -12.3 
1925  -7.0  -2.8  -0.6   6.4  11.7  15.2  19.1  16.9  11.1   0.7   1.2   1.0 
1926   0.0   2.6   1.9   6.3  11.3  14.6  19.1  16.3   7.4   8.8  -0.6  -5.1 
1927  -8.5  -6.2   0.8   3.6   6.4  14.6  17.4  16.3  11.7   8.4  -6.2 -12.7 
1928  -3.8  -2.5   1.8   3.4  12.9  11.7  17.2  15.7  11.4   4.6   1.4  -3.1 
1929 -14.1 -11.1   1.6   3.2   9.4  14.1  19.9  20.2  10.4   8.4   0.6  -7.4 
1930 -15.8   0.4  -2.7   8.9   9.9  14.8  19.8  19.9  13.0   4.2   0.5   1.0 
1931   0.2   0.6  -0.7   5.9  11.3  16.6  18.3  18.4  12.8   8.3  -3.3  -3.3 
1932  -7.7  -4.9  -6.3   6.3  11.3  14.9  19.1  17.7  13.3   5.2  -0.1  -7.6 
1933  -4.4  -8.4  -0.2   2.3   9.2  17.2  19.8  17.9  11.7   5.9   2.4  -8.4 
1934  -0.5   0.1  -0.1   8.6  14.3  13.7  19.2  18.0  10.3   8.6   3.8  -3.8 
1935  -8.9   0.5  -3.7  -1.6   8.4  13.9  19.2  17.4  13.7   6.2  -1.8  -1.4 
1936  -9.9 -23.8  -2.2   4.1  14.4  17.0  22.6  18.4  12.9   9.1   3.4  -6.7 
1937 -17.4 -10.7  -1.9   6.1  11.4  14.8  20.0  18.0  13.1   9.0  -1.4  -4.7 
1938  -1.5 -10.2  -0.2   5.6   9.3  15.2  18.6  17.3  17.4   9.3  -0.7  -2.4 
1939  -1.2  -8.1   0.3   7.7  12.6  12.2  21.1  19.4  14.3   7.3   6.4   1.0 
1940  -9.1  -6.6   1.8   4.2  12.8  16.6  19.7  18.9  15.7   9.8  -3.3  -1.3 
1941  -3.3  -2.9   0.7   6.8  11.7  15.4  20.1  18.1   9.9   7.4   3.6  -3.9 
1942  -2.8  -7.0   0.7   7.6   9.9  13.6  19.9  18.3  12.9   9.1  -1.4  -4.9 
1943 -13.3  -1.9  -5.1   8.2   9.2  11.4  19.2  18.1  13.9   9.3   3.1   0.2 
1944  -0.4  -5.0  -4.1   6.9  12.4  13.7  18.2  16.4  13.8  11.5  -0.8  -2.6 
1945  -2.4  -5.1   1.0   2.2   8.9  12.7  20.1  18.7  11.3   9.2  -2.2  -5.7 
1946  -1.9  -2.0   3.9   7.8  10.2  14.1  19.0  17.8  12.9   3.8  -4.7  -5.0 
1947  -4.9  -6.1  -3.6   7.0  11.7  13.8  20.1  17.2  12.0   9.3  -1.9  -1.8 
1948  -2.4  -8.2  -4.4   3.9  10.2  14.6  17.0  17.9  14.2   8.9   0.4  -9.5 
1949 -13.0 -11.2  -2.1   9.1  12.2  15.1  18.2  19.0  12.9   3.9   5.3  -8.9 
1950 -22.3  -0.2  -3.3   3.8   8.8  13.1  17.3  16.7  12.6   7.6  -2.0  -2.1 
1951  -9.8  -5.9  -7.4   4.0  10.6  11.3  17.9  15.6  10.3   3.4  -0.2 -10.3 
1952 -10.3  -3.2  -4.1   8.6  11.2  14.1  16.8  17.3  14.9   9.4   0.3  -1.6 
1953  -2.4  -1.1   0.5   1.4   8.7  13.3  18.5  18.2  14.5  10.3   4.0  -1.4 
1954 -14.8   1.7  -4.7   0.8  10.4  12.4  19.3  16.9  12.0   6.4   5.7  -0.1 
1955  -4.4  -7.8  -6.6   4.3   8.6  14.4  17.4  18.6  11.6   8.6  -8.6  -8.5 
1956  -8.7  -7.2  -0.4   4.1  10.7  15.9  18.3  16.5  13.2   6.9   2.7  -2.4 
1957 -13.6  -7.2  -0.2   4.6  12.3  15.4  19.8  17.2  13.9   3.8   0.8   0.8 
1958   1.2  -6.1  -4.7   5.3  17.1  14.8  16.8  20.9  13.5   9.9  -0.1  -2.3 
1959  -6.6  -8.8   1.8   4.8   8.1  15.7  19.2  17.2  11.8   6.3  -1.4   1.1 
1960  -7.2  -4.8  -1.6   4.6   9.8  15.0  21.6  16.9  14.3   9.0   0.2  -2.8 
1961  -0.9   0.2   2.6   3.8  11.1  18.8  19.3  21.5   9.8   8.1  -1.7  -7.3 
1962  -6.3  -6.1  -3.9   8.4  10.1  15.4  17.1  17.9  13.2  10.2   3.8  -0.5 
1963 -10.2   1.9   3.0   4.9  10.7  15.0  18.1  18.7  16.5  11.3   1.0  -5.7 
1964  -3.2   0.7  -3.6   4.8  10.8  14.6  19.3  16.5  11.1   9.9  -0.1 -13.5 
1965  -7.5  -4.6  -7.1   4.6  10.2  13.5  18.2  18.2   6.8  11.6  -1.2  -3.4 
1966 -10.8  -3.5   1.8   4.2  12.3  14.1  18.9  16.4  15.8   7.6  -2.8  -4.7 
1967  -3.9  -1.2  -3.7   0.6   8.5  14.1  19.4  19.6  17.5   9.0   0.6  -6.4 
1968  -7.3  -1.8   4.2   4.8   9.1  14.2  18.6  16.0  13.1   7.4   1.1 -10.8 
1969 -18.6  -8.6  -3.3   8.6  12.1  14.2  17.8  20.0  14.5   4.2   3.8  -1.9 
1970 -10.5  -0.6  -2.4   2.7  11.4  17.8  19.6  19.2  11.6   6.6  -1.9  -7.4 
1971 -10.2  -1.8  -1.5   6.3  11.7  14.4  18.1  21.7  11.7   6.4   0.5  -9.7 
1972 -13.7  -8.1   0.9   4.9  10.3  16.2  15.7  19.0  10.1   6.0   0.8  -8.2 
1973  -3.8  -2.8   2.3   4.2  11.6  15.4  19.3  19.4  13.0   8.4  -5.5  -2.4 
1974  -7.7   0.0   0.1   7.4   9.2  17.4  19.4  15.6  12.4  10.4   2.4  -1.0 
1975  -6.3 -11.6  -4.2  -0.8   9.0  13.6  20.7  16.4  13.5   6.7  -1.3  -1.1 
1976  -3.3  -1.3  -0.4   6.7  12.9  13.4  19.4  18.3  14.9   7.6   2.3  -0.2 
1977  -7.0   3.8   0.8   8.8  11.1  17.1  18.8  16.0  12.2   7.9  -2.6  -8.9 
1978 -13.2  -8.9   0.6   5.5   9.7  16.0  18.1  17.2  13.5   8.5  -5.7  -9.4 
1979 -13.6  -9.3   1.3   3.5  10.2  16.2  18.3  18.9  15.8   9.1   0.3  -0.1 
1980 -10.6  -3.5  -1.8   8.6  12.8  14.6  18.6  15.6  13.4   9.2   2.8  -5.6 
1981  -0.5  -2.0   1.8   6.2  10.6  12.9  17.4  19.0  13.5   5.9   2.8  -5.7 
1982 -15.8  -8.0  -3.8   2.0   8.4  14.6  17.4  17.5  11.5   6.5  -3.7  -3.7 
1983  -2.1   0.2   0.2   4.3  10.0  14.7  17.5  20.8  11.3   8.2  -0.1 -15.8 
1984  -2.7   1.2   0.5   5.3   9.7  15.0  19.1  19.7   9.0   3.6  -1.0 -10.9 
1985  -7.0  -6.9  -0.8   7.4  12.9  14.4  20.4  15.8   7.7   5.8 -11.9  -3.8 
1986   1.3  -9.6   4.9   4.4  11.5  17.9  17.0  18.6   8.7   8.3  -2.7  -1.1 
1987  -1.7  -0.5  -0.1   9.1  12.9  17.4  17.6  15.0  14.5   7.8   3.1  -2.7 
1988  -6.5  -3.5   1.8   7.2  12.5  19.0  18.9  18.2  12.2   8.2   0.1  -2.9 
1989  -3.6 -12.6  -4.8   5.0   9.7  15.4  19.2  16.5  12.5   6.5   0.8  -4.1 
1990  -3.2  -4.9   1.6   5.8   9.1  14.7  17.7  19.2  16.3   6.5   1.3  -8.9 
1991  -8.6   2.0  -0.2   5.5   9.8  14.0  18.6  20.5  14.1   5.9  -1.4  -0.6 
1992  -0.4   0.5   4.5   7.7  12.2  16.6  15.3  16.2  12.0   7.4   0.3  -8.9 
1993 -11.3  -8.3   1.7   5.8  12.4  13.5  13.8  15.5  11.7   7.6  -2.7  -0.9 
1994  -3.0  -9.4   4.7   7.2  12.7  15.8  20.3  19.6  16.8   7.4  -0.1  -1.9 
1995  -2.7  -1.0   0.0   5.1  10.3  15.0  18.4  17.5  13.9   6.8   0.9  -5.6 
1996 -11.7  -2.8  -3.3   7.5   8.3  16.4  19.1  20.2  12.4   7.2  -6.2 -99.0 
1997 -99.0 -99.0 -99.0 -99.0 -99.0 -99.0 -99.0 -99.0 -99.0 -99.0 -99.0 -99.0 
1998 -99.0 -99.0 -99.0 -99.0 -99.0 -99.0 -99.0 -99.0 -99.0 -99.0 -99.0 -99.0 
1999 -99.0 -99.0 -99.0 -99.0 -99.0 -99.0 -99.0 -99.0 -99.0 -99.0 -99.0 -99.0 
2000 -99.0 -99.0 -99.0 -99.0 -99.0 -99.0 -99.0 -99.0 -99.0 -99.0 -99.0 -99.0 
2001 -99.0 -99.0 -99.0 -99.0 -99.0 -99.0 -99.0 -99.0 -99.0 -99.0 -99.0 -99.0 
2002 -99.0 -99.0 -99.0 -99.0 -99.0 -99.0 -99.0 -99.0 -99.0 -99.0 -99.0 -99.0 
2003 -99.0 -99.0 -99.0 -99.0 -99.0 -99.0 -99.0 -99.0 -99.0 -99.0 -99.0 -99.0 
2004 -99.0 -99.0 -99.0 -99.0 -99.0 -99.0 -99.0 -99.0 -99.0 -99.0 -99.0 -99.0 
2005 -99.0 -99.0 -99.0 -99.0 -99.0 -99.0 -99.0 -99.0 -99.0 -99.0 -99.0 -99.0 
2006 -99.0 -99.0 -99.0 -99.0 -99.0 -99.0 -99.0 -99.0 -99.0 -99.0 -99.0 -99.0 
2007 -99.0 -99.0 -99.0 -99.0 -99.0 -99.0 -99.0 -99.0 -99.0 -99.0 -99.0 -99.0 
