Number= 727936
Name= LANDSBURG
Country= USA
Lat=   47.3
Long=  121.2
Height= 692
Start year= 1916
End year= 1980
First Good year= 1916
Source ID= 10
Source file= Jones
Jones data to= 1980
Normals source= Data
Normals source start year= 1961
Normals source end year= 1980
Normals=   2.5   5.1   6.1   8.1  11.4  14.5  16.9  16.5  14.0  10.0   5.8   3.5 
Standard deviations source= Data
Standard deviations source start year= 1941
Standard deviations source end year= 1980
Standard deviations=   2.2   1.5   1.3   1.3   1.1   1.2   1.2   1.2   1.1   1.2   1.3   1.3 
Obs:
1916  -2.4   4.6   5.8  10.1  10.4  14.2  15.7  17.6  13.2   7.2   3.3   1.2 
1917   1.7   3.0   3.7   7.4  11.1  13.4  16.8  17.1  13.8  10.2   8.4   5.9 
1918   5.2   3.2   5.8   8.7  10.6  15.8  17.1  17.1  15.1  10.7   6.2   3.1 
1919   3.3   3.7   6.1   9.1  11.6  13.3  16.3  16.0  13.2   7.7   5.8   1.7 
1920   2.7   3.0   5.8   8.7  10.4  13.4  16.8  17.9  13.2  10.7   8.4   2.5 
1921   5.3   6.4   7.3   9.3  12.6  16.4  16.6  16.9  12.9  10.9   7.4   4.3 
1922   0.1   2.2   4.3   7.5  12.0  15.3  16.9  16.5  14.3  10.4  10.2   0.8 
1923   3.4   1.6   5.8  10.1  12.1  14.9  17.2  18.1  14.3  10.9   7.0   4.8 
1924   3.6   7.3   5.7   8.7  13.3  14.7  16.1  15.9  13.5  10.3   5.5   1.1 
1925   4.5   6.6   6.6  10.3  12.4  14.1  17.2  15.6  14.2   9.2   4.9   5.0 
1926   2.6   6.3   8.7  11.4  12.8  16.7  18.8  17.8  12.9  10.7   7.8   3.0 
1927   2.9   4.3   5.4   8.6  10.8  16.2  17.8  17.9  13.7  10.2   5.6   0.9 
1928   3.3   4.7   8.1   8.6  13.4  14.4  17.7  15.9  12.9   9.8   6.0   2.0 
1929  -1.1  -0.1   6.3   4.7  11.6  14.6  16.4  16.6  14.0  11.5   4.7   4.7 
1930  -2.2   5.6   7.3  10.5  11.2  14.4  16.1  17.3  14.1   9.1   5.0   3.9 
1931   5.2   5.6   7.3   9.9  13.8  14.6  17.3  16.8  14.2  10.0   4.2   3.0 
1932   1.8   3.1   7.0   9.6  11.2  15.3  15.1  16.8  14.1  11.0   7.9   1.3 
1933   1.9   1.0   6.0   8.2  10.1  12.8  15.8  17.6  12.6  10.2   6.1   5.7 
1934   6.0   7.7   8.9  12.2  13.6  14.9  15.7  16.9  13.9  10.9   8.3   4.3 
1935   3.1   6.2   4.6   7.9  11.3  14.3  16.4  16.5  14.6   8.4   3.4   4.0 
1936   4.3  -0.9   4.9  10.3  13.5  15.2  16.4  17.7  13.3  11.1   4.6   4.3 
1937  -3.0   3.4   8.3   8.2  12.2  15.9  16.8  15.8  14.4  11.7   7.3   5.6 
1938   3.9   4.9   6.3  10.1  12.1  14.8  17.4  15.3  15.6  11.1   5.2   4.3 
1939   5.2   2.8   6.2  10.3  12.7  13.4  16.7  17.1  14.1  10.3   8.3   6.1 
1940   5.3   6.6   8.6  11.1  14.2  15.2  16.3  16.7  16.2  12.7   6.1   6.6 
1941   5.8   8.1  10.5  11.1  12.3  14.7  19.3  17.2  13.3  10.3   7.4   4.4 
1942   3.7   4.6   6.9  10.4  11.7  14.1  18.4  18.3  14.7  11.0   5.8   4.7 
1943  -0.1   6.2   5.8  10.8  11.0  13.6  16.8  15.8  15.3  10.3   7.2   3.2 
1944   3.8   4.2   6.1   9.6  11.9  14.4  17.4  16.4  15.5  12.0   5.8   3.1 
1945   4.6   4.9   6.6   8.0  12.1  13.8  17.4  16.4  13.0  10.6   5.4   3.3 
1946   3.4   4.7   6.1   8.6  13.3  13.7  17.2  16.9  14.9   8.2   4.8   3.3 
1947   1.4   6.0   8.3  10.2  13.9  14.3  16.4  15.8  14.6  10.6   5.7   5.1 
1948   2.4   3.2   5.4   6.9  11.3  16.1  15.8  15.6  13.1   9.1   4.9   1.9 
1949  -1.7   2.4   6.8   9.3  12.8  13.7  15.6  15.4  14.6   8.1   9.1   3.5 
1950  -3.9   2.9   5.2   7.8   9.9  15.3  17.2  16.6  13.9   9.8   5.8   6.2 
1951   2.9   4.1   4.1   9.8  12.1  15.7  17.8  15.7  15.2  10.1   5.9   2.2 
1952   1.8   4.2   5.4   9.4  11.9  13.1  17.2  16.9  14.8  11.4   4.1   3.9 
1953   6.7   4.7   5.9   8.2  11.6  12.8  16.0  16.4  14.5  10.8   7.4   5.2 
1954   1.7   5.3   4.7   6.9  11.9  12.8  13.9  14.8  13.4   9.1   7.9   3.9 
1955   2.8   3.3   3.3   6.1  10.2  14.3  14.2  15.0  13.0   9.4   3.1   2.8 
1956   2.8   1.2   4.7   8.9  12.4  12.8  16.1  15.7  13.1   7.7   4.6   3.6 
1957  -1.1   2.8   5.6   8.6  12.8  14.2  14.3  14.4  14.9   8.4   5.1   4.9 
1958   5.2   7.8   6.1   8.6  14.3  16.7  19.1  17.0  13.2  10.5   4.8   5.8 
1959   3.1   3.9   5.9   8.0  10.4  14.2  17.0  14.6  12.6   9.7   5.4   3.2 
1960   2.6   4.2   5.6   8.7  10.6  13.8  17.7  15.7  13.3  10.3   5.6   3.0 
1961   6.2   5.9   6.8   7.9  11.3  16.0  18.0  18.3  12.8   9.0   4.1   2.9 
1962   2.3   4.8   4.9   9.0   9.6  13.7  16.1  15.8  14.1   9.8   6.7   4.4 
1963   0.2   7.8   6.0   7.8  11.8  13.6  15.0  15.9  15.6  10.9   6.2   3.6 
1964   3.9   3.9   5.7   6.7  10.2  13.6  15.6  15.2  12.5  10.6   3.6   1.3 
1965   2.9   4.6   6.3   8.6   9.8  14.2  17.7  16.9  12.0  11.1   8.2   2.4 
1966   3.1   4.5   6.2   8.7  11.0  13.8  15.6  16.0  14.8   9.2   6.3   5.5 
1967   4.6   4.7   4.5   6.3  11.3  16.1  16.8  19.1  15.9  10.8   6.7   3.1 
1968   2.9   7.6   7.8   7.4  11.6  14.1  17.6  15.1  13.7   9.3   6.1   1.3 
1969  -0.6   3.5   6.1   8.2  12.9  16.7  15.9  15.1  14.4   9.0   6.3   4.8 
1970   3.1   7.0   6.0   6.6  11.2  15.6  16.9  15.8  12.6   9.1   6.1   1.9 
1971   3.3   3.8   3.9   7.7  11.3  12.4  17.3  18.2  12.7   8.4   5.7   2.1 
1972   1.4   4.1   6.7   6.7  12.6  14.1  16.8  17.2  12.4   8.4   6.2   1.3 
1973   2.1   5.7   6.0   8.1  12.1  13.9  16.9  14.3  14.3   9.3   3.8   4.6 
1974   1.5   4.3   5.4   8.1  10.1  14.5  15.4  17.2  16.2  10.1   5.8   4.6 
1975   3.1   3.8   4.6   5.3  10.1  12.6  17.4  15.2  14.3   9.1   5.2   4.1 
1976   3.8   4.1   4.4   8.5  11.9  13.2  17.0  15.8  16.0  10.8   6.4   4.6 
1977   0.5   6.0   6.6  10.1  11.1  16.5  17.4  19.1  13.1   8.8   4.5   4.0 
1978   5.7   6.6   8.3   9.8  11.6  17.4  18.4  17.4  13.7  12.2   4.4   1.5 
1979  -0.1   3.9   8.1   9.1  12.9  14.7  17.6  16.6  15.6  11.3   5.3   5.8 
1980   0.9   5.8   6.8  10.4  12.8  13.8  18.1  15.2  14.2  12.4   7.6   5.3 
