Number= 442070
Name= KHATGAL
Country= MONGOLIA
Lat=   50.4
Long= -100.2
Height= 1668
Start year= 1963
End year= 2011
First Good year= 1963
Source ID= 10
Source file= Jones+Anders
Jones data to= 1990
Normals source= Data
Normals source start year= 1963
Normals source end year= 1990
Normals= -23.4 -21.0 -12.8  -3.3   4.7   9.8  11.6  10.2   4.3  -4.4 -13.6 -20.7 
Standard deviations source= Data
Standard deviations source start year= 1963
Standard deviations source end year= 1990
Standard deviations=   3.2   3.3   2.4   2.0   1.0   1.7   1.0   0.8   1.2   2.9   2.5   2.7 
Obs:
1963 -21.9 -18.3 -10.2  -6.4   4.8   8.7  11.7  11.4   3.1  -6.3 -12.6 -18.7 
1964 -23.9 -28.7 -12.8  -4.7   4.2  10.4  12.1  11.4   3.4  -7.2 -12.5 -18.5 
1965 -22.7 -19.1 -10.9  -5.6   6.3  10.9  11.9  10.2   4.4  -4.1 -12.6 -19.2 
1966 -21.2 -17.6 -12.4  -4.8   4.6  10.7   9.6  10.8   6.4  -2.1 -13.8 -26.6 
1967 -22.5 -20.0 -10.9  -3.4   6.3   9.0  12.3   9.0   3.2  -2.2 -16.9 -22.3 
1968 -25.7 -23.0 -11.2  -2.8   4.5  14.4   9.4  11.7   3.7  -8.8 -13.1 -19.7 
1969 -31.0 -27.8 -14.7  -2.2   4.0  11.2  14.6   9.6   3.4  -4.7 -13.8 -21.3 
1970 -22.5 -20.9 -18.1  -3.2   4.0  10.3  13.4   9.8   1.4  -9.3 -14.3 -27.3 
1971 -22.9 -24.6 -16.1  -2.2   4.3   8.9  10.9  10.2   3.6  -2.5 -10.5 -21.8 
1972 -23.8 -22.2 -13.0  -4.3   5.7  10.5  11.6  10.4   3.6  -9.4 -13.4 -21.8 
1973 -29.5 -23.1 -12.3  -1.6   2.4  10.5  11.5   9.4   6.0  -6.1 -13.0 -19.2 
1974 -25.4 -22.8 -16.5  -0.5   5.0   9.1  11.7  11.8   3.4  -5.8 -13.4 -22.6 
1975 -19.4 -17.6 -10.5  -5.5   5.0   9.2  11.0  10.5   4.6  -4.7 -12.4 -22.2 
1976 -20.1 -16.4 -14.7  -5.5   3.8   5.9  11.6   9.1   5.0  -6.9 -20.1 -24.5 
1977 -31.6 -21.4 -11.7  -3.7   2.5  10.2  11.2  10.7   6.2  -1.7  -9.5 -17.1 
1978 -18.6 -18.7 -11.1  -1.9   3.4  12.1  12.1   9.8   5.0  -4.3 -12.4 -18.3 
1979 -20.7 -13.2 -11.5  -5.2   4.9  12.8  12.1   9.2   4.2   0.2 -13.1 -16.5 
1980 -23.6 -19.5 -16.6  -6.4   5.0  10.7  12.4  11.2   4.6  -5.9 -11.3 -19.6 
1981 -25.8 -21.1  -9.3   0.7   6.3  10.0  11.9   8.7   4.5  -8.7 -19.0 -21.9 
1982 -23.3 -23.5 -14.1   0.1   4.6  10.0  11.3  10.1   4.9  -0.9 -13.3 -19.7 
1983 -22.8 -22.5 -11.7  -5.4   4.5   7.1  10.3  10.7   3.8  -0.9 -10.2 -21.7 
1984 -24.8 -24.3 -12.6  -3.9   5.6  10.3  10.5   9.3   4.4  -1.4 -14.0 -22.9 
1985 -19.9 -20.4 -15.0  -1.9   4.3   8.7  11.8   9.9   3.4  -3.7 -14.8 -22.2 
1986 -20.2 -21.6 -11.6  -4.1   6.4   9.7  12.6  10.0   7.0  -4.0 -16.9 -21.4 
1987 -19.0 -17.8 -14.6  -0.8   4.8   8.0  11.2  10.7   4.6  -7.2 -17.2 -18.0 
1988 -25.0 -23.0 -16.0  -2.5   4.0   9.1  10.9  10.9   6.1  -4.1 -10.1 -19.3 
1989 -22.8 -21.8  -9.0  -0.9   5.2   8.7  11.4   9.6   3.0  -0.6 -15.2 -17.5 
1990 -23.9 -16.6  -9.0  -4.1   6.0   8.3  12.2   9.6   3.8   0.9 -12.1 -17.1 
1991 -99.0 -99.0 -99.0 -99.0 -99.0 -99.0 -99.0 -99.0 -99.0 -99.0 -99.0 -99.0 
1992 -99.0 -99.0 -99.0 -99.0 -99.0 -99.0 -99.0  10.7 -99.0 -99.0 -11.0 -19.6 
1993 -25.6 -17.9 -10.4  -4.0 -99.0  10.6  11.7  10.3   4.7  -2.7 -16.6 -20.0 
1994 -19.9 -21.5 -13.4   1.1   5.5  10.5 -99.0 -99.0 -99.0 -99.0 -99.0 -99.0 
1995 -99.0 -99.0 -99.0 -99.0 -99.0 -99.0 -99.0 -99.0 -99.0 -99.0 -99.0 -99.0 
1996 -99.0 -99.0 -99.0 -99.0   4.3   8.7  13.9  10.9   4.4  -3.7 -13.8 -15.2 
1997 -99.0 -17.2 -12.4   1.2   6.0  11.0  11.7  10.9   4.1  -0.6 -13.1 -17.2 
1998 -22.8 -14.6 -11.7  -0.9   3.7   9.1  13.2  12.4   6.2  -0.8 -99.0 -14.8 
1999 -19.7 -15.1 -16.9  -0.6   6.8   9.5  13.6  11.0   3.3   3.3 -11.9 -21.5 
2000 -28.2 -20.5 -10.2  -2.8   7.1  12.7  12.6  10.4   5.5  -5.7 -18.6 -99.0 
2001 -27.4 -19.8  -8.7  12.7 -99.0  12.1  12.6 -99.0   5.8 -99.0 -13.7 -23.6 
2002 -99.0 -16.5  -9.2  -2.9   5.8  11.7  14.4  12.8   5.8  -5.6 -14.9 -26.2 
2003 -21.9 -18.7 -14.2  -4.0   4.5  11.2  12.3   9.3   6.0  -2.5 -12.2 -19.7 
2004 -19.7 -15.1 -12.2  -0.9 -99.0  11.4  11.1  10.4   4.5  -2.9 -12.9 -19.0 
2005 -26.6 -30.1 -12.4  -0.5   3.3   3.3  13.7  11.9   4.8  -2.0 -11.6 -22.0 
2006 -23.0 -18.2  -9.2  -5.0   2.8   9.9  12.0  10.6   5.7  -1.5  -9.7 -16.4 
2007 -19.4 -13.3 -11.4   0.1   7.0  10.3  14.7  12.4   6.6  -4.4 -11.0 -19.0 
2008 -29.5 -21.9  -6.5  -0.7   3.9  11.2  13.9  10.8   5.5  -2.7  -8.6 -18.3 
2009 -22.3 -19.8 -10.1 -99.0   7.6   9.2  12.2  10.3   5.2  -2.2 -12.9 -20.7 
2010 -99.0 -25.8 -14.0  -5.3 -99.0  11.2  13.5 -99.0 -99.0  -3.3  -9.8 -20.5 
2011 -28.7 -99.0 -13.7   0.1   3.5 -99.0 -99.0 -99.0 -99.0 -99.0 -99.0 -99.0 
