Number= 442250
Name= TOSONTSENGEL
Country= MONGOLIA
Lat=   48.7
Long=  -98.3
Height= 1724
Start year= 1964
End year= 2011
First Good year= 1964
Source ID= 10
Source file= Jones+Anders
Jones data to= 1990
Normals source= Data
Normals source start year= 1964
Normals source end year= 1990
Normals= -31.9 -29.1 -18.1  -2.4   7.0  12.5  13.8  11.7   5.6  -4.0 -18.7 -28.1 
Standard deviations source= Data
Standard deviations source start year= 1964
Standard deviations source end year= 1990
Standard deviations=   3.1   3.9   3.3   2.5   1.3   1.3   0.9   1.0   1.6   2.7   3.1   3.2 
Obs:
1964 -32.5 -37.6 -16.4  -2.4   6.8  12.7  14.4  13.1   4.6  -7.0 -19.2 -24.2 
1965 -29.8 -29.5 -19.0  -4.7   8.8  13.4  13.3  11.6   5.0  -2.7 -18.2 -28.2 
1966 -29.0 -23.5 -13.3  -4.1   5.5  13.0  12.5  12.7   7.7  -3.7 -14.5 -35.9 
1967 -35.9 -32.6 -19.8  -3.8   9.3  11.9  14.2  10.7   3.8  -5.4 -22.0 -31.1 
1968 -35.2 -33.6 -19.4  -3.8   6.2  13.6  15.0  10.4   2.9  -9.8 -20.9 -26.7 
1969 -40.0 -34.1 -19.8  -1.9   7.2  13.5  14.9  10.2   4.1  -3.1 -17.9 -29.8 
1970 -32.1 -29.6 -25.8  -4.4   5.9  12.2  15.7  11.6   3.7  -4.6 -20.1 -30.2 
1971 -29.3 -30.3 -19.8   0.6   6.6  11.0  13.4  11.5   4.5  -3.1 -14.9 -28.3 
1972 -29.9 -31.9 -15.2   1.7   8.3  14.5  13.2  12.1   3.7  -3.8 -15.4 -27.2 
1973 -29.8 -26.2 -18.3   1.6   4.2  13.4  13.0  11.8   7.2  -4.2 -17.5 -28.6 
1974 -31.6 -28.6 -18.1  -0.1   6.7  12.4  14.8  13.7   4.1  -8.3 -19.7 -32.3 
1975 -31.4 -28.4 -14.4  -4.0   5.7  12.2  12.9  11.8   5.5  -5.7 -18.6 -33.6 
1976 -33.7 -25.4 -18.7  -6.1   5.8  12.5  12.8  10.6   5.7  -3.4 -24.0 -27.4 
1977 -37.4 -26.9 -17.0  -2.9   4.4  12.8  14.7  13.5   7.9  -1.6 -16.4 -25.4 
1978 -31.1 -30.0 -14.6   0.3   6.6  14.6  13.8  11.4   6.3  -4.9 -15.8 -25.4 
1979 -26.7 -17.9 -12.1  -2.8   7.4  15.7  13.7  11.1   5.7   0.0 -15.9 -24.3 
1980 -32.5 -30.6 -23.7  -6.2   6.9  12.0  14.6  13.3   5.9  -5.8 -17.1 -28.4 
1981 -36.6 -30.1 -17.1   1.1   8.0  14.0  15.0  10.6   5.6  -9.1 -25.4 -31.5 
1982 -29.5 -32.0 -18.1   1.2   7.4  11.7  12.8  11.6  10.1  -0.7 -19.3 -27.6 
1983 -32.0 -28.1 -19.9  -6.4   6.7   9.7  12.6  12.0   4.7  -1.0 -13.9 -29.4 
1984 -33.9 -33.1 -17.7  -4.1   7.8  11.5  13.6   9.9   5.4  -1.9 -20.6 -31.0 
1985 -27.6 -28.4 -23.0  -0.7   6.0  11.3  13.2  11.2   4.4  -6.8 -20.5 -28.9 
1986 -30.6 -31.7 -18.9  -3.6   9.8  12.8  14.4  11.8   7.3  -3.8 -23.3 -26.8 
1987 -27.8 -24.3 -20.1  -0.9   6.7  10.5  12.9  11.8   6.3  -5.0 -19.1 -25.0 
1988 -32.0 -29.4 -21.6  -4.1   6.9  11.9  13.3  13.3   7.4  -2.7 -13.2 -22.2 
1989 -30.9 -28.3 -12.9   0.9   8.3  11.6  14.0  12.0   5.1  -0.4 -22.7 -23.7 
1990 -33.0 -24.2 -14.4  -4.1   7.8  11.3  14.7  11.4   5.5   0.6 -20.1 -24.6 
1991 -31.9 -26.2 -19.7  -6.8   6.2  12.9  15.3  13.4   5.6  -2.1 -15.9 -25.2 
1992 -30.3 -27.2 -16.7  -0.3   8.6  13.3  14.8  10.9   3.7  -6.1 -16.4 -28.9 
1993 -35.1 -23.0 -14.0  -6.5   5.1  11.4  13.0  11.6   5.4  -2.9 -18.0 -26.8 
1994 -25.5 -24.9 -16.2   1.7   7.0  13.1  13.5  11.4   4.5  -3.0  -9.7 -27.9 
1995 -31.3 -26.8 -14.0  -1.6   4.4  11.4  14.6  12.8   6.4  -1.6 -12.0 -24.7 
1996 -28.5 -25.3 -15.1  -2.2   7.0  10.9  15.8  11.4   5.3  -4.3 -18.2 -21.7 
1997 -28.1 -25.5  -9.6   2.7   8.9  12.7  11.8  12.8   6.1  -0.6 -16.2 -26.1 
1998 -31.5 -22.9 -11.8   1.6   7.9  12.5  15.0  14.6   8.0   0.4 -12.1 -24.1 
1999 -26.8 -23.4 -16.5   1.5  10.2  13.8  17.6  13.4   5.6   5.6 -16.1 -24.9 
2000 -34.3 -30.8 -15.5   1.6   9.4  15.8  17.2  14.2   7.3  -9.8 -24.0 -25.8 
2001 -32.8 -28.9 -13.7   0.5 -99.0  15.2  16.3  15.0   7.1 -99.0 -13.6 -30.0 
2002 -99.0 -24.7 -15.1  -3.9   8.7  15.9  18.8  16.3   7.1  -4.4 -15.6 -32.1 
2003 -28.0 -25.6 -18.6  -0.7   7.8  15.8  15.0  11.2   7.0  -3.1 -17.1 -28.2 
2004 -28.2 -21.2 -12.4   4.6   9.0  14.7  16.7  12.4   5.8  -3.9 -16.0 -25.4 
2005 -35.1 -36.3 -17.9   1.2   6.8  12.8  16.4  13.6   6.0  -1.4 -14.5 -32.5 
2006 -31.6 -24.4 -14.5  -1.6   5.4  13.0  14.9  12.7   6.8  -2.6 -16.0 -25.7 
2007 -29.2 -23.0 -12.4   2.1   9.2  14.4  18.1  14.7   7.7  -5.4 -16.9 -28.5 
2008 -36.5 -31.8  -9.5 -99.0   7.9  14.8  16.4  13.6   7.4  -2.2 -14.1 -25.1 
2009 -31.5 -24.8 -14.6 -99.0   8.6  12.5  15.6  12.5   6.5  -1.6 -22.0 -31.5 
2010 -99.0 -31.8 -18.8  -5.5 -99.0  15.4  16.2 -99.0 -99.0  -3.8 -15.1 -25.4 
2011 -38.7 -99.0 -20.4   7.0   5.7 -99.0 -99.0 -99.0 -99.0 -99.0 -99.0 -99.0 
