Number= 442850
Name= KHUJIRT
Country= MONGOLIA
Lat=   46.9
Long= -102.8
Height= 1662
Start year= 1948
End year= 2011
First Good year= 1948
Source ID= 10
Source file= Jones+Anders
Jones data to= 1991
Normals source= Data
Normals source start year= 1961
Normals source end year= 1990
Normals= -20.9 -18.2  -8.7   0.6   8.3  13.0  14.6  12.9   6.9  -0.9 -11.1 -18.5 
Standard deviations source= Data
Standard deviations source start year= 1948
Standard deviations source end year= 1990
Standard deviations=   2.5   3.3   2.8   1.7   1.5   1.0   1.0   1.0   1.2   2.0   3.4   3.7 
Obs:
1948 -21.2 -21.0  -4.1   3.1   4.3  13.6  15.8  13.7   5.7  -2.6 -15.3 -17.2 
1949 -21.2 -15.4 -11.5   1.6   7.5  12.9  15.4  12.4   5.7  -0.5 -12.9 -25.4 
1950 -19.6 -19.8  -7.0  -1.6   8.2  13.5  15.6  12.3   7.4  -5.0 -16.4 -19.7 
1951 -22.8 -18.8 -10.9 -99.0   9.3  15.8  15.2  12.2   5.8   0.6 -13.0 -17.7 
1952 -20.0 -23.9  -9.1  -0.2   8.2  13.4  15.8  13.3   7.4  -2.2 -16.8 -21.2 
1953 -24.0 -22.0  -6.4  -1.2   8.0  14.1  14.8  13.0   7.2  -0.3 -10.8 -20.4 
1954 -21.3 -18.4 -13.8  -0.9   2.7  13.1  15.7  15.0   7.4  -2.1 -12.8 -30.4 
1955 -25.8 -17.1 -11.3  -0.7   7.0  11.9  14.2  14.0   6.2  -2.3 -10.2 -16.1 
1956 -20.9 -21.2  -9.5   0.6   6.4  12.1  13.9  12.9   7.5  -1.6 -16.8 -25.2 
1957 -26.9 -24.8 -12.1   0.9   6.2  13.1  13.0  12.1   5.1  -1.6 -10.1 -18.0 
1958 -23.1 -18.2 -11.9   0.4   8.2  12.9  14.9  13.2   7.3  -2.7 -11.6 -15.6 
1959 -20.5 -16.0  -7.4   1.9   7.4  11.8  14.7  13.1   7.0   0.7 -17.2 -24.4 
1960 -22.7 -16.2  -7.8   0.9   5.8  12.4  15.3  12.7   7.0  -2.2 -14.3 -21.7 
1961 -21.5 -15.5  -8.4   4.1   7.1  12.2  14.1  11.9   6.8  -2.1 -10.8 -18.4 
1962 -21.9 -16.3  -7.6  -0.5   7.9  12.6  13.6  12.8   7.6  -0.8 -13.4 -12.4 
1963 -17.8 -17.2  -3.2  -3.1   8.9  12.8  14.1  14.0   6.4  -1.6  -9.3 -17.0 
1964 -20.4 -26.2  -8.5   1.7   8.4  12.8  14.3  13.6   5.2  -3.0  -8.5 -17.0 
1965 -19.7 -15.7  -7.2   0.1   9.1  14.2  13.8  13.2   7.1   1.5  -9.7 -17.0 
1966 -18.8 -13.3  -6.7  -1.3   7.4  13.0  13.2  12.8   8.4  -0.3 -12.6 -24.7 
1967 -19.9 -17.1  -7.5   0.4  10.7  12.8  14.8  13.0   6.8  -0.3 -14.8 -22.4 
1968 -24.5 -23.3  -8.0   0.6   7.1  14.4  15.8  11.1   5.0  -2.6 -11.0 -16.6 
1969 -26.8 -22.6  -9.2   1.3   8.6  13.5  14.8  11.1   5.9  -1.0 -10.9 -21.0 
1970 -22.0 -18.5 -17.0  -0.1   7.4  12.9  16.2  14.2   1.7  -7.6 -22.8 -27.3 
1971 -20.7 -21.5 -13.0   1.8   7.8  10.9  14.4  13.0   6.2   1.5  -9.3 -20.3 
1972 -20.5 -22.0  -5.5   2.1   9.9  14.1  14.7  13.1   6.2  -1.9 -10.5 -16.6 
1973 -18.3 -16.7  -6.4   1.6   6.3  14.0  13.7  12.0   8.5  -1.6  -9.4 -16.5 
1974 -21.8 -18.6 -10.7   2.4   8.2  13.4  14.7  14.3   5.6  -3.2 -12.4 -22.6 
1975 -19.6 -17.6  -5.9  -1.5   7.3  13.3  13.4  14.8   8.1  -1.0  -8.8 -19.7 
1976 -17.9 -11.4 -11.0  -1.5   6.9  12.2  13.4  10.9   7.4  -0.3 -16.0 -20.4 
1977 -27.5 -19.3  -7.4  -0.1   6.1  13.0  15.4  14.2   9.1   1.2  -7.8 -15.3 
1978 -18.3 -15.5  -7.0   2.3   8.0  13.7  13.9  13.1   7.7  -1.1 -10.3 -18.6 
1979 -20.2 -10.7  -8.3  -1.4   9.4  14.6  16.3  13.1   6.6   2.2 -11.1 -18.1 
1980 -21.5 -17.6 -12.5  -1.5   8.3  13.6  16.9  13.4   7.3  -2.0  -8.3 -16.8 
1981 -25.2 -18.5  -5.6   3.5   7.8  13.6  16.8  12.0   7.5  -4.0 -15.1 -17.3 
1982 -20.1 -19.1  -7.5   3.6   8.2  12.5  13.8  12.7   7.5   1.5  -3.6 -20.0 
1983 -21.5 -20.6 -11.0  -1.2   9.7  10.5  13.6  13.3   7.0   0.0  -9.3 -19.3 
1984 -23.6 -22.3  -9.5   0.6   9.6  13.5  13.8  11.0   7.5  -0.3  -9.8 -21.5 
1985 -18.3 -19.0  -9.8   1.5   8.3  12.8  13.2  12.1   5.3   0.2 -10.5 -20.2 
1986 -19.8 -20.1  -8.2  -1.1  10.6  14.7  14.6  13.1   8.2  -1.6 -17.2 -19.0 
1987 -18.9 -16.9 -12.4   2.7   8.1  12.0  14.4  13.1   8.1  -2.3 -12.0 -16.4 
1988 -21.7 -21.6 -14.0   0.1   7.5  14.0  15.2  14.3   7.8   0.0  -7.5 -16.8 
1989 -18.3 -17.3  -7.0   3.3   9.0  12.6  15.4  13.2   7.2   1.3 -12.3 -12.1 
1990 -19.5 -14.1  -5.9  -1.2   9.0  11.0  15.0  11.8   6.7   3.0  -7.9 -14.8 
1991 -99.0 -99.0 -99.0 -99.0 -99.0 -99.0 -99.0 -99.0 -99.0 -99.0 -99.0 -25.5 
1992 -99.0 -99.0 -99.0   4.1 -99.0 -99.0 -99.0  12.9 -99.0 -99.0 -10.4 -19.0 
1993 -23.6 -13.6  -5.1  -0.5  10.0  12.5  13.9  12.5   7.4  -4.4 -12.8 -99.0 
1994 -17.6 -13.8  -8.0   3.1   9.4  13.8 -99.0 -99.0 -99.0 -99.0 -99.0 -99.0 
1995 -99.0 -99.0 -99.0 -99.0 -99.0 -99.0 -99.0 -99.0 -99.0 -99.0 -99.0 -99.0 
1996 -99.0 -99.0  -8.6   1.1   9.7  12.0  16.2  14.0   8.3  -0.3 -17.3 -13.8 
1997 -18.9 -13.9  -2.2   3.6   9.7  14.6  15.9  14.6   6.8  -4.2 -14.9 -16.8 
1998 -21.3 -12.3  -6.9   4.1   9.5  13.8  16.5  13.9  10.1   0.8 -99.0 -16.3 
1999 -19.0 -12.2 -11.5   3.3   9.1  13.9  14.5  15.3   7.0   7.0  -8.0 -18.0 
2000 -26.2 -20.6  -8.8   2.3  11.0  16.9  17.1  11.9   9.6  -3.1 -15.8 -16.6 
2001 -22.8 -17.0  -5.6   2.6 -99.0  16.5  16.7  15.0  10.1 -99.0  -9.3 -22.2 
2002 -99.0 -14.1  -6.4   0.2   9.4  16.5  19.3  10.6   8.7  -2.2 -11.7 -18.5 
2003 -17.9 -13.6  -6.7   1.6   8.6  15.1  15.4  12.6   8.7   2.0 -13.8 -19.7 
2004 -19.5 -12.7  -7.5   6.1   9.1  14.5  16.8  14.1   7.9   0.0 -11.0 -18.0 
2005 -24.7 -24.1  -6.4   3.3   8.4  14.2  17.6  15.6   8.6   1.1  -8.5 -16.4 
2006 -20.6 -16.5  -5.6   0.4   7.4  13.4  15.9  14.9   9.3   1.8  -6.8 -15.0 
2007 -18.8 -10.4 -99.0   2.9  11.5  17.0  19.0  15.1  10.3  -1.5  -7.8 -16.0 
2008 -23.2 -17.1  -3.3   3.5   8.1  14.2  16.9  15.6  10.1   1.0  -6.9 -16.9 
2009 -19.8 -16.2  -6.9 -99.0  10.6  13.6  16.8  14.3   9.3   0.6 -14.0 -21.7 
2010 -99.0 -18.6 -10.9  -2.8 -99.0  15.8  18.5 -99.0 -99.0   0.3 -10.9 -19.6 
2011 -28.1 -99.0 -13.7   3.4   7.1 -99.0 -99.0 -99.0 -99.0 -99.0 -99.0 -99.0 
