Number= 443137
Name= MONGOLIAN STATION, E
Country= ASTERN
Lat=   47.6
Long= -118.6
Height= -999
Start year= 1961
End year= 2010
First Good year= 1961
Source ID= 31
Source file= Jones
Jones data to= 1983
Normals source= Data
Normals source start year= 1961
Normals source end year= 1983
Normals= -23.8 -21.6 -10.9   2.2  10.8  17.5  20.3  17.7  10.4   0.9 -11.4 -20.2 
Standard deviations source= Data
Standard deviations source start year= 1961
Standard deviations source end year= 1983
Standard deviations=   2.4   2.6   2.3   1.6   1.5   1.3   1.0   1.1   0.9   1.5   2.2   2.2 
Obs:
1961 -99.0 -99.0 -99.0 -99.0 -99.0 -99.0 -99.0 -99.0 -99.0 -99.0 -99.0 -99.0 
1962 -21.6 -19.3 -12.4   1.9   9.6  17.7  20.6  18.5  10.0   0.4 -13.8 -15.9 
1963 -24.2 -17.6  -6.5   1.5  12.1  17.2  20.2  18.8  10.2   0.4 -10.6 -18.3 
1964 -20.2 -25.2 -11.2   3.2  12.8  18.9  19.7  18.9   9.7  -0.3  -9.8 -20.1 
1965 -23.7 -21.6 -10.6   1.0  11.2  19.8  19.0  17.7  10.3   3.6 -12.8 -23.0 
1966 -25.2 -19.8 -14.0 -99.0 -99.0  18.1 -99.0  18.6  12.1   3.9 -99.0 -99.0 
1967 -22.6 -19.6 -99.0   4.8  14.9  17.8  21.5  18.8  11.0   2.1 -14.2 -22.7 
1968 -24.9 -24.8  -7.9   3.7  10.7  17.2  22.6  16.7   8.7   0.8 -11.8 -19.5 
1969 -27.7 -27.2 -13.5   2.1   8.5  17.3  20.1  16.8   9.1   1.6 -99.0 -99.0 
1970 -26.7 -22.0 -15.7   2.3  11.4  20.0  19.7  18.3   9.4   0.1 -12.0 -21.9 
1971 -22.8 -22.5 -14.3   1.4  10.4  16.6  19.2  17.9   9.3   1.4  -7.6 -20.2 
1972 -22.0 -22.5  -9.9   2.4  10.0  15.4  20.8  15.8   9.8  -0.5 -12.8 -19.4 
1973 -22.5 -21.8 -11.1   1.3   9.7  18.3  20.7  16.1  11.4  -0.3  -9.8 -18.5 
1974 -23.5 -21.3 -12.5   1.0   9.1  16.7  21.2  18.0  10.5  -1.5 -12.2 -21.7 
1975 -21.7 -20.6  -7.8   4.0  11.8  16.6  19.2  18.8  11.8   1.9  -6.7 -19.4 
1976 -21.1 -15.7 -10.2   0.9   9.6  15.3  20.6  15.6  11.0   0.2 -13.1 -23.4 
1977 -29.3 -24.2  -8.4   2.2  11.0  16.5  20.5  17.6  11.0   2.0 -13.0 -20.2 
1978 -23.6 -23.6 -12.9   2.1  10.0  17.8  18.8  17.7  11.6  -0.2  -8.7 -19.7 
1979 -22.6 -18.9 -10.2   0.2  13.2  18.4  20.2  16.6   9.5   3.3 -13.5 -19.4 
1980 -25.4 -21.8 -11.3  -1.4   9.6  19.1  20.8  18.4  10.7  -0.9  -9.8 -24.6 
1981 -27.8 -22.8 -10.2   6.0 -99.0  16.5  22.2  16.7   9.7  -0.7 -14.5 -17.5 
1982 -22.7 -18.3  -9.1   4.5   9.2  19.0  19.7  19.6  10.9   1.7  -9.4 -18.1 
1983 -20.7 -23.0  -8.6   1.5  11.5  15.2  18.5  18.1  10.9   0.8 -99.0 -99.0 
1984 -99.0 -99.0 -99.0 -99.0 -99.0 -99.0 -99.0 -99.0 -99.0 -99.0 -99.0 -99.0 
1985 -99.0 -99.0 -99.0 -99.0 -99.0 -99.0 -99.0 -99.0 -99.0 -99.0 -99.0 -99.0 
1986 -99.0 -99.0 -99.0 -99.0 -99.0 -99.0 -99.0 -99.0 -99.0 -99.0 -99.0 -99.0 
1987 -99.0 -99.0 -99.0 -99.0 -99.0 -99.0 -99.0 -99.0 -99.0 -99.0 -99.0 -99.0 
1988 -99.0 -99.0 -99.0 -99.0 -99.0 -99.0 -99.0 -99.0 -99.0 -99.0 -99.0 -99.0 
1989 -99.0 -99.0 -99.0 -99.0 -99.0 -99.0 -99.0 -99.0 -99.0 -99.0 -99.0 -99.0 
1990 -99.0 -99.0 -99.0 -99.0 -99.0 -99.0 -99.0 -99.0 -99.0 -99.0 -99.0 -99.0 
1991 -99.0 -99.0 -99.0 -99.0 -99.0 -99.0 -99.0 -99.0 -99.0 -99.0 -99.0 -99.0 
1992 -99.0 -99.0 -99.0 -99.0 -99.0 -99.0 -99.0 -99.0 -99.0 -99.0 -99.0 -99.0 
1993 -99.0 -99.0 -99.0 -99.0 -99.0 -99.0 -99.0 -99.0 -99.0 -99.0 -99.0 -99.0 
1994 -99.0 -99.0 -99.0 -99.0 -99.0 -99.0 -99.0 -99.0 -99.0 -99.0 -99.0 -99.0 
1995 -99.0 -99.0 -99.0 -99.0 -99.0 -99.0 -99.0 -99.0 -99.0 -99.0 -99.0 -99.0 
1996 -99.0 -99.0 -99.0 -99.0 -99.0 -99.0 -99.0 -99.0 -99.0 -99.0 -99.0 -99.0 
1997 -99.0 -99.0 -99.0 -99.0 -99.0 -99.0 -99.0 -99.0 -99.0 -99.0 -99.0 -99.0 
1998 -99.0 -99.0 -99.0 -99.0 -99.0 -99.0 -99.0 -99.0 -99.0 -99.0 -99.0 -99.0 
1999 -99.0 -99.0 -99.0 -99.0 -99.0 -99.0 -99.0 -99.0 -99.0 -99.0 -99.0 -99.0 
2000 -99.0 -99.0 -99.0 -99.0 -99.0 -99.0 -99.0 -99.0 -99.0 -99.0 -99.0 -99.0 
2001 -99.0 -99.0 -99.0 -99.0 -99.0 -99.0 -99.0 -99.0 -99.0 -99.0 -99.0 -99.0 
2002 -99.0 -99.0 -99.0 -99.0 -99.0 -99.0 -99.0 -99.0 -99.0 -99.0 -99.0 -99.0 
2003 -99.0 -99.0 -99.0 -99.0 -99.0 -99.0 -99.0 -99.0 -99.0 -99.0 -99.0 -99.0 
2004 -99.0 -99.0 -99.0 -99.0 -99.0 -99.0 -99.0 -99.0 -99.0 -99.0 -99.0 -99.0 
2005 -99.0 -99.0 -99.0 -99.0 -99.0 -99.0 -99.0 -99.0 -99.0 -99.0 -99.0 -99.0 
2006 -99.0 -99.0 -99.0 -99.0 -99.0 -99.0 -99.0 -99.0 -99.0 -99.0 -99.0 -99.0 
2007 -99.0 -99.0 -99.0 -99.0 -99.0 -99.0 -99.0 -99.0 -99.0 -99.0 -99.0 -99.0 
2008 -99.0 -99.0 -99.0 -99.0 -99.0 -99.0 -99.0 -99.0 -99.0 -99.0 -99.0 -99.0 
2009 -99.0 -99.0 -99.0 -99.0 -99.0 -99.0 -99.0 -99.0 -99.0 -99.0 -99.0 -99.0 
2010 -99.0 -99.0 -99.0 -99.0 -99.0  21.2  21.7 -99.0 -99.0   1.7 -99.0 -99.0 
