Number= 443580
Name= ZAMYN-UUD
Country= MONGOLIA
Lat=   43.7
Long= -111.9
Height= 964
Start year= 1955
End year= 2011
First Good year= 1955
Source ID= 10
Source file= Jones+Anders
Jones data to= 1991
Normals source= Data
Normals source start year= 1961
Normals source end year= 1990
Normals= -18.8 -14.8  -4.4   6.1  14.5  20.4  22.9  20.8  13.6   4.5  -6.8 -15.9 
Standard deviations source= Data
Standard deviations source start year= 1955
Standard deviations source end year= 1990
Standard deviations=   2.7   4.0   2.4   1.4   1.1   0.9   1.1   1.0   1.0   1.5   2.4   3.2 
Obs:
1955 -99.0 -99.0 -99.0 -99.0 -99.0 -99.0 -99.0 -99.0 -99.0 -99.0  -6.6 -12.2 
1956 -19.0 -16.8  -5.5   4.8  13.2  19.2  21.0  20.9  14.0   4.0 -12.8 -25.9 
1957 -24.2 -23.2  -9.2   7.0  12.4  20.4  21.3  20.5  11.0   4.2  -5.2 -18.9 
1958 -20.4 -16.7  -5.5   6.8  14.5  22.0  24.0  18.9  14.3   2.8  -6.9 -10.5 
1959 -17.7 -12.0  -1.3   6.8  14.7  19.1  21.7  19.9  12.4   6.1 -10.8 -16.3 
1960 -18.8  -9.7  -2.6   5.5  12.3  20.0  23.8  21.6  14.2   4.5  -9.0 -17.8 
1961 -17.0 -10.9  -2.2   8.2  13.3  21.8  23.4  20.0  13.6   4.2  -5.0 -16.3 
1962 -19.0 -12.5  -5.8   4.2  13.4  19.5  22.0  22.4  13.4   3.7  -9.0 -12.7 
1963 -17.5 -13.2  -1.0   5.4  16.4  21.6  22.6  21.9  14.0   3.5  -6.7 -17.4 
1964 -22.2 -24.9  -6.7   8.2  16.5  21.1  22.4  21.0  13.5   2.4  -5.4 -14.2 
1965 -16.4 -11.6  -4.5   5.0  15.3  21.7  22.2  21.8  13.9   6.5  -5.9 -14.3 
1966 -17.0  -9.1  -4.2   5.0  14.6  20.2  23.0  21.6  14.8   5.4  -6.6 -18.5 
1967 -17.0 -17.7  -3.2   6.5  16.5  19.0  22.8  21.6  12.7   4.9 -10.2 -24.5 
1968 -24.0 -23.3  -4.8   6.7  14.0  21.8  25.1  19.8  12.5   3.2  -5.5 -13.0 
1969 -22.5 -18.0  -6.1   5.5  14.3  20.4  22.8  18.5  13.4   4.7  -9.2 -16.9 
1970 -17.9 -13.4 -10.9   6.1  14.7  21.5  23.1  21.6  11.9   5.6  -7.8 -16.9 
1971 -19.4 -15.7  -4.9   6.3  14.6  20.9  23.0  21.0  14.2   4.1  -8.1 -16.8 
1972 -20.3 -17.9  -2.3   6.5  14.6  21.0  23.5  20.7  12.6   3.4  -7.2 -15.3 
1973 -17.6 -16.5  -3.8   7.2  13.4  20.7  22.5  19.2  14.1   3.0  -5.2 -13.6 
1974 -16.2 -15.4  -6.3   5.8  13.8  19.5  22.4  22.0  13.4   0.9  -5.8 -18.7 
1975 -15.8 -12.9  -2.4   7.2  13.1  20.1  23.4  22.6  15.6   5.5  -3.4 -16.2 
1976 -16.1  -7.9  -4.8   4.0  12.8  18.7  21.6  19.7  14.0   4.6  -8.9 -14.8 
1977 -21.9 -13.8  -1.9   7.0  14.1  19.8  23.3  21.0  14.9   4.9  -9.9 -17.4 
1978 -20.1 -16.3  -4.0   6.3  14.0  20.6  21.9  20.2  15.7   3.7  -4.3 -13.9 
1979 -14.8  -9.5  -3.7   3.8  14.2  19.4  22.4  19.7  12.0   7.2  -7.7 -13.3 
1980 -17.7 -14.7  -5.4   2.8  15.1  21.6  25.2  21.1  12.1   2.6  -3.5 -16.7 
1981 -24.1 -18.5  -2.3   8.1  13.5  21.0  25.2  18.5  13.8   1.3 -11.1 -15.0 
1982 -17.1 -11.0  -2.5   7.1  14.0  19.8  22.5  21.1  13.6   7.1  -6.5 -15.2 
1983 -17.1 -17.0  -3.5   5.2  16.0  19.7  22.7  21.2  14.0   5.0  -4.0 -13.0 
1984 -19.1 -15.8  -6.5   5.8  15.1  20.1  22.8  20.5  13.4   5.0  -5.8 -16.0 
1985 -18.0 -14.3  -8.6   6.0  15.3  20.5  21.6  20.8  12.2   6.0 -11.5 -22.1 
1986 -21.5 -18.5  -2.8   5.0  16.3  21.1  21.2  20.5  12.5   4.0  -8.7 -18.2 
1987 -21.2 -17.7  -7.2   8.7  14.0  19.0  22.8  20.5  14.6   4.5  -6.0 -12.0 
1988 -16.1 -14.5  -6.7   4.8  13.1  20.6  24.5  20.3  14.2   5.8  -4.7 -14.3 
1989 -14.7 -10.2  -3.8   8.7  15.6  19.7  22.9  22.0  12.9   5.4  -7.4 -16.2 
1990 -23.6  -9.9   0.8   5.2  14.4  19.1  22.1  20.4  13.9   8.0  -3.7 -13.7 
1991 -99.0 -99.0 -99.0 -99.0 -99.0 -99.0 -99.0 -99.0 -99.0 -99.0 -99.0 -21.9 
1992 -99.0 -99.0 -99.0   6.5 -99.0 -99.0 -99.0  20.3 -99.0 -99.0  -9.0 -16.4 
1993 -17.2 -11.9 -99.0  10.1 -99.0 -99.0  21.8  19.9  15.2   9.2 -13.2 -12.0 
1994 -17.3 -13.4  -5.1   8.1  16.9  22.0  26.8 -99.0 -99.0 -99.0 -99.0 -99.0 
1995 -99.0 -99.0 -99.0 -99.0 -99.0 -99.0 -99.0 -99.0 -99.0 -99.0 -99.0 -99.0 
1996 -99.0 -99.0  -4.6   6.1  15.3  19.5  22.2  20.4  14.4   5.1 -12.7  -8.3 
1997 -18.6 -12.5  -0.3   7.0  14.3  20.7  24.7  22.2  11.2  -0.6  -8.6 -12.2 
1998 -17.4  -7.1  -1.0  11.3  16.6  19.9  22.4  19.3  17.2   7.2  -6.4 -15.2 
1999 -16.2  -8.7  -5.4   8.3  15.9  22.3  23.6  22.1  15.0   4.6 -10.8 -14.5 
2000 -23.8 -15.9  -2.2   6.7  15.9  22.2  26.6  17.7  16.2   3.4  -9.6 -17.6 
2001 -19.2 -11.6  -3.0   7.5 -99.0  22.5  24.9  23.0  16.7   7.0  -5.1 -16.5 
2002 -10.0  -6.7   1.0   6.9  15.8  21.9  25.3  23.4  14.8   1.5  -8.4 -16.9 
2003 -20.3 -14.9  -3.9   6.0  15.0  18.9  22.1  20.8  15.7   4.8  -6.3 -13.8 
2004 -15.7  -8.5  -3.4  10.0  15.2  20.6  23.9  20.8  13.7   6.3  -5.0 -14.2 
2005 -15.9 -18.4  -3.8   7.6  14.6  22.5  25.2  23.4  15.9   3.9  -3.7 -18.2 
2006 -15.7 -11.8  -2.0   5.4  15.0  20.8  23.8  23.6  15.8   8.5  -4.7 -16.2 
2007 -18.7  -6.4 -99.0   7.3  15.8  23.6  24.7  22.8  17.4   5.4  -4.3 -14.0 
2008 -18.7 -13.1   0.3   9.6  13.2  20.3  24.8  21.8  15.4   6.4  -3.1 -13.2 
2009 -17.1  -9.9  -2.3 -99.0  17.0  20.3  24.4  22.5  15.1   5.6  -9.7 -99.0 
2010 -99.0 -14.7  -5.3   2.9 -99.0  23.4  27.2 -99.0 -99.0   6.1  -4.3 -13.4 
2011 -21.9 -99.0  -3.3   7.1  13.6 -99.0 -99.0 -99.0 -99.0 -99.0 -99.0 -99.0 
