Number= 443730
Name= DALANZADGAD
Country= MONGOLIA
Lat=   43.6
Long= -104.4
Height= 1465
Start year= 1936
End year= 2011
First Good year= 1936
Source ID= 10
Source file= Jones+Anders
Jones data to= 2001
Normals source= Data
Normals source start year= 1961
Normals source end year= 1990
Normals= -14.9 -11.0  -3.1   6.2  14.3  19.4  21.1  19.4  13.3   4.9  -5.2 -12.7 
Standard deviations source= Data
Standard deviations source start year= 1941
Standard deviations source end year= 1990
Standard deviations=   2.5   3.1   2.1   1.8   1.4   1.0   1.0   1.0   1.0   1.6   2.3   3.3 
Obs:
1936 -99.0 -99.0 -99.0 -99.0 -99.0 -99.0 -99.0 -99.0 -99.0 -99.0  -5.0 -14.5 
1937 -13.7 -10.8  -5.4 -99.0 -99.0 -99.0 -99.0  18.7 -99.0 -99.0 -99.0 -99.0 
1938 -99.0 -99.0 -99.0 -99.0  11.8  17.6  22.4  18.9  14.2   5.1  -3.7 -14.7 
1939 -15.1 -10.7  -3.6   5.3  13.4 -99.0 -99.0  20.5  12.2 -99.0 -99.0 -99.0 
1940 -14.1 -11.4  -1.2   5.8  14.3  20.7 -99.0  16.8  13.2   6.6  -5.3  -9.0 
1941 -14.5 -11.7  -3.0   7.1  13.5  18.2  22.8  20.4  12.7   5.1  -4.2 -11.8 
1942 -16.0 -16.8   0.9   5.4  12.3  20.0  20.8  21.1  13.2   5.5  -4.0 -12.8 
1943 -17.8 -11.3  -6.0   5.9  13.7  18.4  22.0  18.8  12.4   4.7  -6.1 -14.3 
1944 -20.0 -16.7  -4.7   5.1  13.4  21.0  22.8  20.8  13.4   4.0  -8.8 -21.9 
1945 -20.2 -17.7  -3.8   9.1  14.7  19.6  21.7  19.8  14.0   5.4  -2.7 -11.1 
1946 -11.1  -7.4  -6.9   8.7  12.1  20.6  22.4  20.6  13.6   6.4  -4.4 -17.1 
1947 -18.8 -14.0  -5.9   8.4  14.3  19.9  21.9  18.0  12.8   3.0  -7.4 -18.4 
1948 -14.6 -10.7   0.1   8.1  11.4  20.2  21.7  20.4  14.1   3.8 -11.0 -11.9 
1949 -13.5  -9.3  -5.0   6.0  13.8  20.0  22.0  20.0  13.3   4.8  -6.4 -17.0 
1950 -12.8 -11.8  -1.2   4.9  13.6  18.4  20.8  19.2  13.0   3.3  -9.8 -14.8 
1951 -16.8 -12.2  -5.2   1.6  15.4  21.8  21.8  20.8  11.4   7.1  -5.4 -10.6 
1952 -13.9 -15.9  -2.8   6.2  14.0  20.3  21.5  18.5  13.8   3.5  -8.2 -15.2 
1953 -15.8 -14.2  -0.8   3.1  13.7  18.9  21.0  20.9  14.4   5.8  -6.1 -13.0 
1954 -14.4 -10.2  -4.7   5.5   9.9  18.7  21.4  19.8  13.4   3.3  -4.7 -23.2 
1955 -18.8  -9.4  -4.3   3.7  13.0  17.7  20.5  19.3  13.7 -99.0 -99.0 -99.0 
1956 -15.6 -14.6  -3.4   6.8  12.4  18.0  20.4  18.6  13.7   4.6  -7.9 -16.0 
1957 -15.4 -14.7  -3.2   7.0  11.5  18.6  19.8  19.8  11.5   4.9  -3.3 -10.6 
1958 -16.1 -11.2  -2.7   6.8  14.3  20.2  21.0  18.3  14.5   3.8  -4.9  -8.1 
1959 -14.8  -9.7  -2.0   7.4  14.0  18.3  21.5  20.0  12.3   7.2 -10.3 -14.8 
1960 -16.0  -7.2  -1.6   5.5  13.0  18.7  22.8  20.8  13.7   5.2  -7.2 -16.4 
1961 -15.5  -9.1  -2.9   9.3  13.6  20.3  21.6  18.4  12.9   3.6  -5.4 -14.6 
1962 -18.3 -12.3  -4.1   3.4  13.0  18.6  19.5  19.9  13.8   4.6  -7.5  -8.3 
1963 -14.8 -10.4   1.2   4.0  15.4  20.6  20.9  20.2  13.9   4.0  -4.4 -12.6 
1964 -17.2 -99.0  -3.0   8.7  15.7  19.6  20.4  19.3  12.1   3.6  -3.7 -12.5 
1965 -13.9  -9.5  -3.1   5.5  14.7  20.2  20.5  20.0  14.1   6.8  -4.4 -13.3 
1966 -13.3  -7.2  -1.4   5.2  13.7  18.8  20.4  19.2  13.7   4.8  -4.9 -17.3 
1967 -15.7 -12.6  -2.4   6.2  16.6  19.2  20.8  20.5  12.8   4.5 -10.3 -19.3 
1968 -21.1 -19.6  -2.6   6.3  13.5  20.0  22.0  17.8  11.4   3.3  -3.7 -11.0 
1969 -19.9 -15.4  -3.8   6.3  16.2  18.8  19.5  16.8  12.2   5.3  -7.4 -15.5 
1970 -16.6 -11.1  -8.7   4.7  14.0  19.6  23.2  21.5  11.3   5.4  -7.2 -13.4 
1971 -13.0 -11.7  -5.2   7.2  14.2  17.2  21.0  18.9  12.2   4.8  -4.6 -16.0 
1972 -14.8 -15.0  -0.2   6.8  16.1  20.1  22.4  20.7  12.1   4.4  -4.6 -11.3 
1973 -13.8 -11.3  -2.5   7.2  12.3  19.9  20.7  18.1  13.4   3.4  -3.7 -11.4 
1974 -14.4 -12.5  -5.3   7.2  14.5  19.5  20.9  19.7  12.3   1.8  -3.6 -17.5 
1975 -12.1  -9.7  -1.5   5.2  12.5  19.6  20.0  20.8  15.3   5.4  -3.8 -14.7 
1976 -12.5  -6.1  -5.3   4.0  12.7  18.1  19.3  18.1  14.2   6.6  -7.8 -13.3 
1977 -20.1 -11.7  -1.5   6.0  12.1  17.7  20.3  20.2  14.3   6.3  -5.8 -10.1 
1978 -13.6 -10.5  -2.7   8.3  14.2  20.8  20.2  20.0  14.8   4.0  -3.8  -9.6 
1979 -12.2  -4.6  -2.9   5.0  13.9  18.8  20.4  19.9  12.7   7.9  -6.8  -9.9 
1980 -99.0 -99.0  -5.1   3.6  14.1  20.3  23.1  18.4  13.2   4.1  -1.2 -12.3 
1981 -17.1 -10.7  -0.3   8.7  13.3  20.1  23.4  18.0  14.5   0.6  -8.9 -12.2 
1982 -12.1  -9.0  -0.8   7.6  14.2  18.4  21.8  18.9  13.9   8.2  -4.5 -12.4 
1983 -13.8 -13.0  -2.4   4.1  16.0  18.6  20.9  18.6  13.5   5.8  -3.1 -11.5 
1984 -17.1 -15.2  -4.3   5.7  15.6  18.9  21.0  18.4  13.4   5.8  -5.4 -16.9 
1985 -13.6 -11.4  -6.8   6.7  14.3  20.4  19.4  19.9  12.1   6.6  -6.9 -13.9 
1986 -13.1 -12.0  -2.4   4.5  16.7  20.8  20.9  19.7  12.4   3.4  -8.6 -12.1 
1987 -11.6  -6.7  -5.2   9.3  14.2  18.6  21.3  19.2  15.0   2.0  -4.4  -9.8 
1988 -14.6 -12.3  -6.0   5.4  13.2  20.6  23.4  20.4  13.2   5.4  -2.4 -10.5 
1989 -12.0  -9.4  -2.3   8.3  14.8  19.3  21.3  20.3  12.8   6.7  -6.2  -7.8 
1990 -14.8  -8.4  -0.2   4.2  14.2  17.5  21.2  19.6  14.1   8.4  -2.2 -10.0 
1991 -13.0  -8.8  -2.7   4.1  14.1  19.5  22.5  21.8  13.7   5.5  -3.6 -12.1 
1992 -13.2 -10.1  -3.3   8.1  14.5  19.8  22.0  19.8  13.5   2.6  -4.8 -11.2 
1993 -14.6 -12.9  -0.4   4.7  13.7  19.1  20.0  17.3  14.3   5.9  -7.9 -13.9 
1994 -12.4  -8.6  -3.2   9.1  15.4  20.2  21.6  20.9  12.9   2.8  -0.3 -11.1 
1995 -13.1  -8.1   2.5   4.6  11.8  19.2  22.2  20.6  14.0   7.0  -2.6 -11.2 
1996 -15.3 -11.3  -2.3   6.2  14.6  18.9  21.7  19.2  14.7   6.3 -11.6  -8.5 
1997 -13.2  -8.1   2.2   7.9  15.3  19.9  22.7  21.6  11.1   0.4  -8.2 -10.2 
1998 -16.1  -6.6  -2.0  10.7  14.2  19.5  22.5  19.4  17.2   7.7  -0.5  -8.5 
1999 -12.0  -7.2  -3.5   8.9  15.1  22.0  24.3  21.6  13.4   5.7  -2.6  -9.7 
2000 -16.8 -10.1  -0.5   6.8  15.7  21.1  25.0  19.7  16.1   3.4  -7.1  -7.8 
2001 -13.2  -8.5 -99.0   7.7 -99.0  21.4  24.1  21.5  16.5   7.3  -3.1 -14.7 
2002  -9.2  -5.4  -0.3   6.0  15.3  22.4  24.9  15.5  14.1   3.8  -5.0 -14.1 
2003 -13.9  -9.2  -1.7   6.8  13.6  19.7  21.4  19.2  15.4   7.3  -6.9 -11.9 
2004 -13.6  -6.5  -1.7  11.4  15.2  19.2  22.7  19.8  11.9   5.8  -4.1 -11.5 
2005 -15.9 -18.6  -2.0   8.7  14.2  21.3  24.6  21.0  15.5   6.8  -2.4 -14.9 
2006 -12.8  -9.3  -0.3   6.8  15.4  19.9  22.1  23.2  15.4   9.1  -2.2 -12.4 
2007 -11.8  -2.7 -99.0   6.8  16.5  23.1  22.6  20.9  15.9   4.2  -3.2 -12.5 
2008 -17.3 -12.4   1.6   8.9  13.7  19.7  23.7  21.1  15.9   6.5  -1.9 -12.2 
2009 -13.4  -7.1  -0.6 -99.0  15.8  19.9  23.6  21.8  14.6   6.9  -6.7 -12.2 
2010 -99.0 -11.2  -3.8   2.7 -99.0  22.7  25.7 -99.0 -99.0   6.6  -1.9 -10.5 
2011 -20.6 -99.0  -4.4   8.1  13.4 -99.0 -99.0 -99.0 -99.0 -99.0 -99.0 -99.0 
