Number= 060527
Name= Vestervig
Country= DENMARK
Lat=   56.8
Long=   -8.3
Height= 18
Start year= 1874
End year= 2007
First Good year= 1874
Source ID= 34
Source file= Jones+Anders
Jones data to= 1999
Normals source= Data
Normals source start year= 1961
Normals source end year= 1990
Normals=   0.6   0.4   2.3   5.6  10.4  13.7  15.1  15.4  12.7   9.5   5.3   2.5 
Standard deviations source= Data
Standard deviations source start year= 1941
Standard deviations source end year= 1990
Standard deviations=   2.9   2.9   2.1   1.2   1.2   1.1   1.1   1.1   1.0   1.2   1.3   1.9 
Obs:
1874   3.9   2.0   3.0   6.5   8.6  12.7  15.3  14.0  12.7  10.5   3.2  -1.4 
1875  -0.3  -2.5   1.0   5.2  10.0  13.7  15.6  16.7  14.0   6.2   1.0   0.6 
1876  -0.3  -1.1   1.5   5.2   8.0  13.6  14.5  15.3  11.7   9.0   1.0  -1.4 
1877   0.3   0.1   0.1   3.0   8.0  13.5  14.5  13.8  10.5   7.4   6.6   1.9 
1878   1.1   3.2   2.7   7.0   9.8  13.1  14.3  16.4  13.3   9.7   3.9  -1.3 
1879  -3.8  -4.1   0.0   3.0   8.6  12.1  14.2  15.4  12.4   8.6   2.1  -1.1 
1880   1.1   1.8   2.2   6.1   8.9  14.2  15.5  17.0  14.1   5.3   3.8   2.1 
1881   3.4  -3.9  -1.9   3.1   9.1  12.7  14.4  13.2  11.5   6.0   5.7   2.9 
1882   3.6   3.8   4.1   5.9  10.2  13.8  15.8  15.3  13.4   8.4   1.9  -1.6 
1883  -0.5   1.5  -0.9   5.3   9.3  12.8  16.1  14.8  12.5   8.4   5.2   2.9 
1884   3.4   2.7   3.0   5.2   9.2  12.9  16.1  16.0  14.4   9.4   2.9   2.5 
1885  -1.1   1.9   2.5   6.0   8.2  11.9  14.8  13.6  11.5   6.3   3.1   3.2 
1886   0.3  -2.2  -1.5   5.2   9.1  12.5  13.9  14.6  12.6   9.0   6.4   1.1 
1887  -0.8   1.0   1.6   4.7   8.9  13.1  14.8  14.3  12.3   7.2   3.7   1.2 
1888   0.9  -2.4  -2.8   2.2   8.0  13.3  13.2  13.4  12.0   7.4   3.7   3.5 
1889   1.5  -1.2   0.0   5.0  15.1  16.7  15.1  14.5  11.6   8.0   6.1   1.2 
1890   3.2   0.6   3.0   5.0  11.8  12.1  13.1  14.4  13.3   8.7   4.3  -2.3 
1891  -2.4   1.4   0.2   4.1   9.5  14.1  16.0  14.2  13.2  10.3   3.7   3.5 
1892  -0.4  -0.1   0.3   4.8   9.0  11.7  14.1  14.4  12.2   7.2   4.5   0.0 
1893  -4.8  -2.4   2.8   5.6  10.1  12.7  15.6  15.8  11.8   9.5   3.7   3.7 
1894   0.4   2.1   4.5   7.9   8.9  13.4  16.6  14.7  10.8   6.4   6.7   3.7 
1895  -2.8  -5.9   0.5   6.2  11.5  13.8  14.3  15.0  13.4   7.2   4.5   0.9 
1896   1.9   1.9   2.8   5.3  10.6  15.4  16.4  14.7  12.7   8.1   3.7  -0.3 
1897  -2.4  -1.6   1.9   5.2  10.2  14.6  15.4  17.0  12.5   8.2   5.2   2.5 
1898   4.8   1.3   1.2   5.0   8.9  13.3  13.0  14.8  12.8   8.1   5.2   5.8 
1899   2.7   2.4   1.8   5.1   9.9  13.1  16.8  14.7  12.1   8.8   8.0  -0.4 
1900  -0.7  -2.7   0.2   3.9   9.0  14.2  15.6  15.8  12.8   8.1   4.3   4.2 
1901  -1.2  -1.9   1.0   6.2  10.9  13.3  17.6  16.2  13.5  10.0   4.6   1.2 
1902   3.6  -1.7   2.1   4.9   7.5  13.8  13.0  12.4  10.5   7.6   3.2  -0.3 
1903   0.1   3.2   4.6   4.9  10.7  14.1  14.8  13.8  12.5   8.0   4.8   0.4 
1904   1.2  -0.8   0.9   6.0   9.6  12.6  15.2  14.9  12.1   8.8   4.8   3.5 
1905   1.3   2.0   3.0   3.7  10.5  15.7  16.4  15.0  12.1   5.8   3.7   3.4 
1906   2.0   0.9   1.8   5.6  10.7  13.6  14.9  15.2  13.1   9.5   7.4   0.5 
1907   1.3   0.0   2.8   5.1   9.6  11.7  13.3  13.1  11.6  11.2   4.2   1.6 
1908   2.0   2.8   0.8   4.9   9.5  13.8  15.5  14.5  12.6   9.4   4.3   2.6 
1909   1.7  -0.1  -0.7   4.2   7.9  12.1  13.5  13.9  11.7  10.6   4.5   2.3 
1910   2.4   2.4   4.1   5.9  11.8  15.8  16.2  15.7  13.1   9.5   3.0   3.4 
1911   2.7   2.8   2.7   5.8  12.6  14.2  16.1  17.5  13.6   7.8   5.7   3.6 
1912  -1.4  -0.6   4.1   6.1   8.7  13.4  17.2  14.3  10.4   8.2   4.8   5.5 
1913   0.2   2.7   4.0   6.6  10.1  13.4  14.7  14.5  12.4   8.7   7.6   4.4 
1914   1.0   4.2   3.4   7.5   9.4  14.5  17.9  16.9  13.1   8.6   5.1   3.6 
1915   0.5   1.0   0.8   5.7   9.6  12.9  14.0  14.8  11.7   6.6   2.9   0.0 
1916   4.5   1.0   0.3   6.5   9.7  11.7  15.3  14.2  11.4   7.9   6.5   2.5 
1917  -2.1  -0.4  -1.3   3.2  10.5  16.3  15.9  16.8  13.4   7.8   6.5   2.0 
1918   0.4   1.2   2.5   6.3  11.6  11.9  14.8  15.3  11.5   9.9   5.1   3.6 
1919   1.4  -0.8   0.9   5.6  11.2  12.8  14.4  13.3  12.7   7.1   0.7   0.5 
1920   1.7   3.4   5.1   6.7  11.0  14.6  15.9  14.5  12.2   6.5   5.0   2.1 
1921   3.7   2.9   5.3   7.9  11.8  12.5  14.4  14.6  11.7  10.2   1.9   3.9 
1922  -0.6  -1.3   1.7   4.3   9.4  12.5  14.2  14.1  11.3   6.3   5.1   4.5 
1923   3.9  -0.3   3.3   4.6   8.3  10.2  16.3  13.7  12.1   9.7   3.5  -0.3 
1924  -0.6  -0.4  -0.2   3.5   9.6  12.4  14.2  14.7  13.3   9.4   6.0   4.5 
1925   4.1   3.0   1.4   6.6  11.4  12.8  18.0  15.9  11.8   7.9   2.7  -0.3 
1926   0.4   0.1   3.1   6.8   9.4  13.6  16.7  15.5  13.0   6.5   5.3   2.6 
1927   2.8   1.3   4.4   5.1   8.0  10.8  16.2  16.4  12.7   9.2   2.4  -3.5 
1928   0.8   2.0   1.4   5.7   9.2  10.8  13.4  14.4  12.0   9.0   6.4   1.7 
1929  -2.1  -6.6   2.4   3.0   9.8  11.5  14.4  14.6  13.4   9.6   5.3   4.4 
1930   3.6   0.1   2.7   6.5  10.0  15.0  15.6  15.7  12.5   9.3   5.8   3.0 
1931   1.4  -0.5  -1.3   4.6  11.0  11.3  15.1  14.6  10.9   8.3   5.6   3.0 
1932   4.2   2.0   0.7   5.5  10.3  13.3  17.5  16.1  13.1   7.6   5.4   3.6 
1933   0.4   0.5   2.8   6.1  10.7  16.2  17.1  16.0  13.7   9.5   3.6   1.3 
1934   2.7   4.0   3.3   6.6   9.7  13.0  15.9  15.9  14.4  10.0   6.2   5.3 
1935   1.6   2.4   2.1   5.9   9.3  13.9  15.1  15.1  12.9   8.9   6.0   1.5 
1936   2.5  -0.6   1.8   4.0  10.8  15.1  16.7  15.9  12.4   7.9   5.3   4.4 
1937   0.0  -0.1   0.4   6.4  11.7  13.8  16.6  17.7  13.3  10.4   4.4  -0.3 
1938   2.5   2.2   5.8   6.2   9.5  12.6  15.5  17.3  14.1   9.3   8.1  -1.6 
1939   1.2   3.6   2.1   5.9  10.5  14.0  15.6  17.3  13.9   5.2   5.8   1.3 
1940  -3.0  -6.8  -0.6   4.0  11.1  14.9  15.7  14.1  11.0   7.5   5.7   1.1 
1941  -7.1  -4.1   0.2   3.4   9.2  13.9  18.4  14.8  12.5   8.1   2.2   3.4 
1942  -6.8  -5.9  -3.5   5.1   9.4  11.8  14.5  15.7  13.1  10.0   5.9   3.9 
1943  -0.2   4.2   4.6   7.1  11.1  14.5  15.4  15.2  13.3   9.7   4.9   2.7 
1944   4.0   1.1   2.2   5.5   8.7  12.3  16.5  17.6  12.4   9.1   4.6   2.7 
1945  -0.9   1.8   5.0   6.7  10.7  13.5  16.4  16.5  13.5  11.1   5.5   2.7 
1946   0.7   1.5   0.4   7.0  10.9  12.7  16.3  15.1  13.4   6.2   5.1   1.2 
1947  -2.8  -8.2  -2.2   4.0  13.5  15.3  16.3  17.7  15.2   8.7   4.8   2.5 
1948  -0.2  -0.5   4.3   8.2  10.7  14.2  15.9  15.4  13.3   8.6   5.8   4.3 
1949   3.5   4.0   1.5   6.8  10.3  12.5  15.5  14.7  15.8  10.9   5.9   4.6 
1950   0.1   1.4   4.1   6.0  11.1  13.9  15.5  16.4  12.8   8.6   4.1  -0.5 
1951   0.1   0.5  -0.3   5.0   9.8  13.4  14.4  15.6  13.8   8.9   7.0   5.8 
1952   0.9   1.7   0.1   7.8  10.7  12.1  15.9  15.8  10.8   7.0   2.6   1.6 
1953   1.6  -0.6   3.6   6.5  11.1  16.8  16.3  16.0  13.5  11.1   7.7   4.0 
1954   0.3  -3.0   1.5   5.7  13.1  14.2  14.4  15.0  13.0   9.9   4.8   4.2 
1955   0.1  -2.6  -0.2   4.7   8.3  12.8  17.8  18.4  14.7   9.2   6.3   1.9 
1956   0.4  -5.4   1.6   4.5  10.1  12.8  16.3  13.6  13.7   8.8   4.2   3.9 
1957   2.6   2.3   2.9   6.0   9.0  13.3  15.5  15.2  11.2   9.8   4.8   2.7 
1958  -0.3  -1.1  -1.3   3.9   8.5  13.5  15.6  15.0  14.1  10.5   6.3   2.4 
1959   0.7   1.0   3.8   7.6  11.2  14.1  16.6  16.8  13.3   9.9   5.5   2.8 
1960   0.0  -0.7   1.8   5.7  10.6  13.8  14.2  15.6  12.9   7.8   5.6   2.8 
1961   0.1   3.5   5.1   7.7  10.4  14.3  14.1  14.4  14.0  11.3   5.1   0.7 
1962   2.7   2.0   0.4   6.0   8.5  12.3  13.6  13.5  11.9  10.3   4.3   0.6 
1963  -4.3  -4.2  -0.1   4.7   9.9  14.2  15.1  15.2  12.5   9.7   7.2   1.3 
1964   1.8   1.1   0.2   6.9  10.9  12.7  13.7  14.4  12.4   8.0   6.2   2.6 
1965   1.9   1.2   1.6   5.6   8.9  13.4  13.9  14.1  13.5  10.0   1.8   1.0 
1966  -2.7  -2.3   2.7   3.2  10.5  14.9  14.8  14.4  12.7   9.3   4.3   2.3 
1967   0.8   2.3   5.0   5.4  10.2  12.9  15.8  15.7  13.6  10.6   6.5   2.4 
1968   0.2   0.4   3.8   6.9   9.5  15.1  14.5  16.2  13.5   9.5   4.3   0.4 
1969   0.8  -2.8  -0.2   5.3   8.5  14.6  16.0  17.6  14.0  10.6   4.7  -1.7 
1970  -2.9  -3.4   0.2   3.1  10.0  16.3  14.6  16.0  12.4   9.3   5.3   3.1 
1971   1.5   2.8   1.7   5.4  11.0  12.7  14.9  15.7  12.8   9.6   5.0   5.6 
1972  -1.5   0.2   2.9   6.1  10.8  13.1  16.2  15.1  11.2   8.4   6.0   4.3 
1973   2.5   3.4   5.1   5.5  10.2  13.8  17.0  15.3  12.7   7.1   4.2   2.9 
1974   3.4   3.6   3.3   7.9  10.5  13.8  13.9  15.8  13.0   7.1   5.7   5.6 
1975   5.0   2.3   2.6   5.1  10.3  13.7  15.7  19.2  13.9   9.0   5.3   5.2 
1976   1.1   0.5   0.2   5.2  10.9  13.6  17.0  16.3  11.9   9.0   5.8   0.4 
1977   0.0  -0.3   4.0   4.7  10.6  14.1  14.6  15.0  11.7  10.5   5.9   3.2 
1978   2.1  -1.4   2.2   5.0  11.2  14.2  14.1  15.0  11.6  10.4   7.8  -0.9 
1979  -3.5  -3.3   1.1   4.7   9.3  13.2  13.2  14.7  12.7   8.1   5.4   2.1 
1980  -1.1  -1.2   0.7   6.4  10.9  14.7  15.8  14.9  13.6   7.9   4.1   3.5 
1981   1.1   0.7   2.3   5.4  12.8  12.5  14.8  14.6  13.9   8.1   5.8  -4.2 
1982  -3.4   0.1   3.4   6.1  10.3  14.0  16.3  16.7  13.3  10.1   7.0   3.8 
1983   5.2   0.2   3.6   6.4   9.9  13.4  16.3  15.9  12.7  10.1   5.0   3.5 
1984   1.2   0.6   1.0   5.8  11.5  13.0  14.3  15.9  11.6  11.2   6.2   3.7 
1985  -4.7  -3.2   1.6   4.6  11.2  12.5  15.4  15.2  12.0  10.3   2.2   3.0 
1986  -0.7  -4.3   1.8   4.2  10.6  13.6  14.4  14.4  11.1   9.5   7.7   3.1 
1987  -3.7   0.0  -1.3   6.1   8.5  11.3  14.5  13.8  12.1   9.5   6.2   4.1 
1988   3.8   2.8   2.3   5.2  12.7  15.1  16.0  15.2  13.3   8.9   4.9   5.1 
1989   5.9   5.2   5.7   6.1  10.8  14.5  15.9  15.0  13.6  10.8   5.5   3.7 
1990   4.9   5.7   6.6   7.7  12.1  14.1  15.3  16.4  12.1   9.8   4.8   3.7 
1991   2.8  -0.6   4.5   6.5   8.9  11.5  17.4  16.5  13.8   9.0   5.6   4.9 
1992   4.0   4.5   4.4   5.8  13.4  17.2  16.1  15.5  13.1   6.5   5.9   3.6 
1993   2.7   2.3   3.5   7.5  12.4  13.0  13.5  14.1  10.7   7.6   2.5   2.5 
1994   3.1  -1.2   3.3   7.1  11.3  12.6  18.9  16.6  12.6   8.6   7.2   5.3 
1995   1.6   4.3   3.4   6.2   9.6  13.8  17.0  17.2  13.3  12.0   4.4  -1.7 
1996  -1.8  -2.5   0.4   5.9   8.1  12.4  14.3  17.6  11.7  10.3   5.1   0.4 
1997  -0.1   3.2   3.9   5.9   9.7  14.9  17.6  20.3  13.5   8.4   4.2   2.9 
1998   2.8   5.2   4.5   6.5  11.9  13.9  14.3  14.5  13.7   8.8   2.3   2.0 
1999   2.7   2.5   4.0   7.9  10.7  13.3  16.9  16.8  16.3   9.7   6.5   3.3 
2000 -99.0 -99.0 -99.0 -99.0 -99.0 -99.0 -99.0 -99.0 -99.0 -99.0 -99.0 -99.0 
2001 -99.0 -99.0 -99.0 -99.0 -99.0 -99.0 -99.0 -99.0 -99.0 -99.0 -99.0 -99.0 
2002 -99.0 -99.0 -99.0 -99.0 -99.0 -99.0 -99.0 -99.0 -99.0 -99.0 -99.0 -99.0 
2003 -99.0 -99.0 -99.0 -99.0 -99.0 -99.0 -99.0 -99.0 -99.0 -99.0 -99.0 -99.0 
2004 -99.0 -99.0 -99.0 -99.0 -99.0 -99.0 -99.0 -99.0 -99.0 -99.0 -99.0 -99.0 
2005 -99.0 -99.0 -99.0 -99.0 -99.0 -99.0 -99.0 -99.0 -99.0 -99.0 -99.0 -99.0 
2006 -99.0 -99.0 -99.0 -99.0 -99.0 -99.0 -99.0 -99.0 -99.0 -99.0 -99.0 -99.0 
2007 -99.0 -99.0 -99.0 -99.0 -99.0 -99.0 -99.0 -99.0 -99.0 -99.0 -99.0 -99.0 
