Number= 780187
Name= BOTANICAL GRDNS.
Country= BERMUDA
Lat=   32.3
Long=   64.7
Height= 19
Start year= 1856
End year= 1960
First Good year= 1856
Source ID= 10
Source file= Jones
Jones data to= 1960
Normals= -99.0 -99.0 -99.0 -99.0 -99.0 -99.0 -99.0 -99.0 -99.0 -99.0 -99.0 -99.0 
Obs:
1856  16.9  16.2  15.6  18.7  20.2  24.3  27.2  27.3  25.6  23.5  19.7  17.1 
1857  14.7  17.6  17.3  17.6  21.3  24.6  26.3  27.4  25.9  22.4  20.8  19.3 
1858  17.0  17.5  16.5  18.4  19.9  23.2 -99.0 -99.0 -99.0 -99.0 -99.0  17.5 
1859  17.1  16.9  16.8  18.3  21.8  23.9  25.3  26.2  25.6  22.7  20.3  18.7 
1860  18.3  17.1  17.7  18.8  20.1  22.3  26.0  26.7  24.9  23.9  20.3  17.8 
1861  16.5  17.6  17.3  18.0  20.6  23.4  26.6  27.5  26.9  24.7  19.9  17.3 
1862  17.7  17.7  16.7 -99.0 -99.0 -99.0 -99.0 -99.0 -99.0 -99.0 -99.0 -99.0 
1863 -99.0 -99.0 -99.0 -99.0 -99.0 -99.0 -99.0 -99.0 -99.0 -99.0 -99.0 -99.0 
1864 -99.0 -99.0 -99.0 -99.0 -99.0 -99.0 -99.0 -99.0 -99.0 -99.0 -99.0 -99.0 
1865 -99.0 -99.0 -99.0 -99.0 -99.0 -99.0 -99.0 -99.0 -99.0 -99.0 -99.0 -99.0 
1866  18.2  18.3  17.0  20.0  21.8  25.6  27.2  27.3  27.8  24.1  20.7  19.0 
1867  16.8  18.2  18.7  19.6  22.4  24.6  26.3  27.2  27.4  23.4  20.6  18.6 
1868  18.2  17.5  18.1  20.2  23.4  25.7  27.3  27.8  27.6  25.3  20.8  18.5 
1869  18.5  17.8  18.1  19.0  22.3  26.4  28.3  28.9  26.3  24.0  19.8 -99.0 
1870 -99.0 -99.0 -99.0  20.4  23.2  26.7  29.3  28.8  25.9  24.8  21.0  18.6 
1871  18.6  18.4  19.3  21.1 -99.0  27.2  28.7  29.1  27.7  24.3  20.4  19.9 
1872  17.8  17.9  16.8  19.1  23.1  25.8  27.6  28.6  26.3  23.8  21.7  19.6 
1873  19.8  17.7  17.6  20.2  21.5  24.8  27.1  27.9  28.6  25.4  21.2  19.1 
1874  17.7  18.1  17.4  20.9  22.6  25.6  28.6  27.2  24.8  23.4  20.9  18.3 
1875  18.1  17.7  18.7  18.7  22.4  24.3  26.8  28.8  26.5  24.8  20.7  18.4 
1876  17.8  18.3  16.6  18.7  22.6  24.4  27.3  27.5  26.1  24.6  21.2  17.9 
1877  18.9  16.8  17.7  18.5  19.9  24.7  26.7  27.8  26.4  23.3  20.6  16.9 
1878  16.2  16.6  16.9  18.6  20.2  24.1  26.3  27.8  26.4  23.6  20.5  17.7 
1879  15.9  16.2  17.1  17.6  20.9  24.2  26.1  28.8  26.2  23.7  20.6  19.9 
1880  19.3  17.9  18.4  19.9 -99.0 -99.0  27.0  26.8  25.8  22.8  21.6  18.3 
1881  17.7  16.6  16.4  18.3  22.1  25.4  26.0  27.0  26.3  23.2  21.5  19.6 
1882  18.1  18.6  16.6  20.1  22.2  25.2  28.2  27.2  26.1  23.9  20.6  17.6 
1883  17.7  18.4  16.7  19.4  22.0  25.2  26.4  27.6  27.1  23.8  20.4  18.7 
1884  17.8  18.7  17.6  18.4  22.9  25.6  25.9  27.0  27.1  23.8  19.9  19.4 
1885  17.9  18.6  18.4  22.0  25.4  26.5  26.5  27.0  26.4  21.1  20.6  18.8 
1886  17.7  16.5  16.3  20.1  21.7  25.3  26.1  27.0  26.2  23.4  20.3  19.8 
1887  18.4  18.3  17.3  18.6  21.7  25.3  27.2  25.7  25.8  24.2  20.5  18.3 
1888  16.0  15.8  16.1  18.4  22.3  25.1  26.1  28.0  28.1  22.5  21.3  18.4 
1889  17.7  16.8  18.1  20.7  23.2  25.3  26.2  26.8  26.1  23.4  21.9  19.6 
1890  18.1  18.2  18.4  18.8  22.4  24.1  26.3  27.2  25.9  22.6  20.2  17.7 
1891  16.7  17.8  16.1  17.7  20.1  23.3  25.7  26.1  24.7  22.4  19.8  17.8 
1892  16.7  14.9  16.2  17.1  19.9  23.6  25.9  26.5  24.9  21.3  19.0  16.8 
1893  15.6  16.6  16.6  18.6  21.2  24.3  25.6  26.3  24.3  22.6  19.3  18.4 
1894  17.6  17.3  18.4  17.9  21.1  24.1  26.5  27.5  26.3  23.9  20.7  17.9 
1895  17.8  15.9  17.1  18.4  22.4  24.5  26.7  27.4  26.3  24.1  22.8  18.9 
1896  16.1  17.2  17.2  18.1  21.2  25.1  27.7  27.3  26.2  22.7  20.4  18.2 
1897  16.9  17.2  18.1  18.8  21.8  24.4  26.6  27.6  25.8  23.6  20.3  18.8 
1898  17.1  17.2  17.6  18.7  20.7  24.2  27.2  27.9  26.9  24.2  20.2  18.6 
1899  17.7  18.1  18.3  17.7  19.9  24.6  27.1  26.9  25.2  23.2  19.7  17.9 
1900  17.5  16.8  17.3  18.6  21.2  23.8  27.4  26.7  25.5  23.3  21.6  18.4 
1901  15.8  15.1  16.5  17.4  21.6  24.6  27.3  27.8  26.6  22.9  18.7  17.6 
1902  15.8  15.1  16.2  18.3  20.4  23.5  25.8  25.6  25.2  23.1  20.3  18.1 
1903  17.6  17.4  18.5  18.9  20.1  22.7  26.0  27.3  25.7  22.3  19.9  17.7 
1904  16.7  16.0  17.6  18.8  21.2  24.0  25.2  26.3  26.0  23.1  18.9  18.1 
1905  16.4  16.1  17.8  18.7  22.3  24.4  26.3  26.3  25.3  22.9  20.6  18.9 
1906  18.2  17.9  17.2  17.4  20.6  23.6  26.2  26.7  25.6  24.2  20.3  17.2 
1907  17.9  16.8  16.8  18.1  20.5  22.8  26.1  26.3  25.3  22.8  20.5  18.8 
1908  16.5  15.1  17.9  18.5  21.1  24.3  26.8  27.0  25.7  23.6  19.6  18.9 
1909  17.6  16.4  16.6  18.1  20.7  24.4  25.4  25.7  24.6  22.4  18.6  16.1 
1910  15.9  16.2  17.7  18.3  19.4  22.4  25.7  26.9  25.7  22.8  18.7  15.9 
1911  15.9  15.8  15.6  16.8  20.6  23.3  25.7  25.9  25.3  23.1  20.7  18.6 
1912  17.6  16.1  17.7  18.1  20.8  24.1  25.3  25.5  24.5  23.1  19.8  18.7 
1913  18.4  16.7  18.7  17.3  19.4  23.4  24.8  25.2  24.7  23.3  19.9  17.5 
1914  16.2  16.1  16.4  18.0  19.4  22.9  25.6  26.1  23.9  22.5  20.0  19.6 
1915  17.4  16.6  14.5  16.9  20.7  23.0  25.6  26.8  23.9  22.3  19.2  16.5 
1916  15.5  16.2  15.6  17.6  19.9  22.9  25.1  25.7  25.1  23.3  20.1  17.0 
1917  17.0  15.7  16.2  17.2  19.6  23.5  25.6  26.2  25.4  23.8  19.6  17.4 
1918  16.4  16.8  17.4  18.3  21.2  23.7  24.8  26.2  25.2  23.4  20.6  18.1 
1919  17.6  15.2  17.2  17.6  21.1  22.8  25.2  25.8  25.2  24.0  20.8  18.8 
1920  16.9  16.9  16.8  18.8  18.9  22.9  25.2  26.2  25.8  23.3  21.3  18.7 
1921  16.4  17.1  18.3  19.3  20.7  22.4  24.2  26.6  25.4  23.1  21.5  17.8 
1922  16.4  17.5  16.9  17.8  20.7  23.1  25.7  26.1  25.4  22.6  17.9  18.6 
1923  16.2  16.3  17.4  18.7  20.0  23.2  25.6  27.3  25.2  22.7  19.3  17.8 
1924  17.5  15.6  15.8  17.2  21.4  24.1  25.8  26.1  25.0  21.7  19.7  18.7 
1925  17.5  17.7  17.4  18.6  21.2  24.3  26.2  25.4  24.7  22.7  18.9  18.1 
1926  16.8  16.2  15.4  18.5  20.4  23.7  26.7  26.3  25.3  22.9  21.3  17.7 
1927  16.8  17.6  17.2  17.6  20.8  24.1  25.6  26.9  25.8  24.1  20.6  18.2 
1928  17.5  16.7  17.6  18.6  20.7  24.4  27.0  26.5  26.3  23.2  19.7  18.5 
1929  17.1  16.9  17.4  19.2  22.1  24.6  26.5  25.7  26.3  23.3  22.0  19.3 
1930  19.8  17.7  17.2  18.9  21.2  22.6  25.7  26.7  26.4  23.0  20.2  18.3 
1931 -99.0 -99.0 -99.0 -99.0 -99.0 -99.0 -99.0 -99.0 -99.0 -99.0 -99.0 -99.0 
1932 -99.0 -99.0 -99.0 -99.0 -99.0 -99.0 -99.0 -99.0 -99.0 -99.0 -99.0 -99.0 
1933 -99.0 -99.0 -99.0 -99.0 -99.0 -99.0 -99.0 -99.0 -99.0 -99.0 -99.0 -99.0 
1934 -99.0 -99.0 -99.0 -99.0 -99.0 -99.0 -99.0 -99.0 -99.0 -99.0 -99.0 -99.0 
1935 -99.0 -99.0 -99.0 -99.0 -99.0 -99.0 -99.0 -99.0 -99.0 -99.0 -99.0 -99.0 
1936 -99.0 -99.0 -99.0 -99.0 -99.0 -99.0 -99.0 -99.0 -99.0 -99.0 -99.0 -99.0 
1937 -99.0 -99.0 -99.0 -99.0 -99.0 -99.0 -99.0 -99.0 -99.0 -99.0 -99.0 -99.0 
1938 -99.0 -99.0 -99.0 -99.0 -99.0 -99.0 -99.0 -99.0 -99.0 -99.0 -99.0 -99.0 
1939 -99.0 -99.0 -99.0 -99.0 -99.0 -99.0 -99.0 -99.0 -99.0 -99.0 -99.0 -99.0 
1940 -99.0 -99.0 -99.0 -99.0 -99.0 -99.0 -99.0 -99.0 -99.0 -99.0 -99.0 -99.0 
1941 -99.0 -99.0 -99.0 -99.0 -99.0 -99.0 -99.0 -99.0 -99.0 -99.0 -99.0 -99.0 
1942 -99.0 -99.0 -99.0 -99.0 -99.0 -99.0 -99.0 -99.0 -99.0 -99.0 -99.0 -99.0 
1943 -99.0 -99.0 -99.0 -99.0 -99.0 -99.0 -99.0 -99.0 -99.0 -99.0 -99.0 -99.0 
1944 -99.0 -99.0 -99.0 -99.0 -99.0 -99.0 -99.0 -99.0 -99.0 -99.0 -99.0 -99.0 
1945 -99.0 -99.0 -99.0 -99.0 -99.0 -99.0 -99.0 -99.0 -99.0 -99.0 -99.0 -99.0 
1946 -99.0 -99.0 -99.0 -99.0 -99.0 -99.0 -99.0 -99.0 -99.0 -99.0 -99.0 -99.0 
1947 -99.0 -99.0 -99.0 -99.0 -99.0 -99.0 -99.0 -99.0 -99.0 -99.0 -99.0 -99.0 
1948 -99.0 -99.0 -99.0 -99.0 -99.0 -99.0 -99.0 -99.0 -99.0 -99.0 -99.0 -99.0 
1949 -99.0 -99.0 -99.0 -99.0 -99.0 -99.0 -99.0 -99.0 -99.0 -99.0 -99.0 -99.0 
1950 -99.0 -99.0 -99.0 -99.0 -99.0 -99.0 -99.0 -99.0 -99.0 -99.0 -99.0 -99.0 
1951  17.6  17.2  16.2  18.7  21.3  23.7  26.3  26.8  26.3  24.0  21.4  19.2 
1952  17.8  17.1  16.9  19.4  21.1  24.3  26.5  27.4  26.3  24.5  20.4  18.0 
1953  17.9  17.4  17.2  18.6  21.4  23.3  26.6  27.1  25.9  23.8  21.8  19.9 
1954 -99.0 -99.0 -99.0 -99.0 -99.0 -99.0 -99.0 -99.0 -99.0 -99.0 -99.0 -99.0 
1955 -99.0 -99.0 -99.0 -99.0 -99.0 -99.0 -99.0 -99.0 -99.0 -99.0 -99.0 -99.0 
1956 -99.0 -99.0 -99.0 -99.0 -99.0 -99.0 -99.0 -99.0 -99.0 -99.0 -99.0 -99.0 
1957 -99.0 -99.0 -99.0 -99.0 -99.0 -99.0 -99.0 -99.0 -99.0 -99.0 -99.0 -99.0 
1958 -99.0 -99.0 -99.0 -99.0 -99.0 -99.0 -99.0 -99.0 -99.0 -99.0 -99.0 -99.0 
1959 -99.0 -99.0 -99.0 -99.0 -99.0 -99.0 -99.0 -99.0 -99.0 -99.0 -99.0 -99.0 
1960 -99.0 -99.0  15.6  19.3  21.4  24.4  26.5  26.8  25.6  23.9  20.7  16.9 
