Number= 781090
Name= ABRAHAM BAY MAYAGUAN
Country= BAHAMAS
Lat=   22.4
Long=   73.0
Height= 1
Start year= 1951
End year= 1990
First Good year= 1951
Source ID= 10
Source file= Jones
Jones data to= 1990
Normals source= Data
Normals source start year= 1961
Normals source end year= 1990
Normals=  23.8  24.0  24.7  25.4  26.4  27.6  28.6  28.6  28.2  27.2  25.6  24.3 
Standard deviations source= Data
Standard deviations source start year= 1951
Standard deviations source end year= 1990
Standard deviations=   1.3   1.4   1.2   1.1   1.0   0.7   0.5   0.6   0.8   0.6   0.6   1.0 
Obs:
1951  20.7  19.9  20.6  23.3  26.0  27.3  28.0  28.0  28.1  27.1  24.2  24.6 
1952  22.4  22.8  24.2  23.9  26.5  27.5  27.9  28.4  28.2  27.7  26.0  23.8 
1953  20.4  23.9  24.6  24.3  27.1  28.4 -99.0  29.6  28.8  27.8  26.3  24.9 
1954  24.2  23.3  24.3  25.8  26.2  27.6  28.4  28.7  27.6  26.2  24.7  21.2 
1955  21.2  21.3  21.5  22.4  25.5  27.3  27.3  26.6  25.9  26.3  25.5  24.2 
1956  21.6  23.8  24.0  25.1  26.3  27.4  28.2  28.5  28.3  27.3  25.2  24.7 
1957  24.6  23.9  24.1  25.4  26.4  26.4  27.8  27.7  26.5  26.7  25.9  23.8 
1958  22.4  21.2  23.9  25.1  25.8  27.6  28.5  28.8  27.6  27.1  26.0  25.5 
1959  23.8  24.8  23.8  25.9  26.4  27.8  28.7  28.1  28.4  27.8  25.8  24.3 
1960  23.3  26.6  23.9  25.4  26.5  27.2  28.7  27.8  28.5  28.5  26.5 -99.0 
1961 -99.0 -99.0  25.2  25.7  26.1  27.9  28.7  28.8  27.9  26.3  24.1  24.9 
1962  24.4  22.3 -99.0 -99.0 -99.0  26.4  28.3  27.7  27.7  27.0  25.4  25.3 
1963  23.1  24.7  25.3  25.4  25.1  27.2  28.2  28.1  28.8  27.0  25.3  24.3 
1964  25.0  23.3  25.6  25.7  26.7  28.2  27.8  28.4 -99.0  27.1  25.6  23.3 
1965  22.5  23.8  24.4  24.5  25.2  27.5  28.2  28.6  28.4  27.2  25.6  24.2 
1966  23.9  23.9  24.6  25.3  25.8  27.7  28.2  28.5  28.9  28.1  26.2  25.1 
1967  25.5  25.6  25.8  26.6  26.5 -99.0 -99.0 -99.0 -99.0 -99.0 -99.0 -99.0 
1968 -99.0  26.1  26.7  28.5  28.4  27.1 -99.0 -99.0 -99.0 -99.0 -99.0 -99.0 
1969  23.1 -99.0 -99.0 -99.0  26.6  25.9 -99.0 -99.0  28.3  27.7  25.9  22.4 
1970  23.4  22.9  23.4  25.4  25.9  27.9  28.3  28.5  27.3  26.4  24.6  23.9 
1971 -99.0 -99.0 -99.0 -99.0 -99.0 -99.0 -99.0 -99.0 -99.0 -99.0 -99.0 -99.0 
1972 -99.0 -99.0 -99.0 -99.0 -99.0 -99.0 -99.0 -99.0 -99.0 -99.0 -99.0 -99.0 
1973 -99.0 -99.0 -99.0 -99.0 -99.0 -99.0 -99.0 -99.0 -99.0 -99.0 -99.0 -99.0 
1974 -99.0 -99.0 -99.0 -99.0 -99.0 -99.0 -99.0 -99.0 -99.0 -99.0 -99.0 -99.0 
1975 -99.0 -99.0 -99.0 -99.0 -99.0 -99.0 -99.0 -99.0 -99.0 -99.0 -99.0 -99.0 
1976 -99.0 -99.0 -99.0 -99.0 -99.0 -99.0 -99.0 -99.0 -99.0 -99.0 -99.0 -99.0 
1977 -99.0 -99.0 -99.0 -99.0 -99.0 -99.0 -99.0 -99.0 -99.0 -99.0 -99.0 -99.0 
1978 -99.0 -99.0 -99.0 -99.0 -99.0 -99.0 -99.0 -99.0 -99.0 -99.0 -99.0 -99.0 
1979 -99.0 -99.0 -99.0 -99.0 -99.0 -99.0 -99.0 -99.0 -99.0 -99.0 -99.0 -99.0 
1980 -99.0 -99.0 -99.0 -99.0 -99.0 -99.0 -99.0 -99.0 -99.0 -99.0 -99.0 -99.0 
1981  22.3  23.8  24.0  25.0  25.4  27.9  28.6  29.0  28.4  27.3  25.6  24.7 
1982  24.6  24.9  26.0  26.6  26.4  29.1  29.8  29.5 -99.0  28.2  26.3  24.8 
1983  24.0  23.0  24.8  24.4  26.7  28.3  29.1  28.6  28.7  27.3  25.7  26.0 
1984  23.5  23.9  24.6  25.5  26.8  27.1  28.5  28.4  27.9  26.2  25.2  23.8 
1985  22.9  25.1  23.7  25.0  27.3  29.0  28.9  29.1  28.1  26.9  25.2  24.3 
1986  23.9  23.6  24.5  25.1  25.2  26.7  28.5  28.7  28.6  27.8  26.4  25.6 
1987  24.5  24.1  23.7  24.3  29.7  27.9  29.6  29.1  28.7  27.6  26.5  24.5 
1988  24.5  23.4 -99.0  24.4  25.0  27.3  27.8  28.0  26.6  28.0  25.0  22.2 
1989  22.6  22.9  23.5  24.3  26.9  27.8  28.6  28.1  27.7  26.4  25.5  23.7 
1990  23.9  24.7  24.5  25.1  26.8  27.8  28.6  28.7  28.8  27.3  25.9  24.8 
