Number= 784090
Name= CAP-HAITIEN
Country= HAITI
Lat=   19.8
Long=   72.2
Height= 3
Start year= 1961
End year= 1967
First Good year= 1961
Source ID= 10
Source file= Jones
Jones data to= 1967
Normals= -99.0 -99.0 -99.0 -99.0 -99.0 -99.0 -99.0 -99.0 -99.0 -99.0 -99.0 -99.0 
Obs:
1961  24.4  25.0  26.5  25.6 -99.0  26.6  26.7  26.9  26.9  26.7  25.6  24.8 
1962  25.2  24.9  25.4  24.9  25.4  27.0  27.8  27.3  27.3 -99.0  25.8 -99.0 
1963 -99.0 -99.0 -99.0 -99.0  26.7  28.0 -99.0 -99.0 -99.0 -99.0 -99.0  26.0 
1964 -99.0  25.4  25.6  25.4 -99.0  27.4 -99.0 -99.0 -99.0 -99.0 -99.0 -99.0 
1965 -99.0 -99.0  24.9 -99.0 -99.0 -99.0 -99.0 -99.0 -99.0 -99.0 -99.0 -99.0 
1966  24.8  23.3 -99.0 -99.0 -99.0  26.2 -99.0  27.5  27.7  27.1 -99.0 -99.0 
1967  24.7 -99.0 -99.0 -99.0 -99.0 -99.0 -99.0 -99.0 -99.0 -99.0 -99.0 -99.0 
