Number= 784470
Name= CAYES
Country= HAITI
Lat=   18.2
Long=   73.7
Height= 49
Start year= 1961
End year= 1966
First Good year= 1961
Source ID= 10
Source file= Jones
Jones data to= 1966
Normals= -99.0 -99.0 -99.0 -99.0 -99.0 -99.0 -99.0 -99.0 -99.0 -99.0 -99.0 -99.0 
Obs:
1961  25.9  25.7  27.0  24.4 -99.0  27.4  28.0  28.4  27.6  26.7  26.4  25.5 
1962  25.4  25.2  25.2  26.0  26.2  27.3  28.4  28.1  27.2  26.9  26.4  26.2 
1963  26.0 -99.0 -99.0 -99.0 -99.0 -99.0 -99.0 -99.0 -99.0 -99.0 -99.0 -99.0 
1964 -99.0 -99.0 -99.0 -99.0 -99.0  26.8 -99.0 -99.0 -99.0 -99.0 -99.0 -99.0 
1965 -99.0 -99.0 -99.0 -99.0 -99.0 -99.0 -99.0 -99.0 -99.0 -99.0 -99.0 -99.0 
1966 -99.0 -99.0 -99.0 -99.0 -99.0 -99.0 -99.0  26.4 -99.0  25.4 -99.0 -99.0 
