Number= 784510
Name= MONTE CRISTI
Country= DOMINICAN REPU
Lat=   19.9
Long=   71.7
Height= 0
Start year= 1961
End year= 1990
First Good year= 1961
Source ID= 10
Source file= Jones
Jones data to= 1990
Normals source= Data
Normals source start year= 1961
Normals source end year= 1990
Normals=  24.4  24.8  25.4  26.1  27.1  28.3  28.6  28.8  28.6  27.8  26.1  24.7 
Standard deviations source= Data
Standard deviations source start year= 1961
Standard deviations source end year= 1990
Standard deviations=   0.8   0.9   0.8   0.9   0.7   0.6   0.6   0.6   0.8   0.7   0.8   0.9 
Obs:
1961  26.1  26.3  26.1  28.0  28.7  29.3  29.1  29.7  28.9  28.7  26.3  25.7 
1962  25.3  25.5  26.1  27.0  27.1  29.3  29.9  29.4  30.0  29.3  27.8  26.5 
1963  25.0  27.1  27.1  27.7  28.1  29.3  29.7  30.8  30.8  27.9  26.3  25.5 
1964  24.5  25.9  26.7  26.5  27.7  28.8  28.6  29.1  29.1  28.9  26.7  23.9 
1965  22.9  24.5  26.0  25.8  26.7  28.0  28.8  28.7  28.9  28.5  26.1  24.5 
1966  24.7  24.9  25.3  26.5  27.8  28.9  29.3  29.2  29.3  27.3  24.3  23.5 
1967  23.6  24.3  24.1  24.6  26.8  27.8  27.9  28.4  28.3  27.5  25.9  24.1 
1968  23.7  23.9  24.3  24.1  27.3  28.1  27.5  28.2  28.5  28.3  26.4  24.0 
1969  23.3  23.4  25.1  26.9  27.7  28.7  28.4  28.5  28.4  27.5  25.5  23.7 
1970  23.6  23.6  24.9  26.2  26.2  28.4  28.3  28.7  27.7  26.7  24.5  23.6 
1971 -99.0 -99.0 -99.0 -99.0 -99.0 -99.0 -99.0 -99.0 -99.0 -99.0 -99.0 -99.0 
1972 -99.0 -99.0 -99.0 -99.0 -99.0 -99.0 -99.0 -99.0 -99.0 -99.0 -99.0 -99.0 
1973 -99.0 -99.0 -99.0 -99.0 -99.0 -99.0 -99.0 -99.0 -99.0 -99.0 -99.0 -99.0 
1974 -99.0 -99.0 -99.0 -99.0 -99.0 -99.0 -99.0 -99.0 -99.0 -99.0 -99.0 -99.0 
1975 -99.0 -99.0 -99.0 -99.0 -99.0 -99.0 -99.0 -99.0 -99.0 -99.0 -99.0 -99.0 
1976 -99.0 -99.0 -99.0 -99.0 -99.0 -99.0 -99.0 -99.0 -99.0 -99.0 -99.0 -99.0 
1977 -99.0 -99.0 -99.0 -99.0 -99.0 -99.0 -99.0 -99.0 -99.0 -99.0 -99.0 -99.0 
1978 -99.0 -99.0 -99.0 -99.0 -99.0 -99.0 -99.0 -99.0 -99.0 -99.0 -99.0 -99.0 
1979 -99.0 -99.0 -99.0 -99.0 -99.0 -99.0 -99.0 -99.0 -99.0 -99.0 -99.0 -99.0 
1980 -99.0 -99.0 -99.0 -99.0 -99.0 -99.0 -99.0 -99.0 -99.0 -99.0 -99.0 -99.0 
1981  23.8  24.4  24.8  25.1  27.2  28.1  28.3  28.6  28.4  27.6  26.4  24.7 
1982  24.5  24.6  25.9  26.3  25.9  28.7  28.3  28.6  28.5  28.0  26.1  24.2 
1983  25.1  25.0  26.0  25.8  26.9  28.3  28.8  28.7  28.3  27.5  26.0  25.6 
1984  24.6  24.9  25.3  26.2  26.5  27.0  28.1  27.9  27.4  26.4  25.2  23.7 
1985  23.5  24.1  24.2  25.0  26.9  28.1  28.5  28.3  27.9  27.1  26.3  24.7 
1986  24.5  24.1  25.4  25.2  26.2  28.1  28.4  28.8  28.3  27.6  26.4  26.0 
1987  24.6  24.9  25.2  26.5  26.7  27.7  28.7  29.1  28.6  28.0  26.2  25.5 
1988  24.7  24.9  25.4  26.2  27.4  28.3  28.5  28.2  27.7  27.5  27.1  24.9 
1989  24.6  24.3  24.6  26.6  27.0  27.4  28.4  28.4  28.0  27.6  26.7  25.5 
1990  25.1  24.7  24.7  26.0  27.6  28.1  28.2  28.7  28.5  27.5  26.3  24.5 
