Number= 784597
Name= SAN JOSE
Country= DOMINICA
Lat=   19.3
Long=   70.9
Height= -999
Start year= 1961
End year= 1970
First Good year= 1961
Source ID= 10
Source file= Jones
Jones data to= 1970
Normals= -99.0 -99.0 -99.0 -99.0 -99.0 -99.0 -99.0 -99.0 -99.0 -99.0 -99.0 -99.0 
Obs:
1961  21.3  21.9  22.0  23.5  24.4  24.5  25.1  25.7  24.9  24.3  21.5  20.9 
1962  21.3  20.8  22.1  23.3  23.4  24.5  25.5  25.5  25.2  24.5  22.7  21.6 
1963  20.2  21.7  22.1  22.3  23.0  24.8  25.0  25.3  25.1  22.7  22.6  23.1 
1964  21.9  22.9  23.9  23.7  24.8  25.3  25.9  26.3  25.5  25.1  23.3  21.3 
1965  20.5  21.9  23.7  24.2  23.5  24.7  25.9  26.4  26.1  25.9  23.8  21.9 
1966  22.3  22.1  23.1  23.9  24.6  26.1  26.2  26.5  26.3  25.2  23.1  22.3 
1967  21.9  22.1  22.3  22.9  25.1  25.5  25.8  26.6  26.7  26.3  24.5  22.5 
1968  21.7  22.1  22.9  23.3  25.6  26.1  26.5  26.4  26.5  26.2  24.5  22.3 
1969  21.7  22.7  24.0  25.2  25.5  26.1  26.8  27.2  27.1  26.3  23.9  22.5 
1970  22.7  22.5  23.5  26.0  24.9  25.3  25.7  26.0  25.9  25.4  22.7  21.8 
