Number= 784617
Name= COTUI
Country= DOMINICAN REPU
Lat=   19.1
Long=   70.1
Height= 59
Start year= 1961
End year= 1987
First Good year= 1961
Source ID= 10
Source file= Jones
Jones data to= 1987
Normals source= Data
Normals source start year= 1961
Normals source end year= 1987
Normals=  24.1  24.6  25.7  26.3  27.0  27.6  27.4  27.5  27.5  27.2  25.9  24.4 
Standard deviations source= Data
Standard deviations source start year= 1961
Standard deviations source end year= 1987
Standard deviations=   0.5   0.6   0.9   0.8   0.9   0.7   0.6   0.6   0.6   0.7   0.7   0.9
Obs:
1961  24.0  24.6  24.8  26.2  27.5  26.8  26.8  26.8  27.0  26.4  24.4  23.0 
1962  23.5  23.6  25.0  25.8  25.8  26.8  27.2  27.0  27.2  27.6  26.3  24.2 
1963  23.0  23.0  23.6  24.9  25.9  26.9  26.7  27.4  27.4  26.6  25.7  26.0 
1964  24.8  25.8  26.4  25.7  26.8  27.0  26.8  27.4  27.4  27.6  26.0  23.8 
1965  23.2  24.2  26.5  26.7  26.0  27.4  27.4  27.1  27.8  27.8  26.7  25.6 
1966  25.2  24.8  25.8  26.8  26.2  27.3  27.7  28.1  28.2  27.5  25.4  24.4 
1967  24.4  25.0  25.2  26.0  27.4  28.0  27.6  27.6  28.1  28.0  26.8  25.2 
1968  24.0  24.8  26.0  26.0  27.7  27.4  27.3  27.8  28.0  28.0  26.9  25.0 
1969  23.8  25.3  27.0  27.9  27.8  28.4  28.0  28.2  27.8  27.6  26.6  24.4 
1970  24.3  24.8  26.0  27.8  27.0  27.6  27.8  27.8  27.8  27.4  25.2  23.5 
1971 -99.0 -99.0 -99.0 -99.0 -99.0 -99.0 -99.0 -99.0 -99.0 -99.0 -99.0 -99.0 
1972 -99.0 -99.0 -99.0 -99.0 -99.0 -99.0 -99.0 -99.0 -99.0 -99.0 -99.0 -99.0 
1973 -99.0 -99.0 -99.0 -99.0 -99.0 -99.0 -99.0 -99.0 -99.0 -99.0 -99.0 -99.0 
1974 -99.0 -99.0 -99.0 -99.0 -99.0 -99.0 -99.0 -99.0 -99.0 -99.0 -99.0 -99.0 
1975 -99.0 -99.0 -99.0 -99.0 -99.0 -99.0 -99.0 -99.0 -99.0 -99.0 -99.0 -99.0 
1976 -99.0 -99.0 -99.0 -99.0 -99.0 -99.0 -99.0 -99.0 -99.0 -99.0 -99.0 -99.0 
1977 -99.0 -99.0 -99.0 -99.0 -99.0 -99.0 -99.0 -99.0 -99.0 -99.0 -99.0 -99.0 
1978 -99.0 -99.0 -99.0 -99.0 -99.0 -99.0 -99.0 -99.0 -99.0 -99.0 -99.0 -99.0 
1979 -99.0 -99.0 -99.0 -99.0 -99.0 -99.0 -99.0 -99.0 -99.0 -99.0 -99.0 -99.0 
1980 -99.0 -99.0 -99.0 -99.0 -99.0 -99.0 -99.0 -99.0 -99.0 -99.0 -99.0 -99.0 
1981  24.4  24.9  25.9  25.4  27.2  27.7  27.7  27.8  28.7  28.0  26.5  24.6 
1982  24.5  24.5  25.8  26.8  26.1  27.8  26.9  27.0  26.8  27.0  25.0  22.8 
1983  23.9  24.1  25.8  25.5  26.8  27.1  27.0  26.5  26.4  26.0  25.3  25.3 
1984  24.7  24.7  27.3 -99.0  29.3  28.6 -99.0  28.6  28.3  27.1  26.3  24.0 
1985  24.0  24.8  24.8  26.2  27.8  29.2  28.9  28.0  27.1  25.9  25.4  24.1 
1986  24.3  24.0  25.6  26.1  26.5  26.9  27.4  26.8  26.5  26.5  25.4  24.5 
1987  24.4  24.7  25.5  26.5 -99.0 -99.0 -99.0 -99.0 -99.0 -99.0 -99.0 -99.0 
