Number= 784607
Name= CONSTANZA
Country= DOMINICAN REPU
Lat=   18.9
Long=   70.7
Height= 1163
Start year= 1961
End year= 1990
First Good year= 1961
Source ID= 10
Source file= Jones
Jones data to= 1990
Normals source= Data
Normals source start year= 1961
Normals source end year= 1990
Normals=  16.6  16.9  18.0  18.5  19.1  19.5  19.9  19.9  19.7  19.2  18.1  17.1 
Standard deviations source= Data
Standard deviations source start year= 1961
Standard deviations source end year= 1990
Standard deviations=   1.5   1.4   1.2   1.4   1.1   0.9   0.8   1.0   1.0   1.1   1.3   1.3 
Obs:
1961  12.5  14.2  16.3  16.9  17.9  19.3  20.7  20.9  19.9  18.9  16.1  15.1 
1962  15.6  16.5  17.5  18.8  18.2  18.5  19.6  20.1  19.1  17.9  16.3  15.9 
1963  15.6  16.9  17.8  17.6  17.3  17.9  17.6  17.3  16.9  16.8  16.1  15.4 
1964  15.9  15.3  15.9  16.1  17.3  18.5  19.5  19.9  19.1  17.9  16.4  15.8 
1965  15.1  14.9  17.6 -99.0  18.6 -99.0  20.6  21.9  21.1  20.7  19.3  17.0 
1966  16.1  15.9  18.9  19.1  19.6  19.8  20.2  20.3  19.9  19.3  17.7  16.7 
1967  15.9  16.3  16.8  17.3  19.1  19.6  20.5  19.6  19.4  19.5  18.7  16.5 
1968  15.9  17.3  17.3  17.4  19.7  19.5  20.0  19.7  19.9  19.2  18.9  17.7 
1969  15.9  16.9  19.1  20.0  20.7  20.9  20.5  20.4  20.5  20.1  19.3  17.4 
1970  17.1  17.1  17.1  18.7  19.7  19.8  20.3  19.9  19.5  19.9  17.5  16.7 
1971 -99.0 -99.0 -99.0 -99.0 -99.0 -99.0 -99.0 -99.0 -99.0 -99.0 -99.0 -99.0 
1972 -99.0 -99.0 -99.0 -99.0 -99.0 -99.0 -99.0 -99.0 -99.0 -99.0 -99.0 -99.0 
1973 -99.0 -99.0 -99.0 -99.0 -99.0 -99.0 -99.0 -99.0 -99.0 -99.0 -99.0 -99.0 
1974 -99.0 -99.0 -99.0 -99.0 -99.0 -99.0 -99.0 -99.0 -99.0 -99.0 -99.0 -99.0 
1975 -99.0 -99.0 -99.0 -99.0 -99.0 -99.0 -99.0 -99.0 -99.0 -99.0 -99.0 -99.0 
1976 -99.0 -99.0 -99.0 -99.0 -99.0 -99.0 -99.0 -99.0 -99.0 -99.0 -99.0 -99.0 
1977 -99.0 -99.0 -99.0 -99.0 -99.0 -99.0 -99.0 -99.0 -99.0 -99.0 -99.0 -99.0 
1978 -99.0 -99.0 -99.0 -99.0 -99.0 -99.0 -99.0 -99.0 -99.0 -99.0 -99.0 -99.0 
1979 -99.0 -99.0 -99.0 -99.0 -99.0 -99.0 -99.0 -99.0 -99.0 -99.0 -99.0 -99.0 
1980 -99.0 -99.0 -99.0 -99.0 -99.0 -99.0 -99.0 -99.0 -99.0 -99.0 -99.0 -99.0 
1981  17.3  17.5  19.0  17.9  19.9  19.2  19.4  19.4  20.2  19.6  18.5  18.5 
1982  18.0  17.2  18.5  19.3  19.1  20.0  19.7  20.2  20.6  19.5  17.8  17.1 
1983  17.5  17.8  19.7  18.7  18.8  20.0  19.4  19.2  19.2  18.7  17.7  17.0 
1984  16.9  16.4  17.6  18.3  18.4  18.8  18.5  18.5  18.6  18.4  17.6  15.6 
1985  15.9  15.7  16.8  17.3  18.7  19.2  19.3  19.2  19.1  17.5  17.5  16.2 
1986  15.8  16.1  16.8  17.5  18.4  18.8  19.3  19.7  19.0  19.5  19.4  18.5 
1987  17.6  18.0  19.4  20.4  20.1  19.6  20.3  21.3  21.4  20.4  19.9  19.6 
1988  19.2  20.0  19.9  21.1  21.0  21.4  21.2 -99.0  20.7  21.0  20.0  19.0 
1989  18.6  18.7  19.6  20.8  20.8  20.8  20.8  20.7  20.5  19.7  19.6  18.5 
1990  18.7  19.2 -99.0 -99.0 -99.0 -99.0 -99.0 -99.0 -99.0 -99.0 -99.0 -99.0 
