Number= 784677
Name= JARABACOA
Country= DOMINICA
Lat=   19.1
Long=   70.6
Height= -999
Start year= 1961
End year= 1970
First Good year= 1961
Source ID= 10
Source file= Jones
Jones data to= 1970
Normals source= WMO
Normals source start year= 1961
Normals source end year= 1990
Normals source percent availability= 100
Normals source variable code= 14
Normals=  19.9  20.4  21.2  22.0  22.8  23.7  23.9  23.9  23.7  23.3  21.8  20.3 
Obs:
1961  20.5  21.3  22.1  23.1  23.9  24.3  24.4  24.9  24.0  23.8  21.1  20.1 
1962  20.1  19.9  21.6  23.1  22.9  24.1  24.0  24.5  24.4  23.7  21.9  20.6 
1963  19.3  21.1  21.3  22.3  22.7  24.4  23.8 -99.0 -99.0 -99.0 -99.0 -99.0 
1964  20.2  21.5  22.3  21.9  22.9  23.3  23.3  23.5  23.4  22.9  21.3  19.5 
1965  18.5  19.5  21.5  22.1  22.1  23.2  23.3  23.8  23.6  23.5  21.9  20.3 
1966  20.4  20.5  21.3  22.1  23.0  23.6  24.1  24.5  24.1  22.9  21.1  20.3 
1967  19.3  19.9  21.1  20.9  22.9  23.6  23.4  23.9  23.8  23.5  22.3  19.9 
1968  19.1  19.9  20.3  20.9  23.3  24.0  23.9  23.7  24.0  23.9  22.5  20.7 
1969  19.7  20.4  22.0  23.2  23.5  24.7  24.4  24.4  24.4  23.5  22.1  20.7 
1970  20.7  20.3  20.9  22.7  22.5  23.2  23.3  23.4  23.1  22.7  21.1  19.9 
