Number= 784780
Name= CABO ENGANO
Country= DOMINICAN REPU
Lat=   18.6
Long=   68.3
Height= 3
Start year= 1951
End year= 1990
First Good year= 1951
Source ID= 10
Source file= Jones
Jones data to= 1990
Normals source= Data
Normals source start year= 1961
Normals source end year= 1990
Normals=  25.2  25.0  25.3  25.8  26.6  27.3  27.7  27.9  27.8  27.2  26.4  25.4 
Standard deviations source= Data
Standard deviations source start year= 1951
Standard deviations source end year= 1990
Standard deviations=   0.5   0.6   0.5   0.7   0.7   0.8   0.6   0.5   0.5   0.5   0.5   0.6 
Obs:
1951 -99.0 -99.0 -99.0 -99.0 -99.0 -99.0 -99.0  28.5  28.3  27.9  27.4  25.7 
1952  24.6  24.9  25.5  26.4  27.7  28.2  28.0  28.7  28.0  27.9  26.6  25.4 
1953  25.4  25.6  25.4 -99.0  26.4  27.5  27.4  27.4  27.1  26.8  26.3  25.3 
1954  24.5  23.8  24.6  24.8  26.6  26.4  27.0  27.2  26.9  26.2  27.1  25.6 
1955  24.2  24.0  24.9  25.6  26.8  27.2  27.2  27.9  28.0  27.8  27.3  25.9 
1956  24.2  25.8  25.7  26.2  26.9  27.2  26.9 -99.0  27.5  27.1  27.0  25.7 
1957  24.9  24.9  25.3  26.7  27.7 -99.0  28.5  28.7  29.1  27.9  27.1  27.1 
1958  25.6  25.1  26.5  27.7  27.7  27.7  28.1  28.9  28.9  28.3  26.9  26.5 
1959  25.5  25.5  26.4  26.4  26.1  27.8  28.1  28.5  28.5  27.7  26.7  27.1 
1960  25.6  26.1  25.8  26.3  27.3  28.3  28.3  28.3  27.7  27.4  27.0 -99.0 
1961  25.7  25.5  25.3  25.7  26.9  25.7  27.5  28.2  28.3  27.8 -99.0 -99.0 
1962 -99.0 -99.0 -99.0 -99.0 -99.0 -99.0 -99.0 -99.0 -99.0 -99.0 -99.0 -99.0 
1963 -99.0 -99.0 -99.0 -99.0 -99.0 -99.0 -99.0 -99.0 -99.0 -99.0 -99.0 -99.0 
1964 -99.0 -99.0  25.5  26.0  26.8  26.9  27.3  27.3  27.4  26.9  26.0  24.6 
1965  24.2  24.2  25.5  25.3  25.7  26.4 -99.0  27.3  27.5  27.5  26.7  25.5 
1966  25.1  24.9  25.0  26.0  26.3  26.7  27.3  27.6  27.9  26.9  25.5  24.8 
1967  24.7  24.7  24.5  24.6  25.6  26.5  26.8  26.9  27.1  26.7  25.9  25.6 
1968  24.4  24.3  24.4  24.3  26.5  26.8  26.9  27.3  27.5  27.5  26.4  25.1 
1969  24.4  23.7  25.3  26.7  27.1  27.9  28.1  28.0  27.6  27.3  26.1  25.3 
1970  25.6  25.1  25.6  25.9  26.5  27.5  27.7  27.7  27.9  26.9  25.7  25.3 
1971 -99.0 -99.0 -99.0 -99.0 -99.0 -99.0 -99.0 -99.0 -99.0 -99.0 -99.0 -99.0 
1972 -99.0 -99.0 -99.0 -99.0 -99.0 -99.0 -99.0 -99.0 -99.0 -99.0 -99.0 -99.0 
1973 -99.0 -99.0 -99.0 -99.0 -99.0 -99.0 -99.0 -99.0 -99.0 -99.0 -99.0 -99.0 
1974 -99.0 -99.0 -99.0 -99.0 -99.0 -99.0 -99.0 -99.0 -99.0 -99.0 -99.0 -99.0 
1975 -99.0 -99.0 -99.0 -99.0 -99.0 -99.0 -99.0 -99.0 -99.0 -99.0 -99.0 -99.0 
1976 -99.0 -99.0 -99.0 -99.0 -99.0 -99.0 -99.0 -99.0 -99.0 -99.0 -99.0 -99.0 
1977 -99.0 -99.0 -99.0 -99.0 -99.0 -99.0 -99.0 -99.0 -99.0 -99.0 -99.0 -99.0 
1978 -99.0 -99.0 -99.0 -99.0 -99.0 -99.0 -99.0 -99.0 -99.0 -99.0 -99.0 -99.0 
1979 -99.0 -99.0 -99.0 -99.0 -99.0 -99.0 -99.0 -99.0 -99.0 -99.0 -99.0 -99.0 
1980 -99.0 -99.0 -99.0 -99.0 -99.0 -99.0 -99.0 -99.0 -99.0 -99.0 -99.0 -99.0 
1981  25.0  25.2  25.5  25.7  26.2 -99.0 -99.0  27.9  27.5  26.9  27.0  25.9 
1982  25.4  24.8  25.5  25.9  25.9  27.3  27.2  28.0  27.4  27.5  26.9  25.2 
1983  25.7  25.6  26.6  26.5  27.6  28.3  28.1  28.3  28.5  28.1  27.3  26.4 
1984  25.8  25.8  26.0  26.9  27.0  27.4  27.6  28.3  27.7  27.0  26.4  25.3 
1985  25.4  25.2  25.0  25.7  26.8  27.9  28.1  28.2  27.9 -99.0  26.1  25.9 
1986 -99.0 -99.0 -99.0  25.8  26.0  27.0  27.6  27.8  27.5  27.1  26.6  25.9 
1987  25.0  25.4  25.3 -99.0  27.2  27.5  28.8  28.6  28.2  28.0  27.1  25.6 
1988  25.2  25.2  25.3 -99.0  28.2  29.1  28.8  28.2 -99.0 -99.0 -99.0 -99.0 
1989  25.2  25.0  25.1  25.3  25.9  26.5  27.5  28.6  27.8  27.4  26.9  25.7 
1990  25.6  25.1  24.9  26.0  27.4  28.0  28.0  28.6  28.3  26.4  26.4  24.5 
