Number= 785107
Name= ARECIBO
Country= PUERTO RICO
Lat=   18.5
Long=   66.7
Height= 5
Start year= 1951
End year= 1990
First Good year= 1951
Source ID= 10
Source file= Jones
Jones data to= 1990
Normals source= Data
Normals source start year= 1961
Normals source end year= 1990
Normals=  23.9  23.5  24.1  24.9  25.8  26.5  27.1  27.0  27.0  26.4  25.7  24.6 
Standard deviations source= Data
Standard deviations source start year= 1951
Standard deviations source end year= 1990
Standard deviations=   0.5   0.7   0.6   0.6   0.6   0.6   0.4   0.6   0.3   0.7   0.4   0.6 
Obs:
1951  23.1  22.0  22.3  24.9  26.5  26.7  26.8  27.1  26.8  26.7  25.7  24.4 
1952  23.3  23.7  24.0  25.2  26.3  26.7  26.3  26.9  27.1  26.7  25.2  23.4 
1953  23.2  22.7  23.4  24.5  25.7  26.6  26.9  26.6  26.6  26.3  25.8  24.8 
1954  23.2  22.8  23.7  24.0  25.7  26.3  26.9  27.3  27.4  26.4  25.1  23.9 
1955  23.5  23.3  22.9  23.8  25.9  26.3  26.6  27.1  27.0  26.8  25.3  24.2 
1956  23.2  22.7  23.8  24.6  25.3  25.8  26.2  26.6  26.7  26.0  25.2  23.7 
1957  23.4  23.2  23.8  24.6  25.6  26.4  27.1  27.3  27.1  26.2  25.2  24.4 
1958  23.8  23.3  24.4  25.8  26.8  27.1  26.8  27.4  27.2  26.6  25.4  24.5 
1959  23.7  23.7  24.8  25.3  25.3  26.5  27.3  26.7  26.9  26.2  25.4  24.9 
1960  24.3  24.3  24.9  25.6  26.4  27.1  27.1  26.8  26.8  26.3  26.1  24.2 
1961  23.8  23.7  24.1  25.1  25.9  26.2  26.6  26.9  26.7  26.3  24.5  24.1 
1962  23.3  23.4  24.2  25.0  25.8  26.9  27.3  27.3  26.9  26.8  25.6  24.8 
1963  23.8  24.1  24.6  25.3  25.7  27.2  27.2  27.6  27.3  26.7  25.7  25.2 
1964  24.0  24.4  25.2  25.1  26.4  26.8  27.2  27.4  26.9  26.7  25.7  23.2 
1965  22.6  22.8  24.2  24.1  25.4  25.9  26.6  26.5  26.7  26.6  25.8  24.7 
1966  24.2  24.1  24.4  25.1  26.1  26.8  27.1  27.5  27.1  26.6  25.7  24.7 
1967  24.1  24.0  23.6  24.3  25.7  26.7  26.9  27.1  27.0  26.6  26.2  24.3 
1968  23.3  23.2  23.6  23.8  26.0  26.7  26.8  27.4  27.1  26.7  26.6  25.3 
1969  24.1  23.4  24.6  25.7  26.9  27.3  27.1  26.7  26.9  26.6  25.7  24.4 
1970  24.2  24.2  24.5  25.3  25.8  26.9  27.3  27.5  26.3  26.1  25.5  24.3 
1971 -99.0 -99.0 -99.0 -99.0 -99.0 -99.0 -99.0 -99.0 -99.0 -99.0 -99.0 -99.0 
1972 -99.0 -99.0 -99.0 -99.0 -99.0 -99.0 -99.0 -99.0 -99.0 -99.0 -99.0 -99.0 
1973 -99.0 -99.0 -99.0 -99.0 -99.0 -99.0 -99.0 -99.0 -99.0 -99.0 -99.0 -99.0 
1974 -99.0 -99.0 -99.0 -99.0 -99.0 -99.0 -99.0 -99.0 -99.0 -99.0 -99.0 -99.0 
1975 -99.0 -99.0 -99.0 -99.0 -99.0 -99.0 -99.0 -99.0 -99.0 -99.0 -99.0 -99.0 
1976 -99.0 -99.0 -99.0 -99.0 -99.0 -99.0 -99.0 -99.0 -99.0 -99.0 -99.0 -99.0 
1977 -99.0 -99.0 -99.0 -99.0 -99.0 -99.0 -99.0 -99.0 -99.0 -99.0 -99.0 -99.0 
1978 -99.0 -99.0 -99.0 -99.0 -99.0 -99.0 -99.0 -99.0 -99.0 -99.0 -99.0 -99.0 
1979 -99.0 -99.0 -99.0 -99.0 -99.0 -99.0 -99.0 -99.0 -99.0 -99.0 -99.0 -99.0 
1980 -99.0 -99.0 -99.0 -99.0 -99.0 -99.0 -99.0 -99.0 -99.0 -99.0 -99.0 -99.0 
1981  24.7  24.1  25.0  24.6  26.6  26.6  27.2  27.3  26.9  27.3  26.4  25.3 
1982  24.3  23.6  23.7  24.9  25.4  26.1  26.7  26.7  26.4  26.2  25.0  23.6 
1983  23.4  21.7  23.3  25.2  26.2  24.9  27.7  24.9  27.4  26.9  25.8  25.2 
1984  24.3  22.0  24.1  25.3  23.8  26.0  26.6  24.9  26.7  23.8  25.4  24.1 
1985  23.3  23.6  23.5  23.7  24.7  26.3  27.2  26.8  27.2  24.8  25.6  24.3 
1986  23.5  21.9  24.2  24.0  25.4  25.2  26.9  27.4  27.4  26.6  25.9  24.9 
1987  24.2  23.9  24.3  25.9  26.4  26.7  27.4  27.9  27.7  27.7  26.0  25.7 
1988  23.8  24.1  23.9  25.5  26.7  27.8  27.7  27.1  27.1  26.5  25.5  24.4 
1989  23.8  23.4  23.7  24.7  25.4  26.0  26.8  27.0  26.8  26.0  25.5  24.7 
1990  24.3  23.5  23.8  24.8  26.4  27.0  27.7  27.4  27.7  26.8  25.6  23.9 
