Number= 785353
Name= ROOSEVELT ROADS
Country= PUERTO RICO
Lat=   18.3
Long=   65.6
Height= 11
Start year= 1947
End year= 2007
First Good year= 1947
Source ID= 37
Source file= Jones+Anders
Jones data to= 1999
Normals source= Data
Normals source start year= 1961
Normals source end year= 1990
Normals=  25.1  25.0  25.4  26.0  26.8  27.8  28.1  28.1  27.9  27.5  26.7  25.7 
Standard deviations source= Data
Standard deviations source start year= 1947
Standard deviations source end year= 1990
Standard deviations=   0.7   0.7   0.7   0.6   0.6   0.6   0.5   0.5   0.5   0.5   0.6   0.7 
Obs:
1947 -99.0 -99.0 -99.0 -99.0 -99.0 -99.0  27.2  27.4  26.9  27.2  26.3  25.3 
1948  24.7  24.4  24.7  24.9  26.8  28.4  28.1  28.3  27.7  27.0  26.5  25.6 
1949  23.8  24.1  24.4  25.8  26.7  27.1  27.2  27.8  27.0  26.7  26.1  24.6 
1950  23.5  23.5 -99.0 -99.0 -99.0 -99.0 -99.0 -99.0 -99.0 -99.0 -99.0 -99.0 
1951 -99.0 -99.0 -99.0 -99.0 -99.0 -99.0 -99.0 -99.0 -99.0 -99.0 -99.0 -99.0 
1952 -99.0 -99.0 -99.0 -99.0 -99.0 -99.0 -99.0 -99.0 -99.0 -99.0 -99.0 -99.0 
1953 -99.0 -99.0 -99.0 -99.0 -99.0 -99.0 -99.0 -99.0 -99.0 -99.0 -99.0 -99.0 
1954 -99.0 -99.0 -99.0 -99.0 -99.0 -99.0 -99.0 -99.0 -99.0 -99.0 -99.0 -99.0 
1955 -99.0 -99.0 -99.0 -99.0 -99.0 -99.0 -99.0 -99.0 -99.0 -99.0 -99.0 -99.0 
1956 -99.0 -99.0 -99.0 -99.0 -99.0 -99.0 -99.0 -99.0 -99.0 -99.0 -99.0 -99.0 
1957 -99.0 -99.0 -99.0 -99.0 -99.0 -99.0  28.1  28.2  28.0  27.3  26.4  25.4 
1958  24.6  24.6  26.3  27.0  27.4  28.3  28.1  28.5  28.5  27.7  27.2  26.4 
1959  25.6  25.3  26.1  26.5  26.3  27.7  28.1  28.3  28.2  27.6  26.9  26.8 
1960  25.5  25.4  25.9  26.6  27.6  28.7  27.8  28.0  27.4  28.1  27.0  25.4 
1961  25.9  25.8  26.2  26.9  27.4  27.7  27.6  28.2  27.2  26.9  25.2  25.0 
1962  25.0  24.3  24.5  25.9  26.7  27.5  29.0  28.6  28.1  27.2  26.5  25.8 
1963  25.3  25.8  25.4  25.3  25.8 -99.0  28.0  28.3  28.0  27.9  27.2  27.1 
1964  25.9  26.4  26.5  26.5  28.1  28.5  27.9 -99.0  28.3  27.6  27.4  25.7 
1965  25.0  25.8  26.8  25.7  26.4  27.3  28.2  28.1  27.7  27.3  26.6  25.3 
1966  25.2  24.8  26.2  26.3  27.0  28.0  28.4  28.3  28.2  27.5  25.9  25.4 
1967  24.7  25.1  24.4  24.8  26.0  26.5  26.9  27.2  28.3  27.9  27.1  25.6 
1968  25.0  25.0  25.3  25.7  27.7  28.1  28.1  29.1  28.5  27.7  27.1  26.0 
1969  25.5  24.8  26.1  27.2  27.8  28.9  28.6  27.7  28.0  28.1  27.2  26.8 
1970  27.0  24.7  25.4  26.1  26.0  28.4  28.4  28.5  28.6  27.4  26.4  26.1 
1971  25.7  24.7  25.3  26.1  26.4  27.8  28.0  27.9  27.6  26.8  26.2  24.7 
1972  24.1  24.4  25.2  26.4  27.0  27.6  27.4  27.5  27.3  27.1  26.6  25.3 
1973  24.4  23.3  24.5  25.1  26.1  28.3  27.9  27.4  27.8  27.5  26.6  24.8 
1974  24.9  25.1  26.2  25.9  26.7  27.1  27.5  28.3  27.6  27.1  26.1  25.5 
1975  24.9  25.2  25.1  25.9  26.2  27.3  28.0  28.1  27.8  27.3  26.2  24.7 
1976  23.9  24.3  24.5  25.1  26.6  27.5 -99.0  27.9  27.8  27.5  27.4  25.7 
1977  25.2  25.5  25.5  26.1  27.4  28.3  28.4  27.8  27.9  27.5  26.5  26.4 
1978  25.1  25.0  25.5  26.2  27.2  27.7  27.7  27.7  27.6  26.6  26.2  25.7 
1979  24.1  24.6  24.3  25.4  25.9  27.3  27.6  27.5  27.1  27.2  26.1  25.3 
1980  24.4  24.3  25.1  26.0  27.1  28.0  28.4  28.2  28.2  27.6  26.7  25.7 
1981  25.7  24.8  25.4  25.8  26.5  27.3  28.0  27.9  27.4  26.8  26.3  25.3 
1982  24.8  24.3  24.8  25.6  25.7  27.2  27.5  27.6  27.3  26.7  25.6  24.3 
1983  24.8  25.7  26.1  25.9  26.8  28.0  28.1  28.0  28.5 -99.0  26.3  26.0 
1984  25.0  25.2  25.5  26.8  26.6  27.1  27.7  28.0  27.5 -99.0  25.7  25.2 
1985  24.6  25.1  25.5  26.0  27.3  28.7  28.7  28.6  28.1  27.3  26.7 -99.0 
1986 -99.0  24.9  25.7  26.4  26.8  28.4  28.7  28.5  28.8  27.9  26.9 -99.0 
1987 -99.0  25.7  25.6  27.1  27.7 -99.0 -99.0 -99.0 -99.0  28.6  27.5  26.9 
1988 -99.0  25.8 -99.0 -99.0 -99.0 -99.0 -99.0  28.8  28.3  28.0  27.5 -99.0 
1989 -99.0  25.2 -99.0 -99.0  27.5  27.7 -99.0  28.7 -99.0 -99.0  27.8  26.8 
1990  26.4 -99.0 -99.0  26.8  27.8  28.8  28.7  29.2  29.0  28.2  28.0  26.2 
1991  26.3  25.7  26.2  27.3  28.1  28.8  28.8  28.9  28.5  28.1  27.4  25.5 
1992  25.6  26.1  26.1  27.0  27.0  28.4  28.6  28.6  28.1  28.3  26.7  25.9 
1993  25.9  25.6  26.1  27.2  28.1  29.2  28.6  29.2  28.1  28.3  27.8  26.7 
1994  25.9  25.9  26.1  27.0  28.4  28.7  28.9 -99.0  28.4  28.1  27.5  26.4 
1995  25.6  25.8  25.0  27.0  27.8  28.4  28.3  28.9  28.4  28.1  27.5  26.7 
1996  25.8 -99.0  26.1  27.0  27.3  27.8  28.1  28.1  27.8  28.1  26.4  24.8 
1997  24.2  24.7  24.5  25.3  27.2  28.4  28.4  28.4  28.1  27.0  27.2  26.1 
1998  25.9  25.3  25.9  26.1  27.3  28.1  28.7  29.2  28.7  27.8  27.5  26.4 
1999  25.3  23.6  25.3  25.6  27.5  27.8  28.4  28.7  28.1  27.5  26.4  25.0 
2000 -99.0 -99.0 -99.0 -99.0 -99.0 -99.0 -99.0 -99.0 -99.0 -99.0 -99.0 -99.0 
2001 -99.0 -99.0 -99.0 -99.0 -99.0 -99.0 -99.0 -99.0 -99.0 -99.0 -99.0 -99.0 
2002 -99.0 -99.0 -99.0 -99.0 -99.0 -99.0 -99.0 -99.0 -99.0 -99.0 -99.0 -99.0 
2003 -99.0 -99.0 -99.0 -99.0 -99.0 -99.0 -99.0 -99.0 -99.0 -99.0 -99.0 -99.0 
2004 -99.0 -99.0 -99.0 -99.0 -99.0 -99.0 -99.0 -99.0 -99.0 -99.0 -99.0 -99.0 
2005 -99.0 -99.0 -99.0 -99.0 -99.0 -99.0 -99.0 -99.0 -99.0 -99.0 -99.0 -99.0 
2006 -99.0 -99.0 -99.0 -99.0 -99.0 -99.0 -99.0 -99.0 -99.0 -99.0 -99.0 -99.0 
2007 -99.0 -99.0 -99.0 -99.0 -99.0 -99.0 -99.0 -99.0 -99.0 -99.0 -99.0 -99.0 
