Number= 785447
Name= CHARLOTTE AMALIE
Country= ST. THOMAS
Lat=   18.4
Long=   64.9
Height= 5
Start year= 1917
End year= 1970
First Good year= 1917
Source ID= 10
Source file= Jones
Jones data to= 1970
Normals source= Extrapolated
Normals source start year= 1951
Normals source end year= 1970
Normals=  24.9  24.9  25.3  25.7  26.5  27.4  27.8  27.7  27.6  27.2  26.6  25.5 
Standard deviations source= Data
Standard deviations source start year= 1941
Standard deviations source end year= 1970
Standard deviations=   0.5   0.5   0.5   0.5   0.5   0.5   0.5   0.5   0.5   0.5   0.5   0.6 
Obs:
1917 -99.0 -99.0 -99.0 -99.0 -99.0 -99.0  27.7  28.0  28.1  27.7  26.9  25.6 
1918  25.1  25.2  24.9  25.9  26.3  27.5  27.9  28.6  28.4  27.6  26.8  25.8 
1919  25.3  25.6  25.5  26.0  27.3  27.7  27.7  28.6  27.5  28.0  26.8  25.7 
1920  25.0  25.1  25.3  25.3  26.5  27.4  27.9  28.0  28.0  27.7  27.2  26.0 
1921  25.1  25.1  24.7  25.2  26.6  27.7  27.5  28.5  27.4  27.8  27.4  25.6 
1922  24.9  25.0  24.9  25.3  26.7  27.3  27.9  28.2  28.2  27.3  26.9  25.3 
1923  24.6  24.8  24.8  25.2  26.7  27.4  28.0  28.6  27.9  27.3  27.2  25.7 
1924  25.2  24.8  25.6  26.8  27.3  27.6  28.1  28.0  27.9  27.7  27.0  25.7 
1925  25.2  24.7  24.9  26.0  26.7  27.3  27.7  28.6  27.9  27.7  26.7  26.2 
1926  25.9  25.4  25.6  26.4  27.4  27.8  28.0  28.6  28.4  27.6  27.3  25.8 
1927  25.1  24.9  25.3  25.8  26.9  27.8  27.8  28.3  28.7  28.1  26.7  25.7 
1928  25.1  25.2  25.4  26.1  26.9  28.1  28.1  28.3  27.8  27.9  27.0  26.0 
1929  25.1  25.1  25.2  25.4  26.1  27.0  27.8  27.7  28.0  27.7  26.7  25.8 
1930  24.8  24.6  25.2  26.0  26.9  27.3  27.9  28.5  28.3  27.9  26.9  26.7 
1931  25.8  25.0  26.1  26.8  27.6  27.8  28.4  28.6  28.0  27.7  26.6  26.1 
1932  24.9  24.9  25.7  26.3  27.0  28.1  28.1  28.4  28.6  27.9  27.3  25.5 
1933  24.7  24.6  25.1  25.9  26.7  27.3  28.0  28.0  27.6  27.6  26.9  25.8 
1934  24.7  24.7  24.8  25.6  26.3  27.6  27.8  28.0  27.9  27.9  27.1  25.8 
1935  24.7  24.8  25.2  26.0  26.5  27.4  28.1  28.1  28.3  27.4  26.9  26.0 
1936  25.4  25.0  25.3  26.2  27.0  28.0  28.2  28.0  28.2  27.4  26.6  25.6 
1937  23.6  23.3  25.4  26.1  26.9  28.0  28.9  28.2  28.8  28.0  28.1  26.0 
1938  24.8  24.1  24.8  25.1  26.7  27.2  28.0  28.2  28.4  27.7  26.3  26.1 
1939  25.1  24.6  24.6  25.2  26.3  27.6  28.3  28.4  29.0  28.2  27.2  26.1 
1940  25.8  25.4  25.4  26.4  26.7  27.7  28.1  28.4  28.1  27.6  26.8  26.1 
1941  25.6  26.0  26.2  26.7  27.3  27.9  27.9  28.4  28.4  28.1  27.6  27.0 
1942  26.0  25.8  26.2  26.2  27.6  27.9  28.4  28.1  28.4  28.3  27.2  26.7 
1943  25.1  25.2  25.2  25.8  26.0  27.0  27.6  28.2  28.1  27.8  27.1  26.0 
1944  25.4  25.0  25.6  26.1  26.6  27.5  28.1  27.9  27.8  27.7  26.2  25.3 
1945  24.6  24.8  25.0  25.3  26.2  27.7  28.1  27.8  27.6  27.2  26.3  25.9 
1946  25.3  24.3  25.2  26.1  26.8  27.7  27.9  28.0  27.6  26.7  26.4  25.6 
1947  25.0  25.2  25.8  26.2  26.6  27.7  28.6  28.5  27.6  28.2  27.3  26.2 
1948  25.4  25.2  25.3  25.8  27.3  28.3  28.5  29.3  28.7  28.3  27.3  26.5 
1949  24.8  24.7  25.4  26.6  27.0  27.9  28.4  29.2  28.2  28.6  27.4  26.1 
1950  23.9  24.6  25.1  25.7  26.4  27.7  28.3  28.6  28.5  28.4  26.9  26.4 
1951  25.3  24.4  24.5  26.8  27.7  28.4  28.9  29.4  29.4  27.8  27.3  25.9 
1952  24.9  25.1  25.5  26.2  27.4  28.2  27.8  28.2  27.4  27.9  26.8  25.3 
1953  24.8  24.8  25.0  26.2  27.0  27.5  27.9  28.2  27.9  27.8  27.2  26.2 
1954 -99.0  24.7  25.4  25.6  26.9  27.7  27.9  28.1  26.4  26.4  26.4  25.5 
1955  24.6  24.9  24.9  25.3  26.6  27.3  27.8  27.8  27.5  27.3  26.8  25.5 
1956  24.3  24.2  25.1  25.6  26.4  26.7  26.9  27.4  27.6  27.1  26.2  25.6 
1957  25.1  24.6  24.9  25.8  26.4  27.1  27.9  28.1  28.1  27.7  27.1  25.7 
1958  25.1  25.2  26.1  26.9  27.1  28.3  27.8  28.4  28.3  27.7  27.2  26.3 
1959  25.3  25.3  25.9  26.4  26.1  27.6  27.7  28.0  28.1  27.4  26.8  26.4 
1960  25.8  25.8  26.0  26.3  26.7  27.6  27.7  27.9  27.4  27.7  27.4  25.7 
1961  25.5  25.4  25.1  26.3  26.8  27.6  27.8  28.1  27.7  27.2  25.3  25.6 
1962  25.1  24.9  24.9  25.8  26.7  26.7  28.2  27.7  27.3  27.4  26.9  26.1 
1963  25.2  25.3  25.3  25.8  25.8  27.2  27.4  27.5  27.7  27.9  26.7  26.1 
1964  25.0  25.0  25.3  25.4  26.3  27.0  27.2  27.5  27.7  26.8  26.1  24.2 
1965  23.9  24.1  25.1  25.1  25.5  26.4  27.2  27.0  27.2  26.8  25.8  24.7 
1966  24.2  24.2  24.4  25.2  26.1  27.1  27.6  27.7  27.4  27.0  26.2  25.1 
1967  24.5  24.3  24.7  25.7  25.9  27.4  26.8  27.7  27.4  27.6  27.1  25.1 
1968  24.4  24.8  24.8  25.2  26.6  27.7  27.6  27.9  27.9  27.8  26.8  25.7 
1969  24.5  24.6  25.9  26.8  26.9  28.1  28.0  27.8  28.1  28.1  26.8  26.1 
1970  25.9  25.4  25.0  25.7  26.2  27.1  27.3  27.7  27.7  27.3  26.7  25.7 
