Number= 785840
Name= BELIZE / LANDIVER
Country= BELIZE
Lat=   17.5
Long=   88.2
Height= 0
Start year= 1961
End year= 1976
First Good year= 1961
Source ID= 10
Source file= Jones
Jones data to= 1976
Normals= -99.0 -99.0 -99.0 -99.0 -99.0 -99.0 -99.0 -99.0 -99.0 -99.0 -99.0 -99.0 
Obs:
1961  24.7  26.0 -99.0  29.4 -99.0  29.2 -99.0 -99.0 -99.0 -99.0 -99.0 -99.0 
1962 -99.0  25.0 -99.0 -99.0 -99.0  27.8  27.9  27.0  27.7  27.1  24.5  22.8 
1963  24.1  25.1  26.1  28.8  28.4  28.9  28.3  27.3  28.0  26.3  25.6 -99.0 
1964  23.4  25.1 -99.0  28.1  28.1  26.7  27.4 -99.0 -99.0 -99.0 -99.0 -99.0 
1965 -99.0 -99.0 -99.0 -99.0 -99.0 -99.0 -99.0 -99.0 -99.0 -99.0 -99.0 -99.0 
1966 -99.0 -99.0 -99.0 -99.0 -99.0 -99.0 -99.0 -99.0 -99.0 -99.0  23.1  22.4 
1967  22.5  23.4  27.6 -99.0  28.0 -99.0 -99.0 -99.0 -99.0 -99.0 -99.0 -99.0 
1968 -99.0 -99.0 -99.0 -99.0 -99.0 -99.0 -99.0 -99.0 -99.0 -99.0 -99.0 -99.0 
1969 -99.0 -99.0 -99.0 -99.0 -99.0 -99.0 -99.0 -99.0 -99.0 -99.0 -99.0 -99.0 
1970 -99.0 -99.0 -99.0 -99.0 -99.0 -99.0 -99.0 -99.0 -99.0 -99.0 -99.0 -99.0 
1971 -99.0 -99.0 -99.0 -99.0 -99.0 -99.0 -99.0 -99.0 -99.0 -99.0 -99.0 -99.0 
1972 -99.0 -99.0 -99.0 -99.0 -99.0 -99.0 -99.0 -99.0 -99.0 -99.0 -99.0 -99.0 
1973 -99.0 -99.0 -99.0 -99.0 -99.0 -99.0 -99.0 -99.0 -99.0 -99.0 -99.0 -99.0 
1974 -99.0 -99.0 -99.0 -99.0 -99.0 -99.0 -99.0 -99.0 -99.0 -99.0 -99.0 -99.0 
1975 -99.0 -99.0 -99.0 -99.0 -99.0 -99.0 -99.0 -99.0 -99.0 -99.0 -99.0 -99.0 
1976 -99.0 -99.0 -99.0 -99.0 -99.0 -99.0 -99.0 -99.0 -99.0 -99.0 -99.0  23.6 
