Number= 786520
Name= LOS ANDES
Country= EL SALVADOR
Lat=   13.9
Long=   89.7
Height= 1770
Start year= 1967
End year= 2005
First Good year= 1967
Source ID= 10
Source file= Jones
Jones data to= 1990
Normals source= Data
Normals source start year= 1967
Normals source end year= 1990
Normals=  14.8  15.5  17.0  18.0  18.2  17.5  17.1  17.3  17.0  16.3  15.6  15.1 
Standard deviations source= Data
Standard deviations source start year= 1967
Standard deviations source end year= 1990
Standard deviations=   0.7   0.8   1.0   0.8   0.7   0.6   0.6   0.4   0.5   0.4   0.9   0.9 
Obs:
1967  14.2  14.9  15.6  17.1  17.7  16.9  16.7  17.0  16.5  15.7  14.6  15.6 
1968  13.8  14.4  15.2  17.6  17.4  16.8  16.9  16.9  17.1  16.3  15.4  14.9 
1969  15.0  16.6  17.4  18.7  18.4  17.6  17.6  16.9  16.8  16.8  15.1  14.8 
1970  15.1  14.4  17.4  18.8  17.5  17.6  17.0  16.9  16.8  16.6  14.1  14.5 
1971  14.7  15.7  16.4  16.3  17.7  16.9  16.6  16.6  16.4  16.5  15.2  15.1 
1972  15.3  14.6  16.5  17.7  18.1  17.4  17.3  17.1  17.2  17.0  17.4  15.5 
1973  15.1  15.7  18.7  18.6  17.9  17.4  17.2  17.1  17.1  16.5  15.8  13.8 
1974  15.1  14.6  16.4  16.8  17.5  16.8  16.7  16.9  16.7  14.9  14.9  14.9 
1975  14.7  15.6 -99.0  18.2 -99.0  17.4  16.7  17.0  16.1  16.0  14.7  13.1 
1976  13.2  13.7  16.8  17.2  17.6  17.0  16.9  17.1  17.1  16.4  15.3  15.4 
1977  14.7  15.4  18.0  17.0  17.6  17.0  15.6  17.6  17.7  16.7  16.2  15.9 
1978  14.6  15.8  17.0  18.0 -99.0 -99.0  17.0 -99.0  17.0  16.1 -99.0 -99.0 
1979 -99.0  15.5  16.9  18.2  18.1 -99.0 -99.0  17.1 -99.0 -99.0 -99.0 -99.0 
1980  16.0 -99.0 -99.0 -99.0 -99.0 -99.0 -99.0 -99.0 -99.0 -99.0 -99.0 -99.0 
1981  13.6  15.0  17.5  17.4  18.5  17.0  17.2  17.1  17.1  16.5  14.7  15.5 
1982  15.4  16.1  17.4  18.1  18.2  17.6  17.2  17.4  16.9  16.1  15.4  15.1 
1983  15.2  16.6  18.1  18.7  19.5  18.3  17.8  17.7  17.2  16.5  16.5  15.5 
1984  14.1  15.4  17.0  18.4  17.2  17.3  16.8  17.0  16.3  16.1  14.3  14.2 
1985 -99.0 -99.0 -99.0 -99.0 -99.0 -99.0 -99.0 -99.0 -99.0 -99.0 -99.0 -99.0 
1986  13.8  15.8  15.0  18.4  18.4  18.1  17.7  18.2  17.0  16.3  16.3  15.5 
1987  14.8  17.0  18.3  18.7  19.4  19.1  18.0  18.2  18.0  16.0  16.6  16.6 
1988  15.2  16.4  17.9  19.6  19.9  17.8  17.9  17.3  17.1  16.0  16.2  14.6 
1989  15.7  14.7  16.6  17.2  18.2  18.0  17.0  18.0  17.3  16.5  16.7  14.8 
1990  16.0  16.0  17.6  18.8  18.8  18.3  18.2  17.6  17.8  16.8  15.8  17.4 
1991  16.3  16.1  18.5 -99.0 -99.0 -99.0 -99.0 -99.0 -99.0 -99.0 -99.0 -99.0 
1992 -99.0 -99.0 -99.0 -99.0 -99.0 -99.0 -99.0 -99.0 -99.0 -99.0 -99.0 -99.0 
1993 -99.0 -99.0 -99.0 -99.0 -99.0 -99.0 -99.0 -99.0 -99.0 -99.0 -99.0 -99.0 
1994 -99.0 -99.0 -99.0 -99.0 -99.0 -99.0 -99.0 -99.0 -99.0 -99.0 -99.0 -99.0 
1995 -99.0 -99.0 -99.0 -99.0 -99.0 -99.0 -99.0 -99.0 -99.0 -99.0 -99.0 -99.0 
1996 -99.0 -99.0 -99.0 -99.0 -99.0 -99.0 -99.0 -99.0 -99.0 -99.0 -99.0 -99.0 
1997 -99.0 -99.0 -99.0 -99.0 -99.0 -99.0 -99.0 -99.0 -99.0 -99.0 -99.0 -99.0 
1998 -99.0 -99.0 -99.0 -99.0 -99.0 -99.0 -99.0 -99.0 -99.0 -99.0 -99.0 -99.0 
1999 -99.0 -99.0 -99.0 -99.0 -99.0 -99.0 -99.0 -99.0 -99.0 -99.0 -99.0 -99.0 
2000 -99.0 -99.0 -99.0 -99.0 -99.0 -99.0 -99.0 -99.0 -99.0 -99.0 -99.0 -99.0 
2001 -99.0 -99.0 -99.0 -99.0 -99.0 -99.0 -99.0 -99.0 -99.0 -99.0 -99.0 -99.0 
2002 -99.0 -99.0 -99.0 -99.0 -99.0 -99.0 -99.0 -99.0 -99.0 -99.0 -99.0 -99.0 
2003 -99.0 -99.0 -99.0 -99.0 -99.0 -99.0 -99.0 -99.0 -99.0 -99.0 -99.0 -99.0 
2004 -99.0 -99.0 -99.0 -99.0 -99.0 -99.0 -99.0 -99.0 -99.0 -99.0 -99.0 -99.0 
2005  13.6  15.6  18.0 -99.0 -99.0 -99.0 -99.0 -99.0 -99.0 -99.0 -99.0 -99.0 
