Number= 787200
Name= TEGUCIGALPA
Country= HONDURAS
Lat=   14.1
Long=   87.2
Height= 1000
Start year= 1951
End year= 2011
First Good year= 1951
Source ID= 37
Source file= Jones+Anders
Jones data to= 1990
Normals source= Data
Normals source start year= 1961
Normals source end year= 1990
Normals=  19.4  20.3  22.0  23.2  23.4  22.5  22.1  22.3  22.1  21.5  20.3  19.6 
Standard deviations source= Data
Standard deviations source start year= 1951
Standard deviations source end year= 1990
Standard deviations=   0.7   0.8   0.9   0.7   0.7   0.6   0.5   0.5   0.5   0.6   0.8   0.7 
Obs:
1951 -99.0 -99.0 -99.0 -99.0 -99.0 -99.0 -99.0 -99.0 -99.0  21.0  20.0  19.7 
1952  19.6  19.7  20.7  22.9  22.4  22.3  21.2  23.7 -99.0  21.1  22.1  18.7 
1953 -99.0  18.6 -99.0  23.5 -99.0  22.7  22.1  22.3 -99.0 -99.0  19.9  19.7 
1954  19.5  19.4  21.6  22.7  22.4  21.3  21.3  21.9 -99.0  19.9  22.5  18.4 
1955  18.7  19.8  20.8  22.3  22.7  22.3  20.9  21.7  21.6  20.4  20.0  18.7 
1956  16.7  19.8  21.6  23.0  22.7  21.4  21.2  22.0  22.5  21.4  19.3  19.2 
1957  19.2  20.4  22.3  23.0  23.3  22.8  21.9  22.0  22.0  21.2  20.7  19.2 
1958 -99.0  20.3  23.7  24.5  23.8  23.0  23.0  22.2  21.6  21.8  21.1  19.9 
1959  19.5  20.8  22.1  23.4  23.0 -99.0 -99.0  23.4  22.0  22.2  20.4  19.2 
1960  19.4  21.2  21.9  22.6  23.5  22.1  21.4  21.6  21.7  21.4  20.7  18.5 
1961  19.4  19.9  21.6  23.3  23.0  22.1  21.6  22.2  21.7  21.3  20.5  19.9 
1962  18.8  19.0  22.2  22.6  21.8  22.0  21.7  21.8  21.9  21.3  19.6  19.2 
1963  19.2  20.4  21.6  22.3  22.6  22.1  21.6  22.2  22.0  21.5  19.5  18.8 
1964  19.1  21.0 -99.0  23.8  23.2  21.6  21.6  22.3  21.9  20.3  20.1  19.4 
1965 -99.0  20.5  21.3  22.6  23.0  22.5  22.1 -99.0  22.5  21.3 -99.0  20.1 
1966  19.9  21.1  21.5  23.4  24.0  22.3  22.3  22.3  22.3  22.8  18.9  18.9 
1967  19.3  20.3  21.1  22.2  23.0  22.1  21.7  22.1  21.9  21.5  20.5  20.2 
1968  19.3  19.5  20.4  22.8  22.9  22.1  22.0  22.2  22.0  21.3  20.1  19.5 
1969 -99.0  21.1  23.2  24.4  23.8  22.6  22.4  22.3  22.0  22.0  20.4  19.5 
1970  20.1  19.5  22.4  23.5  22.7  22.3  21.8  21.9  21.6  21.9  19.0  19.3 
1971  19.1  19.9  21.4  21.9  23.3  22.2  21.7  22.0  21.8  21.6  20.0  19.5 
1972  19.6  19.8  21.8  23.7  23.5  23.0  22.7  21.6  22.5  22.0  21.5  20.6 
1973  19.8  21.0  23.9 -99.0  23.8  22.7  22.1  22.3  22.3  21.9  20.8  17.8 
1974  19.3  18.5  21.6  22.9  23.1  22.3  21.8  22.2  21.8  20.4  19.7  19.4 
1975  19.5  19.9  22.3  23.4  23.8  23.5  22.2  22.1  21.5  21.1  20.3  18.3 
1976  18.3  18.7  21.5  23.1  23.3  22.0  22.1  22.5  22.7  21.6  20.3  19.9 
1977  19.2  20.7  22.8  21.8  22.9  22.2  22.3  23.1  23.0  22.1  20.9  20.6 
1978 -99.0 -99.0 -99.0 -99.0 -99.0 -99.0 -99.0 -99.0 -99.0 -99.0 -99.0 -99.0 
1979 -99.0 -99.0 -99.0 -99.0  24.2 -99.0 -99.0  22.6 -99.0  22.3  20.7 -99.0 
1980 -99.0 -99.0 -99.0 -99.0 -99.0  23.3  23.0  23.2  22.6 -99.0  20.9  18.8 
1981  19.1  20.6  23.0  23.4  23.8  22.9  22.7  22.7  22.6  22.1  20.0  20.1 
1982  20.4  21.3  22.2  24.1  24.0  23.0  22.1  22.9  22.3  21.4  20.5  20.4 
1983  20.7  22.2  23.7  24.7  25.8  24.0  22.9  23.1  22.9  21.9  21.2  20.2 
1984  19.0  20.1  22.0  23.7  23.8  22.3  21.4  21.3  21.4  21.3  19.3  19.4 
1985  18.7  19.9  22.0  22.9  22.8  22.1  21.9  22.2  22.2  21.2  20.6  20.2 
1986  18.7  20.7  20.4  23.1  23.3  22.1  21.6  22.4  21.6  21.3  20.7  20.0 
1987  19.1  21.1  23.3  23.2  23.5  23.3  21.7  22.3  22.4  21.0  21.0  21.1 
1988  20.5  21.3  22.1  23.4  23.3  22.4  22.0  21.9  21.5  21.0  20.8  18.9 
1989  19.6  20.0  21.1  23.2  23.0  22.4  22.1  22.3  21.8  21.2  21.3  19.1 
1990  20.1  20.7  21.6  23.7  24.4  23.4  22.8  23.4  23.2  22.3  20.2  20.4 
1991  19.8  20.8  22.6  24.6 -99.0 -99.0 -99.0 -99.0 -99.0 -99.0  21.4  20.9 
1992 -99.0  21.8  23.0  23.8  24.3  24.7  22.8  23.1  21.6  22.2  22.0  21.1 
1993  20.3  21.8  22.2  23.7  22.9  22.3  22.1  22.0  21.4  23.0  21.2  19.7 
1994  19.5  20.8  22.7  23.5  23.5  22.5  22.5  23.5  23.3  21.9  20.9  20.2 
1995  20.3  20.8  22.8  23.8  23.0  23.0  22.3  22.3  21.8 -99.0 -99.0 -99.0 
1996  18.7  19.8  20.6  23.4  23.8 -99.0 -99.0  21.4 -99.0 -99.0 -99.0 -99.0 
1997  19.6  20.6 -99.0 -99.0 -99.0 -99.0 -99.0 -99.0 -99.0 -99.0 -99.0 -99.0 
1998 -99.0 -99.0 -99.0 -99.0 -99.0 -99.0 -99.0 -99.0 -99.0 -99.0 -99.0 -99.0 
1999 -99.0  19.9 -99.0 -99.0 -99.0 -99.0 -99.0 -99.0 -99.0 -99.0 -99.0 -99.0 
2000 -99.0 -99.0 -99.0 -99.0 -99.0 -99.0 -99.0 -99.0 -99.0 -99.0  21.2 -99.0 
2001 -99.0 -99.0 -99.0 -99.0 -99.0  22.8  23.4 -99.0  21.8 -99.0 -99.0 -99.0 
2002  20.1 -99.0 -99.0 -99.0  23.8  22.9 -99.0  22.9  22.6  22.2  20.6  21.0 
2003  19.2  22.2  23.1 -99.0 -99.0  22.6  22.3 -99.0 -99.0 -99.0 -99.0  19.0 
2004  20.1 -99.0 -99.0 -99.0 -99.0 -99.0  22.4  22.8 -99.0 -99.0 -99.0 -99.0 
2005 -99.0 -99.0 -99.0 -99.0 -99.0 -99.0 -99.0 -99.0 -99.0 -99.0 -99.0  20.4 
2006 -99.0  20.4 -99.0 -99.0 -99.0  22.5  22.5 -99.0 -99.0 -99.0 -99.0  20.3 
2007  19.9  20.1  21.3  23.6  23.8  22.7  22.5  22.7  22.0  21.3  19.3  19.6 
2008  19.8  20.8  23.5  24.8  25.6  23.8  23.0 -99.0  24.0  21.9  20.3  20.9 
2009  20.9  20.9 -99.0  25.2  24.4  23.7  23.8  22.6  24.7  23.7  21.9  22.1 
2010  20.7  23.4  24.6 -99.0 -99.0  24.0 -99.0 -99.0  23.1 -99.0 -99.0  20.1 
2011  21.7 -99.0 -99.0 -99.0 -99.0 -99.0 -99.0 -99.0 -99.0 -99.0 -99.0 -99.0 
