Number= 787670
Name= LIMON
Country= COSTA RICA
Lat=   10.0
Long=   83.1
Height= 5
Start year= 1961
End year= 2011
First Good year= 1961
Source ID= 10
Source file= Jones+Anders
Jones data to= 2001
Normals source= Data
Normals source start year= 1961
Normals source end year= 1990
Normals=  24.5  24.8  25.3  25.8  26.1  26.1  25.3  25.7  26.0  25.8  25.2  24.8 
Standard deviations source= Data
Standard deviations source start year= 1961
Standard deviations source end year= 1990
Standard deviations=   0.7   0.9   0.7   0.6   0.5   0.6   1.1   0.5   0.5   0.5   0.5   0.7 
Obs:
1961 -99.0  25.8  25.8  26.8  26.0  26.1  26.0  26.1  25.6  26.1  25.4  24.5 
1962  24.2  24.6  25.4  25.9  26.7  27.5  26.6  26.2  26.6  26.7  25.1  24.3 
1963  25.0  24.9  25.5  25.4  25.9  26.3  26.0  26.3  27.1  26.2  25.6  25.2 
1964  24.6  26.2  26.3  26.3  26.2  26.1  25.9  26.5  26.6  26.3  26.2  26.0 
1965  24.3  25.9  25.7  26.0  26.6  26.5  25.6  25.6  26.6  26.4  26.3  25.8 
1966  26.4  26.5  26.3  27.0  26.7  26.5  26.2  26.3  26.6  26.8  25.5  25.6 
1967  25.1  25.3  24.3  25.2  25.1  24.9  24.2  25.1 -99.0  25.9  24.9  26.0 
1968  25.0  24.0  24.4  24.4  25.3  25.5  24.8  24.8  25.5  26.1  24.7  25.0 
1969  25.1  24.7  26.0  26.3  27.0 -99.0 -99.0 -99.0 -99.0 -99.0  25.4  25.3 
1970  25.3  24.3  26.0  26.5  25.9  26.9  26.5  26.3  26.3  26.6  24.6  24.4 
1971 -99.0 -99.0 -99.0 -99.0 -99.0 -99.0 -99.0 -99.0 -99.0 -99.0 -99.0 -99.0 
1972 -99.0 -99.0 -99.0 -99.0 -99.0 -99.0 -99.0 -99.0 -99.0 -99.0 -99.0 -99.0 
1973 -99.0 -99.0 -99.0 -99.0 -99.0 -99.0 -99.0 -99.0 -99.0 -99.0 -99.0 -99.0 
1974 -99.0 -99.0 -99.0 -99.0 -99.0 -99.0 -99.0 -99.0 -99.0 -99.0 -99.0 -99.0 
1975 -99.0 -99.0 -99.0 -99.0 -99.0 -99.0 -99.0 -99.0 -99.0 -99.0 -99.0 -99.0 
1976 -99.0 -99.0 -99.0 -99.0 -99.0 -99.0 -99.0 -99.0 -99.0 -99.0 -99.0 -99.0 
1977 -99.0 -99.0 -99.0 -99.0 -99.0 -99.0 -99.0 -99.0 -99.0 -99.0 -99.0 -99.0 
1978  23.8  24.5  25.2  25.8  26.5  25.6  25.1  25.6  25.6  26.2  25.6  25.4 
1979  24.4  25.2  25.3  25.6  26.2  26.0  21.2  25.6  25.8  25.6  25.2 -99.0 
1980  24.6  24.1  24.7  25.8 -99.0 -99.0 -99.0 -99.0  25.9  25.5  25.0  23.6 
1981  23.4  24.3  25.1  25.3  26.7  25.9  25.6  25.8  25.8  25.6  24.5  24.3 
1982  24.6  25.0  25.0  25.5  26.5  26.1  24.9  25.4  25.6  24.8  24.6  24.5 
1983  24.4  27.2  26.2  26.6  26.4  26.8  25.2  26.0  26.1  25.2  25.1  24.0 
1984  23.3  24.1  25.3  26.1  25.2  25.2  24.9  24.5  25.3  25.2  24.3  23.9 
1985  23.4  23.9  25.2  25.5  26.2  26.0  25.0  25.4  25.6  25.5  24.9  24.3 
1986  23.4  24.3  24.7  25.2  25.9  25.9  25.1  25.6  25.5  25.5  25.3  25.2 
1987  24.6  24.6  26.0  25.1  25.8  26.0  25.7  25.7  26.2  25.3  25.7  25.2 
1988  24.6  24.5  24.6  26.0  26.3  26.1  25.5  26.0  25.6  25.5  25.1  24.0 
1989  24.2  23.2  23.8  24.8  25.5  25.5  25.1  25.7  25.5  25.5  25.5  24.2 
1990  24.4  24.4  24.6  25.5  25.8  25.9  25.4  25.7  26.1  26.1  25.5  24.2 
1991  24.9  24.9  25.6  25.4  26.7  26.0  26.2  26.0  26.4  27.8  24.8  24.5 
1992  24.5  24.9  25.2  25.8  26.0  27.0  25.6  25.5  26.0  25.6  25.8  25.1 
1993  24.6  24.3  25.0  26.9  27.4  27.0  26.2  26.5  26.3  26.5  26.0  24.4 
1994  24.7  24.7  25.5  25.9  26.6  26.0  25.6  26.3  26.4  26.3  25.4  25.1 
1995  24.9  24.7  25.7  26.5  26.9  26.9  26.7  26.8  26.9  26.7  25.7  25.5 
1996  24.6  24.5  24.8  25.5  26.3  25.9  26.1  25.7  26.4  26.6  25.8  24.4 
1997  24.4  24.3  25.0  26.0  26.0  26.6  26.5  26.6  26.7  26.7  26.4  25.5 
1998  25.7  26.1  26.2  26.3  27.0  26.9  26.5  26.4  27.3  26.6  26.1  25.0 
1999  25.0  24.7  24.2  25.8  26.7  26.2  25.7  25.1  26.1  25.8  25.3  24.0 
2000  24.4  24.4  25.1  25.8  26.3  26.4  26.2  26.1  26.7  26.4  25.9  25.4 
2001  24.3  24.6  25.0  25.5  26.4  26.1  25.9  26.3  26.1  26.7  25.5  25.4 
2002  25.0  24.7  25.1  25.3  25.5  26.6  25.3  25.6  26.7  25.5  24.9  25.1 
2003  24.8  25.5  26.2  26.6  26.8  26.7  26.5  26.3  26.9  27.0  26.4  25.3 
2004  25.0  25.3  25.6  25.2  24.6  25.8  25.6  25.0  25.9  26.0  24.8  24.4 
2005  23.7  22.3  25.6  25.6  26.2  26.6  25.9  25.7  25.8  25.6  24.6  24.5 
2006  24.0  24.7  25.0  25.8  26.3  26.7  26.5  26.6  26.6  26.8  26.9  25.6 
2007  25.2  25.1  25.6  26.3  26.8  26.9  26.3  26.9  26.7  26.8  25.6  25.0 
2008  24.6  25.0  25.3  26.2  26.5  26.8  26.5  26.6  27.2  26.9  25.3  25.4 
2009  25.0  24.7  25.0  26.1  26.8  27.0  26.7  26.7  27.2  26.8  26.0  26.1 
2010  25.4  26.0  26.1  27.1  27.1  27.2  26.8  26.9  26.8  26.5  24.1  23.6 
2011  24.7  25.3  25.1 -99.0  26.4 -99.0 -99.0 -99.0 -99.0 -99.0 -99.0 -99.0 
