Number= 789620
Name= CROWN POINT A
Country= TRINIDAD AND
Lat=   11.2
Long=   60.8
Height= 3
Start year= 1967
End year= 2007
First Good year= 1967
Source ID= 10
Source file= Jones+Anders
Jones data to= 1990
Normals= -99.0 -99.0 -99.0 -99.0 -99.0 -99.0 -99.0 -99.0 -99.0 -99.0 -99.0 -99.0 
Obs:
1967 -99.0 -99.0 -99.0 -99.0 -99.0 -99.0 -99.0 -99.0  30.0  28.3 -99.0 -99.0 
1968 -99.0 -99.0 -99.0 -99.0 -99.0 -99.0 -99.0 -99.0 -99.0 -99.0 -99.0 -99.0 
1969 -99.0 -99.0 -99.0 -99.0 -99.0  27.5  27.0 -99.0 -99.0  27.3 -99.0  26.4 
1970 -99.0 -99.0 -99.0 -99.0 -99.0  27.3  26.8  26.7  27.0  27.1  28.8  27.8 
1971  25.7  25.7  25.8  26.6 -99.0  27.6  26.9  26.6  26.6  26.0  26.0  24.5 
1972  25.4  25.3  29.3  26.3 -99.0  27.4 -99.0  27.3 -99.0 -99.0 -99.0 -99.0 
1973 -99.0  26.1  26.1  27.1  27.8  27.7  27.3  26.9  25.6  26.9 -99.0 -99.0 
1974 -99.0 -99.0 -99.0 -99.0 -99.0 -99.0 -99.0 -99.0 -99.0 -99.0 -99.0 -99.0 
1975 -99.0 -99.0 -99.0 -99.0 -99.0 -99.0 -99.0 -99.0 -99.0 -99.0 -99.0  25.5 
1976  25.6  26.4 -99.0 -99.0 -99.0 -99.0 -99.0 -99.0 -99.0 -99.0 -99.0 -99.0 
1977 -99.0 -99.0 -99.0 -99.0 -99.0 -99.0 -99.0 -99.0 -99.0 -99.0 -99.0 -99.0 
1978 -99.0 -99.0 -99.0 -99.0  27.6  27.0  26.0  26.8  27.4  27.2 -99.0 -99.0 
1979 -99.0 -99.0 -99.0  27.1  27.9  27.3 -99.0  27.3 -99.0 -99.0 -99.0  26.2 
1980  25.8  26.2  26.2  26.8  27.9 -99.0 -99.0  27.9  28.5  26.9 -99.0  27.0 
1981  26.2  27.4  27.8  27.3  27.0  26.7  26.7  26.7  27.0  27.3  27.2  26.4 
1982  25.8  25.8  25.5  26.6  27.5  26.5  26.5  26.9  27.5  26.5  26.3  25.6 
1983  25.7  26.1  27.3  27.3  26.9  26.6  26.6  26.8  27.3  27.3  27.0  26.4 
1984  25.7  25.9  26.6  27.9  27.7  28.0  26.7  27.0  27.5  27.2  26.8 -99.0 
1985 -99.0 -99.0  26.2  26.8  27.7  27.4  26.5  26.9  26.4  26.4  26.7  26.2 
1986  25.8  25.7  26.2  27.8  28.3  27.1  26.9  27.1  27.2  27.4  26.6  26.2 
1987  26.4  26.9  27.1  28.5  28.8  28.0  27.5  28.1  27.6  27.9  27.2  27.4 
1988  26.4  26.6  26.8  28.4  29.0  28.3  27.9  27.8  27.8  27.7  27.2  26.4 
1989  26.0  25.9  26.2  26.9  27.8  27.7  27.3  27.9  27.8  27.4  26.6  26.6 
1990  26.6  25.9  26.4  27.1  27.5  27.1  27.1  27.2  28.2  27.9  27.2  26.5 
1991 -99.0 -99.0 -99.0 -99.0 -99.0 -99.0 -99.0 -99.0 -99.0 -99.0 -99.0 -99.0 
1992 -99.0 -99.0 -99.0 -99.0 -99.0 -99.0 -99.0 -99.0 -99.0 -99.0 -99.0 -99.0 
1993 -99.0 -99.0 -99.0  27.5 -99.0 -99.0 -99.0 -99.0 -99.0 -99.0 -99.0 -99.0 
1994 -99.0 -99.0 -99.0 -99.0 -99.0 -99.0 -99.0 -99.0 -99.0 -99.0 -99.0 -99.0 
1995 -99.0 -99.0 -99.0  27.4 -99.0 -99.0 -99.0 -99.0  27.7 -99.0  27.2 -99.0 
1996 -99.0 -99.0 -99.0  27.4  27.1 -99.0  27.1  27.4  27.7  27.5  26.8  26.6 
1997 -99.0  25.9  25.8  26.8  27.6  27.2  27.3  27.5  28.3 -99.0  27.1  27.3 
1998 -99.0  27.3 -99.0 -99.0 -99.0  27.6  27.8  28.5  28.5  27.9  27.2  26.9 
1999  26.1 -99.0 -99.0 -99.0 -99.0 -99.0 -99.0 -99.0 -99.0 -99.0 -99.0 -99.0 
2000 -99.0 -99.0 -99.0 -99.0 -99.0 -99.0 -99.0 -99.0 -99.0 -99.0 -99.0 -99.0 
2001 -99.0 -99.0 -99.0 -99.0 -99.0 -99.0 -99.0 -99.0 -99.0 -99.0 -99.0 -99.0 
2002 -99.0 -99.0 -99.0 -99.0 -99.0 -99.0 -99.0 -99.0 -99.0 -99.0 -99.0 -99.0 
2003 -99.0 -99.0 -99.0 -99.0 -99.0 -99.0 -99.0 -99.0 -99.0 -99.0 -99.0 -99.0 
2004 -99.0 -99.0 -99.0 -99.0 -99.0 -99.0 -99.0 -99.0 -99.0  28.0 -99.0 -99.0 
2005 -99.0 -99.0 -99.0 -99.0 -99.0 -99.0 -99.0 -99.0 -99.0 -99.0 -99.0 -99.0 
2006 -99.0 -99.0 -99.0 -99.0 -99.0 -99.0  27.2 -99.0 -99.0 -99.0 -99.0 -99.0 
2007 -99.0 -99.0 -99.0 -99.0 -99.0 -99.0 -99.0 -99.0 -99.0 -99.0 -99.0 -99.0 
