Number= 789880
Name= DR. A. PLESMAN AP
Country= ANTIL ES
Lat=   12.2
Long=   69.0
Height= 8
Start year= 1951
End year= 2011
First Good year= 1951
Source ID= 10
Source file= Jones+Anders
Jones data to= 2001
Normals source= Data
Normals source start year= 1961
Normals source end year= 1990
Normals=  26.3  26.3  26.7  27.3  27.9  28.2  28.1  28.5  28.7  28.3  27.7  26.8 
Standard deviations source= Data
Standard deviations source start year= 1951
Standard deviations source end year= 1990
Standard deviations=   0.5   0.5   0.5   0.4   0.5   0.4   0.3   0.3   0.4   0.4   0.4   0.5 
Obs:
1951  26.0  25.5  26.0  27.1  28.0  28.2  28.2  28.7  29.2  28.6  28.0  27.0 
1952  26.1  26.4  27.0  27.7  28.4  28.3  28.2  28.7  29.1  29.2  27.9  27.1 
1953  26.6  26.2  26.3  27.6  27.9  28.4  28.3  28.6  28.9  28.5  28.3  27.3 
1954  26.4  26.2  27.0  27.0  27.7  28.0  28.2  28.6  28.9  27.4  27.5  26.7 
1955  26.4  26.2  26.1  26.5  27.5  27.8  28.0  29.1  28.3  28.2  27.6  26.7 
1956  26.2  25.9  26.2  27.1  27.6  27.6  27.8  28.1  28.2  27.9  27.8  26.3 
1957  25.4  25.2  26.1  26.5  26.8  27.6  27.8  28.3  28.6  28.7  27.9  26.9 
1958  26.7  26.9  27.4  27.9  28.6  29.1  28.3  28.9  29.4  29.0  27.7  26.9 
1959  26.5  26.2  26.3  27.2  27.5  27.8  27.9  28.0  28.5  27.9  27.6  27.5 
1960  26.6  26.9  27.0  27.5  28.1  28.1  28.1  27.9  28.6  28.4  28.0  26.9 
1961  26.6  26.4  26.4  27.0  27.4  27.6  27.6  28.2  28.2  28.4  26.8  26.4 
1962  26.1  26.0  26.5  27.2  27.9  28.3  28.3  28.5  28.9  28.6  27.7  26.9 
1963  26.2  26.3  26.5  27.2  27.5  28.1  27.7  28.7  29.0  28.9  27.8  27.6 
1964  26.5  26.4  26.6  27.3  27.7  27.9  27.9  28.9  29.0  28.0  27.5  25.9 
1965  25.7  25.3  26.1  26.9  27.8  27.7  28.1  28.1  29.0  28.5  27.9  27.2 
1966  26.8  26.6  26.9  27.5  28.0  28.0  28.3  28.7  28.5  27.9  27.0  26.4 
1967  25.8  25.9  26.4  26.7  27.1  27.7  27.7  28.1  28.3  28.3  27.5  26.7 
1968  25.9  26.0  26.7  27.2  27.9  28.2  28.3  28.2  28.5  28.4  27.7  27.0 
1969  26.1  26.3  27.5  28.2  28.5  28.8  28.5  28.6  29.3  28.3  27.8  27.4 
1970  27.0  27.1  27.1  27.8  28.5  28.6  28.3  28.6  28.6  28.0  26.9  26.3 
1971  25.6  26.0  26.6  26.9  27.5  27.8  27.5  27.9  27.9  27.6  27.4  26.4 
1972  25.8  26.0  26.6  27.2  27.7  28.2  27.8  28.1  28.7  28.6  27.9  27.2 
1973  27.1  26.8  27.1  27.4  28.1  28.1  28.2  28.3  28.2  27.6  26.9  25.9 
1974  25.7  25.8  26.3  26.5  26.5  27.4  27.7  28.2  28.1  28.0  27.4  26.4 
1975  26.1  26.2  26.7  26.8  27.7  27.9  27.6  28.2  28.4  27.5  27.5  25.5 
1976  25.1  25.4  25.3  26.6  27.5  27.8  27.7  28.3  28.4  28.2  27.8  26.6 
1977  26.7  26.6  26.5  26.9  27.9  28.0  28.3  28.7  29.0  28.7  28.2  27.4 
1978  26.5  27.0  27.3  28.1  28.5  28.5  28.2  28.3  28.6  28.5  28.2  26.9 
1979  26.4  27.1  27.2  27.6  28.2  28.6  28.3  28.7  29.0  28.7  28.2  26.7 
1980  26.5  26.4  26.8  27.7  28.3  28.6  28.6  28.7  29.0  28.9  27.8  27.1 
1981  26.9  27.2  27.4  27.6 -99.0  28.1  28.7  28.7  28.7  28.7  28.5  27.8 
1982  26.5  26.5  26.7  27.4  28.0  28.2  28.0  28.6  28.8  28.5  27.7  27.0 
1983  26.6  26.6  27.4  27.7  28.4  29.0  28.5  28.7  29.1  28.5  28.3  27.2 
1984  26.7  26.9 -99.0  27.3  28.2  28.2  27.9  28.2  28.3  28.1  27.3  26.6 
1985  25.8  26.1  26.4  27.0  27.9  27.9  28.1  28.4  28.5  28.0  27.2  26.3 
1986  25.9  26.0  26.8  27.4  27.7  28.3  28.1  28.5  28.4  28.1  27.6  27.2 
1987  26.6  26.8  27.2  28.2  28.8  29.2  28.8  29.2  29.2  28.8  28.5  28.1 
1988  26.8  26.8  27.1  27.7  28.4  28.8  28.9  28.2  28.2  27.2 -99.0  25.9 
1989  25.8  25.6  26.2  27.1  27.2  27.7  28.3  28.8  28.7  28.3  27.7  26.7 
1990  26.0  25.8  26.5  27.3  28.0  28.5  28.3  28.3  29.2  28.4  28.1  26.9 
1991  26.4  26.8  26.9  27.5  28.2  28.2  28.3  28.6  28.8  28.6  27.6  26.4 
1992  26.5  26.8  27.1  27.8  28.8  28.9  28.3  29.0  28.8  29.1  28.0  27.3 
1993  26.7  26.8  27.2  28.1  29.2  29.4  29.1  29.1  29.0  29.3  28.3  27.9 
1994  26.9  26.7  27.5  28.1  28.3  29.0  28.6  29.0  29.3  28.8  28.9  27.8 
1995  27.6  27.5  27.5  28.4  29.1  29.4  28.9  29.4  30.0  28.9  28.7  27.8 
1996  27.3  27.6  27.8  28.2  28.6  28.9  28.9  29.4  29.8  28.6  27.9  27.5 
1997  26.8  27.0  26.9  27.8  28.9  29.1  28.3  28.5  29.1  29.2  28.1  27.8 
1998  27.4  27.1  27.3  28.2  28.9  29.0  28.7  29.7  30.7  29.7  29.0  28.0 
1999  27.2  27.2  28.1  28.3  29.2  29.7  29.5  30.2  29.9  29.0  28.4  27.4 
2000  26.6  27.0  27.3  28.3  29.0  29.1  29.2  30.3  29.9  30.0  28.4  28.0 
2001  27.6  27.2  27.6  28.5  29.4  29.3  28.8  29.0  29.5  28.6  28.2  27.5 
2002  26.8  26.6  27.1  27.4  28.3  28.3  28.2  28.9  29.1  28.5  27.8  27.3 
2003  26.8  26.9  26.8  27.7  28.1  27.9  27.8  28.6  29.0  28.8  28.0  27.0 
2004  26.1  26.4  26.7  27.5  27.8  28.0  27.9  28.5  28.8  28.2  27.0  26.7 
2005  26.0  26.1  27.6  27.6  28.5  28.6  28.5  29.0  28.9  28.0  27.0  26.1 
2006  25.9  26.0  26.7  27.2  28.5  28.7  28.3  28.7  29.1  29.0  28.4  27.6 
2007  26.7  26.7  27.3  27.9  28.7  29.0  28.8  29.0  28.8  28.4  28.3  26.8 
2008  26.6  26.6  26.7  27.4  27.9  28.2  28.3  29.0  29.2  27.8  27.3  26.5 
2009  26.4  26.0  26.1  27.4  27.8  28.1 -99.0  28.9  29.5  29.0  28.8  27.8 
2010  27.4  27.1  28.1  28.4  29.2  28.6  29.1  29.6  28.5  28.4  27.1  26.6 
2011  26.7  26.5  25.5  26.7  27.6 -99.0 -99.0 -99.0 -99.0 -99.0 -99.0 -99.0 
