Number= 821910
Name= BELEM
Country= BRAZIL
Lat=   -1.5
Long=   48.5
Height= 10
Start year= 1949
End year= 2011
First Good year= 1949
Source ID= 37
Source file= Jones+Anders
Jones data to= 2001
Normals source= Data
Normals source start year= 1961
Normals source end year= 1990
Normals=  25.6  25.5  25.6  25.8  26.0  26.1  25.9  26.1  26.1  26.4  26.6  26.2 
Standard deviations source= Data
Standard deviations source start year= 1949
Standard deviations source end year= 1990
Standard deviations=   0.4   0.5   0.5   0.5   0.5   0.7   0.4   0.6   0.3   0.5   0.4   0.5 
Obs:
1949  25.2  24.6  24.8  25.2  25.5 -99.0  25.6  26.0  26.0 -99.0  26.0  26.4 
1950  25.3  24.7  24.4  25.1  25.9 -99.0  25.5  26.3  26.0  25.9  26.2  26.2 
1951  25.5  25.6  24.9  25.4  25.9  26.1  25.6  26.5  26.0  26.0  26.1  25.7 
1952  26.0  25.0  25.3  25.3  25.8  26.0  26.1  25.9  26.2  26.0  26.1  26.1 
1953  25.3  25.4  25.7  25.4  26.1  26.4  26.1  26.4  26.3  26.4  26.5  26.5 
1954  25.8  25.2  25.0 -99.0  26.3  26.2  26.0 -99.0  25.8  25.9  26.3  25.8 
1955  25.2  25.2  25.3  25.1 -99.0  25.9  25.8  25.4 -99.0  26.4  26.0  26.6 
1956  25.7  24.4  25.2  25.3  26.1  25.8  25.9  25.9  25.9  27.2  26.3  26.0 
1957  24.7  25.3  24.5  24.8  26.0  26.6  26.7  26.1  26.2  26.2  26.8  26.6 
1958  26.0  25.8  25.7  26.6  27.0  26.8 -99.0 -99.0  25.8 -99.0 -99.0  26.8 
1959  25.8  25.3  25.5  25.9  26.2  26.0  26.0  26.1  25.9  26.4  26.3  25.9 
1960  25.5  25.5  25.4  25.9  26.6  26.1  26.5  26.4  26.3  26.6  26.4  26.2 
1961  25.6  24.9  25.4  25.6  25.7  25.9  26.0  25.7  25.8  25.8  25.8  25.5 
1962  25.4  25.1  25.4  25.2  25.6  26.0  25.9  26.1  26.0  26.1  26.5  26.1 
1963  25.5  25.1  24.9  25.6  26.0  26.9  26.1  26.1  26.0  26.6  27.0  25.4 
1964  25.0  25.5  25.8  25.1  25.3  26.5  27.0  26.2  26.4 -99.0 -99.0 -99.0 
1965 -99.0 -99.0 -99.0 -99.0 -99.0 -99.0 -99.0 -99.0 -99.0 -99.0 -99.0 -99.0 
1966 -99.0 -99.0 -99.0 -99.0 -99.0 -99.0 -99.0 -99.0 -99.0 -99.0 -99.0 -99.0 
1967  25.8  25.1  25.2  26.1  25.7  25.7  25.6  25.9  26.7  25.9  26.4  27.0 
1968  25.7  25.2  25.1  25.7  26.8  25.7  26.1  27.9  26.1  26.5  26.5  27.3 
1969  25.7  26.4  26.5  26.4  26.8  26.6  26.6  28.3  26.3  28.5  26.5  25.8 
1970  26.2  26.3  25.9  26.3  26.5  26.0  26.1  26.1  25.9  26.3  26.8  26.1 
1971  25.6  25.1  25.2  25.2  25.6  25.6  26.4  25.9  25.9  26.4  26.3  26.4 
1972  25.1  24.9  25.4  26.1  26.0  29.0  25.8  26.0  26.1  26.2  26.7  26.4 
1973  26.1  25.7  26.1  26.0  26.3  26.3  26.0  26.3  26.0  26.9  26.8  25.5 
1974  25.6  25.1  25.0  25.5  25.5  25.6  25.4  25.8  25.7  26.3  26.8  25.3 
1975  25.4  25.5  25.4  25.6  25.5  24.3  25.2  25.4  25.8  25.9  25.7  26.8 
1976  25.0  25.3  25.3  25.6  25.9  25.2  25.2  25.5  25.8  26.5  26.2  25.8 
1977  25.2  24.9  25.1  25.4  25.5  25.7  25.8  25.0  25.9  26.4  27.2  26.2 
1978  25.5  26.6  25.5  25.7  26.3  26.0  25.6  26.0  25.8  26.0  26.3  26.6 
1979  25.9  25.6  25.8  25.8  26.2  26.1  25.5  26.2  26.2  26.4  26.7  26.3 
1980  25.7  24.7  25.3  25.9  27.0  26.7  26.1  26.0  26.3  26.4  26.7  26.6 
1981  25.6  25.7  26.4  26.7  26.1  26.2  25.7  26.2  26.1  26.6  26.9  26.6 
1982  25.4  25.6  25.7  25.9  26.1  26.0  25.7  25.6  26.0  26.2  26.6  26.6 
1983  26.7  26.1  26.5  26.5  26.6  26.4  25.8  26.0  26.2  26.1  26.7  26.2 
1984  25.0  25.1  25.3  25.3  25.5  25.6  25.6  25.9  25.9  26.0  26.3  26.3 
1985  25.0  25.1  25.3  25.2  25.6  25.6  25.3  25.5  26.1  26.4  25.9  25.7 
1986  25.6  25.0  25.1  25.2  25.9  25.7  25.6  26.0  26.1  26.6  26.4  26.2 
1987  25.8  25.8  25.7  26.3  26.7  27.0  26.4  26.5  27.1  27.1  27.4  27.2 
1988  26.0  26.3  25.9  25.9  26.4  26.2  26.2  26.9  26.3 -99.0  26.5  25.8 
1989  25.6  25.7  25.4  25.7  25.6  26.1  25.8  26.4  26.3 -99.0  26.9  26.2 
1990  26.2  25.6  26.0  26.7  26.6  26.4  25.8  26.1  26.4  26.8  26.6  26.4 
1991  25.4  25.9  25.3  25.9  26.2  26.6  26.3  26.1  26.7  26.1  26.7  26.9 
1992  26.2  25.4  25.6  26.1  26.7  26.2  25.7  25.9 -99.0  26.5  26.7  26.9 
1993  25.5  25.3  25.4  25.9  26.4  26.3  26.0  26.2  26.5  26.4  26.9  26.8 
1994  26.1  25.9  25.7  26.1  26.3  26.4  26.3  26.4  26.8  26.8  26.7  26.6 
1995  26.1  25.7  26.2  26.2  26.2  27.0  26.4  27.4  27.2  27.1  27.0  26.8 
1996  26.0  26.0  26.0  26.2  26.5  26.8  26.8  26.5  26.5  27.1  27.0 -99.0 
1997  25.5  25.8  26.4  26.0  26.7  27.0  26.6  26.7  27.2  27.7  27.5  27.2 
1998  27.0  27.0  26.8  27.8  27.8  27.3  27.1  27.2  27.3  27.5  27.4  26.9 
1999  26.4  26.9  26.1  26.4  26.3  26.7  26.8  27.2  26.9  27.0  27.5  27.0 
2000  26.3  25.7  26.0  26.1  26.5  26.6  26.3  26.7  26.6  26.9  27.3  26.5 
2001  25.6  25.4  25.9  26.2  26.8  26.4  26.4  26.9  27.0  27.2  27.5  27.7 
2002  26.2  26.8  26.3  26.4  26.8  26.5  26.7  27.1  27.2  27.2  27.1  26.9 
2003  26.7  25.9  26.1  26.7  26.7  27.1  26.4  27.1  27.0  27.4  27.7  27.0 
2004  26.5  25.8  26.1  26.8  27.3  26.5  26.1  26.6  26.9  27.2  27.4  27.4 
2005  27.2  26.7  26.8  26.7  26.7  27.3  27.3  27.6  27.5  27.6  27.8  26.7 
2006  26.7  26.5  26.4  26.5  26.6  27.2  27.2  27.3  27.6  27.8  27.2  26.9 
2007  27.0  25.9  26.0  26.3  26.9  26.9  26.7  27.0  27.2  26.9  27.3  26.7 
2008  25.5  25.8  25.9  26.1  26.6  26.7  27.0  27.6  27.5  27.7  27.8  27.5 
2009  27.5  25.7  25.7  26.1  25.9  26.7  27.2  27.9  27.6  27.6  28.1  27.2 
2010  26.5  27.1  27.8  26.9  27.6 -99.0  27.5  27.9  28.0  27.8  27.9  27.3 
2011  26.0  26.1  26.3  26.6  27.7 -99.0 -99.0 -99.0 -99.0 -99.0 -99.0 -99.0 
