Number= 825860
Name= QUIXERAMOBIM
Country= BRAZI
Lat=   -5.3
Long=   39.3
Height= 199
Start year= 1896
End year= 2011
First Good year= 1896
Source ID= 10
Source file= Jones+Anders
Jones data to= 2001
Normals source= Data
Normals source start year= 1961
Normals source end year= 1990
Normals=  28.2  27.4  26.6  26.3  26.1  25.7  25.9  27.2  28.0  28.4  28.6  28.6 
Standard deviations source= Data
Standard deviations source start year= 1941
Standard deviations source end year= 1990
Standard deviations=   0.9   1.2   1.1   1.0   1.0   1.1   1.1   1.0   0.8   0.8   0.7   0.7 
Obs:
1896  28.5  28.8  26.4  26.0  25.3  24.7  26.4  26.8  28.0  28.8  28.9  29.1 
1897  29.3  26.5  26.6  25.9  25.5  24.5  24.9  26.0  27.8  28.3  28.5  28.8 
1898  29.1  27.0  28.2  26.8  27.7  27.1  26.8  26.9  27.4  28.2  28.4  27.9 
1899  27.9  25.3  25.1  25.1  25.0  24.6  24.7  25.9  27.4  27.9  28.4  28.9 
1900  28.0  27.8  28.8  28.4  28.6  27.4  27.5  27.6  28.4  28.7  28.7  28.4 
1901  28.6  27.7  26.6  26.3  25.8  26.8  26.6  27.4  27.8  28.1  28.4  28.8 
1902  28.5  28.6  27.6  27.2  25.9  27.1  27.1  27.3  27.7  27.6  27.9  28.9 
1903  27.9  26.9  26.8  27.9  27.7  27.2  27.0  27.1  27.4  27.9  28.2  28.8 
1904  27.9  28.2  26.4  27.2  26.4  26.1  25.6  25.7  27.1  27.4  27.7  27.9 
1905  28.1  27.0  25.5  25.9  26.4  26.5  26.5  27.4  27.8  27.8  28.7  28.1 
1906  28.9  27.2  27.2  26.2  25.0  25.1  26.0  26.9  27.4  28.0  28.3  28.3 
1907  28.3  27.2  27.6  27.7  27.8  27.6  25.6  27.3  27.9  28.5  28.3  28.5 
1908  29.0  29.7  27.6  27.5  27.4  27.5  27.4  28.1  28.4  28.5  28.0  28.7 
1909  28.2  27.5  28.3  27.4  27.5  27.8  27.1  27.4  27.8  28.4  28.5  28.6 
1910  27.5  28.1  26.8  26.3  25.6  25.8  26.4  27.5  28.1  28.7  28.5  28.2 
1911  27.1  27.3  25.6  26.6  26.9  27.9  27.0  27.4  28.0  28.2  28.3  28.4 
1912  28.2  26.7  26.0  26.2  25.4  25.2  25.8  27.0  27.5  27.9  28.1  28.5 
1913  28.6  26.3  26.1  26.1  25.5  25.5  25.7  26.9  27.5  28.1  28.5  27.9 
1914  27.5  27.0  26.8  26.7  25.7  25.6  25.6  25.9  27.9  28.2  28.5  29.1 
1915  28.9  29.4  30.0  29.1  29.0  28.7  28.6  28.4  28.4  29.0  29.0  28.7 
1916  28.3  28.7  26.6  26.7  25.7  25.4  25.8  26.6  27.5  28.3  28.2  28.4 
1917  26.7  25.5  25.5  26.0  24.9  24.4  25.4  27.0  27.9  28.7  28.6  28.4 
1918  27.7  26.8  27.4  26.9  26.7  25.7  26.6  26.5  27.5  28.6  29.1  28.8 
1919  28.2  29.1  29.1  29.2  28.9  28.0  27.1  27.3  27.8  28.2  28.3  29.0 
1920  29.0  29.3  27.0  27.0  26.4  25.3  25.8  27.2  27.8  28.9  28.7  28.5 
1921  28.2  26.8  26.4  26.4  25.1  25.0  24.8  26.6  27.6  28.2  28.6  28.9 
1922  29.1  28.8  27.6  25.7  25.4  25.2  24.6  25.8  27.5  27.7  27.8  28.0 
1923  28.8  26.6  26.7  25.4  26.0  25.8  26.0  27.2  27.8  28.5  28.8  29.1 
1924  29.1  26.6  26.4  25.6  25.5  24.8  25.0  26.0  27.4  27.6  28.0  28.0 
1925  27.0  26.4  26.2  25.6  25.9  26.4  27.0  27.4  27.4  27.7  27.9  28.3 
1926  28.0  27.7  27.0  27.0  26.4  26.2  26.7  27.5  28.1  28.2  28.6  28.7 
1927  28.2  27.6  26.5  26.5  26.2  26.0  26.3  27.6  28.4  28.4  28.9  29.4 
1928  28.9  29.4  27.8  26.5  26.4  27.0  27.0  27.8  28.3  28.4  28.4  28.6 
1929  28.8  27.4  26.8  26.1  26.0  26.3  26.4  27.4  27.9  28.2  28.2  28.4 
1930  28.5  28.2  27.8  26.9  27.2  27.0  27.7  28.1  28.2  28.1  28.9  29.4 
1931  28.6  28.2  27.9  27.9  27.8  28.0  28.4  28.2  28.3  28.4  28.8  28.8 
1932  28.4  28.3  27.8  28.4  27.9  27.6  27.5  28.6  27.8  28.2  28.6  28.6 
1933  28.5  27.8  27.2  27.1  26.3  27.0  27.6  28.2  28.6  29.0  28.8  28.8 
1934  28.8  27.2  25.4  26.3  25.3  24.8  25.7  27.4  28.5  29.1  28.9  28.6 
1935  28.9  26.7  26.7  26.1  25.8  25.2  25.8  27.2  27.8  28.4  29.0  29.2 
1936  29.3  27.6  27.5  28.0  26.8  25.2  25.2  27.2  27.8  28.6  28.6  28.9 
1937  29.8  27.9  28.3  27.0  26.2  25.8  26.6  27.8  28.8  29.0  29.4  29.7 
1938  28.9  29.6  26.6  26.2  26.1  26.1  26.8  27.4  28.2  28.6  27.6  28.8 
1939  28.9  27.5  26.5  26.4  26.8  26.2  27.0  27.4  27.8  27.6  28.2  28.8 
1940  28.2  28.1  26.5  26.2  25.8  24.8  25.3  26.8  28.0  28.2  28.4  29.4 
1941  29.2  28.6  27.3  27.3  27.0  27.7  26.9  27.8  28.1  28.7  28.6  29.2 
1942  29.8  28.4  28.7  28.5  28.2  27.9  27.5  27.3  28.3  28.5  28.6  28.4 
1943  28.7  28.0  27.4  27.1  26.8  27.1  26.7  27.0  27.5  28.4  28.1  28.2 
1944  27.8  28.6  27.1  26.2  25.7  26.0  25.9  27.2  28.0  28.4  28.8  28.9 
1945  28.2  26.3  27.5  26.5  25.2  24.9  25.0  26.7  27.5  28.1  28.5  28.8 
1946  27.0  26.8  27.0  26.5  26.7  26.4  26.8  27.1  27.8  27.9  28.6  28.3 
1947  28.1  27.4  26.3  26.3  25.5  25.7  26.4  29.5  28.0  28.6  28.4  28.3 
1948  29.1  29.0  26.9  26.6  25.8  25.6  26.0  27.0  27.8  28.3  28.5  29.2 
1949  29.6  28.3  27.5  26.7  26.1  25.9  26.6  27.0  28.3  28.6  28.5  28.8 
1950  29.2  29.2  26.8  25.6  25.2  25.6  26.3  27.0  27.5  28.0  28.4  28.5 
1951  28.7  28.9  29.3  27.7  27.6  25.0  25.7  27.8  28.6  28.7  29.0  29.0 
1952  29.6  29.5  28.0  27.0  26.1  26.9  27.8  28.2  28.5  28.7  28.8  29.1 
1953  29.5  29.7  29.1  28.1  26.8  26.1  27.4  27.9  28.5  28.8  29.1  29.4 
1954  29.3  28.6  28.0  28.0  27.0  26.6  27.3  27.9  28.3  28.7  28.5  29.3 
1955  28.9  27.8  27.6  27.0  26.2  26.9  27.6  27.7  28.3  28.5  29.0  28.9 
1956  29.4  27.8  27.7  26.7  27.4  27.4  27.0  27.4  28.4  28.6  28.6  28.9 
1957  28.5  28.9  26.7  26.0  26.6  26.6  27.1  27.8  28.2  28.7  29.2  29.6 
1958  29.7  29.7  29.8  29.9  28.1  27.7  27.2  28.1  28.3  28.6  28.9  29.2 
1959  28.5  27.8  27.7  27.1  26.7  27.2  27.4  27.9  28.5  28.4  28.5  29.2 
1960  29.6  29.6  26.5  26.9  26.5  26.5  26.7  27.6  28.5  28.7  28.8  29.5 
1961  29.4  27.1  27.2  26.7  26.2  26.9  27.0  28.9  30.2  30.7  30.5  30.1 
1962  29.6  29.4  27.6  27.1  26.9  27.1  27.6  29.5  29.9  30.3  29.3  29.2 
1963  28.2  27.2  26.2  26.6  26.4  27.3  26.9  28.3  29.1  29.7  29.6  28.7 
1964  26.9  26.5  26.5  26.1  26.4  25.5  25.8  27.0  28.3  28.6  29.1  29.3 
1965  28.5  29.3  28.1  26.0  26.4  25.5  26.0  27.9  28.8  29.4  29.9  29.5 
1966  30.1  28.4  28.2  27.7  26.9  26.4  26.9  28.7  29.4  30.1  29.8  30.2 
1967  30.1  27.5  26.4  26.6  26.6  26.5  26.1  28.0  29.0  29.6  29.0  29.0 
1968  28.9  28.8  26.5  27.0  25.7  26.0  26.7  28.2  29.7  30.3  28.6  30.0 
1969  29.5  30.2  28.4  27.0  26.3  25.4  25.3  27.0  28.4  29.1  29.3  29.6 
1970  28.9  29.3  26.6  27.5  27.7  28.4  28.3  28.6  29.2  29.5  29.0  29.7 
1971  27.6  26.7  26.0  25.3  24.8  24.4  24.9  25.8  26.8  27.2  27.2  27.5 
1972  27.6  26.6  25.5  26.6  25.5  25.2  26.6  26.7  27.5  27.7  28.4  28.6 
1973  27.3  27.5  26.5  25.6  26.3  25.0  24.4 -99.0 -99.0  28.1  28.2  28.0 
1974  26.6  25.2  24.8  24.8  24.2  23.8  23.6  25.7  26.7  27.2  27.3  27.4 
1975  27.5  26.0  25.2  25.3  24.6  24.0  23.5  24.7  26.6  27.3 -99.0 -99.0 
1976 -99.0 -99.0 -99.0 -99.0 -99.0 -99.0 -99.0 -99.0 -99.0 -99.0 -99.0 -99.0 
1977 -99.0 -99.0 -99.0 -99.0 -99.0 -99.0 -99.0 -99.0  27.2  27.6  27.9  27.9 
1978  28.3  27.3  26.2  26.4  25.3  24.6  25.6  26.3  27.3  27.6  27.5  27.6 
1979  28.0  27.7  27.8  27.7 -99.0  24.9  26.0  27.5  27.9  28.3  28.1  28.8 
1980  28.2  26.0  25.9  26.8  27.4  26.5  26.8  27.6  27.9  28.1  27.8  28.1 
1981  28.0  27.7  26.7  26.5  27.0  27.3  27.2  28.2  27.9  28.3  28.5  28.3 
1982  28.0  27.2  27.0  26.4  25.2  25.9  26.4  27.0  27.4  27.4  27.9  28.4 
1983  28.8  27.8  27.4  27.2  27.9  27.7  27.2  27.8  28.0  27.7  28.1  28.4 
1984  28.4  27.7  26.4  25.4  25.0  24.6  24.9  26.5  27.2  27.7  28.1  28.6 
1985  26.9  25.2  25.4  24.9  25.1  24.4  23.9  25.3  27.0  27.4  27.7  27.1 
1986  27.0  25.5  25.0  25.2  25.1  24.0  24.6  25.8  27.0  27.5 -99.0  28.2 
1987 -99.0  27.9 -99.0  26.0  27.5 -99.0  26.6  27.6  27.8  28.1  28.6  29.0 
1988  28.7  28.0  27.1  26.0  25.7  25.2  25.1  26.8  27.5  27.9 -99.0  27.8 
1989  27.2  28.1  26.9  25.4 -99.0  25.3  24.8  26.2  27.5  28.1  28.6  27.8 
1990  28.2  26.2  28.0  27.2 -99.0  26.6 -99.0 -99.0 -99.0  27.9 -99.0 -99.0 
1991  28.2 -99.0 -99.0  27.4 -99.0 -99.0 -99.0  26.8  27.2  27.5  27.9  28.4 
1992  27.9 -99.0  26.0  26.1  27.0  26.5 -99.0 -99.0 -99.0  27.4  27.7  28.3 
1993  28.4  29.0  27.7  27.8  27.8  27.8  27.2  27.9 -99.0  28.7  28.6  29.2 
1994  27.8  26.9 -99.0  26.1 -99.0  25.0  25.0  26.9  27.6 -99.0  28.1 -99.0 
1995  27.8 -99.0  27.2  26.1  25.9  25.7 -99.0  26.9  27.7 -99.0  28.0  28.9 
1996  27.6  28.0  26.0  25.7  25.7  25.7  25.7  26.9  28.0  28.0  28.4  28.8 
1997  28.1 -99.0  27.1  25.9 -99.0  26.1  26.1  26.8  27.6  28.1  28.3  28.9 
1998  28.1  29.2 -99.0  29.4 -99.0  28.7  28.1  28.0  28.5  28.8  28.7 -99.0 
1999  28.2  23.7  26.4  27.1  25.5  27.0  26.8  27.6  27.3  28.3  28.6  27.9 
2000  26.9  26.7  26.8  25.8  25.6  26.4 -99.0  25.9 -99.0 -99.0 -99.0  27.9 
2001  28.0  26.5  27.2  25.8 -99.0 -99.0 -99.0 -99.0  27.9  28.3  28.6  29.4 
2002  26.4  27.0  26.6  25.9  26.3  25.6 -99.0  27.5  27.7  28.6  28.5  28.6 
2003  27.7  27.2  26.4  26.6 -99.0  25.8  26.2  27.6  28.3  28.3  28.5  28.4 
2004  27.2  25.6  25.6  25.9  25.4  24.3  24.6  26.5  27.9  27.8  28.4  28.4 
2005  28.6  29.0  28.0  27.4 -99.0  25.2  25.8  27.4  27.8  28.4  28.7  28.8 
2006 -99.0  27.7  26.3  25.9  25.1  24.7  26.0  26.9  27.8  28.1  28.0  28.5 
2007  28.4  27.7  26.0  26.5  25.9  25.6  24.7  26.9  27.3  28.6  28.2  28.0 
2008  27.6  27.4  25.3  24.8  25.0  23.9  25.2  26.4  28.1  28.5  28.5  28.8 
2009  28.1  26.5  25.7  25.2  24.8  24.6  25.3  27.5  27.1  27.8  28.1  28.2 
2010  27.4  29.1  28.9  26.9  27.0 -99.0  27.3  27.6  28.0 -99.0  28.7  27.2 
2011  26.0  25.8  25.5  25.4  25.1 -99.0 -99.0 -99.0 -99.0 -99.0 -99.0 -99.0 
