Number= 825990
Name= NATAL
Country= BRAZIL
Lat=   -5.9
Long=   35.3
Height= 8
Start year= 1961
End year= 1979
First Good year= 1961
Source ID= 10
Source file= Jones
Jones data to= 1979
Normals= -99.0 -99.0 -99.0 -99.0 -99.0 -99.0 -99.0 -99.0 -99.0 -99.0 -99.0 -99.0 
Obs:
1961  27.0 -99.0  27.0  26.4  26.1  25.6  24.3  24.6  25.4  25.7  26.3  26.8 
1962  27.2  27.7  27.2  26.9  26.2  25.1  24.7  24.7  25.6  26.5  26.5 -99.0 
1963 -99.0  27.4  26.7  26.5  26.3  24.9  24.2  24.5 -99.0  26.4 -99.0  27.2 
1964 -99.0  27.2 -99.0  26.5  25.9  25.7 -99.0 -99.0  25.4 -99.0  26.4  26.7 
1965  26.7  27.3  27.5  26.4  26.0 -99.0  24.8 -99.0 -99.0 -99.0  26.9 -99.0 
1966  27.6  27.2  27.6  27.6 -99.0  25.8  24.6  24.8  25.4  26.8  27.0  27.7 
1967  27.0  27.6  27.1  27.1 -99.0  23.9 -99.0  23.1  23.7  24.2  24.3  25.0 
1968  25.6  25.8  25.3  25.7  24.6  26.0  23.2  23.8  24.5  25.5  27.0  26.2 
1969  26.7  26.7  27.0  26.4  25.8 -99.0 -99.0 -99.0 -99.0 -99.0 -99.0 -99.0 
1970 -99.0 -99.0 -99.0 -99.0 -99.0  24.3  23.7  23.5  24.3  25.3  25.7  26.0 
1971  26.2  26.1  26.5  25.8  24.9  24.7  23.8  23.5  24.0  24.7  24.9  25.2 
1972  26.6  26.5  26.3  26.2  25.3 -99.0  24.1  24.2  24.7  25.3  25.8  26.8 
1973  27.0  26.8  26.5  25.7  25.6  24.7  24.4  24.5  24.7  25.6  25.9  26.1 
1974  26.0  25.8 -99.0  25.2  24.7  24.3  23.3  23.6  24.0  25.0  25.5  25.9 
1975  26.4  26.6  26.4  26.4  25.4 -99.0  23.6  23.8  24.3  25.0  25.8  25.8 
1976 -99.0  25.9  25.5  25.5  25.1  24.0 -99.0  23.4  24.2  24.6  25.5  25.8 
1977  25.7 -99.0  26.2  26.2  25.8  24.5  23.8 -99.0 -99.0 -99.0  25.9  26.2 
1978  26.9  26.7  26.0 -99.0 -99.0  24.8  23.9  23.9 -99.0 -99.0 -99.0 -99.0 
1979 -99.0 -99.0 -99.0 -99.0 -99.0 -99.0 -99.0 -99.0 -99.0 -99.0  25.7 -99.0 
