Number= 828250
Name= PORTO VELHO
Country= BRAZIL
Lat=   -8.8
Long=   63.9
Height= 95
Start year= 1961
End year= 2008
First Good year= 1961
Source ID= 10
Source file= Jones+Anders
Jones data to= 2001
Normals source= Data
Normals source start year= 1961
Normals source end year= 1990
Normals=  25.6  25.6  25.6  25.8  25.7  25.1  25.0  26.0  26.4  26.3  26.1  25.7 
Standard deviations source= Data
Standard deviations source start year= 1961
Standard deviations source end year= 1990
Standard deviations=   0.7   0.8   0.8   0.8   1.0   1.4   1.7   1.9   1.5   1.1   0.9   0.8 
Obs:
1961  25.9  25.8  26.5  26.7  26.7  25.9  27.7  29.8  29.2  27.5  27.2  25.8 
1962  26.0  26.0  26.4  26.2  26.8  26.0  26.6  28.4  28.2  27.3  27.8  26.4 
1963  26.0  25.8  26.2  26.7  26.9  26.8  27.4  29.3  29.8  29.2  27.2  26.6 
1964  26.7  27.2  26.7  26.9  25.9  26.5  26.4  28.2  28.0  27.0  26.4  25.9 
1965  26.5  26.5  25.3  26.0  27.4  27.0  27.2  27.8  28.9  28.4  26.4  27.1 
1966  26.7  26.7  26.8  27.0  26.5  27.7  27.1  27.6  27.3  28.2  27.3  26.5 
1967  26.5  25.8  26.4  26.5  27.5  26.8  27.8  29.0  29.0  27.4  27.3  26.7 
1968  26.3  25.6  25.4  25.3  24.9  26.8  27.2  26.9  26.6  27.4  27.3  26.2 
1969  26.3  26.6  26.8  26.9  27.6  26.7  26.6  28.4  28.0  27.5  27.4  26.7 
1970  26.4  26.7  26.3  26.9  26.9  26.5  26.1  27.9  27.5 -99.0  27.8  26.7 
1971  26.0 -99.0 -99.0 -99.0 -99.0 -99.0 -99.0 -99.0  25.4  25.2  25.1  24.0 
1972  24.7  24.6  25.3  25.0  25.3  26.8  23.6  24.5  25.2  25.1  25.9  26.0 
1973  26.0  25.9  26.2  25.7  25.6  24.9  21.8  21.7  22.9  24.1  23.6  23.3 
1974  24.3  22.9  23.4  23.4  25.2  25.1  23.7  26.2  25.5  25.3  25.5  24.8 
1975  24.8  25.2  25.5  25.5  24.6  23.5  26.8  24.2  25.2  25.4  25.4  24.8 
1976  24.6  24.7  24.3  24.6  24.5  23.1  22.8  25.6  25.4  25.8  25.7  25.7 
1977  25.7  25.4  25.3  25.5  24.1  24.0  24.6  25.1  25.4  25.0  25.7  25.4 
1978  25.2  25.9  25.3  25.3  24.7  23.7  24.5  24.1  25.7  25.5  25.9  24.6 
1979  24.6  24.4  24.8  25.4  25.3  23.4  24.3  25.3  25.3  26.3  25.8  25.4 
1980  25.5  25.7  24.5  25.6 -99.0  24.0  23.8  25.0  25.4  25.7  25.5  25.4 
1981  25.3  25.3  25.3  25.9  25.2  24.1  22.7  25.2  25.5  25.9  25.9  26.2 
1982  25.3  25.5  25.5  25.6  24.8  24.7  24.1  25.0  25.2  25.8  25.4  25.5 
1983  24.4  26.7  26.1  26.1  25.8  23.2  24.8  25.1  26.3  25.7  25.6  25.2 
1984  25.0  25.6  25.5  25.2  25.7  24.5  24.2  24.0  25.5  25.9  25.5  25.5 
1985  25.4  26.1  26.1  25.7  25.4  23.5  24.5  24.8  25.4  25.4  25.7  25.1 
1986  25.5  25.4  25.2  25.9  25.5  24.0  23.9  25.1  25.1  25.7  25.7  25.1 
1987  24.8  25.5  25.3  26.0  25.1  24.5  25.7  24.7  26.4  26.6  25.4  26.2 
1988  25.8  25.8  25.8  25.1  24.8  23.8  23.4  25.3  26.8  26.5  25.8  25.3 
1989  25.0  25.0  25.5  25.4  24.6  24.9  23.1  26.2  25.8  25.8  26.4  25.7 
1990  25.4  25.4  25.8  25.7  25.3  24.8  23.2  24.9  25.5  26.5  26.1  25.8 
1991  26.1  25.9  25.5  25.8  25.8  24.8  23.9  24.6  26.1  26.0  26.0  26.0 
1992 -99.0 -99.0  25.3  25.6  26.3  27.4  23.8  25.3 -99.0 -99.0 -99.0 -99.0 
1993  25.5 -99.0  25.6  25.5 -99.0 -99.0  23.8 -99.0  25.8 -99.0  26.1  25.6 
1994  25.6  25.8  26.1  26.1  25.7 -99.0  23.9  25.4  26.2  26.4 -99.0 -99.0 
1995  26.0  25.6  26.1  25.4  24.6 -99.0  26.7  25.8 -99.0  26.9 -99.0  25.7 
1996  27.0  25.8 -99.0 -99.0 -99.0  24.4  24.6  24.6  25.7  26.0 -99.0  25.3 
1997  25.0 -99.0  25.5 -99.0 -99.0  24.8  24.6  25.6 -99.0  26.9  27.0  25.6 
1998  26.8  27.1  26.2  26.5  25.6  25.1  26.0  26.7  26.7  27.0  26.5  26.3 
1999  25.7  25.7  25.7  25.4  25.1  25.1  24.6  24.7  24.5  26.4  26.9  26.1 
2000  26.0  25.7  25.8  25.9  25.7  25.2  24.1  25.9  26.3  26.8  26.0  26.0 
2001  25.6  25.7 -99.0  26.4  25.7  24.2  25.2  26.0  26.1  26.9  26.7  26.0 
2002  26.3  26.3  26.1  26.4 -99.0  25.2  25.8  26.4  26.6  26.6  26.4  26.0 
2003 -99.0 -99.0  26.2  26.8  26.3  25.5  23.2  23.6  24.1  24.8  24.9  26.8 
2004  26.9  26.1  25.8  26.6  24.8  25.3  25.3  26.3  26.4  26.7  26.8  25.5 
2005  26.9  26.1  26.0  26.1  26.5  24.3  24.8  26.0  26.3  27.1  27.4  26.1 
2006  26.2  25.9  25.9  25.7  24.5  25.8  25.8  27.2 -99.0  27.2  26.6  26.1 
2007  26.6  26.2  26.1  26.3  24.9  25.0  25.3  26.2  27.3  26.6  26.4  26.2 
2008  25.8 -99.0 -99.0 -99.0 -99.0 -99.0 -99.0 -99.0 -99.0 -99.0 -99.0 -99.0 
