Number= 829300
Name= CACHIMBO
Country= BRAZIL
Lat=   -9.1
Long=   68.7
Height= -999
Start year= 1969
End year= 1974
First Good year= 1969
Source ID= 10
Source file= Jones
Jones data to= 1974
Normals= -99.0 -99.0 -99.0 -99.0 -99.0 -99.0 -99.0 -99.0 -99.0 -99.0 -99.0 -99.0 
Obs:
1969 -99.0 -99.0 -99.0 -99.0 -99.0 -99.0 -99.0 -99.0 -99.0 -99.0 -99.0  23.4 
1970 -99.0 -99.0  23.4  23.8  23.5  22.6 -99.0  22.6  23.6 -99.0  24.0  24.3 
1971 -99.0  24.1  25.0  24.5  24.7 -99.0  23.4  24.7  24.4  23.3  24.2  24.3 
1972  23.2  24.0  24.5  25.4  25.3  24.5  23.9  24.7  25.4  25.1  24.3  25.0 
1973  24.6  25.0  25.0 -99.0  25.0  25.1  24.5  25.7  25.0 -99.0  24.7 -99.0 
1974  24.4 -99.0  24.2  24.1 -99.0 -99.0  22.9  25.5 -99.0  24.6 -99.0 -99.0 
