Number= 829830
Name= PETROLINA
Country= BRAZIL
Lat=   -9.4
Long=   40.5
Height= 370
Start year= 1973
End year= 2011
First Good year= 1973
Source ID= 37
Source file= Jones+Anders
Jones data to= 1991
Normals source= Data
Normals source start year= 1973
Normals source end year= 1990
Normals=  27.0  27.0  26.6  26.1  25.5  24.5  23.9  24.8  26.4  27.2  28.2  27.7 
Standard deviations source= Data
Standard deviations source start year= 1973
Standard deviations source end year= 1990
Standard deviations=   1.0   1.4   0.8   0.9   0.9   1.0   1.0   0.6   0.7   1.2   0.9   1.4 
Obs:
1973  28.6  28.8  26.9 -99.0  25.8  27.2  24.5  25.8  27.3  26.3  30.7  28.7 
1974  27.7  26.0  25.2  25.0  23.6  23.0  22.2  24.2  25.7  24.7  26.7  26.9 
1975  27.5  26.4  26.1  25.5  25.0  23.9  23.7  23.6  25.0  28.1  28.4  27.3 
1976  28.4  26.4  27.2  27.0  26.8  25.2  24.3  25.0  27.0  24.4  26.9  27.9 
1977  26.0  26.4  27.9  26.3  25.5  23.8  24.2  24.6  26.2  27.3  28.3  26.8 
1978  25.9 -99.0 -99.0 -99.0  25.1  23.6  25.1  24.2  25.4  27.7 -99.0  26.9 
1979  26.1  25.4  27.1  26.7  25.7  23.7  24.1  25.2  26.5  27.7  27.8  29.9 
1980  25.7  25.2  25.6  26.4  26.2  25.1  24.3  25.0  26.4  27.8  27.4  27.3 
1981  27.2  27.8  26.4  24.6  24.5  23.8  21.5  24.7  25.6  27.8  28.7  28.1 
1982  27.5  27.5  28.0  26.4  25.3  24.3  24.0  25.2  26.1  27.4  29.2  29.1 
1983  28.1  26.3 -99.0  26.9  27.2  25.4  25.1  25.0  27.3  28.3  28.8  27.9 
1984  28.1  29.1  27.2  25.4  25.1  24.3  24.3  25.5  26.5  27.3  28.1  30.4 
1985  25.1  24.6  26.3  24.5  24.4  23.2  23.1  24.0  25.7  26.4  27.5  26.1 
1986  26.7  26.6  25.6 -99.0 -99.0 -99.0 -99.0 -99.0 -99.0  27.3  27.3  28.1 
1987 -99.0 -99.0  25.9  26.4  25.6  24.9  24.9  25.8  27.5  29.7  29.2  28.9 
1988  27.9  29.8  26.5  26.4  25.9  24.1  23.6  23.9  25.9  26.9  28.0  25.6 
1989  27.1  28.3  26.9  27.0  25.3  25.0  23.3  24.6  26.9 -99.0  28.1  24.7 
1990  26.2  26.7  27.5  27.6  27.3  25.5  24.9  25.2  27.0  27.6  28.6  28.7 
1991  27.3  27.9  27.6  27.1 -99.0  24.4  24.2  23.8  25.9  27.5  28.0  28.3 
1992  25.4  25.4  26.7  27.3  27.1  25.2  23.2  25.1  26.0  27.2  28.3  27.0 
1993  27.6  27.9 -99.0  28.6  26.9 -99.0  25.3  19.0  27.5  27.6  28.2  29.4 
1994 -99.0  28.3  25.0  27.5 -99.0  25.5  24.1  24.6  26.3 -99.0  29.1  30.0 
1995  28.0 -99.0  27.7 -99.0  27.3 -99.0  24.2  25.2  26.3 -99.0  27.8  27.6 
1996  28.5  28.8  27.9  26.7  26.2  24.3  24.3 -99.0  26.7  28.9  27.4  28.1 
1997  27.0  27.1  25.4  25.6  24.1  25.2  25.2  24.6  28.2  29.4  28.8  29.5 
1998  28.4  29.5 -99.0  29.7 -99.0  25.2  25.1  26.1  27.0  29.1  29.2 -99.0 
1999  28.7  28.8  27.7  28.3  26.5  25.6  24.5  24.0  25.9  27.0  27.3  26.9 
2000  26.8  26.4  26.5  26.7  26.2  25.8  24.6 -99.0 -99.0 -99.0 -99.0  26.9 
2001 -99.0  28.1 -99.0  27.5 -99.0  24.7  24.5  24.1  26.6  28.4  29.6  28.8 
2002  25.7  27.3  28.4  27.7  26.8  25.3  25.3 -99.0  27.5  28.9  29.3  28.9 
2003  28.8  28.1  28.5  28.1  26.5  25.4  24.1  25.9  26.9  28.0  28.1  29.7 
2004  26.7  26.5  26.9  27.7  26.2  25.3  24.5  25.3  26.5  28.9  28.9  29.3 
2005  29.5  28.0  28.4  27.0  25.8  25.0  24.2  25.2  27.3  28.9  28.8  27.6 
2006 -99.0  28.5  27.4  26.4  25.9  24.1  24.0  24.8  28.0  28.1  27.3  29.1 
2007  29.9  26.4  26.7  27.2  26.1  24.0  24.4  24.2  25.7  27.6  28.7  28.5 
2008  30.1  27.3  26.5  26.2  25.4  24.3  23.6  24.9  26.7  28.0  29.7  27.9 
2009  28.3  26.9  27.8  26.3  25.2  24.8  25.1  25.6  28.1  28.3  29.1  28.6 
2010  28.2  29.2  28.9  27.2  27.6 -99.0  24.2  24.4  25.9 -99.0  29.6  27.5 
2011  27.5  27.8  27.5  27.0  25.9 -99.0 -99.0 -99.0 -99.0 -99.0 -99.0 -99.0 
