Number= 160450
Name= UDINE RIVOLTO
Lat=   46.0
Long=  -13.2
Height= 92
Start year= 1967
End year= 2007
First Good year= 1967
Source ID= 10
Source file= Jones+Anders
Jones data to= 2001
Normals source= Data
Normals source start year= 1967
Normals source end year= 1990
Normals=   3.0   4.7   8.0  11.6  16.7  19.9  22.5  21.9  18.4  13.4   7.8   3.9 
Standard deviations source= Data
Standard deviations source start year= 1967
Standard deviations source end year= 1990
Standard deviations=   1.7   1.7   1.6   1.0   1.4   1.0   1.1   1.2   1.5   1.3   1.3   1.0 
Obs:
1967 -99.0   4.2   9.4  11.8  17.3  19.4  24.5  22.6  18.8  14.7   9.3   3.1 
1968   1.2   6.0   8.7  13.8  16.9  20.1  22.2  20.0  17.8  14.3   9.1   2.8 
1969   3.3   3.7   7.5  11.5  18.3  19.2  23.0  21.1  19.0  14.8   9.0   2.2 
1970   3.8   3.4   6.2  10.4  14.1  20.9  21.9  21.6  19.1  12.3   9.5   3.8 
1971   4.5   4.8   5.3  13.1  17.2  18.6  23.2  24.0  16.5  12.4   8.0   3.8 
1972   3.2   7.2  10.3  11.8  15.4  20.0  22.6  21.4  15.6  11.6   7.5   5.2 
1973   4.8   5.3   7.8  10.0  16.9  20.6  21.9  23.0  19.4  12.9   6.3   3.1 
1974   4.9   7.1   9.6  10.8  15.6  18.1  22.0  23.9  18.6   9.1   8.1   4.8 
1975   5.2   5.3   7.9  12.1  17.6  19.1  22.7  22.0  21.6  13.3   7.6   5.5 
1976   3.0   6.4   7.0  12.1  17.3  21.6  23.2  19.3  16.7  14.3   9.4   4.1 
1977   4.9   6.6   9.9  10.7  16.2  19.7  21.7  20.8  16.8  14.6   8.3   4.2 
1978 -99.0 -99.0 -99.0 -99.0 -99.0 -99.0  20.1  20.2  16.7  13.3   6.8   3.3 
1979   1.4   5.3   8.7  11.2  17.3  22.0  21.1  20.5  18.6  13.6   7.7   5.3 
1980   2.5   5.5   7.6  10.0  15.1  18.6  20.7  22.8  18.7  13.0   5.8   2.3 
1981   1.0   3.1   9.3  12.9  16.2  20.3  21.5  21.6  18.4  14.0   6.4   3.4 
1982   2.4   2.2   7.0  11.5  16.9  21.2  23.3  22.0  21.0  13.9   9.5   5.9 
1983   2.9   1.8   7.6  12.3  16.3  20.5  25.0  21.9 -99.0  13.5   6.3   4.3 
1984   3.0   4.0   6.9  11.7  13.7  18.6  21.3  20.9  16.9 -99.0   8.7   5.0 
1985  -0.9   1.8   7.3   9.8  16.9  18.8  23.5  22.9  19.8  14.3   6.4   5.1 
1986   2.7   2.0   7.3  11.6  19.8  20.5  22.1  22.4  18.2 -99.0   8.6   2.5 
1987   0.4   4.1   4.0 -99.0  15.6 -99.0  24.3  21.5  21.2  14.2   8.4   4.1 
1988   6.7   5.8   7.3  12.8  17.6  19.7  22.4  23.3  18.2  14.8   4.8   3.1 
1989   2.4   6.3  10.3  12.3 -99.0  19.3  22.4  22.4  18.2  12.0   6.9   4.4 
1990   3.3   6.9  10.5  11.2  18.4  19.9  22.7  23.0  17.4  14.2   8.5   3.2 
1991   3.1   2.7  10.8  11.3  13.5  19.7  22.8  23.4  20.2  12.2   7.4   1.6 
1992   3.0   4.7   8.0  12.0  19.2  20.0  23.1  25.4  18.9  12.9   9.1   4.7 
1993   2.8   4.2   7.0  12.5  13.5  21.3  21.8  24.0  17.2  13.8   7.1   4.8 
1994   5.6   4.3  11.2  12.5  17.8  21.3  25.8  25.1  18.9  12.8  10.5   7.2 
1995   3.2   6.3   7.8  11.7  17.0  19.4  25.5  21.4  16.6  15.1   7.8   5.1 
1996   5.0   3.0   7.1  13.3  17.6  22.2  21.4  21.4  15.6  13.2   9.8   3.8 
1997   6.0   6.3  10.8  10.8  17.1  20.3  21.6  22.2  19.6  12.3   8.1   5.2 
1998   4.4   6.9   7.8  12.0  18.5  22.0  23.7  24.3  18.3  13.4   7.3   3.0 
1999   4.1   3.2   9.3  13.1  19.1  21.5  24.0  23.0  20.2  13.5   7.1   3.1 
2000   1.5   5.2   8.4  14.5  19.2  22.8  21.5  24.4  19.3  14.7  10.3   5.9 
2001   5.1   6.3   9.9  11.5  19.7  20.5  23.6  25.1  16.6  16.6   7.4   1.7 
2002   2.1   6.1  10.5  13.1  17.3 -99.0  22.9  23.5  18.2  14.5  11.9   6.6 
2003   3.9   3.3   9.3  11.9  19.8  24.9  24.5  26.8  18.2  11.8  10.1   5.0 
2004   1.9   3.4   9.0  13.5  15.4  22.2  24.1  22.9  17.7  14.7   8.0   5.5 
2005 -99.0   2.5   7.5  12.2  17.8 -99.0  24.0 -99.0 -99.0 -99.0 -99.0 -99.0 
2006 -99.0 -99.0 -99.0 -99.0 -99.0 -99.0 -99.0 -99.0 -99.0 -99.0 -99.0 -99.0 
2007 -99.0 -99.0 -99.0 -99.0 -99.0 -99.0 -99.0 -99.0 -99.0 -99.0 -99.0 -99.0 
