Number= 161400
Name= BOLOGNA
Country= ITALY
Lat=   44.5
Long=  -11.5
Height= 60
Start year= 1808
End year= 1970
First Good year= 1808
Source ID= 10
Source file= Jones
Jones data to= 1970
Normals source= WMO
Normals source start year= 1961
Normals source end year= 1990
Normals source percent availability= 100
Normals source variable code= 14
Normals=   1.7   4.5   8.7  12.7  17.3  21.2  24.1  23.6  20.1  14.5   7.7   2.8 
Obs:
1808   2.1   3.1   4.9  12.3  22.9  23.6  28.4  26.8  22.9  13.5   8.3   1.1 
1809   3.1   8.4  10.9  11.0  17.8  25.5  27.1  26.8  18.0  15.0   8.1   5.0 
1810   2.6   4.5   8.6  14.8  21.5  22.3  27.3  25.5  20.9  16.4   9.3   6.9 
1811   1.5   6.6  12.1  16.1  21.9  26.6  28.6  25.8  22.9  20.1  11.5   4.4 
1812   1.1   7.1   9.4  12.1  21.1  25.8  25.4  25.8  19.9  16.5   8.1   1.8 
1813   1.5   7.0   8.9  16.0  23.3  22.9  25.0  23.9  20.8  16.8   7.6   4.6 
1814  -1.5   0.0   7.0  15.1  15.9  21.9  24.4  23.4  17.0  12.9   9.6   5.4 
1815   0.4   5.5  11.0  14.1  20.0  21.2  23.6  22.0  20.0  15.6   6.6   2.4 
1816   1.9   1.6   7.0  12.9  18.0  21.3  23.8  21.8  20.1  15.6   8.5   1.0 
1817   3.9   6.1   9.1   9.4  18.0  23.5  25.6  25.6  21.5  11.7   8.7   3.0 
1818   2.1   6.2  10.5  14.3  18.7  23.1  25.1  23.7  20.9  15.1   8.6   2.2 
1819   1.0   5.5  10.1  15.7  18.4  23.1  25.6  24.4  21.0  16.1   9.4   3.1 
1820   0.0   4.6   8.0  15.9  20.8  23.0  25.6  28.4  20.3  14.9   7.1   3.0 
1821   2.5   3.9   8.0  15.3  19.7  20.4  24.7  25.8  22.6  14.3   9.1   4.5 
1822   2.9   6.3  13.6  13.6  19.3  27.1  26.8  24.9  22.0  15.7   9.6   3.0 
1823  -0.6   4.7   7.4  13.2  20.1  21.9  25.1  25.7  21.0  15.6   6.6   3.5 
1824   2.1   6.6   7.9  12.0  19.1  20.9  26.0  25.5  21.2  15.3  10.1   3.5 
1825   2.7   4.9   6.5  14.4  19.4  22.4  24.7  24.5  20.9  13.4   9.4   8.1 
1826   0.5   5.8   9.9  14.1  17.4  21.6  25.5  26.0  20.9  15.7   7.0   4.7 
1827   2.9   1.9   9.6  13.5  19.5  22.2  26.5  23.6  18.3  15.9   6.3   3.4 
1828   2.0   3.2  10.9  14.8  19.9  24.5  27.6  24.8  21.1  15.5   6.9   3.7 
1829   0.6   1.9   8.3  15.4  18.1  21.5  26.4  23.4  20.1  13.9   5.6   0.0 
1830  -3.2  -0.1   9.6  16.9  18.1  22.6  26.7  26.1  18.8  13.1   9.0   3.8 
1831   1.2   5.0   9.7  14.5  19.8  23.0  25.3  23.9  18.9  16.9   8.1   3.9 
1832   1.5   4.0   7.8  11.9  17.2  21.5  25.9  25.4  19.2  14.5   7.3   1.1 
1833   0.0   4.8   7.9  12.6  20.8  23.1  22.2  22.0  17.8  13.6   8.0   5.0 
1834   4.4   3.9   8.8  11.5  21.0  24.1  26.1  24.6  23.1  15.8   8.6   2.0 
1835   3.0   5.0   7.6  11.9  18.0  21.2  25.4  22.8  18.9  12.6   1.6   0.0 
1836  -1.4   3.4  11.2  12.3  14.7  22.6  26.1  24.4  18.9  15.6   5.9   4.0 
1837   1.5   4.0   5.4  11.6  16.4  23.9  23.9  25.9  18.8  13.5   6.2   3.0 
1838  -0.1   2.3   8.7  10.5  18.2  23.9  24.4  23.6  19.9  13.1   8.9   2.4 
1839   1.6   3.6   6.4  10.1  17.5 -99.0  26.6  24.0  21.1  16.3  10.0   6.1 
1840   1.9   4.2   4.3  12.3  18.4  23.5  24.4  24.5  20.0  13.8  11.6   1.0 
1841   0.1   3.4  10.0  13.9  22.0  22.0  25.3  23.6  21.7  17.0   8.1   6.1 
1842   0.0   2.0   9.6  12.1  19.0  23.1  25.4  24.1  18.3  12.4   5.4   4.7 
1843   3.4   6.5   7.8  13.1  17.4  20.4  22.7  23.4  20.0  14.9   8.6   3.4 
1844   1.3   3.5   7.1  14.5  16.3  23.3  24.8  23.2  21.5  16.4   9.3   1.2 
1845   5.0   0.8   5.8  13.1  16.1  22.9  25.0  22.2  19.6  15.5   9.3   4.5 
1846   3.8   5.1  10.2  13.8  18.5  25.0  27.6  24.5  20.0  14.4   7.5   0.8 
1847   2.5   3.1   6.7  14.0  21.5  20.2  24.8  23.5  18.1  14.3   7.3   2.6 
1848  -0.4   4.1  10.0  14.7  17.5  24.0  24.6  25.4  19.4  15.4   6.4   3.3 
1849   1.3   7.3   7.7  11.5  18.2  25.7  24.8  24.7  19.9  15.6   8.0   2.5 
1850  -1.1   5.6   7.6  12.4  16.1  22.1  24.2  24.0  17.7  12.9   8.3   4.9 
1851   4.4   5.6   8.5  15.5  17.8  22.8  23.5  22.8  18.5  14.9   4.3   1.9 
1852   1.7   4.4   5.5  11.1  17.8  22.2  24.4  23.0  18.0  12.3   8.8   4.0 
1853   2.3   2.1   4.3  10.9  16.6  20.8  26.9  25.3  18.6  13.5   7.4   0.0 
1854   0.9   2.3   7.2  12.6  16.8  21.2  25.1  23.0  19.0  14.4   5.2   3.1 
1855  -1.0   0.2   7.2  11.8  16.4  20.7  23.6  23.3  18.2  16.3   7.4  -0.3 
1856   2.3   5.8   7.4  15.0  17.3  23.2  23.4  25.5  19.0  15.2   4.9   2.4 
1857   1.0   2.2   7.0  13.9  18.1  20.8  24.9  23.9  20.4  18.2   7.6   3.5 
1858  -2.4  -1.2   6.1  13.6  16.2  22.8  23.6  22.2  19.8  16.0   4.4   3.7 
1859 -99.0 -99.0 -99.0 -99.0 -99.0 -99.0 -99.0 -99.0 -99.0 -99.0 -99.0 -99.0 
1860 -99.0 -99.0 -99.0 -99.0 -99.0 -99.0 -99.0 -99.0 -99.0 -99.0 -99.0 -99.0 
1861 -99.0 -99.0 -99.0 -99.0 -99.0 -99.0 -99.0 -99.0 -99.0 -99.0 -99.0 -99.0 
1862 -99.0 -99.0 -99.0 -99.0 -99.0 -99.0 -99.0 -99.0 -99.0 -99.0 -99.0 -99.0 
1863 -99.0 -99.0 -99.0 -99.0 -99.0 -99.0 -99.0 -99.0 -99.0 -99.0 -99.0 -99.0 
1864 -99.0 -99.0 -99.0 -99.0 -99.0 -99.0 -99.0 -99.0 -99.0 -99.0 -99.0 -99.0 
1865 -99.0 -99.0 -99.0 -99.0 -99.0 -99.0 -99.0 -99.0 -99.0 -99.0 -99.0 -99.0 
1866 -99.0 -99.0 -99.0 -99.0 -99.0 -99.0 -99.0 -99.0 -99.0 -99.0 -99.0 -99.0 
1867 -99.0 -99.0 -99.0 -99.0 -99.0 -99.0 -99.0 -99.0 -99.0 -99.0 -99.0 -99.0 
1868 -99.0 -99.0 -99.0 -99.0 -99.0 -99.0 -99.0 -99.0 -99.0 -99.0 -99.0 -99.0 
1869 -99.0 -99.0 -99.0 -99.0 -99.0 -99.0 -99.0 -99.0 -99.0 -99.0 -99.0 -99.0 
1870 -99.0 -99.0 -99.0 -99.0 -99.0 -99.0 -99.0 -99.0 -99.0 -99.0 -99.0 -99.0 
1871 -99.0 -99.0 -99.0 -99.0 -99.0 -99.0 -99.0 -99.0 -99.0 -99.0 -99.0 -99.0 
1872 -99.0 -99.0 -99.0 -99.0 -99.0 -99.0 -99.0 -99.0 -99.0 -99.0 -99.0 -99.0 
1873 -99.0 -99.0 -99.0 -99.0 -99.0 -99.0 -99.0 -99.0 -99.0 -99.0 -99.0 -99.0 
1874 -99.0 -99.0 -99.0 -99.0 -99.0 -99.0 -99.0 -99.0 -99.0 -99.0 -99.0 -99.0 
1875 -99.0 -99.0 -99.0 -99.0 -99.0 -99.0 -99.0 -99.0 -99.0 -99.0 -99.0 -99.0 
1876 -99.0 -99.0 -99.0 -99.0 -99.0 -99.0 -99.0 -99.0 -99.0 -99.0 -99.0 -99.0 
1877 -99.0 -99.0 -99.0 -99.0 -99.0 -99.0 -99.0 -99.0 -99.0 -99.0 -99.0 -99.0 
1878 -99.0 -99.0 -99.0 -99.0 -99.0 -99.0 -99.0 -99.0 -99.0 -99.0 -99.0 -99.0 
1879 -99.0 -99.0 -99.0 -99.0 -99.0 -99.0 -99.0 -99.0 -99.0 -99.0 -99.0 -99.0 
1880 -99.0 -99.0 -99.0 -99.0 -99.0 -99.0 -99.0 -99.0 -99.0 -99.0 -99.0 -99.0 
1881 -99.0 -99.0 -99.0 -99.0 -99.0 -99.0 -99.0 -99.0 -99.0 -99.0 -99.0 -99.0 
1882 -99.0 -99.0 -99.0 -99.0 -99.0 -99.0 -99.0 -99.0 -99.0 -99.0 -99.0 -99.0 
1883 -99.0 -99.0 -99.0 -99.0 -99.0 -99.0 -99.0 -99.0 -99.0 -99.0 -99.0 -99.0 
1884 -99.0 -99.0 -99.0 -99.0 -99.0 -99.0 -99.0 -99.0 -99.0 -99.0 -99.0 -99.0 
1885 -99.0 -99.0 -99.0 -99.0 -99.0 -99.0 -99.0 -99.0 -99.0 -99.0 -99.0 -99.0 
1886 -99.0 -99.0 -99.0 -99.0 -99.0 -99.0 -99.0 -99.0 -99.0 -99.0 -99.0 -99.0 
1887 -99.0 -99.0 -99.0 -99.0 -99.0 -99.0 -99.0 -99.0 -99.0 -99.0 -99.0 -99.0 
1888 -99.0 -99.0 -99.0 -99.0 -99.0 -99.0 -99.0 -99.0 -99.0 -99.0 -99.0 -99.0 
1889 -99.0 -99.0 -99.0 -99.0 -99.0 -99.0 -99.0 -99.0 -99.0 -99.0 -99.0 -99.0 
1890 -99.0 -99.0 -99.0 -99.0 -99.0 -99.0 -99.0 -99.0 -99.0 -99.0 -99.0 -99.0 
1891 -99.0 -99.0 -99.0 -99.0 -99.0 -99.0 -99.0 -99.0 -99.0 -99.0 -99.0 -99.0 
1892 -99.0 -99.0 -99.0 -99.0 -99.0 -99.0 -99.0 -99.0 -99.0 -99.0 -99.0 -99.0 
1893 -99.0 -99.0 -99.0 -99.0 -99.0 -99.0 -99.0 -99.0 -99.0 -99.0 -99.0 -99.0 
1894 -99.0 -99.0 -99.0 -99.0 -99.0 -99.0 -99.0 -99.0 -99.0 -99.0 -99.0 -99.0 
1895 -99.0 -99.0 -99.0 -99.0 -99.0 -99.0 -99.0 -99.0 -99.0 -99.0 -99.0 -99.0 
1896 -99.0 -99.0 -99.0 -99.0 -99.0 -99.0 -99.0 -99.0 -99.0 -99.0 -99.0 -99.0 
1897 -99.0 -99.0 -99.0 -99.0 -99.0 -99.0 -99.0 -99.0 -99.0 -99.0 -99.0 -99.0 
1898 -99.0 -99.0 -99.0 -99.0 -99.0 -99.0 -99.0 -99.0 -99.0 -99.0 -99.0 -99.0 
1899 -99.0 -99.0 -99.0 -99.0 -99.0 -99.0 -99.0 -99.0 -99.0 -99.0 -99.0 -99.0 
1900 -99.0 -99.0 -99.0 -99.0 -99.0 -99.0 -99.0 -99.0 -99.0 -99.0 -99.0 -99.0 
1901 -99.0 -99.0 -99.0 -99.0 -99.0 -99.0 -99.0 -99.0 -99.0 -99.0 -99.0 -99.0 
1902 -99.0 -99.0 -99.0 -99.0 -99.0 -99.0 -99.0 -99.0 -99.0 -99.0 -99.0 -99.0 
1903 -99.0 -99.0 -99.0 -99.0 -99.0 -99.0 -99.0 -99.0 -99.0 -99.0 -99.0 -99.0 
1904 -99.0 -99.0 -99.0 -99.0 -99.0 -99.0 -99.0 -99.0 -99.0 -99.0 -99.0 -99.0 
1905 -99.0 -99.0 -99.0 -99.0 -99.0 -99.0 -99.0 -99.0 -99.0 -99.0 -99.0 -99.0 
1906 -99.0 -99.0 -99.0 -99.0 -99.0 -99.0 -99.0 -99.0 -99.0 -99.0 -99.0 -99.0 
1907 -99.0 -99.0 -99.0 -99.0 -99.0 -99.0 -99.0 -99.0 -99.0 -99.0 -99.0 -99.0 
1908 -99.0 -99.0 -99.0 -99.0 -99.0 -99.0 -99.0 -99.0 -99.0 -99.0 -99.0 -99.0 
1909 -99.0 -99.0 -99.0 -99.0 -99.0 -99.0 -99.0 -99.0 -99.0 -99.0 -99.0 -99.0 
1910 -99.0 -99.0 -99.0 -99.0 -99.0 -99.0 -99.0 -99.0 -99.0 -99.0 -99.0 -99.0 
1911 -99.0 -99.0 -99.0 -99.0 -99.0 -99.0 -99.0 -99.0 -99.0 -99.0 -99.0 -99.0 
1912 -99.0 -99.0 -99.0 -99.0 -99.0 -99.0 -99.0 -99.0 -99.0 -99.0 -99.0 -99.0 
1913 -99.0 -99.0 -99.0 -99.0 -99.0 -99.0 -99.0 -99.0 -99.0 -99.0 -99.0 -99.0 
1914 -99.0 -99.0 -99.0 -99.0 -99.0 -99.0 -99.0 -99.0 -99.0 -99.0 -99.0 -99.0 
1915 -99.0 -99.0 -99.0 -99.0 -99.0 -99.0 -99.0 -99.0 -99.0 -99.0 -99.0 -99.0 
1916 -99.0 -99.0 -99.0 -99.0 -99.0 -99.0 -99.0 -99.0 -99.0 -99.0 -99.0 -99.0 
1917 -99.0 -99.0 -99.0 -99.0 -99.0 -99.0 -99.0 -99.0 -99.0 -99.0 -99.0 -99.0 
1918 -99.0 -99.0 -99.0 -99.0 -99.0 -99.0 -99.0 -99.0 -99.0 -99.0 -99.0 -99.0 
1919 -99.0 -99.0 -99.0 -99.0 -99.0 -99.0 -99.0 -99.0 -99.0 -99.0 -99.0 -99.0 
1920 -99.0 -99.0 -99.0 -99.0 -99.0 -99.0 -99.0 -99.0 -99.0 -99.0 -99.0 -99.0 
1921 -99.0 -99.0 -99.0 -99.0 -99.0 -99.0 -99.0 -99.0 -99.0 -99.0 -99.0 -99.0 
1922 -99.0 -99.0 -99.0 -99.0 -99.0 -99.0 -99.0 -99.0 -99.0 -99.0 -99.0 -99.0 
1923 -99.0 -99.0 -99.0 -99.0 -99.0 -99.0 -99.0 -99.0 -99.0 -99.0 -99.0 -99.0 
1924 -99.0 -99.0 -99.0 -99.0 -99.0 -99.0 -99.0 -99.0 -99.0 -99.0 -99.0 -99.0 
1925 -99.0 -99.0 -99.0 -99.0 -99.0 -99.0 -99.0 -99.0 -99.0 -99.0 -99.0 -99.0 
1926 -99.0 -99.0 -99.0 -99.0 -99.0 -99.0 -99.0 -99.0 -99.0 -99.0 -99.0 -99.0 
1927 -99.0 -99.0 -99.0 -99.0 -99.0 -99.0 -99.0 -99.0 -99.0 -99.0 -99.0 -99.0 
1928 -99.0 -99.0 -99.0 -99.0 -99.0 -99.0 -99.0 -99.0 -99.0 -99.0 -99.0 -99.0 
1929 -99.0 -99.0 -99.0 -99.0 -99.0 -99.0 -99.0 -99.0 -99.0 -99.0 -99.0 -99.0 
1930 -99.0 -99.0 -99.0 -99.0 -99.0 -99.0 -99.0 -99.0 -99.0 -99.0 -99.0 -99.0 
1931 -99.0 -99.0 -99.0 -99.0 -99.0 -99.0 -99.0 -99.0 -99.0 -99.0 -99.0 -99.0 
1932 -99.0 -99.0 -99.0 -99.0 -99.0 -99.0 -99.0 -99.0 -99.0 -99.0 -99.0 -99.0 
1933 -99.0 -99.0 -99.0 -99.0 -99.0 -99.0 -99.0 -99.0 -99.0 -99.0 -99.0 -99.0 
1934 -99.0 -99.0 -99.0 -99.0 -99.0 -99.0 -99.0 -99.0 -99.0 -99.0 -99.0 -99.0 
1935 -99.0 -99.0 -99.0 -99.0 -99.0 -99.0 -99.0 -99.0 -99.0 -99.0 -99.0 -99.0 
1936 -99.0 -99.0 -99.0 -99.0 -99.0 -99.0 -99.0 -99.0 -99.0 -99.0 -99.0 -99.0 
1937 -99.0 -99.0 -99.0 -99.0 -99.0 -99.0 -99.0 -99.0 -99.0 -99.0 -99.0 -99.0 
1938 -99.0 -99.0 -99.0 -99.0 -99.0 -99.0 -99.0 -99.0 -99.0 -99.0 -99.0 -99.0 
1939 -99.0 -99.0 -99.0 -99.0 -99.0 -99.0 -99.0 -99.0 -99.0 -99.0 -99.0 -99.0 
1940 -99.0 -99.0 -99.0 -99.0 -99.0 -99.0 -99.0 -99.0 -99.0 -99.0 -99.0 -99.0 
1941 -99.0 -99.0 -99.0 -99.0 -99.0 -99.0 -99.0 -99.0 -99.0 -99.0 -99.0 -99.0 
1942 -99.0 -99.0 -99.0 -99.0 -99.0 -99.0 -99.0 -99.0 -99.0 -99.0 -99.0 -99.0 
1943 -99.0 -99.0 -99.0 -99.0 -99.0 -99.0 -99.0 -99.0 -99.0 -99.0 -99.0 -99.0 
1944 -99.0 -99.0 -99.0 -99.0 -99.0 -99.0 -99.0 -99.0 -99.0 -99.0 -99.0 -99.0 
1945 -99.0 -99.0 -99.0 -99.0 -99.0 -99.0 -99.0 -99.0 -99.0 -99.0 -99.0 -99.0 
1946 -99.0 -99.0 -99.0 -99.0 -99.0 -99.0 -99.0 -99.0 -99.0 -99.0 -99.0 -99.0 
1947 -99.0 -99.0 -99.0 -99.0 -99.0 -99.0 -99.0 -99.0 -99.0 -99.0 -99.0 -99.0 
1948 -99.0 -99.0 -99.0 -99.0 -99.0 -99.0 -99.0 -99.0 -99.0 -99.0 -99.0 -99.0 
1949 -99.0 -99.0 -99.0 -99.0 -99.0 -99.0 -99.0 -99.0 -99.0 -99.0 -99.0 -99.0 
1950 -99.0 -99.0 -99.0 -99.0 -99.0 -99.0 -99.0 -99.0 -99.0 -99.0 -99.0 -99.0 
1951 -99.0 -99.0 -99.0 -99.0 -99.0 -99.0 -99.0 -99.0 -99.0 -99.0 -99.0 -99.0 
1952 -99.0 -99.0 -99.0 -99.0 -99.0 -99.0 -99.0 -99.0 -99.0 -99.0 -99.0 -99.0 
1953 -99.0 -99.0 -99.0 -99.0 -99.0 -99.0 -99.0 -99.0 -99.0 -99.0 -99.0 -99.0 
1954 -99.0 -99.0 -99.0 -99.0 -99.0 -99.0 -99.0 -99.0 -99.0 -99.0 -99.0 -99.0 
1955 -99.0 -99.0 -99.0 -99.0 -99.0 -99.0 -99.0 -99.0 -99.0 -99.0 -99.0 -99.0 
1956 -99.0 -99.0 -99.0 -99.0 -99.0 -99.0 -99.0 -99.0 -99.0 -99.0 -99.0 -99.0 
1957 -99.0 -99.0 -99.0 -99.0 -99.0 -99.0 -99.0 -99.0 -99.0 -99.0 -99.0 -99.0 
1958 -99.0 -99.0 -99.0 -99.0 -99.0 -99.0 -99.0 -99.0 -99.0 -99.0 -99.0 -99.0 
1959 -99.0 -99.0 -99.0 -99.0 -99.0 -99.0 -99.0 -99.0 -99.0 -99.0 -99.0 -99.0 
1960 -99.0 -99.0 -99.0 -99.0 -99.0 -99.0 -99.0 -99.0 -99.0 -99.0 -99.0 -99.0 
1961   0.7   7.2  11.4  15.4  17.5  22.5  23.1  23.8  22.3  15.0   8.3   2.7 
1962   2.7   3.7   5.2  12.1  17.0  20.2  23.1  26.3  20.6  14.1   7.2   1.1 
1963  -2.2   0.3   7.4  13.5  16.8  21.4  24.4  23.6  19.8  13.7  11.2   1.0 
1964  -2.4   3.5   7.2  14.0  18.5  23.0  24.2  23.0  19.6  13.6   7.6   4.1 
1965   2.3   2.3   8.1  11.6  17.0  21.8  23.9  22.1  18.7  13.4   6.9   2.9 
1966  -1.0   7.8   9.2  15.1  18.3  23.3  23.2  22.6  20.2  16.5   6.4   2.2 
1967   0.2   3.7  10.8  12.1  19.0  20.9  26.0  24.1  20.4  16.2   8.9   1.3 
1968   0.0   5.3  10.4  14.8  16.7  20.2  23.7  21.6  19.6  14.9   8.5   1.5 
1969   0.9   1.0   7.9  12.2  19.3  20.6  24.0  22.6  19.4  14.9   9.0   0.6 
1970   3.2   3.3   6.9  12.7  16.0  22.5  24.3  24.0  21.8  14.3   9.0   1.2 
