Number= 162300
Name= PESCARA
Country= ITALY
Lat=   42.4
Long=  -14.2
Height= 9
Start year= 1961
End year= 2007
First Good year= 1961
Source ID= 10
Source file= Jones+Anders
Jones data to= 1990
Normals source= Data
Normals source start year= 1961
Normals source end year= 1990
Normals=   5.8   6.9   9.2  12.4  16.8  20.7  23.4  23.0  19.8  15.2  10.8   7.2 
Standard deviations source= Data
Standard deviations source start year= 1961
Standard deviations source end year= 1990
Standard deviations=   1.4   1.5   1.1   1.0   0.9   0.9   1.0   1.3   1.3   1.5   1.5   1.2 
Obs:
1961   6.4   7.2   9.6  14.0  16.5  21.2  22.4  22.5  20.5  16.0  11.8   6.0 
1962   7.1   5.0   7.6  12.3  16.2  19.6  22.4  24.6  20.9  15.8  10.8   5.5 
1963   4.2   5.0   8.3  13.1  16.5  21.2  23.8  24.0  20.1  14.6  14.2   7.7 
1964   4.1   6.5   9.7  12.1  16.6  21.5  22.2  22.1  19.4  15.8  10.7   7.3 
1965   5.2   3.5   9.3  10.9  15.8  21.6  24.2  21.9  19.1  14.5  12.9   8.4 
1966   4.0   9.2   8.3  13.3  16.7  21.5  23.5  23.2  19.7  18.1   9.7   7.5 
1967   2.9   6.5  10.0  11.7  17.3  18.9  23.1  24.0  20.1  17.0  11.8   7.0 
1968   4.0   9.1   9.8  14.5  18.0  20.3  23.1  21.4  19.7  15.1  10.9   6.8 
1969   6.5   6.6   9.5  12.3  18.3  19.2  21.6  22.2  19.3  15.0  13.2   5.0 
1970   7.5   7.8   8.8  12.3  15.1  21.6  22.9  23.6  20.3  13.9  11.2   6.5 
1971   7.3   6.7   6.9  13.1  17.5  20.4  22.6  24.8  17.0  12.8  10.2   5.5 
1972   6.8   8.2  10.7  12.7  16.0  20.6  22.6  21.2  17.2  12.2  11.2   7.5 
1973   6.2   6.2   7.2  10.0  16.8  20.4  23.3  21.1  20.6  15.6   9.5   5.8 
1974   6.8   8.0   9.3  11.3  16.0  20.4  23.6  23.8  20.3  12.6   9.6   6.5 
1975   5.6   5.8   9.3  13.1  17.0  19.2  23.3  21.5  21.0  14.8   9.5   6.8 
1976   5.5   7.8   7.9  12.5  16.7  20.4  22.5  19.6  17.8  14.9  11.0   8.4 
1977   8.3  10.4  11.0  11.9  17.3  20.7  24.4  22.8  17.4  15.3  10.6   7.1 
1978   6.6   7.6   9.9  11.8  15.8  21.1  22.4  22.7  19.1  13.9   7.1   8.3 
1979   4.0   7.9  10.8  12.2  17.5  22.4  23.8  22.9  19.8  16.2  11.3   8.4 
1980   5.3   6.9   9.9  10.6  14.7  19.8  23.0  23.8  20.4  15.4   9.7   5.5 
1981   3.7   5.3  10.2  13.3  17.5  21.7  23.2  23.5  21.0  15.9   7.7   9.6 
1982   7.0   5.0   8.1  11.5  17.4  23.1  24.2  23.2  21.8  17.1  11.2  10.0 
1983   6.2   5.9   9.9  13.3  18.1  19.7  25.8  23.0  20.5  14.6  10.0   7.0 
1984   7.0   5.6   8.7  11.2  15.9  20.7  23.6  21.8  20.1  15.8  12.2   8.3 
1985   4.4   5.9   9.1  12.9  16.5  20.6  24.8  23.4  20.8  15.5  11.4   8.6 
1986   7.6   5.5   8.5  12.6  18.8  19.8  22.4  25.5  20.3 -99.0  11.2   6.1 
1987   5.8   7.2   6.8  13.0  16.0  20.8  25.5  23.9  23.1  18.0  12.3   7.9 
1988   8.4   8.2   9.6  13.0  17.7  20.8  25.5  25.4  19.8  17.3   8.7   6.7 
1989   4.2   7.4  10.8  14.2  16.8  20.7  23.9  23.4  18.6  12.8   9.3   8.2 
1990   6.0   8.4  10.0  12.5  17.4  21.0 -99.0  22.8  19.1 -99.0  11.8   5.5 
1991 -99.0 -99.0 -99.0 -99.0 -99.0 -99.0 -99.0 -99.0 -99.0 -99.0 -99.0 -99.0 
1992 -99.0 -99.0 -99.0 -99.0 -99.0 -99.0 -99.0 -99.0 -99.0 -99.0 -99.0 -99.0 
1993 -99.0 -99.0 -99.0 -99.0  18.8 -99.0 -99.0 -99.0 -99.0 -99.0   9.2 -99.0 
1994 -99.0 -99.0 -99.0 -99.0 -99.0 -99.0 -99.0 -99.0 -99.0 -99.0 -99.0 -99.0 
1995 -99.0 -99.0 -99.0 -99.0 -99.0 -99.0 -99.0 -99.0 -99.0 -99.0 -99.0 -99.0 
1996 -99.0 -99.0 -99.0 -99.0 -99.0 -99.0 -99.0 -99.0 -99.0 -99.0 -99.0 -99.0 
1997 -99.0 -99.0 -99.0 -99.0 -99.0 -99.0 -99.0 -99.0 -99.0 -99.0 -99.0 -99.0 
1998 -99.0 -99.0 -99.0 -99.0 -99.0 -99.0 -99.0 -99.0 -99.0 -99.0 -99.0 -99.0 
1999 -99.0 -99.0 -99.0 -99.0 -99.0 -99.0 -99.0 -99.0 -99.0 -99.0 -99.0 -99.0 
2000 -99.0 -99.0 -99.0 -99.0 -99.0 -99.0 -99.0 -99.0 -99.0 -99.0 -99.0 -99.0 
2001 -99.0 -99.0 -99.0 -99.0 -99.0 -99.0 -99.0 -99.0 -99.0 -99.0 -99.0 -99.0 
2002 -99.0 -99.0 -99.0 -99.0 -99.0 -99.0 -99.0 -99.0 -99.0 -99.0 -99.0 -99.0 
2003 -99.0 -99.0 -99.0 -99.0 -99.0 -99.0 -99.0 -99.0 -99.0 -99.0 -99.0 -99.0 
2004 -99.0 -99.0 -99.0 -99.0 -99.0 -99.0 -99.0 -99.0 -99.0 -99.0 -99.0 -99.0 
2005 -99.0 -99.0 -99.0 -99.0 -99.0 -99.0 -99.0 -99.0 -99.0 -99.0 -99.0 -99.0 
2006 -99.0 -99.0 -99.0 -99.0 -99.0 -99.0 -99.0 -99.0 -99.0 -99.0 -99.0 -99.0 
2007 -99.0 -99.0 -99.0 -99.0 -99.0 -99.0 -99.0 -99.0 -99.0 -99.0 -99.0 -99.0 
