Number= 163200
Name= BRINDISI
Country= ITALY
Lat=   40.7
Long=  -18.0
Height= 6
Start year= 1961
End year= 2007
First Good year= 1961
Source ID= 10
Source file= Jones+Anders
Jones data to= 2000
Normals source= Data
Normals source start year= 1961
Normals source end year= 1990
Normals=   9.6  10.0  11.4  14.1  18.0  21.9  24.7  24.7  22.0  18.2  14.1  11.0 
Standard deviations source= Data
Standard deviations source start year= 1961
Standard deviations source end year= 1990
Standard deviations=   1.0   1.2   1.0   1.0   1.0   0.9   0.9   0.9   1.0   1.2   1.1   0.8 
Obs:
1961   9.4   9.8  12.0  16.2  17.8  22.2  24.7  24.4  22.1  18.6  15.1  10.9 
1962  10.7   8.6  10.7  13.9  18.2  21.1  24.8  26.1  23.2  19.2  14.3  10.0 
1963   7.9   9.0  10.5  14.3  17.8  22.4  25.8  25.4  22.7  18.0  16.2  12.7 
1964   8.6   9.8  12.3  14.4  18.1  23.0  24.1  24.3  21.2  17.9  14.4  11.3 
1965   9.9   7.0  11.5  13.4  17.8  22.0  25.8  24.0  21.9  17.9  14.8  11.7 
1966   8.5  11.9  11.2  15.2  17.9  22.8  24.4  25.1  21.9  19.9  13.1  10.4 
1967   8.1   9.2  11.7  12.9  18.0  20.0  24.6  25.4  22.0  19.4  15.6  11.2 
1968   8.1  11.3  11.1  15.7  19.8  21.7  24.9  23.4  21.8  17.9  14.9  11.4 
1969  10.2   9.9  11.6  13.9  19.6  20.9  23.4  24.6  22.4  18.9  15.8   9.7 
1970  10.7  10.0  11.3  14.0  16.6  22.2  24.0  25.6  22.4  16.9  14.3  11.5 
1971  11.2   9.7   9.5  14.9  18.8  22.1  24.1  26.3  20.3  16.6  13.8  11.2 
1972  11.1  11.5  13.1  15.0  18.0  22.8  24.3  24.2  20.3  14.8  13.8  10.6 
1973  10.7   9.6  10.1  12.1  18.0  21.6  25.2  24.2  23.5  19.3  13.2  10.7 
1974  10.2  11.0  11.5  13.2  16.7  21.5  24.2  24.9  22.4  16.0  12.2  10.3 
1975   8.9   8.6  11.3  13.8  17.8  20.8  23.5  23.8  22.9  17.7  12.5  11.1 
1976   8.6  10.2  10.3  13.0  17.3  21.1  23.9  22.0  20.6  18.5  13.4  10.9 
1977   9.7  11.6  12.5  13.3  18.5  21.2  25.4  24.3  20.9  16.9  14.0  10.2 
1978   9.9  10.3  11.4  13.1  16.2  21.1  22.4  23.4  20.1  17.9  12.1  11.1 
1979   8.5  11.1  12.9  13.8  18.1  23.1  24.2  24.3  20.9  19.2  14.1  12.3 
1980  10.3  10.1  11.5  12.4  15.9  20.9  24.2  24.9  21.9  18.1  14.4   9.7 
1981   7.9   8.9  12.1  14.4  17.6  22.8  23.2  24.2  22.0  18.6  11.7  11.1 
1982  10.4   8.6  10.8  15.2  18.0  23.8  25.2  25.7  23.8  18.7  14.3  11.4 
1983   9.9   8.4  11.5  14.9  18.3  20.7  25.6  24.7  22.5  18.1  13.9  10.9 
1984  10.1   9.6  10.8  13.5  17.3  21.0  24.3  23.9  21.5  18.7  15.1  11.8 
1985   8.2   9.1  11.3  12.8  18.8  22.7  25.4  25.1  22.7  18.3  15.0  12.4 
1986  10.3   9.5  11.8  14.5  20.0  22.7  24.5  25.5  22.7 -99.0  14.2  10.0 
1987  10.1  11.7   8.4  14.7  16.8  21.7  26.5  25.9  23.9  19.5  15.0  12.0 
1988  11.2  10.4  11.2  14.1  19.1  22.2  26.8  26.4  22.3  18.9  12.6  10.5 
1989   9.9  11.4  13.4  15.3  17.3  21.0  25.4  25.2  21.9  16.8  14.0  11.5 
1990  10.2  10.8  13.0  15.0  18.7  22.7  25.3  25.0  22.5  19.8  15.4   9.9 
1991   9.8   9.3  13.4  13.2  15.9  22.3  24.9  24.9  22.8  18.8  15.0   8.9 
1992   9.6   8.9  11.9  15.2  19.2  22.1  24.9  27.7  22.8  12.4  16.0  11.8 
1993   9.9   8.3  10.2  14.6  19.3  23.3  24.5  26.1  22.3  19.8  14.6  12.4 
1994  10.4  10.3  13.0  14.7  19.7  23.4  27.5  28.1  23.7  19.8  15.3  11.3 
1995   9.5  12.1  10.5  13.5  18.4  22.5  26.0  24.6  21.0  18.0  12.7  12.8 
1996  10.6   8.8  10.3  14.1  18.6  23.0  24.8  25.6  20.5  17.6  15.1  11.3 
1997  10.9  10.3  12.1  11.9  18.8  23.9  25.1  23.4  22.7  17.6  14.4  11.4 
1998  10.4  11.3  10.5  14.9  18.3  24.0  26.7  26.9  22.7  19.2  13.7   9.9 
1999  10.5   9.2  12.1  15.0  19.9  23.5  25.0  26.0  22.8  18.5  14.4  11.9 
2000   8.5   9.7  11.2  15.9  21.2  24.2  25.9  26.5  23.1  19.5  16.5  13.1 
2001 -99.0 -99.0 -99.0 -99.0 -99.0 -99.0 -99.0 -99.0 -99.0 -99.0 -99.0   7.8 
2002 -99.0 -99.0 -99.0 -99.0 -99.0 -99.0 -99.0 -99.0 -99.0 -99.0 -99.0 -99.0 
2003 -99.0 -99.0 -99.0 -99.0 -99.0 -99.0 -99.0 -99.0 -99.0 -99.0 -99.0 -99.0 
2004 -99.0 -99.0 -99.0 -99.0 -99.0 -99.0 -99.0 -99.0 -99.0 -99.0 -99.0 -99.0 
2005 -99.0 -99.0 -99.0 -99.0 -99.0 -99.0 -99.0 -99.0 -99.0 -99.0 -99.0 -99.0 
2006 -99.0 -99.0 -99.0 -99.0 -99.0 -99.0 -99.0 -99.0 -99.0 -99.0 -99.0 -99.0 
2007 -99.0 -99.0 -99.0 -99.0 -99.0 -99.0 -99.0 -99.0 -99.0 -99.0 -99.0 -99.0 
