Number= 163300
Name= TARANTO
Country= ITALY
Lat=   40.5
Long=  -17.3
Height= 41
Start year= 1951
End year= 1967
First Good year= 1951
Source ID= 10
Source file= Jones
Jones data to= 1967
Normals source= Extrapolated
Normals source start year= 1951
Normals source end year= 1967
Normals=   8.9   9.5  11.2  14.3  18.4  22.8  25.9  25.9  22.1  18.1  13.8  10.8 
Standard deviations source= Data
Standard deviations source start year= 1951
Standard deviations source end year= 1967
Standard deviations=   1.1   1.8   1.0   1.1   0.7   1.2   1.1   1.1   1.0   1.0   1.0   1.0 
Obs:
1951  10.2  11.5  12.2  14.4  18.8  24.3  25.9  26.3  23.4  16.7  14.6  10.8 
1952   9.0   8.2  10.2  16.1  18.1  25.0  27.2  28.1  24.1  18.4  13.1  11.6 
1953   8.2   8.7  10.1  15.1  18.8  23.0  27.4  25.6  23.0  18.9  12.7  11.0 
1954   7.5   8.4  10.4  13.7  17.2  24.5  25.6  25.4  23.6  17.3  12.8  10.9 
1955  11.6  11.9  11.3  12.4  19.3  22.7  25.7  24.3  21.1  17.7  13.3  11.9 
1956   9.4   5.8   9.5  13.4  18.3  21.3  25.6  27.1  23.3  17.2  13.3   9.6 
1957   8.6  11.4  11.2  14.9  17.1  24.3  26.0  25.6  21.8  18.7  14.5   9.5 
1958   9.3  10.4  10.3  12.7  20.0  22.7  25.9  26.6  21.9  18.2  14.8  12.2 
1959   8.3   9.6  12.8  14.1  18.3  21.9  25.7  24.9  21.2  16.2  13.6  12.2 
1960  10.2  11.1  12.2  14.5  18.6  22.8  24.6  26.5  21.8  19.8  13.9  12.5 
1961   9.5   9.7  12.6  16.5  18.4  23.4  25.3  25.8  23.3  18.9  15.4  10.5 
1962  10.3   8.4  10.6  14.5  18.6  22.1  25.6  27.9  23.3  19.1  14.7   9.6 
1963   7.6   9.1  10.3  14.9  18.4  23.1  26.4  26.2  23.5  17.7  16.0  12.3 
1964   8.1 -99.0  12.2  14.4  18.3  23.4  24.9  24.7  21.3  17.9  13.7  11.2 
1965   9.6   6.1  11.4  13.5  17.9  22.9  26.3  24.2  21.9  18.0  15.0  11.3 
1966   7.8  11.9  10.5  15.4  18.3  23.1  28.9  26.3  23.0  20.2  12.8  10.4 
1967   8.9   8.3  11.0  12.5  17.7  19.8  24.4 -99.0 -99.0 -99.0 -99.0 -99.0 
