Number= 582510
Name= DONGTAI
Country= CHINA
Lat=   32.8
Long= -120.2
Height= -999
Start year= 1961
End year= 1970
First Good year= 1961
Source ID= 10
Source file= Jones
Jones data to= 1970
Normals= -99.0 -99.0 -99.0 -99.0 -99.0 -99.0 -99.0 -99.0 -99.0 -99.0 -99.0 -99.0 
Obs:
1961   1.7   4.5   8.2  14.6  19.2  24.4  28.7  28.5  23.0  17.6  12.3   4.4 
1962   0.4   4.5   7.3  12.0  18.9  23.5  27.9  27.0  22.9  16.8  10.4   5.4 
1963  -0.8   1.9   8.3  13.0  17.7  22.6  27.5  27.0  22.8  15.5  11.1   4.7 
1964   3.5   0.1   7.5  15.6  18.4  23.3  29.9  27.6  24.0  17.1  10.1   4.4 
1965   2.4   4.1   6.7  11.8  19.3  22.9  27.1  25.8  21.6  17.1  11.2   2.8 
1966   2.0   5.0   8.4  13.0  18.3  23.8  27.7  28.4  21.1  16.5  10.2   3.0 
1967   0.3   2.5   7.5  13.1  18.9  24.5  27.3  29.5  22.7  16.4   9.8  -0.8 
1968   0.6   0.1   7.9  13.9  18.5  23.6  25.9  26.5  21.9  15.1  11.2   7.1 
1969   0.9   0.3   5.4  13.1  19.4  22.5  25.5  27.4  23.4  16.2   7.9   2.5 
1970  -0.2   4.0   4.8  12.6  18.4  22.1  26.2  27.2  22.6  16.9   9.7   4.1 
