Number= 584240
Name= ANQING
Country= CHINA
Lat=   30.5
Long= -117.0
Height= 20
Start year= 1950
End year= 1988
First Good year= 1950
Source ID= 10
Source file= Jones
Jones data to= 1988
Normals source= Data
Normals source start year= 1961
Normals source end year= 1988
Normals=   4.0   5.3  10.0  16.3  21.7  25.3  28.9  28.8  23.8  18.4  12.2   6.2 
Standard deviations source= Data
Standard deviations source start year= 1950
Standard deviations source end year= 1988
Standard deviations=   1.3   2.0   1.3   1.0   1.1   1.0   1.2   1.3   1.1   1.1   1.2   1.6 
Obs:
1950 -99.0 -99.0 -99.0  16.9  22.8  26.6  29.9  29.1  23.3  18.7  11.0   5.5 
1951   3.2   5.1   8.7  14.7  23.0  25.7  28.3  31.7  23.8  20.8  12.3   8.5 
1952   5.1   3.0   7.9  17.6  22.4  27.5  29.6  28.6  24.8  17.3  13.7   4.6 
1953   4.2   6.0  10.8  16.0  23.7  26.6  31.6  31.2  23.3  19.5  11.6   7.0 
1954   4.1   6.0   9.4  16.3  21.1  24.3  26.8  29.1  25.4  18.2  15.0   2.9 
1955   1.0   7.8   9.0  16.1  22.0  25.0  28.8  29.0  27.2  18.5  12.0   9.5 
1956   3.5   6.2   8.9  17.5  19.9  26.9  30.6  28.1  24.0  18.1  10.6   5.1 
1957   3.9   1.9   9.7  16.9  20.4  25.1  29.1  28.0  22.4  17.9  13.8   7.5 
1958   3.4   6.2  11.6  17.6  19.7  26.9  30.8  27.1  23.3  15.7  12.1   8.2 
1959   3.4   5.7  13.0  16.8  20.2  25.7  29.5  30.6  24.8  19.7  11.3   6.4 
1960   4.5   8.5  12.0  15.9  20.1  26.6  29.6  28.6  25.1  18.3  12.3   5.0 
1961   3.8   6.7  10.5  17.2  21.4  27.3  30.8  29.2  23.7  18.5  13.5   6.8 
1962   3.0   7.9  10.0  14.7  21.0  25.0  29.6  28.0  23.8  17.3  11.0   6.9 
1963   2.9   6.0  10.7  15.4  22.1  24.7  28.3  28.0  24.4  17.6  12.6   6.3 
1964   4.2   0.3  10.5  18.2  20.8  24.5  29.7  28.8  25.4  18.3  12.2   6.2 
1965   5.9   6.5   9.3  14.0  22.0  24.2  28.7  26.6  22.7  18.3  12.9   4.5 
1966   5.0   6.9  10.9  15.7  20.8  24.8  28.8  30.1  22.5  18.8  12.2   4.0 
1967   3.0   4.8  10.2  15.0  22.2  26.5  29.1  31.4  24.2  17.8  10.1   2.5 
1968   3.5   3.4  10.6  16.1  20.8  25.6  27.7  28.2  24.4  16.9  13.8   8.6 
1969   2.2   0.2   9.1  16.3  22.5  23.8  27.1  28.1  24.9  18.8  10.4   5.5 
1970   2.4   6.3   6.8  15.0  21.3  23.4  27.8  29.3  23.1  18.5  11.3   6.5 
1971   4.3   4.7   8.8  16.3  21.3  26.6  31.2  29.3  23.5  16.3  12.3   6.0 
1972   4.4   1.9  11.3  15.3  21.3  26.3  28.1  27.9  22.7  17.7  12.5   6.8 
1973   4.7   6.7  11.4  17.5  20.3  25.0  28.6  30.1  22.2  18.0  13.2   6.6 
1974   3.6   4.5  10.3  18.2  22.6  24.6  27.4  27.6  24.4  17.9  13.4   4.5 
1975   5.5   6.6  10.7  16.2  20.1  25.0  28.5  29.1  26.3  18.7  11.9   4.7 
1976   4.8   7.7   9.5  15.9  22.3  25.2  28.4  30.1  23.5  19.1   9.3   6.7 
1977   0.1   4.4  11.7  17.9  20.4  25.1  29.2  27.3  23.5  20.5  12.2   8.4 
1978   5.0   5.7  10.0  17.2  22.4  25.8  31.2  30.9  24.6  18.6  11.9   7.7 
1979   5.0   8.7  10.8  16.3  20.8  26.5  29.3  29.3  23.1  19.7  11.6   8.1 
1980   4.3   4.9   8.0  15.7  21.9  25.7  27.7  25.3  22.4  19.1  14.0   6.6 
1981   2.5   5.7  11.9  16.8  22.0  26.4  29.4  29.1  23.0  15.6  10.4   5.9 
1982   5.2   5.5  10.2  16.2  23.3  24.9  28.0  27.7  22.6  20.3  13.0   5.9 
1983   4.4   6.2  10.0  16.7  22.9  24.6  28.0  29.5  25.5  18.6  12.6   6.7 
1984   2.0   2.7  10.6  15.6  20.7  26.3  29.2  29.2  23.7  18.9  14.0   4.6 
1985   4.4   5.8   7.8  17.6  23.0  25.2  29.3  29.9  24.9  18.3  12.5   4.3 
1986   5.1   5.7  10.7  16.6  23.1  25.6  28.9  28.4  23.8  17.7  11.4   7.1 
1987   6.2   7.1   9.5  16.1  22.2  24.1  27.6  29.2  24.2  19.8  12.4   7.3 
1988   4.5   4.7   8.2  17.7  22.2  26.2  31.4  27.8  23.2  18.9  12.9   8.1 
