Number= 589210
Name= YONGAN
Country= CHINA
Lat=   25.9
Long= -117.3
Height= 208
Start year= 1952
End year= 1988
First Good year= 1952
Source ID= 10
Source file= Jones
Jones data to= 1988
Normals source= Data
Normals source start year= 1961
Normals source end year= 1988
Normals=   9.7  11.4  15.4  20.2  23.8  26.2  28.8  28.2  25.7  21.3  15.9  11.1 
Standard deviations source= Data
Standard deviations source start year= 1952
Standard deviations source end year= 1988
Standard deviations=   2.0   2.1   1.8   1.3   1.0   1.2   0.8   0.7   1.1   1.3   1.4   1.8 
Obs:
1952 -99.0 -99.0 -99.0 -99.0 -99.0 -99.0 -99.0  27.7  26.3 -99.0 -99.0 -99.0 
1953 -99.0 -99.0 -99.0  17.7  22.7  27.3  29.6  29.8  25.1  23.1  17.6  12.7 
1954  13.7  13.0  12.8  20.5  25.1  26.8  29.0  28.5  26.3  20.9  17.4  10.0 
1955   6.9  13.4  17.5  20.7  23.7  26.8  27.9  27.6  28.1  20.1  13.8  11.3 
1956   8.2  11.8  16.0  20.9  23.9  27.7  30.1  28.8  25.3  20.3  13.9  10.8 
1957  12.2   7.9  14.2  21.6  23.7  26.1  30.0  29.5  25.3  19.8  16.6  13.7 
1958   9.2  10.5  17.9  22.3  24.1  27.0  28.5  28.3  26.2  20.0  14.9  11.2 
1959   9.0  12.9  17.1  21.1  24.6  25.8  28.8  28.1  25.2  19.7  17.3  13.9 
1960  10.5  14.1  19.5  19.3  22.7  26.8  29.6  27.8  27.2  20.8  17.0  10.7 
1961   7.7  10.0  14.9  19.2  23.2  27.5  27.8  27.0  25.2  20.9  16.7  11.7 
1962   6.3  11.9  13.3  18.9  23.0  24.2  28.2  27.5  25.6  20.2  14.2   9.4 
1963   4.6   9.2  14.9  20.5  26.6  25.2  27.7  27.7  26.2  19.6  16.5   9.8 
1964  10.2   9.0  15.2  23.0  23.9  24.9  28.4  27.3  25.9  22.1  13.8  10.0 
1965  10.2  14.2  13.9  18.9  22.3  24.5  27.9  26.5  24.1  20.2  17.7  10.3 
1966  10.9  12.8  16.6  20.8  22.5  24.2  27.7  27.6  22.0  20.5  15.7  12.3 
1967   7.9   9.3  16.1  20.4  25.2  26.5  28.5  28.1  23.9  19.5  17.4   7.1 
1968   9.5   6.6  15.2  19.2  23.4  24.2  28.3  27.7  25.8  19.6  16.5  15.1 
1969  10.4   8.8  14.3  20.7  24.4  24.3  29.1  27.7  25.9  19.7  12.9   8.6 
1970   7.6  12.8  11.6  17.2  23.1  25.7  28.1  27.7  25.8  20.7  14.8  11.9 
1971   8.1  12.8  15.6  21.7  23.5  27.9  29.6  28.9  26.0  20.1  15.3  11.6 
1972  12.1  11.2  17.2  18.7  24.5  27.7  28.5  28.1  25.3  21.8  17.6  11.6 
1973  10.4  16.3  18.3  21.3  23.3  26.2  27.7  27.9  26.5  20.9  15.2   9.2 
1974   9.7  10.2  15.2  20.9  24.6  26.3  28.9  27.6  27.1  22.6  16.4  12.9 
1975  11.0  13.4  15.7  20.9  22.5  27.1  28.8  28.4  27.4  22.6  15.2   8.7 
1976   9.7  13.3  15.2  19.5  24.4  25.0  28.4  28.7  25.0  21.3  12.9  12.1 
1977   7.6   9.8  17.9  21.3  25.3  26.9  29.2  28.3  26.1  22.0  15.4  14.4 
1978  10.1  12.1  15.4  20.1  22.8  26.6  29.3  28.0  27.1  21.2  16.6  12.7 
1979  12.0  14.1  14.7  20.5  22.8  26.5  30.0  28.9  26.2  19.2  14.3  14.1 
1980  11.0   9.7  17.6  19.1  23.5  28.2  29.5  28.4  24.9  22.0  17.1  11.5 
1981  10.4  13.1  17.0  21.6  22.6  25.9  28.5  29.9  26.1  21.5  16.0  10.0 
1982  12.1  11.7  17.0  19.5  23.9  24.5  28.1  28.7  25.8  22.2  17.5   9.1 
1983   9.7  10.8  14.0  21.4  24.5  27.9  30.3  29.0  27.5  24.5  15.3   9.7 
1984   7.9   9.2  15.5  19.3  23.0  27.4  29.3  28.2 -99.0  20.5  17.6  11.2 
1985  10.3  11.4  13.2  19.1  25.5  26.4  28.5  28.3  25.7  23.6  16.6  10.5 
1986   9.8   9.7  14.4  21.7  24.4  27.1  28.9  28.8  26.2  21.6  16.2  12.3 
1987  12.6  15.0  17.9  20.8  23.5  26.7  29.6  28.9  24.8  22.6  17.7  10.9 
1988  12.9  11.5  13.1  18.0  24.5  27.7  30.7  29.1  25.3  21.8  14.9  11.7 
