Number= 081610
Name= ZARAGOZA
Country= SPAIN
Lat=   41.7
Long=    0.9
Height= 233
Start year= 1951
End year= 2007
First Good year= 1951
Source ID= 10
Source file= Jones+Anders
Jones data to= 1987
Normals source= Data
Normals source start year= 1961
Normals source end year= 1987
Normals=   6.8   8.4  10.7  13.2  17.1  21.3  24.6  23.7  20.6  15.6  10.2   6.8 
Standard deviations source= Data
Standard deviations source start year= 1951
Standard deviations source end year= 1987
Standard deviations=   1.6   1.8   1.3   1.0   1.6   1.4   1.1   0.9   1.5   1.3   1.2   1.5 
Obs:
1951   7.1   7.3  10.2  12.7  14.9  21.3  24.8  22.7  20.9  14.0  11.3   7.7 
1952   4.8   7.3  13.7  14.3  19.3  24.1  23.7  24.3  18.1  17.0  10.9   8.2 
1953   3.5   6.2  10.6  12.4  20.1  18.8  23.6  25.2  21.2  15.2   9.5  10.3 
1954   4.3   6.7  11.3  12.9  16.4  20.6  22.2  22.7  21.4  16.9  12.3   7.0 
1955  10.3   8.4  10.2  15.6  18.9  21.6  25.1  24.7  20.6  15.1   9.3   8.4 
1956   7.3   2.0  10.9  12.5  17.4  19.3  24.1  23.2  21.1  14.8   8.5   4.1 
1957   4.4  10.2  14.3  13.0  16.1  19.5  23.6  24.3  21.1  15.1   9.2   6.8 
1958   6.5   9.6  11.8  12.6  19.8  21.0  24.1  24.3  24.0  16.1  10.3   9.0 
1959   7.5   8.1  11.8  13.7  16.4  21.8  25.3  24.2  20.7  15.5  10.3   8.9 
1960   7.0   8.7  12.1  14.1  19.9  23.0  23.5  23.7  19.7  13.8  10.7   6.0 
1961   6.8  10.9  12.5  15.7  18.8  21.8  24.0  22.9  22.1  15.7  10.2   7.7 
1962   7.9   7.6   9.5  13.8  16.6  21.1  24.0  25.5  21.0  15.9   8.0   5.5 
1963   5.7   5.1  11.3  13.4  16.8  21.7  25.3  22.1  19.3  16.5  11.8   4.4 
1964   3.6   8.9  10.6  13.9  20.8  22.1  26.2  23.9  23.6  14.2   9.6   5.7 
1965   6.1   5.6  11.1  13.2  19.2  23.0  24.0  23.9  18.1  16.3  10.3   8.7 
1966   8.4  10.8  10.2  14.5  17.9  22.0  22.5  24.1  23.0  15.2   9.6   8.4 
1967   5.7   7.8  12.8  12.2  16.8  19.8  25.9  23.9  20.3  17.9  10.6   5.4 
1968   7.9   8.8  10.1  14.3  16.0  21.6  24.1  23.2  21.0  18.6  10.9   8.6 
1969   7.7   6.3  10.4  13.1  17.0  19.5  25.0  24.0  18.6  16.5   9.6   6.8 
1970   8.3   8.9   9.1  12.8  17.0  22.4  24.9  24.1  22.8  14.4  12.0   4.4 
1971   5.7   9.2   7.7  14.2  15.9  20.1  24.8  24.9  21.2  17.0   8.2   6.6 
1972   6.0   8.5  11.3  13.2  15.8  19.6  23.8  22.1  17.2  14.5  11.0   5.9 
1973   6.4   7.7   9.8  12.6  18.6  21.1  24.1  25.5  21.2  14.8   9.6   7.5 
1974   8.0   8.3  10.5  12.4  17.7  21.1  23.7  23.4  19.3  12.4  11.2   7.4 
1975   7.0   9.8   9.6  13.1  15.8  21.3  26.6  23.9  19.5  15.3   9.9   4.8 
1976   5.8   8.8  11.0  12.3  18.3  23.8  24.5  23.7  19.7  14.6   9.3   8.5 
1977   7.2  10.5  12.1  14.1  15.6  19.5  22.0  22.0  20.7  16.9  10.9   8.8 
1978   6.1  10.4  11.6  12.1  15.8  19.1  24.0  24.6  21.8  15.4   9.2   8.6 
1979   8.1   9.0  11.5  12.3  18.1  22.6  25.0  23.1  20.7  15.9   8.1   5.7 
1980 -99.0   9.8  10.9  12.2  15.2  19.2  24.2 -99.0  21.7 -99.0 -99.0   5.4 
1981   7.0   6.0  13.0  13.3  16.0 -99.0 -99.0  23.6  21.1 -99.0  10.1 -99.0 
1982   9.4   8.4  10.4  13.8  17.5  23.5  25.8  23.2  20.5  14.3  10.5   7.3 
1983   5.1   6.5  11.5  13.7  16.9  22.3  26.7  23.3 -99.0  15.9  12.9   7.1 
1984   7.6   7.6   9.2  14.0  13.7  20.7  25.6  22.9  19.4  14.6  11.7   7.0 
1985   4.2   9.2 -99.0 -99.0 -99.0 -99.0 -99.0 -99.0 -99.0 -99.0 -99.0 -99.0 
1986   8.0 -99.0  11.0  10.3  19.4 -99.0  23.7  24.1 -99.0  16.9  10.2 -99.0 
1987 -99.0 -99.0 -99.0 -99.0  16.3 -99.0 -99.0  23.6 -99.0 -99.0  10.2 -99.0 
1988 -99.0 -99.0 -99.0 -99.0 -99.0 -99.0 -99.0 -99.0 -99.0 -99.0 -99.0 -99.0 
1989 -99.0 -99.0 -99.0 -99.0 -99.0 -99.0 -99.0 -99.0 -99.0 -99.0 -99.0 -99.0 
1990 -99.0 -99.0 -99.0 -99.0 -99.0 -99.0 -99.0 -99.0 -99.0 -99.0 -99.0 -99.0 
1991 -99.0 -99.0 -99.0 -99.0 -99.0 -99.0 -99.0 -99.0 -99.0 -99.0 -99.0 -99.0 
1992 -99.0 -99.0 -99.0 -99.0 -99.0 -99.0 -99.0 -99.0 -99.0 -99.0 -99.0 -99.0 
1993 -99.0 -99.0 -99.0 -99.0 -99.0 -99.0 -99.0 -99.0 -99.0 -99.0 -99.0 -99.0 
1994 -99.0 -99.0 -99.0 -99.0 -99.0 -99.0 -99.0 -99.0 -99.0 -99.0 -99.0 -99.0 
1995 -99.0 -99.0 -99.0 -99.0 -99.0 -99.0 -99.0 -99.0 -99.0 -99.0 -99.0 -99.0 
1996 -99.0 -99.0 -99.0 -99.0 -99.0 -99.0 -99.0 -99.0 -99.0 -99.0 -99.0 -99.0 
1997 -99.0 -99.0 -99.0 -99.0 -99.0 -99.0 -99.0 -99.0 -99.0 -99.0 -99.0 -99.0 
1998 -99.0 -99.0 -99.0 -99.0 -99.0 -99.0 -99.0 -99.0 -99.0 -99.0 -99.0 -99.0 
1999 -99.0 -99.0 -99.0 -99.0 -99.0 -99.0 -99.0 -99.0 -99.0 -99.0 -99.0 -99.0 
2000 -99.0 -99.0 -99.0 -99.0 -99.0 -99.0 -99.0 -99.0 -99.0 -99.0 -99.0 -99.0 
2001 -99.0 -99.0 -99.0 -99.0 -99.0 -99.0 -99.0 -99.0 -99.0 -99.0 -99.0 -99.0 
2002 -99.0 -99.0 -99.0 -99.0 -99.0 -99.0 -99.0 -99.0 -99.0 -99.0 -99.0 -99.0 
2003 -99.0 -99.0 -99.0 -99.0 -99.0 -99.0 -99.0 -99.0 -99.0 -99.0 -99.0 -99.0 
2004 -99.0 -99.0 -99.0 -99.0 -99.0 -99.0 -99.0 -99.0 -99.0 -99.0 -99.0 -99.0 
2005 -99.0 -99.0 -99.0 -99.0 -99.0 -99.0 -99.0 -99.0 -99.0 -99.0 -99.0 -99.0 
2006 -99.0 -99.0 -99.0 -99.0 -99.0 -99.0 -99.0 -99.0 -99.0 -99.0 -99.0 -99.0 
2007 -99.0 -99.0 -99.0 -99.0 -99.0 -99.0 -99.0 -99.0 -99.0 -99.0 -99.0 -99.0 
