Number= 083070
Name= POLLENSA/BALEARIC-IS
Country= SPAIN-------
Lat=   39.9
Long=   -3.1
Height= 2
Start year= 1951
End year= 2007
First Good year= 1951
Source ID= 30
Source file= Jones+Anders
Jones data to= 1991
Normals source= Extrapolated
Normals source start year= 1951
Normals source end year= 1970
Normals=  10.2  10.1  11.6  13.7  16.9  20.9  23.9  24.3  22.2  18.2  14.0  11.1 
Standard deviations source= Data
Standard deviations source start year= 1951
Standard deviations source end year= 1990
Standard deviations=   1.4   1.8   0.7   1.2   1.0   1.1   0.7   1.0   1.1   1.2   1.5   1.2 
Obs:
1951   9.2   9.4  11.4  11.2  15.2  19.8  23.0  23.9  22.3  15.8  13.8  11.1 
1952   8.7   9.5  12.1  12.9  16.7  21.5  24.5  26.1  21.3  18.7  14.2  10.7 
1953   7.9   8.3  10.4  13.9  18.4  20.4  23.9  24.5  23.6  18.2  14.7  13.3 
1954   8.3   9.3  11.8  12.9  16.5  23.1  24.3  22.7  21.9  17.7  15.5  12.2 
1955  13.2  11.1  11.3  14.9  18.4  21.0  24.4  21.8  21.2  17.0  13.4  12.4 
1956  10.8   5.4  10.8  12.9  16.9  19.5  23.6  24.9  21.7  16.3  10.1   8.2 
1957   8.1  10.4  11.9  13.2  15.4  19.3  22.9  24.5  21.6  16.7  13.2   9.6 
1958   9.1  10.2  12.1  12.5  18.2  23.1 -99.0 -99.0  24.0  19.0  13.0  13.3 
1959  11.2  11.4 -99.0  14.6  17.8  22.3  24.7  23.8  22.5  17.5  13.0  11.6 
1960   9.8  11.8  12.5  13.6  18.3  21.7  24.7  25.9 -99.0 -99.0  13.6   9.4 
1961 -99.0 -99.0 -99.0  16.3  18.7  22.0  24.7  23.5  23.6  18.8  14.6  12.2 
1962  11.5   9.6  11.7  13.8  17.4  19.6  23.9  25.0  23.4  19.4  11.9   9.9 
1963   9.6   8.9  11.9  13.5  16.0  20.9  24.5  24.1  21.2  17.4  15.9  11.3 
1964   9.4  10.8  12.3  13.3  18.8  22.1  25.0  24.8  23.9  18.0  14.3  10.9 
1965  10.3   8.3  12.0  13.4  17.5  21.5  24.2  23.8  20.0  19.0  14.3  12.0 
1966  12.2  13.9  11.6  16.0  17.4  21.8  23.0  24.8  23.4  19.7  11.8  11.3 
1967   9.7  11.7  13.5  14.0  17.9  20.2  25.9  25.4  22.8  20.4  16.5  10.5 
1968  10.7  11.5  11.5  15.1  17.7  20.7  24.7  24.9  23.2  19.6  14.6  12.0 
1969  11.0   8.8  11.6  13.8  17.4  20.1  23.7  24.0  21.5  19.1  13.9  10.9 
1970  11.7  10.9  10.5  13.5  16.8  22.0  23.8  24.4  23.4  18.0  15.5  11.1 
1971 -99.0 -99.0 -99.0 -99.0 -99.0 -99.0 -99.0 -99.0 -99.0 -99.0 -99.0 -99.0 
1972 -99.0 -99.0 -99.0 -99.0 -99.0 -99.0 -99.0 -99.0 -99.0 -99.0 -99.0 -99.0 
1973 -99.0 -99.0 -99.0 -99.0 -99.0 -99.0 -99.0 -99.0 -99.0 -99.0 -99.0 -99.0 
1974 -99.0 -99.0 -99.0 -99.0 -99.0 -99.0 -99.0 -99.0 -99.0 -99.0 -99.0 -99.0 
1975 -99.0 -99.0 -99.0 -99.0 -99.0 -99.0 -99.0 -99.0 -99.0 -99.0 -99.0 -99.0 
1976 -99.0 -99.0 -99.0 -99.0 -99.0 -99.0 -99.0 -99.0 -99.0 -99.0 -99.0 -99.0 
1977 -99.0 -99.0 -99.0 -99.0 -99.0 -99.0 -99.0 -99.0 -99.0 -99.0 -99.0 -99.0 
1978 -99.0 -99.0 -99.0 -99.0 -99.0 -99.0 -99.0 -99.0 -99.0 -99.0 -99.0 -99.0 
1979 -99.0 -99.0 -99.0 -99.0 -99.0 -99.0 -99.0 -99.0 -99.0 -99.0 -99.0 -99.0 
1980 -99.0 -99.0 -99.0 -99.0 -99.0 -99.0 -99.0 -99.0 -99.0 -99.0 -99.0 -99.0 
1981 -99.0 -99.0 -99.0 -99.0 -99.0 -99.0 -99.0 -99.0 -99.0 -99.0 -99.0 -99.0 
1982 -99.0 -99.0 -99.0 -99.0 -99.0 -99.0 -99.0 -99.0 -99.0 -99.0 -99.0 -99.0 
1983 -99.0 -99.0 -99.0 -99.0 -99.0 -99.0 -99.0 -99.0 -99.0 -99.0 -99.0 -99.0 
1984 -99.0 -99.0 -99.0 -99.0 -99.0 -99.0 -99.0 -99.0 -99.0 -99.0 -99.0 -99.0 
1985 -99.0 -99.0 -99.0 -99.0 -99.0 -99.0 -99.0 -99.0 -99.0 -99.0 -99.0 -99.0 
1986 -99.0 -99.0 -99.0 -99.0 -99.0 -99.0 -99.0 -99.0 -99.0 -99.0 -99.0 -99.0 
1987 -99.0 -99.0 -99.0 -99.0 -99.0 -99.0 -99.0 -99.0 -99.0 -99.0 -99.0 -99.0 
1988 -99.0 -99.0 -99.0 -99.0 -99.0 -99.0 -99.0 -99.0 -99.0 -99.0 -99.0 -99.0 
1989 -99.0 -99.0 -99.0 -99.0 -99.0 -99.0 -99.0 -99.0 -99.0 -99.0 -99.0 -99.0 
1990 -99.0 -99.0 -99.0 -99.0 -99.0 -99.0 -99.0 -99.0 -99.0 -99.0 -99.0 -99.0 
1991 -99.0 -99.0 -99.0 -99.0 -99.0 -99.0 -99.0 -99.0 -99.0  17.9  14.1 -99.0 
1992 -99.0 -99.0 -99.0 -99.0 -99.0 -99.0 -99.0 -99.0 -99.0 -99.0 -99.0 -99.0 
1993 -99.0 -99.0 -99.0 -99.0 -99.0 -99.0 -99.0 -99.0 -99.0 -99.0 -99.0 -99.0 
1994 -99.0 -99.0 -99.0 -99.0 -99.0 -99.0 -99.0 -99.0 -99.0 -99.0 -99.0 -99.0 
1995 -99.0 -99.0 -99.0 -99.0 -99.0 -99.0 -99.0 -99.0 -99.0 -99.0 -99.0 -99.0 
1996 -99.0 -99.0 -99.0 -99.0 -99.0 -99.0 -99.0 -99.0 -99.0 -99.0 -99.0 -99.0 
1997 -99.0 -99.0 -99.0 -99.0 -99.0 -99.0 -99.0 -99.0 -99.0 -99.0 -99.0 -99.0 
1998 -99.0 -99.0 -99.0 -99.0 -99.0 -99.0 -99.0 -99.0 -99.0 -99.0 -99.0 -99.0 
1999 -99.0 -99.0 -99.0 -99.0 -99.0 -99.0 -99.0 -99.0 -99.0 -99.0 -99.0 -99.0 
2000 -99.0 -99.0 -99.0 -99.0 -99.0 -99.0 -99.0 -99.0 -99.0 -99.0 -99.0 -99.0 
2001 -99.0 -99.0 -99.0 -99.0 -99.0 -99.0 -99.0 -99.0 -99.0 -99.0 -99.0 -99.0 
2002 -99.0 -99.0 -99.0 -99.0 -99.0 -99.0 -99.0 -99.0 -99.0 -99.0 -99.0 -99.0 
2003 -99.0 -99.0 -99.0 -99.0 -99.0 -99.0 -99.0 -99.0 -99.0 -99.0 -99.0 -99.0 
2004 -99.0 -99.0 -99.0 -99.0 -99.0 -99.0 -99.0 -99.0 -99.0 -99.0 -99.0 -99.0 
2005 -99.0 -99.0 -99.0 -99.0 -99.0 -99.0 -99.0 -99.0 -99.0 -99.0 -99.0 -99.0 
2006 -99.0 -99.0 -99.0 -99.0 -99.0 -99.0 -99.0 -99.0 -99.0 -99.0 -99.0 -99.0 
2007 -99.0 -99.0 -99.0 -99.0 -99.0 -99.0 -99.0 -99.0 -99.0 -99.0 -99.0 -99.0 
