Number= 083300
Name= BADAJOZ
Country= SPAIN
Lat=   38.9
Long=    6.8
Height= 192
Start year= 1866
End year= 2011
First Good year= 1866
Source ID= 10
Source file= Jones+Anders
Jones data to= 1948
Normals source= WMO
Normals source start year= 1961
Normals source end year= 1990
Normals source percent availability= 100
Normals source variable code= 14
Normals=   8.7  10.1  12.1  14.2  17.9  22.2  25.3  25.0  22.5  17.4  12.1   9.0 
Obs:
1866   4.6   7.2   9.7  15.3  19.1  25.4  30.8  30.7  23.1  16.3  15.0  10.4 
1867   4.5  12.1  14.6  18.2  17.9  23.1  25.8  27.7  22.9  15.7  13.4   4.2 
1868   5.9   9.3  15.1  17.1  22.6  27.0  27.4  27.9  18.9  18.0  10.9   8.9 
1869   7.0   9.2  10.3  15.5  18.3  20.7  26.9  24.1  24.4  19.2  10.9   8.2 
1870   4.6   7.1  10.6  12.9  16.7  24.2  26.2  24.2  23.8  17.8   8.2   5.7 
1871 -99.0   8.3  10.6  18.0  15.6  20.0  24.3  26.2  21.5  16.6  11.0   5.0 
1872   7.9   9.4  11.6  13.6  15.4  22.9  25.4  26.5  23.2  14.9  11.9 -99.0 
1873 -99.0 -99.0 -99.0 -99.0 -99.0 -99.0 -99.0 -99.0 -99.0 -99.0 -99.0 -99.0 
1874 -99.0 -99.0 -99.0 -99.0 -99.0 -99.0 -99.0 -99.0 -99.0 -99.0 -99.0 -99.0 
1875   7.7   7.5  13.0  16.9  22.0  24.1  25.4  28.3  26.7  19.3  13.1   6.5 
1876   5.9  10.3  12.5  13.9  17.4  21.1  30.1  28.9  25.9  19.0  14.2  10.8 
1877  10.4   9.8  13.0  15.1  18.8  22.7  26.2  27.0  22.6  17.7  13.0   8.4 
1878   6.4   9.3  12.9  15.4  18.7 -99.0  27.3  25.8  26.5  19.6  10.5   8.5 
1879   9.4  10.1  11.4  12.3  17.4  21.6  26.2  26.7  20.1  18.1  14.3   6.1 
1880   5.5  10.9  14.9  14.4  17.1  20.3  24.8  24.3  23.2  17.9  10.9 -99.0 
1881   9.3  11.1  14.4  14.7  18.3  22.4  27.8  27.9  22.4  17.5  13.8   8.3 
1882   8.7  11.6  14.3  16.0  17.9  23.5  24.7  26.9  20.0  16.9  13.1   8.8 
1883   8.5  10.9  10.6  14.3  16.9  20.0  24.0  27.4  22.0  17.1  13.3   7.3 
1884   9.9  10.7  12.7  12.2  18.3  21.4  25.7  27.5  22.2  17.1  12.5   8.1 
1885   7.0  12.6  11.8  12.3  18.5  21.5  24.8  24.1  22.5  15.7  12.9   8.5 
1886   7.4  10.3  14.4  14.9  17.2  20.7  25.7  26.2  22.0  15.7  10.7   8.9 
1887   7.9   8.9  13.3  13.8  16.6  24.0  26.2  26.4  21.6  14.8  11.8   7.6 
1888   7.8   6.5  10.4  13.0  19.0  21.2  23.2  24.8  23.1  17.5  12.4   9.7 
1889   7.2   8.6  10.7  12.4  16.9  20.2  24.4  24.3  23.6  15.7  12.9   5.5 
1890   8.4   9.1  10.5  14.4  15.7  24.1  24.9  24.3  22.6  19.1  11.5   7.1 
1891   6.4  10.3  11.7  15.3  17.0  21.9  25.6  24.2  23.2  17.5  13.2   8.5 
1892   7.9  10.0  12.2  15.1  18.9  23.4  24.9  25.8  23.5  15.9  13.3   7.2 
1893   6.8  10.9  15.1  16.5  19.9  23.5  26.5  27.9  22.0  17.3  12.1   8.3 
1894   8.0  10.0  12.8  13.7  17.3  23.9  26.2  26.5  21.3  17.9  12.6   9.0 
1895   6.8  12.2  11.0  15.3  18.9  22.4  25.7  26.3  24.6  19.2  15.5  10.8 
1896   8.2  10.0  14.1  17.5  18.9  21.6  26.4  25.0  23.2  15.0   9.9   8.9 
1897   7.3  11.9  15.2  16.0  18.6  25.0  27.9  25.9  23.3  19.4  13.6  10.2 
1898 -99.0 -99.0 -99.0 -99.0 -99.0 -99.0 -99.0 -99.0 -99.0 -99.0 -99.0 -99.0 
1899   7.6  11.7  13.1  17.8  18.7  22.0  27.8  26.0  23.5  20.5  14.1   9.0 
1900   7.9  11.0   9.6  15.8  16.7  22.4  24.5  21.6  21.2  17.0  10.9 -99.0 
1901 -99.0 -99.0 -99.0 -99.0 -99.0 -99.0 -99.0 -99.0 -99.0 -99.0 -99.0 -99.0 
1902 -99.0 -99.0 -99.0 -99.0 -99.0 -99.0 -99.0 -99.0 -99.0 -99.0 -99.0 -99.0 
1903 -99.0 -99.0 -99.0 -99.0 -99.0 -99.0 -99.0 -99.0 -99.0 -99.0 -99.0 -99.0 
1904 -99.0 -99.0 -99.0 -99.0 -99.0 -99.0 -99.0 -99.0 -99.0 -99.0 -99.0 -99.0 
1905 -99.0 -99.0 -99.0 -99.0 -99.0 -99.0 -99.0 -99.0 -99.0 -99.0 -99.0 -99.0 
1906 -99.0 -99.0 -99.0 -99.0 -99.0 -99.0 -99.0 -99.0 -99.0 -99.0 -99.0 -99.0 
1907 -99.0 -99.0 -99.0 -99.0 -99.0 -99.0 -99.0 -99.0 -99.0 -99.0 -99.0 -99.0 
1908 -99.0 -99.0 -99.0 -99.0 -99.0 -99.0 -99.0 -99.0 -99.0 -99.0 -99.0 -99.0 
1909 -99.0 -99.0 -99.0 -99.0 -99.0 -99.0 -99.0 -99.0 -99.0 -99.0 -99.0 -99.0 
1910 -99.0 -99.0 -99.0 -99.0 -99.0 -99.0 -99.0 -99.0 -99.0 -99.0 -99.0 -99.0 
1911 -99.0 -99.0 -99.0 -99.0 -99.0 -99.0 -99.0 -99.0 -99.0 -99.0 -99.0 -99.0 
1912 -99.0 -99.0 -99.0 -99.0 -99.0 -99.0 -99.0 -99.0 -99.0 -99.0 -99.0 -99.0 
1913 -99.0 -99.0 -99.0 -99.0 -99.0 -99.0 -99.0 -99.0 -99.0 -99.0 -99.0 -99.0 
1914 -99.0 -99.0 -99.0 -99.0 -99.0 -99.0 -99.0 -99.0 -99.0 -99.0 -99.0 -99.0 
1915 -99.0 -99.0 -99.0 -99.0 -99.0 -99.0 -99.0 -99.0 -99.0 -99.0 -99.0 -99.0 
1916 -99.0 -99.0 -99.0 -99.0 -99.0 -99.0 -99.0 -99.0 -99.0 -99.0 -99.0 -99.0 
1917 -99.0 -99.0 -99.0 -99.0 -99.0 -99.0 -99.0 -99.0 -99.0 -99.0 -99.0 -99.0 
1918 -99.0 -99.0 -99.0 -99.0 -99.0 -99.0 -99.0 -99.0 -99.0 -99.0 -99.0 -99.0 
1919 -99.0 -99.0 -99.0 -99.0 -99.0 -99.0 -99.0 -99.0 -99.0 -99.0 -99.0 -99.0 
1920 -99.0 -99.0 -99.0 -99.0 -99.0 -99.0 -99.0 -99.0 -99.0 -99.0 -99.0 -99.0 
1921 -99.0 -99.0 -99.0 -99.0 -99.0 -99.0 -99.0 -99.0 -99.0 -99.0 -99.0 -99.0 
1922 -99.0 -99.0 -99.0 -99.0 -99.0 -99.0 -99.0 -99.0 -99.0 -99.0 -99.0 -99.0 
1923 -99.0 -99.0 -99.0 -99.0 -99.0 -99.0 -99.0 -99.0 -99.0 -99.0 -99.0 -99.0 
1924 -99.0 -99.0 -99.0 -99.0 -99.0 -99.0 -99.0 -99.0 -99.0 -99.0 -99.0 -99.0 
1925 -99.0 -99.0 -99.0 -99.0 -99.0 -99.0 -99.0 -99.0 -99.0 -99.0 -99.0 -99.0 
1926   9.2  12.6  13.3  14.3  16.6  21.9  26.4  27.7  26.0  19.2  11.9   8.0 
1927   8.6   9.5  11.7  16.1  19.4  23.3  22.7  24.7  21.1  19.5  11.6  10.1 
1928   7.1  10.5  11.3  13.3  15.6  22.7  27.7  24.9  22.4  16.7  10.4   6.6 
1929   8.0  10.4  13.0  15.6  17.0  23.8  26.2  26.1  22.4  17.8  12.7  10.8 
1930   9.6   7.9  12.7  12.3  18.5  20.3  24.0  26.5  19.6  16.4  13.1  10.3 
1931   8.5   9.8  13.7  14.7  17.4  23.6  24.4  23.7  18.1  17.7  12.6   7.1 
1932   7.7   7.8  12.4  12.9  16.7  20.9  24.3  25.3  21.8  16.3  12.6  10.1 
1933   7.5   9.1  12.4  16.5  20.8  21.4  26.7  27.9  21.1  16.8  10.0   6.5 
1934   7.0   7.9  10.2  12.4  18.7  23.6  26.1  24.2  23.1  18.7   9.5  11.4 
1935 -99.0 -99.0 -99.0 -99.0 -99.0 -99.0 -99.0 -99.0 -99.0 -99.0 -99.0 -99.0 
1936 -99.0 -99.0 -99.0 -99.0 -99.0 -99.0 -99.0 -99.0 -99.0 -99.0 -99.0 -99.0 
1937 -99.0 -99.0 -99.0 -99.0 -99.0 -99.0 -99.0 -99.0 -99.0 -99.0 -99.0 -99.0 
1938 -99.0 -99.0 -99.0 -99.0 -99.0 -99.0 -99.0 -99.0 -99.0 -99.0 -99.0 -99.0 
1939 -99.0 -99.0 -99.0 -99.0 -99.0 -99.0 -99.0 -99.0 -99.0 -99.0 -99.0 -99.0 
1940   9.2  11.8  14.5  15.3  17.0  21.9  25.0  27.1  22.8  15.6  11.9   7.0 
1941   7.8  10.6  11.9  14.1  15.4  22.6  25.5  26.3  24.7  19.6  11.1   7.4 
1942   8.4   7.9  13.3  14.2  17.9  23.2  25.7  25.3  22.7  18.6  12.7  10.0 
1943   9.8   9.9  12.4  17.1  20.0  25.8  25.0  27.4  21.2  16.9  11.0   9.4 
1944   8.2   7.9  12.4  16.4  20.5  24.1  25.6  25.3  23.5  15.7  12.0   8.1 
1945   5.7  10.2  14.1  19.8  19.2  25.0  25.6  24.6  23.9  20.0  14.9  10.7 
1946   8.0  10.3  11.8  14.6  14.7  22.4  27.4  25.0  23.0  18.8  12.9   8.4 
1947   7.6  10.6  13.4  17.0  18.3  23.3  26.9  25.7  22.9  19.4  14.7   8.0 
1948  10.4  11.3  15.3  14.5  17.0  23.9  25.5  25.2  24.3  18.8  14.8  11.2 
1949 -99.0 -99.0 -99.0 -99.0 -99.0 -99.0 -99.0 -99.0 -99.0 -99.0 -99.0 -99.0 
1950 -99.0 -99.0 -99.0 -99.0 -99.0 -99.0 -99.0 -99.0 -99.0 -99.0 -99.0 -99.0 
1951 -99.0 -99.0 -99.0 -99.0 -99.0 -99.0 -99.0 -99.0 -99.0 -99.0 -99.0 -99.0 
1952 -99.0 -99.0 -99.0 -99.0 -99.0 -99.0 -99.0 -99.0 -99.0 -99.0 -99.0 -99.0 
1953 -99.0 -99.0 -99.0 -99.0 -99.0 -99.0 -99.0 -99.0 -99.0 -99.0 -99.0 -99.0 
1954 -99.0 -99.0 -99.0 -99.0 -99.0 -99.0 -99.0 -99.0 -99.0 -99.0 -99.0 -99.0 
1955 -99.0 -99.0 -99.0 -99.0 -99.0 -99.0 -99.0 -99.0 -99.0 -99.0 -99.0 -99.0 
1956 -99.0 -99.0 -99.0 -99.0 -99.0 -99.0 -99.0 -99.0 -99.0 -99.0 -99.0 -99.0 
1957 -99.0 -99.0 -99.0 -99.0 -99.0 -99.0 -99.0 -99.0 -99.0 -99.0 -99.0 -99.0 
1958 -99.0 -99.0 -99.0 -99.0 -99.0 -99.0 -99.0 -99.0 -99.0 -99.0 -99.0 -99.0 
1959 -99.0 -99.0 -99.0 -99.0 -99.0 -99.0 -99.0 -99.0 -99.0 -99.0 -99.0 -99.0 
1960 -99.0 -99.0 -99.0 -99.0 -99.0 -99.0 -99.0 -99.0 -99.0 -99.0 -99.0 -99.0 
1961 -99.0 -99.0 -99.0 -99.0 -99.0 -99.0 -99.0 -99.0 -99.0 -99.0 -99.0 -99.0 
1962 -99.0 -99.0 -99.0 -99.0 -99.0 -99.0 -99.0 -99.0 -99.0 -99.0 -99.0 -99.0 
1963 -99.0 -99.0 -99.0 -99.0 -99.0 -99.0 -99.0 -99.0 -99.0 -99.0 -99.0 -99.0 
1964 -99.0 -99.0 -99.0 -99.0 -99.0 -99.0 -99.0 -99.0 -99.0 -99.0 -99.0 -99.0 
1965 -99.0 -99.0 -99.0 -99.0 -99.0 -99.0 -99.0 -99.0 -99.0 -99.0 -99.0 -99.0 
1966 -99.0 -99.0 -99.0 -99.0 -99.0 -99.0 -99.0 -99.0 -99.0 -99.0 -99.0 -99.0 
1967 -99.0 -99.0 -99.0 -99.0 -99.0 -99.0 -99.0 -99.0 -99.0 -99.0 -99.0 -99.0 
1968 -99.0 -99.0 -99.0 -99.0 -99.0 -99.0 -99.0 -99.0 -99.0 -99.0 -99.0 -99.0 
1969 -99.0 -99.0 -99.0 -99.0 -99.0 -99.0 -99.0 -99.0 -99.0 -99.0 -99.0 -99.0 
1970 -99.0 -99.0 -99.0 -99.0 -99.0 -99.0 -99.0 -99.0 -99.0 -99.0 -99.0 -99.0 
1971 -99.0 -99.0 -99.0 -99.0 -99.0 -99.0 -99.0 -99.0 -99.0 -99.0 -99.0 -99.0 
1972 -99.0 -99.0 -99.0 -99.0 -99.0 -99.0 -99.0 -99.0 -99.0 -99.0 -99.0 -99.0 
1973 -99.0 -99.0 -99.0 -99.0 -99.0 -99.0 -99.0 -99.0 -99.0 -99.0 -99.0 -99.0 
1974 -99.0 -99.0 -99.0 -99.0 -99.0 -99.0 -99.0 -99.0 -99.0 -99.0 -99.0 -99.0 
1975 -99.0 -99.0 -99.0 -99.0 -99.0 -99.0 -99.0 -99.0 -99.0 -99.0 -99.0 -99.0 
1976 -99.0 -99.0 -99.0 -99.0 -99.0 -99.0 -99.0 -99.0 -99.0 -99.0 -99.0 -99.0 
1977 -99.0 -99.0 -99.0 -99.0 -99.0 -99.0 -99.0 -99.0 -99.0 -99.0 -99.0 -99.0 
1978 -99.0 -99.0 -99.0 -99.0 -99.0 -99.0 -99.0 -99.0 -99.0 -99.0 -99.0 -99.0 
1979 -99.0 -99.0 -99.0 -99.0 -99.0 -99.0 -99.0 -99.0 -99.0 -99.0 -99.0 -99.0 
1980 -99.0 -99.0 -99.0 -99.0 -99.0 -99.0 -99.0 -99.0 -99.0 -99.0 -99.0 -99.0 
1981 -99.0 -99.0 -99.0 -99.0 -99.0 -99.0 -99.0 -99.0 -99.0 -99.0 -99.0 -99.0 
1982 -99.0 -99.0 -99.0 -99.0 -99.0 -99.0 -99.0 -99.0 -99.0 -99.0 -99.0 -99.0 
1983 -99.0 -99.0 -99.0 -99.0 -99.0 -99.0 -99.0 -99.0 -99.0 -99.0 -99.0 -99.0 
1984 -99.0 -99.0 -99.0 -99.0 -99.0 -99.0 -99.0 -99.0 -99.0 -99.0 -99.0 -99.0 
1985 -99.0 -99.0 -99.0 -99.0 -99.0 -99.0 -99.0 -99.0 -99.0 -99.0 -99.0 -99.0 
1986 -99.0 -99.0 -99.0 -99.0 -99.0 -99.0 -99.0 -99.0 -99.0 -99.0 -99.0 -99.0 
1987 -99.0 -99.0 -99.0 -99.0 -99.0 -99.0 -99.0 -99.0 -99.0 -99.0 -99.0 -99.0 
1988 -99.0 -99.0 -99.0 -99.0 -99.0 -99.0 -99.0 -99.0 -99.0 -99.0 -99.0 -99.0 
1989 -99.0 -99.0 -99.0 -99.0 -99.0 -99.0 -99.0 -99.0 -99.0 -99.0 -99.0 -99.0 
1990 -99.0 -99.0 -99.0 -99.0 -99.0 -99.0 -99.0 -99.0 -99.0 -99.0 -99.0 -99.0 
1991 -99.0 -99.0 -99.0 -99.0 -99.0 -99.0  26.9 -99.0 -99.0 -99.0  11.9 -99.0 
1992   6.4 -99.0 -99.0  16.2  20.6  20.1 -99.0  26.2 -99.0 -99.0 -99.0  10.2 
1993   7.1   9.6  13.1  14.0 -99.0  22.2  26.6  26.0  20.2  14.8  11.5   8.9 
1994   8.5   9.3  14.8  14.4  18.2  23.5  25.8  25.7  20.8  18.4 -99.0   9.9 
1995   9.6  11.6  13.6  16.9  21.1  23.7  26.9  27.1  21.0  20.3  15.2  11.9 
1996  10.8   9.0  12.8  15.9  18.0  24.2  26.0  24.2  21.0  17.5  12.9  10.6 
1997   9.5  12.3  15.9  18.2  18.2  20.6  24.6  25.3  23.8  19.4  13.9  11.0 
1998  10.1  12.6  14.5  14.0  18.4  23.0  26.7  27.4  22.9  16.8  12.9   7.3 
1999   7.8   9.3  13.3  16.5  19.6  24.0  27.0  25.8  21.9  17.9  10.8  10.2 
2000   6.5  11.8  14.0  13.4  19.4  24.2  25.4  25.5  23.1  17.2  12.2  11.4 
2001  10.9  11.4  14.8  15.7  19.2  24.5  25.0  26.2  23.1  18.7  10.8   8.0 
2002  10.0  11.0  13.6  15.6  18.2  23.5  25.8  24.9  21.9  18.7  13.3  11.8 
2003   8.9   9.8  14.1  15.2  20.6  25.1  25.2  28.1  23.6  17.3  13.0   9.2 
2004  10.2  10.7  12.3  14.9  18.0  26.6  26.6  25.5  23.2  18.2  11.7   8.7 
2005   6.6   7.5  13.6  16.5  20.4  26.0  26.7  26.8  22.3  17.9  11.3   8.7 
2006   7.3   9.1  12.9  16.6  20.9  24.0  27.4  26.9  23.8  19.5  14.9   8.5 
2007   7.8  11.9  12.1  14.9  18.9  22.1  25.8  25.1  23.7  17.8  11.2   8.2 
2008  10.2  12.1  12.9  16.2  17.5  23.7  25.4  25.5  22.2  17.5  10.5   8.9 
2009   8.9  10.5  15.0  14.8  20.4  24.7  25.5  27.3  23.8  19.6  14.3   9.8 
2010   9.0   9.7  12.1  16.5  18.1  23.4  27.9  28.2  23.4  16.8  11.8  10.2 
2011   9.1  10.3  12.4  18.1  21.1 -99.0 -99.0 -99.0 -99.0 -99.0 -99.0 -99.0 
