Number= 085450
Name= PORTO
Country= PORTUGAL
Lat=   41.2
Long=    8.7
Height= 70
Start year= 1961
End year= 1980
First Good year= 1961
Source ID= 10
Source file= Jones
Jones data to= 1980
Normals source= Data
Normals source start year= 1961
Normals source end year= 1980
Normals=   9.3  10.1  11.0  12.6  14.7  17.3  19.1  19.0  18.1  15.8  11.7   9.5 
Standard deviations source= Data
Standard deviations source start year= 1961
Standard deviations source end year= 1980
Standard deviations=   1.0   1.2   1.1   0.8   0.9   1.1   1.3   1.3   1.2   1.3   1.1   1.4 
Obs:
1961   8.0  11.4  14.2  13.0  16.8  17.5  19.0  20.0  17.3  14.4  11.2  11.5 
1962   9.3   8.2  11.0  13.0  14.5  18.4  17.3  18.2  18.1  17.8  10.0   8.8 
1963   9.4   8.2  11.2  12.4  14.9  16.4  18.4  17.0  17.2  16.5  12.7   8.9 
1964   9.6  10.6  10.8  11.6  16.1  18.4  18.8  19.8  19.6  15.4  11.2   7.9 
1965   8.6   8.6  12.2  12.6  15.7  17.0  16.6  18.1  15.3  16.6  11.2  10.2 
1966  11.7  11.6  11.0  12.5  15.2  17.1  18.8  18.2  19.0  14.7   9.4   9.0 
1967   8.2  10.1  13.2  13.2  13.1  18.1  17.6  17.9  17.6  15.6  12.0   8.3 
1968   9.2  10.0  11.0  11.5  14.8  16.6  18.4  18.2  16.9  17.1  13.4   9.9 
1969  10.2   8.7  10.8  11.8  13.9  17.0  20.7  19.6  16.8  17.4  10.4   8.2 
1970  10.7   8.8   9.5  11.4  16.0  16.6  19.3  18.0  19.2  15.1  14.1   6.7 
1971   9.0  10.3   9.9  12.7  13.8  16.3  20.7  18.6  18.9  17.8  10.6  10.2 
1972   7.4   9.9  10.4  13.1  13.3  15.0  19.7  19.6  18.1  15.2  12.8   9.9 
1973   8.6   9.9  11.3  13.2  15.2  19.0  19.3  20.2  18.5  16.1  13.0   8.4 
1974  10.6   9.5  10.7  12.2  15.1  17.9  20.8  18.9  16.4  12.4  11.2   9.9 
1975   9.8  10.8   9.8  12.7  14.7  17.8  19.0  20.4  17.6  16.5  11.6   8.1 
1976   8.4  11.8  11.1  12.6  15.1  19.7  20.8  19.4  17.3  14.2  11.0  10.5 
1977   9.2  10.8  10.8  14.0  13.6  15.6  18.5  17.8  19.8  15.9  11.5  12.5 
1978   9.2  10.8  10.8  11.4  14.4  16.6  18.3  18.0  20.5  16.6  12.6  11.6 
1979   9.7  12.5   9.6  11.9  14.2  18.4  21.6  19.7  18.0  14.9  11.7  10.5 
1980   9.6   9.6  11.4  14.4  14.3  17.2  18.3  23.3  18.9  15.6  11.6   8.4 
