Number= 085490
Name= COIMBRA/GEOFISICO
Country= PORTUGAL
Lat=   40.2
Long=    8.4
Height= 141
Start year= 1866
End year= 2007
First Good year= 1866
Source ID= 30
Source file= Jones+Anders
Jones data to= 1991
Normals source= Data
Normals source start year= 1961
Normals source end year= 1990
Normals=  10.0  11.0  12.5  14.1  16.5  19.7  21.8  21.8  20.8  17.4  13.0  10.4 
Standard deviations source= Data
Standard deviations source start year= 1941
Standard deviations source end year= 1990
Standard deviations=   1.0   1.2   1.4   1.3   1.5   1.2   1.2   1.0   1.5   1.6   1.4   1.4 
Obs:
1866  10.2   9.9   9.5  13.1  15.4  17.4  19.1  21.3  17.3  15.6  13.9  11.3 
1867  10.8  11.8  11.9  14.6  15.0  20.3  19.7  19.6  19.4  15.4  13.2   9.0 
1868   9.3  10.4  12.0  13.9  17.0  22.0  21.0  20.9  18.6  14.6  11.9  13.5 
1869  11.0  11.2   9.0  13.7  14.8  19.2  20.0  22.1  18.9  16.2  11.8   9.0 
1870   8.2  10.6  12.1  15.5  17.5  21.7  22.5  20.5  20.3  17.3  11.4   8.9 
1871   7.5  12.4  12.7  14.9  16.5  17.7  21.3  21.8  18.4  16.2  12.1   7.7 
1872  10.6  10.9  12.0  13.6  13.9  17.7  19.5  21.1  18.7  13.2  11.6   9.6 
1873  10.7   8.9  10.4  12.9  17.3  18.9  20.6  22.0  19.4  15.2  12.4   8.9 
1874  10.5  10.4  12.5  13.4  16.2  17.5  19.9  21.3  19.3  15.5  12.6   8.3 
1875  11.1   8.8  11.8  13.1  18.4  18.0  18.4  21.5  20.9  16.5  13.9   7.8 
1876   8.0  11.2  10.3  11.8  14.8  16.3  23.7  21.2  19.2  16.0  13.9  12.0 
1877  11.5  10.1  10.9  13.2  15.8  19.3  22.0  20.9  19.0  16.2  12.7  10.1 
1878   8.3  11.1  12.3  14.0  15.5  17.6  20.5  20.6  20.1  15.8   9.6   9.9 
1879  10.9  10.1  10.7  10.5  14.7  17.1  18.9  20.0  17.6  15.6  13.9   8.0 
1880   8.1  10.9  13.0  11.9  15.7  16.6  19.6  21.8  20.2  17.3  11.5  10.2 
1881  10.7  11.1  13.8  13.8  17.4  18.9  23.6  21.8  19.4  15.0  14.4   9.2 
1882  10.2  11.6  12.7  13.1  15.6  17.4  19.9  20.8  17.3  15.1  12.5   9.4 
1883  10.2  10.9   9.4  13.2  14.2  16.9  19.0  20.7  18.2  14.8  12.8   8.3 
1884  10.8  10.2  12.0  11.2  16.2  19.1  21.7  22.1  18.8  15.8  12.5   8.9 
1885   8.4  12.2  11.2  10.9  14.6  18.6  19.8  19.3  19.2  13.3  12.8  10.2 
1886   7.7   9.6  13.0  13.2  14.7  19.0  21.2  21.2  19.5  14.6  11.2  10.5 
1887   9.8   9.4  12.9  12.4  16.4  22.1  21.9  21.8  18.5  14.8  11.9   8.6 
1888   9.5   6.9   9.8  12.1  17.3  18.2  18.8  20.8  20.9  17.1  12.1  11.1 
1889   8.2   9.4  10.6  10.9  13.7  16.9  20.1  20.2  20.5  13.9  13.5   7.9 
1890  10.2   8.8  10.1  12.1  13.6  19.6  19.8  19.4  19.7  16.6  10.5   7.8 
1891   7.1  11.1  10.7  13.2  14.4  19.1  20.2  19.9  19.0  15.2  12.5  10.6 
1892   8.8   9.9  11.9  13.9  16.8  19.1  20.2  21.4  20.4  14.4  12.9   9.2 
1893   8.6  10.6  14.8  15.6  17.9  20.3  21.8  21.9  19.1  17.0  11.8   9.3 
1894   8.3   9.7  11.6  12.0  14.5  18.6  19.1  20.8  18.7  16.9  12.3   9.9 
1895   7.2  11.6  10.4  13.9  17.2  19.7  20.4  20.7  20.6  16.3  15.0  11.0 
1896   9.3  10.9  11.8  16.3  17.3  18.4  21.6  20.7  18.8  12.5   9.5   9.0 
1897   7.6  11.2  13.5  13.3  16.5  20.8  22.1  20.4  18.4  18.1  14.5  10.9 
1898   9.6  10.3  10.4  12.9  15.7  19.5  23.2  22.6  21.3  16.9  11.8   9.3 
1899   9.7  12.2  13.2  15.1  17.3  19.1  22.8  22.5  20.5  19.7  14.1  10.0 
1900   8.4  10.8   9.6  15.3  15.6  18.1  22.2  20.2  21.1  16.7  11.5  10.7 
1901   9.0   7.4  10.9  14.4  17.2  19.7  21.0  21.4  18.5  14.5  10.8   7.6 
1902   9.3  10.4  12.8  14.2  15.8  17.0  20.6  19.8  18.9  15.6  12.9   9.6 
1903   9.2  11.5  11.9  15.1  15.0  17.9  21.0  21.6  18.5  15.8  13.3   8.1 
1904   8.5  10.0  10.4  15.2  17.4  19.0  20.0  21.2  18.0  18.2  12.8  11.5 
1905   8.7   8.6  12.6  15.0  16.5  17.3  21.0  19.7  18.5  15.2  10.3  10.1 
1906   9.8   8.4  11.8  13.3  16.1  19.6  20.7  21.5  21.0  16.1  12.3   8.7 
1907   8.3   8.9  13.2  13.6  14.9  18.2  19.8  21.3  21.0  14.0  12.1  11.6 
1908  10.1   9.7   9.9  12.5  17.9  18.9  20.8  21.0  18.8  17.3  14.0  10.4 
1909   8.7   8.8  10.4  15.4  17.3  16.5  21.4  20.7  18.5  15.9  12.2  11.1 
1910   8.5  10.7  10.9  13.1  14.7  18.0  19.7  20.2  20.8  16.2  12.1  10.4 
1911   6.6  10.5  10.6  12.4  15.4  17.6  23.0  21.0  21.6  15.1  11.8  11.0 
1912   9.4  12.5  12.6  14.8  18.0  17.2  18.1  18.0  19.8  15.3  11.6   8.9 
1913  10.5   9.9  11.6  12.7  16.0  19.3  21.1  20.5  18.8  15.7  12.9   8.8 
1914   8.1  10.9  11.6  14.9  16.5  17.6  19.0  20.1  21.0  16.8  11.7  10.0 
1915   8.5   9.1  13.1  13.1  16.5  18.9  20.5  21.3  19.9  15.3  12.9  11.6 
1916   9.5   8.9   9.9  13.3  16.2  18.0  20.2  21.2  20.4  16.7  12.0  10.6 
1917   8.0   9.2  10.1  13.2  16.3  18.6  20.7  19.0  20.0  14.7  12.2   6.8 
1918  11.0  10.6  11.1  12.4  16.5  20.4  21.1  21.8  18.2  13.6  12.5   9.8 
1919   8.7  12.2  11.4  13.4  16.7  21.5  20.9  22.1  20.5  15.8  10.6   9.2 
1920   9.4  11.7  12.1  14.6  17.5  18.8  19.5  20.3  20.4  15.0  12.6 -99.0 
1921   9.5  10.3  12.1  14.3  16.1  20.0  22.8  21.1  20.0  19.0  12.7   9.0 
1922   8.9  10.8  10.4  12.6  19.9  19.0  19.2  20.9  18.6  16.2  13.1   9.2 
1923   8.1  10.4  13.1  11.5  15.4  20.1  20.8  21.4  20.0  18.0  10.6   8.2 
1924  10.0   8.0  13.2  14.4  16.3  19.1  20.1  20.5  18.1  16.3  11.8  10.4 
1925  10.1   8.6  10.6  12.7  14.3  19.7  19.4  21.2  19.5  17.9  11.1  12.0 
1926  10.4  12.6  13.2  13.5  14.7  18.4  22.3  23.2  24.1  18.1  12.0   9.1 
1927   9.2  10.1  11.9  14.5  17.1  19.3  19.1  20.6  17.8  17.4  11.6  10.0 
1928   8.5  11.6  11.9  13.0  14.8  19.4  23.7  21.0  20.9  16.0  11.5   8.5 
1929   9.1  10.6  14.2  15.3  14.5  20.3  21.3  21.9  21.1  16.6  12.1  11.5 
1930   9.8   8.0  12.6  11.4  15.6  17.9  20.2  22.0  19.9  17.0  12.6  11.2 
1931   9.0  10.0  13.1  14.2  14.5  19.4  19.6  20.1  20.0  16.9  13.0   8.3 
1932   8.6   8.1  12.4  11.4  14.8  17.9  19.6  21.9  19.6  14.8  12.7  10.3 
1933   8.2   9.3  12.3  15.1  18.0  18.5  21.9  22.8  19.0  15.7  10.2   6.4 
1934   7.8   8.8   9.9  11.7  17.5  19.7  22.8  20.2  19.2  17.6   9.4  11.8 
1935   7.6   9.0  13.5  13.3  14.0  16.9  21.3  21.4  19.6  14.7  11.6  10.4 
1936  11.9  11.4  11.3  13.4  14.6  16.9  19.3  22.6  19.7  14.8  11.3   8.1 
1937   8.4  10.8  10.2  14.6  15.7  18.4  21.1  21.3  19.3  16.3  13.8   8.6 
1938   9.1  10.0  14.7  16.1  15.4  19.8  19.3  20.1  17.9  16.2  14.0   8.9 
1939  10.5  10.9  11.8  13.1  16.5  18.0  19.6  19.9  20.5  14.6  12.0   9.8 
1940   9.3  11.6  13.9  14.3  15.4  19.0  19.4  23.3  19.8  14.5  11.5   8.1 
1941 -99.0 -99.0 -99.0 -99.0 -99.0 -99.0 -99.0 -99.0 -99.0 -99.0 -99.0 -99.0 
1942 -99.0 -99.0 -99.0 -99.0 -99.0 -99.0 -99.0 -99.0 -99.0 -99.0 -99.0 -99.0 
1943 -99.0 -99.0 -99.0 -99.0 -99.0 -99.0 -99.0 -99.0 -99.0 -99.0 -99.0 -99.0 
1944 -99.0 -99.0 -99.0 -99.0 -99.0 -99.0 -99.0 -99.0 -99.0 -99.0 -99.0 -99.0 
1945 -99.0 -99.0 -99.0 -99.0 -99.0 -99.0 -99.0 -99.0 -99.0 -99.0 -99.0 -99.0 
1946 -99.0 -99.0 -99.0 -99.0 -99.0 -99.0 -99.0 -99.0 -99.0 -99.0 -99.0 -99.0 
1947 -99.0 -99.0 -99.0 -99.0 -99.0 -99.0 -99.0 -99.0 -99.0 -99.0 -99.0 -99.0 
1948 -99.0 -99.0 -99.0 -99.0 -99.0 -99.0 -99.0 -99.0 -99.0 -99.0 -99.0 -99.0 
1949 -99.0 -99.0 -99.0 -99.0 -99.0 -99.0 -99.0 -99.0 -99.0 -99.0 -99.0 -99.0 
1950 -99.0 -99.0 -99.0 -99.0 -99.0 -99.0 -99.0 -99.0 -99.0 -99.0 -99.0 -99.0 
1951 -99.0 -99.0 -99.0 -99.0 -99.0 -99.0 -99.0 -99.0 -99.0 -99.0 -99.0 -99.0 
1952 -99.0 -99.0 -99.0 -99.0 -99.0 -99.0 -99.0 -99.0 -99.0 -99.0 -99.0 -99.0 
1953 -99.0 -99.0 -99.0 -99.0 -99.0 -99.0 -99.0 -99.0 -99.0 -99.0 -99.0 -99.0 
1954 -99.0 -99.0 -99.0 -99.0 -99.0 -99.0 -99.0 -99.0 -99.0 -99.0 -99.0 -99.0 
1955 -99.0 -99.0 -99.0 -99.0 -99.0 -99.0 -99.0 -99.0 -99.0 -99.0 -99.0 -99.0 
1956 -99.0 -99.0 -99.0 -99.0 -99.0 -99.0 -99.0 -99.0 -99.0 -99.0 -99.0 -99.0 
1957 -99.0 -99.0 -99.0 -99.0 -99.0 -99.0 -99.0 -99.0 -99.0 -99.0 -99.0 -99.0 
1958 -99.0 -99.0 -99.0 -99.0 -99.0 -99.0 -99.0 -99.0 -99.0 -99.0 -99.0 -99.0 
1959 -99.0 -99.0 -99.0 -99.0 -99.0 -99.0 -99.0 -99.0 -99.0 -99.0 -99.0 -99.0 
1960 -99.0 -99.0 -99.0 -99.0 -99.0 -99.0 -99.0 -99.0 -99.0 -99.0 -99.0 -99.0 
1961   9.0  13.8  16.4  14.4  19.1  20.4  22.4  24.0  20.8  16.8  12.6  12.0 
1962  10.0  10.2  12.4  14.8  17.0  21.3  20.8  22.0  21.6  20.0  11.0   9.4 
1963  10.6   9.1  12.1  14.2  17.2  18.8  22.6  20.3  19.5  19.0  13.6   9.7 
1964  10.8  11.6  11.8  13.6  18.7  20.7  21.6  23.4  22.9  16.9  13.2   8.5 
1965   9.3   9.5  13.4  14.4  18.4  20.4  19.8  21.9  18.1  18.0  12.2  10.6 
1966  12.7  12.1  13.1  14.3  17.7  19.7  21.7  21.4  21.6  15.9  10.1  10.2 
1967   9.4  11.5  14.6  14.6  14.6  20.6  21.2  21.4  20.3  17.9  12.9   8.6 
1968  10.4  10.6  12.4  13.5  16.4  19.9  21.9  21.9  19.1  19.2  14.2  10.6 
1969  11.3   9.6  12.0  13.5  15.3  18.5  23.6  22.7  18.6  19.0  11.3   7.8 
1970  11.0  10.0  10.7  13.7  17.7  18.6  22.1  21.0  22.4  18.1  15.7   8.1 
1971  10.0  11.9  10.8  14.1  15.0  17.8  22.6  20.2  21.1  20.3  12.5  11.3 
1972   7.8   9.9  11.0  13.8  14.0  16.4  21.2  21.2  19.2  15.9  13.1  10.0 
1973   9.4   9.8  12.4  14.8  16.2  20.5  20.6  22.3  19.6  17.3  13.9   9.0 
1974  11.1  10.0  11.5  12.8  16.4  19.4  22.5  20.6  17.7  13.8  12.4  11.0 
1975  10.7  11.9  10.2  13.6  16.3  19.4  21.4  22.0  19.2  17.7  12.5   8.7 
1976   9.2  11.3  12.5  13.0  16.9  22.2  22.8  22.1  18.8  14.8  11.3  11.1 
1977   9.7  11.3  13.1  16.9  17.8  19.3  19.4  19.8  22.0  16.8  12.0  12.9 
1978   9.4  11.6  11.9  12.4  15.4  17.9  20.7  21.3  22.8  17.8  13.7  11.8 
1979  10.4  11.2  10.5  13.1  16.0  20.0  22.7  21.2  20.3  15.3  12.2  10.9 
1980  10.1  11.2  11.8  15.5  15.7  18.5  20.4  22.1  21.1  17.2  12.5   8.8 
1981   9.6  10.5  13.9  13.6  15.0  22.3  22.6  22.2  20.2  16.9  16.4  11.7 
1982  11.5  11.2  12.9  15.9  16.6  18.9  20.4  22.2  21.2  15.6  12.7   9.7 
1983   9.8   9.4  14.3  13.0  14.3  20.9  20.9  21.7  21.7  17.9  15.9  11.5 
1984   9.2   9.7  11.1  17.1  13.8  19.9  21.6  22.1  20.2  16.8  12.7  11.6 
1985   8.5  12.7  11.5  15.1  15.4  19.6  22.1  21.3  23.8  19.2  12.6  11.2 
1986   8.9  10.0  11.4  10.9  16.7  19.8  22.7  20.5  21.4  18.0  12.8  10.3 
1987   9.6  10.7  13.6  15.2  18.1  19.8  23.0  23.8  23.1  15.5  13.4  12.5 
1988  10.7  11.0  13.4  13.8  15.7  19.1  20.5  21.4  21.9  17.7  15.1  10.6 
1989   9.9  12.6  14.1  12.6  18.7  20.7  25.1  23.2  20.9  19.9  14.0  13.4 
1990   9.5  13.4  15.1  13.6  19.1  20.1  24.0  23.5  21.8  16.9  12.3   9.8 
1991   9.5   9.3  12.7  14.0  19.1  20.0  23.0  23.9  21.4  15.7  12.6  11.5 
1992   9.0  11.4  13.8  15.1  19.1  18.5  22.5  22.5  19.4  14.7  13.7  11.6 
1993   9.7  11.6  13.1  13.5  15.4  20.2  22.9  22.4  18.4  14.9  12.0  10.9 
1994   9.9   9.9  15.2  13.5  15.8  21.1  21.1  21.7  19.0  17.9  15.0  11.8 
1995  10.7  11.8  13.6  15.6  17.9  19.8  21.8  23.2  18.4  19.0  15.1  12.3 
1996  11.1   9.1  12.8  14.7 -99.0 -99.0 -99.0 -99.0 -99.0 -99.0 -99.0 -99.0 
1997 -99.0 -99.0 -99.0 -99.0 -99.0 -99.0 -99.0 -99.0 -99.0 -99.0 -99.0 -99.0 
1998 -99.0 -99.0 -99.0 -99.0 -99.0 -99.0 -99.0 -99.0 -99.0 -99.0 -99.0 -99.0 
1999 -99.0 -99.0 -99.0 -99.0 -99.0 -99.0 -99.0 -99.0 -99.0 -99.0 -99.0 -99.0 
2000 -99.0 -99.0 -99.0 -99.0 -99.0 -99.0 -99.0 -99.0 -99.0 -99.0 -99.0 -99.0 
2001 -99.0 -99.0 -99.0 -99.0 -99.0 -99.0 -99.0 -99.0 -99.0 -99.0  11.0   8.5 
2002  11.0  11.1  13.0  13.1  14.3  17.1  19.2  19.6  18.6  17.2  12.4  12.1 
2003 -99.0 -99.0 -99.0 -99.0 -99.0 -99.0 -99.0 -99.0 -99.0 -99.0 -99.0 -99.0 
2004 -99.0 -99.0 -99.0 -99.0 -99.0 -99.0 -99.0 -99.0 -99.0 -99.0 -99.0 -99.0 
2005 -99.0 -99.0 -99.0 -99.0 -99.0 -99.0 -99.0 -99.0 -99.0 -99.0 -99.0 -99.0 
2006 -99.0 -99.0 -99.0 -99.0 -99.0 -99.0 -99.0 -99.0 -99.0 -99.0 -99.0 -99.0 
2007 -99.0 -99.0 -99.0 -99.0 -99.0 -99.0 -99.0 -99.0 -99.0 -99.0 -99.0 -99.0 
