Number= 085540
Name= FARO/AEROPORTO
Country= PORTUGAL
Lat=   37.0
Long=    8.0
Height= 7
Start year= 1961
End year= 2008
First Good year= 1961
Source ID= 10
Source file= Jones+Anders
Jones data to= 1990
Normals source= Data
Normals source start year= 1961
Normals source end year= 1990
Normals=  11.9  12.5  13.8  15.3  18.0  20.8  23.5  23.7  22.0  18.9  15.2  12.5 
Standard deviations source= Data
Standard deviations source start year= 1961
Standard deviations source end year= 1990
Standard deviations=   0.8   1.0   1.0   1.1   1.4   1.0   1.1   1.0   1.4   1.2   1.2   1.2 
Obs:
1961  12.0  14.8  15.6  16.6  20.6  21.9  24.9  25.6  22.8  19.0  15.2  14.2 
1962  12.8  12.4  13.8  16.4  19.0  21.6  24.1  25.9  23.6  20.4  13.4  12.0 
1963  12.5  11.4  13.8  15.7  19.0  21.3  24.4  23.9  21.5  20.0  15.8  12.7 
1964  12.2  12.8  13.6  15.3  20.5  21.6  24.1  24.3  24.2  18.4  14.9  11.2 
1965  11.4  11.2  13.7  17.0  20.0  22.6  22.6  24.0  20.6  18.3  14.4  12.5 
1966  13.7  13.7  14.0  15.9  19.3  20.7  22.0  22.8  22.2  17.2  12.4  11.8 
1967  11.1  12.6  15.2  14.8  17.3  20.8  23.2  23.6  20.3  18.6  14.6  10.8 
1968  11.3  12.6  12.9  14.7  18.0  20.7  23.2  23.0  21.3  19.7  15.6  12.6 
1969  13.0  12.2  13.5  15.0  17.0  19.9  24.1  23.9  19.8  18.7  14.0  10.8 
1970  13.0  12.1  12.3  15.8  18.0  20.0  23.6  22.3  22.9  18.4  16.0  10.5 
1971  11.4  12.4  12.3  14.0  15.6  18.8  22.6  22.0  21.4  20.8  13.7  12.0 
1972  10.7  11.6  12.4  15.4  17.3  18.9  21.9  22.2  19.3  17.4  15.2  12.2 
1973  10.9  11.7  13.1  13.1  17.6  20.2  22.3  23.3  21.1  17.8  16.0  10.8 
1974  12.6  11.6  12.8  13.4  17.6  20.3  25.1  24.0  20.3  16.8  14.8  13.2 
1975  12.4  13.4  12.5  14.8  16.4  19.4  23.8  24.2  20.5 -99.0 -99.0 -99.0 
1976 -99.0 -99.0 -99.0 -99.0 -99.0 -99.0 -99.0 -99.0 -99.0 -99.0 -99.0 -99.0 
1977 -99.0 -99.0 -99.0 -99.0 -99.0 -99.0 -99.0 -99.0 -99.0 -99.0 -99.0 -99.0 
1978 -99.0 -99.0 -99.0 -99.0 -99.0 -99.0 -99.0 -99.0 -99.0 -99.0 -99.0 -99.0 
1979 -99.0 -99.0 -99.0 -99.0 -99.0 -99.0 -99.0 -99.0 -99.0 -99.0 -99.0 -99.0 
1980 -99.0 -99.0 -99.0 -99.0 -99.0 -99.0 -99.0 -99.0 -99.0 -99.0 -99.0 -99.0 
1981  10.8  11.6  14.5  14.3  16.9  22.4  24.2  22.4  21.9  19.8  17.6  14.2 
1982  12.6  13.3  15.0  16.0  18.5  21.5  21.4  23.8  22.6  17.8  14.6  11.5 
1983  12.0  11.1  15.2  15.1  16.7  21.4  20.9  22.7  23.8  20.3  17.6  13.5 
1984  11.6  11.5  12.6  17.0  15.5  19.7  23.5  23.9  21.7  18.2  15.3  13.4 
1985  10.9  14.2  13.6  16.3  16.7  21.2  23.8  24.6  23.6  20.4  15.8  13.3 
1986  11.7  11.9  13.6  13.2  19.7  21.1  24.0  22.6  23.1  20.1  15.4  12.7 
1987  11.7  12.6  15.1  16.5  18.4  22.0  23.4  23.7  24.1  17.6  14.7  14.6 
1988  12.6  12.3  13.7  15.5  17.6  20.4  24.9  24.9  23.6  19.9  17.1  13.1 
1989  12.3  13.6  14.9  14.6  18.3  22.1  24.8  24.4  21.7  20.3  16.2  15.0 
1990  11.5  13.5  15.4  15.6  18.8  20.5  24.6  24.7  21.9  18.7  14.4  12.4 
1991  11.3  10.6  14.1  14.9  17.9  22.3  24.7  24.6  23.3  17.2  14.8  13.1 
1992  11.2  12.2  14.6  16.8  19.6  19.1  24.9  24.5  22.0  17.4  15.4  13.8 
1993  11.2  13.0  14.2  14.8  16.3  20.6  24.6  23.0  20.4  17.0  15.0  13.1 
1994  11.4  12.2  15.6  16.0  18.2  22.8  25.2  23.6  21.4  19.8  17.1  14.0 
1995  12.5  14.3  15.5  17.3  20.5  21.0  24.1  24.8  21.5  20.7  17.2  14.2 
1996  13.9  11.0  14.2  16.7  18.5  23.2  24.5  22.5  20.6  18.6  15.5  13.9 
1997  12.0  13.9  16.9  19.0  18.2  20.2  22.7  23.6  23.2  20.8  16.5  13.9 
1998  12.9  14.6  16.2  15.4  17.7  22.3  24.2  24.7  22.2  18.5  15.7  12.1 
1999  11.7  12.0  14.5  17.2  18.9  22.0  23.5  23.4  21.3  19.2  14.4  13.4 
2000  10.9  14.4  15.6  14.7  19.0  22.7  23.8  24.7  22.4  18.3  14.6  14.1 
2001  13.1  13.6  15.6  17.3  18.3  23.4  23.0  23.4  21.3  19.7  14.6  12.6 
2002  13.1 -99.0  15.3  16.6  18.3  21.3  23.8  22.2  20.4  19.4  15.5  14.3 
2003  12.2  12.2  14.7  15.8  20.4  23.2  24.1  25.7  22.8  19.3  15.2  12.4 
2004  13.0  12.9  14.1  15.9  17.4  23.8  25.5  24.1  22.0  19.1  15.1  12.4 
2005  10.8  10.0  13.8  16.8  19.5  23.3  24.0  24.4  22.0  19.5  14.3  12.9 
2006  10.8  11.4  14.2  16.5  20.1  21.7  25.1  24.8  23.2  20.5  17.3  12.2 
2007  11.4  13.6  14.1  16.0  19.2  20.9  24.2  23.2  22.1  19.8  15.9  12.9 
2008  13.8  14.5  15.3  18.5  17.2  24.8 -99.0 -99.0 -99.0 -99.0 -99.0 -99.0 
