Number= 085620
Name= BEJA
Country= PORTUGAL
Lat=   38.0
Long=    7.9
Height= 246
Start year= 1961
End year= 2007
First Good year= 1961
Source ID= 30
Source file= Jones+Anders
Jones data to= 1991
Normals source= Data
Normals source start year= 1961
Normals source end year= 1990
Normals=  10.0  10.8  12.2  13.9  17.1  21.0  24.0  24.1  22.4  18.0  13.3  10.5 
Standard deviations source= Data
Standard deviations source start year= 1961
Standard deviations source end year= 1990
Standard deviations=   0.9   1.0   1.3   1.2   1.7   1.5   1.4   1.0   1.6   1.5   1.4   1.2 
Obs:
1961   9.1  12.9  15.0  14.6  20.0  21.9  24.8  26.8  22.3  16.6  12.9  12.5 
1962  10.4  10.7  12.3  14.9  18.1  22.5  23.4  25.2  23.2  19.4  11.2   9.8 
1963  10.6   9.2  12.1  14.5  18.1  20.4  24.6  22.9  21.1  20.4  14.5  10.8 
1964  10.4  11.5  11.7  13.8  20.0  22.1  24.0  24.8  24.7  17.5  13.3   8.7 
1965   9.6   9.5  12.6  15.3  20.4  21.9  21.6  24.4  19.6  17.2  12.4  10.6 
1966  12.3  11.9  12.2  14.4  18.6  20.6  23.6  23.5  23.8  15.8  10.6   9.8 
1967   9.5  11.2  13.9  14.0  15.8  21.4  23.7  23.6  21.6  18.1  12.4   8.8 
1968   9.8  11.0  11.3  13.2  17.4  22.0  24.1  23.9  21.2  20.6  14.1  10.1 
1969  11.1   9.7  11.8  13.4  16.0  20.3  26.2  24.8  19.3  17.8  12.3   8.9 
1970  11.4  10.5  10.6  14.7  18.1  19.5  24.3  23.1  23.4  18.4  16.0   8.2 
1971   9.6  11.3  10.6  13.0  14.4  18.8  23.8  22.0  22.3  20.5  11.8  11.1 
1972   9.1  10.3  11.1  14.6  15.8  18.5  23.2  23.4  19.7  16.5  13.5  10.5 
1973   9.6   9.7  11.5  15.4  17.6  21.8  22.8  25.5  21.7  18.0  14.8   9.4 
1974  12.0  10.3  11.1  12.2  17.8  21.2  26.9  24.1  20.5  15.6  14.0  12.0 
1975  11.0  11.8  10.4  13.5  15.8  20.0  23.6  24.8  22.0  18.4  14.0   9.1 
1976   9.7  11.5  12.4  12.5  16.6  24.1  24.4  24.7  20.3  15.8  11.3  11.6 
1977   9.6  11.1  12.4  14.5  16.0  18.4  21.4  21.9  23.6  17.4  12.4  12.4 
1978   9.3  11.1  12.0  12.5  15.4  17.7  24.2  23.9  25.3  18.4  13.6  12.4 
1979  10.6  10.9  10.4  12.9  16.6  21.9  24.0  24.0  21.7  15.7  13.3  11.0 
1980  10.1  11.2  11.9  15.3  16.1  20.6  23.2  24.7  23.8  18.0  13.0   9.5 
1981  10.0  10.2  14.2  12.8  16.0  23.8  25.2  23.9  22.2  19.0  17.1  11.9 
1982  10.4  10.8  13.0  14.9  17.8  21.3  21.7  24.6  22.1  16.5  12.5   9.2 
1983  10.1   8.9  14.1  13.3  15.2  22.4  21.7  23.2  24.2  19.5  15.3  10.6 
1984   9.2   9.2  10.6  15.8  13.5  20.1  23.7  24.0  22.0  17.5  13.0  10.8 
1985   8.3  12.2  11.0  14.6  14.9  21.1  23.9  24.1  24.8  20.2  13.5  10.8 
1986   9.1   9.9  11.1  10.7  18.5  21.5  25.3  22.9  22.1  18.6  13.4  10.2 
1987   9.1  10.3  14.0  15.3  18.2  22.1  24.6  24.7  25.3  15.7  12.8  12.0 
1988  10.2   9.8  13.0  14.4  16.2  19.3  23.4  24.2  24.1  18.5  14.4   9.9 
1989   9.8  11.3  13.5  12.2  18.2  22.1  26.5  24.5  22.0  19.3  14.0  12.7 
1990   9.8  12.8  13.9  13.4  18.6  20.7  26.3  26.1  23.0  17.7  12.5   9.8 
1991   9.1   8.8  12.2  13.7  18.6  22.7  25.8  26.7  23.6  16.5  13.1  10.7 
1992   8.0  10.8  14.1  15.5  20.1  18.6  25.3  25.7  22.4  15.6  14.5  11.0 
1993   9.4  10.6  12.6  13.7  15.4  20.8  25.2  22.7  19.7  14.8  12.6  10.2 
1994   9.2  10.2  14.5  13.7  17.4  22.8  23.9  23.9  20.6  18.5  15.0  11.2 
1995   9.9  11.3  13.2  15.8  19.2  20.4  24.5  24.9  19.9  19.8  15.1  11.8 
1996  10.7   8.7  12.2  15.2  16.7  23.7  24.3  21.9  21.0  18.5  14.0  11.3 
1997  10.3  12.8  17.1  17.5  17.6  19.1  23.4  24.1  23.5  20.0  14.3  11.6 
1998  10.6  13.2  15.4  13.4  17.3  21.5  24.8  26.4  22.2  18.2  14.1  10.6 
1999   9.9  10.1  13.3  15.8  18.5  22.2  25.1  23.9  21.1  17.7  11.8  10.8 
2000   8.3  12.6  14.6  12.8  17.5  22.8  24.3  24.9  23.1  17.8  12.9  12.1 
2001 -99.0 -99.0 -99.0 -99.0 -99.0 -99.0 -99.0 -99.0 -99.0 -99.0 -99.0 -99.0 
2002 -99.0 -99.0 -99.0 -99.0 -99.0 -99.0 -99.0 -99.0 -99.0 -99.0 -99.0 -99.0 
2003 -99.0 -99.0 -99.0 -99.0 -99.0 -99.0 -99.0 -99.0 -99.0 -99.0 -99.0 -99.0 
2004 -99.0 -99.0 -99.0 -99.0 -99.0 -99.0 -99.0 -99.0 -99.0 -99.0 -99.0 -99.0 
2005 -99.0 -99.0 -99.0 -99.0 -99.0 -99.0 -99.0 -99.0 -99.0 -99.0 -99.0 -99.0 
2006 -99.0 -99.0 -99.0 -99.0 -99.0 -99.0 -99.0 -99.0 -99.0 -99.0 -99.0 -99.0 
2007 -99.0 -99.0 -99.0 -99.0 -99.0 -99.0 -99.0 -99.0 -99.0 -99.0 -99.0 -99.0 
