Number= 085750
Name= BRAGANCA
Country= PORTUGAL
Lat=   41.8
Long=    6.7
Height= 690
Start year= 1961
End year= 2011
First Good year= 1961
Source ID= 10
Source file= Jones+Anders
Jones data to= 1990
Normals source= Data
Normals source start year= 1961
Normals source end year= 1990
Normals=   4.4   5.8   8.0  10.1  13.5  17.8  21.3  20.8  18.1  13.2   8.2   4.9 
Standard deviations source= Data
Standard deviations source start year= 1961
Standard deviations source end year= 1990
Standard deviations=   1.3   1.4   1.5   1.3   1.9   1.2   1.3   1.4   1.8   1.5   1.3   1.5 
Obs:
1961   3.8   8.6  11.0  10.6  14.5  18.4  20.4  21.6  18.3  11.8   7.6   5.8 
1962   5.0   5.4   6.9  10.3  13.5  19.1  20.2  21.2  18.5  14.4   5.8   3.2 
1963   3.7   2.8   7.3   9.2  13.6  16.2  21.0  19.6  17.4  15.6   8.3   3.4 
1964   3.6   6.2   6.9  10.5  17.1  18.0  22.4  21.4  20.0  12.0   7.9   2.8 
1965   3.4   3.4   8.3  11.0  16.4  19.4  19.1  21.3  15.6  13.4   7.2   6.0 
1966   7.3   7.5   8.1  10.0  15.4  16.4  21.2  20.4  20.1  11.6   5.8   4.6 
1967   3.4   6.5  10.0  10.2  11.0  17.4  22.8  20.6  17.0  14.6   8.4   4.4 
1968   5.3   5.9   7.6   9.6  13.0  19.4  20.8  21.0  16.0  15.6   9.0   5.6 
1969   5.0   3.8   7.2  10.2  11.8  16.0  22.8  20.8  15.3  14.4   6.7   4.1 
1970   5.3   5.8   5.8  10.1  14.0  17.4  21.8  19.7  20.2  12.6  10.3   1.5 
1971   3.0   6.8   6.6   8.7  11.7  15.3  19.5  18.0  18.2  15.0   6.5   5.6 
1972   2.5   5.4   7.1   9.8  12.2  16.6  20.8  19.0  15.8  11.6   9.2   4.8 
1973   4.4   4.6   7.7  10.0  12.5  17.9  19.4  22.9  17.1  12.0   8.4   3.4 
1974   5.8   5.6   7.8   9.6  13.8  17.5  20.9  19.2  15.6  10.0   8.2   3.6 
1975   6.2   6.2   6.0  10.7  12.5  18.1  21.4  20.5  16.2 -99.0 -99.0 -99.0 
1976 -99.0 -99.0 -99.0 -99.0 -99.0 -99.0 -99.0 -99.0 -99.0 -99.0 -99.0 -99.0 
1977 -99.0 -99.0 -99.0 -99.0 -99.0 -99.0 -99.0 -99.0 -99.0 -99.0 -99.0 -99.0 
1978 -99.0 -99.0 -99.0 -99.0 -99.0 -99.0 -99.0 -99.0 -99.0 -99.0 -99.0 -99.0 
1979 -99.0 -99.0 -99.0 -99.0 -99.0 -99.0 -99.0 -99.0 -99.0 -99.0 -99.0 -99.0 
1980 -99.0 -99.0 -99.0 -99.0 -99.0 -99.0 -99.0 -99.0 -99.0 -99.0 -99.0 -99.0 
1981   4.2   5.1   9.4   9.6  12.1  19.3  21.5  22.9  18.5  12.7  10.4   6.5 
1982   6.4   5.9   8.4  11.8  14.5  18.1  20.8  21.1  18.4  11.8   7.8   5.0 
1983   3.5   3.9  10.1   8.6  10.4  18.6  20.3  19.4  19.9  14.2  10.9   6.1 
1984   5.0   5.1   5.8  13.9   9.4  17.1  21.0  19.9  17.2  12.5   8.3   6.0 
1985   2.0   7.0   6.8  11.1  12.4  17.7  22.0  20.3  22.1  14.9   6.7   5.4 
1986   4.3   4.9   7.8   7.0  14.9  18.0  23.1  19.6  18.8  14.6   8.0   4.7 
1987   3.9   5.8   9.6  11.2  14.4  18.6  21.5  22.9  20.5  11.2   8.6   6.4 
1988   6.5   6.4   8.7  10.2  12.8  16.1  19.1  20.7  18.7  13.6   9.3   4.4 
1989   3.4   6.3  10.1   8.3  16.5  19.0  24.1  22.7  17.9  15.2   9.5   9.0 
1990   3.7   9.0  10.1   9.6  15.9  19.2  23.7  23.3  20.1  12.6   7.3   4.3 
1991   4.1   4.6   9.0  10.0  14.5  19.1  22.3  23.8  20.0  11.2   7.8   6.0 
1992   2.5   6.0   9.7  11.0  16.1  15.3  23.1  21.8  17.4  11.3   9.2   6.0 
1993   9.2   6.0   8.2   9.5  12.3  19.6  20.7  21.2  15.5   9.8   6.9   6.2 
1994   4.9   5.7  11.2   9.5  12.9  18.3  22.4  21.5  16.5  13.9   9.8   6.7 
1995   5.7   7.1   9.3  12.7  15.2  19.3  22.1  21.8  15.4  15.4   9.8   6.7 
1996   6.5   0.5   7.8  11.8  13.3  20.6  23.0  20.3  16.5  12.9   8.4   5.7 
1997   4.0   8.2  12.9  14.0  13.6  15.4  21.4  22.0  19.8  15.7   9.5   6.0 
1998   6.5   7.7  13.8   8.4  14.1  18.3  21.9  24.1  17.5  13.2   8.9   2.9 
1999   4.6   5.6   8.5  10.4  14.6  18.5  23.1  21.2  16.8  13.2  11.1   5.7 
2000   2.2   8.6   9.2   7.9  14.6  19.8  19.3  20.6  18.2  12.4   7.3   6.9 
2001   6.1   7.4  10.0  11.2  14.7  20.2  20.2  20.6  17.7  13.4   6.3   1.9 
2002   5.6   6.6   9.4  11.5  12.6  19.3  21.4  20.6  16.8  13.1   8.5   7.0 
2003   4.5   4.7  10.0  10.8  15.8  21.2  21.4  23.8  18.8  11.1   8.8   5.5 
2004   6.3   5.9   7.5  10.3  13.6  22.0  22.0  19.7  18.2  12.4   5.4   4.4 
2005   2.3   3.1   8.2  10.5  15.7 -99.0  22.3  22.9  18.2  13.1   7.5 -99.0 
2006   3.0   4.4   9.2  12.2  16.2  20.2  23.4  21.9  18.8  13.6  10.4   7.7 
2007 -99.0   7.8   8.5  11.7  14.1  16.7  19.6  19.7  18.5  12.5   8.0 -99.0 
2008   6.8   8.3   8.2  10.5  12.7  18.8  20.1  20.5  16.6  12.1   6.3   5.1 
2009   5.0   6.2  11.1   9.8  15.7  19.6  20.4  22.7  22.7  16.4   9.3   4.5 
2010   4.5   4.5   7.0  11.8  13.5  18.5  23.5  23.5  18.1  15.0   9.4   4.3 
2011   4.4   4.1   6.6  11.0  13.0 -99.0 -99.0 -99.0 -99.0 -99.0 -99.0 -99.0 
