Number= 307100
Name= IRKUTSK
Country= RUSSIA
Lat=   52.3
Long= -104.3
Height= 467
Start year= 1820
End year= 2011
First Good year= 1820
Source ID= 10
Source file= Jones+Anders
Jones data to= 2001
Normals source= Data
Normals source start year= 1961
Normals source end year= 1990
Normals= -19.1 -16.7  -7.5   1.4   9.3  15.1  17.5  15.0   8.7   0.9  -8.6 -15.9 
Standard deviations source= Data
Standard deviations source start year= 1941
Standard deviations source end year= 1990
Standard deviations=   3.0   3.0   2.5   1.7   1.2   1.1   1.1   1.1   1.1   1.5   3.1   3.6 
Obs:
1820 -99.0 -99.0 -99.0 -99.0 -99.0 -99.0 -99.0  13.9   9.2  -0.1 -10.7 -19.3 
1821 -16.4 -11.0  -5.4   2.8   9.5  13.0  17.2  16.3   7.7   0.3  -8.9 -17.5 
1822 -22.0 -14.7  -2.9   3.8   9.8  15.1  18.4  15.4   8.8   1.1 -10.3 -19.2 
1823 -21.7 -16.6  -8.3   1.3   8.8  15.9  18.6  14.8   8.0  -0.4  -8.1 -19.0 
1824 -19.4 -14.1  -6.8   4.0  11.1  15.6  18.2  15.5   8.7   1.3  -7.8 -13.0 
1825 -16.8 -16.5  -8.5   2.5  11.4  17.4  16.1  14.1   8.6   1.0  -6.6 -18.4 
1826 -21.0 -18.1  -8.9   2.5  10.7  17.4  18.6  15.0   8.9   2.0  -8.2 -15.7 
1827 -18.6 -13.9  -4.6   2.5  10.9  17.9  19.5  15.3   9.3   1.8  -7.8 -17.5 
1828 -23.3 -17.8  -6.9   1.8   8.1  15.0  19.3  15.8   8.9   2.0  -8.2 -15.7 
1829 -20.0 -17.2  -7.7   0.7   8.3  14.5  18.4  14.8   8.1   1.8  -7.2 -15.6 
1830 -15.8 -12.8  -8.6   1.7   8.6  14.9  20.0  14.0   8.5  -1.4  -7.7 -16.0 
1831 -21.0 -23.7 -11.6   0.9   8.9  16.8  18.0  14.7   7.8  -0.7 -13.6 -18.3 
1832 -23.3 -17.5  -8.4   3.2   8.8  15.5  17.4  15.0   7.4 -99.0  -8.6 -21.8 
1833 -23.1 -18.1 -11.8  -0.1  11.1  13.1  19.2  14.8   9.9   0.3 -10.0 -19.7 
1834 -25.8 -17.5  -4.2   1.5  10.7  15.9  19.3  15.0  11.6   0.7  -6.4 -16.6 
1835 -19.2 -11.6  -9.2   4.4   9.8  14.2  16.9  14.6   8.3  -1.4  -9.3 -15.8 
1836 -18.2 -16.8  -6.4   1.8  10.0  15.0  18.3  17.4   8.6   2.9 -14.5 -15.3 
1837 -21.5 -16.3 -10.3  -0.4  10.0  13.9  20.4  17.7   8.9   2.6 -13.1 -14.2 
1838 -23.6 -16.8  -8.2   3.8   8.9  15.9  20.7  18.0   9.7   2.4 -11.3 -15.6 
1839 -20.4 -15.6  -9.2   1.1   6.8  15.8  19.7  16.8  12.2   0.0 -12.5 -19.9 
1840 -22.0 -17.8 -10.8   4.8  10.3  15.8  18.6  17.1  10.6  -2.9 -14.8 -17.5 
1841 -26.4 -14.5 -13.9 -99.0 -99.0  16.3  19.0  15.6   9.4   1.4 -14.6 -24.4 
1842 -20.7 -17.3  -3.1   6.0   9.6  15.9  17.3  15.4  11.4   3.8  -9.8 -16.3 
1843 -20.0 -13.8  -6.4   5.4   9.6  13.5  18.5  17.2  11.3   2.9 -11.8 -12.0 
1844 -14.6 -16.1  -5.9   1.8   8.2  15.8  18.4  17.5 -99.0 -99.0 -99.0 -99.0 
1845 -99.0 -99.0 -99.0 -99.0 -99.0 -99.0 -99.0 -99.0 -99.0 -99.0 -99.0 -99.0 
1846 -99.0 -99.0 -99.0 -99.0 -99.0 -99.0 -99.0 -99.0 -99.0 -99.0 -99.0 -99.0 
1847 -99.0 -99.0 -99.0 -99.0 -99.0 -99.0 -99.0 -99.0 -99.0 -99.0 -99.0 -99.0 
1848 -99.0 -99.0 -99.0 -99.0 -99.0 -99.0 -99.0 -99.0 -99.0 -99.0 -99.0 -99.0 
1849 -99.0 -99.0 -99.0 -99.0 -99.0 -99.0 -99.0 -99.0 -99.0 -99.0 -99.0 -99.0 
1850 -99.0 -99.0 -99.0 -99.0 -99.0 -99.0 -99.0 -99.0 -99.0 -99.0 -99.0 -99.0 
1851 -99.0 -99.0 -99.0 -99.0 -99.0 -99.0 -99.0 -99.0 -99.0 -99.0 -99.0 -99.0 
1852 -99.0 -99.0 -99.0 -99.0 -99.0 -99.0 -99.0 -99.0 -99.0 -99.0 -99.0 -99.0 
1853 -99.0 -99.0 -99.0 -99.0 -99.0 -99.0 -99.0 -99.0 -99.0 -99.0 -99.0 -99.0 
1854 -99.0 -99.0 -99.0 -99.0 -99.0 -99.0 -99.0 -99.0 -99.0 -99.0 -99.0 -99.0 
1855 -99.0 -99.0 -99.0 -99.0 -99.0 -99.0 -99.0 -99.0 -99.0 -99.0 -99.0 -99.0 
1856 -99.0 -99.0 -99.0 -99.0 -99.0 -99.0 -99.0 -99.0 -99.0 -99.0 -99.0 -99.0 
1857 -99.0 -99.0 -99.0   0.4   7.9  15.3  19.3  16.7  10.6   2.7  -9.9 -14.4 
1858 -15.4 -14.0  -7.1   3.6   8.0  15.3  18.4  18.4   9.8   2.1  -5.2 -17.3 
1859 -15.5 -15.9  -5.6   4.0  10.5  13.4  18.2  17.8   9.0   0.8  -6.5 -13.4 
1860 -22.3 -17.6 -14.8   1.1 -99.0 -99.0 -99.0 -99.0 -99.0 -99.0 -99.0 -99.0 
1861 -99.0 -99.0 -99.0 -99.0 -99.0 -99.0 -99.0 -99.0 -99.0 -99.0 -99.0 -99.0 
1862 -26.3 -16.4  -9.7  -1.2   9.1  14.1  17.3  18.0   8.4   2.4 -13.2 -19.8 
1863 -15.8 -99.0 -99.0 -99.0 -99.0 -99.0 -99.0 -99.0 -99.0 -99.0 -99.0 -99.0 
1864 -21.3 -16.9  -8.0   0.5   8.3  13.0  17.8  13.3   6.8   1.9  -8.2 -21.3 
1865 -17.6 -20.6 -10.6   2.1  10.8  16.5  20.1  16.4  12.0   2.5 -10.2 -13.6 
1866 -13.3 -13.3  -7.0   4.8   7.7  15.0  19.4  15.6   9.1   2.2  -7.3  -9.9 
1867 -15.1 -14.2  -5.2   4.9   9.9 -99.0 -99.0 -99.0 -99.0 -99.0 -99.0 -99.0 
1868 -99.0 -99.0 -99.0 -99.0 -99.0 -99.0 -99.0 -99.0 -99.0 -99.0 -99.0 -99.0 
1869 -99.0 -99.0 -99.0 -99.0 -99.0 -99.0 -99.0 -99.0 -99.0 -99.0 -99.0 -99.0 
1870 -99.0 -99.0 -99.0 -99.0 -99.0 -99.0 -99.0 -99.0 -99.0 -99.0 -99.0 -99.0 
1871 -99.0 -99.0 -99.0 -99.0 -99.0 -99.0 -99.0 -99.0 -99.0 -99.0 -99.0 -99.0 
1872 -99.0 -99.0 -99.0 -99.0 -99.0 -99.0 -99.0 -99.0 -99.0 -99.0 -99.0 -99.0 
1873 -26.2 -15.2 -10.4   0.7   6.8  14.6  18.0  15.1   9.7   2.7  -9.3 -14.4 
1874 -16.8 -14.2  -9.4   4.5   9.4  15.0  17.2  14.8  10.8  -2.1  -7.8 -18.6 
1875 -20.3 -20.1  -7.5   0.9   9.1  17.4  18.7  15.4   8.3  -1.2 -16.4 -16.8 
1876 -99.0 -99.0 -99.0 -99.0 -99.0 -99.0 -99.0 -99.0 -99.0 -99.0 -99.0 -99.0 
1877 -99.0 -99.0 -99.0 -99.0 -99.0 -99.0 -99.0 -99.0 -99.0 -99.0 -99.0 -99.0 
1878 -99.0 -99.0 -99.0 -99.0 -99.0 -99.0 -99.0 -99.0 -99.0 -99.0 -99.0 -99.0 
1879 -99.0 -99.0 -99.0 -99.0 -99.0 -99.0 -99.0 -99.0 -99.0 -99.0 -99.0 -99.0 
1880 -99.0 -99.0 -99.0 -99.0 -99.0 -99.0 -99.0 -99.0 -99.0 -99.0 -99.0 -99.0 
1881 -99.0 -99.0 -99.0 -99.0 -99.0 -99.0 -99.0 -99.0 -99.0 -99.0 -99.0 -99.0 
1882 -15.8 -14.8  -3.8   2.8   8.4  13.3  17.3  16.0   8.2  -1.8 -13.6 -28.4 
1883 -20.6 -18.5  -7.4  -1.6   6.7  13.4  17.1  13.7   5.9   2.8 -13.7 -12.4 
1884 -17.8 -18.3 -12.8  -1.4   9.8  13.3  17.3  13.0   7.7  -0.3 -10.9 -18.3 
1885 -21.0 -21.4 -10.2  -1.0   7.2  15.5  16.3  13.7   8.4   0.0 -10.8 -13.6 
1886 -19.0 -20.8 -10.7   1.0   8.4  12.8  16.7  15.9  10.8  -1.6 -11.2 -12.1 
1887 -25.4 -15.6  -8.0   1.4   8.6  13.8  19.7  13.3   7.7   1.7  -7.4 -16.2 
1888 -21.9 -21.0  -9.0  -1.8   7.4  15.6  17.5  16.2   7.9  -1.0 -10.2 -16.9 
1889 -26.3 -17.5 -10.5  -0.2   8.2  16.3  18.5  14.8   7.4  -4.8 -11.9 -18.1 
1890 -21.1 -17.9 -12.1  -0.6   8.7  13.4  15.4  14.2   6.2   1.7 -10.3 -18.2 
1891 -19.6 -16.6  -9.7  -0.6   8.4  13.4  17.3  15.0   8.2  -0.7 -11.7 -16.5 
1892 -22.7 -21.6 -14.4   0.1   8.5  15.1  16.1  14.2   7.4   1.1 -15.8 -17.3 
1893 -29.9 -19.7  -5.7   4.2   7.2  15.0  17.5  14.6   7.1   1.0  -8.0 -17.9 
1894 -20.4 -15.0  -7.9  -1.0   8.5  13.7  17.4  14.5   8.7   1.9 -10.8 -18.6 
1895 -27.0 -22.8 -10.0   1.8   7.7  14.2  17.4  14.2   9.2   0.6  -7.8 -16.9 
1896 -19.9 -18.6 -12.0   0.9   7.5  17.6  18.0  15.0   7.4  -0.2  -7.2 -17.7 
1897 -20.8 -21.7 -14.1   0.6   6.6  15.9  18.0  15.8   8.1   1.6 -10.4 -21.6 
1898 -17.1 -21.5 -17.8   1.5   6.0  15.2  15.5  15.6   7.2   1.6  -7.1 -12.9 
1899 -17.2 -18.8  -8.0   3.5   8.6  14.6  17.2  14.4   7.7   0.7  -6.8 -21.5 
1900 -26.3 -15.2  -8.6  -2.0   8.9  15.2  19.1  16.3  10.0  -0.4 -13.3 -19.1 
1901 -18.2 -18.5  -6.7   0.8   8.6  15.1  17.0  15.8   9.6  -2.9  -8.2 -25.5 
1902 -19.2 -13.3  -7.1  -1.2   5.4  14.1  15.6  13.6   9.2   0.3 -10.7 -17.2 
1903 -18.7 -14.1  -9.5   0.3   7.4  13.4  18.1  13.7   8.0  -2.1 -11.5 -20.6 
1904 -24.5 -19.9 -11.6  -1.9   8.7  16.5  15.9  15.3   7.0  -0.2  -7.8 -16.0 
1905 -16.6 -21.4 -12.5  -1.7   8.2  13.6  18.7  15.8   7.9   0.0 -10.9 -18.0 
1906 -22.4 -20.9  -6.0   4.1   6.6  14.9  15.4  16.5   7.8  -0.7 -16.1 -14.8 
1907 -18.8 -20.9  -9.1   1.7   9.3  14.0  14.7  15.1   9.0   0.7 -12.7 -18.1 
1908 -20.5 -20.1 -12.6  -0.1  10.3  15.4  18.7  15.7   7.8  -0.5 -11.5 -16.8 
1909 -22.3 -18.6 -14.4  -0.9   8.1  13.8  17.9  16.7   6.7  -3.4  -9.6 -19.4 
1910 -24.6 -16.4 -13.1  -0.5   9.0  13.6  18.6  15.8   6.9   0.3 -14.7 -22.5 
1911 -18.5 -16.0 -10.0   2.8   6.7  14.4  17.5  15.2   8.0   2.2  -7.6 -21.7 
1912 -19.4 -13.8 -13.6   1.4   8.4  13.7  17.1  12.1   5.8  -5.1 -13.9 -22.3 
1913 -20.7 -18.4  -8.6  -0.9   8.2  15.1  16.1  13.6   7.2   2.1  -8.5 -17.6 
1914 -13.3 -13.8 -12.2   2.8   8.9  14.3  16.9  15.8   8.9   1.3 -11.5 -19.4 
1915 -26.4 -21.4 -10.7  -1.0   9.4  15.1  18.1  14.8   7.0  -3.0 -10.5 -14.1 
1916 -19.8 -17.3 -12.7  -1.6   8.3  13.3  18.6  15.3   8.9   0.6 -10.6 -27.6 
1917 -23.2 -17.8  -7.8   1.8  10.2  16.6  16.8  14.0   7.8  -1.9  -9.2 -23.0 
1918 -18.2 -15.5  -7.6   0.5   9.3  14.6  17.7  14.4   8.6  -0.1 -12.0 -22.0 
1919 -27.8 -14.1 -10.6  -0.2   8.8  15.2  18.7  14.9   8.1   1.7 -10.6 -16.4 
1920 -17.8 -21.4  -6.7   3.4   9.1  13.8  17.9  15.1   6.3   2.8  -9.9 -22.1 
1921 -16.9 -15.5  -8.7  -0.5   7.8  14.1  20.9  18.0   9.6   1.2 -11.6 -16.1 
1922 -27.4 -19.6  -8.8   2.0   8.0  15.9  22.0  15.9   6.6   1.2 -14.6 -18.2 
1923 -21.7 -21.4  -8.8   1.9   8.3  14.8  18.7  16.0   8.9  -0.9 -14.3 -16.2 
1924 -18.9 -20.5 -11.4   0.0  10.5  13.8  19.5  15.3   8.1  -1.7  -7.8 -17.3 
1925 -14.4 -20.3 -12.8   1.1   7.9  14.6  17.7  16.0   9.0   3.3  -7.5 -16.4 
1926 -18.8 -16.8  -5.4   4.0   8.5  15.8  18.7  16.2   9.3   0.3  -9.5 -21.9 
1927 -20.2 -16.1 -11.9  -0.4   8.8  14.1  17.1  13.4  10.0   0.3  -7.2 -18.2 
1928 -19.0 -19.0  -9.9   3.2   8.4  16.4  17.9  16.8   8.2   1.6 -11.5 -22.7 
1929 -24.2 -23.7  -6.5   3.1   9.0  15.2  16.7  14.4   8.2   0.3  -9.4 -25.1 
1930 -22.7 -17.3  -9.3  -0.9   8.5  14.6  18.0  16.2   7.0   1.8 -10.8 -19.3 
1931 -22.8 -21.9 -10.1   0.0   5.7  16.2  16.5  15.3   7.5   1.9 -12.1 -18.6 
1932 -14.4 -17.7 -10.7   2.4   6.9  13.3  19.2  13.8  10.7   3.0  -6.8 -14.7 
1933 -26.3 -20.4 -11.8   1.0   7.2  14.2  16.6  15.2   7.2  -1.0  -8.6 -14.4 
1934 -20.8 -16.0 -12.1   0.7   9.0  14.2  17.5  13.8   6.9   0.6 -10.7 -18.1 
1935 -22.2 -13.8  -6.4  -0.8   7.7  15.0  18.1  16.1   9.7   0.7 -15.2 -25.7 
1936 -23.4 -19.4 -12.2  -2.3   7.1  13.0  17.4  13.8   7.2   2.7 -10.8 -17.4 
1937 -22.5 -17.1 -15.2  -0.4  10.5  15.2  16.6  14.2   7.1   1.0 -10.3 -24.0 
1938 -23.3 -15.4  -6.3   4.7   8.4  14.1  18.3  14.3   6.9   1.4  -7.9 -21.9 
1939 -20.1 -15.6  -7.4   3.8   8.0  16.2  19.0  16.4   9.2  -1.4 -12.6 -14.0 
1940 -26.3 -17.3  -6.6   2.8   9.2  15.1  16.8  14.7   7.2   0.4  -9.9 -16.8 
1941 -18.4 -19.3  -8.9   0.1   8.6  15.7  17.4  15.0   8.8   0.9 -10.2 -18.3 
1942 -21.3 -22.1  -6.7   1.1   6.9  15.4  17.0  15.2   8.8   0.1  -9.2 -15.9 
1943 -21.9 -16.7  -7.5   2.7  11.3  15.6  18.4  16.3   8.8   0.7 -10.7 -15.0 
1944 -20.0 -14.9  -7.0   4.0   8.3  16.6  17.1  14.6   8.9   0.9 -15.2 -21.3 
1945 -22.3 -22.7 -10.8   3.9  11.2  15.4  17.3  14.1  10.1   3.2  -8.2 -18.5 
1946 -18.5 -13.6 -12.3   3.1   8.8  15.3  18.8  15.4   6.1   2.4  -8.0 -24.5 
1947 -25.6 -19.5 -11.5   3.2  10.8  15.5  17.4  14.3   8.0   1.3 -15.4 -25.5 
1948 -17.4 -17.9  -5.6   3.8   7.7  14.8  19.0  14.6   8.2   0.3 -12.6 -16.0 
1949 -17.0 -13.0  -9.0   3.5   8.9  13.3  17.6  14.8   8.0   2.9 -10.0 -25.9 
1950 -19.8 -16.2  -7.7  -0.3  10.3  16.8  18.8  15.6   9.1   1.4 -13.8 -14.0 
1951 -24.2 -20.5  -9.4  -0.1  10.2  15.7  17.3  13.0   8.0   1.0  -8.4 -14.2 
1952 -16.3 -20.0 -10.4   0.2   9.2  15.8  18.8  15.0   8.1   0.6 -15.7 -21.0 
1953 -20.9 -19.6  -6.5   2.4   9.7  16.1  18.9  15.2   9.6   1.6 -12.3 -14.6 
1954 -19.0 -18.5  -9.4   0.1   6.8  16.4  17.2  17.4   9.2   1.0 -11.4 -24.4 
1955 -19.8 -18.6 -12.4   0.7   8.8  14.7  18.6  17.0   7.2   1.4  -5.8 -15.8 
1956 -20.8 -21.2 -11.5   0.3   9.3  15.0  19.0  15.8   8.1   1.5 -14.1 -21.7 
1957 -21.7 -23.2 -10.9   1.6   7.3  16.0  16.1  13.8   6.8   1.7  -7.8 -12.6 
1958 -19.0 -17.4 -10.8   0.0   9.1  15.5  18.6  15.9   7.6   1.7  -8.2 -13.0 
1959 -18.5 -15.3  -5.0   2.2   9.1  15.6  17.5  15.8   9.9   1.2 -13.8 -20.0 
1960 -21.8 -12.6 -11.1  -2.2   8.0  15.4  17.5  14.7   9.2   0.5 -10.7 -19.4 
1961 -27.9 -14.6  -5.5   3.9   9.3  13.1  17.1  14.8   8.7  -3.0  -9.2 -17.2 
1962 -16.6 -12.8  -7.8   1.9   9.8  14.6  18.4  15.4   8.3   0.5 -15.9 -13.4 
1963 -19.7 -11.8  -4.7  -0.9   8.9  13.7  17.8  16.6   7.5   0.1  -7.0 -13.8 
1964 -14.6 -21.9  -9.7  -0.5   9.8  15.8  18.6  17.3   8.2  -1.5  -5.9 -15.3 
1965 -17.3 -17.6  -6.5   0.4  10.5  16.9  17.8  14.0   7.5   2.2 -10.8 -18.9 
1966 -20.5 -16.4  -9.9  -1.7   8.6  15.5  15.5  15.7  11.5   1.8 -10.5 -22.0 
1967 -19.6 -16.4  -5.2   3.0  10.7  15.1  18.2  13.3   7.3   2.6 -13.0 -16.3 
1968 -19.9 -18.5  -3.9   3.0  10.3  14.1  18.5  14.7   6.4   0.5  -9.8 -18.8 
1969 -27.8 -24.3  -9.6   1.3   8.2  16.5  19.3  14.4   7.9   1.3  -8.0 -19.0 
1970 -18.2 -18.2 -12.6   1.9   8.8  15.9  18.9  15.1   7.4  -0.2  -9.8 -17.8 
1971 -16.8 -20.5 -10.3   2.5   9.9  15.3  16.4  15.3   7.8   2.6  -4.8 -18.2 
1972 -19.0 -17.2  -6.5   3.1   7.7  16.3  16.1  14.2   7.7  -0.5  -9.6 -14.9 
1973 -17.1 -17.1  -7.3   0.5   7.8  16.4  16.2  13.5  10.6   0.1  -5.9 -13.2 
1974 -20.7 -17.9 -10.8   2.8   7.7  14.2  17.5  17.5   8.5  -2.3 -11.0 -19.0 
1975 -16.9 -16.9  -5.2   1.7  10.3  14.6  17.3  12.4   9.3   1.9  -6.3 -17.5 
1976 -17.0 -15.1 -10.2   1.0   7.6  15.2  18.7  14.1   9.9  -0.8 -12.1 -18.5 
1977 -25.2 -19.3  -6.9   0.7   7.9  15.4  17.3  15.1   9.6   2.3  -5.4 -15.0 
1978 -16.0 -16.4  -7.5   2.5   8.8  16.2  17.5  14.3  10.1   1.1  -5.1 -15.6 
1979 -21.5 -14.6  -7.0  -0.6  10.0  18.6  18.5  14.1   8.4   3.7 -10.3 -15.3 
1980 -21.2 -15.8 -10.4  -2.1   7.9  16.5  18.2  16.5   8.6  -0.4  -5.9 -16.0 
1981 -19.0 -15.3  -5.6   5.2  10.7  14.8  17.1  13.9   9.1  -2.6 -11.0 -14.7 
1982 -20.3 -14.2  -9.2   3.4   8.8  15.3  16.5  14.9   8.3   0.7  -5.4 -12.8 
1983 -14.2 -14.7  -5.0  -1.1   8.6  13.2  15.7  15.3   7.7   2.8  -3.7 -11.4 
1984 -18.7 -17.3  -9.0  -1.5  10.1  15.5  15.9  14.6   9.3   1.7  -9.9 -20.3 
1985 -19.2 -19.8  -8.8   1.5   9.3  14.4  17.6  14.6   7.7   2.0  -9.0 -18.9 
1986 -18.9 -15.6  -5.6   2.0  10.0  15.5  19.4  16.4  10.5   0.9  -8.9 -15.2 
1987 -17.5 -16.1 -10.3   1.7   9.3  12.2  17.5  16.7   9.2  -0.7 -11.9 -13.0 
1988 -18.7 -17.6  -8.4   2.6   9.1  14.0  15.4  15.5  10.1   2.7  -4.4 -12.6 
1989 -13.2 -12.8  -4.6   2.8  10.4  13.2  16.4  14.3   8.0   3.1  -8.8 -12.3 
1990 -19.9 -12.9  -1.4   1.8  11.8  15.3  18.9  15.6   8.5   4.9  -7.4 -11.4 
1991 -18.7 -14.8  -9.2   2.3   9.4  15.7  18.5  17.0   9.5   2.4  -7.2 -18.3 
1992 -14.0 -11.9  -6.0   1.1  12.7  12.9  18.6  16.9   7.5   2.6  -6.7 -15.2 
1993 -17.1 -11.2  -3.1   2.5   9.3  16.2  19.7  16.3   8.8   2.6 -10.5 -14.5 
1994 -16.5 -13.9  -6.2   3.2  10.1  16.8  18.8  16.0   8.8   2.3  -5.6 -17.0 
1995 -14.4 -11.0  -5.3   2.8   8.5  14.6  18.8  17.3   8.5   3.5  -3.4 -13.3 
1996 -18.2 -16.2  -8.0   2.2   9.9  13.5  19.5  15.9   7.4   0.1 -12.8 -13.2 
1997 -15.4 -11.9  -2.6   6.9  11.3 -99.0  17.8  16.5   9.0   2.1 -10.3 -15.7 
1998 -21.0 -10.4  -5.6   4.1  10.0  13.5  18.2  17.7   9.2   2.0 -11.2 -11.8 
1999 -18.9 -11.9 -13.3   2.5  13.3  14.9  19.4  15.6   9.0   1.0  -8.0 -15.1 
2000 -23.6 -15.0  -4.2   3.8  11.9  19.1  17.6  16.2  10.4  -1.5 -13.6 -17.7 
2001 -25.6 -17.2  -7.3   2.8  10.6  18.7  18.2  16.8   9.9   1.4  -3.9 -17.3 
2002 -10.8  -9.7  -3.2   1.6  12.4  17.0  20.5  17.7  10.2  -0.8 -10.5 -19.1 
2003 -15.2 -11.4  -5.5   3.6  10.3  16.9  18.4  15.0   8.9   1.8 -10.5 -15.1 
2004 -16.1 -10.9  -8.4   2.5   9.5  17.3  17.8  14.8   9.8   3.5  -5.9 -15.6 
2005 -17.7 -20.7  -5.5   2.5   9.9  16.1  20.2  16.9   9.9   4.9  -5.8 -18.2 
2006 -99.0 -16.8  -5.8 -99.0   8.7  16.1  18.6  14.8  10.1   2.2  -5.8 -12.3 
2007 -12.9 -10.4  -6.6   6.1  11.7  15.5  19.8  17.2 -99.0   2.1  -6.0 -12.7 
2008 -99.0 -13.9  -2.3   2.6   9.3  17.1  19.2  15.1   9.9   2.4  -5.2 -16.4 
2009 -16.2 -17.1  -6.8   5.5  10.3  15.0  19.0  15.9   8.0   1.8 -10.3 -19.1 
2010 -21.8 -20.8  -9.6  -0.4   9.6  15.7  19.4  14.6   9.8   3.3  -5.3 -19.3 
2011 -22.0 -13.4 -99.0   5.5   9.7 -99.0 -99.0 -99.0 -99.0 -99.0 -99.0 -99.0 
