Number= 308230
Name= ULAN-UDE
Country= RUSSIA (ASIA)
Lat=   51.8
Long= -107.6
Height= 515
Start year= 1886
End year= 1989
First Good year= 1886
Source ID= 37
Source file= Jones
Jones data to= 1989
Normals source= Data
Normals source start year= 1961
Normals source end year= 1989
Normals= -23.9 -20.3  -8.8   1.4   9.6  16.3  18.9  16.5   9.1  -0.3 -11.3 -19.8 
Standard deviations source= Data
Standard deviations source start year= 1941
Standard deviations source end year= 1989
Standard deviations=   2.5   2.3   2.6   1.5   1.2   1.2   1.2   1.4   1.1   1.4   2.3   2.6 
Obs:
1886 -99.0 -99.0 -99.0   3.9  10.1  15.1  19.1  17.4  11.6  -1.7 -12.1 -13.8 
1887 -99.0 -21.5  -9.1   1.4  10.0  15.6  23.1  15.1   8.7  -0.1 -99.0 -19.6 
1888 -27.8 -26.1 -11.9  -2.0 -99.0  18.1  20.2  19.0   8.5  -1.8 -12.7 -20.6 
1889 -28.2 -19.5 -10.3   1.0   9.5  18.6  20.4  16.9   8.3  -4.3 -12.0 -20.2 
1890 -99.0 -99.0 -99.0 -99.0 -99.0 -99.0 -99.0 -99.0 -99.0 -99.0 -99.0 -99.0 
1891 -22.5 -21.5 -10.1  -0.3   9.6  15.2  19.5  17.4   8.3  -1.8 -13.8 -99.0 
1892 -24.1 -99.0 -14.4   0.3   9.3  19.0  18.0  16.6 -99.0 -99.0 -16.1 -19.0 
1893 -31.8 -21.8  -6.7   4.5   9.3 -99.0  20.5   9.9   8.0   0.7 -11.7 -20.2 
1894 -99.0 -99.0 -99.0 -99.0 -99.0 -99.0 -99.0 -99.0 -99.0 -99.0 -99.0 -99.0 
1895 -28.0 -27.0 -11.5   2.4   9.3  17.2  19.8  15.8  10.4   0.3 -10.2 -18.7 
1896 -99.0 -99.0 -99.0   1.6   7.9  20.6  21.3  17.5   9.0  -0.8 -10.3 -19.5 
1897 -24.8 -23.8 -13.3   1.7   8.1  17.8  20.4  17.6   8.9   0.6 -14.2 -22.7 
1898 -23.5 -22.2 -17.9   2.4   8.5  17.7  18.8  18.0   8.5   0.8 -10.5 -99.0 
1899 -22.9 -99.0 -10.4   3.2   9.7  16.7  19.9  16.5   9.0   1.3  -8.9 -99.0 
1900 -31.2 -99.0 -10.8  -0.9  10.2  17.3  21.6  18.2  10.6   0.2 -13.5 -22.7 
1901 -25.7 -21.0  -8.5   0.7   9.4  17.4  19.1  16.8   9.8  -2.8 -13.4 -28.0 
1902 -25.2 -17.6  -9.4  -1.5   5.7  14.9  17.9  14.8   9.4  -0.5 -15.9 -21.3 
1903 -25.5 -21.8 -11.8   0.9   8.5  15.3  21.0  16.2   8.0  -3.0 -14.1 -23.3 
1904 -31.0 -23.8 -12.4  -0.6   8.9  17.0 -99.0  16.8   6.8  -0.3 -10.2 -21.5 
1905 -23.0 -22.4 -12.4  -1.6   8.4  15.7  20.2  16.9   7.7  -1.0 -13.2 -22.7 
1906 -26.6 -23.3  -8.8   5.1   8.2  16.9  17.9  17.6   8.8  -1.4 -18.4 -17.3 
1907 -22.9 -26.6 -11.8   1.8  10.3  17.3  16.6  16.3   9.8  -1.3 -12.9 -22.1 
1908 -29.5 -22.9 -14.6  -0.1  10.6  17.1  21.0  16.2   7.9  -0.7 -13.9 -20.6 
1909 -28.6 -19.7 -15.0  -1.1   7.8  16.0  19.6  19.2   8.0  -2.9 -11.0 -22.3 
1910 -29.3 -17.6 -15.1   0.0   9.4  14.6 -99.0  17.3   7.0  -1.0 -14.6 -25.7 
1911 -22.3 -20.3 -12.2   2.5   7.9  15.7  19.6  16.6   8.9   1.3 -12.1 -23.5 
1912 -24.7 -17.1 -15.3   0.8   9.5  16.2  20.4  13.3   6.2  -5.7 -16.3 -25.0 
1913 -28.0 -22.4 -10.0  -0.3   8.8  17.9  18.5  14.6   7.9  -0.1  -9.8 -19.8 
1914 -19.5 -19.8 -13.1   2.2   9.1  15.3  19.4  17.2   8.6   0.8 -13.2 -20.9 
1915 -29.1 -22.8 -12.2  -0.9   8.8  15.6  20.4  15.7   7.0  -4.1 -12.7 -18.4 
1916 -99.0 -19.8 -13.4  -1.4   9.5  13.9  19.5  16.6   8.9  -0.7 -13.3 -27.6 
1917 -25.9 -21.1  -8.4   1.9  10.0  17.6  17.6  14.9   7.4  -1.7 -10.9 -22.4 
1918 -23.9 -18.1 -99.0 -99.0   9.5 -99.0 -99.0 -99.0 -99.0 -99.0 -99.0 -23.5 
1919 -31.8 -20.1 -11.9  -0.4   8.0  16.8  20.5 -99.0   9.4  -0.3 -14.2 -20.4 
1920 -22.6 -22.9  -8.3   3.8  10.6  14.3  19.8 -99.0 -99.0 -99.0 -14.8 -25.8 
1921 -19.2 -22.5 -10.0 -99.0   8.2  14.1  22.2  18.2   9.0  -0.5 -13.9 -23.0 
1922 -30.0 -23.9 -10.7   2.6   7.4  16.2  22.7  16.4   6.5  -0.3 -16.8 -21.3 
1923 -26.5 -26.3 -11.4   0.4   8.6  14.1  20.0  16.2   9.0  -1.1 -14.7 -17.7 
1924 -22.9 -20.7 -12.1   0.1  10.9  15.5  20.7  16.8   8.6  -2.2 -11.3 -22.2 
1925 -23.5 -25.2 -14.3   2.1   8.6  17.3  18.2  16.6   9.8   2.4 -10.1 -19.9 
1926 -22.8 -21.7  -6.3   3.7   9.2  17.4  20.6  18.2  10.1  -1.0 -11.3 -25.6 
1927 -25.4 -17.5 -11.9  -0.1   8.7  15.4  19.3  15.0  10.5  -1.0  -9.7 -22.7 
1928 -24.0 -23.1 -12.3   2.8   8.2  17.9  19.4  18.4   8.1  -2.4 -15.3 -23.4 
1929 -28.6 -24.9  -8.1   2.1   9.2  15.5  17.3  15.8   8.9  -0.5 -10.4 -27.2 
1930 -26.4 -20.8 -12.2  -0.5   8.5  15.0  19.4  17.5   7.5  -0.2 -13.2 -23.2 
1931 -25.8 -25.0 -12.7  -0.1   6.5  16.6  18.6  16.3   9.1   0.4 -13.4 -21.8 
1932 -20.0 -23.5 -11.8   2.1   7.8  14.5  21.3  15.3  11.8   1.8  -8.7 -21.2 
1933 -28.6 -22.4 -13.6   0.4   8.6  15.2  18.2  16.6   7.4  -1.3 -15.6 -19.9 
1934 -28.1 -19.6 -11.9   0.6  10.0  15.7  19.9  15.1   6.9   0.2 -11.2 -21.9 
1935 -24.7 -15.2  -7.2  -0.9   8.1  16.2  19.0  17.5   9.5   0.8 -16.3 -25.4 
1936 -26.9 -21.6 -13.2  -2.0   7.6  14.3  19.7  15.9   7.9   2.0 -11.6 -20.8 
1937 -25.3 -21.0 -16.5   0.8  10.5  17.0  18.3  15.7   7.3   0.7 -10.2 -24.0 
1938 -25.0 -18.1  -6.1   4.5   8.8  15.8  19.8  16.4   7.6   0.4  -9.5 -21.8 
1939 -23.7 -20.1  -8.8   3.8   9.2  17.5  21.8  18.4   8.9  -1.4 -12.2 -16.1 
1940 -28.4 -21.8  -6.5   2.0   8.9  16.6  17.7  15.6   8.6  -1.3 -11.5 -22.6 
1941 -23.2 -21.3 -10.0   0.2   8.6  17.3  19.3  16.8   8.4  -0.3 -12.1 -21.9 
1942 -22.6 -23.4  -8.3   1.4   6.7  16.4  18.7  15.2   8.5  -1.9 -11.8 -19.3 
1943 -27.9 -21.1 -12.9   2.0  11.2  15.9  19.5  16.6   8.5  -1.2 -11.9 -21.7 
1944 -26.3 -21.0 -11.4   3.3   8.1  17.1  18.9  15.4   9.7  -0.1 -16.2 -21.7 
1945 -26.9 -26.7 -14.2   2.8  10.0  16.1  18.3  14.9   9.9   1.9 -11.6 -20.8 
1946 -25.5 -18.6 -15.6   2.4   8.6  16.3  21.2  16.9   6.1   0.7 -10.4 -25.2 
1947 -31.4 -23.7 -13.7   2.6  10.5  15.7  18.0  15.0   8.1   1.4 -16.7 -25.2 
1948 -21.8 -19.7  -5.7   4.1   7.6  17.0  20.8  16.6   8.3  -0.5 -12.9 -20.4 
1949 -21.1 -16.9  -9.2   3.1   9.5  14.9  19.5  15.9   9.1   2.0 -12.7 -23.0 
1950 -25.1 -20.0  -9.3   0.5  11.4  18.9  21.6  16.4   9.0   0.6 -13.5 -15.2 
1951 -28.0 -22.7 -10.5   0.0  10.7  17.2  18.4  14.6   8.9   0.3 -10.6 -18.3 
1952 -19.3 -20.7 -10.1   0.3   9.7  17.1  20.4  16.6   9.0  -0.4 -15.3 -24.1 
1953 -24.8 -21.3  -6.6   2.0   9.6  18.4  20.2  16.6  10.2   0.6 -13.3 -18.3 
1954 -23.2 -22.3 -10.6   0.2   7.2  17.4  19.6  19.2  10.4  -0.4 -10.7 -23.6 
1955 -22.9 -21.1 -14.3   0.2   9.3  15.9  20.6  19.6   7.8   0.6  -8.1 -19.1 
1956 -22.5 -22.8 -12.2   0.1   9.0  16.3  20.1  17.1   8.9   0.1 -13.4 -22.6 
1957 -27.5 -25.3 -11.0   1.7   8.4  16.9  17.2  14.5   7.5   1.0 -12.3 -18.5 
1958 -22.1 -20.4 -10.6  -0.4   9.6  16.9  20.1  17.7   8.1   0.7 -11.2 -17.2 
1959 -22.5 -20.4  -6.0   2.6   9.5  15.8  18.2  17.0  10.6   0.5 -13.0 -21.5 
1960 -25.4 -16.0 -10.0   1.7   8.2  16.8  18.9  16.0   9.3  -0.1 -14.3 -19.9 
1961 -19.6 -18.0  -6.9   3.1   8.9  13.8  18.9  15.6   9.3  -3.6 -13.1 -24.8 
1962 -22.1 -17.1  -9.4   1.3   9.3  15.8  19.4  17.3   8.9  -0.8 -16.6 -17.2 
1963 -22.6 -16.7  -5.2  -0.6   9.1  14.4  19.1  18.5   8.4   0.1  -8.9 -17.6 
1964 -23.2 -24.3 -11.5   0.1  10.4  16.3  19.3  18.9   8.5  -3.1 -10.2 -18.5 
1965 -22.0 -20.5  -7.1   1.2  10.7  17.7  18.2  16.1   8.4   1.4 -13.2 -20.3 
1966 -25.9 -19.8 -11.3  -1.6   9.4  16.4  17.1  16.7  11.3   1.8 -13.2 -22.5 
1967 -23.2 -20.3  -5.4   2.9  11.8  15.9  19.4  14.8   7.8   2.0 -14.3 -19.8 
1968 -22.9 -22.2  -5.1   2.3  10.7  15.7  20.7  15.9   6.9  -0.3 -13.9 -22.3 
1969 -29.4 -26.5 -11.0   1.3   7.8  17.7  20.9  15.8   8.4   0.5  -8.8 -17.9 
1970 -24.4 -20.8 -13.3   1.6   9.1  16.7  21.0  16.2   7.6  -1.7 -11.4 -22.5 
1971 -23.7 -22.3 -12.0   2.0  10.7  16.9  17.8  16.8   7.9   0.9  -7.7 -21.4 
1972 -25.1 -21.6  -8.5   2.7   8.8  17.1  17.9  14.9   8.5  -1.6 -13.6 -19.8 
1973 -25.8 -21.1  -8.7   0.2   9.0  17.6  17.1  14.7  11.5  -0.4  -9.0 -15.0 
1974 -25.4 -21.5 -11.9   2.1   7.9  15.5  19.9  20.5   9.4  -3.0 -15.1 -21.6 
1975 -24.1 -20.3  -7.0   2.7  11.4  16.7  18.4  16.4   9.5  -0.1  -8.3 -22.5 
1976 -20.6 -18.9 -10.7   0.7   7.6  15.9  20.4  14.6  10.3  -2.6 -12.7 -21.1 
1977 -28.6 -22.8  -7.9   0.9   7.6  16.9  19.1  16.6   9.5  -0.4  -7.6 -20.4 
1978 -21.6 -20.0  -8.6   2.6   9.2  17.1  18.3  15.7  10.0  -0.5 -10.2 -22.8 
1979 -25.9 -18.5  -8.2  -0.2  10.8  19.8  19.9  15.2   8.5   2.1 -11.3 -19.5 
1980 -25.5 -18.7 -10.3  -1.5   8.3  17.9  20.2  19.5   9.7  -2.7 -11.5 -19.9 
1981 -25.8 -20.1  -6.1   5.3  11.1  16.4  19.5  15.0   9.4  -2.3 -10.7 -16.7 
1982 -25.9 -19.2 -10.2   3.8   8.6  16.1  18.6  15.5   8.6  -0.3  -9.0 -15.8 
1983 -20.8 -18.6  -7.2  -1.2   9.7  13.9  16.7  17.0   8.5   1.4  -8.8 -15.5 
1984 -23.8 -19.7 -11.3  -1.2  10.7  16.9  17.7  15.6   9.8  -0.2 -13.7 -22.1 
1985 -26.0 -20.8  -9.2   1.9   9.7  16.1  19.6  15.9   7.8   1.2 -10.8 -21.0 
1986 -23.4 -19.2  -7.1   1.5  10.4  17.4  20.0  17.9  10.4   0.6  -9.4 -20.6 
1987 -22.3 -19.9 -10.4   1.4   9.3  14.1  18.7  18.2   9.2  -1.3 -13.4 -15.8 
1988 -22.2 -19.6  -8.9   2.2   9.8  15.8  16.6  17.2  10.7   1.7  -7.9 -19.3 
1989 -22.3 -18.4  -5.1   3.2  10.5  15.0  18.8  16.0   8.2   1.8 -12.2 -21.1 
