Number= 309250
Name= KJAHTA
Lat=   50.4
Long= -106.4
Height= 0
Start year= 1895
End year= 2010
First Good year= 1895
Source ID= 10
Source file= Jones
Jones data to= 1989
Normals source= Data
Normals source start year= 1961
Normals source end year= 1989
Normals= -20.0 -16.8  -7.0   2.6  10.3  16.4  18.6  16.6   9.8   1.0  -9.6 -17.4 
Standard deviations source= Data
Standard deviations source start year= 1941
Standard deviations source end year= 1989
Standard deviations=   2.0   2.3   2.7   1.8   1.2   1.4   1.2   1.5   1.3   1.8   2.7   2.9 
Obs:
1895 -27.2 -99.0 -99.0 -99.0 -99.0 -99.0 -99.0 -99.0 -99.0 -99.0 -99.0 -99.0 
1896 -21.3 -99.0 -99.0 -99.0 -99.0 -99.0 -99.0 -99.0 -99.0 -99.0 -99.0 -99.0 
1897 -99.0 -99.0 -11.6   2.1   7.8 -99.0 -99.0 -99.0 -99.0 -99.0 -12.1 -21.6 
1898 -99.0 -99.0 -99.0 -99.0 -99.0 -99.0 -99.0 -99.0 -99.0 -99.0 -99.0 -99.0 
1899 -99.0 -99.0 -99.0 -99.0 -99.0 -99.0 -99.0 -99.0 -99.0 -99.0 -99.0 -99.0 
1900 -99.0 -99.0 -99.0 -99.0 -99.0 -99.0 -99.0 -99.0 -99.0 -99.0 -99.0 -99.0 
1901 -99.0 -99.0 -99.0 -99.0 -99.0 -99.0 -99.0 -99.0 -99.0 -99.0 -99.0 -99.0 
1902 -99.0 -99.0 -99.0 -99.0 -99.0 -99.0 -99.0 -99.0 -99.0 -99.0 -99.0 -99.0 
1903 -99.0 -99.0 -99.0 -99.0 -99.0 -99.0 -99.0 -99.0 -99.0 -99.0 -99.0 -99.0 
1904 -99.0 -99.0 -99.0 -99.0 -99.0 -99.0 -99.0 -99.0 -99.0 -99.0 -99.0 -99.0 
1905 -99.0 -99.0 -99.0 -99.0 -99.0 -99.0 -99.0 -99.0 -99.0 -99.0 -99.0 -99.0 
1906 -99.0 -99.0 -99.0 -99.0 -99.0 -99.0 -99.0 -99.0 -99.0 -99.0 -99.0 -99.0 
1907 -99.0 -99.0 -99.0 -99.0 -99.0 -99.0 -99.0 -99.0 -99.0 -99.0 -99.0 -99.0 
1908 -99.0 -99.0 -99.0 -99.0 -99.0 -99.0 -99.0 -99.0 -99.0 -99.0 -99.0 -99.0 
1909 -99.0 -99.0 -99.0 -99.0 -99.0 -99.0 -99.0 -99.0 -99.0 -99.0 -99.0 -99.0 
1910 -99.0 -99.0 -99.0 -99.0 -99.0 -99.0 -99.0 -99.0 -99.0 -99.0 -99.0 -99.0 
1911 -99.0 -99.0 -99.0 -99.0 -99.0 -99.0 -99.0 -99.0 -99.0 -99.0 -99.0 -99.0 
1912 -99.0 -99.0 -99.0 -99.0 -99.0 -99.0 -99.0 -99.0 -99.0 -99.0 -99.0 -99.0 
1913 -99.0 -99.0 -99.0 -99.0 -99.0 -99.0 -99.0 -99.0 -99.0 -99.0 -99.0 -99.0 
1914 -99.0 -99.0 -99.0 -99.0 -99.0 -99.0 -99.0 -99.0 -99.0 -99.0 -99.0 -99.0 
1915 -99.0 -99.0 -99.0 -99.0 -99.0 -99.0 -99.0 -99.0 -99.0 -99.0 -99.0 -99.0 
1916 -99.0 -99.0 -99.0 -99.0 -99.0 -99.0 -99.0 -99.0 -99.0 -99.0 -99.0 -99.0 
1917 -99.0 -99.0 -99.0 -99.0 -99.0 -99.0 -99.0 -99.0 -99.0 -99.0 -99.0 -99.0 
1918 -99.0 -99.0 -99.0 -99.0 -99.0 -99.0 -99.0 -99.0 -99.0 -99.0 -99.0 -99.0 
1919 -99.0 -99.0 -99.0 -99.0 -99.0 -99.0 -99.0 -99.0 -99.0 -99.0 -99.0 -99.0 
1920 -99.0 -99.0 -99.0 -99.0 -99.0 -99.0 -99.0 -99.0 -99.0 -99.0 -99.0 -99.0 
1921 -99.0 -99.0 -99.0 -99.0 -99.0 -99.0 -99.0 -99.0 -99.0 -99.0 -99.0 -99.0 
1922 -99.0 -99.0 -99.0 -99.0 -99.0 -99.0 -99.0 -99.0 -99.0 -99.0 -99.0 -99.0 
1923 -99.0 -99.0 -99.0 -99.0 -99.0 -99.0 -99.0 -99.0 -99.0 -99.0 -99.0 -99.0 
1924 -99.0 -99.0 -99.0 -99.0 -99.0 -99.0 -99.0 -99.0 -99.0 -99.0 -99.0 -99.0 
1925 -99.0 -99.0 -99.0 -99.0 -99.0 -99.0 -99.0 -99.0 -99.0 -99.0 -99.0 -99.0 
1926 -99.0 -99.0 -99.0 -99.0 -99.0 -99.0 -99.0 -99.0 -99.0 -99.0 -99.0 -99.0 
1927 -99.0 -99.0 -99.0 -99.0 -99.0 -99.0 -99.0 -99.0 -99.0 -99.0 -99.0 -99.0 
1928 -99.0 -99.0 -99.0 -99.0 -99.0 -99.0 -99.0 -99.0 -99.0 -99.0 -99.0 -99.0 
1929 -99.0 -99.0 -99.0 -99.0 -99.0 -99.0 -99.0 -99.0 -99.0 -99.0 -99.0 -99.0 
1930 -99.0 -99.0 -99.0 -99.0 -99.0 -99.0  19.2  17.7   8.4   2.6 -13.8 -20.1 
1931 -99.0 -99.0 -99.0   0.9   6.3  15.1  19.4  16.8   8.6   1.9 -99.0 -99.0 
1932 -99.0 -99.0 -99.0 -99.0 -99.0 -99.0  20.4  14.9  12.2   3.4  -8.1 -99.0 
1933 -99.0 -99.0 -10.0   1.6   8.9  16.6  17.0  16.3   8.6  -0.8 -10.8 -17.6 
1934 -24.2 -16.6 -11.8   0.1  10.8  14.9  19.1  14.9   8.5   0.4 -10.4 -18.3 
1935 -99.0 -14.2  -5.8   0.1   6.9  14.5  17.8  17.3  10.9   2.7 -15.7 -24.7 
1936 -23.9 -19.3 -10.5  -1.9   7.4  14.0  19.3  16.7   8.8   3.5 -11.9 -20.1 
1937 -24.3 -19.4 -14.2   0.9  11.1  16.7  18.3  15.7   8.3   2.5 -10.0 -99.0 
1938 -23.5 -15.5  -5.4   5.9   8.7  15.9  19.5  16.1 -99.0   2.5 -99.0 -99.0 
1939 -21.2 -16.0  -7.9   3.8   9.5  16.5  22.0  18.6  10.2  -1.4 -10.4 -14.2 
1940 -25.3 -18.1  -4.9   3.2   9.4  15.9  17.3  15.3   9.2   1.5 -10.5 -18.9 
1941 -19.3 -18.8  -8.3   1.7   8.8  16.8  19.5  16.7   9.6   1.3 -10.0 -17.7 
1942 -19.2 -19.6  -3.7   2.7   7.3  16.2  18.2  16.2  10.4   1.2  -9.9 -17.3 
1943 -21.2 -14.9  -4.4   4.2  12.7  16.7  19.9  17.1   9.9   2.3 -10.5 -16.7 
1944 -21.1 -16.2  -6.9   4.6   9.3  20.3  20.6  16.7  11.8   1.9 -99.0 -99.0 
1945 -99.0 -99.0 -10.9   5.7  11.7  17.5  18.6  16.0  11.6   4.4  -7.8 -17.2 
1946 -18.9 -13.6 -11.9   3.9   9.1  17.6 -99.0 -99.0 -99.0 -99.0 -99.0 -99.0 
1947 -99.0 -99.0 -99.0 -99.0  10.6 -99.0 -99.0 -99.0   9.8   1.9 -15.9 -25.6 
1948 -17.9 -17.3  -2.7   4.7   8.1  17.6  21.2  17.6   8.8   0.5 -10.9 -16.2 
1949 -18.8 -14.3  -9.3   3.5  10.3  15.2  19.3  15.7  10.1   4.2 -10.6 -24.0 
1950 -21.1 -17.2  -7.5   1.7  11.5  18.9  21.6  16.6   9.7  -0.1 -14.4 -16.1 
1951 -24.3 -20.3  -9.5  -1.4  11.6  19.7  18.2  14.9  10.0   1.7  -7.9 -14.7 
1952 -17.3 -19.4  -8.2   1.5  11.0  17.1  19.3  16.5   9.8   1.6 -14.4 -21.7 
1953 -21.7 -18.3  -3.4   2.7  10.1  18.6  19.5  16.9  12.4   2.5 -11.8 -18.0 
1954 -20.7 -17.9  -9.3   1.1   7.6  18.0  19.9  20.1  10.9   1.2  -9.7 -24.8 
1955 -21.3 -18.6 -12.5   1.1  10.1  16.9  19.8  20.8   9.0   2.5  -6.0 -14.8 
1956 -21.6 -20.9 -10.3   1.5  10.2  17.1  19.2  17.0   9.7   2.0 -12.0 -21.2 
1957 -22.1 -23.1 -10.7   3.0   9.3  17.2  16.7  14.3   7.7   2.7  -7.7 -16.0 
1958 -19.5 -16.6  -9.6   0.6  10.2  16.8  20.0  19.1   9.4   2.6  -7.8 -13.2 
1959 -19.6 -16.0  -4.2   3.6   9.5  15.8  18.2  16.9  11.1   2.1 -14.0 -20.0 
1960 -21.7 -12.9  -8.9   2.8   8.4  16.6  18.9  16.3  10.2   1.6 -12.3 -18.9 
1961 -17.7 -12.8  -4.2   5.1   9.7  13.7  18.2  15.8   9.7  -2.1 -10.9 -21.6 
1962 -19.7 -15.2  -7.6   2.0   9.8  15.5  19.0  16.2   9.2   1.6 -15.1 -14.9 
1963 -20.2 -13.5  -3.7   0.2  10.2  14.7  18.7  18.8   8.6   1.5  -7.3 -14.5 
1964 -17.0 -21.0  -8.2   1.6  10.5  16.0  18.7  18.1   9.1  -1.9  -6.7 -17.3 
1965 -19.1 -16.5  -5.6   2.1  11.1  17.9  18.0  16.5   9.4   3.6 -12.0 -19.5 
1966 -22.6 -16.1  -9.9  -0.2  10.0  16.0  16.4  16.7  12.6   1.2 -12.1 -22.8 
1967 -19.8 -16.3  -4.7   3.4  11.9  15.9  18.8  14.9   8.5   3.4 -13.8 -18.0 
1968 -20.8 -18.5  -3.4   3.2  10.8  15.9  20.4  16.0   7.7   1.1 -10.5 -18.5 
1969 -26.4 -21.9  -7.7   2.9   9.0  17.9  20.6  15.9   9.0   0.8  -8.0 -17.0 
1970 -19.7 -17.0 -11.7   2.9   9.3  16.5  20.3  16.4   7.6   0.1 -10.1 -19.5 
1971 -17.9 -19.6 -10.5   3.8  10.9  15.6  17.0  16.6   7.7   2.7  -5.1 -18.2 
1972 -20.0 -18.5  -5.5   4.2  10.0  17.5  18.4  15.6   9.2  -0.7 -10.2 -16.9 
1973 -20.0 -17.5  -6.3   2.0   9.0  18.1  16.9  14.8  11.8  -0.3  -6.3 -14.1 
1974 -20.9 -17.9 -10.9   3.5   9.0  14.7  19.4  20.3   9.1  -2.5 -12.8 -20.0 
1975 -18.1 -15.9  -4.4   2.8  11.3  16.5  17.6  16.8  10.7   1.0  -8.1 -20.3 
1976 -17.1 -14.9  -8.9   1.9   7.8  15.5  19.3  15.0  11.3  -0.6 -11.7 -18.3 
1977 -24.5 -17.3  -5.1   2.7   9.0  17.3  20.1  17.6  11.3   3.3  -5.6 -14.9 
1978 -16.5 -14.8  -5.8   4.3   9.8  17.8  17.6  15.9  11.0   0.7  -7.3 -18.1 
1979 -21.2 -14.7  -5.9   0.7  12.0  19.8  19.3  15.4   9.2   4.5 -11.7 -16.3 
1980 -22.4 -17.7 -10.6  -1.3   9.6  18.8  20.2  19.8  10.2  -1.8  -8.8 -18.2 
1981 -21.1 -16.3  -4.9   6.7  10.9  16.2  19.1  14.4  10.2  -2.7 -12.4 -16.1 
1982 -20.9 -15.4  -8.3   5.6   9.3  16.7  18.2  15.8   9.3   1.9  -7.2 -13.7 
1983 -17.2 -16.1  -4.5  -0.4  11.2  13.9  17.2  17.1   9.4   3.4  -5.8 -14.5 
1984 -20.9 -17.8  -8.7   0.6  11.8  17.4  17.8  15.5  10.3   1.3 -11.3 -20.2 
1985 -22.1 -19.0  -9.7   2.4  10.7  15.7  18.8  16.1   8.4   3.0 -10.7 -18.9 
1986 -19.5 -16.8  -5.6   2.2  11.4  17.2  19.6  18.0  12.1   1.6 -10.0 -17.5 
1987 -19.2 -16.7  -9.5   3.0  10.2  14.8  18.7  17.9  10.2  -0.4 -11.9 -12.5 
1988 -18.6 -17.2  -8.6   3.3   9.9  15.6  17.1  17.3  11.7   3.0  -5.5 -15.9 
1989 -17.6 -13.8  -3.7   5.1  11.7  15.2  18.9  15.6   8.4   3.3  -9.8 -16.9 
1990 -99.0 -99.0 -99.0 -99.0 -99.0 -99.0 -99.0 -99.0 -99.0 -99.0 -99.0 -99.0 
1991 -99.0 -99.0 -99.0 -99.0 -99.0 -99.0 -99.0 -99.0 -99.0 -99.0 -99.0 -99.0 
1992 -99.0 -99.0 -99.0 -99.0 -99.0 -99.0 -99.0 -99.0 -99.0 -99.0 -99.0 -99.0 
1993 -99.0 -99.0 -99.0 -99.0 -99.0 -99.0 -99.0 -99.0 -99.0 -99.0 -99.0 -99.0 
1994 -99.0 -99.0 -99.0 -99.0 -99.0 -99.0 -99.0 -99.0 -99.0 -99.0 -99.0 -99.0 
1995 -99.0 -99.0 -99.0 -99.0 -99.0 -99.0 -99.0 -99.0 -99.0 -99.0 -99.0 -99.0 
1996 -99.0 -99.0 -99.0 -99.0 -99.0 -99.0 -99.0 -99.0 -99.0 -99.0 -99.0 -99.0 
1997 -99.0 -99.0 -99.0 -99.0 -99.0 -99.0 -99.0 -99.0 -99.0 -99.0 -99.0 -99.0 
1998 -99.0 -99.0 -99.0 -99.0 -99.0 -99.0 -99.0 -99.0 -99.0 -99.0 -99.0 -99.0 
1999 -99.0 -99.0 -99.0 -99.0 -99.0 -99.0 -99.0 -99.0 -99.0 -99.0 -99.0 -99.0 
2000 -99.0 -99.0 -99.0 -99.0 -99.0 -99.0 -99.0 -99.0 -99.0 -99.0 -99.0 -99.0 
2001 -99.0 -99.0 -99.0 -99.0 -99.0 -99.0 -99.0 -99.0 -99.0 -99.0 -99.0 -99.0 
2002 -99.0 -99.0 -99.0 -99.0 -99.0 -99.0 -99.0 -99.0 -99.0 -99.0 -99.0 -99.0 
2003 -99.0 -99.0 -99.0 -99.0 -99.0 -99.0 -99.0 -99.0 -99.0 -99.0 -99.0 -99.0 
2004 -99.0 -99.0 -99.0 -99.0 -99.0 -99.0 -99.0 -99.0 -99.0 -99.0 -99.0 -99.0 
2005 -99.0 -99.0 -99.0 -99.0 -99.0 -99.0 -99.0 -99.0 -99.0 -99.0 -99.0 -99.0 
2006 -99.0 -99.0 -99.0 -99.0 -99.0 -99.0 -99.0 -99.0 -99.0 -99.0 -99.0 -99.0 
2007 -99.0 -99.0 -99.0 -99.0 -99.0 -99.0 -99.0 -99.0 -99.0 -99.0 -99.0 -99.0 
2008 -99.0 -99.0 -99.0 -99.0 -99.0 -99.0 -99.0 -99.0 -99.0 -99.0 -99.0 -99.0 
2009 -99.0 -99.0 -99.0 -99.0 -99.0 -99.0 -99.0 -99.0 -99.0 -99.0 -99.0 -99.0 
2010 -99.0 -99.0 -99.0 -99.0 -99.0  18.2  21.0  16.2  10.8   1.7  -7.7 -20.2 
