Number= 252480
Name= ILIRNEJ
Country= RUSSIA (ASIA)
Lat=   67.3
Long= -168.0
Height= 353
Start year= 1944
End year= 2011
First Good year= 1944
Source ID= 37
Source file= Jones+Anders
Jones data to= 2001
Normals source= Data
Normals source start year= 1961
Normals source end year= 1990
Normals= -33.4 -33.2 -28.9 -18.2  -2.7   9.4  12.1   8.5   0.6 -14.5 -28.4 -33.2 
Standard deviations source= Data
Standard deviations source start year= 1944
Standard deviations source end year= 1990
Standard deviations=   5.8   4.8   4.0   2.4   2.5   2.5   1.8   1.6   1.8   2.8   4.6   5.1 
Obs:
1944 -99.0 -99.0 -99.0 -99.0 -99.0 -99.0 -99.0 -99.0 -99.0  -8.2 -20.6 -28.5 
1945 -37.2 -37.7 -34.3 -11.2  -3.3   6.0  10.5   8.8   1.1 -13.6 -21.1 -29.6 
1946 -34.3 -38.2 -33.3 -19.0  -3.0   5.2   9.9   6.7   0.6 -12.9 -21.1 -32.5 
1947 -33.8 -24.9 -26.8 -16.9  -4.1   7.3   7.4   8.4   1.1 -14.0 -26.7 -36.2 
1948 -35.0 -28.8 -26.8 -14.4  -1.6   8.1   8.5 -99.0  -1.4 -18.0 -30.9 -33.3 
1949 -30.6 -33.4 -28.4 -19.7  -5.3   3.8   8.9   6.3  -0.3 -15.4 -31.5 -25.4 
1950 -13.9 -25.1 -29.5 -21.6 -10.9   2.6   7.7   7.3  -3.3 -14.6 -21.7 -99.0 
1951 -31.6 -36.1 -22.6 -18.8  -2.6   6.8  10.2   6.4   2.5  -7.5 -26.3 -28.7 
1952 -32.2 -39.1 -28.1 -18.0  -6.1   4.0  12.6  10.4   3.1 -10.3 -26.6 -33.5 
1953 -32.4 -36.7 -32.7 -18.6  -3.6   9.0  13.3   9.6   1.9 -10.8 -22.4 -38.3 
1954 -27.0 -31.9 -28.2 -99.0 -99.0 -99.0  10.5   5.6   0.3 -13.8 -24.3 -37.4 
1955 -36.1 -33.4 -28.5 -18.6  -5.6   5.5   9.2   8.1   0.1 -17.8 -24.9 -19.2 
1956 -24.4 -32.1 -28.6 -16.3  -3.5   8.8  12.0   6.8  -0.4 -13.7 -31.7 -31.4 
1957 -24.2 -32.9 -29.1 -17.8  -2.4   8.9  11.1   5.8   1.7 -11.6 -22.9 -36.5 
1958 -33.8 -32.5 -23.9 -18.7  -6.3   8.8  10.6   9.2  -0.9 -16.3 -32.0 -29.8 
1959 -19.7 -30.9 -32.6 -17.2  -2.2   6.7  11.9   7.6   1.7 -13.0 -22.5 -33.0 
1960 -32.3 -32.4 -16.3 -19.6  -5.4   8.4  13.0   7.9   1.7 -12.7 -28.8 -25.7 
1961 -31.6 -31.1 -34.8 -17.8   0.4   7.3  12.3   6.2  -1.5 -13.4 -24.1 -33.4 
1962 -28.6 -27.7 -22.0 -14.1  -3.3   6.1  10.4   7.7  -3.3 -16.9 -25.6 -29.0 
1963 -25.6 -27.0 -31.7 -17.6  -6.8   4.3  11.0   4.9   0.1 -17.6 -24.7 -30.2 
1964 -44.0 -34.5 -33.4 -19.0  -3.5  13.3  11.0   8.2  -2.3 -14.4 -26.1 -25.7 
1965 -31.9 -38.7 -27.7 -17.4  -4.0   9.6   8.4   7.2  -5.1 -18.9 -25.4 -42.2 
1966 -35.1 -35.8 -24.1 -22.0  -5.0   9.2  11.6   7.7   1.0 -18.0 -20.5 -34.0 
1967 -36.9 -35.9 -20.3 -18.9   4.0  10.9  11.6   5.8   1.6 -10.6 -33.1 -28.0 
1968 -28.1 -31.0 -26.5 -22.8  -2.6   9.3  12.2   9.7   0.2 -18.0 -32.8 -39.2 
1969 -23.9 -36.5 -32.8 -17.3   0.3  10.7  13.6   9.9   3.6 -14.4 -35.2 -34.8 
1970 -32.9 -32.4 -29.2 -18.7   1.2  14.0   8.7   6.7   3.5 -14.4 -28.5 -29.1 
1971 -28.2 -33.6 -29.8 -17.1  -5.2   8.5  13.7   9.6   0.6 -14.8 -29.9 -36.3 
1972 -36.1 -27.4 -29.7 -18.4  -2.8   6.4  13.2   8.7   1.8 -13.9 -36.0 -30.0 
1973 -41.4 -34.4 -35.9 -16.5  -6.1  10.5  13.0   7.6  -0.5 -15.3 -24.2 -33.2 
1974 -37.8 -36.6 -25.1 -19.8  -3.9  11.0  13.6  11.1   2.2  -9.6 -26.1 -41.5 
1975 -38.3 -28.2 -30.9 -16.9  -4.1   8.5  13.3  11.8   1.5 -13.8 -26.4 -41.0 
1976 -34.3 -39.5 -31.8 -23.5  -4.3   8.4  11.9  10.0   2.7 -16.7 -28.9 -34.8 
1977 -33.0 -37.6 -34.4 -16.2  -3.3  10.1  14.5   9.8   2.7 -15.8 -31.9 -31.8 
1978 -27.0 -36.4 -26.9 -18.6  -0.8   8.4  12.6  10.5   0.3 -13.2 -24.5 -36.4 
1979 -27.4 -24.8 -29.3 -20.5  -1.2  10.1  11.1   7.0  -0.4 -16.8 -29.4 -35.8 
1980 -27.6 -29.3 -26.1 -19.3  -1.7  11.0  10.9   9.7   1.4 -14.7 -35.4 -20.2 
1981 -34.1 -32.4 -26.5 -15.4   0.0  10.7  11.1   8.9   1.5 -10.5 -27.1 -34.1 
1982 -33.4 -26.9 -27.7 -19.6  -7.1   6.3  11.5   8.4   0.9 -12.3 -35.5 -32.5 
1983 -34.4 -36.2 -26.5 -18.3  -2.0   7.9  14.2   9.2   1.4 -17.7 -33.0 -25.2 
1984 -31.7 -43.0 -28.3 -17.0  -2.0  11.3  11.4   8.2   2.3  -8.1 -28.4 -36.0 
1985 -32.1 -30.1 -34.2 -20.4  -5.6   7.7  15.0   7.8  -0.1 -15.8 -17.7 -28.0 
1986 -40.3 -29.5 -30.2 -15.4  -1.9  10.1  10.1   6.9  -2.3 -15.5 -21.1 -31.1 
1987 -32.2 -41.2 -26.1 -19.9  -2.4   8.1  13.4  10.1  -0.8 -12.0 -31.6 -41.4 
1988 -30.4 -31.6 -31.6 -17.1  -3.4  10.7  14.0   7.4   1.4 -14.1 -30.6 -35.5 
1989 -43.7 -24.1 -27.6 -19.1  -2.5  12.2  11.4   8.1   2.5 -11.8 -32.8 -30.6 
1990 -39.1 -43.1 -26.2 -12.2 -99.0  10.0  12.9  10.0   0.5 -15.4 -25.1 -35.2 
1991 -38.9 -36.4 -26.5 -17.7  -1.0  14.8  15.8  12.8   1.6  -9.2 -20.4 -36.6 
1992 -36.2 -30.8 -32.6 -14.4  -3.6   9.2  12.7   4.7  -2.8 -17.9 -27.1 -37.6 
1993 -42.3 -26.1 -30.1 -16.6  -2.9  10.0  15.6   6.7  -6.1 -19.5 -30.3 -45.5 
1994 -99.0 -31.3 -99.0 -99.0 -99.0  12.1 -99.0 -99.0 -99.0 -99.0 -99.0 -99.0 
1995 -99.0 -99.0 -24.8 -17.6 -99.0   9.8 -99.0 -99.0 -99.0 -99.0 -99.0 -99.0 
1996 -99.0 -99.0 -99.0 -99.0 -99.0 -99.0 -99.0 -99.0 -99.0 -99.0 -99.0 -99.0 
1997 -99.0 -99.0 -99.0 -14.6 -99.0 -99.0  14.6 -99.0 -99.0 -99.0 -99.0 -99.0 
1998 -99.0 -99.0 -99.0 -99.0 -99.0 -99.0 -99.0 -99.0 -99.0 -99.0 -99.0 -99.0 
1999 -99.0 -99.0 -99.0 -99.0 -99.0 -99.0 -99.0 -99.0 -99.0 -99.0 -99.0 -99.0 
2000 -99.0 -99.0 -99.0 -99.0 -99.0 -99.0 -99.0 -99.0 -99.0 -15.3 -25.8 -99.0 
2001 -38.1 -28.2 -99.0 -99.0   2.2 -99.0 -99.0 -99.0  -1.0 -99.0 -99.0 -99.0 
2002 -36.2 -39.6 -99.0 -99.0 -99.0 -99.0  13.7  12.0  12.0 -99.0 -99.0 -99.0 
2003 -99.0 -99.0 -99.0 -99.0   0.1 -99.0  15.4   9.2   4.9 -99.0 -25.2 -99.0 
2004 -99.0 -36.3 -25.3 -99.0   0.0  12.6 -99.0  11.7   2.7 -12.0 -28.0 -38.0 
2005 -36.6 -37.5 -25.7 -19.6  -1.6  11.5  13.2  10.3   2.0  -8.1 -26.2 -40.5 
2006 -40.1 -31.2 -24.5 -20.5  -1.2  10.5  13.6  11.0   3.7  -9.3 -26.2 -99.0 
2007 -36.4 -25.1 -22.4 -12.3   1.8  13.9  16.3  13.0   4.3 -10.4 -21.2 -27.0 
2008 -36.0 -36.3 -99.0 -16.9  -0.5  10.8  11.8  11.2   3.8 -10.1 -25.3 -25.8 
2009 -38.5 -37.2 -26.5 -16.4   2.0  10.1  10.6   9.3   2.0 -11.0 -26.5 -26.9 
2010 -36.1 -35.0 -26.3 -19.5   2.7  12.7  17.1  10.0   5.0  -8.6 -23.1 -23.3 
2011 -31.5 -32.7 -20.6 -15.4  -4.2 -99.0 -99.0 -99.0 -99.0 -99.0 -99.0 -99.0 
