Number= 259560
Name= APUKA
Country= USSR
Lat=   60.5
Long= -169.6
Height= 10
Start year= 1951
End year= 1963
First Good year= 1951
Source ID= 10
Source file= Jones
Jones data to= 1963
Normals= -99.0 -99.0 -99.0 -99.0 -99.0 -99.0 -99.0 -99.0 -99.0 -99.0 -99.0 -99.0 
Obs:
1951 -10.1 -12.0 -10.8  -8.2   1.5   5.6  10.2  11.4   6.6   1.4  -6.9  -9.5 
1952 -12.3 -17.4 -11.5  -4.4   1.2   5.6 -99.0  10.8   7.5  -1.2  -9.4 -11.6 
1953 -13.1 -17.4 -12.6  -5.8   0.0   5.2  10.4  11.3   7.4   0.2  -6.4 -16.4 
1954 -11.2 -12.3 -12.4  -1.0   1.9   7.3  10.0   9.6   6.4  -4.5  -9.3 -17.3 
1955 -16.4 -14.1 -12.0  -6.2  -0.7   5.2   9.0  10.0   6.6  -6.2  -7.4  -7.2 
1956  -6.9 -11.6 -15.5  -6.7   0.9   7.0   9.9  10.1   6.8  -2.4  -8.6 -11.8 
1957  -7.6  -9.2 -13.3  -6.8   1.0   5.2  11.1  10.5   7.2   0.2  -7.2 -16.0 
1958 -15.4 -13.7  -8.2  -4.6  -0.2   5.7   9.6  11.4   5.4  -1.1 -11.8 -10.6 
1959  -5.1 -12.1 -13.7  -5.2   1.9   6.1  10.3  11.3   7.4  -1.3  -6.8 -11.6 
1960 -11.4 -15.4  -4.6  -7.5   0.8   5.8  10.7  10.8   7.6  -1.8  -9.8 -11.9 
1961 -11.0 -10.1 -15.0  -4.9 -99.0   6.3  10.4  10.5   5.9 -99.0 -99.0 -10.6 
1962  -6.9  -8.4  -7.1  -2.5   2.7   7.2  10.7 -99.0   5.6  -2.1  -7.7 -99.0 
1963  -5.8  -9.4  -9.9 -99.0 -99.0 -99.0 -99.0 -99.0 -99.0 -99.0 -99.0 -99.0 
