Number= 273330
Name= KOSTROMA
Lat=   57.7
Long=  -40.9
Height= 0
Start year= 1925
End year= 2010
First Good year= 1925
Source ID= 10
Source file= Jones
Jones data to= 1989
Normals source= Data
Normals source start year= 1961
Normals source end year= 1989
Normals= -12.0 -10.1  -3.9   4.4  12.2  16.2  18.3  16.3  10.6   3.8  -3.0  -8.5 
Standard deviations source= Data
Standard deviations source start year= 1941
Standard deviations source end year= 1989
Standard deviations=   4.6   3.6   2.8   2.3   2.3   2.0   1.8   1.5   1.5   2.0   2.2   3.7 
Obs:
1925  -8.0  -4.3  -3.3   5.8  11.9  14.5  19.6  16.6  10.1   1.3  -4.9  -9.3 
1926 -14.5 -12.9  -6.6  -0.9  12.0  16.1  15.6  13.3  10.9   1.1   0.1 -12.4 
1927 -16.0  -9.7  -5.6   3.4   9.0  16.1  18.8  18.4  10.5   1.6  -4.2 -13.5 
1928  -8.9 -13.5  -7.5   0.9  11.4  12.4  15.3  15.3  11.4   3.5   0.5  -8.5 
1929 -12.9 -20.3  -9.3  -2.2  12.9  13.9  17.8  17.2   8.9   6.4  -0.1  -6.8 
1930  -5.7 -12.3  -3.7   4.6  10.9  12.0  17.1  18.9   8.2   3.9  -2.2 -11.9 
1931 -12.3 -15.2  -5.3   3.4  12.8  14.0  19.5  17.2   9.5   3.8  -4.2  -9.8 
1932  -5.7 -16.2  -8.3   3.9  12.6  16.1  18.7  19.6  11.1   5.0  -2.5  -2.8 
1933 -14.3 -12.9  -5.1   5.0   9.2  15.1  20.5  13.9  11.7   4.2  -5.3 -16.4 
1934  -8.1 -10.5  -4.1   3.8  13.8  13.0  20.1  17.1  11.3   6.0   1.0 -10.8 
1935 -11.2  -5.5  -4.5   4.0   8.4  16.1  15.5  16.9  10.9   7.1  -3.0  -7.5 
1936  -6.2 -13.7  -3.6   3.6  11.6  19.1  21.2  17.1   9.9   1.3  -0.3  -2.8 
1937 -11.0  -8.2  -2.3   7.6   9.3  17.3  18.1  17.5  12.8   5.6  -1.4 -11.4 
1938 -11.4  -7.1  -3.0   2.3  11.2  14.9  22.0  20.6  14.7   4.0   1.0 -11.9 
1939 -10.8  -7.4  -4.0   1.3   9.4  16.7  18.7  17.7   7.3   0.8  -1.3  -9.9 
1940 -22.2 -14.0  -6.5   2.3  11.2  14.8  19.3  18.4  12.3   1.2  -1.0  -9.3 
1941 -16.7 -13.7  -8.3  -0.5   7.0  11.5  19.9  17.4   8.9   1.2  -6.6 -16.4 
1942 -21.4 -12.9 -11.3   2.4  11.6  14.8  17.9  15.7  10.0   5.2  -4.5  -8.3 
1943 -16.3  -7.8  -3.7   4.6  12.2  15.1  18.7  16.3   9.7   4.8  -1.8  -5.4 
1944  -4.9  -8.0  -3.7  -0.5  11.4  14.3  17.6  15.5  12.6   4.4  -3.6 -10.2 
1945 -12.0 -11.8  -8.0   0.9   7.0  15.1  17.5  18.1  10.2   1.4  -4.8 -12.5 
1946  -9.5 -12.2  -5.6   2.4  10.6  18.2  18.6  17.6  10.6  -1.0  -4.5  -9.2 
1947 -11.5 -17.5  -6.8   3.3   8.8  16.2  17.2  16.3  11.5   3.1  -2.6  -6.0 
1948 -10.7 -12.6  -6.4   3.5  14.8  19.5  14.9  16.3  10.4   3.6  -2.5  -5.4 
1949  -5.1  -9.6  -4.8   2.9  13.7  16.7  17.0  16.2  11.4   3.2  -2.6  -6.4 
1950 -20.5  -9.3  -4.0   7.5   9.8  14.6  14.9  13.4  11.0   4.7  -2.0  -6.5 
1951 -13.0 -13.0  -5.3   7.5   7.8  15.8  17.3  18.9  11.4   2.1  -7.0  -3.6 
1952  -5.8  -8.6 -10.0   1.8   9.2  16.4  17.8  15.7  11.3   2.7  -2.3  -8.6 
1953 -11.8 -16.5  -4.7   6.9  10.0  17.8  17.7  17.0   8.1   4.2  -5.2  -6.7 
1954 -15.1 -15.9  -5.1   2.5  11.9  17.4  20.7  16.7  10.9   4.3  -2.5  -6.0 
1955  -8.2  -9.9  -7.7  -0.1   9.5  13.8  16.5  16.6  13.0   6.3  -4.9 -20.5 
1956 -13.6 -19.4  -4.8   1.4  10.7  19.3  14.4  14.4   7.7   3.0  -7.9  -6.1 
1957  -8.6  -4.2  -9.0   3.6  14.1  14.2  18.0  17.3  12.6   4.0  -2.9  -5.8 
1958  -9.1 -11.8  -7.9   2.4  11.3  14.3  17.4  15.5   8.3   5.2  -2.1 -11.5 
1959  -6.9  -8.1  -2.9   4.2  10.5  16.7  19.8  16.1   7.6   0.3  -6.1 -10.6 
1960 -12.0 -11.4  -6.3   4.3  10.4  17.2  21.3  16.6   9.8   1.5  -5.9  -2.2 
1961  -8.3  -4.5  -2.3   1.3  11.3  18.6  18.9  16.0   8.9   6.3  -5.4  -9.8 
1962  -6.8  -8.1  -6.7   6.1  12.8  12.5  16.3  13.9  10.6   4.5   0.1  -9.2 
1963 -18.3 -12.5 -11.9   3.0  15.7  12.8  18.1  16.4  13.7   4.2  -1.8 -10.7 
1964 -10.2 -10.9  -7.9   2.7  11.0  17.0  19.5  16.1  10.9   6.1  -4.9  -5.6 
1965 -12.2 -12.4  -4.4   1.4   8.6  15.3  16.1  14.9  12.8   2.8  -7.6  -3.6 
1966 -13.9 -13.9  -2.1   6.5  13.9  16.5  18.9  17.2   9.1   4.2  -1.5 -13.6 
1967 -16.4 -12.6  -1.2   6.3  14.8  16.0  17.4  19.0  11.0   7.3  -0.9 -12.4 
1968 -18.9 -10.9  -2.9   3.7  12.2  17.4  15.6  17.2  10.4   1.1  -3.4  -9.0 
1969 -19.0 -16.4  -9.6   4.6   8.6  13.8  17.4  15.6  10.9   3.0  -0.8 -10.9 
1970 -12.7 -10.2  -4.0   5.0  11.4  15.4  19.2  16.5  11.0   4.8  -4.4  -9.8 
1971  -4.9 -11.6  -5.4   2.8  11.0  15.4  17.7  16.1  10.8   1.7  -2.3  -8.2 
1972 -17.6 -10.1  -4.9   4.8  11.3  17.9  22.2  21.6  10.3   4.2  -2.8  -2.4 
1973 -12.7  -6.0  -2.4   7.1  13.0  17.9  17.9  15.9   7.1   1.7  -4.2  -9.0 
1974 -13.7  -3.0  -1.5   2.5   9.0  16.7  19.7  16.0  13.0   7.5   0.2  -4.5 
1975  -5.8  -9.4  -0.1   9.0  14.8  16.1  18.8  14.7  13.0   2.9  -4.1  -6.9 
1976 -15.2 -14.2  -4.5   4.3  10.6  13.8  16.2  14.3   9.1  -1.7  -4.0  -6.1 
1977 -13.0  -9.4  -2.9   5.9  14.1  17.3  19.3  16.4   9.3   1.6   0.6 -10.1 
1978  -9.0 -11.7  -0.5   3.1   9.0  13.8  16.0  15.3   9.7   2.3  -0.2 -18.0 
1979 -13.3 -10.7  -2.5   0.3  16.3  15.0  17.4  17.3  10.4   2.8  -2.1  -8.3 
1980 -13.5  -8.6  -7.3   5.2   8.7  18.1  17.0  13.6  10.1   4.2  -3.8  -6.7 
1981  -6.9  -6.9  -6.2   1.8  12.5  18.1  22.0  18.5  10.1   7.4  -1.8  -5.7 
1982 -13.8 -10.2  -2.3   4.2  11.8  12.5  18.7  16.2  11.8   1.6   0.8  -3.2 
1983  -6.6  -9.0  -4.0   8.9  13.8  14.5  18.9  15.5  11.9   4.9  -2.8  -4.7 
1984  -6.6 -11.7  -4.0   5.7  15.6  16.5  18.0  14.8  11.6   4.7  -4.7 -11.7 
1985 -13.2 -15.2  -3.8   2.7  12.1  13.9  17.1  19.2  10.0   4.5  -4.8  -9.6 
1986  -9.3 -15.1  -1.6   6.7  11.8  17.9  17.1  15.3   8.0   3.4  -1.4 -10.1 
1987 -22.1  -7.6  -4.9   2.3  13.0  18.4  16.4  15.3   8.8   3.3  -7.2  -9.2 
1988 -10.6  -7.3  -1.9   4.4  13.3  19.5  22.5  16.9  10.5   4.6  -7.3  -9.6 
1989  -4.3  -3.0   0.0   6.2  13.0  20.4  19.6  16.5  11.9   4.5  -4.1  -7.8 
1990 -99.0 -99.0 -99.0 -99.0 -99.0 -99.0 -99.0 -99.0 -99.0 -99.0 -99.0 -99.0 
1991 -99.0 -99.0 -99.0 -99.0 -99.0 -99.0 -99.0 -99.0 -99.0 -99.0 -99.0 -99.0 
1992 -99.0 -99.0 -99.0 -99.0 -99.0 -99.0 -99.0 -99.0 -99.0 -99.0 -99.0 -99.0 
1993 -99.0 -99.0 -99.0 -99.0 -99.0 -99.0 -99.0 -99.0 -99.0 -99.0 -99.0 -99.0 
1994 -99.0 -99.0 -99.0 -99.0 -99.0 -99.0 -99.0 -99.0 -99.0 -99.0 -99.0 -99.0 
1995 -99.0 -99.0 -99.0 -99.0 -99.0 -99.0 -99.0 -99.0 -99.0 -99.0 -99.0 -99.0 
1996 -99.0 -99.0 -99.0 -99.0 -99.0 -99.0 -99.0 -99.0 -99.0 -99.0 -99.0 -99.0 
1997 -99.0 -99.0 -99.0 -99.0 -99.0 -99.0 -99.0 -99.0 -99.0 -99.0 -99.0 -99.0 
1998 -99.0 -99.0 -99.0 -99.0 -99.0 -99.0 -99.0 -99.0 -99.0 -99.0 -99.0 -99.0 
1999 -99.0 -99.0 -99.0 -99.0 -99.0 -99.0 -99.0 -99.0 -99.0 -99.0 -99.0 -99.0 
2000 -99.0 -99.0 -99.0 -99.0 -99.0 -99.0 -99.0 -99.0 -99.0 -99.0 -99.0 -99.0 
2001 -99.0 -99.0 -99.0 -99.0 -99.0 -99.0 -99.0 -99.0 -99.0 -99.0 -99.0 -99.0 
2002 -99.0 -99.0 -99.0 -99.0 -99.0 -99.0 -99.0 -99.0 -99.0 -99.0 -99.0 -99.0 
2003 -99.0 -99.0 -99.0 -99.0 -99.0 -99.0 -99.0 -99.0 -99.0 -99.0 -99.0 -99.0 
2004 -99.0 -99.0 -99.0 -99.0 -99.0 -99.0 -99.0 -99.0 -99.0 -99.0 -99.0 -99.0 
2005 -99.0 -99.0 -99.0 -99.0 -99.0 -99.0 -99.0 -99.0 -99.0 -99.0 -99.0 -99.0 
2006 -99.0 -99.0 -99.0 -99.0 -99.0 -99.0 -99.0 -99.0 -99.0 -99.0 -99.0 -99.0 
2007 -99.0 -99.0 -99.0 -99.0 -99.0 -99.0 -99.0 -99.0 -99.0 -99.0 -99.0 -99.0 
2008 -99.0 -99.0 -99.0 -99.0 -99.0 -99.0 -99.0 -99.0 -99.0 -99.0 -99.0 -99.0 
2009 -99.0 -99.0 -99.0 -99.0 -99.0 -99.0 -99.0 -99.0 -99.0 -99.0 -99.0 -99.0 
2010 -99.0 -99.0 -99.0 -99.0 -99.0  17.4  24.6  19.6  10.7   3.1   0.1 -11.2 
