Number= 276480
Name= ELAT'MA
Lat=   55.0
Long=  -41.7
Height= 0
Start year= 1891
End year= 2010
First Good year= 1891
Source ID= 10
Source file= Jones
Jones data to= 1989
Normals source= Data
Normals source start year= 1961
Normals source end year= 1989
Normals= -11.2 -10.0  -3.9   6.1  13.6  17.1  18.9  17.2  11.7   4.6  -2.2  -7.6 
Standard deviations source= Data
Standard deviations source start year= 1941
Standard deviations source end year= 1989
Standard deviations=   4.4   3.8   2.7   2.5   2.2   2.0   1.6   1.5   1.5   2.0   2.2   3.3 
Obs:
1891 -99.0 -99.0 -99.0 -99.0 -99.0 -99.0 -99.0 -99.0  10.0   4.3  -9.2  -4.8 
1892 -15.3  -8.4  -4.4   3.0 -99.0 -99.0 -99.0  17.1  12.6   2.7  -3.8 -99.0 
1893 -20.4 -15.5  -4.4  -0.1  11.0  16.4  20.1  17.3  11.7   6.4  -1.5  -6.4 
1894 -99.0 -99.0 -99.0 -99.0 -99.0 -99.0 -99.0 -99.0 -99.0 -99.0 -99.0 -99.0 
1895 -99.0 -99.0 -99.0 -99.0 -99.0 -99.0 -99.0 -99.0 -99.0 -99.0 -99.0 -99.0 
1896 -99.0 -99.0 -99.0 -99.0 -99.0 -99.0 -99.0 -99.0 -99.0 -99.0 -99.0 -99.0 
1897 -99.0 -99.0 -99.0 -99.0 -99.0 -99.0 -99.0 -99.0 -99.0 -99.0 -99.0 -99.0 
1898 -99.0 -99.0 -99.0 -99.0 -99.0 -99.0 -99.0 -99.0 -99.0 -99.0 -99.0 -99.0 
1899 -99.0 -99.0 -99.0 -99.0 -99.0 -99.0 -99.0 -99.0 -99.0 -99.0 -99.0 -99.0 
1900 -99.0 -99.0 -99.0 -99.0 -99.0 -99.0 -99.0 -99.0 -99.0 -99.0 -99.0 -99.0 
1901 -99.0 -99.0 -99.0 -99.0 -99.0 -99.0 -99.0 -99.0 -99.0 -99.0 -99.0 -99.0 
1902 -99.0 -99.0 -99.0 -99.0 -99.0 -99.0 -99.0 -99.0 -99.0 -99.0 -99.0 -99.0 
1903 -99.0 -99.0 -99.0 -99.0 -99.0 -99.0 -99.0 -99.0 -99.0 -99.0 -99.0 -99.0 
1904 -99.0 -99.0 -99.0 -99.0 -99.0 -99.0 -99.0 -99.0 -99.0 -99.0 -99.0 -99.0 
1905 -99.0 -99.0 -99.0 -99.0 -99.0 -99.0 -99.0 -99.0 -99.0 -99.0 -99.0 -99.0 
1906 -99.0 -99.0 -99.0 -99.0 -99.0 -99.0 -99.0 -99.0 -99.0 -99.0 -99.0 -99.0 
1907 -99.0 -99.0 -99.0 -99.0 -99.0 -99.0 -99.0 -99.0 -99.0 -99.0 -99.0 -99.0 
1908 -99.0 -99.0 -99.0 -99.0 -99.0 -99.0 -99.0 -99.0 -99.0 -99.0 -99.0 -99.0 
1909 -99.0 -99.0 -99.0 -99.0 -99.0 -99.0 -99.0 -99.0 -99.0 -99.0 -99.0 -99.0 
1910 -99.0 -99.0 -99.0 -99.0 -99.0 -99.0 -99.0 -99.0 -99.0 -99.0 -99.0 -99.0 
1911 -99.0 -99.0 -99.0 -99.0 -99.0 -99.0 -99.0 -99.0 -99.0 -99.0 -99.0 -99.0 
1912 -99.0 -99.0 -99.0 -99.0 -99.0 -99.0 -99.0 -99.0 -99.0 -99.0 -99.0 -99.0 
1913 -99.0 -99.0 -99.0 -99.0 -99.0 -99.0 -99.0 -99.0 -99.0 -99.0 -99.0 -99.0 
1914 -99.0 -99.0 -99.0 -99.0 -99.0 -99.0 -99.0 -99.0 -99.0 -99.0 -99.0 -99.0 
1915 -99.0 -99.0 -99.0 -99.0 -99.0 -99.0 -99.0 -99.0 -99.0 -99.0 -99.0 -99.0 
1916 -99.0 -99.0 -99.0   5.5  10.8  16.4  18.2  15.0   9.2   4.1  -2.4  -9.0 
1917 -99.0 -99.0 -99.0 -99.0 -99.0 -99.0 -99.0 -99.0 -99.0 -99.0 -99.0 -99.0 
1918 -99.0 -99.0 -99.0 -99.0 -99.0 -99.0 -99.0 -99.0 -99.0 -99.0 -99.0 -99.0 
1919 -99.0 -99.0 -99.0 -99.0 -99.0 -99.0 -99.0 -99.0 -99.0 -99.0 -99.0 -99.0 
1920  -9.8 -11.6  -1.1   8.1  15.8  15.6  19.9  19.0  12.0  -0.8  -5.3  -9.9 
1921 -11.8 -11.6  -1.4 -99.0 -99.0 -99.0 -99.0 -99.0  10.2   2.9  -6.2 -10.0 
1922 -10.6 -11.1  -4.2   4.8  13.7  16.1  19.6  17.0   9.8   2.6  -0.9  -7.3 
1923 -10.5 -14.0  -4.7   0.7  13.5  16.3  17.6  14.0  12.9   7.2   2.0  -8.5 
1924 -12.0 -13.4  -7.1   4.3  13.8  18.6  17.0  16.0  13.6   3.9  -2.8  -8.4 
1925  -7.2  -4.3  -2.2   6.3  14.4  15.5  19.8  17.5  10.8   2.6  -2.7  -7.2 
1926 -12.1 -12.9  -5.7   1.0  13.0  17.0  16.4  13.4  10.8   3.1   1.7 -10.4 
1927 -16.7 -11.1  -6.5   3.8  11.2  17.7  18.8  18.6  12.5   4.5  -2.9 -13.6 
1928 -10.2 -13.4  -8.4   1.3  10.7 -99.0  16.9  15.8  11.8   3.8   0.9  -8.5 
1929 -11.8 -20.1  -8.5  -1.2  14.5  15.1  19.0  19.3   9.3   7.7   0.1  -9.1 
1930  -6.9 -12.2  -0.6   7.1  12.8  12.9  18.7  20.4   9.4   5.1  -1.2  -8.0 
1931 -13.4 -15.6  -5.5   3.4  14.1  16.0  21.5  17.8 -99.0 -99.0 -99.0 -99.0 
1932 -99.0 -99.0 -99.0 -99.0 -99.0 -99.0 -99.0 -99.0  13.0   6.2  -1.1  -3.0 
1933 -14.6 -13.2  -5.8   5.5  10.9  16.1  20.5  15.7  12.5   4.8  -3.9 -17.1 
1934 -11.4 -99.0 -99.0   4.3 -99.0 -99.0  20.4  17.8  12.2   7.3   0.5 -10.9 
1935 -11.9  -6.2  -4.1   5.7  10.2  16.8  16.6  17.5  12.4   8.7  -3.3  -7.1 
1936  -5.8 -13.9  -4.7   4.1  12.0  19.5  22.8  19.5  11.3   2.5  -0.8  -3.4 
1937 -12.9  -8.4  -1.6   7.9  11.1  16.8  19.1  18.1  15.0   6.1  -0.6  -6.8 
1938 -10.6  -8.1  -2.6   5.0  12.7  16.4  22.5  21.2  15.6   6.8   1.7 -12.0 
1939 -11.1  -7.3  -4.9   3.5  12.7  18.3  20.4  18.3   8.8   2.5  -0.7  -7.4 
1940 -19.8 -12.9  -5.8   3.3  12.0  16.2  20.3  20.0  14.2   2.6   0.9  -8.7 
1941 -16.1 -11.8  -7.6   0.5   7.9  13.1  20.9  17.6  10.2   2.5  -5.8 -13.1 
1942 -20.6 -12.5 -10.8   2.1  12.5  15.4  19.2  17.0  11.7   6.3  -4.8  -8.4 
1943 -15.3 -10.3  -5.2   6.8  13.6  16.6  19.0  17.9  11.4   4.9  -1.3  -5.0 
1944  -5.0  -6.5  -2.8   3.4  12.9  15.9  18.0  16.2  13.9   5.7  -3.7 -11.5 
1945 -13.6 -13.7  -7.7   2.8   7.9  16.2  17.8  18.0  11.3   2.6  -4.2 -11.8 
1946  -9.6  -8.1  -6.0   3.2  12.3  20.3  18.7  19.6  11.7  -0.2  -3.8  -9.9 
1947 -12.5 -14.2  -5.2   5.3  10.4  17.0  18.7  17.4  12.3   3.5  -1.5  -5.0 
1948 -10.0 -11.1  -6.9   3.4  16.4  22.0  16.9  18.2  11.3   4.6  -2.6  -5.8 
1949  -5.6  -9.8  -4.1   3.8  15.3  18.0  18.0  16.9  11.9   4.4  -1.8  -5.8 
1950 -18.8  -9.0  -4.0   9.1  12.2  15.4  16.0  14.7  12.5   5.1  -1.0  -6.6 
1951 -13.6 -15.4  -3.9   9.6  10.2  17.7  18.6  19.4  12.3   2.3  -6.5  -3.3 
1952  -6.1  -8.4 -10.4   2.9  11.3  17.9  18.8  17.3  12.7   4.8  -0.8  -7.8 
1953 -11.5 -16.9  -4.9   6.9  11.6  18.9  19.2  18.7  10.1   5.0  -4.7  -6.5 
1954 -17.7 -18.1  -5.0   4.4  13.6  19.3  21.7  19.1  13.0   5.7  -1.5  -5.6 
1955  -7.0  -7.4  -6.0   2.4  11.5  15.7  17.8  17.5  13.5   8.5  -4.0 -16.1 
1956 -12.6 -20.8  -6.0   4.2  11.6  20.6  15.8  16.2   8.9   4.9  -7.9  -6.2 
1957  -9.0  -2.9  -7.6   5.8  16.7  16.7  19.0  18.4  15.1   4.9  -2.8  -5.6 
1958  -8.1 -10.3  -6.9   4.3  13.4  15.5  18.8  16.6   9.1   5.6  -1.7  -7.9 
1959  -6.5  -9.2  -3.5   6.3  13.1  16.7  21.2  17.0   9.2   1.8  -6.0 -11.1 
1960  -9.5  -9.2  -6.2   4.5  11.3  18.2  21.7  17.5  10.7   2.7  -4.9  -1.1 
1961  -7.8  -4.5  -1.1   4.4  12.2  19.0  19.6  18.0  10.2   6.4  -4.0  -9.1 
1962  -6.9  -8.1  -4.7   8.4  14.5  13.8  18.1  15.1  11.9   5.5   1.2  -8.3 
1963 -20.1 -11.2 -11.5   3.5  16.5  14.4  18.7  17.5  14.5   5.6  -0.8 -11.9 
1964 -10.8 -11.9  -7.4   3.8  12.2  17.5  19.7  16.7  12.6   6.2  -2.7  -4.1 
1965 -11.5 -12.1  -4.6   1.6  10.3  16.4  17.8  16.2  14.0   3.5  -5.5  -2.2 
1966  -9.6 -10.2  -0.8   9.6  15.7  16.2  20.1  18.5  10.3   5.1  -2.0 -12.0 
1967 -16.1 -13.9  -1.6   7.7  17.5  16.4  18.1  19.4  11.5   7.8  -0.8 -10.8 
1968 -16.4 -11.4  -3.9   5.5  13.0  17.8  16.2  17.6  11.7   2.0  -4.0  -7.6 
1969 -18.2 -15.1  -9.0   6.4  10.5  14.9  17.7  16.6  11.4   3.8  -0.2 -10.9 
1970 -12.0  -8.2  -4.2   6.4  12.3  16.0  19.8  16.7  12.1   5.4  -3.3  -9.3 
1971  -5.1 -12.1  -5.7   3.7  12.4  17.4  19.5  16.8  12.4   2.8  -0.1  -7.4 
1972 -17.0 -10.6  -4.0   7.0  13.5  19.0  22.4  23.2  11.6   5.5  -1.4  -2.5 
1973 -13.2  -5.0  -3.2  10.2  14.3  18.4  18.1  16.8   8.6   3.4  -2.8  -6.6 
1974 -13.4  -3.6  -0.9   4.0  12.0  17.0  19.8  16.5  13.9   9.1   0.9  -5.2 
1975  -5.9  -9.6  -0.6  11.3  16.3  19.3  19.4  15.9  14.8   3.3  -4.2  -5.8 
1976 -13.8 -15.0  -5.6   6.3  11.4  15.3  16.4  15.5  10.1  -1.2  -2.8  -5.5 
1977 -14.0  -8.7  -1.9   7.7  15.3  18.1  19.8  16.9  10.5   2.3   1.4 -10.3 
1978  -8.6 -11.1  -0.5   5.3  11.8  14.5  17.4  16.8  10.6   4.0   0.8 -15.6 
1979 -12.0 -10.0  -2.2   2.8  18.0  16.5  18.6  18.1  12.1   3.7  -1.9  -6.3 
1980 -12.5  -9.0  -8.1   5.9  10.4  17.6  18.0  14.6  11.5   4.9  -2.5  -5.0 
1981  -6.1  -5.9  -5.2   3.0  13.4  19.9  22.5  19.6  11.5   7.8  -1.3  -3.9 
1982 -11.0 -10.5  -2.9   5.7  12.6  14.5  18.9  17.3  13.0   3.2   0.6  -2.3 
1983  -5.4  -7.3  -4.0  10.7  14.7  14.6  18.3  16.3  12.2   5.2  -2.7  -4.4 
1984  -6.3 -13.9  -3.5   6.8  16.6  17.0  19.1  15.3  13.6   6.1  -4.4 -11.4 
1985 -10.2 -14.2  -6.3   4.8  13.7  15.9  17.3  19.9  10.7   4.9  -2.9  -7.3 
1986  -8.3 -16.2  -1.7   9.1  13.1  19.3  17.7  17.4   9.8   4.3  -2.1  -9.1 
1987 -19.6  -8.8  -6.7   2.5  13.9  19.5  17.4  16.4   9.5   2.5  -5.5  -9.3 
1988  -9.4  -8.5  -2.0   6.3  14.4  20.1  22.1  17.6  11.3   5.0  -6.5  -8.7 
1989  -4.5  -2.3  -0.1   7.7  13.0  20.9  19.4  17.0  12.7   5.6  -3.2  -6.2 
1990 -99.0 -99.0 -99.0 -99.0 -99.0 -99.0 -99.0 -99.0 -99.0 -99.0 -99.0 -99.0 
1991 -99.0 -99.0 -99.0 -99.0 -99.0 -99.0 -99.0 -99.0 -99.0 -99.0 -99.0 -99.0 
1992 -99.0 -99.0 -99.0 -99.0 -99.0 -99.0 -99.0 -99.0 -99.0 -99.0 -99.0 -99.0 
1993 -99.0 -99.0 -99.0 -99.0 -99.0 -99.0 -99.0 -99.0 -99.0 -99.0 -99.0 -99.0 
1994 -99.0 -99.0 -99.0 -99.0 -99.0 -99.0 -99.0 -99.0 -99.0 -99.0 -99.0 -99.0 
1995 -99.0 -99.0 -99.0 -99.0 -99.0 -99.0 -99.0 -99.0 -99.0 -99.0 -99.0 -99.0 
1996 -99.0 -99.0 -99.0 -99.0 -99.0 -99.0 -99.0 -99.0 -99.0 -99.0 -99.0 -99.0 
1997 -99.0 -99.0 -99.0 -99.0 -99.0 -99.0 -99.0 -99.0 -99.0 -99.0 -99.0 -99.0 
1998 -99.0 -99.0 -99.0 -99.0 -99.0 -99.0 -99.0 -99.0 -99.0 -99.0 -99.0 -99.0 
1999 -99.0 -99.0 -99.0 -99.0 -99.0 -99.0 -99.0 -99.0 -99.0 -99.0 -99.0 -99.0 
2000 -99.0 -99.0 -99.0 -99.0 -99.0 -99.0 -99.0 -99.0 -99.0 -99.0 -99.0 -99.0 
2001 -99.0 -99.0 -99.0 -99.0 -99.0 -99.0 -99.0 -99.0 -99.0 -99.0 -99.0 -99.0 
2002 -99.0 -99.0 -99.0 -99.0 -99.0 -99.0 -99.0 -99.0 -99.0 -99.0 -99.0 -99.0 
2003 -99.0 -99.0 -99.0 -99.0 -99.0 -99.0 -99.0 -99.0 -99.0 -99.0 -99.0 -99.0 
2004 -99.0 -99.0 -99.0 -99.0 -99.0 -99.0 -99.0 -99.0 -99.0 -99.0 -99.0 -99.0 
2005 -99.0 -99.0 -99.0 -99.0 -99.0 -99.0 -99.0 -99.0 -99.0 -99.0 -99.0 -99.0 
2006 -99.0 -99.0 -99.0 -99.0 -99.0 -99.0 -99.0 -99.0 -99.0 -99.0 -99.0 -99.0 
2007 -99.0 -99.0 -99.0 -99.0 -99.0 -99.0 -99.0 -99.0 -99.0 -99.0 -99.0 -99.0 
2008 -99.0 -99.0 -99.0 -99.0 -99.0 -99.0 -99.0 -99.0 -99.0 -99.0 -99.0 -99.0 
2009 -99.0 -99.0 -99.0 -99.0 -99.0 -99.0 -99.0 -99.0 -99.0 -99.0 -99.0 -99.0 
2010 -99.0 -99.0 -99.0 -99.0 -99.0  19.4  25.5  21.9  12.4   3.2   2.4  -7.8 
