Number= 278230
Name= PAVELEC
Country= RUSSIA (EUROP
Lat=   53.8
Long=  -39.3
Height= 209
Start year= 1927
End year= 2010
First Good year= 1927
Source ID= 37
Source file= Jones
Jones data to= 1990
Normals source= Data
Normals source start year= 1961
Normals source end year= 1990
Normals= -10.5  -9.7  -4.3   5.5  13.5  16.9  18.3  17.0  11.4   4.4  -2.0  -6.9 
Standard deviations source= Data
Standard deviations source start year= 1941
Standard deviations source end year= 1990
Standard deviations=   4.2   4.1   2.8   2.4   2.4   2.2   1.6   1.5   1.5   1.9   2.1   3.0 
Obs:
1927 -15.5 -10.9  -5.1   3.3  10.9  17.5  18.4  19.2  13.0   4.9  -3.0 -12.0 
1928  -9.6 -14.0  -9.6   0.6  11.9  13.4  17.6  15.0  11.2   3.4   1.4  -7.5 
1929 -11.9 -20.0  -8.7  -2.6  15.0  14.7  19.0  21.1   9.4   7.9  -0.1  -8.5 
1930  -6.7 -11.6  -0.5   7.3  13.4  13.2 -99.0 -99.0 -99.0   5.6  -0.2 -10.5 
1931 -13.1 -17.8  -5.7   1.8  14.2  16.6  20.8  17.0  10.7   3.8  -4.0  -8.2 
1932  -4.4 -15.8  -9.5   3.4  14.6  17.6  19.4  19.2  12.7   5.9  -0.8  -2.7 
1933 -14.2 -12.0  -5.2   3.9   9.8  15.0  20.4  15.4  11.4   5.0  -2.8 -16.1 
1934 -11.0  -8.2  -3.7   5.6  15.2  13.8  18.9  17.1  12.5   7.1   0.6 -10.4 
1935 -12.1  -5.9  -4.7   4.3  10.1  17.2  15.9  16.7  12.0   8.9  -3.7  -6.6 
1936  -5.2 -14.2  -4.6   4.0  12.7  20.1  23.7  19.0  10.9   2.2  -0.2  -3.7 
1937 -12.8  -8.6  -2.5   6.9  11.9  17.0  17.9  17.6  15.2   5.6  -0.9  -6.1 
1938  -9.5  -7.8  -2.5   4.3  12.8  16.7  23.4  21.8  15.3   6.9   2.5 -12.3 
1939 -10.2  -6.4  -5.9   3.1  12.4  18.1  21.2  19.8   9.2   2.2  -0.7  -7.4 
1940 -19.6 -12.8  -6.5   3.1  12.4  16.0  19.4  18.2  13.2   1.9   1.5  -8.3 
1941 -14.2 -10.6  -7.9   0.5   7.5  12.8  20.6  17.0   9.6 -99.0 -99.0 -99.0 
1942 -99.0 -12.7 -11.2   1.1  11.3  14.0  18.4  16.7  11.2   5.9  -4.6  -8.4 
1943 -15.7 -10.0  -6.2   6.0  13.1  16.9  17.6  17.3  11.1   5.0  -1.3  -4.6 
1944  -4.8  -5.9  -2.7   2.5  12.5  15.5  17.8  16.0  13.5   5.0  -2.5 -10.7 
1945 -13.1 -13.0  -7.7   2.3   8.7  15.4  17.8  17.2  10.8   2.6  -3.1 -11.2 
1946  -9.4  -7.9  -5.9   3.7  12.9  21.1  18.2  19.5  11.5  -0.2  -4.3 -10.1 
1947 -12.4 -13.5  -5.3   4.8  10.5  17.2  18.8  17.8  11.7   2.9  -2.0  -4.1 
1948  -8.6 -11.1  -6.1   3.5  15.9  21.0  16.7  17.7  10.5   4.6  -2.2  -6.5 
1949  -5.6  -9.5  -4.6   3.5  15.8  17.2  17.2  16.4  12.0   3.7  -1.5  -5.3 
1950 -18.4  -8.5  -4.3   8.5  12.8  14.9  15.8  14.3  11.8   4.3  -2.0  -7.7 
1951 -13.4 -16.0  -4.4   8.7   9.9  17.4  18.6  18.2  11.5   2.0  -5.6  -3.2 
1952  -5.6  -8.2 -10.9   2.7  10.9  16.9  17.4  17.1  12.1   4.9  -1.1  -7.3 
1953 -10.2 -16.0  -4.2   6.0  11.9  19.4  18.9  17.6  10.2   4.7  -4.4  -6.7 
1954 -17.4 -16.9  -6.1   3.3  13.5  19.8  21.0  19.6  12.9   5.3  -1.8  -5.9 
1955  -6.9  -6.8  -5.3   1.9  10.8  15.6  18.2  18.0  13.8   7.8  -4.3 -13.0 
1956 -11.7 -20.9  -6.2   4.0  11.2  21.5  15.5  15.6   9.0   4.5  -7.5  -6.1 
1957  -9.0  -3.0  -6.9   6.0  15.4  16.6  18.4  17.3  13.7   4.2  -1.8  -5.5 
1958  -7.7  -8.9  -6.7   3.1  13.5  14.7  17.9  16.0   9.4   5.8  -2.2  -6.5 
1959  -6.0  -7.6  -4.6   6.1  12.9  17.4  21.1  17.3   8.6   1.8  -5.9 -11.9 
1960  -8.8  -9.0  -7.7   3.7  11.7  18.9  21.8  17.2  10.3   3.2  -3.6  -1.0 
1961  -7.1  -4.7  -0.5   4.4  12.0  19.6  19.6  17.6  10.4   5.5  -3.3  -8.7 
1962  -6.4  -9.4  -5.3   7.6  13.9  14.0  17.2  15.0  10.9   5.9   1.1  -8.0 
1963 -18.8 -10.8 -11.1   2.6  17.2  14.3  19.3  19.0  14.9   5.9  -0.7 -11.3 
1964 -10.1 -13.3  -7.9   3.7  11.3  19.0  19.4  15.9  12.2   6.1  -2.7  -3.3 
1965 -10.6 -11.8  -5.3   1.8  10.1  16.4  17.5  16.1  13.4   3.1  -5.6  -2.2 
1966  -7.8  -8.8  -0.7   9.4  16.0  16.4  19.9  18.4  10.2   6.0  -1.6 -10.8 
1967 -16.0 -14.0  -2.3   6.2  17.9  16.3  17.6  18.4  11.8   8.0  -0.7 -10.1 
1968 -16.0 -11.2  -4.6   5.6  13.0  18.0  16.2  18.2  11.8   2.6  -3.8  -5.9 
1969 -17.0 -14.0  -8.2   5.9  11.4  14.8  17.6  16.5  10.3   3.9   0.8 -10.0 
1970 -10.7  -8.6  -5.0   5.9  12.8  16.1  19.9  16.1  11.5   5.2  -2.0  -6.5 
1971  -4.9 -11.6  -6.4   2.9  12.9  17.2  18.4  17.4  12.0   3.3  -0.3  -6.7 
1972 -16.4 -11.8  -5.0   6.0  13.5  19.8  22.3  23.3  11.7   4.8  -0.9  -2.4 
1973 -11.8  -4.1  -4.3   8.3  13.7  17.6  17.2  15.7   7.5   2.7  -2.7  -6.2 
1974 -12.1  -3.6  -1.6   3.1  10.3  15.8  17.9  16.2  13.6   8.9   1.3  -4.6 
1975  -5.1  -9.1  -1.9  10.2  17.5  19.2  18.6  15.9  14.1   3.3  -4.8  -5.4 
1976 -13.1 -15.2  -6.1   5.6  10.3  14.2  15.7  14.7  10.2  -1.6  -1.8  -4.6 
1977 -13.7  -7.7  -2.4   7.0  14.4  17.1  18.5  16.3   9.9   2.4   1.4 -10.0 
1978  -9.6 -11.0  -1.5   4.9  11.1  13.8  16.3  16.2   9.7   3.1   1.1 -14.1 
1979 -12.1 -10.2  -2.8   2.3  17.8  17.6  17.0  17.4  12.0   3.2  -2.0  -5.5 
1980 -12.7  -9.9  -8.8   4.9   9.1  17.1  17.4  14.4  11.4   4.6  -2.5  -4.5 
1981  -6.9  -6.4  -5.2   2.1  13.5  20.1  22.3  18.5  11.2   6.7  -1.5  -3.8 
1982  -9.8 -10.3  -2.3   4.9  11.5  13.8  17.8  16.8  12.3   3.5   0.3  -2.1 
1983  -4.8  -6.9  -4.5  10.0  15.0  14.7  18.1  16.6  11.9   5.0  -2.7  -4.9 
1984  -6.3 -14.3  -4.5   6.5  17.0  15.9  17.4  15.2  13.0   5.7  -4.2 -10.8 
1985 -10.5 -15.4  -8.1   4.3  14.3  15.5  16.3  19.6  10.4   4.8  -3.3  -7.1 
1986  -7.5 -17.0  -3.0   8.1  13.3  18.9  17.6  17.4   9.1   4.0  -2.5  -8.5 
1987 -18.8  -8.7  -8.5   1.7  13.6  18.1  17.0  15.4   9.1   2.3  -4.6  -8.7 
1988  -9.4  -8.6  -3.3   4.9  14.3  19.4  21.4  16.8  11.3   4.6  -6.7  -8.3 
1989  -3.9  -2.5   0.2   7.3  12.9  20.4  18.7  17.3  12.9   5.4  -2.4  -5.5 
1990  -4.6  -0.1   1.6   7.7 -99.0 -99.0 -99.0 -99.0 -99.0 -99.0 -99.0 -99.0 
1991 -99.0 -99.0 -99.0 -99.0 -99.0 -99.0 -99.0 -99.0 -99.0 -99.0 -99.0 -99.0 
1992 -99.0 -99.0 -99.0 -99.0 -99.0 -99.0 -99.0 -99.0 -99.0 -99.0 -99.0 -99.0 
1993 -99.0 -99.0 -99.0 -99.0 -99.0 -99.0 -99.0 -99.0 -99.0 -99.0 -99.0 -99.0 
1994 -99.0 -99.0 -99.0 -99.0 -99.0 -99.0 -99.0 -99.0 -99.0 -99.0 -99.0 -99.0 
1995 -99.0 -99.0 -99.0 -99.0 -99.0 -99.0 -99.0 -99.0 -99.0 -99.0 -99.0 -99.0 
1996 -99.0 -99.0 -99.0 -99.0 -99.0 -99.0 -99.0 -99.0 -99.0 -99.0 -99.0 -99.0 
1997 -99.0 -99.0 -99.0 -99.0 -99.0 -99.0 -99.0 -99.0 -99.0 -99.0 -99.0 -99.0 
1998 -99.0 -99.0 -99.0 -99.0 -99.0 -99.0 -99.0 -99.0 -99.0 -99.0 -99.0 -99.0 
1999 -99.0 -99.0 -99.0 -99.0 -99.0 -99.0 -99.0 -99.0 -99.0 -99.0 -99.0 -99.0 
2000 -99.0 -99.0 -99.0 -99.0 -99.0 -99.0 -99.0 -99.0 -99.0 -99.0 -99.0 -99.0 
2001 -99.0 -99.0 -99.0 -99.0 -99.0 -99.0 -99.0 -99.0 -99.0 -99.0 -99.0 -99.0 
2002 -99.0 -99.0 -99.0 -99.0 -99.0 -99.0 -99.0 -99.0 -99.0 -99.0 -99.0 -99.0 
2003 -99.0 -99.0 -99.0 -99.0 -99.0 -99.0 -99.0 -99.0 -99.0 -99.0 -99.0 -99.0 
2004 -99.0 -99.0 -99.0 -99.0 -99.0 -99.0 -99.0 -99.0 -99.0 -99.0 -99.0 -99.0 
2005 -99.0 -99.0 -99.0 -99.0 -99.0 -99.0 -99.0 -99.0 -99.0 -99.0 -99.0 -99.0 
2006 -99.0 -99.0 -99.0 -99.0 -99.0 -99.0 -99.0 -99.0 -99.0 -99.0 -99.0 -99.0 
2007 -99.0 -99.0 -99.0 -99.0 -99.0 -99.0 -99.0 -99.0 -99.0 -99.0 -99.0 -99.0 
2008 -99.0 -99.0 -99.0 -99.0 -99.0 -99.0 -99.0 -99.0 -99.0 -99.0 -99.0 -99.0 
2009 -99.0 -99.0 -99.0 -99.0 -99.0 -99.0 -99.0 -99.0 -99.0 -99.0 -99.0 -99.0 
2010 -99.0 -99.0 -99.0 -99.0 -99.0  20.0  25.8  23.3  12.6   3.3   3.2  -6.8 
