Number= 241050
Name= ESSEJ
Country= RUSSIA (ASIA)
Lat=   68.5
Long= -102.4
Height= 271
Start year= 1937
End year= 2007
First Good year= 1937
Source ID= 37
Source file= Jones+Anders
Jones data to= 1993
Normals source= Data
Normals source start year= 1961
Normals source end year= 1990
Normals= -36.2 -33.6 -24.1 -13.5  -3.4   6.7  13.5  10.8   2.6 -11.8 -27.4 -32.0 
Standard deviations source= Data
Standard deviations source start year= 1941
Standard deviations source end year= 1990
Standard deviations=   4.7   4.6   4.0   3.4   2.0   2.4   1.9   1.9   1.9   3.7   5.3   5.2 
Obs:
1937 -25.6 -30.6 -30.9 -14.5  -0.5   8.1  13.4   6.5   3.4 -12.0 -22.4 -99.0 
1938 -29.5 -34.0 -22.3 -99.0 -99.0   7.9  12.1 -99.0 -99.0 -99.0 -99.0 -99.0 
1939 -38.1 -23.9 -22.3 -14.0  -5.3   7.7  11.4  11.0   3.2 -99.0 -26.2 -23.9 
1940 -38.5 -27.7 -22.5 -12.0  -2.4   9.0  12.1   9.5   2.1 -14.2 -29.0 -40.6 
1941 -43.2 -38.6 -32.5 -16.4  -1.6  11.1  15.3  11.5   3.2  -7.3 -29.3 -39.8 
1942 -29.3 -33.4 -30.7 -15.5  -0.4   7.8  14.9   9.0   3.7 -13.6 -28.2 -25.9 
1943 -35.6 -25.9 -18.4  -4.6  -1.3   8.9  12.3  11.3   4.5  -7.8 -27.9 -99.0 
1944 -99.0 -99.0 -99.0 -99.0  -2.3   6.0  13.1 -99.0 -99.0 -99.0 -99.0 -99.0 
1945 -99.0 -99.0 -99.0 -99.0 -99.0  13.6  14.9  10.8   5.5  -7.1 -32.6 -38.3 
1946 -41.5 -38.8 -24.6 -99.0 -99.0 -99.0 -99.0   9.1  -1.2 -99.0 -30.7 -39.2 
1947 -35.6 -38.2 -22.0 -10.6   1.3   8.6  14.9  10.1   1.0  -2.4 -27.4 -29.4 
1948 -30.5 -32.9 -21.4 -13.7  -2.3   6.4  13.3   9.4   5.7  -4.7 -18.3 -31.6 
1949 -29.5 -30.7 -20.7  -9.5  -0.7   5.6  12.2  10.2   4.2  -6.1 -31.0 -23.4 
1950 -41.4 -33.6 -24.1 -14.9   0.2   9.0  12.9   8.3   2.0 -10.9 -30.7 -32.4 
1951 -99.0 -99.0 -99.0 -99.0 -99.0   5.9  12.2   8.2   4.5  -7.1 -24.3 -27.3 
1952 -36.5 -30.6 -29.1 -15.1  -3.6   7.1  11.3   9.1   4.8 -15.8 -30.9 -39.4 
1953 -99.0 -99.0 -99.0 -99.0 -99.0 -99.0 -99.0 -99.0   1.8  -8.7 -25.8 -29.7 
1954 -39.3 -36.1 -20.7 -13.6  -5.4  10.2  13.7  13.1  -0.5 -10.7 -24.8 -28.2 
1955 -25.5 -38.6 -31.5 -12.5  -3.9   8.1  15.5  11.0   1.5 -11.9 -30.2 -42.1 
1956 -40.5 -99.0 -24.8 -15.9  -5.4   8.9  16.4   8.8   3.2 -15.1 -18.8 -30.7 
1957 -30.0 -36.1 -23.8 -14.8  -2.1   9.9  13.7  10.6  -1.3 -14.8 -36.9 -37.9 
1958 -32.3 -34.6 -29.0 -17.6  -4.6   4.8  14.8   7.7   1.2 -16.0 -32.0 -42.0 
1959 -40.1 -31.2 -18.0 -13.8  -3.9  11.7  13.5  11.5   3.5 -12.1 -25.3 -36.7 
1960 -39.0 -37.4 -29.2 -14.6  -3.0   8.5  11.7   8.0   2.1 -14.5 -33.2 -24.7 
1961 -41.5 -34.9 -18.4 -13.4  -3.8   4.3  11.3   7.9   4.4 -12.1 -24.4 -35.6 
1962 -28.9 -29.3 -23.9 -12.1  -5.7   5.7  13.4  12.0   3.8 -10.2 -30.8 -38.2 
1963 -32.8 -29.6 -21.4 -15.4  -4.5   6.6  12.7  11.9   1.4  -8.8 -23.8 -37.1 
1964 -33.5 -24.2 -28.6 -16.0  -4.8   4.4  14.5  11.4   4.8 -11.4 -29.8 -29.4 
1965 -38.8 -39.3 -21.5 -12.9  -4.0   3.4  13.3  12.5   2.2 -10.9 -36.3 -31.5 
1966 -38.3 -42.2 -29.8 -17.4  -2.2   6.2  11.7   9.8   3.4 -13.9 -32.6 -22.8 
1967 -34.2 -35.7 -23.5 -11.5  -4.2   8.6  17.4   9.8   3.0  -3.6 -17.8 -24.7 
1968 -37.5 -31.2 -15.8 -12.3  -3.3   4.9  13.5   8.8   0.2 -10.0 -37.8 -34.9 
1969 -38.6 -41.7 -26.6 -16.9  -3.6   6.1  16.0  10.8  -0.3 -13.6 -23.2 -28.5 
1970 -35.0 -38.8 -25.0 -16.6  -6.1   4.9  15.9   8.2   3.6 -14.6 -25.0 -33.3 
1971 -36.2 -34.0 -25.9 -16.0  -3.7   6.2  13.8  14.3   3.5 -10.5 -17.6 -28.5 
1972 -40.2 -35.1 -26.6 -11.3  -4.1   8.9  12.5   9.3  -1.2 -11.0 -32.0 -33.9 
1973 -34.5 -26.8 -21.8 -16.9  -3.0   5.6  13.7  11.8   3.6 -11.7 -29.6 -35.7 
1974 -42.3 -38.8 -23.7 -12.2  -5.3   3.6   8.8  11.0   2.4 -17.2 -36.4 -34.2 
1975 -32.7 -32.9 -23.6 -11.5  -1.3  10.5  14.4  10.1   3.2 -11.5 -25.2 -24.5 
1976 -30.6 -35.4 -27.1 -11.7  -5.1   6.5  10.4   8.6   3.2 -14.7 -27.1 -38.4 
1977 -36.3 -37.3 -26.9 -10.9  -1.0   6.9  11.6   8.7   2.0 -19.0 -27.6 -36.5 
1978 -41.8 -30.5 -26.0 -13.2  -4.2   7.5  15.6  11.0   1.5  -9.1 -19.1 -40.1 
1979 -45.5 -44.4 -28.6 -16.0  -5.8  10.3  15.5   9.6   1.0 -15.7 -25.6 -29.6 
1980 -38.7 -33.8 -27.1 -12.7  -5.1   6.5  14.9  14.3   3.5  -7.7 -33.5 -33.2 
1981 -23.6 -30.1 -24.0  -9.9  -4.2   8.4  14.3   9.9   1.0 -13.7 -24.1 -28.6 
1982 -37.3 -25.8 -27.4  -8.7  -2.8   6.8  12.8  12.7   1.0 -19.7 -19.0 -33.9 
1983 -33.5 -32.0 -20.9 -16.2  -3.2   7.8  12.5  17.5   5.5 -10.7 -18.6 -29.6 
1984 -30.9 -32.7 -25.2 -19.3   3.3  10.4  18.5  10.4   5.4 -13.2 -30.4 -29.6 
1985 -40.3 -36.5 -24.9 -10.9  -3.0   9.9  12.7  10.0   3.0  -9.2 -25.1 -32.8 
1986 -35.9 -27.5 -27.2 -15.7  -3.0   6.2  14.5  10.4   1.9  -8.1 -25.4 -35.9 
1987 -39.3 -32.5 -24.9 -14.2  -3.8   2.7  12.6  11.2   3.8 -10.8 -33.7 -99.0 
1988 -32.3 -35.5 -24.6 -18.1  -2.5   7.7  12.1  10.2   5.0 -10.7 -24.4 -24.3 
1989 -36.6 -26.0 -19.1 -14.6  -2.0   3.2  10.0   8.5  -0.5 -10.0 -33.2 -29.1 
1990 -38.4 -32.2 -14.4  -1.1   0.4  10.9  15.3   9.9   2.9 -99.0 -32.3 -34.4 
1991 -35.5 -36.2 -26.1 -10.9   0.2  -3.4  15.2  10.7   6.7 -10.3 -21.5 -32.4 
1992 -33.4 -30.9 -21.9 -13.7  -1.0 -99.0 -99.0 -99.0 -99.0 -99.0 -99.0 -31.3 
1993 -99.0 -27.4 -99.0 -99.0 -99.0 -99.0 -99.0 -99.0 -99.0 -99.0 -99.0 -99.0 
1994 -99.0 -99.0 -99.0 -99.0 -99.0 -99.0 -99.0 -99.0 -99.0 -99.0 -99.0 -99.0 
1995 -99.0 -99.0 -99.0 -99.0 -99.0 -99.0 -99.0 -99.0 -99.0 -99.0 -99.0 -99.0 
1996 -99.0 -99.0 -99.0 -99.0 -99.0 -99.0 -99.0 -99.0 -99.0 -99.0 -99.0 -99.0 
1997 -99.0 -99.0 -99.0 -99.0 -99.0 -99.0 -99.0 -99.0 -99.0 -99.0 -99.0 -99.0 
1998 -99.0 -99.0 -99.0 -99.0 -99.0 -99.0 -99.0 -99.0 -99.0 -99.0 -99.0 -99.0 
1999 -99.0 -99.0 -99.0 -99.0 -99.0 -99.0 -99.0 -99.0 -99.0 -99.0 -99.0 -99.0 
2000 -99.0 -99.0 -99.0 -99.0 -99.0 -99.0 -99.0 -99.0 -99.0 -99.0 -99.0 -99.0 
2001 -99.0 -99.0 -99.0 -99.0 -99.0 -99.0 -99.0 -99.0 -99.0 -99.0 -99.0 -99.0 
2002 -99.0 -99.0 -99.0 -99.0 -99.0 -99.0 -99.0 -99.0 -99.0 -99.0 -99.0 -99.0 
2003 -99.0 -99.0 -99.0 -99.0 -99.0 -99.0 -99.0 -99.0 -99.0 -99.0 -99.0 -99.0 
2004 -99.0 -99.0 -99.0 -99.0 -99.0 -99.0 -99.0 -99.0 -99.0 -99.0 -99.0 -99.0 
2005 -99.0 -99.0 -99.0 -99.0 -99.0 -99.0 -99.0 -99.0 -99.0 -99.0 -99.0 -99.0 
2006 -99.0 -99.0 -99.0 -99.0 -99.0 -99.0 -99.0 -99.0 -99.0 -99.0 -99.0 -99.0 
2007 -99.0 -99.0 -99.0 -99.0 -99.0 -99.0 -99.0 -99.0 -99.0 -99.0 -99.0 -99.0 
