Number= 249080
Name= VANAVARA
Lat=   60.3
Long= -102.2
Height= 0
Start year= 1932
End year= 2010
First Good year= 1932
Source ID= 10
Source file= Jones
Jones data to= 1989
Normals source= Data
Normals source start year= 1961
Normals source end year= 1989
Normals= -29.4 -26.5 -15.5  -4.7   5.1  13.4  16.9  13.3   5.9  -5.2 -18.9 -27.4 
Standard deviations source= Data
Standard deviations source start year= 1941
Standard deviations source end year= 1989
Standard deviations=   4.2   4.9   3.1   2.8   1.5   1.6   1.1   1.1   1.4   2.8   4.3   4.2 
Obs:
1932 -99.0 -99.0 -99.0 -99.0 -99.0 -99.0 -99.0 -99.0   7.7  -0.1 -23.2 -18.8 
1933 -99.0 -29.3 -16.5  -5.4   2.1  12.6  14.1  14.1   4.0  -3.2 -16.4 -23.4 
1934 -99.0 -99.0 -14.3  -3.4   5.2  13.9  16.0  11.8   4.1  -3.2 -17.8 -26.8 
1935 -26.4 -17.2 -12.8  -6.4   4.2  12.5  15.8  12.2   6.1  -9.4 -22.9 -32.4 
1936 -30.8 -23.9 -16.1  -4.8   4.8   9.4  18.8  12.5   5.9  -3.5 -26.1 -22.6 
1937 -23.9 -25.6 -21.3  -6.6   7.3  14.2  16.6  10.7   5.0  -5.1 -21.6 -99.0 
1938 -31.2 -23.2 -10.9 -99.0 -99.0 -99.0 -99.0 -99.0   6.0  -4.7 -18.9 -99.0 
1939 -30.3 -18.4 -13.1   0.6   4.5  16.4  15.1  13.9   7.4  -4.9 -20.4 -19.2 
1940 -35.1 -24.2 -12.2  -2.6   5.1  14.7  15.3  13.3   5.3  -6.9 -17.9 -28.7 
1941 -30.6 -29.4 -18.4  -6.4   6.4  15.1  17.6  14.0   7.2  -2.7 -19.2 -30.6 
1942 -27.7 -29.5 -18.7 -99.0   3.7  13.6  17.8  12.7   6.8  -4.8 -19.4 -21.5 
1943 -99.0 -99.0 -99.0 -99.0 -99.0 -99.0 -99.0 -99.0 -99.0 -99.0 -99.0 -99.0 
1944 -99.0 -99.0 -99.0 -99.0 -99.0 -99.0 -99.0 -99.0 -99.0 -99.0 -99.0 -99.0 
1945 -99.0 -26.4 -17.2  -0.5   9.3  14.7  16.7  12.7   8.4  -0.7 -15.9 -33.5 
1946 -28.9 -22.9 -16.9  -3.0   5.3  11.8  18.5  14.2   2.3  -2.8 -18.5 -99.0 
1947 -28.9 -25.9 -16.3  -0.3   8.3  15.7  18.0  11.7   6.0   0.4 -21.9 -23.7 
1948 -24.9 -23.5 -12.6   0.5 -99.0 -99.0 -99.0  13.1   7.7  -3.0 -16.3 -26.1 
1949 -21.9 -20.0 -16.2  -1.1   6.2  12.5  17.0  13.9   7.0  -0.9 -21.2 -28.9 
1950 -31.7 -22.2 -16.0  -5.0   6.2  15.4  16.3  15.3   5.5  -2.7 -23.3 -29.8 
1951 -33.5 -28.6 -15.2  -4.6   6.1  12.6  15.3  10.8   7.5  -2.0 -16.6 -21.4 
1952 -29.0 -28.5 -19.7  -8.2   4.5  14.8  17.0  13.8   7.3  -7.5 -29.3 -35.1 
1953 -29.9 -25.2 -12.2  -0.3   5.5  14.5  19.4  12.2   7.6  -2.8 -23.0 -20.9 
1954 -29.1 -28.7 -15.8  -6.0   4.2  15.8  16.4  15.7   5.3  -2.6 -19.6 -30.3 
1955 -22.8 -30.6 -21.2  -5.2   5.9  14.0  16.9  13.2   4.3  -1.1 -13.6 -31.6 
1956 -31.3 -25.0 -16.3  -5.1   4.1  13.0  18.2  11.8   6.2  -2.7 -20.3 -31.1 
1957 -24.2 -33.3 -16.7  -5.0   4.1  14.1  16.4  13.2   5.4  -3.8 -20.9 -22.6 
1958 -31.3 -23.7 -18.9  -8.9   5.5  13.4  16.2  13.3   3.8  -3.1 -14.0 -26.8 
1959 -30.4 -22.4  -9.5  -5.1   1.8  15.0  16.2  13.9   7.6  -5.2 -20.3 -30.5 
1960 -31.9 -22.1 -20.6  -4.7   3.8  14.0  16.0  12.6   6.2  -5.0 -21.6 -25.5 
1961 -30.6 -22.4 -10.7  -2.9   4.7  10.3  15.2  12.3   7.3  -7.4 -19.8 -99.0 
1962 -21.3 -19.4 -15.4  -4.7   5.0  13.9  17.6  13.8   6.7  -6.7 -23.2 -24.6 
1963 -27.1 -15.0 -13.7  -6.4   3.7  11.8  17.6  13.8   5.8  -0.5 -17.4 -26.2 
1964 -21.9 -25.8 -18.4  -9.2   4.6  12.6  18.0  14.1   7.0  -7.9 -19.7 -32.1 
1965 -31.1 -30.7 -14.0  -4.7   5.3  11.7  16.2  14.3   5.4  -2.2 -26.8 -31.9 
1966 -33.9 -33.5 -19.9 -11.7   5.1  13.4  15.8  13.5   7.7  -5.3 -24.5 -32.6 
1967 -24.6 -25.8 -12.4  -3.1   5.7  13.6  17.9  11.3   4.8  -0.1 -21.8 -23.8 
1968 -30.8 -25.8  -7.6  -0.3   6.3  10.8  18.9  11.4   1.8  -3.5 -25.0 -38.3 
1969 -38.4 -39.0 -18.1  -6.9   3.0  13.5  19.0  14.5   3.7  -6.3 -16.8 -27.3 
1970 -29.4 -27.2 -19.1  -2.4   3.8  13.2  18.3  12.0   5.3  -7.2 -18.0 -27.3 
1971 -23.6 -34.5 -18.9  -3.4   6.8  14.5  17.0  14.0   6.0  -0.8 -13.2 -29.7 
1972 -32.0 -23.7 -17.2  -3.0   4.0  13.8  16.0  13.2   4.9  -7.0 -24.6 -28.6 
1973 -23.8 -25.0 -14.6  -6.5   4.8  13.7  16.8  14.0   8.3  -4.7 -14.4 -21.7 
1974 -35.1 -33.7 -17.4  -5.2   2.7  12.5  14.8  14.6   5.9 -10.7 -24.0 -29.2 
1975 -24.3 -26.4 -10.6  -2.0   6.3  14.1  18.2  12.8   6.4  -2.6 -16.9 -25.1 
1976 -27.5 -27.7 -18.0  -3.5   4.8  13.6  17.1  11.6   6.9  -8.9 -19.2 -32.6 
1977 -36.4 -32.7 -15.0  -4.9   4.6  13.9  15.9  12.1   5.1  -7.1 -12.8 -28.5 
1978 -28.3 -23.9 -16.5  -1.7   5.6  13.5  16.9  13.0   5.4  -2.8  -9.0 -27.1 
1979 -37.8 -28.4 -16.1  -7.1   4.6  17.0  17.0  12.6   6.3  -8.1 -21.2 -24.5 
1980 -34.8 -24.7 -18.9  -6.2   3.4  14.4  17.6  15.2   6.9  -5.1 -17.1 -28.4 
1981 -25.4 -25.7 -12.8   0.7   9.8  13.6  16.9  12.6   6.2  -8.1 -19.2 -20.9 
1982 -31.9 -21.1 -18.7   0.1   5.8  15.6  16.8  13.6   3.7 -11.2 -19.5 -20.3 
1983 -24.1 -24.5 -12.7  -7.2   3.5  12.4  14.9  13.1   6.0  -2.3 -10.8 -21.9 
1984 -29.8 -24.9 -17.5 -10.2   6.5  15.4  17.1  13.8   5.9  -8.7 -24.5 -29.9 
1985 -32.6 -36.1 -15.6  -3.3   5.0  17.6  16.4  13.1   5.7  -3.1 -19.4 -31.7 
1986 -31.1 -20.4 -13.8  -4.3   4.2  15.0  19.3  14.6   7.0  -3.1 -14.0 -27.4 
1987 -31.8 -25.5 -19.4  -6.8   4.5   9.9  16.9  14.1   6.4  -5.7 -26.5 -26.7 
1988 -26.9 -29.0 -15.8  -3.2   5.5  11.5  16.0  13.8   8.5  -1.5 -13.5 -24.3 
1989 -25.8 -16.2 -11.0  -5.5   7.3  11.4  15.2  12.3   5.0  -3.1 -15.7 -23.9 
1990 -99.0 -99.0 -99.0 -99.0 -99.0 -99.0 -99.0 -99.0 -99.0 -99.0 -99.0 -99.0 
1991 -99.0 -99.0 -99.0 -99.0 -99.0 -99.0 -99.0 -99.0 -99.0 -99.0 -99.0 -99.0 
1992 -99.0 -99.0 -99.0 -99.0 -99.0 -99.0 -99.0 -99.0 -99.0 -99.0 -99.0 -99.0 
1993 -99.0 -99.0 -99.0 -99.0 -99.0 -99.0 -99.0 -99.0 -99.0 -99.0 -99.0 -99.0 
1994 -99.0 -99.0 -99.0 -99.0 -99.0 -99.0 -99.0 -99.0 -99.0 -99.0 -99.0 -99.0 
1995 -99.0 -99.0 -99.0 -99.0 -99.0 -99.0 -99.0 -99.0 -99.0 -99.0 -99.0 -99.0 
1996 -99.0 -99.0 -99.0 -99.0 -99.0 -99.0 -99.0 -99.0 -99.0 -99.0 -99.0 -99.0 
1997 -99.0 -99.0 -99.0 -99.0 -99.0 -99.0 -99.0 -99.0 -99.0 -99.0 -99.0 -99.0 
1998 -99.0 -99.0 -99.0 -99.0 -99.0 -99.0 -99.0 -99.0 -99.0 -99.0 -99.0 -99.0 
1999 -99.0 -99.0 -99.0 -99.0 -99.0 -99.0 -99.0 -99.0 -99.0 -99.0 -99.0 -99.0 
2000 -99.0 -99.0 -99.0 -99.0 -99.0 -99.0 -99.0 -99.0 -99.0 -99.0 -99.0 -99.0 
2001 -99.0 -99.0 -99.0 -99.0 -99.0 -99.0 -99.0 -99.0 -99.0 -99.0 -99.0 -99.0 
2002 -99.0 -99.0 -99.0 -99.0 -99.0 -99.0 -99.0 -99.0 -99.0 -99.0 -99.0 -99.0 
2003 -99.0 -99.0 -99.0 -99.0 -99.0 -99.0 -99.0 -99.0 -99.0 -99.0 -99.0 -99.0 
2004 -99.0 -99.0 -99.0 -99.0 -99.0 -99.0 -99.0 -99.0 -99.0 -99.0 -99.0 -99.0 
2005 -99.0 -99.0 -99.0 -99.0 -99.0 -99.0 -99.0 -99.0 -99.0 -99.0 -99.0 -99.0 
2006 -99.0 -99.0 -99.0 -99.0 -99.0 -99.0 -99.0 -99.0 -99.0 -99.0 -99.0 -99.0 
2007 -99.0 -99.0 -99.0 -99.0 -99.0 -99.0 -99.0 -99.0 -99.0 -99.0 -99.0 -99.0 
2008 -99.0 -99.0 -99.0 -99.0 -99.0 -99.0 -99.0 -99.0 -99.0 -99.0 -99.0 -99.0 
2009 -99.0 -99.0 -99.0 -99.0 -99.0 -99.0 -99.0 -99.0 -99.0 -99.0 -99.0 -99.0 
2010 -99.0 -99.0 -99.0 -99.0 -99.0  14.5  18.3  13.0   4.5  -3.0 -14.1 -36.1 
