Number= 249440
Name= OLEKMINSK
Country= RUSSIA
Lat=   60.4
Long= -120.4
Height= 223
Start year= 1882
End year= 2007
First Good year= 1882
Source ID= 10
Source file= Jones+Anders
Jones data to= 1990
Normals source= Data
Normals source start year= 1961
Normals source end year= 1990
Normals= -31.8 -27.8 -15.7  -4.0   6.8  14.5  18.0  14.7   6.5  -5.3 -21.4 -29.4 
Standard deviations source= Data
Standard deviations source start year= 1941
Standard deviations source end year= 1990
Standard deviations=   4.8   4.4   3.6   2.2   1.6   1.6   1.6   1.3   1.6   2.1   4.0   4.0 
Obs:
1882 -99.0 -99.0 -99.0 -99.0 -99.0 -99.0 -99.0  14.7   7.5  -5.4 -22.4 -37.3 
1883 -35.3 -99.0 -99.0  -3.4   7.0 -99.0  18.0  13.2   4.4  -3.2 -22.8 -29.6 
1884 -30.9 -26.2 -23.8  -7.3   2.9  13.4  18.4  14.2   7.0  -6.6 -20.8 -29.1 
1885 -32.0 -30.0 -17.8 -10.6   3.0  14.0  19.1  13.8   5.9  -6.8 -22.0 -30.2 
1886 -36.9 -31.0 -18.4  -3.4   5.8  12.2  16.9   9.9   7.2  -4.4 -21.4 -31.5 
1887 -34.6 -26.3 -15.2  -4.5   7.0  16.0  19.0  10.6   6.8  -4.0 -22.6 -35.7 
1888 -36.1 -34.1 -19.8  -4.9   4.3  12.6  17.3  15.3   4.9  -6.0 -18.0 -34.6 
1889 -39.3 -20.5 -22.6  -5.7   5.0  15.4  19.5  14.4   6.5 -99.0 -99.0 -99.0 
1890 -99.0 -99.0 -99.0 -99.0 -99.0  16.0  17.2  14.4   9.7  -1.2 -24.6 -38.2 
1891 -36.7 -25.5 -12.0 -99.0   7.7  16.2  19.6  14.6   6.4  -8.0 -23.2 -99.0 
1892 -99.0 -99.0 -23.4  -3.8   5.7  16.0  16.8  13.0   7.7  -2.8 -21.0 -99.0 
1893 -99.0 -31.8 -17.2  -2.4   6.6  16.0  21.8  13.1   5.7  -3.4 -23.2 -35.5 
1894 -37.5 -26.1 -99.0  -4.1   6.4  13.2  21.5  14.8   8.6  -2.8 -99.0 -99.0 
1895 -99.0 -99.0 -99.0 -99.0 -99.0  16.6  17.7  14.1 -99.0 -99.0 -99.0 -99.0 
1896 -99.0 -99.0 -99.0 -99.0 -99.0 -99.0 -99.0 -99.0   7.6  -4.0 -99.0 -99.0 
1897 -99.0 -99.0 -99.0 -99.0 -99.0 -99.0 -99.0 -99.0 -99.0 -99.0 -99.0 -99.0 
1898 -99.0 -99.0 -99.0 -99.0 -99.0 -99.0 -99.0 -99.0 -99.0 -99.0 -99.0 -99.0 
1899 -99.0 -99.0 -99.0 -99.0 -99.0 -99.0 -99.0 -99.0 -99.0 -99.0 -99.0 -99.0 
1900 -99.0 -99.0 -99.0 -99.0 -99.0 -99.0 -99.0 -99.0  10.7  -3.6 -20.1 -28.6 
1901 -34.8 -24.8 -14.5  -4.3   6.0  15.5  19.0  16.9   7.5  -6.0 -19.3 -33.9 
1902 -38.7 -24.8 -19.7  -7.7   4.7  15.6  18.2  14.0   9.1  -6.2 -20.8 -30.1 
1903 -28.4 -15.2 -14.1  -5.5   6.6  15.8  21.5  15.0   6.0  -5.4 -17.1 -36.9 
1904 -27.8 -34.4 -15.0  -3.4   6.0  11.9  16.8  13.7   6.6  -8.3 -12.0 -29.1 
1905 -24.4 -25.0 -15.1  -6.2   4.0  14.3  19.4  14.3   6.1  -5.5 -20.3 -33.6 
1906 -41.0 -34.5 -14.8  -2.9   6.8  16.8  19.7  18.3   7.8  -2.2 -23.0 -24.2 
1907 -37.4 -28.4 -16.1  -1.7 -99.0 -99.0 -99.0 -99.0 -99.0 -99.0 -99.0 -99.0 
1908 -99.0 -20.3 -19.6  -5.4   6.2  17.3  22.7  14.3   9.9  -1.9 -20.2 -35.1 
1909 -99.0 -99.0 -99.0 -99.0 -99.0 -99.0 -99.0 -99.0 -99.0 -99.0 -99.0 -99.0 
1910 -99.0 -99.0 -99.0 -99.0 -99.0 -99.0 -99.0 -99.0 -99.0 -99.0 -99.0 -99.0 
1911 -36.2 -23.7 -19.7  -3.4   6.8  13.6  17.1  16.6   4.7  -0.7 -19.6 -32.5 
1912 -29.1 -30.9 -21.6  -5.0   5.8  16.4  19.1  13.0   5.3  -9.5 -21.6 -35.8 
1913 -36.3 -32.8 -16.7  -8.6   4.9  15.0  18.1  13.7   7.0  -6.1 -23.7 -26.9 
1914 -31.4 -26.1 -22.9  -4.1   5.5  16.7  20.8  16.2   8.5  -4.3 -24.3 -23.1 
1915 -46.3 -32.2 -20.3  -6.4   6.2  13.6  18.0  11.1   4.6  -6.8 -19.0 -34.2 
1916 -33.4 -32.2 -99.0  -6.7   5.7  14.0  19.1  15.8   4.2  -2.1 -19.1 -99.0 
1917 -39.3 -99.0 -99.0 -99.0 -99.0 -99.0 -99.0 -99.0 -99.0 -99.0 -99.0 -99.0 
1918 -99.0 -99.0 -99.0 -99.0 -99.0 -99.0 -99.0 -99.0 -99.0 -99.0 -99.0 -99.0 
1919 -99.0 -99.0 -99.0 -99.0 -99.0 -99.0 -99.0 -99.0 -99.0 -99.0 -99.0 -99.0 
1920 -99.0 -99.0 -99.0 -99.0 -99.0 -99.0 -99.0 -99.0 -99.0 -99.0 -99.0 -99.0 
1921 -99.0 -99.0 -99.0 -99.0 -99.0 -99.0 -99.0 -99.0 -99.0 -99.0 -99.0 -99.0 
1922 -99.0 -99.0 -99.0 -99.0 -99.0 -99.0 -99.0 -99.0 -99.0 -99.0 -99.0 -99.0 
1923 -99.0 -99.0 -99.0 -99.0 -99.0 -99.0 -99.0 -99.0 -99.0 -99.0 -99.0 -99.0 
1924 -99.0 -99.0 -99.0 -99.0 -99.0 -99.0 -99.0 -99.0 -99.0 -99.0 -99.0 -99.0 
1925 -99.0 -99.0 -99.0 -99.0 -99.0 -99.0 -99.0  16.3   7.8  -2.1 -18.2 -38.3 
1926 -27.8 -24.2 -11.1  -6.0   4.3  13.0  19.3  17.6   7.9  -4.1 -15.9 -29.8 
1927 -34.2 -29.1 -21.6  -5.3   7.1  16.6  16.8  13.5   7.9 -99.0 -99.0 -99.0 
1928 -99.0 -99.0 -16.9  -5.6   3.8  15.5  17.3  15.6   5.7  -2.2 -23.0 -22.8 
1929 -34.5 -32.8 -13.5  -4.3   8.0  14.5  17.2  17.2   5.5  -5.7 -21.3 -36.2 
1930 -23.5 -35.0 -13.2  -5.4   5.6  16.3  19.8  16.8   6.9  -3.7 -19.3 -29.0 
1931 -39.9 -35.3 -16.8  -7.5   7.3  15.7  18.1  13.9   9.5  -2.0 -15.1 -21.0 
1932 -24.1 -27.0 -16.3  -4.9   6.1  15.1  21.3  15.1   9.3  -2.4 -25.7 -25.0 
1933 -30.1 -33.5 -21.7  -7.0   4.1  15.9  17.2  16.2   7.6  -0.6 -19.5 -29.9 
1934 -29.9 -16.2 -18.5  -6.0   7.1  16.1  20.4  15.2   6.4  -3.6 -21.3 -27.3 
1935 -29.1 -17.8 -20.1  -5.9   6.0  13.8  19.3  14.8   6.7  -6.8 -26.7 -29.7 
1936 -38.3 -32.0 -20.0  -2.6   8.2  14.3  21.1  16.4   8.2  -5.1 -26.1 -24.6 
1937 -25.6 -25.2 -26.3  -4.6   8.2  17.9  19.9  14.5   7.0  -4.3 -21.1 -35.9 
1938 -30.0 -30.4 -13.0  -2.2   7.2  15.1  18.7  15.6   8.6  -5.3 -18.6 -32.1 
1939 -37.4 -22.2 -18.6  -1.6   6.0  16.0  18.1  16.5   8.1  -5.0 -21.6 -22.7 
1940 -37.6 -29.6 -17.6  -3.7   5.8  15.6  18.6  13.7   5.4  -7.8 -25.8 -32.4 
1941 -38.3 -36.8 -25.9  -7.1   5.3  16.7  21.5  16.4   6.7  -2.8 -20.4 -36.3 
1942 -27.0 -31.9 -20.1  -7.0   5.8  13.9  18.7  13.7   6.5  -6.2 -22.6 -29.9 
1943 -29.7 -24.9 -15.1  -1.4   9.0  13.8  18.6  14.6   8.8  -2.8 -23.0 -33.4 
1944 -32.6 -28.7 -16.2  -2.5   6.1  14.0  18.4  15.6   8.5  -6.4 -25.4 -32.3 
1945 -34.7 -29.8 -20.6  -1.2   7.3  16.9  19.4  16.1   8.1  -2.2 -18.3 -39.5 
1946 -32.4 -31.7 -20.5  -1.3   4.8  12.9  18.8  13.9   2.5  -2.8 -21.4 -36.2 
1947 -37.4 -30.6 -17.5  -1.7   6.8  15.8  18.5  12.5   5.3  -1.3 -25.0 -32.4 
1948 -27.8 -25.5 -12.6  -2.0   6.7  15.4  20.5  15.5   6.3  -2.5 -14.9 -27.6 
1949 -23.6 -25.4 -17.2  -4.3   8.1  15.9  18.4  15.2   7.5  -2.0 -26.7 -33.4 
1950 -33.4 -25.7 -18.0  -4.0   7.6  14.0  16.7  14.5   4.2  -4.9 -25.1 -35.3 
1951 -33.6 -33.8 -16.8  -5.2   6.6  13.0  16.0  14.8   7.8  -2.8 -16.0 -21.8 
1952 -37.0 -31.9 -19.1  -4.7   4.9  12.9  20.0  15.5   6.3  -8.2 -29.9 -33.7 
1953 -36.6 -24.9 -13.0  -0.9   7.6  15.5  18.7  13.2   5.7  -3.1 -22.2 -28.2 
1954 -32.2 -30.6 -17.0  -4.2   3.6  16.4  19.6  15.4   5.6  -6.0 -22.0 -29.9 
1955 -24.4 -34.1 -22.8  -7.0   7.4  15.6  16.7  15.0   5.0  -4.4 -20.5 -35.4 
1956 -36.6 -28.2 -19.1  -7.1   3.1  17.3  20.8  13.0   6.6  -6.0 -19.6 -30.8 
1957 -24.6 -32.9 -18.6  -3.9   6.2  14.8  16.2  14.2   3.3  -5.8 -22.8 -30.9 
1958 -34.6 -25.7 -20.9  -5.1   6.0  11.8  16.2  14.4   5.2  -5.5 -17.6 -32.0 
1959 -34.1 -21.0 -10.2  -4.3   4.4  18.4  15.9  16.9   8.2  -5.1 -19.0 -31.8 
1960 -39.8 -27.1 -21.5  -4.7   5.6  17.1  18.0  13.8   5.2  -6.4 -23.0 -31.6 
1961 -38.0 -25.2 -14.1  -5.4   6.1  13.3  18.4  16.0   8.8  -6.7 -18.8 -30.6 
1962 -20.6 -20.0 -17.0  -4.9   6.1  14.8  19.1  15.4   6.4  -4.8 -23.5 -29.8 
1963 -28.5 -20.5 -12.2  -6.9   4.0  14.2  19.6  16.7   7.6  -2.9 -20.0 -25.8 
1964 -23.1 -24.6 -16.6  -7.5   6.7  14.1  19.7  14.6   5.6  -6.1 -23.0 -33.9 
1965 -37.2 -33.2 -16.7  -2.5   5.5  12.3  16.9  15.8   7.4  -2.9 -26.2 -37.7 
1966 -33.8 -34.7 -20.6  -8.4   6.5  15.9  15.9  14.6   5.6  -5.1 -24.6 -30.6 
1967 -25.1 -27.0 -16.6  -4.0   8.2  17.5  19.9  14.1   6.0  -0.6 -18.4 -25.1 
1968 -34.1 -26.2  -8.9   1.0   7.9  14.2  19.6  14.4   5.4  -4.6 -24.9 -34.4 
1969 -38.2 -38.4 -18.7  -6.1   5.7  12.8  18.1  17.7   4.1  -5.6 -21.2 -28.7 
1970 -34.7 -29.6 -18.8  -3.9   4.4  15.3  21.1  12.9   7.0  -6.0 -18.3 -29.5 
1971 -29.9 -34.4 -18.1  -5.7   8.9  15.8  18.2  14.3   7.7  -2.7 -15.2 -27.8 
1972 -34.9 -28.0 -15.5  -3.9   5.0  12.8  16.8  12.8   6.8  -6.3 -28.4 -28.8 
1973 -24.3 -24.7 -15.1  -6.9   7.8  15.3  18.4  15.0   9.6  -5.4 -23.4 -29.3 
1974 -34.3 -33.8 -15.4  -5.1   5.9  13.5  17.9  15.0   7.5  -8.2 -23.0 -36.5 
1975 -31.5 -30.6 -11.2  -1.1   9.4  17.0  16.9  13.4   6.3  -3.1 -18.8 -23.3 
1976 -29.8 -30.2 -18.0  -1.7   6.2  12.7  17.2  14.7   6.5  -7.5 -21.9 -35.6 
1977 -34.7 -31.6 -16.5  -4.1   8.2  14.7  15.5  13.7   5.2  -8.5 -23.9 -31.3 
1978 -33.3 -25.3 -14.4  -0.7   5.2  13.8  15.0  14.9   5.0  -4.4 -10.1 -29.4 
1979 -38.6 -29.2 -16.4  -4.1   6.8  14.6  16.2  13.9   7.8  -8.2 -24.8 -24.5 
1980 -33.0 -24.8 -18.9  -7.1   5.6  14.3  20.9  17.3   6.4  -5.3 -22.3 -32.7 
1981 -26.3 -26.2 -17.9  -1.6   8.4  13.9  17.2  13.5   4.2  -6.1 -23.4 -24.7 
1982 -31.2 -24.7 -17.3  -1.1   6.6  14.6  17.8  12.4   4.6  -9.2 -26.7 -28.8 
1983 -28.5 -27.8 -12.5  -4.5   7.5  12.4  16.6  14.6   9.1  -7.5 -12.5 -25.6 
1984 -28.4 -28.2 -17.8  -4.1   8.0  13.2  18.9  13.6   5.6  -8.3 -24.0 -26.4 
1985 -39.1 -32.9 -16.1  -1.7   7.6  16.7  17.0  13.9   5.4  -5.2 -17.2 -31.1 
1986 -34.1 -22.4 -15.3  -4.9   5.7  15.7  20.9  15.9   7.6  -3.1 -20.7 -28.7 
1987 -32.9 -23.6 -19.3  -5.0   3.0  13.4  16.8  14.8   4.7  -6.3 -28.4 -32.6 
1988 -28.3 -30.1 -17.3  -2.5   6.9  15.3  19.5  14.8   9.2  -1.4 -17.4 -22.6 
1989 -28.1 -17.7 -11.6  -3.6   7.7  13.7  16.6  13.6   5.6  -5.0 -18.6 -28.8 
1990 -38.0 -28.7  -5.9  -2.5  11.0  16.9  17.2  17.6   5.6  -1.7 -21.9 -26.0 
1991 -99.0 -99.0 -99.0 -99.0 -99.0 -99.0 -99.0 -99.0 -99.0 -99.0 -99.0 -99.0 
1992 -22.7 -99.0 -99.0 -99.0 -99.0 -99.0 -99.0 -99.0 -99.0 -99.0 -99.0 -99.0 
1993 -99.0 -99.0 -99.0 -99.0 -99.0 -99.0 -99.0 -99.0 -99.0 -99.0 -99.0 -99.0 
1994 -99.0 -99.0 -99.0 -99.0 -99.0 -99.0 -99.0 -99.0 -99.0 -99.0 -99.0 -99.0 
1995 -99.0 -99.0 -99.0 -99.0 -99.0 -99.0 -99.0 -99.0 -99.0 -99.0 -99.0 -23.7 
1996 -99.0 -99.0 -99.0 -99.0 -99.0 -99.0 -99.0 -99.0 -99.0 -99.0 -99.0 -99.0 
1997 -99.0 -99.0 -99.0 -99.0 -99.0 -99.0 -99.0 -99.0 -99.0 -99.0 -99.0 -99.0 
1998 -99.0 -99.0 -99.0 -99.0 -99.0 -99.0 -99.0 -99.0 -99.0 -99.0 -99.0 -99.0 
1999 -31.0 -99.0 -99.0 -99.0 -99.0 -99.0 -99.0 -99.0 -99.0 -99.0 -99.0 -99.0 
2000 -99.0 -99.0 -99.0 -99.0 -99.0 -99.0  17.8 -99.0 -99.0 -99.0 -99.0 -99.0 
2001 -99.0 -99.0 -99.0 -99.0 -99.0 -99.0 -99.0 -99.0 -99.0 -99.0 -99.0 -99.0 
2002 -99.0 -99.0 -99.0 -99.0 -99.0 -99.0 -99.0 -99.0 -99.0 -99.0 -99.0 -99.0 
2003 -99.0 -99.0 -99.0 -99.0 -99.0 -99.0 -99.0 -99.0 -99.0 -99.0 -99.0 -99.0 
2004 -99.0 -99.0 -99.0 -99.0 -99.0 -99.0 -99.0 -99.0 -99.0 -99.0 -99.0 -99.0 
2005 -99.0 -99.0 -99.0 -99.0 -99.0 -99.0 -99.0 -99.0 -99.0 -99.0 -99.0 -99.0 
2006 -99.0 -99.0 -99.0 -99.0 -99.0 -99.0 -99.0 -99.0 -99.0 -99.0 -99.0 -99.0 
2007 -99.0 -99.0 -99.0 -99.0 -99.0 -99.0 -99.0 -99.0 -99.0 -99.0 -99.0 -99.0 
