Number= 973400
Name= WAINGAPU/MAU HAU
Country= INDONESIA
Lat=   -9.7
Long= -120.3
Height= 12
Start year= 1965
End year= 2011
First Good year= 1965
Source ID= 10
Source file= Jones+Anders
Jones data to= 1990
Normals= -99.0 -99.0 -99.0 -99.0 -99.0 -99.0 -99.0 -99.0 -99.0 -99.0 -99.0 -99.0 
Obs:
1965  26.4  27.0  26.3  26.8  26.9  25.7  25.1  25.0  26.3  28.0  28.7  28.4 
1966  27.7  26.8  27.1  27.6  27.4  26.1  26.3  26.0  26.5  28.2  28.6  27.9 
1967  26.9  26.6  26.3  27.1  26.8  25.6  24.8  25.1  26.4  28.1  29.1  27.8 
1968  26.9  26.2  27.4  27.4  27.0  26.7  26.2  26.7  26.4  28.2  28.7  28.4 
1969  27.6  27.2  27.6  27.7  27.2  25.4  25.8  26.1  26.8  28.0  29.5  28.4 
1970  28.2  27.5  27.8  28.2  27.6  26.7  25.8  25.1  26.9  28.5  28.6  28.6 
1971 -99.0 -99.0 -99.0 -99.0 -99.0 -99.0 -99.0 -99.0 -99.0 -99.0 -99.0 -99.0 
1972 -99.0 -99.0 -99.0 -99.0 -99.0 -99.0 -99.0 -99.0 -99.0 -99.0 -99.0 -99.0 
1973 -99.0 -99.0 -99.0 -99.0 -99.0 -99.0 -99.0 -99.0 -99.0 -99.0 -99.0 -99.0 
1974 -99.0 -99.0 -99.0 -99.0 -99.0 -99.0 -99.0 -99.0 -99.0 -99.0 -99.0 -99.0 
1975 -99.0 -99.0 -99.0 -99.0 -99.0 -99.0 -99.0 -99.0 -99.0 -99.0 -99.0 -99.0 
1976  27.9  27.7  28.3 -99.0  27.2  26.4 -99.0  26.4 -99.0  27.0  28.3  27.3 
1977  27.1 -99.0 -99.0  27.7  27.3  26.3  25.4  25.5  26.8  28.5  29.1  28.1 
1978  27.8  27.4  27.9 -99.0  28.6  27.0  26.2 -99.0 -99.0  28.4  28.7  28.1 
1979  28.5  27.9  27.7  28.2  28.4  27.3  26.7  26.6  27.7  28.4  29.8 -99.0 
1980  28.1  28.8  28.3  28.7  28.4  27.1  26.8  26.8  27.7  28.3 -99.0  28.9 
1981  27.4 -99.0  27.7  28.1 -99.0 -99.0 -99.0 -99.0 -99.0 -99.0 -99.0  21.7 
1982 -99.0 -99.0 -99.0 -99.0 -99.0 -99.0 -99.0 -99.0  25.3 -99.0 -99.0  28.3 
1983  25.8 -99.0  26.3  27.2 -99.0 -99.0  26.2 -99.0 -99.0  27.9  28.1  27.4 
1984 -99.0  26.2 -99.0  26.5  26.2  26.2  26.2  25.2 -99.0  27.3 -99.0 -99.0 
1985 -99.0 -99.0  27.3  27.6 -99.0 -99.0 -99.0 -99.0 -99.0 -99.0 -99.0 -99.0 
1986 -99.0 -99.0 -99.0 -99.0 -99.0 -99.0 -99.0 -99.0 -99.0 -99.0 -99.0 -99.0 
1987 -99.0  26.4 -99.0  27.3 -99.0 -99.0  25.1 -99.0  26.1  27.5  28.3  28.0 
1988  27.3  27.0  27.5 -99.0 -99.0  25.5 -99.0  26.2  27.2  28.4  28.0  26.7 
1989 -99.0 -99.0 -99.0  26.5  26.2  25.9  25.4  25.5  26.5 -99.0 -99.0  27.8 
1990  26.8  26.8  27.3  26.9  26.6  26.1  24.9 -99.0 -99.0 -99.0  29.0  27.2 
1991  26.8  26.6  26.7  26.6  25.8  26.1 -99.0 -99.0  25.6  27.0 -99.0 -99.0 
1992  27.2  26.5 -99.0 -99.0 -99.0  25.6  25.2 -99.0  26.6  28.1  27.9  27.7 
1993  27.3  26.7  26.7  26.7  26.8  26.0  24.6  25.0  26.2  27.5  28.7  27.9 
1994  27.1  27.0  26.1  26.5  25.5  24.7  24.1  24.3  24.8  27.0  28.8  27.8 
1995  26.6  26.6  26.4  26.2  26.2  25.5  24.9  25.3 -99.0  28.2  28.4  27.0 
1996  27.0  26.6  26.8  26.6  25.9  25.7  25.1  25.5  26.3  28.2  27.8  26.9 
1997  26.6  26.4  26.4  26.8  25.9  25.5  24.5  24.8  25.7  27.2  28.3  27.9 
1998  27.7  27.6  27.8  27.9  27.0 -99.0  26.6  25.9 -99.0 -99.0  27.6  27.3 
1999 -99.0 -99.0  26.4  26.6 -99.0 -99.0 -99.0 -99.0 -99.0  27.6 -99.0 -99.0 
2000 -99.0  26.5  26.4 -99.0  26.1  24.5 -99.0  24.8  26.4  27.5 -99.0 -99.0 
2001  27.3 -99.0 -99.0  27.2 -99.0 -99.0  25.1 -99.0 -99.0 -99.0 -99.0 -99.0 
2002 -99.0 -99.0 -99.0 -99.0 -99.0 -99.0 -99.0 -99.0 -99.0 -99.0 -99.0 -99.0 
2003 -99.0 -99.0 -99.0 -99.0 -99.0 -99.0 -99.0 -99.0 -99.0 -99.0 -99.0 -99.0 
2004 -99.0 -99.0 -99.0  27.5 -99.0 -99.0 -99.0 -99.0 -99.0 -99.0 -99.0 -99.0 
2005 -99.0 -99.0 -99.0 -99.0 -99.0 -99.0 -99.0 -99.0 -99.0 -99.0 -99.0 -99.0 
2006 -99.0 -99.0 -99.0 -99.0 -99.0 -99.0 -99.0 -99.0 -99.0 -99.0  28.8  29.1 
2007  28.0  28.0  27.2  26.8  26.9  26.4  25.0  25.1  25.8  27.8  28.5  27.8 
2008  27.6  26.7 -99.0  26.8  26.2  25.4  24.5  25.7  26.9  28.7  28.4  27.0 
2009  27.1  26.9  27.0  27.7 -99.0  25.2  25.4  25.8  27.2  27.9  28.8  28.9 
2010  27.7  28.0  28.2  27.9  27.9  26.7 -99.0  26.5  27.6  27.7  27.8 -99.0 
2011 -99.0  26.8  26.7  26.5  26.5 -99.0 -99.0 -99.0 -99.0 -99.0 -99.0 -99.0 
