Number= 975020
Name= JEFMAN
Country= INDONESIA
Lat=   -0.9
Long= -131.1
Height= 3
Start year= 1956
End year= 2011
First Good year= 1956
Source ID= 10
Source file= Jones+Anders
Jones data to= 1980
Normals= -99.0 -99.0 -99.0 -99.0 -99.0 -99.0 -99.0 -99.0 -99.0 -99.0 -99.0 -99.0 
Obs:
1956  27.3  27.9  28.0  27.6  27.5  27.3  26.7  26.4  26.6  27.2  27.4  27.3 
1957  27.7  27.7  27.4  27.7  27.2  27.4  26.8  26.4  27.0  27.8  28.3  27.9 
1958  28.3  28.0  27.8  28.5  28.1  28.1  27.2  26.9  27.3  27.8  28.0  28.0 
1959  27.8  28.0  28.0  27.5  27.7  27.1  26.1  25.6  26.6  27.5  27.9  27.9 
1960  27.6  27.3  28.0  27.7  27.6  26.9  26.6  26.8  26.8  28.1  27.5  28.1 
1961  27.5  27.9  28.0  27.9  27.7  26.7  26.2  26.3  26.8  27.4 -99.0  28.0 
1962  27.6  27.1  27.1  27.2  27.3  27.5  26.6 -99.0 -99.0 -99.0 -99.0 -99.0 
1963 -99.0 -99.0 -99.0 -99.0 -99.0 -99.0 -99.0 -99.0 -99.0 -99.0 -99.0 -99.0 
1964 -99.0 -99.0 -99.0 -99.0 -99.0 -99.0 -99.0 -99.0 -99.0 -99.0 -99.0 -99.0 
1965 -99.0 -99.0 -99.0 -99.0 -99.0 -99.0 -99.0 -99.0 -99.0 -99.0 -99.0 -99.0 
1966 -99.0 -99.0 -99.0 -99.0 -99.0 -99.0 -99.0 -99.0 -99.0 -99.0 -99.0 -99.0 
1967 -99.0 -99.0 -99.0 -99.0 -99.0 -99.0 -99.0 -99.0 -99.0 -99.0 -99.0 -99.0 
1968 -99.0 -99.0 -99.0 -99.0 -99.0 -99.0 -99.0 -99.0 -99.0 -99.0 -99.0 -99.0 
1969 -99.0 -99.0 -99.0 -99.0 -99.0 -99.0 -99.0 -99.0 -99.0 -99.0 -99.0 -99.0 
1970 -99.0 -99.0 -99.0 -99.0 -99.0 -99.0 -99.0 -99.0 -99.0 -99.0 -99.0 -99.0 
1971 -99.0 -99.0 -99.0 -99.0 -99.0 -99.0 -99.0 -99.0 -99.0 -99.0 -99.0 -99.0 
1972 -99.0 -99.0 -99.0 -99.0 -99.0 -99.0 -99.0 -99.0 -99.0 -99.0 -99.0 -99.0 
1973 -99.0 -99.0 -99.0 -99.0 -99.0 -99.0 -99.0 -99.0 -99.0 -99.0 -99.0 -99.0 
1974 -99.0 -99.0 -99.0 -99.0 -99.0 -99.0 -99.0 -99.0 -99.0 -99.0 -99.0 -99.0 
1975 -99.0 -99.0 -99.0 -99.0 -99.0 -99.0 -99.0 -99.0 -99.0 -99.0 -99.0 -99.0 
1976 -99.0 -99.0 -99.0 -99.0 -99.0 -99.0 -99.0  26.8  28.3  27.4 -99.0  28.2 
1977  27.1 -99.0 -99.0 -99.0  27.7  27.5 -99.0 -99.0 -99.0  27.0  28.3 -99.0 
1978 -99.0 -99.0  27.2  27.7  28.4  26.4  27.2 -99.0 -99.0  28.2 -99.0 -99.0 
1979 -99.0 -99.0 -99.0  28.0 -99.0 -99.0  26.4  27.0  27.1  28.0 -99.0  27.5 
1980  27.9  27.8  28.0 -99.0  28.1 -99.0 -99.0 -99.0 -99.0 -99.0  26.8 -99.0 
1981 -99.0 -99.0 -99.0 -99.0 -99.0 -99.0 -99.0 -99.0 -99.0 -99.0 -99.0 -99.0 
1982 -99.0 -99.0 -99.0 -99.0 -99.0 -99.0 -99.0 -99.0 -99.0 -99.0 -99.0 -99.0 
1983 -99.0 -99.0 -99.0 -99.0 -99.0 -99.0 -99.0 -99.0 -99.0 -99.0 -99.0 -99.0 
1984 -99.0 -99.0 -99.0 -99.0 -99.0 -99.0 -99.0 -99.0 -99.0 -99.0 -99.0 -99.0 
1985 -99.0 -99.0 -99.0 -99.0 -99.0 -99.0 -99.0 -99.0 -99.0 -99.0 -99.0 -99.0 
1986 -99.0 -99.0 -99.0 -99.0 -99.0 -99.0 -99.0 -99.0 -99.0 -99.0 -99.0 -99.0 
1987 -99.0 -99.0 -99.0 -99.0 -99.0 -99.0 -99.0 -99.0 -99.0 -99.0 -99.0 -99.0 
1988 -99.0 -99.0 -99.0 -99.0 -99.0 -99.0 -99.0 -99.0 -99.0 -99.0 -99.0 -99.0 
1989 -99.0 -99.0 -99.0 -99.0 -99.0 -99.0 -99.0 -99.0 -99.0 -99.0 -99.0 -99.0 
1990 -99.0 -99.0 -99.0 -99.0 -99.0 -99.0 -99.0 -99.0 -99.0 -99.0 -99.0 -99.0 
1991 -99.0 -99.0 -99.0 -99.0 -99.0 -99.0 -99.0 -99.0 -99.0 -99.0 -99.0 -99.0 
1992 -99.0 -99.0 -99.0 -99.0 -99.0 -99.0 -99.0 -99.0 -99.0 -99.0 -99.0 -99.0 
1993 -99.0 -99.0 -99.0 -99.0 -99.0 -99.0 -99.0 -99.0 -99.0 -99.0 -99.0 -99.0 
1994 -99.0 -99.0 -99.0 -99.0 -99.0 -99.0 -99.0 -99.0 -99.0 -99.0 -99.0 -99.0 
1995 -99.0 -99.0 -99.0 -99.0 -99.0 -99.0 -99.0 -99.0 -99.0 -99.0 -99.0 -99.0 
1996 -99.0 -99.0 -99.0 -99.0 -99.0 -99.0 -99.0 -99.0 -99.0 -99.0 -99.0 -99.0 
1997 -99.0 -99.0 -99.0 -99.0 -99.0 -99.0 -99.0  26.7 -99.0 -99.0 -99.0 -99.0 
1998 -99.0 -99.0 -99.0 -99.0 -99.0 -99.0 -99.0 -99.0 -99.0 -99.0 -99.0 -99.0 
1999 -99.0 -99.0 -99.0 -99.0  27.2 -99.0 -99.0 -99.0 -99.0  27.2 -99.0 -99.0 
2000 -99.0  27.4 -99.0 -99.0 -99.0 -99.0  27.0 -99.0  27.4  27.3 -99.0 -99.0 
2001 -99.0  27.6  27.4 -99.0 -99.0 -99.0 -99.0 -99.0 -99.0 -99.0 -99.0 -99.0 
2002 -99.0 -99.0 -99.0 -99.0  28.1 -99.0 -99.0 -99.0 -99.0 -99.0 -99.0 -99.0 
2003 -99.0 -99.0 -99.0 -99.0 -99.0 -99.0 -99.0 -99.0 -99.0 -99.0 -99.0  27.8 
2004  27.8 -99.0 -99.0  28.1 -99.0  27.3 -99.0 -99.0  26.8  28.0  28.0  27.1 
2005 -99.0  28.1 -99.0 -99.0  27.8 -99.0 -99.0 -99.0 -99.0 -99.0 -99.0 -99.0 
2006 -99.0 -99.0 -99.0 -99.0 -99.0 -99.0 -99.0  25.3  26.3  27.2  28.9  28.3 
2007 -99.0  28.3  27.2  26.5  27.1  26.9  25.8  25.7 -99.0  26.9  27.0  27.1 
2008  26.9  26.8 -99.0  26.3  26.4  25.9  25.6  25.5  26.3  26.5  26.7  26.8 
2009  27.1  27.0 -99.0  26.9 -99.0 -99.0  25.8  26.2  26.0  27.6  27.1  27.2 
2010  27.3  27.9  27.9  27.8 -99.0  26.7  26.6  26.4  26.6 -99.0  27.0  26.9 
2011 -99.0  26.8  26.8  27.1 -99.0 -99.0 -99.0 -99.0 -99.0 -99.0 -99.0 -99.0 
