Number= 651010
Name= ILORIN
Country= NIGERIA
Lat=    8.5
Long=   -4.5
Height= -999
Start year= 1951
End year= 2007
First Good year= 1951
Source ID= 10
Source file= Jones+Anders
Jones data to= 1977
Normals source= WMO
Normals source start year= 1961
Normals source end year= 1990
Normals source percent availability= 100
Normals source variable code= 14
Normals=  26.0  28.1  28.3  28.1  27.0  25.5  24.5  24.5  24.6  25.6  26.2  25.7 
Standard deviations source= Data
Standard deviations source start year= 1951
Standard deviations source end year= 1977
Standard deviations=   1.0   0.8   0.7   0.6   0.4   0.5   0.5   0.5   0.5   0.4   1.0   0.9 
Obs:
1951  27.4  29.0  29.1  28.6  26.7  26.6  25.1  25.0  25.7  26.6  25.7 -99.0 
1952  25.8  27.9  28.9  28.9 -99.0  26.2  24.9  24.6  24.8  25.9  26.6  25.8 
1953  27.4  27.9  28.4  29.4  27.2  26.2  25.4  24.7  25.9  26.4  27.3  24.9 
1954  26.8  29.2  28.4  27.2  27.4  26.0  24.4  24.2  25.2  25.7  27.5  27.4 
1955  25.9  28.3  28.9  27.7  27.5  26.2  25.3  24.6  25.4  26.3  27.3  25.9 
1956  25.7  28.8  27.9  28.5  27.7  25.8  24.4  24.0  25.3  26.2  27.8  25.2 
1957  25.2  26.8  29.6  28.1  27.2  26.6  25.7  25.1  25.6  26.0  26.8  26.4 
1958  27.3  27.0  30.4  28.6  27.2  25.8  24.8  24.8  25.4  26.1  26.8  27.4 
1959  26.2  28.1  29.7  28.6  26.9  25.9  25.3  24.7  25.4  26.3  27.2  25.7 
1960  26.4  28.8  28.6  27.4  27.1  26.5  25.4  25.3  25.5  25.9  25.9  27.3 
1961  26.8  26.3  29.5  28.5  27.7  26.2  24.8  24.3  24.9  26.4  27.9  25.3 
1962  25.5  28.6 -99.0  28.7  26.9  25.6 -99.0  24.4  24.0  26.0  26.2  25.9 
1963  27.0  29.2  28.0  28.2  27.4  27.3  25.8  25.3  26.2  26.1  25.7  26.6 
1964  24.4  28.3  29.8  28.3  26.8  26.8  24.3 -99.0  24.8  25.1  26.3  26.9 
1965  26.7  28.9  28.8  27.7  27.4  26.4  25.5  24.7  25.2  25.9  26.5  25.2 
1966  26.6  27.5  29.7  27.9  27.9  26.2 -99.0  25.0 -99.0  25.9  23.5  25.4 
1967  24.4 -99.0 -99.0  27.8  27.3 -99.0  24.6 -99.0  25.3  25.9  26.4 -99.0 
1968 -99.0  28.4  28.7  28.0  27.1  25.9  25.5  25.8  25.5  26.6  27.6  27.4 
1969 -99.0 -99.0  30.0 -99.0  27.9 -99.0  25.3  24.9 -99.0 -99.0 -99.0  27.2 
1970 -99.0  28.3  29.5  29.1 -99.0 -99.0 -99.0 -99.0 -99.0  26.3  26.8  25.5 
1971  25.9  28.5  29.3  29.0  28.0  26.2  25.1  24.6  25.0  26.1  27.1  25.7 
1972  25.8  28.2  28.5 -99.0  26.6  25.2  25.0  24.5  24.6  25.7  25.0  25.9 
1973  27.2  29.9  29.3  28.6  27.2  25.8  25.3  24.6 -99.0 -99.0  24.9  26.5 
1974  24.9  27.6  29.2 -99.0  26.6  25.6  24.6  24.1  24.4  25.1  25.6  24.1 
1975  23.6  27.8  28.7  27.6  26.5  25.6  24.3  23.7  25.0  25.1  26.4  24.9 
1976  26.3 -99.0  29.7  29.1 -99.0 -99.0  24.4  23.9  24.7 -99.0  26.8  27.2 
1977  26.2  28.6  30.3 -99.0 -99.0 -99.0 -99.0 -99.0 -99.0 -99.0 -99.0 -99.0 
1978 -99.0 -99.0 -99.0 -99.0 -99.0 -99.0 -99.0 -99.0 -99.0 -99.0 -99.0 -99.0 
1979 -99.0 -99.0 -99.0 -99.0 -99.0 -99.0 -99.0 -99.0 -99.0 -99.0 -99.0 -99.0 
1980 -99.0 -99.0 -99.0 -99.0 -99.0 -99.0 -99.0 -99.0 -99.0 -99.0 -99.0 -99.0 
1981 -99.0 -99.0 -99.0 -99.0 -99.0 -99.0 -99.0 -99.0 -99.0 -99.0 -99.0 -99.0 
1982 -99.0 -99.0 -99.0 -99.0 -99.0 -99.0 -99.0 -99.0 -99.0 -99.0 -99.0 -99.0 
1983 -99.0 -99.0 -99.0 -99.0 -99.0 -99.0 -99.0 -99.0 -99.0 -99.0 -99.0 -99.0 
1984 -99.0 -99.0 -99.0 -99.0 -99.0 -99.0 -99.0 -99.0 -99.0 -99.0 -99.0 -99.0 
1985 -99.0 -99.0 -99.0 -99.0 -99.0 -99.0 -99.0 -99.0 -99.0 -99.0 -99.0 -99.0 
1986 -99.0 -99.0 -99.0 -99.0 -99.0 -99.0 -99.0 -99.0 -99.0 -99.0 -99.0 -99.0 
1987 -99.0 -99.0 -99.0 -99.0 -99.0 -99.0 -99.0 -99.0 -99.0 -99.0 -99.0 -99.0 
1988 -99.0 -99.0 -99.0 -99.0 -99.0 -99.0 -99.0 -99.0 -99.0 -99.0 -99.0 -99.0 
1989 -99.0 -99.0 -99.0 -99.0 -99.0 -99.0 -99.0 -99.0 -99.0 -99.0 -99.0 -99.0 
1990 -99.0 -99.0 -99.0 -99.0 -99.0 -99.0 -99.0 -99.0 -99.0 -99.0 -99.0 -99.0 
1991 -99.0  28.8  29.2 -99.0  26.1  26.5  24.8  24.6  25.3  25.7  26.6 -99.0 
1992  25.1  28.3 -99.0  27.8  27.3  25.5 -99.0  24.1  24.2  25.4  25.6  26.3 
1993  25.5  28.5  27.8  28.6  27.0  25.6  24.6  24.4  25.1  26.3  27.9  27.3 
1994 -99.0 -99.0  30.1  28.3  26.9  26.0  24.5  24.4  24.9  24.8  25.8 -99.0 
1995 -99.0  28.2  28.8  28.4  26.6  26.3  25.6  25.5  26.0  26.7  27.3 -99.0 
1996 -99.0  30.7  30.5  27.9  26.8  25.7 -99.0  24.5  24.3  25.4  26.2  27.0 
1997  27.3  27.3  28.4  27.0  26.2  25.4  24.6  24.6  25.3 -99.0  27.0 -99.0 
1998 -99.0 -99.0 -99.0 -99.0 -99.0 -99.0  25.5  24.5  25.0 -99.0 -99.0 -99.0 
1999 -99.0 -99.0 -99.0 -99.0 -99.0 -99.0 -99.0 -99.0 -99.0 -99.0 -99.0 -99.0 
2000 -99.0 -99.0  29.5 -99.0 -99.0 -99.0 -99.0 -99.0 -99.0 -99.0 -99.0 -99.0 
2001 -99.0 -99.0 -99.0 -99.0 -99.0 -99.0 -99.0 -99.0 -99.0 -99.0 -99.0 -99.0 
2002 -99.0 -99.0 -99.0 -99.0 -99.0 -99.0 -99.0 -99.0 -99.0 -99.0 -99.0 -99.0 
2003 -99.0 -99.0 -99.0 -99.0 -99.0 -99.0 -99.0 -99.0 -99.0 -99.0 -99.0 -99.0 
2004 -99.0 -99.0 -99.0 -99.0 -99.0 -99.0 -99.0 -99.0 -99.0 -99.0 -99.0 -99.0 
2005 -99.0 -99.0 -99.0 -99.0 -99.0 -99.0 -99.0 -99.0 -99.0 -99.0 -99.0 -99.0 
2006 -99.0 -99.0 -99.0 -99.0 -99.0 -99.0 -99.0 -99.0 -99.0 -99.0 -99.0 -99.0 
2007 -99.0 -99.0 -99.0 -99.0 -99.0 -99.0 -99.0 -99.0 -99.0 -99.0 -99.0 -99.0 
