Number= 653190
Name= NATITINGOU
Country= BENIN
Lat=   10.3
Long=   -1.4
Height= 460
Start year= 1923
End year= 2011
First Good year= 1923
Source ID= 10
Source file= Jones+Anders
Jones data to= 2001
Normals source= Data
Normals source start year= 1961
Normals source end year= 1990
Normals=  26.3  28.4  29.7  29.3  27.9  26.2  24.8  24.5  24.9  25.9  26.0  25.9 
Standard deviations source= Data
Standard deviations source start year= 1941
Standard deviations source end year= 1990
Standard deviations=   0.9   0.7   0.7   0.9   0.7   0.7   0.6   0.7   0.6   0.7   0.8   0.8 
Obs:
1923  26.5  27.3  28.7  27.2  26.8  25.9  23.6  23.7  24.7  25.9  25.2  26.3 
1924  24.7  27.3  29.3  28.7  27.6  26.1  24.0  23.6  23.5  24.8  24.9  25.6 
1925  24.1  27.4  28.8  28.7  26.4  24.8  23.9  23.5  24.0  25.1  25.2  24.8 
1926  26.0  28.1  29.2  28.4  27.1  25.1  23.8  24.9  26.0  25.4  25.3  26.5 
1927  25.3  28.0  28.0  28.5  27.0 -99.0  23.7  23.4  23.9  24.4  25.6  26.3 
1928  25.5  27.4  28.3  27.2  26.4  25.6  24.3  23.1  24.4  24.9  25.5  25.3 
1929  26.0  26.6  27.5  26.5  26.9  26.4  26.0 -99.0 -99.0  24.3  23.6  23.6 
1930 -99.0 -99.0 -99.0 -99.0 -99.0  25.8  25.4  24.7  25.7  24.1  28.1  28.2 
1931 -99.0 -99.0  28.9 -99.0  28.1 -99.0  25.9 -99.0 -99.0 -99.0 -99.0 -99.0 
1932  26.5  29.0  30.3  30.7  28.1  25.5  24.6  26.0  25.6  27.1  28.1  28.2 
1933  29.0  30.1  31.2  30.0  26.7  26.4  25.0  24.3  25.7  28.4  27.3  26.6 
1934  26.8  28.6  29.6  29.1  27.4  25.6  24.1  23.8  24.0  25.4 -99.0 -99.0 
1935 -99.0 -99.0 -99.0 -99.0  27.2  25.0  24.2  23.8  23.9  24.9  25.3  25.4 
1936  25.3  27.0 -99.0  27.9  26.2  25.3  23.9  23.6  24.0  25.2  25.2  24.9 
1937 -99.0 -99.0 -99.0 -99.0 -99.0 -99.0 -99.0 -99.0 -99.0 -99.0 -99.0 -99.0 
1938 -99.0 -99.0 -99.0 -99.0 -99.0 -99.0 -99.0 -99.0 -99.0 -99.0 -99.0 -99.0 
1939 -99.0 -99.0 -99.0 -99.0 -99.0 -99.0 -99.0 -99.0 -99.0 -99.0 -99.0 -99.0 
1940 -99.0 -99.0 -99.0 -99.0 -99.0 -99.0 -99.0 -99.0 -99.0 -99.0 -99.0 -99.0 
1941 -99.0 -99.0 -99.0 -99.0 -99.0 -99.0 -99.0 -99.0 -99.0 -99.0 -99.0 -99.0 
1942 -99.0 -99.0 -99.0 -99.0 -99.0 -99.0 -99.0 -99.0 -99.0 -99.0 -99.0 -99.0 
1943 -99.0 -99.0 -99.0 -99.0 -99.0 -99.0 -99.0 -99.0 -99.0 -99.0 -99.0 -99.0 
1944 -99.0 -99.0 -99.0 -99.0 -99.0 -99.0 -99.0 -99.0 -99.0 -99.0 -99.0 -99.0 
1945 -99.0 -99.0 -99.0 -99.0 -99.0 -99.0 -99.0 -99.0 -99.0 -99.0 -99.0 -99.0 
1946 -99.0 -99.0 -99.0 -99.0 -99.0 -99.0 -99.0 -99.0 -99.0 -99.0 -99.0 -99.0 
1947 -99.0 -99.0 -99.0 -99.0 -99.0 -99.0 -99.0 -99.0 -99.0 -99.0 -99.0 -99.0 
1948 -99.0 -99.0 -99.0 -99.0 -99.0 -99.0 -99.0 -99.0 -99.0 -99.0 -99.0 -99.0 
1949 -99.0 -99.0 -99.0 -99.0 -99.0 -99.0 -99.0 -99.0 -99.0 -99.0 -99.0 -99.0 
1950 -99.0 -99.0 -99.0 -99.0 -99.0 -99.0 -99.0 -99.0 -99.0 -99.0 -99.0 -99.0 
1951  27.3  28.9  29.8  29.7  27.5  26.8  24.5  24.9  25.1  26.2  26.1  26.3 
1952  27.4  28.3  30.1  29.5  27.5  26.0  24.8  24.0  24.7  26.1  26.4  26.6 
1953  27.7  28.3  29.7  29.7  27.0  25.6  24.3  24.1  25.0  26.2  26.0  26.1 
1954  26.9  28.9  29.6  27.9  27.2  25.6  23.9  23.4  25.0  25.7  26.1  26.4 
1955  26.7  27.9  29.2  28.6  28.0  25.4  23.9  24.2  24.4  25.7  26.3  25.9 
1956  26.2  27.8  28.6  28.9  27.6  25.3  23.9  23.8  24.8  25.8  26.6  26.2 
1957  25.9  27.7  29.4  28.9  27.3  26.0  24.9  24.2  24.7  25.3  26.3  26.5 
1958  27.7  27.7  30.2  29.2  27.9  25.2  24.3  24.6  24.7  26.4  26.5  26.3 
1959  27.1  28.5  29.6  28.8  27.4  26.2  24.6  23.8  24.8  25.9  26.2  25.7 
1960  26.7  28.2  29.0  28.5  27.4  25.5  24.4  24.7  24.7  26.1  25.9  26.0 
1961  26.8  26.8  29.1  28.6 -99.0  25.6  24.2  23.9  24.5  26.1  26.3  26.0 
1962  26.1  27.9  29.6  28.9  27.0  25.0  24.5  24.1  24.6  25.5  26.2  25.6 
1963  26.8  28.9  28.6  28.4  27.0  26.4  25.0  24.5  25.6  25.9  25.3  26.0 
1964  26.7  28.2  29.6  28.9  27.7  25.6  24.6  23.8  24.7  25.8  25.8  26.5 
1965  26.7  28.1  29.3  29.0  27.2  25.7  25.1  24.5  25.1  26.1  25.8  25.7 
1966  26.6  27.8  29.8  29.9  28.1  26.2  25.4  24.9  24.9  25.8  26.0  26.5 
1967  26.0  29.1  29.3  28.4  28.1  26.0  25.0  24.2  24.9  26.0  26.3  26.3 
1968  25.9  28.5  29.5  27.5  27.4  25.6  24.9  25.1  25.1  26.5  25.9  27.0 
1969  26.4  29.4  30.6  29.4  28.9  27.1  24.9  24.4  24.8  25.5  25.2  26.3 
1970  27.2  28.5  30.0  30.5  28.1  27.4  24.8  24.4  24.7  26.3  26.4  26.6 
1971  24.7  27.4 -99.0  28.2  26.8  25.7  23.9  23.0  23.9  25.0  25.2  24.5 
1972  25.3  27.9  29.3 -99.0 -99.0  25.4 -99.0  23.7  24.6  24.7 -99.0  25.0 
1973  25.5  28.6  28.9  29.1  27.8  26.3  25.1  24.1  23.9  25.2  24.8  25.5 
1974  24.4  27.3 -99.0  28.7  26.8  25.6  23.7  23.5  23.7  25.3  25.3  24.8 
1975  24.7  27.7  29.2  28.5  27.1  26.1  23.7  23.8  23.8  24.9  25.6  25.3 
1976  25.4  28.3  29.2  28.5  26.5  24.6  23.9  23.5  24.2  24.0  24.7  25.2 
1977  26.3  27.5  28.9  29.7  27.9  26.5  25.0  24.1  24.7  25.1  25.6  24.9 
1978  26.2  29.0  28.4  27.5  26.8  26.0  23.7  23.9  24.0  25.2  24.6  25.6 
1979  26.5  27.7  29.8  29.3  27.5  25.0  24.4  24.7  24.4  25.6  25.6  24.8 
1980  27.2  28.6  29.9  29.9  27.9  26.1  24.7  24.0  24.7  25.0  25.2  24.2 
1981  26.6  29.4  30.6  29.9  27.6  27.0  25.1  24.9  25.7  26.8  26.5  27.5 
1982  26.5  28.7  29.7  29.6  27.6  26.4  25.7  25.2  26.0  25.9  25.9  26.5 
1983  24.5  29.9  30.8  31.4  29.0  26.7  25.7  25.7  25.7  27.3  27.4  27.5 
1984  27.0  28.4  30.2  29.1  28.2  27.2  26.0  25.9  25.3  26.4  27.2  25.8 
1985  27.7  27.9  30.9  29.2  28.3  26.7  24.9  25.0  25.0  26.9  27.4  25.6 
1986  26.4  29.3  30.1  29.4  28.5  26.5  24.7  25.1  24.7  26.2  25.3  24.9 
1987  27.4  29.3  30.1  31.3  29.8  26.9  26.6  25.8  26.2  26.6  27.1  26.8 
1988  27.1  29.3  31.5  29.6  29.3  26.4  25.0  24.6  25.5  27.0  27.4  26.1 
1989  25.8  27.7  29.3  30.4  28.9  26.2  24.9  25.1  25.6  25.9  26.8  26.5 
1990  27.4  28.4  30.6  30.3  28.3  27.4  25.1  25.7  26.1  27.2  28.3  27.4 
1991  26.5  29.1  29.2  28.7  26.3  26.1  24.4  24.1  25.4  24.7  25.0  25.1 
1992  24.7  27.8  30.1  29.9  27.2  25.9  24.7  24.0  24.4  25.2  25.0  26.5 
1993  24.7  28.1  28.4  29.2  27.7  25.9  24.6  24.4  24.5  25.4  26.6  26.0 
1994  26.0  28.0  30.3  28.9  27.1  26.1  24.8  24.1  24.8  25.1  25.3  25.5 
1995  25.5  27.7  30.3  29.5  27.9  26.8  25.2  25.5  24.9  25.9  27.0  26.6 
1996  27.0  29.2  32.4  29.3  28.2  26.2  25.1  24.5  24.7  25.5  25.3  26.3 
1997  27.2  27.2  29.5  28.7  26.9  25.6  24.9  24.7  25.6  26.3  26.3  26.5 
1998  26.7  29.5  30.3  30.9  28.4  26.2  25.2  24.5  24.8  26.1  26.8  26.6 
1999  27.1  28.1  30.5  29.3  28.3  27.4  24.8  24.2  24.3  25.5  26.9  26.2 
2000  28.3  26.5  30.0  30.1  28.8  26.1  25.1  24.3  25.0  25.6  26.3  25.9 
2001  26.0  27.7  30.6  30.0 -99.0  26.2  24.9  24.5  24.9  26.6  27.3  27.4 
2002  25.8  28.4  30.7  29.8  28.6  26.9  25.7  24.9  25.6  25.7  26.8  26.7 
2003  27.3  30.2  30.3  28.7  28.3  25.9  24.9  24.9  25.0  26.6  26.2  26.1 
2004  26.9  28.3  30.1  29.7  27.6  26.1  25.1  25.0  25.7  26.7  26.1  26.7 
2005  25.9  30.2  31.4  30.5  28.1  26.4  25.4  24.8  25.4  26.3  27.3  27.4 
2006  28.3  29.4  31.1  30.9  27.8  27.4  26.2  25.1  25.1  26.4  26.0  26.1 
2007  25.9  29.2  30.7  28.9  27.9  26.7  25.3  24.6  25.0  26.2  26.9  26.5 
2008  24.7  28.3  30.4  30.1  28.0  26.7  25.2  24.6  25.3  27.1  26.6  27.5 
2009  26.6  29.7  30.3  29.1  28.5  26.8  25.3  25.3  25.6  27.0  25.5  26.6 
2010  27.2  30.1  31.6  30.3  28.9  27.3  25.4  25.3  25.1  26.1  26.7  25.9 
2011  26.6  29.3 -99.0 -99.0  28.7 -99.0 -99.0 -99.0 -99.0 -99.0 -99.0 -99.0 
