Number= 653520
Name= MANGO
Country= TOGO
Lat=   10.4
Long=   -0.5
Height= 146
Start year= 1951
End year= 2011
First Good year= 1951
Source ID= 10
Source file= Jones+Anders
Jones data to= 2001
Normals source= Data
Normals source start year= 1961
Normals source end year= 1990
Normals=  26.5  29.4  31.4  31.2  29.6  27.4  26.2  25.7  26.2  27.7  27.7  26.7 
Standard deviations source= Data
Standard deviations source start year= 1951
Standard deviations source end year= 1990
Standard deviations=   0.9   0.9   0.7   1.0   0.9   0.7   0.7   1.0   0.7   0.7   0.9   0.8 
Obs:
1951  27.6  29.8  31.7  32.0  29.2  27.8  25.6  25.6  26.4  27.4  26.8  26.3 
1952  26.8  29.0  32.0  31.7  28.6  26.7  25.9  25.2  25.7  27.5  28.2  27.3 
1953  28.2  29.9  31.5  32.1  28.3  26.9  25.6  25.2  26.0  27.5  28.4  26.6 
1954  27.2  30.1  31.5  30.7  29.0  26.5  24.9  24.6  25.4  26.9  27.5  26.7 
1955  27.0  29.0  31.0  29.2  28.8  26.4  25.3  25.2  25.6  27.4  27.4  26.5 
1956  26.5  29.4  31.3  30.7  29.3  26.3  25.6  25.2  26.0  27.4  28.2  26.8 
1957  26.1  28.0  31.0  30.7  29.0  27.0  26.1  25.0  25.7  27.1  28.2  27.1 
1958  27.5  27.6  32.0  30.9  29.1  26.1  26.2  25.4  25.8  28.1  29.0  27.1 
1959  27.2  29.0  31.5  31.0  29.3  27.2  25.2  24.5  25.4  27.6  28.1  25.5 
1960  26.7  28.6  30.6  30.6  29.5  26.0  25.5  25.4  25.3  27.4  27.2  26.5 
1961  26.2  27.0  30.1  30.3  29.3  26.6  24.9  24.5  24.9  27.5  26.9  26.8 
1962  25.2  27.8  30.9  30.0  28.4  25.5  25.1  24.5  25.5  26.6  27.9  25.7 
1963  26.7  30.0  30.1  29.8  28.0  26.8  25.2  24.7  25.7  26.4  25.9  26.0 
1964  26.7  28.8  31.2  30.6  29.5  27.3  26.2  25.3  25.9  26.4  28.0  27.5 
1965  27.4  30.1  31.4  31.1  28.8  26.5  26.4  25.7  25.8  27.8  27.3  26.1 
1966  26.9  28.4  31.7  31.5  29.9  26.9  26.8  26.1  26.2  27.5  28.3  26.9 
1967  26.0  30.0  30.7  30.4  29.6  26.8  26.2  25.4  26.1  28.0  28.0  27.7 
1968  26.2  29.5  31.3  29.5  29.3  26.8  26.4  26.3  26.1  27.9  27.9  27.9 
1969  26.7  31.0  32.9  30.4  29.5  27.7  26.0  25.7  26.1  27.5  26.6  26.5 
1970  27.5  29.1  31.6  32.4  28.6  27.9  25.6  24.9  25.3  27.5  27.4  25.8 
1971  25.3  29.5  31.5  30.8  28.7  27.0  25.1  24.7  25.2  26.7  27.3  26.4 
1972  26.3  29.9  31.7  30.4  29.0  27.5  26.2 -99.0  26.1  27.1  26.8 -99.0 
1973  27.1  30.4  31.4  31.9  30.2  27.7  26.6  25.6  25.5  27.6  26.8  26.5 
1974  25.7  28.4 -99.0  31.1  29.3  27.0  25.6  22.3  25.2  26.7  26.4  24.9 
1975  24.6  28.6  30.9  30.1  28.6  27.2  25.3  25.4  24.9  26.7  27.1  26.5 
1976  26.1  29.1  30.9  30.2 -99.0 -99.0 -99.0 -99.0 -99.0 -99.0 -99.0 -99.0 
1977 -99.0 -99.0 -99.0 -99.0 -99.0 -99.0 -99.0 -99.0 -99.0 -99.0 -99.0 -99.0 
1978 -99.0 -99.0 -99.0 -99.0 -99.0 -99.0 -99.0 -99.0 -99.0 -99.0 -99.0 -99.0 
1979 -99.0 -99.0 -99.0 -99.0 -99.0 -99.0 -99.0 -99.0 -99.0 -99.0 -99.0 -99.0 
1980 -99.0 -99.0 -99.0 -99.0 -99.0 -99.0 -99.0 -99.0 -99.0 -99.0 -99.0 -99.0 
1981  25.7  29.8  32.3  31.8  28.8  28.2  26.7  26.2  27.1  29.1  27.9  27.5 
1982  26.2  29.1  30.9  31.1  29.4  27.6  26.8  26.3  26.9  27.7  27.2  26.5 
1983  24.8  30.1  31.6  31.6  30.5  27.5  26.5  26.7  26.6  28.7  28.2  27.8 
1984  27.0  28.8  30.4  30.6  29.0  28.2  27.5  27.2  26.9  28.2  29.0  26.4 
1985  28.1  28.9  32.7  31.7  30.5  28.2  26.2  26.3  26.5  28.5  28.9  25.9 
1986  26.6  30.8  32.4  32.1  31.1  27.9  26.4  26.6  26.7  28.4  27.2  25.7 
1987  28.1  30.6  31.7  33.6  32.5  28.4  27.4  27.2  27.6  28.6  28.9  27.9 
1988  27.6  30.2  33.3  31.8  31.0  27.5  26.4  26.1  26.9  28.8  28.7  26.5 
1989  25.7  28.2  31.0  33.1  31.3  27.5  26.9  26.4  27.0  27.8  28.4  27.2 
1990  27.9  29.0  31.3  32.4  30.3  28.2  26.7  27.1  27.4  29.1  30.1  28.9 
1991  28.2  31.3  31.8  31.0  28.3  28.0  25.8  25.8  26.8  27.1  27.3  26.1 
1992  26.0  29.3  32.1  30.9  28.6  27.1  26.0  25.7  25.9  27.5  27.0  26.7 
1993  25.5  29.8  31.6  32.7  30.6  28.0  26.0  26.2  26.1  27.6  29.5  27.5 
1994  27.0  29.5  32.7  32.4  29.7  27.7  26.3  25.7  26.3  26.7  26.7  25.6 
1995  25.7  28.6  32.1  31.9  30.0  28.6  26.7  25.8  26.7  27.4  27.4  27.5 
1996  28.3  31.0  33.0  30.9  29.5  27.2  26.6  25.9  26.0  26.8  26.6  27.4 
1997  28.2  28.2  31.2  30.4  28.1  26.8  26.3  26.2  27.4  28.1  28.1  27.4 
1998  27.4  31.1  32.1  33.6  30.7  27.5  26.9  25.9  26.4  27.8  28.0  27.2 
1999  27.9  29.3  32.9  31.3  30.1  28.6  26.2  25.7  25.7  27.0  28.0  26.8 
2000 -99.0  27.6 -99.0  32.4 -99.0  27.4  26.4  25.8  26.4  27.5  28.0  26.8 
2001  28.0  28.7  32.7  32.5 -99.0  28.2  26.6 -99.0 -99.0  28.7 -99.0 -99.0 
2002 -99.0 -99.0 -99.0 -99.0 -99.0 -99.0 -99.0 -99.0  27.0 -99.0 -99.0  27.2 
2003  28.1  31.5  32.0  30.9 -99.0  27.4 -99.0  26.3  26.4 -99.0  28.5  27.3 
2004  27.3  30.1  32.0  30.8  29.4  27.4  26.2  26.5 -99.0  28.7  29.0  28.5 
2005  26.6  31.7 -99.0 -99.0 -99.0  27.9 -99.0 -99.0 -99.0 -99.0  28.8  28.4 
2006  25.7  30.3 -99.0 -99.0 -99.0 -99.0 -99.0 -99.0 -99.0 -99.0  28.8 -99.0 
2007 -99.0 -99.0 -99.0 -99.0 -99.0 -99.0 -99.0 -99.0 -99.0 -99.0 -99.0 -99.0 
2008 -99.0 -99.0 -99.0 -99.0 -99.0 -99.0 -99.0 -99.0  26.6 -99.0 -99.0 -99.0 
2009  27.1  31.7 -99.0  31.0  29.9  28.5 -99.0  26.6 -99.0 -99.0 -99.0 -99.0 
2010 -99.0  31.9 -99.0 -99.0 -99.0  28.6  26.8 -99.0  26.6  27.3 -99.0  26.7 
2011  27.2 -99.0 -99.0 -99.0 -99.0 -99.0 -99.0 -99.0 -99.0 -99.0 -99.0 -99.0 
