Number= 654670
Name= TAKORADI
Country= GHANA
Lat=    4.9
Long=    1.8
Height= 9
Start year= 1941
End year= 2011
First Good year= 1941
Source ID= 10
Source file= Jones+Anders
Jones data to= 1975
Normals source= Extrapolated
Normals source start year= 1951
Normals source end year= 1970
Normals=  26.1  26.6  27.0  27.1  27.0  25.7  24.6  24.0  24.6  25.3  26.1  26.1 
Standard deviations source= Data
Standard deviations source start year= 1941
Standard deviations source end year= 1975
Standard deviations=   0.4   0.4   0.3   0.4   0.4   0.4   0.6   0.6   0.4   0.4   0.4   0.4 
Obs:
1941  25.7  26.7  27.3  27.3  26.2  25.8  24.9  24.6  25.2  25.3  25.9  26.3 
1942  25.5  26.8  27.5  27.7  26.4  25.6  23.7  23.0  24.5  25.0  26.1  25.6 
1943  25.5  26.4  26.7  26.7  25.7  25.5  24.1  23.0  24.4  25.2  25.8  26.2 
1944  25.7  26.4  26.6  27.2  27.1  25.9  25.0  24.2  24.8  25.4  26.1  26.5 
1945  26.4  26.8  27.3  27.4  26.9  26.1  24.3  24.0  25.1  25.3  26.2  25.7 
1946  25.9  26.8  27.6  27.4  26.7  25.4  23.7  23.1  24.3  24.8  25.8  26.1 
1947  25.3  26.9  27.2  27.3  26.7  26.1  24.9  24.5  24.9 -99.0 -99.0  25.7 
1948  25.3  26.3  27.2  26.9  26.3  25.1  24.0  23.8  24.4  25.4  25.7  26.2 
1949  26.1  26.7  27.4  27.4  27.5  25.8  24.6  24.3  25.2  26.0 -99.0 -99.0 
1950  25.9  26.0  27.0  26.9  26.5  25.7  24.4  23.3  24.0  24.7  25.6  26.0 
1951  25.9  25.8  27.1  27.7  26.8  25.8  24.6  24.0  25.1  25.2  25.9  26.5 
1952  26.2  26.5  27.1  27.4  26.8  25.5  24.9  23.7  24.6  25.3  25.8  26.0 
1953  26.5  26.4  27.2  27.5  26.4  24.8  24.2  23.7  24.5  25.5  26.1  26.2 
1954  25.8  26.4  26.7  26.5  26.1  25.2  23.6  23.4  24.2  25.2  25.9  26.3 
1955  25.9  26.5  26.5  26.5  26.4  25.3  24.2  23.7  24.7  25.4  25.7  25.6 
1956  25.7  26.4  26.4  26.6  26.2  24.8  23.8  23.3  24.5  25.2  26.1  25.7 
1957  25.1  26.4  26.9  26.9  26.7  25.8  24.7  24.4  24.8  24.9  25.9  26.4 
1958  26.8  26.9  27.7  27.1  26.4  24.9  23.1  23.5  24.3  25.3  25.9  25.8 
1959  25.9  26.4  27.2  27.2  26.6  26.1  24.8  23.8  24.7  25.3  25.9  26.2 
1960  26.3  26.7  26.8  26.7  26.3  25.4  24.2  24.3  24.9  25.6  26.2  26.2 
1961  26.1 -99.0  27.5  27.1  27.3  25.7  24.5  23.2  23.8  24.9  25.9  25.8 
1962  26.1  26.6  26.8 -99.0 -99.0 -99.0  25.2  23.5  24.2  25.2  25.7  25.9 
1963  26.1  26.3  27.1  27.0  26.6  26.0  25.2  25.3  25.6  25.6  26.2  26.2 
1964  26.2  27.1  27.4  27.2  26.6  25.4  24.2  23.8  24.1  24.6  25.5  25.7 
1965  25.9  26.4  27.1  27.1  26.7  25.5  24.6  24.2  24.7  25.5  26.5  26.3 
1966  26.2  26.9  27.3  27.2  27.1  26.1  25.9  24.6  24.6  25.6  26.3  26.6 
1967  26.3  27.3  26.9  27.1  26.8  25.6  24.3  23.9  24.4  25.2  26.2  26.2 
1968  25.9  26.9  27.1  27.3  26.6  26.1  25.4  24.9  25.0  25.7  26.3  26.4 
1969  26.5  27.6  27.7  27.9  27.2  26.3  24.9  24.4  24.7  25.3  26.3  26.6 
1970  26.5  27.3  27.3  27.5  27.1  26.1  25.2  24.3  25.1  26.1  26.6  26.7 
1971  26.3  26.6  26.9  27.2  27.1  25.8  24.9  24.2  24.9  25.6  26.3  25.6 
1972  26.5  26.9  27.2  27.1  27.0 -99.0 -99.0 -99.0  24.9  26.4  26.9  27.1 
1973  27.0  27.9  27.9  28.1  27.4  26.3  25.4  25.2  25.5 -99.0  27.1  26.3 
1974  26.4  27.4  27.5  27.4  26.8  25.6  25.1  24.8 -99.0  25.6  26.6  26.1 
1975  26.1  27.2  27.4  27.2  27.1  26.1  24.7  23.9  24.5  25.7  26.3  25.9 
1976 -99.0 -99.0 -99.0 -99.0 -99.0 -99.0 -99.0 -99.0 -99.0 -99.0 -99.0 -99.0 
1977 -99.0 -99.0 -99.0 -99.0 -99.0 -99.0 -99.0 -99.0 -99.0 -99.0 -99.0 -99.0 
1978 -99.0 -99.0 -99.0 -99.0 -99.0 -99.0 -99.0 -99.0 -99.0 -99.0 -99.0 -99.0 
1979 -99.0 -99.0 -99.0 -99.0 -99.0 -99.0 -99.0 -99.0 -99.0 -99.0 -99.0 -99.0 
1980 -99.0 -99.0 -99.0 -99.0 -99.0 -99.0 -99.0 -99.0 -99.0 -99.0 -99.0 -99.0 
1981 -99.0 -99.0 -99.0 -99.0 -99.0 -99.0 -99.0 -99.0 -99.0 -99.0 -99.0 -99.0 
1982 -99.0 -99.0 -99.0 -99.0 -99.0 -99.0 -99.0 -99.0 -99.0 -99.0 -99.0 -99.0 
1983 -99.0 -99.0 -99.0 -99.0 -99.0 -99.0 -99.0 -99.0 -99.0 -99.0 -99.0 -99.0 
1984 -99.0 -99.0 -99.0 -99.0 -99.0 -99.0 -99.0 -99.0 -99.0 -99.0 -99.0 -99.0 
1985 -99.0 -99.0 -99.0 -99.0 -99.0 -99.0 -99.0 -99.0 -99.0 -99.0 -99.0 -99.0 
1986 -99.0 -99.0 -99.0 -99.0 -99.0 -99.0 -99.0 -99.0 -99.0 -99.0 -99.0 -99.0 
1987 -99.0 -99.0 -99.0 -99.0 -99.0 -99.0 -99.0 -99.0 -99.0 -99.0 -99.0 -99.0 
1988 -99.0 -99.0 -99.0 -99.0 -99.0 -99.0 -99.0 -99.0 -99.0 -99.0 -99.0 -99.0 
1989 -99.0 -99.0 -99.0 -99.0 -99.0 -99.0 -99.0 -99.0 -99.0 -99.0 -99.0 -99.0 
1990 -99.0 -99.0 -99.0 -99.0 -99.0 -99.0 -99.0 -99.0 -99.0 -99.0 -99.0 -99.0 
1991 -99.0 -99.0 -99.0 -99.0 -99.0 -99.0 -99.0 -99.0 -99.0 -99.0 -99.0 -99.0 
1992  35.0  28.2  28.1  28.2 -99.0 -99.0 -99.0 -99.0  25.1  26.3  26.6  27.1 
1993  26.4  27.7  27.3  27.8  27.8  26.3  24.9  24.5  25.8  26.8 -99.0 -99.0 
1994  26.7  28.1 -99.0 -99.0 -99.0 -99.0  25.3 -99.0  24.7  25.9 -99.0 -99.0 
1995 -99.0  28.2  27.6  28.3 -99.0 -99.0 -99.0 -99.0 -99.0 -99.0 -99.0 -99.0 
1996  28.5  27.7  28.0  28.2  27.5  26.2 -99.0 -99.0 -99.0 -99.0 -99.0 -99.0 
1997 -99.0 -99.0 -99.0  27.2  27.0  26.0  24.7  24.5 -99.0  26.8  27.3  27.4 
1998  27.4  28.8  29.3  29.2  24.5  26.7 -99.0  24.8  25.6 -99.0  27.8 -99.0 
1999  27.0 -99.0 -99.0 -99.0  27.5  26.7 -99.0 -99.0 -99.0 -99.0 -99.0 -99.0 
2000 -99.0 -99.0 -99.0 -99.0  27.5 -99.0 -99.0 -99.0 -99.0 -99.0 -99.0 -99.0 
2001 -99.0  28.0 -99.0 -99.0 -99.0 -99.0 -99.0 -99.0 -99.0 -99.0 -99.0 -99.0 
2002  27.2  28.2 -99.0  30.3  28.2 -99.0 -99.0 -99.0  25.1  26.3  27.3  27.1 
2003  27.1  27.9  28.5  27.9  27.8  26.2  25.5  24.9  25.7  27.0  31.1  27.5 
2004  27.4  27.9  28.9  28.0 -99.0  25.7  25.0  24.7  25.7  26.7  26.7  27.8 
2005  26.5  28.4  28.5  28.7  27.1  26.4  25.1  24.5  25.7  27.0  27.9  27.8 
2006  27.5  28.0  28.2  28.9  27.3  26.7  25.7  25.1  25.5  26.7  27.6 -99.0 
2007  26.7 -99.0  28.4  28.2  27.7  26.4  25.7  25.2  25.5  26.3 -99.0 -99.0 
2008 -99.0 -99.0 -99.0  28.1 -99.0  26.8  26.1  25.4  25.7 -99.0  27.5  27.5 
2009  26.8  28.1 -99.0  28.0  27.7 -99.0  25.7  25.1  25.5  26.2  27.5  27.9 
2010  28.1  29.0  29.1  29.0  28.2  27.0  25.8  25.6  26.0  26.8  27.2  27.9 
2011  27.5  27.6 -99.0 -99.0  27.9 -99.0 -99.0 -99.0 -99.0 -99.0 -99.0 -99.0 
