Number= 655850
Name= ADIAKE--------------
Country= COTE-D'IVOIR
Lat=    5.3
Long=    3.3
Height= 39
Start year= 1951
End year= 2011
First Good year= 1951
Source ID= 30
Source file= Jones+Anders
Jones data to= 1991
Normals source= Data
Normals source start year= 1961
Normals source end year= 1990
Normals=  25.9  26.7  26.9  26.8  26.3  24.9  24.3  23.8  24.3  25.2  26.0  25.8 
Standard deviations source= Data
Standard deviations source start year= 1951
Standard deviations source end year= 1990
Standard deviations=   0.6   0.7   0.6   0.5   0.4   0.4   0.6   0.7   0.5   0.6   0.6   0.5 
Obs:
1951  25.0  24.6  26.1  26.7  25.8  24.8  23.8  23.1  24.0  23.9  25.0  25.6 
1952  25.4  26.1  26.0  26.9  26.2  24.8  23.8  22.8  23.5  24.4  24.8  25.1 
1953  25.3  25.5  26.2  26.5  26.0  24.8  24.0  22.9  23.7  24.6  25.7  25.6 
1954  25.0  25.7  26.1  26.1  26.1  24.3  23.1  22.9  23.5  24.3  25.3  25.5 
1955  24.9  25.9  25.7  25.9  25.8  24.4  23.6  23.2  23.4  24.2  25.3  24.7 
1956  25.2  26.0  25.6  26.2  25.6  24.1  22.8  22.4 -99.0  24.6  25.1  25.2 
1957  24.5  26.2  26.8  27.1  26.1  25.0  23.6  23.7  23.8  24.2  25.4  25.8 
1958  26.3  26.6  26.8  26.8  25.8  23.9  22.3  22.7  23.5  24.9  25.5  25.3 
1959 -99.0 -99.0 -99.0 -99.0 -99.0 -99.0 -99.0  23.2 -99.0 -99.0 -99.0 -99.0 
1960 -99.0 -99.0 -99.0 -99.0  26.3 -99.0 -99.0 -99.0  24.3  24.8  26.1  25.5 
1961  25.5  26.6  26.7  26.4  26.8  24.6  23.5 -99.0  23.3  24.9  25.3  25.1 
1962  25.9  26.0  25.9  26.3  25.9  24.1 -99.0  22.9  23.6  24.8  25.4  25.7 
1963  25.7  26.1  26.7  26.7  26.7  25.4  24.6  24.1  25.0  25.3  26.0  25.9 
1964  26.1  27.5  27.2  26.6  25.7  24.7  23.8  23.1  23.9  24.3  25.5  25.0 
1965  26.5  26.2  26.9  26.2  26.5  24.6  23.8 -99.0  23.9  25.0  25.9  25.7 
1966  25.5  26.5  27.0  26.5  26.9  25.2  24.7 -99.0  24.0  26.0  26.2  26.3 
1967  25.5  27.1  26.6  26.3  26.4  25.0  23.3  23.1  23.9  24.9  25.7  25.7 
1968  25.1  25.9  26.4  26.4  26.0  25.0  24.6  24.8  24.9  26.2  25.7  25.9 
1969  26.0  27.3  26.6  27.4 -99.0  24.9  24.0  23.9  24.0  24.6  25.6  26.3 
1970  26.0  26.8  26.9  26.9  26.3  25.3  24.1  24.0  24.5  25.6  25.7  25.9 
1971  25.0  25.8  25.9  26.3  26.4  24.5  24.0  23.1  23.7  24.7  25.2  24.7 
1972  25.0  25.5  25.9  25.9  25.7  24.8 -99.0  22.9  23.9  25.1  25.6  25.6 
1973  26.0  27.1  26.9  26.9  26.4  24.9  24.4  23.9  24.3  25.1  26.2  25.4 
1974  25.4  26.6  26.9  27.0  26.4  25.3  24.5  24.3  24.4  25.3  26.7  25.6 
1975  25.5  26.7  26.8  26.7  26.2  25.2  24.5 -99.0 -99.0  25.1  25.9  25.8 
1976  25.8  26.2  26.9  26.5  25.8  24.3  23.7  23.3  24.0  24.2  25.3  26.0 
1977  26.3  27.1  27.4  27.8  26.5  25.1  24.4  23.7  24.5  25.4  26.2  25.6 
1978  26.5  26.7  26.6  26.4  26.2  24.9  23.8  23.7  24.4  25.0  26.1  26.1 
1979  26.9  27.2  27.6  27.3  26.3 -99.0  24.7  24.5  25.0  25.5  26.2  26.3 
1980  26.6  27.1  27.1  27.5  26.1  25.6  24.4  24.2  25.0  25.3  25.9  25.2 
1981  26.0  26.9  27.1  27.6 -99.0 -99.0 -99.0  24.1 -99.0 -99.0 -99.0 -99.0 
1982  25.8  27.1 -99.0 -99.0  26.0  24.8  24.0 -99.0  24.3 -99.0 -99.0  26.0 
1983 -99.0  27.4 -99.0 -99.0 -99.0  25.1  24.6 -99.0  24.7  26.0 -99.0 -99.0 
1984  26.6  27.1  27.7 -99.0 -99.0 -99.0 -99.0  24.9 -99.0 -99.0  26.8 -99.0 
1985 -99.0 -99.0 -99.0 -99.0 -99.0 -99.0 -99.0 -99.0 -99.0 -99.0 -99.0 -99.0 
1986 -99.0 -99.0 -99.0 -99.0 -99.0 -99.0 -99.0 -99.0 -99.0  25.1 -99.0 -99.0 
1987  27.0 -99.0 -99.0 -99.0 -99.0 -99.0 -99.0 -99.0 -99.0 -99.0  27.3 -99.0 
1988  26.4  27.8  28.2  27.6  27.3 -99.0  25.1 -99.0 -99.0 -99.0  26.6  25.7 
1989 -99.0 -99.0 -99.0 -99.0 -99.0 -99.0  25.3 -99.0  24.5 -99.0 -99.0  26.6 
1990 -99.0  27.1  27.9 -99.0  26.7 -99.0  24.5 -99.0  24.9  26.0 -99.0  26.4 
1991  26.6  27.3  28.0  27.1  26.8  26.5  25.1  24.4  25.0  25.0  26.2  26.4 
1992  26.0  27.8  27.7  27.5  26.7  25.4  24.2  23.8  24.5  25.5  26.1  26.6 
1993  25.9  26.2  26.8  27.2  27.3  25.5  24.7  24.2  25.0  26.2  26.9  27.0 
1994  26.1  27.6  27.8  27.8  27.0  25.5  24.5  24.4  24.8  25.5  26.7  26.9 
1995  26.5  28.1  27.7  28.1  27.6  26.3  25.4  25.1  25.4  26.0  27.2  26.5 
1996  26.6  27.6  27.8  28.0  27.6  25.9  25.0  24.8  24.9  26.0  26.9  26.5 
1997  27.0  27.3  27.4  26.8  26.6  25.3  24.6  24.0  25.4  26.5  26.8  26.9 
1998  26.6  28.6  29.1  28.9  27.5  26.6  25.2  24.4  25.0  26.0  27.0  27.0 
1999  26.0  27.0  27.7  27.5  27.2  26.3  25.1  24.8  24.9  25.6  26.5  27.2 
2000  26.3  26.6  27.8  27.5  27.7  25.5  24.7  25.1  25.4  26.0  26.9  26.6 
2001 -99.0 -99.0 -99.0 -99.0 -99.0 -99.0 -99.0 -99.0 -99.0 -99.0 -99.0 -99.0 
2002 -99.0 -99.0 -99.0 -99.0 -99.0 -99.0 -99.0 -99.0 -99.0 -99.0 -99.0 -99.0 
2003 -99.0 -99.0 -99.0 -99.0 -99.0 -99.0 -99.0 -99.0 -99.0 -99.0 -99.0 -99.0 
2004 -99.0 -99.0 -99.0 -99.0 -99.0 -99.0 -99.0 -99.0 -99.0 -99.0 -99.0 -99.0 
2005  26.2  28.3 -99.0  27.9  27.0  25.6 -99.0  24.1  25.3  26.2  27.9  27.1 
2006 -99.0 -99.0  27.6  27.7  26.7 -99.0 -99.0 -99.0  25.2 -99.0  27.9 -99.0 
2007 -99.0 -99.0 -99.0 -99.0 -99.0 -99.0  25.3 -99.0 -99.0 -99.0 -99.0  26.9 
2008 -99.0 -99.0 -99.0 -99.0  26.6 -99.0 -99.0 -99.0 -99.0 -99.0 -99.0 -99.0 
2009 -99.0 -99.0 -99.0  27.9 -99.0 -99.0 -99.0 -99.0 -99.0 -99.0 -99.0 -99.0 
2010 -99.0  28.3 -99.0 -99.0 -99.0 -99.0 -99.0 -99.0 -99.0  26.0 -99.0 -99.0 
2011  26.8 -99.0 -99.0 -99.0 -99.0 -99.0 -99.0 -99.0 -99.0 -99.0 -99.0 -99.0 
