Number= 110207
Name= HOHENFURTH
Country= AUSTRIA
Lat=   48.6
Long=  -15.3
Height= -999
Start year= 1817
End year= 1843
First Good year= 1817
Source ID= 10
Source file= Jones
Jones data to= 1843
Normals= -99.0 -99.0 -99.0 -99.0 -99.0 -99.0 -99.0 -99.0 -99.0 -99.0 -99.0 -99.0 
Obs:
1817  -0.7   1.3   1.3   1.5  10.6  15.3  14.5  13.8  11.4   3.8   3.0  -2.1 
1818  -0.5  -1.8  -1.1  13.1  11.4  13.6  13.0  13.5   9.0   6.4   2.0  -4.6 
1819  -2.8  -0.8   2.0   6.4   9.2  14.0  16.1  15.0  11.9   9.7   2.1  -3.7 
1820 -99.0 -99.0 -99.0 -99.0 -99.0 -99.0 -99.0 -99.0 -99.0 -99.0 -99.0 -99.0 
1821 -99.0 -99.0 -99.0 -99.0 -99.0 -99.0 -99.0 -99.0 -99.0 -99.0 -99.0 -99.0 
1822 -99.0 -99.0 -99.0 -99.0 -99.0 -99.0 -99.0 -99.0 -99.0 -99.0 -99.0 -99.0 
1823 -99.0 -99.0 -99.0 -99.0 -99.0 -99.0 -99.0 -99.0 -99.0 -99.0 -99.0 -99.0 
1824  -2.6  -2.5   2.3   5.9  11.6  10.1  17.3  16.9  14.8   9.2   4.3   3.0 
1825 -99.0 -99.0 -99.0 -99.0 -99.0 -99.0 -99.0 -99.0 -99.0 -99.0 -99.0 -99.0 
1826 -99.0 -99.0 -99.0 -99.0 -99.0 -99.0 -99.0 -99.0 -99.0 -99.0 -99.0 -99.0 
1827  -4.4  -7.3   5.1   9.0  14.6  17.5  18.3  16.6  12.9   8.5  -1.1   1.1 
1828  -1.1  -2.9   3.0   8.1  12.7  15.8  18.5  15.0  12.5   6.5   1.5  -0.2 
1829  -6.4  -6.4  -1.0   7.2   9.6  13.0  17.1  13.9  12.5   5.3  -3.4 -10.7 
1830 -12.8  -5.3   2.5   8.3  12.7  15.9  17.8  17.1  10.5   5.9   2.7  -2.5 
1831  -7.9  -2.3   2.5   9.1  12.0  14.2  17.2  16.4  10.9   9.8   1.7  -3.1 
1832  -4.0  -2.4   1.0   6.5  10.3  14.8  15.9  17.6  11.0   6.6  -0.4  -3.1 
1833  -8.1   1.7   2.1   5.2  15.3  17.3  15.3  13.2  12.4   5.6   1.7   1.9 
1834   1.2  -2.7   1.0   4.4  14.8  17.7  20.1  18.5  14.5   6.3   0.3  -1.5 
1835  -2.2  -1.4   1.4   5.8  13.0  15.2  17.9  16.8  12.7   5.9  -3.1  -4.8 
1836  -6.3  -3.2   5.5   6.5   9.7  16.0  17.6  16.2  12.4   8.6   0.5   0.3 
1837  -3.7  -3.9  -1.5   5.1  10.3  16.0  16.6  19.2  11.1   6.8   1.5  -2.7 
1838 -10.4  -6.1   1.9   4.2  11.5  15.6  16.0  14.6  13.5   6.0   1.4  -4.2 
1839  -3.8  -2.5  -0.5   2.9  10.5  17.9  18.4  15.2  13.5   8.8   3.3  -0.3 
1840  -2.9  -3.6  -3.5   6.1  11.6  15.1  16.3  16.0  12.8   4.8   4.1 -10.2 
1841  -5.0  -5.6   2.9   7.9  15.8  15.0  16.6  16.0  13.8   9.9   1.9  -0.1 
1842  -8.1  -6.9   2.8   4.4  12.5  15.7  16.8  18.1  13.0   3.5  -0.4  -2.1 
1843  -2.5   2.7   0.8   7.0  10.9  14.6  16.4  16.6  10.8   7.2   2.2  -0.1 
