Number= 111197
Name= WILTEN
Country= AUSTRIA
Lat=   47.3
Long=  -11.4
Height= 184
Start year= 1829
End year= 1858
First Good year= 1829
Source ID= 10
Source file= Jones
Jones data to= 1858
Normals= -99.0 -99.0 -99.0 -99.0 -99.0 -99.0 -99.0 -99.0 -99.0 -99.0 -99.0 -99.0 
Obs:
1829  -3.8  -2.2   4.6  10.5  12.4  15.3  19.5  16.0  15.3   9.6   0.9  -5.9 
1830  -8.6  -3.8   6.4  12.4  15.0  16.8  20.0  18.6  12.7   9.3   3.7   1.5 
1831  -2.9   1.3   6.5  10.3  14.2  16.4  18.5  17.8  13.3  13.1   3.3   0.7 
1832   1.0   2.7   5.4   9.4  12.0  14.1  18.3  19.1  13.5   8.7   4.6  -2.9 
1833  -6.1   3.5   5.6   8.5  11.1  12.7  16.1  15.1  13.6   9.9   4.6   2.4 
1834 -10.7   2.0   5.1   7.2  17.4  15.1  20.9  19.2  17.6   9.3   4.9  -1.9 
1835  -1.1   1.4   3.0   7.8  13.9  17.0  19.3  17.8  15.4   8.2   0.6  -2.6 
1836  -2.5  -0.3   9.3   9.1  11.8  18.2  18.8  17.9  14.3  10.8   1.6  -0.2 
1837  -3.5  -1.0   1.2   8.3  10.8  18.3  18.1  20.6  13.1   8.9   1.4  -2.4 
1838  -6.3  -0.3   4.5   6.6  13.6  17.0  17.4  15.5  15.2   8.6   6.1  -1.9 
1839  -2.0  -0.5   2.3   6.1  12.9  19.7  19.2  15.9  15.2  13.2   8.1   3.9 
1840   0.0   1.0   0.6   9.8  13.7  16.7  16.2  16.8  14.9   7.6   6.2  -4.0 
1841  -2.0   1.1   7.5  10.4  17.7  16.4  17.3  16.4  16.5  11.8   3.7   3.3 
1842  -4.1   1.1   6.0  10.4  14.5  17.6  18.5  19.6  14.5   6.9   3.7   0.8 
1843  -1.0   4.4   5.0  10.3  12.5  13.1  17.4  17.2  14.9   9.4   5.4  -1.0 
1844  -3.5  -1.0   3.2   9.8  13.3  18.1  17.2  17.8  15.9  10.6   5.3  -1.7 
1845   1.2  -5.4   1.3  10.0  11.4  19.0  17.7  16.5  15.2  10.5   7.6   1.2 
1846  -0.4   3.9   6.2  10.7  15.8  19.5  20.1  19.3  15.7  11.7   7.4  -3.6 
1847  -3.8  -0.9   3.7   6.9  16.9  14.6  18.7  18.7  12.6   9.4   4.4  -1.8 
1848  -8.2   3.2   6.2  11.7  14.2  14.4  18.6  18.1  14.4  11.1   3.2  -0.5 
1849  -1.3   2.0   3.5   9.0  14.6  19.0  18.3  16.3  14.6  10.6   1.7  -1.8 
1850  -4.4   2.4   2.2  10.1  13.1  18.0  17.9  18.2  12.7   7.6   4.9  -0.4 
1851   0.7   0.6   4.1  10.4  11.2  16.6  17.1  17.4  12.2   8.3  -0.9  -3.7 
1852  -0.4   1.8   1.6   7.8  14.4  16.8  19.2  19.8  15.0   8.9   8.6   2.8 
1853  -2.5   0.7   2.9   6.8  14.1  17.0  18.4  17.7  14.3   8.9   4.1  -3.8 
1854  -1.7  -2.6   2.2   9.6  14.1  15.9  18.2  16.6  13.6  10.6   1.4  -0.7 
1855 -99.0 -99.0 -99.0 -99.0 -99.0  16.3  17.3  18.1  14.6  13.2   2.4  -7.0 
1856   1.8   2.3   4.2  11.6  12.6  18.3  16.3  18.2  13.0  10.1  -1.0  -2.4 
1857  -4.4  -2.6   2.9   8.9  14.1  16.1  18.8  18.4  15.9  12.5   3.1   3.6 
1858  -6.8  -3.3 -99.0 -99.0 -99.0 -99.0 -99.0 -99.0 -99.0 -99.0 -99.0 -99.0 
