Number= 115200
Name= LIBUS
Country= CZECH
Lat=   50.0
Long=  -14.5
Height= -999
Start year= 1971
End year= 2011
First Good year= 1971
Source ID= 10
Source file= Jones+Anders
Jones data to= 1980
Normals= -99.0 -99.0 -99.0 -99.0 -99.0 -99.0 -99.0 -99.0 -99.0 -99.0 -99.0 -99.0 
Obs:
1971 -99.0 -99.0 -99.0 -99.0 -99.0 -99.0  18.8  19.7  12.0   8.3   3.3   3.3 
1972  -3.1   1.0   5.4   7.9  12.6  16.0  18.5  16.7  10.9   5.6   4.3  -0.8 
1973  -1.2   1.0   4.3   5.7  13.4  16.4  17.6  18.2  15.0   7.0   2.3 -99.0 
1974   2.3   3.0   6.9   8.6  12.1  14.3  16.3  18.3  13.5   5.4   3.8   4.3 
1975   3.2  -0.2   4.1   7.6  13.0  15.4  18.8  18.9  16.6   7.2   2.3   0.6 
1976   0.6   0.2   0.7   8.0  13.5  17.4  20.0  16.5  12.9   9.9   5.0  -1.5 
1977  -1.1 -99.0   6.3   6.4  12.7  16.6  17.2  16.5  11.8   9.1   5.2   0.2 
1978   0.4  -2.3   5.0   7.4  11.8  15.6  16.2  15.7  12.7   8.6   3.5   0.9 
1979  -5.0  -0.8   4.4   7.2  14.2  19.0  15.7  16.7  13.6   7.2 -99.0 -99.0 
1980  -4.2   2.0   3.1   5.8  10.7  15.8  15.4  17.2  13.2   8.3   2.8   0.2 
1981 -99.0 -99.0 -99.0 -99.0 -99.0 -99.0 -99.0 -99.0 -99.0 -99.0 -99.0 -99.0 
1982 -99.0 -99.0 -99.0 -99.0 -99.0 -99.0 -99.0 -99.0 -99.0 -99.0 -99.0 -99.0 
1983 -99.0 -99.0 -99.0 -99.0 -99.0 -99.0 -99.0 -99.0 -99.0 -99.0 -99.0 -99.0 
1984 -99.0 -99.0 -99.0 -99.0 -99.0 -99.0 -99.0 -99.0 -99.0 -99.0 -99.0 -99.0 
1985 -99.0 -99.0 -99.0 -99.0 -99.0 -99.0 -99.0 -99.0 -99.0 -99.0 -99.0 -99.0 
1986 -99.0 -99.0 -99.0 -99.0 -99.0 -99.0 -99.0 -99.0 -99.0 -99.0 -99.0 -99.0 
1987 -99.0 -99.0 -99.0 -99.0 -99.0 -99.0 -99.0 -99.0 -99.0 -99.0 -99.0 -99.0 
1988 -99.0 -99.0 -99.0 -99.0 -99.0 -99.0 -99.0 -99.0 -99.0 -99.0 -99.0 -99.0 
1989 -99.0 -99.0 -99.0 -99.0 -99.0 -99.0 -99.0 -99.0 -99.0 -99.0 -99.0 -99.0 
1990 -99.0 -99.0 -99.0 -99.0 -99.0 -99.0 -99.0 -99.0 -99.0 -99.0 -99.0 -99.0 
1991   1.3  -2.9   6.2   7.8  10.2  15.6  20.0  18.5  15.3   8.1   3.2  -0.7 
1992   1.4   1.4   4.5   8.9  15.4  18.8  20.2  21.8  14.6   7.4   4.5  -0.2 
1993   2.0  -2.5   3.4  10.9  16.3  16.7  17.3  18.0  13.1   8.3   1.0   3.5 
1994   2.9  -0.1   6.9   8.7  13.7  17.8  22.9  19.3  14.6   7.0   6.7   2.4 
1995  -0.6   4.7   3.6   9.3  12.9  15.1  21.3  18.7  13.2  11.0   1.5  -1.7 
1996  -3.7  -3.1   0.5   9.1  12.8  16.8  16.6  17.5  10.9   9.8   5.0  -4.2 
1997  -4.0   3.5   5.2   6.1  14.3  16.9  17.8  19.8  14.1   7.3   3.2   2.0 
1998   1.4   4.4   4.6  10.8  14.8  18.0  18.0  18.4  13.5   9.3   1.5   0.3 
1999   1.3  -0.3   5.7   9.7  14.7  16.1  20.0  18.3  17.5   9.2   2.9   1.5 
2000  -0.7   3.6   4.5  11.6  15.8  18.1  16.1  19.5  13.9  11.1   5.5   1.2 
2001  -1.1   1.6   4.4   7.6  14.9  14.8  18.7  19.1  12.0  12.1   2.6  -1.7 
2002   0.2   4.7   5.0   8.5  15.9  18.0  18.9  19.3  12.9   8.0   4.6  -1.6 
2003  -1.1  -3.1   5.0   8.3  15.7  20.3  19.4  21.3  14.6   6.1   4.7   0.4 
2004  -2.5   2.7   4.2  10.2  12.7  16.6  18.9  20.1  14.8  10.4   4.5   0.4 
2005   1.5  -2.2   3.0  10.4  14.5  17.6  19.3  17.3  15.7  10.7   3.1   0.3 
2006  -4.6  -1.3   2.0   9.4  14.2  18.1  23.1  16.6  17.5  11.4   6.8   3.8 
2007   4.9   4.3   6.6  12.2  16.0  19.6  19.8  19.1  13.0   8.6   2.6   0.7 
2008   2.8   4.1   4.6   9.0  14.7  18.8  19.2  19.3  13.7   9.6   5.0   1.8 
2009  -3.1   0.4   4.9  13.6  14.8  16.1  19.5  20.3  16.4   8.8   7.0   0.0 
2010  -3.8  -0.5   4.6   9.7  12.7  17.7  21.4  18.3  12.5   7.3   5.6  -4.3 
2011   0.3  -0.6   5.5  12.0  14.7 -99.0 -99.0 -99.0 -99.0 -99.0 -99.0 -99.0 
