Number= 119340
Name= POPRAD/TATRY
Country= SLOVAKIA
Lat=   49.1
Long=  -20.3
Height= 707
Start year= 1951
End year= 2011
First Good year= 1951
Source ID= 10
Source file= Jones+Anders
Jones data to= 2001
Normals source= Data
Normals source start year= 1961
Normals source end year= 1990
Normals=  -5.0  -3.3   0.7   6.0  11.0  14.1  15.5  14.8  11.5   6.7   1.2  -3.4 
Standard deviations source= Data
Standard deviations source start year= 1951
Standard deviations source end year= 1990
Standard deviations=   2.7   3.3   2.5   1.5   1.4   1.2   1.0   1.0   1.4   1.4   2.0   2.2 
Obs:
1951  -1.2  -0.1   0.4   6.0  10.6  14.4  15.7  16.7  13.0   4.3   4.7  -0.3 
1952  -3.1  -3.7  -5.2   8.0   8.8  14.1  16.5  17.1  10.2   6.0   0.3  -3.6 
1953  -4.4  -2.8   0.2   6.5  10.5  15.3  17.1  14.3  12.1   7.5   1.3  -2.4 
1954 -10.7  -8.6   2.6   3.2  11.0  15.5  14.5  15.2  12.7   6.3   1.3   0.1 
1955  -5.3  -3.9  -2.0   2.9   9.3  13.3  15.4  14.4  11.4   6.7   0.6  -0.7 
1956  -3.4 -12.7  -2.7   4.9  10.5  13.8  15.6  14.6  11.6   5.8  -3.5  -2.8 
1957  -5.0  -0.4   1.2   5.7   7.6  15.6  16.2  14.2  10.0   6.1   1.9  -2.9 
1958  -4.7  -0.3  -3.9   2.4  14.2  12.9  16.1  15.1  10.8   7.0   2.3  -0.3 
1959  -4.3  -4.3   2.7   5.6  10.4  13.1  17.1  14.8   9.0   5.0   0.6   0.4 
1960  -5.5  -4.9   0.9   4.6   9.7  13.6  14.1  14.6   9.5   8.3   3.6   1.1 
1961  -4.9  -1.9   3.4   8.6   9.0  15.1  14.3  14.6  13.0   8.0   1.8  -5.1 
1962  -2.8  -4.5  -2.8   7.6   8.9  11.9  13.6  16.0  10.4   6.3   2.2  -8.2 
1963 -11.5  -9.7  -2.0   6.0  11.3  14.6  17.0  16.2  12.9   6.3   5.4  -7.0 
1964  -8.5  -5.0  -2.2   6.7  10.7  17.2  15.8  14.0  11.2   6.2   2.4  -2.7 
1965  -3.8  -7.8  -0.3   4.4   9.0  14.2  14.5  12.8  11.2   4.5  -2.2  -2.5 
1966  -6.9   2.4   0.7   8.0  11.4  13.9  15.4  14.3  10.8  10.3   1.5  -3.5 
1967  -6.3  -3.0   2.0   5.6  11.4  13.7  17.0  15.0  13.4   9.1   1.6  -4.4 
1968  -6.3  -1.2   1.2   7.9  11.2  15.4  14.6  14.0  11.5   6.6   2.7  -7.2 
1969  -7.2  -3.4  -2.8   4.7  13.6  13.8  15.9  14.4  11.8   7.2   4.2  -6.8 
1970  -4.4  -5.3  -1.2   5.3   9.9  14.9  15.5  14.9  10.0   5.7   3.4  -2.1 
1971  -3.6  -1.8  -1.7   6.5  12.8  13.2  15.5  16.2   9.0   6.0   1.0   0.0 
1972  -5.9  -0.2   3.2   6.8  11.0  14.9  16.9  14.3   9.1   4.1   2.0  -2.4 
1973  -3.1  -1.2   0.8   4.8  11.7  13.6  15.3  15.1  12.2   5.2  -0.8 -99.0 
1974  -2.1   1.0   3.4   5.3   9.8  12.0  14.7  16.9  11.8   3.6   1.3  -1.2 
1975   0.3  -3.3   2.8   6.0  12.3  14.1  16.4  15.6  13.6   6.5   0.2  -2.2 
1976  -4.6  -5.1  -2.6   6.3  10.8  13.8  16.4  12.6  11.1   8.0   3.2  -3.8 
1977  -3.8 -99.0   3.6   5.2  11.1  14.8  15.3  14.5   9.4   8.2   2.1  -5.7 
1978  -4.2  -5.0   2.1   4.5   9.4  13.3  14.0  12.9  10.0   7.2  -0.9  -2.7 
1979  -6.3  -4.0   2.1   4.8  12.0  16.6  14.0  14.4  12.6   4.5 -99.0 -99.0 
1980  -7.8  -2.0  -0.6   3.8   8.1  13.3  15.0  14.5  10.2   7.0  -1.0  -3.4 
1981  -6.3  -2.5   3.8   5.0  11.6  15.5  15.6  14.8  12.0   7.6   0.6  -4.4 
1982  -7.9  -5.7   1.3   3.4  12.0  15.3  16.3  16.4  14.6   7.3   2.3  -1.0 
1983  -0.1  -4.3   2.4   8.0  12.8  14.4  17.1  15.4  12.4   6.3  -0.6  -2.1 
1984  -3.1  -3.9  -0.7   5.5  10.4  12.3  13.7  14.5  11.5   8.6   1.5  -4.5 
1985  -8.7  -8.5   1.3   6.0  11.8  11.7  15.5  15.1  11.3   5.7  -1.5  -0.3 
1986  -4.2  -9.1   0.8   8.0  12.9  13.8  15.0  15.7  11.0   6.4   1.9  -5.1 
1987 -10.1  -3.1  -5.0   5.7   9.8  14.6  17.3  13.6  13.2   6.9   2.3  -2.3 
1988  -0.4  -0.6  -1.2   5.6  11.6  13.5  16.6  15.2  11.8   5.8  -3.7  -1.7 
1989  -3.4   0.2   3.8   8.2  10.9  12.7  15.2  15.2  12.0   7.8   0.2  -1.3 
1990  -3.0   1.9   4.8   5.5  11.2  13.9  15.1  15.6   9.4   6.9   3.1  -2.9 
1991  -2.6  -6.5   3.2   4.5   8.4  13.9  17.1  15.4  12.3   5.3   2.3  -5.8 
1992  -3.7  -3.7   0.8   6.2  10.8  15.1  16.7  19.3  10.5   5.0   2.0  -4.0 
1993  -2.3  -4.1  -0.5   6.0  13.7  14.0  15.2  15.3  10.6   7.7  -1.5  -1.5 
1994   0.3  -3.5   3.3   6.7  10.9  14.7  18.6  16.8  14.0   5.2   1.7  -1.7 
1995  -3.6   1.4   1.1   6.1  10.4  14.1  17.9  15.3  10.6   8.0  -2.0  -4.1 
1996  -6.6  -6.3  -2.4   6.0  13.2  15.1  14.3  15.3   8.4   6.9   4.6  -8.2 
1997  -7.4  -1.5   1.2   2.9  12.1  15.0  15.1  15.9  11.3   4.4   2.2  -1.3 
1998  -1.9   1.5  -0.4   7.9  11.2  15.8  16.4  16.1  11.6   7.2  -1.8  -6.0 
1999  -2.6  -3.1   2.6   7.9  11.2  15.7  17.3  15.1  14.2   7.0  -0.3  -2.4 
2000  -5.7  -0.9   1.2   9.3  13.2  15.2  14.8  16.9  10.5  10.4   5.8  -0.3 
2001  -3.2  -1.8   2.7   6.3  13.0  13.5  16.9  17.5  10.0   9.7  -0.4  -6.9 
2002  -3.9   1.9   3.4   6.1  14.0  16.0  17.7  16.8  10.4   5.5   3.7  -6.4 
2003  -4.8  -6.4   0.9   5.1  14.4  16.5  17.0  17.9  11.6   4.1   3.6  -2.0 
2004  -6.4  -2.0   1.3   7.0   9.8  14.3  15.6  15.9  11.1   8.2   2.0  -2.2 
2005  -3.8  -6.3  -1.6   7.2  12.1  14.2  17.1  15.2  12.4   7.2   0.1  -3.3 
2006 -10.0  -6.1  -1.4   7.4  11.3  15.0  18.5  15.1  13.4   9.0   4.0  -0.3 
2007   1.4   0.2   3.9   8.3 -99.0  16.6  17.9  16.9  10.3   6.0   0.1  -4.0 
2008  -0.8   0.6   1.9   7.2  11.8  16.4  17.0  16.8  11.0   8.4   3.3  -0.9 
2009  -5.0  -2.9   0.8   9.4  12.1  14.5  18.0  16.5  13.3   6.7   2.9  -2.2 
2010  -5.8  -3.0   1.4   7.0  11.6  15.3  18.1  16.8  10.4   4.3   5.2  -5.9 
2011  -4.3  -3.8   2.4   8.5  11.8 -99.0 -99.0 -99.0 -99.0 -99.0 -99.0 -99.0 
