Number= 424100
Name= GAUHATI/BHORJHOR
Country= INDIA
Lat=   26.1
Long=  -91.6
Height= 49
Start year= 1903
End year= 2011
First Good year= 1903
Source ID= 10
Source file= Jones+Anders
Jones data to= 2001
Normals source= Data
Normals source start year= 1961
Normals source end year= 1990
Normals=  17.1  19.1  22.9  25.4  26.8  28.3  28.7  28.7  28.1  26.0  22.0  18.1 
Standard deviations source= Data
Standard deviations source start year= 1941
Standard deviations source end year= 1990
Standard deviations=   0.8   0.9   0.9   1.3   0.7   0.6   0.5   0.5   0.5   0.7   0.7   0.8 
Obs:
1903  15.6  18.3  22.1  25.7  26.8  27.6  29.4  28.5  28.4  27.1  22.1  17.4 
1904  16.8  18.8  23.3  24.6  26.1  28.6  28.8  29.2  28.3  25.8  20.9  16.9 
1905  16.0  15.3  21.3  23.3  26.4  28.4  29.1  28.3  28.2  26.2  22.2  17.8 
1906  16.3  18.3  21.6  25.6  27.0  28.4  29.6  28.3  29.2  25.9  22.1  17.9 
1907  17.7  18.5  21.0  23.9  26.7  27.7  28.6  29.4  27.9  26.0  21.8  17.1 
1908  16.6  18.8  22.8  27.1  26.8  28.7  29.4  29.0  28.3  26.1  21.3  17.0 
1909  16.8  18.4  24.4  25.1  26.6  28.1  29.4  28.8  29.3  26.8  22.8  18.2 
1910  17.2  19.2  22.3  24.9  26.3  28.1  28.0  28.8  28.8  26.0  21.8  17.6 
1911  18.2  18.4  22.3  25.2  26.0  28.5  28.6  28.6  28.0  25.2  20.7  16.7 
1912  17.3  19.3  21.4  23.0  26.9  28.2  28.5  28.6  28.3  25.8  21.5  17.7 
1913  17.1  19.0  20.9  25.2  25.9  27.9  29.0  29.1  28.2  25.9  20.7  17.1 
1914  16.9  18.9  22.6  23.3  27.3  29.1  29.5  28.7  27.8  24.7  21.3  18.1 
1915  18.3  19.1  22.3  24.9  26.3  27.9  28.8  29.0  28.1  28.1  23.6  18.2 
1916  17.2  19.1  23.9  24.8  27.0  29.1  28.3  28.9  28.4  25.8  22.3  17.2 
1917  16.6  18.8  21.8  25.1  27.9  28.4  28.9  29.3  28.3  25.8  22.3  17.8 
1918  16.4  18.5  22.7  24.9  28.4  27.9  28.2  28.3  28.3  25.9  21.4  16.9 
1919  17.8  18.6  24.2  24.9  26.8  29.2  29.1  29.8  27.8  26.2  22.7  18.2 
1920  17.9  18.4  22.1  24.3  26.2  28.1  29.8  28.7  28.0  26.6  22.1  19.5 
1921  17.4  18.6  23.5  24.8  26.9  27.3  28.8  29.3  28.6  25.0  21.6  18.1 
1922  17.6  19.7  24.2  27.8  27.8  28.1  28.9  29.1  28.4  26.0  22.1  17.8 
1923  17.6  18.7  23.7  25.6  26.3  27.8  29.0  29.4  28.2  25.8  22.3  18.1 
1924  17.3  18.9  24.6  26.6  26.4  28.3  28.9  28.7  27.7  27.1  21.8  18.2 
1925  15.8  18.0  23.0  25.1  25.4  28.7  29.0  29.2  27.4  25.0  21.4  16.1 
1926  16.9  18.9  21.6  24.6  26.8  27.8  28.6  28.9  28.6  26.4  20.8  18.3 
1927  16.9  17.8  20.8  24.8  26.2  27.9  29.2  28.7  27.4  26.0  21.2  17.6 
1928  16.9  19.8  23.2  26.0  26.4  28.5  29.2  28.5  29.1  25.6  20.8  17.5 
1929  16.3  18.3  23.3  24.8  26.3  27.9  28.9  28.9  28.3  25.7  21.4  17.7 
1930  16.2  19.0  22.5  25.0  27.2  26.9  29.2  29.1  28.3  25.6  21.7  17.9 
1931  18.4  20.1  23.2  25.3  26.2  28.1  28.5  29.6  27.1  26.6  21.3  18.2 
1932  16.9  17.1  23.1  25.7  25.5  27.8  28.9  29.1  28.6  26.6  23.2  18.5 
1933  16.6  19.7  24.3  24.8  26.4  28.6  29.1  28.9  28.5  26.7  21.9  18.2 
1934  17.5  19.5  23.3  25.9  25.9  27.2  28.8  29.0  29.3  25.6  21.5  17.6 
1935  16.6  19.4  23.4  25.9  26.5  27.3  29.3  28.3  28.2  26.4  22.7  17.7 
1936  16.2  18.2  23.4  25.9  27.4  28.2  28.9  29.2  28.4  25.4  23.2  18.4 
1937  15.8  19.1  22.3  26.9  26.9  28.8  29.7  28.7  28.5  26.3  21.4  18.8 
1938  18.3  18.6  23.9  27.3  27.4  28.6  28.6  29.1  28.4  26.9  20.5  18.3 
1939  17.9  19.6  23.6  28.2  27.2  28.3  28.6  29.3  28.1  25.8  22.3  18.4 
1940  17.2  19.1  20.8  25.9  26.8  28.3  28.8  29.4  28.2  26.5  22.3  18.8 
1941  17.0  19.4  24.2  25.9  26.7  28.4  29.4  29.5  28.6  25.9  21.1  19.2 
1942  17.7  20.2  23.2  25.1  26.9  28.4  29.6  28.9  28.2  27.1  23.1  18.1 
1943  18.5  19.1  22.1  23.4  26.4  28.5  28.6  28.8  28.2  26.0  23.4  19.4 
1944  17.4  19.2  24.2  25.9  28.1  29.2  29.4  29.9  28.5  27.3  22.8  19.9 
1945  18.1  18.3  24.4  27.9  27.3  28.9  29.6  29.1  29.3  26.7  22.4  18.4 
1946  18.1  20.2 -99.0  24.9  26.9  28.1  28.6  29.5  28.2  25.3  22.8  18.7 
1947  17.4  19.9  22.9  25.5  27.0  28.2  28.4  28.9  28.4  25.6  21.9  18.9 
1948  17.7  19.2 -99.0  25.5  26.1  27.7  28.6  28.8  28.7  25.2  22.4  17.9 
1949  17.8  19.4  23.4  23.4  26.9  28.1  28.9  28.7  28.2  26.9  22.3  16.9 
1950  17.6  19.3  23.1  26.3  27.6  27.5  29.2  28.2  28.7  26.2  22.3  18.8 
1951  17.3  19.8  23.9  24.8  26.3  27.7  28.1  29.1  27.8  26.2  21.8  18.3 
1952  17.9  20.6  21.5  26.2  25.2  29.1  28.9  28.6  27.8  26.6  22.6  18.7 
1953  16.7  19.7  22.8  25.2  26.8  27.9  28.3  29.2  27.3  25.6  21.3  18.9 
1954  16.3  20.4  23.6  25.2  26.8  27.3  28.2  28.1  28.4  25.1  21.4  18.3 
1955  17.2  19.7 -99.0 -99.0 -99.0 -99.0 -99.0 -99.0 -99.0 -99.0 -99.0 -99.0 
1956  18.6  20.9  24.4  26.9  27.4  27.7  28.9  28.9  28.6  26.3  22.6  18.7 
1957  18.1  18.5  23.5  27.1  26.5  28.1  29.3  29.5  28.9  26.0  22.9  19.0 
1958  18.9  19.5  24.9  26.3  26.5  29.4  30.0  29.1  28.8  27.2  23.1  19.7 
1959  17.3  18.4  23.3  26.9  27.5  29.3  29.8  30.3  28.2  25.6  22.2  18.4 
1960  17.5  21.7  23.3  28.9  28.2  28.9  28.8  29.7  28.2  27.3  22.7  20.7 
1961  19.0  19.0  23.4  26.9  27.2  28.7  29.7  29.5  28.9  27.1  22.1  17.9 
1962  17.1  20.7  24.3  28.3  26.4  28.3  30.3  28.6  28.9  25.9  21.7  18.3 
1963 -99.0 -99.0  22.6  24.9  26.1  28.5  29.1  28.9  28.7  25.9  21.1  18.3 
1964  15.7  18.7  23.3  24.7  26.7  27.9  28.3  29.0  28.3  26.5  22.7  18.1 
1965  17.3  18.5  21.5  24.7  26.5  27.9  28.7  27.7  27.9  25.9  20.8  18.3 
1966  17.3  20.1  23.5  26.3  27.9  27.3  28.7  28.5  27.9  25.1  22.9  17.8 
1967  17.3  19.4  21.6  24.1  26.3  27.6  28.4  29.0  27.7  25.4  20.4  18.0 
1968  16.7  17.1  22.7  24.7  26.4  27.5  28.1  29.1  28.1  25.3  21.9  17.7 
1969  16.5  18.7  23.7  26.3  27.9  28.0  28.7  28.3  28.1  25.9  21.7  18.2 
1970  16.3  18.7  22.8  26.1  27.5  29.1  28.6  28.9  28.2  25.9  22.2  18.3 
1971  16.9  18.5  21.7  24.6  26.7  28.5  28.6  28.1  28.1  26.1  20.7  17.6 
1972  17.9 -99.0  23.2 -99.0 -99.0  27.7  28.7  28.4  27.9 -99.0  21.9  18.1 
1973 -99.0  19.9 -99.0 -99.0 -99.0  27.9 -99.0  28.9 -99.0  26.4 -99.0  17.8 
1974  16.3 -99.0  22.5 -99.0 -99.0  27.8 -99.0 -99.0 -99.0 -99.0  23.5  17.1 
1975  16.9  19.1  23.9 -99.0  26.6  28.5  28.0  28.8  27.7  26.8  21.9  16.9 
1976  17.1  19.7  24.9  26.5  26.7  27.5  28.7  28.3  28.2  25.5  22.8  18.1 
1977  16.5  19.5  24.1  23.2  25.3  27.1  29.1  27.7  29.0  24.5  21.7  18.3 
1978  16.1  18.7  22.9  25.6  26.7  28.1  28.3  29.0  27.8  26.7  21.5  17.5 
1979  16.7  18.7  22.9  27.3  27.5  29.3  28.1  29.2  27.2  25.3  23.0  18.0 
1980  16.7 -99.0  22.2  26.2  25.8  28.7  29.1  28.9  28.8  25.5  22.3  18.4 
1981  17.3  19.5  23.0  24.5  27.0  29.2  28.5  29.1  28.3  26.7  22.8  18.3 
1982  18.3  18.8  22.3  24.3  27.5  27.9  28.6  28.9  27.8  26.1  21.7  17.7 
1983  15.8  17.4  21.9  24.2  25.6  28.6  29.0  28.4  27.3  26.2  22.3  16.8 
1984  15.4  18.1  23.5  26.4  26.0  28.8  28.2  28.9  27.0  26.4  21.6  18.0 
1985  17.2  18.8  23.6  25.8  26.8  28.3  27.8  29.2  28.1  26.4  21.6  19.1 
1986  17.6  19.4  23.6  24.9  26.7  29.1  28.7  29.2  27.4  24.7  22.0  18.3 
1987  17.9  20.4  22.5  25.4  27.5  28.8  28.2  28.4  28.0  26.1  23.0  18.9 
1988  17.9  20.6  22.9  25.7  26.4  28.3  29.0  28.5  28.2  26.3  22.5  19.7 
1989  16.7  18.3  22.9  25.3  27.5  28.3  28.3  28.7  27.8  26.6  21.5  17.3 
1990  19.0  19.1  21.1  23.2  27.5  28.7  28.9  29.1  28.2  25.5  23.4  18.8 
1991  16.9  20.1  23.9  25.0  25.2  28.3  29.2  29.1  28.2  26.3  21.5  17.4 
1992  16.9  17.7  22.9  26.5  26.1  28.6  28.2  29.0  28.1  25.7  22.0  17.1 
1993  16.8  19.7  21.9  24.5  26.1  27.6  28.9  28.9  27.9  26.5  22.8  19.4 
1994  18.1  18.7  22.5  25.3  27.7  28.5  29.6  29.4  29.1  25.5  21.9  17.9 
1995  16.7  19.3  24.6  25.6  27.7  28.2  28.5  28.8  28.1  26.9  23.2  19.1 
1996  17.6  20.5  23.8  27.5  26.5  28.3  28.7  28.9  28.7  26.3  22.9  19.1 
1997  17.1  18.1  23.6  24.1  26.9  28.3  29.3  29.3  27.7  25.4  21.6  18.5 
1998  16.7  20.8  21.9  25.4  28.1  28.5  28.4  29.2  28.3  27.5  23.7  19.3 
1999  17.9  21.9  24.0  28.2  27.3  29.3  28.7  28.8  28.7  26.8  23.5  19.5 
2000  17.3  20.1  22.0  22.0  27.8  28.7  29.4  28.7  28.0  26.9  22.3  18.1 
2001  17.1  20.1  23.2 -99.0  27.5  29.1  29.7  29.8  28.7  26.5  23.1  18.7 
2002  17.5  20.2  23.5  24.3  26.9  28.4  28.9  29.1  28.4  26.5  22.8  19.3 
2003  16.0  19.5  21.9  25.2  27.2  28.4  29.4  30.0  29.1 -99.0  22.9  19.1 
2004  17.2  19.6  24.8  24.0  27.5  28.8  28.3  30.0  28.7  25.5  22.3  18.6 
2005  17.1  20.9  23.4  25.3  26.2  29.5  29.4  29.4  29.6  26.1  22.9  19.2 
2006  17.2  22.3  24.7  25.9  28.1  28.5  30.2  30.2  28.9  27.0  22.9  19.2 
2007  17.2  19.2  23.4  25.8  29.1  29.3  29.4  30.3  29.0  27.4  24.0  19.5 
2008  18.1  18.2  23.7  26.5  28.5  29.2  29.9  29.5  29.3  27.2  22.5  20.5 
2009  18.7  21.9  23.8  26.9  28.1  29.7  30.2  29.8  30.1  27.7  23.4  19.4 
2010  17.9  20.5  24.4  25.9  27.7  28.9  29.9  30.0  28.9  27.2  23.7  18.7 
2011  16.3  20.2  23.6  26.1  27.9 -99.0 -99.0 -99.0 -99.0 -99.0 -99.0 -99.0 
