Number= 425160
Name= SHILLONG
Country= INDIA
Lat=   25.6
Long=  -91.9
Height= 1598
Start year= 1903
End year= 1960
First Good year= 1903
Source ID= 10
Source file= Jones
Jones data to= 1960
Normals source= Extrapolated
Normals source start year= 1777
Normals source end year= 1888
Normals=   9.4  11.2  15.4  18.2  19.9  19.9  20.4  20.3  19.7  17.4  12.3   9.4 
Standard deviations source= Data
Standard deviations source start year= 1941
Standard deviations source end year= 1960
Standard deviations=   0.5   1.0   0.9   1.4   0.8   0.3   0.4   0.4   0.3   0.6   0.5   0.7 
Obs:
1903   9.4  10.8  16.0  20.6  20.4  19.5  21.3  20.9  20.1  18.1  13.9  10.3 
1904  10.1  11.7  17.3  18.3  19.3  21.1  21.5  21.0  20.2  17.3  13.7  10.2 
1905   9.1   8.6  14.9  16.4  18.3  21.2  21.2  20.6  20.9  17.4  13.4  10.1 
1906   9.2  11.2  14.2  19.4  19.8  20.7  21.8  20.1  20.3  16.9  13.6  10.5 
1907  11.3  11.0  13.9  17.1  18.9  19.9  21.1  21.3  20.0  17.3  13.4  10.7 
1908   9.6  11.8  16.6  20.6  18.7  20.4  20.7  20.8  19.8  17.1  13.1  10.7 
1909  10.8  11.6  18.4  16.8  19.7  20.2  21.4  20.3  20.2  18.2  14.4  10.7 
1910   8.7  11.3  15.1  18.6  18.9  20.2  20.3  20.7  20.4  17.4  13.6   9.9 
1911  10.8  11.1  14.7  18.2  18.7  20.2  21.1  20.9  19.9  17.2  12.8   9.6 
1912   9.7  12.1  15.9  16.6  19.2  20.4  20.8  20.8  19.6  17.2  13.8  10.2 
1913   9.7  11.7  14.6  19.8  18.4  19.8  20.7  20.6  19.9  17.2  12.9   9.6 
1914   9.6  12.6  15.9  15.9  19.0  20.3  21.5  20.7  19.8  15.8  13.3  11.1 
1915  11.1  11.8  14.8  18.9  18.9  20.1  20.1  20.6  20.0  18.6  15.2  10.9 
1916   9.6  11.9  17.6  17.8  19.9  20.8  20.4  20.7  20.0  17.4  13.9   9.6 
1917   9.4  11.1  14.9  18.8  19.0  20.4  21.1  21.0  19.8  17.5  13.9  10.7 
1918   9.5  11.2  16.3  17.7  19.1  20.0  20.7  20.4  20.1  16.7  13.3  10.0 
1919  11.0  11.2  17.4  18.3  19.0  21.1  20.9  21.3  19.4  17.7  13.9  10.7 
1920  10.7  10.8  15.5  18.2  18.9  20.7  21.6  20.6  20.0  17.1  13.7  11.2 
1921  10.3  11.6  15.9  18.2  19.6  20.2  21.1  20.9  19.8  15.8  13.3  10.5 
1922  10.8  12.6  17.3  20.3  20.7  20.6  21.4  21.0  20.2  17.2  14.7  10.6 
1923  11.0  10.7  15.6  17.9  19.8  20.3  21.6  21.4  19.7  16.6  13.8  11.2 
1924  10.2  11.6  18.5  19.3  19.1  20.9  21.3  21.2  19.8  18.5  13.9  10.6 
1925   8.4  10.8  16.1  18.0  19.3  20.4  21.2  20.8  19.4  15.9  12.6  10.3 
1926   9.3  11.2  15.1  18.1  18.7  20.4  21.1  21.3  19.6  17.6  12.7  10.9 
1927   8.7  10.7  14.2  19.2  18.8  20.6  21.1  20.9  19.2  17.3  13.2  10.8 
1928  10.2  12.2  16.9  18.5  18.9  20.6  21.3  21.0  20.2  17.5  12.3  10.6 
1929   9.6  10.3  15.7  17.9  19.9  20.6  21.3  20.7  19.5  16.8  12.6  10.0 
1930   7.7  11.3  15.0  18.4  19.2  19.7  21.3  20.9  20.1  16.4  13.3  10.2 
1931  10.6  12.3  15.4  19.6  19.1  20.5  21.1  21.7  19.7  18.2  12.8  10.7 
1932   9.7   9.9  16.4  19.1  20.2  20.8  21.1  20.6  21.2  17.7  14.7  10.5 
1933   9.3  11.5  16.9  17.7  18.6  20.7  21.2  20.7  19.9  17.6  12.9   9.9 
1934   9.2  11.3  15.9  18.6  19.2  19.7  21.1  21.0  20.7  16.7  12.0   9.5 
1935   8.8  11.2  16.3  18.8  20.4  20.3  21.4  20.3  20.1  16.9  13.3   9.9 
1936   8.1  10.9  16.4  19.2  18.9  20.8  21.1  21.2  19.7  16.6  13.7  10.1 
1937   8.2  11.3  15.9  19.1  18.3  20.6  21.8  21.1  20.3  17.2  11.9  10.8 
1938  10.4  10.7  17.8  20.7  18.9  20.9  20.9  20.8  20.4  17.9  12.4  10.8 
1939   9.7  12.1  15.7  21.0  19.3  20.4  20.9  21.2  20.0  17.2  13.7  10.5 
1940   8.8  10.9  13.3  19.8  19.3  20.4  21.0  20.7  19.5  17.1  13.5  10.9 
1941   9.2  11.7  17.8  19.8  18.6  20.5  21.2  21.1  20.1  17.2  12.7  11.2 
1942   9.9  12.5  15.5  18.1  20.1  20.7  21.4  20.9  19.5  17.7  14.2  10.1 
1943  10.4  10.3  14.7  16.9  19.7  20.7  21.2  20.4  20.3  17.3  14.4  10.9 
1944   9.5  10.3  15.5  16.7  20.6  20.7  21.4  21.1  19.7  17.6  12.8  10.7 
1945   9.7  10.2  16.6  18.4  18.9  20.8  21.5  20.8  20.4  16.9  13.4   9.9 
1946  10.4  13.2  15.8  16.3  19.2  20.7  20.8  21.7  20.1  17.1  13.6  10.8 
1947   9.5  11.7  15.4  19.7  19.4  20.8  21.5  20.9  20.2  16.3  13.1  11.6 
1948  10.2  11.4  15.5  17.8  19.1  20.7  21.0  20.7  19.9  16.2  13.3   9.6 
1949   9.5  10.7  16.1  16.6  18.4  20.3  21.1  21.1  20.4  18.3  13.4   8.9 
1950   9.7  11.4  15.6  19.7  19.9  20.7  21.4  20.3  20.5  17.8  13.3  10.3 
1951   9.0  12.3  16.8  18.8  19.2  20.2  20.5  21.2  19.7  18.2  13.3  11.5 
1952  10.4  12.9  14.7  18.9  19.1  20.8  21.1  21.1  19.9  18.3  13.5  10.4 
1953   9.1  12.1  16.8  19.4  19.8  20.4  20.8  21.2  19.7  17.3  13.7  10.9 
1954   9.0  13.4  16.7  20.8  20.1  20.2  20.9  20.7  20.5  16.6  12.4   9.9 
1955   9.1  11.1  16.6  18.2  19.7  20.0  20.4  20.2  19.9  18.1  14.1   9.5 
1956   8.9  11.3  16.6  19.2  20.4  20.1  20.3  20.6  19.9  17.6  13.8  10.5 
1957   9.7  10.8  14.9  19.7  21.3  20.4  21.3  21.1  19.9  16.9  13.1  10.5 
1958  10.7  11.3  17.3  19.1  20.5  21.3  21.9  21.0  20.6  18.3  13.6  10.6 
1959   9.5  10.8  15.8  19.4  19.9  20.0  21.1  21.5  20.0  17.0  13.0  11.0 
1960   9.6  13.6  14.7  21.5  21.1  20.8  21.0  21.6  20.0  17.4  13.5  11.1 
