Number= 425990
Name= DUMKA
Country= INDIA
Lat=   24.3
Long=  -87.3
Height= 149
Start year= 1893
End year= 2007
First Good year= 1893
Source ID= 10
Source file= Jones+Anders
Jones data to= 1992
Normals source= Data
Normals source start year= 1961
Normals source end year= 1990
Normals=  18.2  21.1  25.9  30.3  31.2  30.4  28.7  28.4  28.5  26.9  23.0  19.0 
Standard deviations source= Data
Standard deviations source start year= 1941
Standard deviations source end year= 1990
Standard deviations=   0.9   1.2   1.1   1.6   1.7   1.3   0.7   0.7   0.7   0.8   1.3   1.3 
Obs:
1893  16.6  16.6  22.7  29.8  28.7  28.4  28.1  28.4  27.4  26.4  21.7  17.7 
1894  18.4  21.5  26.2  30.6  33.4  29.3  28.2  27.5  27.9  26.8  21.1  17.9 
1895  17.6  19.5  25.1 -99.0  31.7  29.9  28.6  28.3  28.6  25.5  22.7  17.3 
1896  17.6  21.4  27.7  32.4  30.9  29.2  29.3  28.5  28.7  26.7  22.6  18.0 
1897  18.8  21.3  25.7  31.0  32.1  30.3  29.8  27.9  28.3  26.2  22.2  17.3 
1898  17.0  19.8  25.6  31.6  31.7  29.8  28.5  27.8  27.4  25.7  21.7  18.2 
1899  15.6  20.1  26.8  30.0  31.3  29.8  27.7  29.0  28.6  25.9  20.9  17.7 
1900 -99.0  20.8  27.1  31.1  30.0  29.3  28.3  28.3  27.2  25.7  21.8  18.7 
1901  16.3  20.6  25.3  31.2  30.9  31.2  29.1  28.6  28.1  27.4  21.9  17.8 
1902  18.2  20.6  27.2  29.2  30.4  30.7  28.4  28.9  28.2  26.1  21.4  17.3 
1903  17.6  19.4  25.7  31.0  32.7  29.8  29.8  28.5  28.2  26.3  20.7  16.9 
1904  17.1  20.1  26.3  31.8  29.8  29.1  27.8  28.4  28.4  26.1  21.2  18.4 
1905  16.8  16.3  23.7  27.6  28.8  32.2  28.4  28.3  27.7  26.4  21.8  17.7 
1906  16.8  19.2  23.4  31.3  31.6  30.7  28.9  28.3  28.8  26.3  21.6  18.1 
1907  18.4  19.4  23.4  28.0  30.6  30.5  28.7  28.6  28.4  26.4  21.7  17.3 
1908  16.2  19.9  26.1  33.1  31.9  30.2  28.6  28.3  28.6  27.1  21.2  16.9 
1909  18.6  20.3  27.1  28.4  31.8  28.9  28.6  27.6  28.4  26.3  23.1  18.1 
1910  16.8  19.7  25.9  31.0  31.1  29.4  28.3  28.2  28.5  26.3  20.9  16.8 
1911  19.1  19.5  24.6  30.4  31.9  29.1  29.6  28.4  27.8  26.1  21.6  16.3 
1912  17.7  21.4  25.5  28.7  30.1  30.7  28.3  28.4  28.6  26.3  20.8  17.1 
1913  17.0  20.1  24.0  32.2  29.8  27.8  28.9  27.9  28.3  25.6  20.6  17.0 
1914  17.4  20.6  25.1  28.0  29.8  29.1  28.2  28.2  28.2  25.2  21.6  18.1 
1915  18.1  20.2  24.6  30.2  30.9  29.4  29.8  29.2  28.4  28.2  24.1  17.9 
1916  17.3  20.8  27.3  30.6  34.3  28.9  28.7  28.7  28.6  26.9  21.6  16.9 
1917  16.8  20.1  24.7  29.7  28.7  29.3  28.8  28.4  27.9  26.2  21.3  17.2 
1918  16.3  20.2  26.5  29.2  29.9  28.2  30.2  27.9  28.7  26.6  21.9  17.6 
1919  18.6  19.2  26.7  29.8  31.4  29.6  28.9  28.8  28.1  26.2  22.0  17.6 
1920  18.1  20.1  24.9  30.6  31.4  31.9  29.2  28.6  28.1  27.1  22.2  17.7 
1921  18.4  20.1  26.8  31.4  33.6  31.1  29.3  28.4  28.3  25.3  20.9  18.6 
1922  17.8  21.0  26.8  31.7  33.0  28.7  28.8  28.1  27.7  25.2  21.7  17.8 
1923  17.8  20.1  25.6  31.2  32.1  31.6  28.9  28.2  28.8  25.9  21.7  18.7 
1924  18.0  20.8  27.8  31.7  32.4  32.5  28.7  28.5  27.7  26.8  21.4  17.7 
1925  16.3  18.9  25.3  29.2  30.7  30.1  28.3  28.9  28.4  25.7  21.6  17.6 
1926  17.5  21.3  24.8  29.1  31.2  33.6  28.9  28.6  28.1  26.2  20.8  18.6 
1927  17.8  20.2  23.8  31.1  30.2  31.2  29.0  28.6  28.8  27.1  22.5  18.9 
1928  18.1  21.0  27.3  30.4  31.4  29.2  28.4  29.0  29.1  27.2  21.9  18.2 
1929  17.5  19.2  25.9  30.1  32.8  32.0 -99.0  28.2  28.5  25.5  21.2  17.0 
1930  16.4  19.8  26.2  30.1  31.4  30.8  28.5  28.4  28.4  27.0  21.2  17.1 
1931  18.6  19.9  24.3  31.9  31.1  32.4  28.5  28.8  28.2  26.6  21.3  18.2 
1932  18.5  19.3  26.7  30.4  32.1  31.2  28.6  28.6  28.6  27.3  21.7  18.4 
1933  16.1  20.9  26.0  28.5  31.8  29.6  28.4  27.8  28.3  26.3  21.3  17.9 
1934  16.8  19.6  25.4  30.6  31.8  29.8  29.0  28.4  28.6  25.7  21.0  18.3 
1935  16.8  20.5  26.7  29.7  33.6  32.2  29.2  27.8  28.1  26.2  21.6  17.9 
1936  16.7  20.3  26.7  31.1  29.8  28.7  28.3  28.9  27.6  25.8  22.1  18.6 
1937  16.1  19.9  24.6  29.7  29.9  29.7  29.1  28.4  28.3  25.8  21.3  17.2 
1938  19.0  19.0  27.9  32.4  28.9  29.2  28.6  28.3  29.2  27.1  21.3  17.6 
1939  18.6  21.3  24.9  31.5  31.9  30.9  28.4  27.9  28.2  26.6  21.6  18.5 
1940  17.4  20.4  24.2  30.6  31.8  31.6  28.5  28.6  28.8  27.3  24.2  19.1 
1941 -99.0 -99.0 -99.0 -99.0 -99.0 -99.0  28.9  28.9  28.6  25.9  21.9  19.5 
1942  18.1  20.6  26.6  30.4  33.4  32.3  28.8  27.7  27.7  26.3  23.4  18.1 
1943  18.9  19.1  26.2  28.5  32.3  29.7  28.5  28.1  28.6  27.5  22.6  19.8 
1944  18.3  20.7  25.5  28.2  34.3  31.8  28.2  28.4  28.6  26.4  22.3  19.9 
1945  17.4  19.5  26.8  28.9  31.1  31.0  29.1  29.1  28.8  25.8  21.7  17.5 
1946  18.4  22.6  26.5  26.8  30.2  29.8  28.3  28.4  28.4  26.3  22.8  19.1 
1947  18.3  20.8  26.7  32.2  32.1  31.4  28.8  28.4  28.3  26.4  22.7  19.2 
1948  19.5  21.1  24.8  31.2  30.7  30.8  27.6  27.6  28.3  26.3  22.5  16.9 
1949  18.2  19.9  26.1  27.8  27.9  30.8 -99.0 -99.0 -99.0  26.9  21.0  17.4 
1950  18.6 -99.0 -99.0  30.7  31.6  29.7  28.6  27.9 -99.0 -99.0 -99.0 -99.0 
1951 -99.0 -99.0 -99.0 -99.0 -99.0 -99.0 -99.0 -99.0 -99.0 -99.0 -99.0 -99.0 
1952 -99.0 -99.0  27.4  26.8  30.6  30.6  28.3  28.1  27.9  26.5  22.1  18.7 
1953  17.4  21.7  28.5  30.9  32.1  29.8  27.9  28.1  27.7  26.6  21.8  19.9 
1954  16.6  22.2  25.8  32.8  32.3  28.8  27.8  28.1  27.7  25.1  19.9  18.1 
1955  18.0  20.6  27.7  30.1  32.9  30.7  28.3  28.3  28.7  26.9  22.5  18.2 
1956  18.2  19.8  26.7  31.2  31.6  27.8  28.0  28.2  27.8  26.4  21.5  19.1 
1957  18.3  19.5  25.1  30.9  34.9  31.4  28.3  28.7  28.6  27.0  21.9  19.3 
1958  19.6  20.7  26.9  31.9  34.7  33.5  29.8  28.3  28.5  28.1  22.3  19.9 
1959  18.4  20.1  25.9  31.0  32.8  30.5  28.8  28.8  28.0  27.4  18.9  18.3 
1960  17.7  22.5  24.7  31.6  31.9  30.7  28.1  28.3  28.1  26.7  21.0  18.4 
1961  18.7  18.7 -99.0  31.5  32.7  29.7  28.3  28.8  28.1  25.9  20.9 -99.0 
1962 -99.0 -99.0 -99.0 -99.0  31.5  30.5  29.6  28.5  28.4  25.9  21.9  18.7 
1963  16.7  21.9  25.8  29.5  29.7  29.9  29.0  28.8  28.9  27.1  23.9  19.1 
1964  17.9  21.1  27.1  30.8  30.1  31.7  28.1  28.6  28.5  26.8  22.1  19.1 
1965  19.0  21.1  24.5  30.0  32.9  32.3  28.7  28.6  28.7  27.0  23.1  17.7 
1966  17.7  22.5  26.7  32.2  33.5  32.1  29.5  28.9  28.8  26.5  23.5  18.5 
1967  18.9  22.3  24.5  28.2  31.7  31.5  29.1  28.3  28.4  26.5  21.9  20.1 
1968  17.9  20.1  26.1  30.5  33.3  28.5  28.2  28.5  29.4  25.9 -99.0  22.2 
1969  17.5  21.3  27.6  31.1  29.9  30.7  28.8  27.7  27.7  26.3  23.0  18.3 
1970  18.2  20.5  25.7  31.4  32.5  29.5  28.7  28.7  27.8  26.2  21.3  17.3 
1971  17.3  19.6  24.6  26.5  28.3  28.7  27.3  26.6  27.7  26.1  20.7  17.9 
1972  17.1  17.7  25.2  29.9 -99.0 -99.0 -99.0  25.7  26.1  25.5  20.7  17.6 
1973  17.1  20.7  23.7  30.1  29.7  28.3 -99.0 -99.0 -99.0 -99.0 -99.0 -99.0 
1974  15.8  19.7 -99.0  29.9 -99.0 -99.0 -99.0 -99.0 -99.0 -99.0  21.5  15.9 
1975 -99.0 -99.0 -99.0 -99.0 -99.0  30.1  26.7 -99.0  27.9 -99.0  23.7 -99.0 
1976  18.5  22.1  27.1  30.6 -99.0  31.1  29.3  28.3  28.0  27.7  24.6  18.9 
1977 -99.0  21.0  28.1  30.5  28.3  29.2  28.4  29.1  29.0 -99.0 -99.0  16.5 
1978  17.1 -99.0 -99.0  29.5 -99.0  29.0  28.5  28.9 -99.0  26.7  24.1 -99.0 
1979  19.1 -99.0  25.9 -99.0  33.3  31.9 -99.0 -99.0 -99.0  27.7 -99.0  19.4 
1980 -99.0  21.2 -99.0 -99.0 -99.0 -99.0 -99.0 -99.0 -99.0  26.9 -99.0 -99.0 
1981  17.7  21.2  25.2  27.4  28.6  30.3  28.3  28.8  28.6  27.2  23.1  18.9 
1982  19.6  21.0  23.9  30.0  33.8  30.3  31.1  28.5  29.6  27.6  23.5  18.8 
1983  17.8  21.0  26.6  29.5  30.7  32.7  29.6  29.0  29.1  27.0  23.3  18.9 
1984  18.2  20.0  26.5  31.9  33.3  28.6  28.7  28.5  28.3 -99.0 -99.0 -99.0 
1985  19.0  20.5  27.0  31.7  30.3  31.2  28.0  28.7  27.9  27.2  24.0  20.8 
1986  18.9  21.8  25.5  30.3  29.6  31.7  28.6  27.7  28.2  26.4  23.6  19.7 
1987  18.8  22.7  26.2  30.1  31.4  31.8  28.6  27.5  28.5  28.4  24.7  21.4 
1988  20.1  22.3  25.9  31.5  32.3  29.4  29.2  29.3  30.2  29.3  24.6  21.8 
1989  18.6  23.7  26.9  32.9  31.8  29.1  29.0  28.9  29.0  28.6  24.0  19.4 
1990  19.1  22.0  24.8  30.1  30.3  30.3  28.8  29.6  29.4  26.3  24.7  20.1 
1991  17.6  23.5  26.7  30.7  33.7  29.3  29.5 -99.0  28.3  28.3  25.5  18.9 
1992  16.8 -99.0 -99.0  31.8  30.7 -99.0 -99.0 -99.0 -99.0 -99.0 -99.0 -99.0 
1993 -99.0 -99.0 -99.0 -99.0 -99.0 -99.0 -99.0 -99.0 -99.0 -99.0 -99.0 -99.0 
1994 -99.0 -99.0 -99.0 -99.0 -99.0 -99.0 -99.0 -99.0 -99.0 -99.0 -99.0 -99.0 
1995 -99.0 -99.0 -99.0 -99.0 -99.0 -99.0 -99.0 -99.0 -99.0 -99.0 -99.0 -99.0 
1996 -99.0 -99.0 -99.0 -99.0 -99.0 -99.0 -99.0 -99.0 -99.0 -99.0 -99.0 -99.0 
1997 -99.0 -99.0 -99.0 -99.0 -99.0 -99.0 -99.0 -99.0 -99.0 -99.0 -99.0 -99.0 
1998 -99.0 -99.0 -99.0 -99.0 -99.0 -99.0 -99.0 -99.0 -99.0 -99.0 -99.0 -99.0 
1999 -99.0 -99.0 -99.0 -99.0 -99.0 -99.0 -99.0 -99.0 -99.0 -99.0 -99.0 -99.0 
2000 -99.0 -99.0 -99.0 -99.0 -99.0 -99.0 -99.0 -99.0 -99.0 -99.0 -99.0 -99.0 
2001 -99.0 -99.0 -99.0 -99.0 -99.0 -99.0 -99.0 -99.0 -99.0 -99.0 -99.0 -99.0 
2002 -99.0 -99.0 -99.0 -99.0 -99.0 -99.0 -99.0 -99.0 -99.0 -99.0 -99.0 -99.0 
2003 -99.0 -99.0 -99.0 -99.0 -99.0 -99.0 -99.0 -99.0 -99.0 -99.0 -99.0 -99.0 
2004 -99.0 -99.0 -99.0 -99.0 -99.0 -99.0 -99.0 -99.0 -99.0 -99.0 -99.0 -99.0 
2005 -99.0 -99.0 -99.0 -99.0 -99.0 -99.0 -99.0 -99.0 -99.0 -99.0 -99.0 -99.0 
2006 -99.0 -99.0 -99.0 -99.0 -99.0 -99.0 -99.0 -99.0 -99.0 -99.0 -99.0 -99.0 
2007 -99.0 -99.0 -99.0 -99.0 -99.0 -99.0 -99.0 -99.0 -99.0 -99.0 -99.0 -99.0 
