Number= 429330
Name= AKOLA
Country= INDIA
Lat=   20.7
Long=  -77.0
Height= 281
Start year= 1875
End year= 2011
First Good year= 1875
Source ID= 10
Source file= Jones+Anders
Jones data to= 2001
Normals source= Data
Normals source start year= 1961
Normals source end year= 1990
Normals=  21.9  24.3  28.6  32.8  34.9  31.7  28.2  27.0  27.8  27.1  24.0  21.4 
Standard deviations source= Data
Standard deviations source start year= 1941
Standard deviations source end year= 1990
Standard deviations=   1.0   1.0   1.0   0.9   0.8   1.2   0.7   0.6   0.9   0.9   1.4   1.2 
Obs:
1875 -99.0  23.9  30.0  32.9  34.9  30.2  26.7  26.5  26.2  24.8  21.0  20.4 
1876  21.3  22.7  28.5  32.8  35.6  32.8  27.6  26.9  25.9  25.3  22.0  20.1 
1877  20.6  22.7  27.3  30.5  33.7  32.3  29.1  28.6  28.7  26.3  23.8  22.9 
1878  22.3  25.5  28.8  31.7  34.7  33.6  27.8  26.7  27.4  26.4  23.5 -99.0 
1879 -99.0  24.1  27.6  32.3  34.3  30.2  29.2  26.2  25.9  24.6  19.8  17.2 
1880  19.2  22.5  29.9  33.5  34.7  28.6  28.2  28.3  26.9  26.7  22.4  20.1 
1881  20.9  24.4  27.3  32.5  34.7  29.9  26.9  26.6  27.2  25.4  21.2  19.0 
1882  20.5  22.4  28.7  31.6  34.6  28.8  26.2  26.9  26.9  25.3  21.7  20.2 
1883  21.3  23.7  27.8  32.8  34.8  29.2  26.7  27.2  25.7  25.1  20.8  16.4 
1884  18.3  21.7  28.1  30.8  34.2  31.5  26.1  26.9  25.9  24.5  20.2  17.9 
1885  21.7  20.9  27.4  31.2  33.4  31.5  27.9  26.7  27.8  26.1  22.3  19.5 
1886  19.4  22.7  27.4  31.1  34.9  30.3  27.0  26.9  27.8  26.9  23.1  19.7 
1887  21.2  21.7  28.2  32.1  33.9  30.1  26.0  26.1  26.3  24.8  21.7  18.6 
1888  19.6  23.4  27.6  32.5  33.7  31.7  27.0  26.4  27.9  26.0  24.2  18.9 
1889  22.3  23.9  28.8  32.8  35.2  31.2  28.2  26.3  28.1  24.7  20.4  19.0 
1890  19.9  21.2  28.7  32.5  35.2  29.7  26.3  26.4  27.2  25.9  23.1  22.4 
1891  20.6  22.4  26.7  32.2  34.8  33.8  27.5  26.1  26.2  24.9  21.4  18.5 
1892  22.3  24.3  28.5  34.7  34.3  31.1  28.3  26.8  25.9  26.3  21.0 -99.0 
1893  19.7  20.8  24.2  30.8  33.3  29.1  28.6  26.2  26.2  25.1  23.7  19.1 
1894  21.8  25.1  28.1  31.9  34.6  30.1  27.1  27.3  26.8  26.3  21.1  21.7 
1895  22.0  23.3  28.2  31.8  35.0  30.9  28.1  27.1  27.8  26.3  23.9  19.6 
1896  20.2  23.9  29.3  34.2  35.8  30.7  27.9  26.1  28.3  28.1  26.1  22.8 
1897  23.7  25.4  27.8  33.7  36.2  34.1  29.6  27.2  27.8  26.9  21.9  18.7 
1898  19.2  22.7  29.1  34.5  35.5  31.3  27.4  25.9  27.3  26.4  23.9  23.4 
1899  19.1  23.8  28.9  31.8  34.7  31.3  28.7  29.3  30.3  29.2  24.8  22.3 
1900  23.6  25.1  29.4  33.6  35.2  33.1  28.9  26.8  26.8  24.6  22.8  23.3 
1901  21.0  22.2  27.6  31.9  35.0  32.6  27.5  25.6  27.7  27.0  22.1  19.8 
1902  22.6  24.4  29.4  33.7  35.8  33.7  28.4  28.2  27.3  26.9  22.2  20.2 
1903  21.9  22.2  27.3  32.2  33.4  33.7  27.7  26.9  27.2  25.7  21.3  19.7 
1904  21.7  23.3  27.6  33.3  35.5  31.2  27.9  26.9  26.7  26.6  21.3  20.5 
1905  20.6  19.7  26.9  30.3  36.6  33.5  28.0  27.3  26.6  26.2  23.2  19.2 
1906  20.7  23.1  27.8  32.7  35.9  30.6  27.7  27.3  26.2  25.8  23.4  21.0 
1907  21.3  22.9  27.1  30.3  33.7  31.8  28.6  25.7  28.5  28.5  24.6  19.8 
1908  20.4  23.6  26.8  33.0  35.0  31.5  26.9  25.9  27.7  26.9  22.6  18.9 
1909  22.8  24.4  29.3  31.3  35.0  31.1  27.2  27.4  26.6  26.0  22.8  21.2 
1910  21.4  22.6  27.7  32.3  34.8  30.5  28.2  26.8  26.5  25.3  20.9  20.5 
1911  22.3  21.8  26.2  32.1  35.9  30.8  28.7  26.5  27.3  27.9  25.2  21.8 
1912  21.9  24.8  28.5  32.9  35.7  34.4  28.3  26.6  28.1  27.4  22.6  20.1 
1913  20.4  25.1  27.2  33.9  34.5  30.7  27.7  26.7  27.3  27.2  23.6  21.1 
1914  21.9  24.3  27.4  31.8  34.7  30.8  27.3  26.9  27.4  26.9  24.4  21.3 
1915  21.3  23.6  27.2  31.4  35.3  34.1  29.0  26.7  27.7  26.8  25.1  20.3 
1916  21.1  23.2  28.7  33.3  35.4  29.4  28.2  27.0  27.3  27.3  23.7  19.9 
1917  21.4  22.4  26.8  30.6  30.5  30.3  27.0  27.7  26.7  26.2  22.3  21.1 
1918  19.9  24.3  27.9  31.5  34.3  30.2  28.8  27.2  29.2  27.8  24.7  21.6 
1919  22.9  24.6  29.2  31.8  35.3  30.4  27.9  26.9  28.0  26.3  25.3  21.3 
1920  22.0  23.2  28.4  32.7  33.3  32.8  28.1  27.9  29.2  29.6  24.6  21.6 
1921  22.9  23.6  29.7  33.9  35.8  30.6  28.8  27.3  26.8  26.6  22.1  21.8 
1922  21.5  24.8  28.3  33.0  35.3  31.4  27.6  27.2  27.1  26.7  22.7  19.3 
1923  21.8  23.2  28.3  32.5  34.5  34.3  27.6  26.8  27.6  25.7  23.4  22.6 
1924  23.2  25.4  30.0  34.0  35.3  33.2  28.7  27.5  27.5  25.4  21.9  21.4 
1925  19.8  22.4  27.8  33.9  34.0  30.6  27.5  26.9  28.4  28.4  24.6  20.4 
1926  22.2  24.7  28.4  30.3  34.9  34.8  28.5  26.7  27.8  27.3  23.0  21.2 
1927  23.4  24.4  28.1  33.0  35.2  32.1  27.7  27.6  28.4  27.0  21.5  21.7 
1928  22.1  23.8  28.4  32.5  35.9  31.8  27.8  27.9  27.7  26.9  24.4  21.3 
1929  21.4  23.2  29.2  32.4  36.3  31.0  28.2  28.2  28.2  27.4  24.3  21.4 
1930  22.0  21.9  28.6  32.7  35.1  32.2  27.8  26.9  27.5  27.6  22.4  22.2 
1931  22.7  25.3  28.4  33.8  35.8  33.8  28.0  26.8  26.9  25.7  22.7  20.2 
1932  21.5  21.9  27.3  31.9  35.2  31.9  27.3  27.4  27.6  27.8 -99.0  20.7 
1933  22.1  24.6  28.8  32.2  32.6  29.7  28.4  27.0  26.8  26.4  23.3  20.7 
1934  21.0  23.1  27.8  33.2  35.4  32.1  27.6  26.3  26.5  25.6  21.2  20.8 
1935  20.7  23.4  27.1  30.6  35.2  31.8  26.7  26.7  26.3  27.2  23.1  22.1 
1936  22.1  23.4  27.9  31.5  35.3  29.6  28.4  26.8  27.1  26.2  24.0  20.8 
1937  20.3  24.2  27.3  29.3  34.6  32.1  26.8  27.5  27.2  26.1  23.8  20.5 
1938  23.9  22.3  29.6  32.7  34.8  28.1  26.8  27.4  27.7  25.8  22.4  20.4 
1939  22.8  25.4  27.1  32.4  34.9  31.8  27.6  27.4  27.4  27.2  22.1  19.8 
1940  21.6  24.6  26.4  32.3  35.1  31.5  26.9  26.8  27.7  27.0  23.7  21.8 
1941  21.8  23.9  29.6  33.8  35.9  33.7  27.7  27.2  28.3  28.1  23.7  22.1 
1942  22.4  24.2  29.1  33.6  35.1  32.7  26.7  26.7  26.5  26.7  22.7  20.8 
1943  22.8  21.6  27.9  32.2  34.9  30.8  27.3  26.9  26.7  25.3  23.1  19.1 
1944  21.7  23.1  27.2  31.3  35.8  32.4  27.2  26.6  27.6  26.4  22.4  22.1 
1945  21.1  22.6  27.7  31.5  35.3  32.7  27.4  27.3  26.9  26.6  21.8  19.6 
1946  21.2  24.3  28.4  33.4  34.4  30.4  27.3  26.8  27.4  27.6  24.2  22.9 
1947  21.8  24.3  28.1  32.2  35.6  33.3  28.2  28.2  27.2  25.3  23.7  21.4 
1948  22.1  23.7  28.2  33.4  36.4  31.1  27.1  26.8  26.5  27.9  24.6  19.7 
1949  21.7  22.7  29.0  33.5  35.2  30.4  27.7  28.2  26.3  26.8  22.2  21.5 
1950  22.3  22.8  27.8  32.9  35.4  32.8  27.9  28.5  27.6  26.6  21.8  21.1 
1951  20.9  23.8  28.9  31.8  35.7  31.9  29.2  26.9  28.4  28.0  24.1  19.9 
1952  21.9  25.4  27.5  33.8  35.8  32.2  28.8  26.9  28.2  27.4  22.2  23.4 
1953  21.9  26.6  30.2  33.1  35.4  33.0  27.9  26.7  28.3  26.7  22.7  20.9 
1954  20.8  25.4  28.9  33.6  36.3  32.1  28.0  27.6  26.1  25.2  22.4  20.9 
1955  22.6  25.7  29.9  31.0  35.2  31.2  28.1  26.7  27.2  26.3  21.7  20.6 
1956  22.7  24.3  29.1  33.2  34.2  29.8  26.7  27.3  27.5  26.5  22.8  21.2 
1957  22.5  22.9  27.7  31.9  34.5  32.9  28.0  27.3  28.1  27.3  25.1  23.8 
1958  22.9  24.4  28.7  33.7  36.1  34.1  27.9  27.6  27.1  27.0  24.8  21.7 
1959  22.9  24.7  29.4  33.1  36.2  32.9  27.4  26.6  26.9  27.2  24.1  21.7 
1960  21.6  24.8  27.3  32.7  34.9  30.2  28.0  26.3  27.9  26.5  23.0  22.6 
1961  23.2  22.3  29.5  33.1  34.8  31.3  27.3  27.3 -99.0  25.4  23.5  20.7 
1962  20.1  23.9  27.3  31.5  34.5  32.3 -99.0  27.7  26.8  26.0  23.7  20.7 
1963  21.0  24.9  28.1  31.7  34.7  31.3  28.7  26.7  27.9  27.3  24.9  21.9 
1964  21.8  24.6  29.6  33.9  34.4 -99.0  27.9  26.3  27.7  27.4  22.8  21.1 
1965  22.5  24.1  28.2  31.9  35.9  32.0  27.3  27.1  27.0  27.1  23.1  20.9 
1966  20.3  24.3  26.4  31.9  33.1  33.0  29.3  27.7  27.7  28.1  25.3  21.1 
1967  21.7  24.7  27.9  31.9  35.1  32.1  28.4  27.1  27.7  27.5  24.6  22.6 
1968  20.5  23.3  27.0  30.7  34.3  32.3  28.3  26.1  28.5  26.1  22.9  21.1 
1969  22.3  25.7  30.6  33.7  35.5  32.7  27.3  26.3  26.2  26.5  25.0  21.5 
1970  22.3  26.1  28.7  33.5  35.7  29.4  28.6  26.9  27.1  26.2  21.9  19.5 
1971  21.5  24.5  27.9  33.7  33.9  29.9  28.6  28.3  28.3  26.5  22.5  19.6 
1972  21.3  23.3  30.4  32.3  34.7  32.5  28.3  26.8  27.4  27.5  23.3  22.9 
1973  22.5  24.8  29.4  34.9  36.1  32.4  26.9  26.6  26.9  26.6  22.3 -99.0 
1974  20.3  24.2  29.3  32.9  33.9  31.9  29.1  26.5  29.5  26.6  21.5  20.1 
1975  19.7  23.7  28.4  33.3  34.7  30.1  27.3  26.5  26.4  26.9  20.8  18.7 
1976  20.6  23.9  28.1  32.0  34.3  30.7  27.8  26.7  26.7  27.8  25.9  22.7 
1977  21.0  24.7  30.5  32.4  34.1  31.5  28.0  26.6  26.7  26.9  25.2  20.3 
1978  20.5  23.6  27.4  32.5  36.1  31.1  27.2  26.6  28.5  27.7  26.3  21.3 
1979  23.7  23.3  27.7  32.7  34.2  33.5  28.7  27.0  28.6  28.7  26.3  22.3 
1980  23.0  25.5  29.4  34.4  36.3  30.1  28.4  26.7  28.8  28.9  26.3  21.7 
1981  20.6  25.4  27.9  33.2  35.0  32.7  27.7  27.0  28.0  27.7  23.1  21.1 
1982  23.5  24.1  27.5  32.3  34.2  33.1  29.2  27.7  28.4  28.3  25.6  24.2 
1983 -99.0 -99.0  28.8  32.4 -99.0  33.8  29.7  27.8 -99.0 -99.0  21.9  20.4 
1984  22.3  23.2  29.4  33.4  36.0  31.4  28.9  26.5  27.7  27.5  23.1  22.3 
1985  23.7  24.1  30.2  32.9  35.6  31.6  28.2  27.1  29.2  26.1  23.6  23.0 
1986  22.9  25.0  29.8 -99.0  35.3  31.4  27.9  26.9  29.6  28.9  25.6  22.5 
1987  23.0  24.7  28.9  33.4  34.2  32.9  29.6  28.3  29.5  27.6  25.2  21.1 
1988  23.9  26.1  29.0  33.9  36.2  32.3  28.0  28.2  27.9  26.2  23.6  21.2 
1989  21.9  23.7  27.4  32.3  35.2  31.1  27.8  25.7  26.7  26.5  24.5  21.0 
1990  22.3  23.6  26.5  32.8  32.9  29.6  27.6  27.2  27.5  26.2  24.3  21.9 
1991  20.8  25.3  28.9  32.2  35.7  30.8  28.3  26.9  29.0  27.7  24.1  21.0 
1992  21.8  22.7  29.0  32.5  35.1  33.3  29.5  26.4  27.0  27.1  23.5  20.7 
1993  22.1  22.9  27.1  32.8  36.0  34.7  28.2  27.1  27.6  27.5  23.7  19.9 
1994  21.9  23.7  29.5  31.1  35.5  30.6  26.7  26.0  26.5  27.8  23.7  20.9 
1995  19.7  23.9  27.3  31.7  34.1  34.1  28.5  29.1  28.1  27.5  24.1  23.3 
1996  24.2  26.2  30.7  33.4  35.9  31.9  28.2  26.3  26.8  25.7  23.6  21.0 
1997  19.6  22.0  28.1  29.9  33.7  30.7  27.7  27.4  26.9  26.4  26.1  22.9 
1998  22.2  23.5  28.3  33.9  36.9  34.7  29.3  28.3  27.5  27.8  24.3  20.5 
1999  20.7  25.2  28.9  33.9  34.3  30.4  28.1  27.1  26.7  26.5  23.7  20.5 
2000  22.2  23.6  27.7  34.5  32.3  31.0  27.5  28.5  28.7  28.9  25.5  21.9 
2001  22.4  25.5 -99.0  31.5  35.7  30.8  28.5  27.2  29.5  27.1  24.4  24.2 
2002 -99.0  26.5  29.1  33.7  35.5  31.3  28.8  25.7  26.7  27.5  23.8  22.6 
2003  21.8  25.1  28.0  32.7  34.0  30.7  27.0  25.7  25.3  25.2  25.7  21.8 
2004  21.9  24.1  29.9  33.9  34.6  31.6  29.1  26.8  28.7  27.0  25.5  22.7 
2005  22.1  24.4  28.3  32.7  34.7  34.2  28.5  27.5  28.1  26.8  22.9  21.1 
2006  21.8  26.1  27.5  32.7  34.9  32.2  28.0  26.8  28.3  27.9  25.6  23.6 
2007  22.8  25.5  29.1  33.5  35.7  32.0  28.5  27.7  28.4  26.5  24.5  22.7 
2008 -99.0  22.7  29.2  32.5  34.7  31.1  28.3  27.3  27.6  27.6  26.3  24.1 
2009  24.7  27.0  29.9  33.7  35.6  33.6  28.3  28.3  29.1  26.9  24.7  22.9 
2010  21.3  25.3  29.9  33.8  35.9  32.9  28.1  27.3  28.1  28.1  27.1  22.1 
2011  20.7  24.9  28.9  32.1  35.1 -99.0 -99.0 -99.0 -99.0 -99.0 -99.0 -99.0 
