Number= 354160
Name= UIL
Country= KAZAKHSTAN
Lat=   49.1
Long=  -54.7
Height= 102
Start year= 1925
End year= 2010
First Good year= 1925
Source ID= 10
Source file= Jones
Jones data to= 1990
Normals source= Data
Normals source start year= 1961
Normals source end year= 1990
Normals= -12.3 -12.2  -4.2   9.0  17.1  22.3  24.9  22.4  15.9   6.1  -0.9  -7.7 
Standard deviations source= Data
Standard deviations source start year= 1941
Standard deviations source end year= 1990
Standard deviations=   3.9   4.5   3.8   2.5   2.0   1.6   1.6   1.4   1.7   2.0   2.4   3.1 
Obs:
1925 -99.0 -99.0 -99.0 -99.0 -99.0 -99.0 -99.0  23.8  16.4 -99.0 -99.0 -99.0 
1926 -99.0 -99.0 -99.0 -99.0 -99.0 -99.0 -99.0 -99.0 -99.0 -99.0 -99.0 -99.0 
1927 -99.0 -99.0 -99.0 -99.0 -99.0 -99.0 -99.0 -99.0 -99.0 -99.0 -99.0 -99.0 
1928 -99.0 -99.0 -99.0 -99.0  16.8  20.7 -99.0  19.2  14.3   5.8   0.4 -99.0 
1929 -99.0 -99.0 -99.0 -99.0 -99.0 -99.0 -99.0 -99.0 -99.0 -99.0 -99.0 -99.0 
1930 -99.0 -99.0 -99.0 -99.0 -99.0 -99.0 -99.0 -99.0 -99.0 -99.0 -99.0 -99.0 
1931 -99.0 -99.0 -99.0   7.7 -99.0 -99.0 -99.0 -99.0 -99.0 -99.0 -99.0 -99.0 
1932 -99.0 -99.0 -99.0 -99.0 -99.0 -99.0 -99.0 -99.0 -99.0 -99.0 -99.0 -99.0 
1933 -99.0 -99.0 -99.0 -99.0 -99.0 -99.0 -99.0 -99.0 -99.0 -99.0 -99.0 -99.0 
1934 -99.0 -99.0 -99.0 -99.0 -99.0 -99.0 -99.0 -99.0 -99.0 -99.0 -99.0 -99.0 
1935 -99.0 -99.0 -99.0 -99.0 -99.0 -99.0 -99.0 -99.0 -99.0 -99.0 -99.0 -99.0 
1936 -99.0 -99.0 -99.0 -99.0 -99.0 -99.0  24.8  24.1  14.6   8.7 -99.0 -99.0 
1937 -99.0 -99.0 -99.0 -99.0 -99.0 -99.0 -99.0 -99.0  20.1   8.8  -1.1  -7.3 
1938  -9.4 -10.4  -4.3  10.8  16.9  22.4  22.5  24.3  17.7   8.7   1.5 -15.1 
1939 -17.5  -9.3  -3.7   8.3  17.8 -99.0 -99.0  20.7 -99.0 -99.0 -99.0 -99.0 
1940 -99.0 -14.2  -2.4  11.9  13.7  20.3 -99.0 -99.0 -99.0 -99.0 -99.0  -5.9 
1941 -16.3  -8.7  -4.5   7.9  14.3  20.1  23.5  22.6  16.0   6.0  -7.0 -99.0 
1942 -14.2 -16.7  -8.8   3.2  16.0  21.6  24.6  21.5 -99.0   7.6  -2.7  -9.6 
1943 -16.7 -16.3  -9.2  10.5  19.3  21.8  24.8  22.6 -99.0 -99.0 -99.0  -9.0 
1944  -7.6  -3.7   2.9   9.8  17.8  20.7 -99.0 -99.0  17.1   6.1  -4.4 -15.3 
1945 -16.7 -18.7  -4.0   8.1  13.2  21.0  23.4  24.9  14.9   6.0  -3.7 -11.2 
1946 -10.6  -3.2  -2.2   8.2  17.1  21.6  21.5  24.1  17.8   3.7  -2.4 -11.8 
1947 -15.4 -12.7   2.0   8.9  13.8  19.2  23.5  21.5  15.9   6.7   2.2  -6.9 
1948  -5.1  -8.2  -5.2   6.3  19.5  25.8  24.9  23.2  14.2   7.6  -0.1 -12.4 
1949 -10.9 -12.1 -10.0   5.5  17.4  23.9  24.8  21.9  13.4   4.9  -2.7  -7.5 
1950 -99.0 -99.0 -99.0 -99.0 -99.0 -99.0 -99.0 -99.0 -99.0 -99.0 -99.0  -9.7 
1951 -16.4 -20.4  -3.1  13.9  17.4  22.1  25.5  24.6  16.3   4.7  -3.0  -4.7 
1952 -12.3 -11.1  -7.8   4.6  18.1  22.2  26.5  24.1  16.6   8.1  -3.7 -10.2 
1953 -10.6  -7.3  -4.3   9.0  16.0  20.2  25.3  25.2  14.9   4.0  -7.6 -10.1 
1954 -16.6 -23.8  -9.9   4.8  16.8  21.9  27.4  22.8  16.7   9.3   0.2  -8.3 
1955  -8.7  -7.8  -6.6   7.0  18.1  24.9  23.2  22.0  16.0   9.3  -3.7  -9.5 
1956 -12.5 -17.9 -10.5   9.3  14.6  21.0  22.4  23.6  12.9   8.3  -2.6  -9.3 
1957 -17.1 -10.7  -6.5   8.1  20.4  23.0  23.0  22.4  19.8   6.7  -5.7  -5.1 
1958  -8.0  -5.3  -3.4   5.7  15.1  22.5  22.9  22.5  13.0   6.5  -2.9 -10.8 
1959 -11.0 -13.3  -7.8   9.4  16.6  20.7  24.0  21.5  14.7   3.3  -5.6 -16.5 
1960  -8.6 -11.0 -11.6   8.5  12.0  23.0  22.9  22.4  14.4   6.2  -4.0  -8.5 
1961 -10.4  -9.4  -0.7   8.9  20.0  22.9  24.2  23.0  14.0   5.9  -2.1  -4.8 
1962 -10.3 -10.5   2.1  10.3  16.5  21.2  27.1  21.2  15.7   6.7  -1.9  -9.3 
1963  -9.9  -9.1  -6.6   8.6  17.9  20.7  23.7  21.4  15.9   8.7   0.3 -10.4 
1964 -12.0 -14.2  -7.6   4.2  15.8  20.7  23.6  21.2  16.9   6.2   0.4  -7.7 
1965 -13.1 -13.6  -1.5   5.7  16.7  21.4  24.8  21.4  15.8   5.1   0.5  -3.4 
1966  -9.2  -6.3   1.4  11.5  15.8  21.1  26.7  24.4  15.3   5.1  -0.9 -12.8 
1967 -11.6 -13.6  -1.3  11.7  20.6  22.1  24.0  24.8  12.9   9.2   2.3  -6.7 
1968  -9.8 -11.8  -3.0   8.3  20.1  21.3  21.9  22.7  17.2   5.2  -2.5 -13.0 
1969 -22.5 -17.6 -10.0   8.1  14.4  23.9  23.8  21.5  16.4   5.2   0.3  -7.2 
1970 -15.1  -9.0  -3.6  11.4  17.2  19.9  25.0  20.8  16.0   6.4   0.1 -12.0 
1971  -9.6 -15.4  -6.0   6.7  15.0  21.5  26.0  21.4  20.1   7.2   2.6  -5.0 
1972 -22.3 -16.1  -9.3  11.1  16.8  22.3  25.2  24.2  15.3   7.2   0.1  -8.1 
1973 -17.3  -8.2  -2.4  11.1  18.3  22.2  22.9  21.3  11.6   6.0   0.9  -5.3 
1974 -17.8 -15.4  -2.5   8.5  17.7  21.5  24.5  20.9  17.5  11.2  -0.5  -6.3 
1975  -8.6 -14.4  -3.5  13.7  18.5  25.6  26.9  22.3  18.4   5.1  -4.0  -5.3 
1976  -8.8 -17.5 -10.5   8.1  17.3  22.4  22.5  26.1  14.5  -2.2  -3.6 -10.9 
1977 -19.8 -12.5   0.7  12.2  19.1  25.0  24.6  22.1  15.3   4.0   1.0  -8.2 
1978 -11.2 -13.7  -2.5   8.6  14.8  20.9  25.1  21.6  17.1   5.2  -1.0  -9.8 
1979 -12.7  -8.6  -0.6   7.1  18.8  19.9  25.3  24.1  17.0   6.9  -0.6  -5.1 
1980 -16.1 -16.3  -8.9   8.6  18.1  22.2  26.0  21.0  14.1   6.4  -0.4  -4.1 
1981  -8.3  -7.3  -2.1   6.6  14.3  22.6  26.5  24.8  17.1   8.4   1.5  -3.7 
1982 -10.4 -16.7  -7.9  11.8  17.0  19.8  26.6  21.6  16.7   5.2  -1.4  -4.3 
1983  -6.8  -4.0  -5.2  12.8  15.8  21.3  26.5  22.0  15.4   6.9  -1.3  -5.6 
1984  -9.4 -16.7  -3.7   6.8  19.2  22.5  28.5  22.1  16.0   7.0  -2.7 -15.3 
1985 -11.4  -9.9  -8.2   8.4  17.0  23.3  23.5  24.0  15.7   4.9  -1.0  -8.8 
1986  -8.4 -14.5  -7.2  10.6  15.5  24.1  23.9  23.2  16.6   5.9  -4.0  -8.7 
1987 -13.8 -10.6  -8.8   3.7  18.3  25.2  24.5  21.6  13.4   3.9  -4.9  -8.1 
1988 -12.5 -14.2  -4.6   9.0  15.0  25.2  26.3  23.8  15.9   6.7  -1.9  -7.2 
1989  -9.7  -9.7  -3.7   6.5  15.1  23.6  25.4  22.5  16.0   7.0  -1.5  -5.5 
1990 -11.5  -9.7   2.7  10.1  15.1  22.1  22.3  19.9  16.3   6.7   0.5  -8.3 
1991 -99.0 -99.0 -99.0 -99.0 -99.0 -99.0 -99.0 -99.0 -99.0 -99.0 -99.0 -99.0 
1992 -99.0 -99.0 -99.0 -99.0 -99.0 -99.0 -99.0 -99.0 -99.0 -99.0 -99.0 -99.0 
1993 -99.0 -99.0 -99.0 -99.0 -99.0 -99.0 -99.0 -99.0 -99.0 -99.0 -99.0 -99.0 
1994 -99.0 -99.0 -99.0 -99.0 -99.0 -99.0 -99.0 -99.0 -99.0 -99.0 -99.0 -99.0 
1995 -99.0 -99.0 -99.0 -99.0 -99.0 -99.0 -99.0 -99.0 -99.0 -99.0 -99.0 -99.0 
1996 -99.0 -99.0 -99.0 -99.0 -99.0 -99.0 -99.0 -99.0 -99.0 -99.0 -99.0 -99.0 
1997 -99.0 -99.0 -99.0 -99.0 -99.0 -99.0 -99.0 -99.0 -99.0 -99.0 -99.0 -99.0 
1998 -99.0 -99.0 -99.0 -99.0 -99.0 -99.0 -99.0 -99.0 -99.0 -99.0 -99.0 -99.0 
1999 -99.0 -99.0 -99.0 -99.0 -99.0 -99.0 -99.0 -99.0 -99.0 -99.0 -99.0 -99.0 
2000 -99.0 -99.0 -99.0 -99.0 -99.0 -99.0 -99.0 -99.0 -99.0 -99.0 -99.0 -99.0 
2001 -99.0 -99.0 -99.0 -99.0 -99.0 -99.0 -99.0 -99.0 -99.0 -99.0 -99.0 -99.0 
2002 -99.0 -99.0 -99.0 -99.0 -99.0 -99.0 -99.0 -99.0 -99.0 -99.0 -99.0 -99.0 
2003 -99.0 -99.0 -99.0 -99.0 -99.0 -99.0 -99.0 -99.0 -99.0 -99.0 -99.0 -99.0 
2004 -99.0 -99.0 -99.0 -99.0 -99.0 -99.0 -99.0 -99.0 -99.0 -99.0 -99.0 -99.0 
2005 -99.0 -99.0 -99.0 -99.0 -99.0 -99.0 -99.0 -99.0 -99.0 -99.0 -99.0 -99.0 
2006 -99.0 -99.0 -99.0 -99.0 -99.0 -99.0 -99.0 -99.0 -99.0 -99.0 -99.0 -99.0 
2007 -99.0 -99.0 -99.0 -99.0 -99.0 -99.0 -99.0 -99.0 -99.0 -99.0 -99.0 -99.0 
2008 -99.0 -99.0 -99.0 -99.0 -99.0 -99.0 -99.0 -99.0 -99.0 -99.0 -99.0 -99.0 
2009 -99.0 -99.0 -99.0 -99.0 -99.0 -99.0 -99.0 -99.0 -99.0 -99.0 -99.0 -99.0 
2010 -99.0 -99.0 -99.0 -99.0 -99.0  26.9  29.2  27.5  18.3   6.5   4.3  -2.2 
