Number= 357000
Name= ATYRAY (GUR'EV)
Country= KAZAKHSTAN
Lat=   47.1
Long=  -51.9
Height= 24
Start year= 1885
End year= 2011
First Good year= 1885
Source ID= 10
Source file= Jones+Anders
Jones data to= 1999
Normals source= Data
Normals source start year= 1961
Normals source end year= 1990
Normals=  -8.5  -8.0  -0.2  10.9  19.1  23.8  26.3  24.1  17.6   8.1   1.6  -4.4 
Standard deviations source= Data
Standard deviations source start year= 1941
Standard deviations source end year= 1990
Standard deviations=   4.0   4.7   3.4   2.5   1.9   1.6   1.5   1.4   1.9   1.9   2.3   3.1 
Obs:
1885 -99.0 -99.0 -99.0 -99.0 -99.0 -99.0 -99.0 -99.0 -99.0   7.5  -1.7  -3.4 
1886 -99.0 -99.0 -99.0 -99.0 -99.0 -99.0 -99.0 -99.0 -99.0 -99.0 -99.0 -99.0 
1887 -99.0 -99.0 -99.0 -99.0 -99.0 -99.0 -99.0 -99.0 -99.0 -99.0 -99.0 -99.0 
1888 -99.0 -99.0 -99.0 -99.0 -99.0 -99.0 -99.0 -99.0 -99.0 -99.0 -99.0 -99.0 
1889 -99.0 -99.0 -99.0 -99.0 -99.0 -99.0 -99.0 -99.0 -99.0 -99.0 -99.0 -99.0 
1890 -99.0 -99.0 -99.0 -99.0 -99.0 -99.0 -99.0 -99.0 -99.0 -99.0 -99.0 -99.0 
1891 -99.0 -99.0 -99.0 -99.0 -99.0 -99.0 -99.0 -99.0 -99.0 -99.0 -99.0 -99.0 
1892 -99.0 -99.0 -99.0 -99.0 -99.0 -99.0 -99.0 -99.0 -99.0 -99.0 -99.0 -99.0 
1893 -99.0 -99.0 -99.0 -99.0 -99.0 -99.0 -99.0 -99.0 -99.0 -99.0 -99.0 -99.0 
1894 -99.0 -99.0 -99.0 -99.0 -99.0 -99.0 -99.0 -99.0 -99.0 -99.0 -99.0 -99.0 
1895 -99.0 -99.0 -99.0 -99.0 -99.0 -99.0 -99.0 -99.0 -99.0 -99.0 -99.0 -99.0 
1896 -99.0 -99.0 -99.0 -99.0 -99.0 -99.0 -99.0 -99.0 -99.0 -99.0 -99.0 -99.0 
1897 -99.0 -99.0 -99.0 -99.0 -99.0 -99.0 -99.0 -99.0 -99.0 -99.0 -99.0 -99.0 
1898 -99.0 -99.0 -99.0 -99.0 -99.0 -99.0 -99.0 -99.0 -99.0 -99.0 -99.0 -99.0 
1899 -99.0 -99.0 -99.0 -99.0 -99.0 -99.0 -99.0 -99.0 -99.0 -99.0 -99.0 -99.0 
1900 -99.0 -99.0 -99.0 -99.0 -99.0 -99.0 -99.0 -99.0 -99.0 -99.0 -99.0 -99.0 
1901 -99.0 -99.0 -99.0 -99.0 -99.0 -99.0 -99.0 -99.0 -99.0 -99.0 -99.0 -99.0 
1902 -99.0 -99.0 -99.0 -99.0 -99.0 -99.0 -99.0 -99.0 -99.0 -99.0 -99.0 -99.0 
1903 -99.0 -99.0 -99.0 -99.0 -99.0 -99.0 -99.0 -99.0 -99.0 -99.0 -99.0 -99.0 
1904 -99.0 -99.0 -99.0 -99.0 -99.0 -99.0 -99.0 -99.0 -99.0   8.6   1.4  -3.8 
1905 -10.1  -8.7  -8.2   7.1  16.8  23.6  24.9  23.0  18.2  14.4   2.7  -2.6 
1906  -8.0 -12.3   1.7   9.4  20.6  25.0  26.3  22.2  14.5   8.5   0.6  -3.7 
1907  -9.9 -11.3  -3.1   8.3  17.0  22.5  27.5  23.0  15.7   7.0  -5.4  -8.1 
1908 -11.2 -11.1  -6.5   4.3  15.9  23.6  24.4  23.2  18.7   5.4  -1.5  -9.4 
1909 -15.0  -8.4  -6.3   8.8  18.7  22.1  26.0  22.7  19.3   8.2 -99.0 -99.0 
1910 -99.0 -99.0 -99.0 -99.0 -99.0 -99.0 -99.0 -99.0 -99.0 -99.0 -99.0  -5.9 
1911 -12.8 -12.3  -4.9   9.0  16.8  25.1  26.4  21.4  14.3   5.2   1.7  -7.7 
1912  -6.3 -99.0 -99.0 -99.0 -99.0  25.5  23.0  21.8  17.4   5.9   1.4  -3.4 
1913 -99.0 -99.0 -99.0 -99.0 -99.0 -99.0 -99.0 -99.0 -99.0 -99.0   2.5   0.1 
1914  -4.4  -1.5   4.3   8.2  17.5  21.9  24.4  21.2  15.1   8.0  -3.1  -6.6 
1915  -3.0  -4.7   1.0  10.3  17.3  21.1  23.7  21.2  16.6   6.5   1.8  -1.9 
1916  -6.8 -10.6  -4.8  10.8  18.2 -99.0 -99.0 -99.0 -99.0 -99.0 -99.0 -99.0 
1917 -99.0 -99.0 -99.0 -99.0 -99.0 -99.0 -99.0 -99.0 -99.0 -99.0 -99.0 -99.0 
1918 -99.0 -99.0 -99.0 -99.0 -99.0 -99.0 -99.0 -99.0 -99.0 -99.0 -99.0 -99.0 
1919 -99.0 -99.0 -99.0 -99.0 -99.0 -99.0 -99.0 -99.0 -99.0 -99.0 -99.0 -99.0 
1920 -99.0 -99.0 -99.0 -99.0 -99.0 -99.0 -99.0 -99.0 -99.0 -99.0 -99.0 -99.0 
1921 -99.0 -99.0 -99.0 -99.0 -99.0 -99.0 -99.0 -99.0 -99.0   7.2  -1.3  -8.1 
1922  -9.8 -11.2   1.1  10.8  19.1  21.1  26.0  22.5  14.3   7.6   2.0  -3.0 
1923  -8.8 -10.3  -0.7   5.4  18.4  24.8  24.7  21.6  16.4  10.1   3.4  -5.7 
1924  -7.0 -12.9  -3.0   8.5  17.7  23.6  24.6  22.6  17.4   7.3   0.6  -5.0 
1925  -8.9  -4.9   2.0   8.6  17.9  23.2  24.9  24.0  17.5   8.3   2.1  -1.6 
1926  -7.6 -10.4  -0.2   6.4  17.1  21.8  22.2  22.7  16.0   7.9   2.3  -1.9 
1927 -12.8 -10.9  -5.2   9.5  18.4  24.3  26.3  24.0  17.1  11.5  -0.5 -12.2 
1928 -15.0 -10.1 -11.7   5.1  16.7  22.1  23.9  20.5  15.9   7.1   2.6  -7.0 
1929 -12.7 -18.9  -5.3   6.7  17.5  21.6  25.6  24.4  15.2   8.6   0.9 -13.5 
1930 -11.8 -12.0   2.6   8.7  17.6  22.1  25.8  25.4  14.7   7.8   1.9  -9.0 
1931 -13.3 -17.9  -0.4   8.6  17.3  23.1  29.7  22.9  17.7  10.1  -2.7 -99.0 
1932  -6.0 -10.9  -3.8  11.2  19.1  23.8  23.5  23.1  17.5   8.4  -1.4  -5.9 
1933 -11.5 -11.2  -3.5  10.4  17.6  21.7  25.9  23.3  18.1   8.0   1.4  -9.4 
1934 -17.2  -4.8  -1.6   7.3  17.6  20.8  25.2  24.1  15.3   7.9   0.9  -8.9 
1935 -12.6  -5.3  -1.5  12.1  17.8  20.5  25.5  25.5  17.2  13.2  -4.4 -99.0 
1936  -9.9  -8.1  -2.6   8.1  16.8  24.0  26.2  24.5  15.9   9.7   2.5  -2.8 
1937 -12.1 -10.3  -2.7   7.6  15.8  20.2  27.0  25.9  21.5  10.6   1.6  -3.8 
1938  -6.2  -6.3  -1.1  11.5  17.9  23.0  25.1  25.3  19.0  11.6   3.6 -10.8 
1939 -11.0  -4.7  -0.7   9.3  19.2  26.3  26.4  22.1  14.1   4.5   1.5  -1.7 
1940 -13.8 -12.1  -0.8  13.3  15.1  22.3  27.4  27.0  19.0   6.8   3.7  -3.0 
1941 -11.6  -4.7   1.1  11.6  16.5  22.1 -99.0  23.4  17.5   8.2  -2.8  -5.9 
1942 -12.8 -15.0  -5.5   7.5  18.9  24.2  26.3  22.8  16.0   9.3  -0.5  -4.8 
1943 -11.2 -11.1  -1.5  11.8  20.4  23.4  25.7  24.1  16.1   9.5  -0.9  -4.9 
1944  -4.4  -1.3   5.8  10.9  20.0  23.3  26.2  22.1  19.1   8.3  -0.3 -10.4 
1945 -13.1 -13.8  -0.8   8.6  15.2  22.8 -99.0 -99.0 -99.0   7.3  -0.8  -8.9 
1946  -7.4  -0.2   2.5   9.7  19.4  23.5  23.4  25.6  19.2   6.5  -0.9 -10.2 
1947 -10.2  -8.2   4.4  10.4  15.6  21.8  25.3  23.5  17.1   8.7   4.4  -2.5 
1948  -2.1  -2.7  -1.1   8.2  21.3  27.1  25.9 -99.0  15.7   9.0   2.2  -8.2 
1949  -7.5  -8.7  -4.8   7.4  18.9  25.5  26.2  23.8  15.5   6.8  -0.5  -4.7 
1950 -17.1 -10.6  -2.3  13.6  19.2  21.6  23.5  22.9  18.8   8.8  -0.4  -6.9 
1951 -13.3 -18.0   0.1  15.4  18.4  23.8  26.5  25.8  17.0   4.9  -0.3  -3.2 
1952  -8.8  -7.8  -5.6   6.8  18.4  22.6  26.4  25.1  17.2   9.8  -1.5  -7.6 
1953  -7.6  -3.9  -0.7  10.3  18.0  23.2  26.7  27.2  16.0   5.6  -5.5  -6.4 
1954 -13.3 -22.0  -7.6   7.7  18.6  24.0  29.0  24.3  18.0  10.6   1.7  -4.8 
1955  -5.3  -2.1  -2.5   8.4  19.8  26.2  25.4  23.1  17.3  10.6  -1.2  -6.1 
1956 -10.2 -15.6  -6.0  10.3  16.1  23.3  24.0  24.7  14.2   9.3  -0.4  -6.8 
1957 -12.5  -6.0  -1.5  11.0  22.6  24.0  23.7  23.8  20.0   7.7  -2.7  -2.4 
1958  -3.4  -1.4   0.1   8.8  17.8  23.8  24.4  23.9  13.5   8.0  -1.4  -6.4 
1959  -7.1 -11.8  -4.5  10.7  19.0  23.0  26.2  24.0  15.9   4.3  -5.5 -11.5 
1960  -4.6  -6.4  -5.3  10.1  14.8  25.6  25.6  23.6  15.6   8.5  -1.2  -5.5 
1961  -6.9  -5.2   3.0  10.4  21.1  25.4  25.0  23.5  14.9   7.2  -0.2  -1.1 
1962  -6.5  -6.6   4.4  11.6  19.2  23.4  28.5  22.8  17.4   9.3   0.8  -5.5 
1963  -6.1  -4.0  -2.7  10.8  20.4  20.9  25.4  22.5  17.4   9.6   1.8  -6.6 
1964  -8.9 -10.2  -4.5   7.7  17.0  23.6  25.3  23.4  17.5   8.4   2.1  -1.3 
1965  -8.8  -8.4   1.2   5.8  18.9  23.0  25.8  23.3  16.4   6.3   2.7  -0.6 
1966  -4.3  -2.4   3.5  13.5  19.1  22.1  28.0  26.5  16.4   7.5   1.1 -10.9 
1967  -8.8 -10.9  -0.1  13.5  21.3  22.1  24.7  26.4  14.7  10.4   4.3  -3.3 
1968  -5.9  -6.0   1.0   3.4  21.5  22.6  23.7  23.8  18.6   8.3  -1.2  -7.2 
1969 -16.3 -13.1  -3.0  10.1  16.0  24.6  24.1  22.8  15.7   7.0   2.9  -4.3 
1970 -10.7  -3.5   1.8  13.0  18.8  21.5  27.0  22.5  16.4   8.9   2.8  -8.2 
1971  -5.1 -10.4  -2.3   8.3  17.3  23.2  27.4  23.8  21.8   9.0   5.0  -1.6 
1972 -19.1 -13.2  -5.9  12.4  20.3  25.9  27.9  26.5  17.5   9.2   3.0 -11.3 
1973 -13.5  -3.5   0.2  13.3  19.5  23.0  23.6  23.7  13.3   7.1   2.8   0.8 
1974 -13.2 -10.8  -0.4   9.5  20.2  24.0  25.0  22.7  18.5  12.7   3.7  -3.2 
1975  -8.7  -9.2   0.3  15.1  21.8  28.0  28.3  24.0  19.7   8.2  -1.6  -2.8 
1976  -3.8 -12.0  -4.7  12.1  18.9  23.5  23.9  27.6  16.7   1.3  -1.1  -7.2 
1977 -16.4  -6.7   4.2  13.9  21.1  26.0  25.7  23.7  23.3   5.6   3.0  -5.2 
1978  -6.5  -8.9   3.2  10.6  16.6  21.2  25.9  23.5  18.9   6.9   1.8  -8.9 
1979  -8.5  -3.8   4.2  10.2  21.3  21.7  26.7  26.1  19.2   8.7   2.1  -2.2 
1980 -13.6 -13.6  -3.9  10.7  20.1  23.9  27.6  22.5  16.4   7.5   2.2   0.2 
1981  -4.1  -4.0   0.8   8.7  16.3  24.6  27.8  26.1  18.3  10.5   3.4  -1.8 
1982  -6.7 -14.2  -2.3  13.0  18.5  21.4  27.7  23.1  18.1   7.2   0.6  -2.6 
1983  -4.8  -0.9   0.5  15.2  19.0  22.6  27.9  23.9  16.5   9.7   1.8  -3.3 
1984  -4.3 -10.9   0.5  10.0  20.9  23.9  29.3  23.5  18.3   9.3  -1.5 -11.4 
1985  -8.1  -7.4  -6.4  10.3  19.8  23.6  23.8  25.6  16.9   7.1   1.7  -4.9 
1986  -4.5 -12.3  -1.6  14.3  17.7  25.3  26.0  24.7  18.9   8.0  -1.0  -4.2 
1987  -9.3  -8.1  -3.6   5.8  19.3  26.2  25.7  23.0  15.3   5.8  -1.6  -4.2 
1988  -8.6 -10.6   0.4  11.4  17.1  26.5  27.2  24.9  17.6   8.8   0.5  -3.3 
1989  -5.3  -3.5   1.7  10.6  16.2  25.8  26.9  24.3  17.9   9.4   1.2  -1.8 
1990  -6.8  -6.8   4.6  11.9  17.4  23.1  25.8  22.1  18.7   8.9   4.2  -5.0 
1991  -8.9  -7.2   0.8  13.0  19.0  25.7  27.8  24.4  17.0  12.4   1.0  -5.6 
1992  -5.0  -5.2  -1.1  10.0  16.8  23.4  24.8  21.9  18.4   8.4   2.7  -2.4 
1993  -5.1  -6.6  -1.5   9.6  17.3  22.4  25.6  24.1  15.0   7.7  -8.0  -6.4 
1994  -6.2 -15.9  -4.1  11.1  17.7  22.3  25.4  23.2  18.9  11.0   0.1  -6.6 
1995  -5.7  -2.0   2.2  16.3  19.9  26.5  26.7  24.6  18.6  10.1   5.4  -5.2 
1996 -10.7  -8.4  -1.9   8.5  21.5  24.5  28.0  24.3  18.0   8.0   3.0  -4.2 
1997  -8.7  -6.8   2.2  11.8  18.2  25.4  25.3  23.9  15.2  12.9   0.1  -7.4 
1998  -9.0  -7.7  -0.7   9.4  18.1  28.0  28.1  25.1  17.2   9.6  -1.6  -4.0 
1999  -3.7  -1.3   1.6  12.6  15.7  23.8  26.7  27.2  16.5  11.8  -2.7  -0.5 
2000  -2.9  -0.3   3.7  15.0  14.9  23.3  27.1  25.7  16.3   7.1  -0.6  -2.1 
2001 -99.0 -99.0 -99.0 -99.0 -99.0 -99.0 -99.0 -99.0 -99.0 -99.0 -99.0 -99.0 
2002 -99.0 -99.0 -99.0 -99.0 -99.0 -99.0 -99.0 -99.0 -99.0 -99.0 -99.0 -99.0 
2003 -99.0 -99.0 -99.0 -99.0 -99.0  20.3  26.2  26.6  18.6  11.8   2.6  -2.1 
2004  -3.8  -1.1   4.4  10.7  19.4  24.3  25.3  26.5  19.2   9.7   3.6  -2.9 
2005  -5.4  -7.4   0.7  12.2  22.4  24.8  27.3  24.5  21.4  12.0   2.7  -1.2 
2006 -15.2  -8.9   2.9  12.5  18.1  27.7  25.3  28.4  18.8  11.0   0.8  -1.7 
2007   2.0  -3.1   1.8  10.6  20.1  24.6  27.0  28.9  19.4  11.3  -0.3  -6.6 
2008 -13.9  -7.7   6.7  13.2  18.6  23.9  27.6  26.6  17.4  11.0   4.6  -5.1 
2009  -9.4  -4.1   2.6   8.1  17.8  27.2  27.5  22.6  19.8  12.1   2.0  -3.3 
2010  -9.1  -7.6   1.5  11.0  20.9  29.1  30.6  28.6  20.9   9.0   6.9   1.0 
2011  -8.1 -99.0  -0.4  10.3  19.8 -99.0 -99.0 -99.0 -99.0 -99.0 -99.0 -99.0 
