Number= 895420
Name= MOLODEZNAYA
Country= ANTARCTICA
Lat=  -67.7
Long=  -45.9
Height= 40
Start year= 1963
End year= 2007
First Good year= 1963
Source ID= 10
Source file= Jones+Anders
Jones data to= 1999
Normals source= Data
Normals source start year= 1963
Normals source end year= 1990
Normals=  -0.5  -3.9  -8.2 -11.6 -14.6 -16.3 -18.2 -19.0 -17.8 -13.7  -6.7  -1.7 
Standard deviations source= Data
Standard deviations source start year= 1963
Standard deviations source end year= 1990
Standard deviations=   0.9   1.0   1.1   1.4   1.6   1.7   2.3   2.2   2.3   1.3   1.2   1.1 
Obs:
1963 -99.0  -3.8 -10.6 -11.4 -14.3 -16.2 -18.6 -16.5 -14.0 -15.4  -7.6  -1.6 
1964  -0.7  -5.4  -8.2 -11.3 -15.5 -17.2 -14.7 -14.9 -18.8 -14.6  -5.5  -0.9 
1965  -0.6  -3.5  -8.7  -9.7 -11.2 -15.4 -22.8 -19.0 -20.7 -14.4  -9.5  -1.1 
1966  -1.7  -4.8  -7.3 -14.2 -13.2 -17.8 -19.4 -20.9 -15.1 -15.8  -6.5  -0.8 
1967   0.8  -4.9  -7.6 -10.5 -12.0 -14.5 -17.4 -18.2 -18.2 -12.2  -5.4  -2.0 
1968  -0.7  -4.2  -7.3 -10.3 -13.0 -16.0 -18.8 -16.9 -19.2 -13.5  -6.5  -2.5 
1969   0.0  -2.4  -7.4 -11.2 -14.2 -14.5 -18.3 -21.9 -18.6 -13.2  -6.6  -1.0 
1970  -0.7  -4.4  -5.8 -10.7 -14.3 -17.0 -17.3 -20.6 -20.0 -12.0  -6.4  -1.1 
1971  -0.4  -2.8  -8.9 -12.7 -17.2 -17.9 -19.6 -19.1 -16.3 -12.6  -7.5  -0.2 
1972   0.2  -3.4  -9.3 -10.5 -15.3 -17.4 -18.4 -15.3 -15.1 -13.6  -7.5  -2.9 
1973  -0.9  -5.4 -10.0 -11.5 -12.1 -15.5 -19.3 -22.8 -17.0 -12.0  -6.1  -2.6 
1974  -1.6  -1.6  -9.7 -12.0 -14.2 -16.3 -17.0 -17.4 -16.7 -12.3  -5.8  -0.2 
1975   0.4  -4.8  -8.4 -13.2 -14.7 -16.2 -19.3 -19.5 -18.8 -13.1  -4.7  -2.0 
1976  -0.6  -4.5  -8.1 -12.4 -14.9 -19.8 -20.7 -21.3 -20.4 -14.8  -6.6   0.3 
1977   1.4  -3.6  -8.6 -99.0 -99.0 -99.0 -99.0 -99.0 -99.0 -99.0 -99.0  -1.7 
1978  -1.8  -2.9  -8.2 -99.0 -99.0 -99.0 -99.0 -99.0 -99.0 -99.0 -99.0 -99.0 
1979  -0.2  -4.1  -8.9  -8.8 -15.1 -18.7 -19.8 -19.7 -17.7 -14.2  -5.4  -1.6 
1980  -0.3  -4.5  -7.5 -10.0 -14.3 -15.4 -15.2 -17.6 -15.6 -13.7  -4.7  -1.0 
1981  -1.6  -3.7  -6.8 -11.7 -14.9 -16.3 -15.6 -15.7 -19.5 -15.7  -7.5  -2.4 
1982  -2.0  -5.0  -7.6 -12.6 -16.4 -11.6 -18.3 -21.3 -20.1 -15.5  -6.1  -3.8 
1983   0.3  -4.8  -9.6 -13.1 -14.9 -16.4 -17.2 -19.0 -14.5 -12.9  -8.8  -3.8 
1984  -0.5  -4.9  -8.3 -13.3 -12.4 -18.1 -22.7 -19.2 -17.0 -16.4  -7.5  -0.6 
1985   0.8  -3.3  -9.2 -10.9 -16.9 -14.3 -17.7 -22.4 -16.7 -13.9  -8.6  -3.5 
1986  -2.3  -1.5  -6.6 -12.5 -15.4 -16.6 -19.2 -18.0 -14.2 -13.8  -6.6  -1.8 
1987   0.4  -2.9  -7.1  -9.4 -16.1 -13.2 -17.7 -21.7 -20.9 -14.5  -6.0  -1.5 
1988  -0.3  -5.0  -7.6 -14.0 -13.5 -15.6 -99.0 -16.9 -15.8 -12.7  -7.7  -3.6 
1989  -1.5  -3.4  -9.7 -13.6 -18.0 -17.5 -17.5 -18.7 -20.0 -12.8  -7.3  -0.8 
1990  -0.2  -4.5  -7.6 -11.1 -14.5 -17.5 -12.0 -20.6 -22.5 -11.4  -6.9  -1.5 
1991  -1.2  -3.4  -7.2 -11.4 -13.0 -14.5 -15.3 -16.2 -16.6 -15.0  -7.5  -0.3 
1992  -0.3  -3.4  -7.5  -9.0 -12.4 -12.9 -15.5 -16.9 -20.3 -13.1  -6.1  -2.4 
1993   0.1  -4.9  -9.2 -13.5 -17.4 -18.9 -19.9 -20.3 -17.6 -13.8  -7.7  -2.4 
1994  -0.9  -5.3  -9.8 -12.3 -15.1 -13.0 -14.4 -18.9 -16.8 -12.4  -6.5  -2.8 
1995  -2.9  -3.9  -9.8  -8.9 -14.9 -19.3 -12.9 -20.1 -20.2 -13.0  -7.2  -2.3 
1996  -1.1  -2.8  -8.0 -12.5 -16.6 -14.5 -16.1 -18.4 -12.5 -99.0  -6.3  -1.6 
1997  -1.5  -3.7  -8.6 -10.1 -15.6 -14.2 -19.2 -17.4 -22.8 -13.0  -7.6  -0.4 
1998  -0.3  -5.0  -7.7 -14.0 -13.5 -15.6 -17.1 -16.9 -15.8 -12.7  -7.7  -3.0 
1999  -2.1  -5.2  -8.9 -12.8 -14.1 -14.7 -99.0 -99.0 -99.0 -99.0 -99.0 -99.0 
2000 -99.0 -99.0 -99.0 -99.0 -99.0 -99.0 -99.0 -99.0 -99.0 -99.0 -99.0 -99.0 
2001 -99.0 -99.0 -99.0 -99.0 -99.0 -99.0 -99.0 -99.0 -99.0 -99.0 -99.0 -99.0 
2002 -99.0 -99.0 -99.0 -99.0 -99.0 -99.0 -99.0 -99.0 -99.0 -99.0 -99.0 -99.0 
2003 -99.0 -99.0 -99.0 -99.0 -99.0 -99.0 -99.0 -99.0 -99.0 -99.0 -99.0 -99.0 
2004 -99.0 -99.0 -99.0 -99.0 -99.0 -99.0 -99.0 -99.0 -99.0 -99.0 -99.0 -99.0 
2005 -99.0 -99.0 -99.0 -99.0 -99.0 -99.0 -99.0 -99.0 -99.0 -99.0 -99.0 -99.0 
2006 -99.0 -99.0 -99.0 -99.0 -99.0 -99.0 -99.0 -99.0 -99.0 -99.0 -99.0 -99.0 
2007 -99.0 -99.0 -99.0 -99.0 -99.0 -99.0 -99.0 -99.0 -99.0 -99.0 -99.0 -99.0 
