Number= 899670
Name= GENERAL BELGRANO
Country= ANTAR
Lat=  -78.0
Long=   38.8
Height= 32
Start year= 1955
End year= 1979
First Good year= 1955
Source ID= 10
Source file= Jones
Jones data to= 1979
Normals source= Data
Normals source start year= 1961
Normals source end year= 1979
Normals=  -6.2 -13.0 -21.9 -26.4 -29.2 -32.0 -33.8 -33.3 -31.0 -21.8 -13.0  -6.1 
Standard deviations source= Data
Standard deviations source start year= 1955
Standard deviations source end year= 1979
Standard deviations=   1.8   2.3   3.3   3.9   4.8   3.3   3.2   4.8   3.7   3.7   2.1   1.7 
Obs:
1955 -99.0 -12.5 -19.4 -23.6 -32.7 -28.2 -30.6 -22.8 -35.9 -18.8  -8.9  -5.4 
1956  -5.5 -12.2 -22.3 -27.5 -38.8 -28.7 -32.9 -33.6 -28.0 -22.3  -9.5  -3.8 
1957  -8.0 -11.3 -20.4 -22.0 -26.6 -31.7 -33.2 -38.6 -27.7 -24.8 -12.8  -6.2 
1958  -8.0 -16.6 -23.6 -29.2 -33.8 -32.0 -33.2 -33.4 -28.0 -20.6 -13.8 -10.2 
1959  -4.3 -14.9 -20.4 -26.5 -20.4 -37.3 -34.9 -32.1 -31.3 -20.4 -12.6  -4.8 
1960  -8.1 -14.4 -26.2 -24.6 -31.7 -33.6 -30.7 -29.5 -34.0 -20.3 -12.8  -6.8 
1961  -7.7 -12.2 -21.7 -32.5 -21.8 -32.9 -37.6 -37.2 -33.7 -16.2 -12.1  -6.7 
1962  -7.8 -13.4 -24.3 -25.9 -34.7 -28.1 -30.8 -35.3 -33.6 -27.7 -16.9 -10.5 
1963  -6.5 -17.2 -20.4 -26.2 -25.3 -35.2 -27.8 -23.0 -28.4 -26.7 -17.8  -6.6 
1964  -6.7 -12.9 -23.1 -34.3 -37.8 -33.7 -35.0 -38.4 -37.2 -29.1 -15.3  -6.8 
1965  -4.3  -8.9 -22.0 -30.9 -29.8 -31.7 -34.1 -32.6 -28.2 -20.6 -12.4  -6.6 
1966  -6.5 -14.3 -12.8 -25.9 -30.6 -29.5 -26.4 -36.7 -34.3 -25.3 -14.6  -4.7 
1967  -3.3 -10.6 -21.6 -22.9 -31.6 -37.1 -34.6 -35.6 -30.3 -24.0 -13.5  -6.3 
1968  -7.7 -12.8 -19.4 -28.9 -25.3 -24.5 -33.2 -33.5 -31.5 -18.5 -11.1  -5.7 
1969  -4.3 -15.2 -26.4 -20.9 -26.0 -27.2 -36.5 -26.6 -23.7 -17.2 -12.6  -4.0 
1970  -6.0 -10.4 -21.6 -28.1 -30.4 -30.3 -35.3 -35.4 -20.4 -16.0 -11.9  -4.4 
1971  -5.5 -17.3 -21.3 -23.1 -32.4 -38.5 -35.3 -27.0 -36.5 -24.4 -13.1  -4.3 
1972 -10.8 -11.4 -19.2 -27.9 -28.9 -34.4 -36.4 -32.2 -30.4 -24.8 -12.7  -4.4 
1973  -3.4 -16.2 -27.0 -25.0 -22.9 -33.9 -37.0 -39.9 -33.9 -17.6 -10.6  -7.3 
1974  -5.1 -13.9 -24.2 -28.3 -32.4 -35.0 -33.6 -29.1 -30.8 -24.7 -11.5  -5.8 
1975  -7.3 -12.6 -16.2 -29.3 -24.2 -32.6 -32.7 -43.0 -31.5 -15.9 -11.7  -4.7 
1976  -7.4  -9.1 -23.7 -28.1 -29.0 -33.1 -27.0 -30.0 -30.4 -19.7  -9.2  -5.2 
1977  -4.9 -10.7 -27.5 -26.6 -28.3 -27.9 -34.1 -29.7 -33.0 -23.3 -12.9  -8.8 
1978  -7.7 -12.6 -20.3 -17.8 -26.8 -31.6 -33.5 -33.4 -31.2 -21.1 -13.4  -6.2 
1979  -4.8 -15.2 -24.3 -18.7 -37.4 -31.7 -40.6 -33.2 -30.6 -99.0 -99.0 -99.0 
