Number= 539590
Name= YUNCHING
Country= CHINA
Lat=   35.4
Long= -106.6
Height= -999
Start year= 1961
End year= 1970
First Good year= 1961
Source ID= 10
Source file= Jones
Jones data to= 1970
Normals= -99.0 -99.0 -99.0 -99.0 -99.0 -99.0 -99.0 -99.0 -99.0 -99.0 -99.0 -99.0 
Obs:
1961  -3.0   3.0   8.9  17.0  20.6  25.5  28.0  26.6  20.8  13.9   7.9  -0.1 
1962  -2.6   2.2   8.1  13.7  21.0  26.3  28.1  25.1  20.1  13.5   5.4   0.4 
1963  -3.9   0.0   8.1  12.4  18.7  26.1  27.6  26.4  19.4  13.9   7.3  -1.1 
1964  -0.1  -2.7   8.7  15.2  19.0  25.7  26.3  26.2  19.5  14.8   6.4  -0.5 
1965  -0.4   2.3   6.7  13.3  20.8  26.8  26.4  24.8  20.9  14.6   7.4  -1.3 
1966  -0.9   4.2   8.8  15.4  20.5  27.3  27.8  27.3  18.6  13.5   4.7  -1.7 
1967  -3.1   1.2   8.3  13.8  21.6  26.3  26.7  28.9  19.5  14.2   4.4  -4.6 
1968  -3.4  -1.3   9.2  14.9  20.1  27.1  28.5  25.4  19.8  13.1   7.0   2.6 
1969  -3.7  -2.6   8.1  14.3  22.3  27.3  27.3  27.3  20.4  15.8   4.3  -2.6 
1970  -1.8   3.3   6.3  14.0  21.5  23.9  27.9  27.5  20.1  14.2   5.2  -0.5 
