Number= 507560
Name= HAILUN
Country= CHINA
Lat=   47.4
Long= -126.9
Height= -999
Start year= 1961
End year= 1970
First Good year= 1961
Source ID= 10
Source file= Jones
Jones data to= 1970
Normals= -99.0 -99.0 -99.0 -99.0 -99.0 -99.0 -99.0 -99.0 -99.0 -99.0 -99.0 -99.0 
Obs:
1961 -24.9 -19.5  -7.0   4.8  11.7  19.0  21.2  19.8  13.9   3.4  -5.9 -17.0 
1962 -20.7 -15.3  -9.0   4.7  12.3  18.6  20.9  19.6  13.0   2.8 -10.9 -17.0 
1963 -21.9 -16.8  -4.9   4.3  11.6  18.1  21.0  19.7  12.8   2.8  -9.2 -17.3 
1964 -20.3 -20.2  -6.0   3.7  13.8  17.5  20.2  19.6  11.2   2.7  -9.9 -20.2 
1965 -22.5 -21.7  -9.4   2.6  12.1  20.3  20.7  18.4  12.6   4.4 -10.6 -23.0 
1966 -23.5 -19.0  -8.6   1.8  13.8  19.0  20.4  19.5  11.9   6.1 -10.7 -23.7 
1967 -20.9 -15.4  -5.8   6.2  13.8  18.1  22.0  20.2  12.6   5.6 -10.6 -20.9 
1968 -22.5 -18.4  -5.8   8.0  13.5  19.5  22.9  19.7  11.4   2.7  -6.9 -17.1 
1969 -24.1 -20.8  -8.1   3.6  10.2  17.7  21.1  18.5  12.0   3.5 -11.4 -23.9 
1970 -25.3 -19.0 -11.5   5.3  14.1  20.4  21.9  20.2  12.7   3.1  -7.2 -19.8 
