Number= 485170
Name= CHUMPHON
Country= THAILAND
Lat=   10.5
Long=  -99.2
Height= 3
Start year= 1951
End year= 2011
First Good year= 1951
Source ID= 10
Source file= Jones+Anders
Jones data to= 2001
Normals source= Data
Normals source start year= 1961
Normals source end year= 1990
Normals=  25.1  26.2  27.3  28.4  28.1  27.6  27.3  27.1  27.2  26.8  25.9  25.0 
Standard deviations source= Data
Standard deviations source start year= 1951
Standard deviations source end year= 1990
Standard deviations=   0.9   0.5   0.6   0.5   0.5   0.5   0.3   0.4   0.4   0.4   0.6   0.8 
Obs:
1951  24.7  25.8  26.6  28.1  27.9  27.7  27.1  27.4  27.4  26.9  26.5  24.5 
1952  25.3  26.5  27.3  28.1  28.4  27.4  27.5  26.6  27.2  26.9  25.4  23.3 
1953  25.0  26.2  27.0  28.3  27.9  27.8  27.1  27.8  27.0  27.3  25.9  24.5 
1954  26.1  25.9  27.6  29.1  28.4  27.8  27.5  27.1  26.4  26.3  25.6  24.3 
1955  23.4  25.3  26.6  28.1  28.0  26.9  27.4  27.3  27.0  26.4  24.8  23.4 
1956  23.8  25.8  27.1  28.2  27.9  27.2  26.9  27.3  27.1  26.1  24.6  23.4 
1957  24.3  25.6  27.2  29.3  29.0  28.4  27.6  27.2  27.2  27.0  26.6  25.6 
1958  25.9  26.5  27.7  28.7  29.5  27.4  27.4  27.1  27.5  26.8  25.1  23.9 
1959  25.0  26.3  27.2  28.5  28.2  28.2  26.9  27.1  27.2  26.3  26.4  26.1 
1960  25.5  26.1  27.8  28.9  28.4  27.6  27.7  27.8  27.3  27.0  26.2  25.0 
1961  24.6 -99.0 -99.0  28.2  27.6 -99.0 -99.0 -99.0  26.5  26.7 -99.0  25.2 
1962  25.0  25.0  26.6  28.4  28.3  27.5  27.0  26.0  27.2  26.9 -99.0 -99.0 
1963  22.9  25.3  26.4  27.5  28.7  27.7  27.7  27.0  27.4  27.0  26.5  25.4 
1964 -99.0  26.5 -99.0  28.1  27.9  27.8  27.7  26.8  27.6  27.2  25.1  24.3 
1965  23.5  26.1  27.1  28.1  28.0  27.6  27.4  27.4  27.1  26.8  26.6  25.6 
1966  25.6  26.7  27.7  28.7  27.9  27.8  27.1  27.4  27.2  26.8  26.0  25.7 
1967  24.4  25.7  26.3  28.2  28.1  27.8  27.0  26.6  27.8  26.6  26.4  24.5 
1968  24.6  25.4  26.5  27.5  28.1  27.8  27.3  27.2  27.3  27.1  26.1  26.4 
1969  26.1  26.6  27.6  28.5  29.0  27.9  27.5  27.9  27.1  27.5  25.5  24.6 
1970  25.7  26.3  27.8  28.4  28.9  27.7  27.1  27.1  27.7  26.9  25.6  25.2 
1971  24.1  25.6  26.5  28.3  28.3  27.0  26.9  27.0  27.6  26.1  24.7  25.4 
1972  24.3  26.4  27.0  27.9  28.8  27.8  27.4  27.4  28.1  27.4  26.5  26.0 
1973  26.2  27.1  27.8  29.3  28.7  27.9  27.2  27.4  27.4  26.8  25.6  24.0 
1974  24.2  25.8  26.7  28.2  27.8  27.7  27.4  27.4  27.2  26.9  26.1 -99.0 
1975  25.3  25.8  27.7  28.3  28.0  26.4  27.5  27.1  27.2  26.7  25.4  23.3 
1976 -99.0 -99.0  27.0  28.5  27.4  27.6  27.2  27.3  27.3  27.3 -99.0 -99.0 
1977  25.4  25.7  26.2  28.3  28.6  28.6  27.7  27.2  27.4  27.5  25.6 -99.0 
1978  26.2  26.4  27.9  28.4  28.3  27.7  27.3  27.0  27.0  26.9  26.0  25.2 
1979  26.2  27.0  28.4  29.1  28.7  28.3  27.3  27.7  27.8  27.1  26.3  25.2 
1980  26.0  26.8  28.4  29.3  29.0  27.8  27.5 -99.0 -99.0 -99.0 -99.0 -99.0 
1981  24.2  25.9  27.4  28.0  27.2  27.2  27.2  26.8  26.8  26.8  25.3  23.9 
1982  24.4  26.2  27.1  27.6  27.9  27.6  26.4  26.4  26.7  26.4  26.3  24.5 
1983  25.1  26.2  28.0  29.3  28.6  27.3  27.1  27.0  26.9  26.5  25.0  24.7 
1984  24.8  26.5  27.5  28.5  27.7  26.7  27.1  26.8  26.4  26.1  26.1  25.6 
1985  25.4  27.1  27.3  28.2  27.5  26.9  26.9  27.0  26.3  26.3  26.0  24.8 
1986  24.2  26.3  27.2  28.9  27.5  26.9  26.7  26.8  26.5  26.6  26.1  25.1 
1987  25.8  26.1  27.8  29.4  28.1  27.9  28.5  27.3  27.5  27.6  26.7  24.3 
1988  25.7  27.2  28.2  28.6  27.9  27.6  27.0  27.5  26.9  26.3  24.8  24.7 
1989  25.9  25.8  27.0  28.3  27.1  26.8  27.3  26.6  26.8  26.4  25.9  25.1 
1990  26.3  27.0  28.1  29.4  28.1  27.8  27.4  27.2  26.9  26.6  26.3  25.5 
1991  27.0  27.5  28.3  29.2  29.4  29.1  27.7  27.7  27.4  27.3  26.3  26.0 
1992  25.7  26.8  28.2  30.7  29.9  28.6  28.1  27.7  27.9  27.0  25.9  25.9 
1993  25.3  26.2  28.0  29.1  29.3  29.0  27.0  28.1  27.6  27.4  26.6  25.1 
1994  26.4  27.8  27.9  29.6  28.9  27.8  27.8  27.4  27.0  27.3  26.4  26.8 
1995  26.2  26.3  27.9  29.3  30.2  29.1  27.9  27.1  27.4  26.8  26.6  25.4 
1996  26.3  26.9  28.4  28.2  29.1  28.9  27.8  28.2  26.1  26.5  27.0  24.6 
1997  25.0  27.1  28.3  28.2  28.6  28.0  27.6  27.1  28.1  27.3  26.6  26.7 
1998  27.2  28.1  28.9  30.9  29.5  29.1  28.3  27.8  27.0  27.4  26.1  25.5 
1999  25.5  26.1  28.3  28.7  28.6  27.8  26.9  27.4  28.0  26.3  26.7  23.1 
2000  25.8  26.5  28.0  27.6  27.5  27.9  28.1  28.1  27.2  27.5  26.3  25.9 
2001  26.6  27.1  28.0  29.3  28.3  27.1  27.1  27.7  27.4  27.3  25.5  25.6 
2002  26.1  27.1  27.8  28.5  28.1  28.9  28.7  27.1  26.9  28.1  26.8  26.5 
2003  25.9  27.8  27.7  28.8  28.7  28.2  27.5  28.4  27.7  27.0  27.3  25.2 
2004  26.3  26.9  28.8  30.1  28.6  28.4  28.3  28.7  28.3  26.6  27.1  25.9 
2005  26.4  27.8  28.3  30.2  29.7  28.4  28.0  27.8  27.1  26.7  26.4  25.5 
2006  26.4  27.0  28.6  29.3  28.6  28.9  27.9  27.4  27.9  27.7  27.8  26.1 
2007  26.4  26.9  28.5  29.2 -99.0  28.2  27.0  27.7  27.3  26.2  25.6  26.1 
2008  26.5  26.7  27.6  28.3  27.1  27.3  27.4  28.0  27.2  27.4  25.9  25.1 
2009  24.4  27.0  27.8  28.5  27.6  28.1  27.2  28.1  27.0  27.1  26.8  26.5 
2010  26.7  27.7  28.3  29.6  29.4  28.7  27.8  27.3  27.8  26.9  25.9  26.2 
2011  25.8  27.2  26.3  28.1  28.1 -99.0 -99.0 -99.0 -99.0 -99.0 -99.0 -99.0 
