Number= 486570
Name= KUANTAN
Country= MALAYSIA
Lat=    3.8
Long= -103.2
Height= 153
Start year= 1961
End year= 2011
First Good year= 1961
Source ID= 10
Source file= Jones+Anders
Jones data to= 2001
Normals source= Data
Normals source start year= 1961
Normals source end year= 1990
Normals=  24.5  25.2  25.9  26.6  26.9  26.7  26.3  26.3  26.2  26.0  25.3  24.6 
Standard deviations source= Data
Standard deviations source start year= 1961
Standard deviations source end year= 1990
Standard deviations=   0.6   0.6   0.5   0.5   0.4   0.4   0.4   0.4   0.3   0.4   0.4   0.4 
Obs:
1961  24.1  24.9  25.9  26.1  26.6  26.3  26.1  26.0  25.6  25.7  25.1  24.5 
1962  23.9  24.4  25.1  25.9  26.7  26.2  26.4  25.6  25.9  25.9  25.1  24.4 
1963  23.2  24.0  25.4  26.4  26.9  26.6  26.2  26.0  26.5  25.7  25.4  24.8 
1964  25.2  25.2  25.6  26.2  26.8  26.1  25.5  25.7  26.1  25.3  25.2  24.1 
1965  23.8  24.9  25.3  25.9  26.3  26.6  25.9  26.0  26.1  25.7  25.6  24.8 
1966  24.7  25.3  26.0  26.4  27.1  26.3  26.0  25.9  26.4  25.6  25.2  24.9 
1967  24.3  24.5  25.1  25.9  26.4  26.4  26.2  26.2  26.2  25.6  25.1  24.2 
1968  24.3  24.9  26.1  26.4  26.4  26.6  26.2  26.4  26.1  25.5  25.2  24.5 
1969  25.2  25.4  26.2  26.9  27.2  26.8  26.3  25.9  26.2  25.9  24.8  24.4 
1970  24.9  25.1  26.2  26.5  26.7  26.4  25.9  26.3  25.9  25.8  25.6  24.9 
1971  24.0  24.4  25.2  26.6  26.6  26.6  26.2  25.7  26.4  25.8  24.9  24.2 
1972  24.3  25.6  25.6  26.6  26.9  26.8  27.3  26.5  26.4  26.6  25.9  24.8 
1973  25.2  26.2  25.9  27.4  26.8  26.7  26.7  26.3  26.2  26.2  25.4  23.8 
1974  24.0  24.6  25.4  26.3  26.6  26.4  26.1  26.7  25.8  26.0  25.3  25.1 
1975  24.3  24.9  25.3  26.3  26.3  26.0  25.6  26.3  25.8  25.7  24.5  24.2 
1976  23.5  24.7  25.9  26.3  26.9  26.3  26.4  26.1  26.0  25.8  24.9  24.6 
1977  24.7  24.4  25.1  26.7  26.9  26.8  26.5  26.1  26.4  25.8  25.0  25.1 
1978  25.1  25.6  26.4  26.6  27.1  26.4  26.0  26.3  26.1  25.7  25.3  24.8 
1979  24.8  25.5  26.4  26.7  27.2  26.9  26.3  26.9  26.2  25.9  24.7  24.7 
1980  24.9  25.6  26.4  26.7  27.4  27.1  26.5  26.3  26.5  26.4  25.5  24.7 
1981  24.5  25.2  26.1  26.6  27.2  27.2  26.7  27.3  26.4  26.4  25.4  24.5 
1982  24.7  25.5  26.5  26.0  27.0  27.1  26.4  26.3  26.6  26.1  26.2  25.1 
1983  25.4  26.3  27.3  28.3  27.8  27.4  26.9  26.6  26.2  26.4  25.7  23.8 
1984  24.2  24.5  25.7  26.6  26.2  26.7  26.0  26.5  25.6  26.1  25.5  24.7 
1985  24.9  25.9  25.6  26.7  26.8  27.0  25.6  26.5  25.8  25.9  25.4  24.8 
1986  24.3  25.5  25.8  26.7  27.4  27.0  26.7  27.3  26.2  26.0  25.2  24.9 
1987  24.6  25.2  26.3  27.0  27.2  27.4  27.1  26.5  26.6  26.5  26.3  24.9 
1988  25.6  26.0  26.6  27.1  27.2  26.9  26.5  26.4  26.4  26.6  25.1  24.3 
1989  25.1  24.9  25.7  26.5  26.9  26.7  26.7  26.5  26.4  26.2  25.6  25.1 
1990  24.7  26.0  26.7  27.3  27.4  27.3  26.6  27.1  26.8  26.7  26.1  25.2 
1991  25.3  25.9  26.5  27.3  27.5  28.1  27.5  27.5  27.2  26.6  24.9  24.7 
1992  25.2  26.4  27.1  28.2  27.8  27.6  26.6  27.2  26.7  26.3  24.9  24.9 
1993  25.1  25.4  26.2  26.9  27.9  27.5  27.2  26.9  26.7  26.4  26.0  25.5 
1994  25.4  26.3  25.9  27.0  27.4  27.1  27.3  26.9  26.9  26.5  25.0  25.8 
1995  25.5  25.5  26.5  27.5  27.6  27.6  27.0  26.9  26.9  26.9  25.8  25.0 
1996  24.7  25.0  26.4  27.3  27.7  27.4  27.5  27.1  26.9  26.5  26.2  25.2 
1997  25.5  25.9  27.3  27.4  28.5  27.7  27.6  27.6  27.5  26.8  26.6  25.7 
1998  26.7  27.7  28.3  29.1  29.3  28.0  27.5  27.1  27.6  27.1  26.6  25.6 
1999  25.5  25.8  26.8  27.0  27.1  27.1  27.3  26.6  26.9  26.4  26.2  25.4 
2000  25.4  25.8  26.5  27.0  28.0  26.8  27.5  27.0  27.3  26.7  26.3  26.4 
2001  25.4  26.1  26.5  27.6  27.8  27.1  27.5  27.3  27.1  26.8  26.0  25.5 
2002  25.7  26.2  27.3  28.1  28.2  28.1  28.0  27.3  26.8  27.2  26.9  26.5 
2003  25.6  26.2  27.2  27.6  28.4  28.0  27.0  27.7  27.2  26.8  26.3  25.3 
2004  25.9  26.3  27.2  28.4  28.1  27.0  26.3  27.0  25.9  25.6  25.5  24.5 
2005  24.5  26.5  26.4  27.9  27.7  27.8  27.4  27.7  27.3  26.6  26.1  25.9 
2006  25.7  26.1  26.9  27.3  27.3  27.5  27.7  27.3  27.0  27.3  26.3  26.1 
2007  25.2  26.1  27.1  27.3  27.6  27.8  27.3  27.3  27.4  27.0  26.4  25.7 
2008  25.9  25.7  26.5  27.4  27.7  27.6  27.0  27.2  27.3  27.3  26.5  25.6 
2009  25.0  26.4  26.6  27.6  27.6  27.9  27.6  27.6  27.5  27.3  26.1  25.8 
2010  26.1  27.4  27.9  28.5  28.6  28.0  27.3  27.3  27.3  27.3  26.7  25.4 
2011  25.2  26.2  26.2  27.2  27.7 -99.0 -99.0 -99.0 -99.0 -99.0 -99.0 -99.0 
