Number= 488770
Name= NHA TRANG
Country= VIETNAM
Lat=   12.3
Long= -109.2
Height= 10
Start year= 1898
End year= 2011
First Good year= 1898
Source ID= 10
Source file= Jones+Anders
Jones data to= 1981
Normals source= Extrapolated
Normals source start year= 1951
Normals source end year= 1970
Normals=  24.0  24.6  26.0  27.3  28.3  28.6  28.6  28.5  27.9  26.5  25.7  24.3 
Standard deviations source= Data
Standard deviations source start year= 1941
Standard deviations source end year= 1981
Standard deviations=   0.9   0.7   0.7   0.5   0.4   0.6   0.4   0.5   0.4   0.5   0.6   0.6 
Obs:
1898 -99.0 -99.0 -99.0 -99.0  28.6  29.4  28.6  29.4  28.4  27.3  25.6  24.1 
1899  23.8  24.2  25.8  27.1  28.4  27.9  29.6  28.8  28.5  26.6  25.3  24.6 
1900  24.7  24.7  26.1  27.2  27.8  28.4  27.9  28.4  27.5  26.9  25.7  24.9 
1901  25.2  24.6  25.5  27.2  28.5  28.8  27.4  27.7  27.6  26.9  25.3  24.0 
1902  24.2  23.2  25.5  27.0  28.1  28.4  29.1  28.5  27.5  26.7  26.1  25.4 
1903  25.0  25.0  25.6  27.5  28.1  29.1  28.9  28.3  27.7  26.8  24.8  23.8 
1904  23.8  23.5  25.0  26.5  27.3  28.2  28.3  29.1  28.2  26.3  25.5  24.1 
1905  24.3  24.9  26.1  27.6  28.5  28.9  28.8  29.0  28.3 -99.0  25.6  25.8 
1906  25.4  26.4  26.6  28.2  28.7  27.9  27.0  28.4  28.6  26.9  25.2  25.1 
1907  24.5  24.6  26.4  27.9  28.8  27.3  28.9  28.9  28.7  27.5  26.6  24.4 
1908  24.8  25.3  25.9  28.1  28.4  28.5  28.2  28.9  27.8  26.6  24.6  25.2 
1909  24.7  25.7  26.5  27.8  28.8  29.1  28.7  29.5  28.5  27.4  26.2  24.3 
1910  25.3  25.6  27.5  28.3  29.4  28.5  28.9  29.6  28.9  26.7  26.0  24.5 
1911  24.4  24.4  26.1  27.8  28.7  29.1  29.4  30.2  29.0  27.3  27.0  25.9 
1912  25.3  25.8  26.9  27.9  29.9  30.9  29.0  29.0  27.2  26.4  25.4  24.4 
1913  23.9  25.0  25.8  27.2  27.9  28.5  28.2  28.6  27.9  26.2  25.4  24.4 
1914  23.8  24.3  25.8  27.7  28.7  28.3  28.5  28.5  27.8  26.7  26.3  25.2 
1915  24.5  25.4  26.3  27.5  28.5  28.8  27.9  29.2  27.5  26.8  25.6  23.8 
1916  23.6  23.4  25.2  26.7  27.6  28.3  27.8  28.4  27.9  26.6  24.6  23.7 
1917  23.5  23.8  25.8  27.0  27.9  28.3  28.7  28.3  26.6  26.4  24.6  23.7 
1918  22.0  23.0  24.3  26.5  27.9  28.2  29.5  28.7  28.5  26.8  25.9  24.9 
1919  24.7  25.3  26.4  28.0  28.9  29.5  27.9  29.0  27.6  26.5  25.2  24.0 
1920  23.2  25.1  25.6  27.0  28.5  28.6  28.9  28.7  27.7  26.3  25.9  24.7 
1921  24.0  24.1  25.6  26.8  28.4  29.2  28.4  28.8  27.2  25.8  24.2  24.3 
1922  24.5  25.3  25.9  27.2  28.5  28.4  28.2  28.9  27.8  26.5  25.1  23.9 
1923  23.4  23.9  25.3  27.2  27.4  28.8  28.6  28.8  27.7  26.5  25.7  25.0 
1924  24.4  25.5  25.9  26.7  27.9  28.3  28.1  28.2  27.6  26.1  24.7  23.5 
1925  24.1  23.6  25.5  25.8  28.1  28.3  27.9  28.0  27.5  26.7  25.9  24.2 
1926  23.8  24.6  25.8  26.9  28.8  28.4  27.7  28.0  27.7  26.4  25.6  24.8 
1927  24.3  24.0  26.1  27.0  28.2  28.4  28.0  28.6  27.9  26.2  25.4  25.0 
1928  25.2  24.9  25.7  27.2  28.3  28.4  28.5  28.0  27.7  25.9  25.3  24.6 
1929  24.0  25.2  25.2  27.1  28.6  28.2  28.7  28.3  27.5  25.7  25.4  24.4 
1930  23.9  23.6  25.3  27.4  28.2  27.8  28.9  27.9  27.6  26.7  25.7  25.0 
1931 -99.0 -99.0 -99.0 -99.0 -99.0 -99.0 -99.0 -99.0 -99.0 -99.0 -99.0 -99.0 
1932 -99.0 -99.0 -99.0 -99.0 -99.0 -99.0 -99.0 -99.0 -99.0 -99.0 -99.0 -99.0 
1933 -99.0 -99.0 -99.0 -99.0 -99.0 -99.0 -99.0 -99.0 -99.0 -99.0 -99.0 -99.0 
1934 -99.0 -99.0 -99.0 -99.0 -99.0 -99.0 -99.0 -99.0 -99.0 -99.0 -99.0 -99.0 
1935 -99.0 -99.0 -99.0 -99.0 -99.0 -99.0 -99.0 -99.0 -99.0 -99.0 -99.0 -99.0 
1936 -99.0 -99.0 -99.0 -99.0 -99.0 -99.0 -99.0 -99.0 -99.0 -99.0 -99.0 -99.0 
1937 -99.0 -99.0 -99.0 -99.0 -99.0 -99.0 -99.0 -99.0 -99.0 -99.0 -99.0 -99.0 
1938 -99.0 -99.0 -99.0 -99.0 -99.0 -99.0 -99.0 -99.0 -99.0 -99.0 -99.0 -99.0 
1939 -99.0 -99.0 -99.0 -99.0 -99.0 -99.0 -99.0 -99.0 -99.0 -99.0 -99.0 -99.0 
1940 -99.0 -99.0 -99.0 -99.0 -99.0 -99.0 -99.0 -99.0 -99.0 -99.0 -99.0 -99.0 
1941  25.2  26.0  27.0  28.0  28.9  29.9  28.8  29.0  27.9  27.0  26.3  25.3 
1942  23.9  25.3  26.8  27.7  28.7  28.3  28.4  27.6  27.0  26.4  25.4  24.2 
1943  23.0  23.7  25.5  26.6  28.0  28.1  28.3  27.7  27.2  25.2  25.3  23.5 
1944  23.7  24.5  24.9  26.9  28.1  28.2  28.0  27.8  27.2  26.0  26.6  24.1 
1945 -99.0 -99.0 -99.0 -99.0 -99.0 -99.0 -99.0 -99.0 -99.0 -99.0 -99.0 -99.0 
1946 -99.0 -99.0 -99.0 -99.0 -99.0 -99.0 -99.0 -99.0 -99.0 -99.0 -99.0 -99.0 
1947  25.2  24.7  26.1  27.0  28.1  28.2  28.4  27.4  27.3  25.8  25.2  24.9 
1948  23.9  24.9  26.4  27.3  29.0  29.2  28.3  28.3  27.4  26.2  24.6  24.5 
1949  23.7  24.6  25.9  27.3  28.6  29.0  27.9  28.2  27.9  26.4  25.3  25.1 
1950  24.9  25.2  26.2  27.7  28.4  28.4  28.3  28.1  27.2  26.4  25.6  23.7 
1951  24.4  24.6  25.8  27.2  27.5  29.1  27.7  28.1  27.3  27.0  25.7  24.2 
1952  24.2  25.2  26.2  27.2  28.1  28.8  28.2  27.9  27.3  26.1  25.1  24.3 
1953  24.1  24.8  26.1  27.2  28.0  27.8  28.2  28.6  27.6  27.1  26.1  24.8 
1954  24.8  24.5  25.6  27.5  28.3  28.4  28.3  28.1  27.5  25.6  24.8  24.1 
1955  23.3  23.8  25.3  26.8  28.3  27.6  28.1  27.8  27.3  26.1  24.7  23.7 
1956  23.4  24.3  25.7  27.9  27.6  27.9  27.9  27.9  27.1  26.5  25.1  24.0 
1957  23.6  24.0  25.6  27.2  28.5  28.8  28.1  28.3  27.5  26.4  25.5  25.0 
1958  24.4  24.2  26.2  27.5  28.7  29.0  28.4  27.5  27.7  26.2  25.0  23.8 
1959  23.4  25.7  25.8  27.0  28.0  28.7  27.6  28.3  27.5  26.1  25.8  25.0 
1960  24.1  24.3  26.3  27.5  28.2  28.4  28.1  28.9  26.9  26.3  25.7  24.7 
1961  23.5  24.2  25.8  26.8  27.9  27.4  29.1  28.3  28.5  26.3  25.8  25.2 
1962  23.2  23.4  25.0  27.1  28.6  28.2  28.2  28.2  27.2  26.1  25.8  23.1 
1963  22.3  23.0  24.1  26.0  28.0  29.0  28.6  28.0  27.7  26.5  25.9  24.5 
1964  25.3  25.0  25.9  27.7  27.7  27.9  28.0  28.4  27.6  26.8  24.4  23.4 
1965  20.7  24.7  25.1  27.2  28.0  28.8  28.7  28.1  27.4  26.4  26.2  25.1 
1966  24.7  25.7  26.8  28.2  27.8  28.3  28.1  28.2  27.3  26.6  26.2  25.0 
1967  23.8  24.1  25.4  27.1  28.5  29.0  28.5  28.4  28.0  26.8  26.2  24.1 
1968  24.1  24.1  26.1  27.3  28.2  28.2  28.9  28.8  28.1  26.7  25.7  25.3 
1969  25.2  25.5  27.0  28.0  29.7  29.6  29.0  29.2  27.3  27.2  26.0  24.5 
1970  23.8  24.6  26.0  27.5  28.9  28.3  28.1  28.0  28.2  26.8  25.8  25.4 
1971  23.6  24.5  25.0  27.0  28.1  28.4  28.4  27.9  27.7  26.4  24.3  24.7 
1972  23.4  24.8  25.1  26.7  28.0  28.4  29.1  28.9  28.0  27.4 -99.0  25.4 
1973  25.3  25.3  26.5  28.4  28.9  29.3  28.2  28.9  27.9 -99.0 -99.0 -99.0 
1974  23.2  24.4  25.2  27.3  28.3  29.0  28.4  28.4  27.4  26.5  26.1  25.0 
1975 -99.0 -99.0 -99.0 -99.0 -99.0  28.1 -99.0  28.8 -99.0 -99.0 -99.0 -99.0 
1976  23.2  24.3 -99.0 -99.0 -99.0 -99.0  28.3  27.4 -99.0 -99.0  25.2  24.1 
1977  23.1  22.9  24.0  26.7  28.6 -99.0  28.7 -99.0  27.1 -99.0 -99.0 -99.0 
1978 -99.0 -99.0 -99.0 -99.0 -99.0 -99.0 -99.0 -99.0 -99.0 -99.0 -99.0 -99.0 
1979 -99.0 -99.0 -99.0 -99.0 -99.0 -99.0 -99.0 -99.0 -99.0 -99.0 -99.0 -99.0 
1980 -99.0 -99.0 -99.0 -99.0 -99.0 -99.0 -99.0 -99.0 -99.0 -99.0 -99.0 -99.0 
1981  23.1  24.6  26.1  28.3  28.5  28.1 -99.0  29.3  27.6  27.0  25.6 -99.0 
1982 -99.0 -99.0 -99.0 -99.0 -99.0 -99.0 -99.0 -99.0 -99.0 -99.0 -99.0 -99.0 
1983 -99.0 -99.0 -99.0 -99.0 -99.0 -99.0 -99.0 -99.0 -99.0 -99.0 -99.0 -99.0 
1984 -99.0 -99.0 -99.0 -99.0 -99.0 -99.0 -99.0 -99.0 -99.0 -99.0 -99.0 -99.0 
1985 -99.0 -99.0 -99.0 -99.0 -99.0 -99.0 -99.0 -99.0 -99.0 -99.0 -99.0 -99.0 
1986 -99.0 -99.0 -99.0 -99.0 -99.0 -99.0 -99.0 -99.0 -99.0 -99.0 -99.0 -99.0 
1987 -99.0 -99.0 -99.0 -99.0 -99.0 -99.0 -99.0 -99.0 -99.0 -99.0 -99.0 -99.0 
1988 -99.0 -99.0 -99.0 -99.0 -99.0 -99.0 -99.0 -99.0 -99.0 -99.0 -99.0 -99.0 
1989 -99.0 -99.0 -99.0 -99.0 -99.0 -99.0 -99.0 -99.0 -99.0 -99.0 -99.0 -99.0 
1990 -99.0 -99.0 -99.0 -99.0 -99.0 -99.0 -99.0 -99.0 -99.0 -99.0 -99.0 -99.0 
1991 -99.0 -99.0 -99.0 -99.0 -99.0 -99.0 -99.0 -99.0 -99.0 -99.0 -99.0 -99.0 
1992 -99.0 -99.0 -99.0 -99.0 -99.0 -99.0 -99.0 -99.0  28.1  25.9  25.0 -99.0 
1993 -99.0  23.1  25.4  27.4  28.4  29.3  28.7  28.6  27.7  26.2  26.0  24.7 
1994 -99.0  25.1  26.1  27.7  28.8 -99.0  28.3 -99.0  28.3 -99.0 -99.0 -99.0 
1995 -99.0 -99.0 -99.0 -99.0 -99.0 -99.0 -99.0 -99.0 -99.0 -99.0 -99.0 -99.0 
1996 -99.0 -99.0 -99.0 -99.0 -99.0 -99.0 -99.0 -99.0 -99.0 -99.0 -99.0 -99.0 
1997 -99.0 -99.0 -99.0 -99.0 -99.0 -99.0 -99.0 -99.0 -99.0 -99.0 -99.0 -99.0 
1998 -99.0 -99.0 -99.0 -99.0 -99.0 -99.0 -99.0 -99.0 -99.0 -99.0 -99.0 -99.0 
1999 -99.0 -99.0 -99.0 -99.0 -99.0 -99.0 -99.0 -99.0 -99.0 -99.0 -99.0 -99.0 
2000 -99.0 -99.0 -99.0 -99.0 -99.0 -99.0 -99.0 -99.0 -99.0 -99.0 -99.0 -99.0 
2001 -99.0 -99.0 -99.0 -99.0 -99.0 -99.0 -99.0 -99.0 -99.0 -99.0 -99.0 -99.0 
2002 -99.0 -99.0 -99.0 -99.0 -99.0 -99.0 -99.0 -99.0 -99.0 -99.0 -99.0 -99.0 
2003 -99.0 -99.0 -99.0 -99.0 -99.0 -99.0 -99.0 -99.0 -99.0  26.8  26.3 -99.0 
2004 -99.0 -99.0  25.9 -99.0 -99.0  28.9  28.4  29.3  28.3 -99.0 -99.0 -99.0 
2005  23.4  25.2 -99.0 -99.0  28.9 -99.0 -99.0  29.5  28.1  27.4  26.6 -99.0 
2006 -99.0 -99.0 -99.0 -99.0 -99.0 -99.0  29.0 -99.0  27.9 -99.0  26.5 -99.0 
2007  24.6  24.6  26.2  27.4  27.9  28.7  28.7  27.8 -99.0  26.7  24.9  25.3 
2008  24.0  23.8  24.9  27.6  27.8  28.6  28.4  28.2  28.1  27.5  25.8 -99.0 
2009  23.5  25.4  27.0  27.5  27.3  29.1 -99.0 -99.0  28.2  27.2 -99.0 -99.0 
2010 -99.0 -99.0  26.6  28.4  29.9  29.9  28.9  28.6  28.3  26.7  25.2  24.8 
2011  24.1  24.7  25.0  26.5  28.5 -99.0 -99.0 -99.0 -99.0 -99.0 -99.0 -99.0 
