Number= 221650
Name= KANIN NOS
Country= RUSSIA (EUROP
Lat=   68.7
Long=  -43.3
Height= 49
Start year= 1915
End year= 2011
First Good year= 1915
Source ID= 37
Source file= Jones+Anders
Jones data to= 2001
Normals source= Data
Normals source start year= 1961
Normals source end year= 1990
Normals=  -9.3 -10.2  -7.7  -5.2  -0.9   4.3   9.0   8.4   5.8   1.5  -2.5  -6.1 
Standard deviations source= Data
Standard deviations source start year= 1941
Standard deviations source end year= 1990
Standard deviations=   2.8   3.4   3.4   2.4   1.4   1.8   2.5   1.3   1.1   1.7   1.9   3.0 
Obs:
1915 -99.0 -99.0 -99.0 -99.0 -99.0 -99.0 -99.0 -99.0 -99.0 -99.0 -99.0 -14.9 
1916 -99.0 -99.0 -10.2  -6.2  -3.5   2.5   9.7   5.0   3.8  -0.1 -99.0 -99.0 
1917 -11.9 -99.0 -13.6  -6.7  -3.7   2.8   6.3   6.4   4.7   1.6 -99.0  -5.2 
1918 -14.0 -99.0 -10.2  -2.5  -4.4   2.4   4.0 -99.0 -99.0 -99.0 -99.0 -99.0 
1919 -99.0 -99.0 -99.0 -99.0 -99.0 -99.0 -99.0  10.4   6.9   2.0  -3.8  -9.5 
1920  -8.8  -7.5  -2.7  -2.2   2.3   7.8   9.3   9.9   6.9   0.1   0.2  -2.5 
1921  -6.3  -6.6  -5.4  -0.9   2.3   9.3   7.1   8.7   5.9   1.5  -2.1  -7.5 
1922  -7.7  -8.7  -9.4  -6.0   0.7   8.0   9.5   8.7   8.1   1.1  -1.4  -6.1 
1923  -5.1  -6.4  -4.2  -7.1  -3.6   5.6   7.3 -99.0   5.8   3.9  -3.3  -4.8 
1924  -9.1  -9.9  -6.9 -99.0 -99.0   3.1   6.1 -99.0   6.4   3.4  -0.1  -3.2 
1925  -4.7  -7.3 -12.7  -4.2  -1.1   2.6   8.4   7.7   5.7   0.4  -3.2  -9.1 
1926  -6.6  -7.9  -6.0  -5.6  -3.0   4.5   4.6   6.4   5.4   0.2  -2.1  -7.5 
1927 -12.4  -7.2 -10.1  -6.1  -1.0   4.4   8.1   9.2   5.1   1.4  -2.1  -5.2 
1928  -7.5  -7.9  -8.0  -6.1  -1.3   2.5   8.7   8.5   6.1  -0.1  -3.9  -3.2 
1929  -9.2 -11.2 -12.3 -10.3  -1.4   2.2   6.4   7.5   5.8   3.2   0.7  -5.0 
1930  -3.0  -9.0 -10.9  -5.4  -1.5   2.8   6.5   9.6   4.1   0.9  -0.9  -5.4 
1931  -8.1  -7.7  -9.2  -5.2   0.5   3.4  10.0  11.6   5.6   2.5   0.4  -4.1 
1932  -6.1 -11.1  -9.6  -2.5  -1.3   2.5   8.4  10.4   7.1   1.9  -0.9  -4.2 
1933  -8.9 -10.2 -12.3  -5.5  -3.0   3.6   8.7   7.4   5.4   2.6  -2.5  -7.5 
1934  -3.5  -7.6  -8.6  -4.8   1.5   4.2   8.6   8.2   5.6   2.6  -0.3  -2.2 
1935  -5.7  -6.4  -5.9  -6.9  -1.5   4.5   8.1   7.3   5.2   0.7  -0.3  -4.2 
1936  -9.9 -15.7  -8.3  -3.2  -0.3   7.7   9.7  10.5   6.4   2.0   1.6  -1.0 
1937  -2.1  -5.2  -9.0  -2.1   0.3   6.4  10.0  10.5   6.8   4.3  -0.6  -6.1 
1938  -7.5  -7.5  -4.6  -2.1   0.9   5.0  10.6   9.2   8.7   2.4  -0.8  -3.9 
1939  -6.2  -7.8  -7.0  -4.0  -1.4   4.0   7.6   8.2   3.4   1.4   0.6  -4.4 
1940 -14.8  -9.0 -12.5  -4.2  -1.0   3.3   8.7  11.2   7.3   1.1  -2.3  -8.4 
1941 -12.9 -10.6 -15.4  -8.6  -2.4   1.5   6.6   9.2   4.6   0.8  -1.8 -10.2 
1942  -7.2 -10.3 -14.9  -6.6  -1.4   4.1   6.2   7.3   5.7  -0.2  -3.7  -4.3 
1943  -9.6  -5.2  -5.4  -2.4   0.7   6.0  13.1   8.9   6.4   2.4   0.7  -2.2 
1944  -4.7  -5.0  -6.8  -3.8  -0.4   3.1   6.4   7.8   6.8   5.1   0.8  -3.2 
1945  -5.4  -9.0 -10.2  -3.8  -1.4   3.8   6.4  10.1   5.5   0.5  -2.8  -8.9 
1946  -6.1 -15.3  -8.4  -6.0  -1.5   3.5   7.7   8.6   6.9   0.6  -2.0  -1.7 
1947  -6.1 -13.8 -10.9  -3.9  -1.2   4.3   5.4   8.8   6.6   3.1  -3.0  -6.3 
1948 -99.0 -99.0 -99.0 -99.0 -99.0 -99.0 -99.0 -99.0 -99.0 -99.0 -99.0 -99.0 
1949  -5.4 -10.0  -5.9  -2.5  -0.4   2.6   5.9   7.9   5.5   1.2  -1.2  -5.7 
1950  -7.4  -7.7  -5.6  -1.4   0.4   3.7   5.6   8.9   6.4   4.4  -1.8  -3.6 
1951  -7.0 -11.1  -7.6  -1.2  -1.2   4.6   7.5   9.3   5.9   3.8  -2.2  -4.1 
1952  -5.4  -6.5 -12.2  -4.7  -1.9   5.8  10.4   7.3   5.8   0.6  -2.1  -8.4 
1953 -10.6 -13.7  -8.7  -2.1  -0.8   6.8   7.6  10.1   4.6   2.4   0.0  -0.4 
1954  -4.4  -7.6  -5.4  -2.9   0.5   6.6  13.0   9.1   6.8   3.0  -1.5  -1.8 
1955  -4.9 -12.6 -12.4  -3.8  -0.3   4.0   7.1   7.1   5.4   2.4  -3.8 -10.7 
1956 -11.2 -13.6  -5.5  -8.8   0.2   5.7   5.2   7.9   4.2   1.0  -5.6  -4.1 
1957  -6.5  -7.9 -12.3  -5.2   0.0   4.0  11.8  10.1   6.3   1.7  -3.0  -6.5 
1958  -9.6 -12.2 -14.7  -6.2  -2.6   3.8   8.2   7.9   3.7   1.9  -0.2 -11.1 
1959  -9.0  -5.0  -3.2  -7.0   1.4   6.8   8.8  10.2   5.7   0.5   0.5  -3.1 
1960  -9.4 -12.9  -8.8  -3.1   1.3   4.5  14.2   9.3   5.6  -0.3  -3.0  -4.3 
1961  -7.0  -7.5  -6.6  -6.2  -2.0   6.5  14.0   9.6   5.9   5.1  -1.3  -6.4 
1962  -7.4  -5.5  -9.9  -1.7   0.8   3.7   8.5   7.5   6.2   1.2   0.6  -5.8 
1963  -9.0 -10.6 -15.1  -5.2   1.8   2.6   8.2   8.4   7.1   3.3  -3.3  -8.6 
1964  -8.5 -10.9 -10.0  -8.0  -2.4   4.9   9.9   9.2   5.9   3.2  -5.8  -5.2 
1965  -8.5 -13.2  -7.6  -3.5  -2.4   5.0   8.0   8.5   5.3   0.1  -5.4  -5.9 
1966 -10.3 -20.5 -16.8  -8.3  -2.4   1.7   9.4   7.8   4.0  -1.1  -0.2  -9.0 
1967 -11.0  -6.7  -3.5  -1.5  -0.4   5.1   9.1  11.4   7.6   3.2   1.7  -6.8 
1968 -14.6  -7.4  -6.8  -5.9  -1.3   4.4   5.6   7.8   3.7  -0.2  -6.6  -8.6 
1969 -13.2 -14.5 -10.2  -7.0  -4.4  -0.3   7.3   4.9   4.8   1.7  -1.4  -3.8 
1970  -6.5 -13.0  -6.0  -6.7  -1.1   4.4  10.7   9.8   7.0   2.6  -2.2  -3.4 
1971  -7.3 -12.7  -8.2  -6.4  -1.6   1.0   6.8   6.9   5.5  -0.4  -3.6  -7.4 
1972  -5.6  -6.2  -5.5  -4.6  -1.9   5.6  12.0  10.9   5.8   2.1  -5.6  -2.2 
1973  -8.2  -9.0  -7.0  -2.4   0.5   5.8   9.9   9.2   4.6   0.6  -3.8  -8.4 
1974  -8.5 -11.6  -3.2  -4.2  -1.6   6.6  14.0  10.1   8.0   1.8  -4.7  -1.5 
1975  -6.6  -9.4  -3.1  -2.4   0.6   5.2  10.0   8.0   7.6   1.3  -1.0  -4.0 
1976 -11.8  -8.4  -7.1  -2.5  -1.2   3.4   7.9   9.5   5.0   0.0  -1.7  -2.9 
1977  -9.9 -13.4 -10.2  -3.3   0.5   6.0  10.6   8.5   5.0  -1.1  -1.5  -2.9 
1978  -7.0  -9.9  -9.8  -8.5  -2.1   0.8   5.6   6.6   4.5   0.7  -1.5 -11.3 
1979 -12.2 -14.2 -10.5 -11.4   0.2   2.2   7.5   7.4   6.5  -2.4  -2.0  -4.8 
1980  -9.4  -7.9  -8.1  -5.3  -1.4   6.0   5.9   6.4   5.3   2.3  -4.4  -6.1 
1981  -6.3  -8.3 -11.2  -7.3  -2.6   2.7   8.5   9.0   5.8   3.8  -1.2 -99.0 
1982 -13.6 -13.3  -9.4  -4.5  -0.1   1.7   8.7   6.7   6.3  -0.3  -0.9  -3.3 
1983  -6.0  -8.4  -6.4  -4.3  -0.5   5.3   9.8   7.1   6.0   2.2  -3.0  -5.7 
1984  -6.3  -3.9  -5.4  -5.3   0.9   6.2  10.2   8.4   5.8   0.0  -4.4  -4.2 
1985 -16.5 -14.8  -6.7  -6.0  -2.3   5.5   6.0   7.6   7.3   2.0  -1.8 -15.0 
1986 -10.0 -10.0  -3.8  -4.1  -2.2   4.5   6.7   7.8   3.8   1.5   0.7  -9.3 
1987 -11.7 -13.4  -7.9  -9.3  -0.2   3.8   7.3   6.4   5.8   4.8  -2.9  -7.9 
1988  -5.9  -9.7  -6.9  -7.2  -0.4   5.3   9.6  10.9   6.2   2.1  -4.6  -5.3 
1989  -8.9  -7.9  -3.2  -2.1   3.2   9.4  11.0  10.2   7.5   2.0  -1.3  -6.5 
1990 -12.7  -3.9  -5.9  -2.0  -0.2   5.2  11.6   9.2   5.0 -99.0  -3.3  -4.2 
1991 -10.7  -5.5  -9.8  -3.0  -0.2   5.7   7.1   7.9   5.9   5.3  -0.7  -4.7 
1992  -7.0  -5.3  -4.6  -8.6   1.2   4.7   8.2   7.1   7.4  -1.7  -4.9  -3.3 
1993  -5.6  -6.0  -6.1  -4.9  -0.4   7.1   8.9   9.0   4.4   0.8  -2.1  -5.8 
1994  -8.5 -11.0  -6.2  -2.5  -2.4   4.4   6.2   8.0   5.8   1.9  -4.2  -4.4 
1995 -99.0  -5.1  -5.1  -1.3   1.9   5.3   7.8   7.9   6.9 -99.0  -4.3  -5.4 
1996  -3.0  -8.2  -5.5  -4.4  -0.9   3.6   9.5   7.4 -99.0   2.5   0.7  -4.2 
1997  -8.5 -11.2  -7.5  -5.6  -0.4   3.0   5.2   6.7   7.1   0.4  -3.0  -7.1 
1998  -9.6 -18.1  -9.6  -9.0  -1.9   1.5   9.9   7.7   3.3  -0.2 -99.0  -7.4 
1999 -15.6 -12.8  -8.3  -5.9  -4.7   4.2   8.2 -99.0   5.8   4.2  -1.7  -4.4 
2000 -11.0  -7.9  -5.8  -2.6   0.2   6.5  12.1   9.3   5.4   4.7   0.7  -6.6 
2001  -7.5 -14.1 -12.1  -2.9  -0.8   6.0   9.8   9.4   8.0 -99.0  -2.7  -6.8 
2002  -9.9  -9.9  -8.2  -2.9  -0.7   3.6  11.4   6.7   4.7   1.5  -3.0  -5.8 
2003 -11.5  -7.7  -5.8  -3.9   0.8   1.9  10.6  10.9   6.8   3.0   0.3  -3.5 
2004  -5.0  -8.6  -8.3  -3.8   0.8   5.2  13.4   9.7   7.0   2.4  -1.5  -5.9 
2005  -5.6  -6.4  -9.3  -5.2   0.5   5.0   8.7  10.9   7.8   4.7   2.0  -3.4 
2006  -8.9  10.8  -7.3  -2.6   1.3   7.5   8.3   8.8   6.4   1.1  -3.1  -3.1 
2007  -4.4 -10.8  -2.6  -2.4  -0.3   5.2  10.0  10.5   7.8   5.9  -1.3 -99.0 
2008  -2.9  -6.3  -7.4  -4.6  -1.1   4.8   9.1   7.9   5.9 -99.0  -0.4  -0.9 
2009  -6.8  -9.7  -6.0  -3.3  -1.3   5.2   9.3   8.0   7.8   2.4  -1.6  -8.5 
2010 -99.0 -99.0  -9.4  -2.5   1.5   4.9   9.2 -99.0 -99.0   3.6  -1.9  -6.4 
2011  -9.8 -12.6  -5.0  -1.7   1.5 -99.0 -99.0 -99.0 -99.0 -99.0 -99.0 -99.0 
