Number= 222170
Name= KANDALAKSA
Lat=   67.1
Long=  -32.3
Height= 0
Start year= 1912
End year= 2010
First Good year= 1912
Source ID= 10
Source file= Jones
Jones data to= 1989
Normals source= Data
Normals source start year= 1961
Normals source end year= 1989
Normals= -13.8 -13.7  -8.0  -2.1   4.7  11.2  14.5  12.0   6.8   0.7  -5.8 -11.2 
Standard deviations source= Data
Standard deviations source start year= 1941
Standard deviations source end year= 1989
Standard deviations=   3.4   3.8   3.4   2.0   1.6   1.9   1.7   1.4   1.4   2.2   2.8   4.3 
Obs:
1912 -99.0 -99.0 -99.0 -99.0 -99.0 -99.0 -99.0 -99.0 -99.0  -2.5  -5.4  -9.6 
1913 -13.0 -13.3  -8.3  -0.2   2.8   8.7  14.2  12.2   7.3  -2.3  -5.6 -10.9 
1914 -14.7 -11.9 -10.3  -2.0   3.3  12.2  13.6  10.3   6.3   0.7  -5.4  -7.0 
1915 -14.1 -14.4 -13.5  -1.9   2.8   7.4  15.4  11.0   5.3  -0.2  -7.9 -19.4 
1916 -11.6  -9.8 -10.1  -3.4   0.8   9.0  16.0   9.8   4.9  -2.5  -1.6  -8.1 
1917 -14.5 -17.7 -13.2  -4.1   1.2  11.5  11.6  13.7   6.9   3.4  -5.4 -10.9 
1918 -18.8 -12.7  -6.1   0.8   1.8   9.9  13.4   8.6   7.1   3.3  -1.6  -7.2 
1919 -11.3 -16.9 -11.1  -3.6   3.7  12.6  16.1  12.5   8.4 -99.0  -7.9 -13.3 
1920 -14.8  -9.2  -2.2   1.1   7.1  11.6  15.7  13.1  10.0  -0.5  -2.6  -7.0 
1921 -15.3 -12.3  -5.8   2.7   7.1  12.7  12.7  13.3   8.5  -1.0  -7.1  -9.8 
1922 -11.8 -13.0  -8.7  -2.2   5.1  12.9  16.0  12.4   9.3   0.9  -6.2 -12.0 
1923  -6.9 -15.5  -6.3  -3.4   1.9   8.5  14.3 -99.0 -99.0   3.3  -3.7  -6.8 
1924 -13.5 -13.0  -9.5  -3.9   4.3   7.9  15.0  15.3   8.9   4.1  -4.1  -5.3 
1925  -5.2  -8.8 -11.7  -1.1   4.1   8.9  17.2  12.8   7.7  -0.9  -9.6 -11.7 
1926 -14.0 -13.7  -5.6  -3.3   2.5  10.1  12.5  11.7   7.0  -1.2  -3.4 -11.1 
1927 -15.4  -8.9  -7.8  -2.5   2.7  10.8  16.1  13.4   6.3  -2.4  -9.2 -10.5 
1928  -8.9  -9.3  -4.9  -1.6   3.4   8.9  12.9  11.7   6.4  -1.8  -7.7  -8.5 
1929 -13.7 -15.2  -9.7  -7.4   4.2   9.5  11.6  12.2   7.9   3.1  -1.2  -3.4 
1930  -5.3 -12.5  -9.6  -1.9   4.5  10.0  13.7  14.3   4.8   1.5  -3.0 -10.0 
1931 -13.5 -10.2  -8.5  -1.3   5.3   7.9  15.8 -99.0 -99.0   1.2  -1.8  -5.9 
1932  -7.2 -11.5  -9.0  -0.3   3.1   8.3  15.0  13.8   7.6   0.8  -2.8  -3.5 
1933  -9.8 -13.8 -10.5  -3.5   1.7  11.4  16.1  11.8   6.3   2.0  -5.4  -8.9 
1934  -5.8 -11.7  -8.4  -2.9   6.8   9.9  15.2  13.0  10.0   2.7  -2.5  -5.3 
1935 -10.6 -10.7  -7.2  -2.8   2.0  10.3  13.3  11.5   6.3   2.3  -0.2  -6.4 
1936 -13.5 -18.6  -8.8  -1.4   6.3  14.1  14.8  14.2   8.1   0.9  -0.8  -3.1 
1937  -7.3 -12.7  -7.1   1.4   5.9  13.8  15.3  15.6   7.7   3.3  -1.4 -10.1 
1938  -9.3  -4.5  -4.1  -0.1   5.5  10.9  18.2  14.0  10.4   3.4  -0.8  -3.3 
1939 -10.8  -9.6  -7.7  -3.1   3.8  11.0  14.4  14.0   5.0   0.3  -0.5  -9.4 
1940 -16.5 -16.3 -13.0  -2.9   5.7  12.1  14.3  14.1   9.4   2.1  -4.6  -9.3 
1941 -15.7 -13.7 -13.5  -4.0   2.5   8.4  17.2  12.6   6.2  -1.2  -5.1 -16.1 
1942 -14.8 -13.0 -12.8  -2.5   2.8  10.6  14.3  12.3   7.7   1.0  -5.4 -10.4 
1943 -13.0  -5.7  -4.1  -0.1   5.8  13.1  16.8  12.9   8.0   1.6  -0.6  -4.4 
1944  -7.6  -7.8  -6.3  -3.5   3.6   9.3  13.3  12.1   8.4   5.0  -0.3  -3.8 
1945 -11.3 -11.1  -9.4  -2.1   2.8   9.1  14.6  14.3   7.4  -1.7  -5.7 -14.5 
1946  -9.7 -15.0 -10.5  -1.9   3.9  11.0  16.1  12.7   9.4  -0.2  -4.9  -3.0 
1947 -10.1 -17.7 -12.1  -1.7   4.6  14.1  14.6  13.6   9.3   2.2  -3.0  -9.3 
1948 -15.0 -10.1  -6.9   1.1   6.5  12.4  14.0  10.8   8.5   2.3  -2.6  -6.4 
1949  -7.3  -6.3  -8.4  -0.3   5.6   8.5  12.3  11.5   9.6   1.1  -1.4  -5.9 
1950 -14.0 -11.1  -6.1   1.9   4.8  11.1  12.2  13.3   8.2   4.1  -2.8  -5.5 
1951 -14.1 -10.8  -7.6   1.0   2.7   9.2  12.7  15.6   8.0   4.3  -6.0  -7.5 
1952  -8.1  -7.6 -11.6  -1.2   2.5  12.0  15.5  10.0   6.8  -0.5  -5.3 -10.1 
1953 -11.3 -16.6  -5.9   1.0   4.1  14.9  13.6  13.6   5.3   2.4  -1.5  -2.8 
1954  -9.0 -12.9  -4.4  -0.6   6.4  10.9  17.0  12.8   8.4   0.9  -4.7  -1.9 
1955 -11.3 -15.1 -12.5  -3.4   3.2   8.7  13.6  13.4   7.8   1.7  -8.7 -17.2 
1956 -12.6 -17.7  -6.9  -5.9   5.6  12.7  12.9  10.7   5.8  -0.4  -9.4  -6.6 
1957  -9.2  -8.6 -10.3  -1.1   4.9   9.3  16.6  14.5   8.1   2.5  -2.6 -10.4 
1958 -15.8 -11.0  -9.8  -3.7   1.6  10.6  12.6  13.2   6.7   1.5  -1.2 -14.8 
1959 -12.3  -7.6  -2.5  -4.4   5.8  13.4  14.3  13.8   5.8   0.3  -3.2 -11.6 
1960 -15.5 -14.6  -5.9   0.9   6.9  11.0  18.0  13.7   7.9  -3.5  -8.3  -8.5 
1961  -9.4 -10.1  -5.4  -4.7   2.7  13.8  16.4  13.0   7.2   6.3  -3.5 -12.8 
1962 -11.8 -10.2 -14.1   1.0   5.1   9.1  12.4  10.4   6.9   1.0  -1.1 -12.8 
1963 -14.0 -16.4 -13.9  -0.5   9.1   9.1  13.3  12.2   9.1   2.1  -5.3 -12.2 
1964  -7.8 -14.7  -9.1  -2.6   5.1  10.7  15.8  13.2   6.4   3.0  -7.4  -9.3 
1965 -11.0 -14.2  -9.3  -1.4   2.6  10.9  12.7  11.6   8.1   0.4  -8.4 -11.3 
1966 -18.5 -21.3 -16.2  -5.3   3.8  10.9  14.0  11.6   4.4  -2.4  -2.9  -9.0 
1967 -15.4  -9.5  -1.9   0.6   4.5  10.7  14.8  15.6   8.7   1.9  -0.1 -15.6 
1968 -21.1 -14.7  -8.1  -3.6   2.8  11.8  11.1  10.8   4.6  -4.0  -5.6  -6.4 
1969 -16.1 -19.1 -10.0  -3.1   2.1   8.8  13.4  11.6   6.1   1.6  -4.8 -11.6 
1970 -12.3 -19.0  -5.4  -4.6   3.9  13.9  16.0  13.5   7.7   1.5  -6.3  -9.3 
1971 -12.1 -15.4 -11.9  -4.9   3.0   9.1  13.4  12.3   5.5  -1.1 -10.1 -11.2 
1972 -12.0 -11.9  -7.1  -1.6   3.8  13.2  18.0  14.5   6.6   1.3  -7.5  -3.0 
1973 -10.3 -12.0  -7.7  -0.9   5.0  12.9  17.5  11.3   4.2  -2.4  -9.3 -14.3 
1974 -10.4  -8.3  -4.7  -1.0   3.2  13.5  16.7  13.5   9.9   1.5  -5.8  -2.6 
1975 -10.8  -9.3  -2.7  -1.2   6.3  10.2  13.5  10.6   8.1   0.4  -3.7 -10.2 
1976 -16.2 -12.5  -9.8  -1.1   5.4   9.0  13.7  12.5   4.4  -2.2  -7.0  -8.6 
1977 -12.3 -13.3  -8.2  -1.4   4.9  10.7  14.9  11.7   5.9  -1.4  -3.1  -9.5 
1978 -14.1 -16.2  -7.3  -3.4   4.1  10.1  13.3  11.0   6.6  -0.3  -7.7 -18.0 
1979 -16.9 -14.7  -7.1  -6.1   5.8  11.1  15.1  12.5   7.8  -1.3  -5.0  -7.6 
1980 -13.7 -16.7 -10.5  -1.1   4.2  14.2  14.0  11.2   7.1   0.1 -10.0 -13.3 
1981 -11.0 -17.1 -12.0  -1.9   4.8   9.3  14.5  12.2   6.7   2.6  -4.7 -14.5 
1982 -18.8  -8.6  -5.9  -0.5   4.8   7.1  14.6  11.0   7.0   0.1  -3.2  -7.2 
1983 -10.3 -12.5  -7.2   1.0   5.2  10.5  15.6  10.8   8.0   1.3 -10.6 -13.7 
1984 -12.2  -7.9  -8.7  -0.4   9.0  12.5  13.6  11.1   6.3   0.3  -7.8  -6.6 
1985 -23.2 -20.5  -6.1  -4.3   2.5  11.5  14.3  13.1   8.0   1.6  -4.7 -18.0 
1986 -16.1 -14.7  -3.0  -1.9   4.2  13.5  13.7  10.5   4.9   2.1  -1.6 -16.2 
1987 -17.8 -15.5  -9.8  -2.4   4.8  10.6  12.4   9.4   7.1   6.0  -8.1 -13.9 
1988 -13.4 -11.4  -8.4  -3.5   5.1  12.8  16.8  12.9   7.8   1.4 -10.0 -14.3 
1989  -9.8  -8.8  -1.2   1.1   7.2  13.8  14.5  12.7   7.5  -0.3  -4.0 -11.3 
1990 -99.0 -99.0 -99.0 -99.0 -99.0 -99.0 -99.0 -99.0 -99.0 -99.0 -99.0 -99.0 
1991 -99.0 -99.0 -99.0 -99.0 -99.0 -99.0 -99.0 -99.0 -99.0 -99.0 -99.0 -99.0 
1992 -99.0 -99.0 -99.0 -99.0 -99.0 -99.0 -99.0 -99.0 -99.0 -99.0 -99.0 -99.0 
1993 -99.0 -99.0 -99.0 -99.0 -99.0 -99.0 -99.0 -99.0 -99.0 -99.0 -99.0 -99.0 
1994 -99.0 -99.0 -99.0 -99.0 -99.0 -99.0 -99.0 -99.0 -99.0 -99.0 -99.0 -99.0 
1995 -99.0 -99.0 -99.0 -99.0 -99.0 -99.0 -99.0 -99.0 -99.0 -99.0 -99.0 -99.0 
1996 -99.0 -99.0 -99.0 -99.0 -99.0 -99.0 -99.0 -99.0 -99.0 -99.0 -99.0 -99.0 
1997 -99.0 -99.0 -99.0 -99.0 -99.0 -99.0 -99.0 -99.0 -99.0 -99.0 -99.0 -99.0 
1998 -99.0 -99.0 -99.0 -99.0 -99.0 -99.0 -99.0 -99.0 -99.0 -99.0 -99.0 -99.0 
1999 -99.0 -99.0 -99.0 -99.0 -99.0 -99.0 -99.0 -99.0 -99.0 -99.0 -99.0 -99.0 
2000 -99.0 -99.0 -99.0 -99.0 -99.0 -99.0 -99.0 -99.0 -99.0 -99.0 -99.0 -99.0 
2001 -99.0 -99.0 -99.0 -99.0 -99.0 -99.0 -99.0 -99.0 -99.0 -99.0 -99.0 -99.0 
2002 -99.0 -99.0 -99.0 -99.0 -99.0 -99.0 -99.0 -99.0 -99.0 -99.0 -99.0 -99.0 
2003 -99.0 -99.0 -99.0 -99.0 -99.0 -99.0 -99.0 -99.0 -99.0 -99.0 -99.0 -99.0 
2004 -99.0 -99.0 -99.0 -99.0 -99.0 -99.0 -99.0 -99.0 -99.0 -99.0 -99.0 -99.0 
2005 -99.0 -99.0 -99.0 -99.0 -99.0 -99.0 -99.0 -99.0 -99.0 -99.0 -99.0 -99.0 
2006 -99.0 -99.0 -99.0 -99.0 -99.0 -99.0 -99.0 -99.0 -99.0 -99.0 -99.0 -99.0 
2007 -99.0 -99.0 -99.0 -99.0 -99.0 -99.0 -99.0 -99.0 -99.0 -99.0 -99.0 -99.0 
2008 -99.0 -99.0 -99.0 -99.0 -99.0 -99.0 -99.0 -99.0 -99.0 -99.0 -99.0 -99.0 
2009 -99.0 -99.0 -99.0 -99.0 -99.0 -99.0 -99.0 -99.0 -99.0 -99.0 -99.0 -99.0 
2010 -99.0 -99.0 -99.0 -99.0 -99.0  10.8  16.3  12.0   8.2   3.2  -7.0 -12.8 
