Number= 226020
Name= REBOLY
Country= RUSSIAN FEDER
Lat=   63.8
Long=  -30.8
Height= 179
Start year= 1910
End year= 2009
First Good year= 1910
Source ID= 10
Source file= Jones+Anders
Jones data to= 2001
Normals source= Data
Normals source start year= 1961
Normals source end year= 1990
Normals= -12.8 -11.6  -6.6  -0.4   6.9  13.2  15.8  13.2   7.8   2.1  -4.3  -9.8 
Standard deviations source= Data
Standard deviations source start year= 1941
Standard deviations source end year= 1990
Standard deviations=   4.6   4.5   3.4   1.8   2.1   2.0   1.6   1.5   1.6   1.9   2.7   4.2 
Obs:
1910 -99.0 -99.0 -99.0 -99.0 -99.0 -99.0 -99.0 -99.0 -99.0   4.4 -99.0 -99.0 
1911 -99.0 -99.0 -99.0 -99.0 -99.0 -99.0 -99.0 -99.0 -99.0 -99.0 -99.0 -99.0 
1912 -99.0 -99.0 -99.0 -99.0 -99.0 -99.0 -99.0 -99.0 -99.0 -99.0 -99.0 -99.0 
1913 -99.0 -99.0 -99.0 -99.0 -99.0 -99.0 -99.0 -99.0 -99.0 -99.0 -99.0 -99.0 
1914 -99.0 -99.0 -99.0 -99.0 -99.0 -99.0 -99.0 -99.0 -99.0 -99.0 -99.0 -99.0 
1915 -99.0 -99.0 -99.0 -99.0 -99.0 -99.0 -99.0 -99.0 -99.0 -99.0 -99.0 -99.0 
1916 -99.0 -99.0 -99.0 -99.0 -99.0 -99.0 -99.0 -99.0 -99.0 -99.0 -99.0 -99.0 
1917 -99.0 -99.0 -99.0 -99.0 -99.0 -99.0 -99.0 -99.0 -99.0 -99.0 -99.0 -99.0 
1918 -99.0 -99.0 -99.0 -99.0 -99.0 -99.0 -99.0 -99.0 -99.0 -99.0 -99.0 -99.0 
1919 -99.0 -99.0 -99.0 -99.0 -99.0 -99.0 -99.0 -99.0 -99.0 -99.0 -99.0 -99.0 
1920 -99.0 -99.0 -99.0 -99.0 -99.0 -99.0 -99.0 -99.0 -99.0 -99.0 -99.0 -99.0 
1921 -99.0 -99.0 -99.0 -99.0 -99.0 -99.0 -99.0 -99.0 -99.0 -99.0 -99.0 -99.0 
1922 -99.0 -99.0 -99.0 -99.0 -99.0 -99.0 -99.0 -99.0 -99.0 -99.0 -99.0 -99.0 
1923 -99.0 -99.0 -99.0 -99.0 -99.0 -99.0 -99.0 -99.0 -99.0 -99.0 -99.0 -99.0 
1924 -99.0 -99.0 -99.0 -99.0 -99.0 -99.0 -99.0 -99.0 -99.0 -99.0 -99.0 -99.0 
1925 -99.0 -99.0 -99.0 -99.0 -99.0 -99.0 -99.0 -99.0 -99.0 -99.0 -99.0 -99.0 
1926 -99.0 -99.0 -99.0 -99.0 -99.0 -99.0 -99.0 -99.0 -99.0 -99.0 -99.0 -99.0 
1927 -99.0 -99.0 -99.0 -99.0 -99.0 -99.0 -99.0 -99.0 -99.0 -99.0 -99.0 -99.0 
1928 -99.0 -99.0 -99.0 -99.0 -99.0 -99.0 -99.0 -99.0 -99.0 -99.0 -99.0 -99.0 
1929 -99.0 -99.0 -99.0 -99.0 -99.0 -99.0 -99.0 -99.0 -99.0 -99.0 -99.0 -99.0 
1930 -99.0 -99.0 -99.0 -99.0 -99.0 -99.0 -99.0 -99.0 -99.0 -99.0 -99.0 -99.0 
1931 -99.0 -99.0 -99.0 -99.0 -99.0 -99.0 -99.0 -99.0 -99.0 -99.0 -99.0 -99.0 
1932 -99.0 -99.0 -99.0 -99.0 -99.0 -99.0 -99.0 -99.0 -99.0 -99.0 -99.0 -99.0 
1933 -99.0 -99.0 -99.0 -99.0 -99.0 -99.0 -99.0 -99.0 -99.0 -99.0 -99.0 -99.0 
1934 -99.0 -99.0 -99.0 -99.0 -99.0 -99.0 -99.0 -99.0 -99.0 -99.0 -99.0 -99.0 
1935 -99.0 -99.0 -99.0 -99.0 -99.0 -99.0 -99.0 -99.0 -99.0 -99.0 -99.0 -99.0 
1936 -99.0 -99.0 -99.0 -99.0   8.9  16.6  17.7  14.8   8.5  -0.2  -0.7  -2.4 
1937 -10.1 -12.5 -99.0 -99.0 -99.0  15.5 -99.0 -99.0 -99.0   3.9  -0.4 -11.7 
1938  -9.8  -5.4  -4.1  -1.1   5.6  13.0  19.5  16.1  11.4   4.1   0.9  -6.3 
1939 -12.5  -8.0  -5.7  -2.9   4.9  13.5  16.1  16.4   6.0  -0.4  -1.3  -9.2 
1940 -17.5 -99.0 -99.0  -2.1   8.5  12.8  16.3  14.3   9.3   2.0  -2.8 -10.3 
1941 -18.5 -13.0 -11.5  -3.5   3.2 -99.0 -99.0 -99.0 -99.0 -99.0 -99.0 -99.0 
1942 -99.0 -99.0 -99.0 -99.0 -99.0 -99.0 -99.0 -99.0 -99.0 -99.0 -99.0 -99.0 
1943 -99.0 -99.0 -99.0 -99.0 -99.0 -99.0 -99.0 -99.0 -99.0 -99.0 -99.0 -99.0 
1944 -99.0 -99.0 -99.0 -99.0 -99.0 -99.0 -99.0 -99.0 -99.0 -99.0 -99.0 -99.0 
1945 -99.0 -99.0 -99.0 -99.0 -99.0 -99.0 -99.0  16.7   7.5  -0.6  -4.7 -15.2 
1946 -10.7 -14.8  -9.4  -0.3   6.9  14.7  16.9  14.0   9.6  -0.3  -5.6  -3.7 
1947 -12.0 -17.9 -12.3   0.0   7.0  15.9  16.8  14.9  11.0   1.6  -3.9  -9.4 
1948 -13.3 -11.4  -6.5   2.4   9.5  15.5  14.6  12.4   9.2   2.8  -2.5  -6.0 
1949  -6.3  -6.3  -6.7   1.7   9.8 -99.0  14.4 -99.0 -99.0 -99.0  -2.5  -6.1 
1950 -16.5  -9.8  -6.0   3.1   6.9  13.1  13.8  13.8   9.3   3.9  -2.4  -6.4 
1951 -13.2 -10.7  -9.4   1.7   3.5  12.1  14.2  16.7   9.2   4.4  -5.1  -4.8 
1952  -6.3  -7.5 -11.4   0.3   3.6  12.6  15.6  12.2   6.4  -1.2  -4.2  -7.4 
1953 -11.9 -17.0  -4.4   2.0   6.3  16.3  14.3  14.3   6.2   3.2  -1.3  -3.6 
1954 -10.1 -14.8  -4.1  -1.0   8.0  12.3  17.8  13.9   9.1   1.9  -3.8  -3.0 
1955 -12.2 -15.8 -11.5  -3.9   3.3  10.2  15.8  16.0  10.4   2.4  -7.3 -20.3 
1956 -13.1 -18.4  -7.3  -3.9   6.8  15.1  13.8  11.4   6.2   0.7  -9.9  -6.6 
1957  -6.7  -7.2 -12.3  -0.6   6.5  10.3  17.9  14.3   7.8   2.7  -3.2  -7.0 
1958 -14.4 -11.8 -11.3  -2.1   4.5  12.0  14.0  14.2   7.5   2.7  -0.6 -14.2 
1959 -11.0  -6.4  -2.7  -0.8   6.5  14.6  16.3  15.4   5.8   0.9  -3.8 -13.3 
1960 -13.6 -14.4  -6.7   0.8   9.4  13.9  19.5  14.8   7.5  -1.6  -4.7  -6.0 
1961  -8.0  -5.0  -4.1  -2.8   5.2  15.5  17.0  13.6   7.4   6.9  -1.9 -11.0 
1962  -8.4  -9.5 -12.9   2.2   6.7  10.4  13.2  11.2   7.6   3.3  -0.7 -12.6 
1963 -16.1 -14.9 -14.7   0.4  11.1  11.6  15.4  14.6  11.1   3.3  -2.8  -9.8 
1964  -6.8 -12.6  -9.7  -0.8   7.2  12.4  16.2  13.3   7.4   4.7  -5.9  -7.8 
1965  -8.5 -12.6  -7.6  -0.3   3.7  13.4  13.7  12.6  10.2   1.9  -8.6  -8.3 
1966 -22.4 -21.4 -11.2  -3.3   7.0  14.6  16.0  12.5   5.7   0.9  -0.8 -10.8 
1967 -16.3  -9.8  -1.4   1.3   6.0  12.3  15.4  16.3   9.7   4.2   0.8 -15.6 
1968 -22.7 -11.4  -4.7  -0.6   4.7  14.6  13.2  13.8   6.5  -2.1  -5.0  -5.8 
1969 -18.3 -16.4  -9.4  -1.0   4.5  12.3  15.1  14.7   6.9   2.6  -2.6 -11.6 
1970 -13.6 -16.9  -4.2  -1.3   5.3  15.5  17.0  14.0   8.2   1.6  -6.0  -8.9 
1971  -6.9 -13.1  -9.8  -2.5   5.2  11.8  15.1  13.5   6.5   0.5  -7.0  -9.8 
1972 -13.2  -9.8  -6.5  -0.2   5.7  15.6  19.8  15.7   7.8   1.9  -4.8  -0.9 
1973  -8.3 -10.4  -5.7   0.6   7.7  15.0  19.0  12.9   4.8  -1.1  -7.9 -12.9 
1974 -11.5  -3.8  -4.4  -1.0   3.3  14.5  17.0  13.7  10.8   2.9  -3.0  -2.3 
1975  -7.2  -2.9  -2.2   0.8   9.6  12.4  16.0  12.2  10.1   1.5  -2.6  -7.4 
1976 -16.2 -13.2  -9.2   0.0   8.0   9.1  14.0  12.9   5.5  -2.3  -4.2  -7.2 
1977 -10.2 -12.3  -5.4   0.0   7.2  13.1  15.5  12.5   6.5   0.1  -2.4 -10.2 
1978 -12.1 -18.6  -5.8  -2.2   6.8  12.1  14.7  11.6   7.0   0.5  -5.8 -19.1 
1979 -13.7 -13.6  -4.6  -2.8   8.7  13.8  15.2  14.2   7.6  -0.2  -2.1  -7.7 
1980 -13.1 -13.1  -9.5   0.6   5.1  17.0  15.4  12.9   8.0   2.0  -9.4 -10.5 
1981  -7.5 -11.9 -11.1  -1.7   8.2  11.9  16.9  12.5   7.9   4.2  -3.0 -10.7 
1982 -18.6  -9.2  -3.5   0.5   6.9   8.8  16.5  13.0   7.8   1.5   0.4  -5.0 
1983  -7.2 -12.7  -5.8   1.7   8.7  12.2  17.1  12.5   9.7   2.6  -8.6  -9.4 
1984 -10.0  -8.2  -7.7   2.1  11.7  13.4  15.6  12.2   7.7   3.1  -3.3  -7.9 
1985 -23.9 -20.4  -5.0  -2.3   4.7  12.3  14.8  14.7   8.6   3.4  -5.4 -14.8 
1986 -15.0 -15.5  -2.3  -0.6   7.2  16.4  16.3  10.9   5.0   2.9   0.6 -15.3 
1987 -20.3 -12.9  -9.0  -0.9   6.2  12.7  13.6  10.6   7.2   5.2  -7.6 -12.5 
1988  -9.8  -9.9  -5.1  -2.4   7.9  14.7  18.5  13.4   9.1   2.3  -8.4 -11.8 
1989  -5.9  -4.1  -0.9   2.3   9.2  15.9  15.9  13.6   9.0   1.6  -2.8 -10.6 
1990 -13.0  -1.1  -3.4   2.4   6.3  11.5  14.6  13.7   6.2   1.7  -7.8  -5.4 
1991 -11.9 -12.8  -7.4  -0.8   5.4  12.3  15.8  14.4   6.6   3.8   0.4  -6.5 
1992  -7.9  -5.9  -5.0  -3.2   8.8  14.1  14.0  13.0  11.0  -4.2  -8.0  -2.8 
1993  -8.6  -7.5  -4.0  -1.2   8.7   9.7  16.0  12.5   4.1  -0.8  -8.8  -9.1 
1994 -11.7 -17.0  -5.7   2.4   5.2  12.8  17.1  13.2   8.0   2.5  -5.4  -5.2 
1995  -6.5  -5.4  -2.6   0.6   6.7  15.0  13.8  13.2   8.4   4.2  -7.6 -12.9 
1996  -8.5 -14.5  -6.5  -0.3   5.0  12.2  13.8  15.9   6.9   3.3   0.6  -8.8 
1997 -11.6  -7.9  -5.1  -2.4   5.0  14.2  17.4  15.1   8.4  -0.1  -4.9  -9.5 
1998  -7.7 -16.9  -8.9  -3.1   6.6  12.4  16.3  12.0   8.9   3.3  -6.0  -8.4 
1999 -14.9 -11.1  -5.4   2.9   4.0  17.6  16.4  12.1   9.7   4.3  -3.3  -7.7 
2000  -8.5  -8.0  -3.8   2.1   7.9  13.6  16.8  13.2   7.8   5.6  -0.7  -4.9 
2001  -4.0 -12.9  -9.1   3.2   6.0  14.3  18.3  13.3   9.9   2.4  -6.0 -12.7 
2002 -10.7  -5.3 -99.0   1.8   9.0  15.0  18.1  14.8   7.8  -1.9  -7.9 -99.0 
2003 -18.1  -7.6  -3.4  -1.0   9.0  10.1  19.6  14.0   9.4   2.2  -1.4  -5.9 
2004 -11.7 -10.8  -4.2   0.4   6.5  12.3  16.7 -99.0 -99.0 -99.0 -99.0 -99.0 
2005 -99.0 -99.0 -99.0 -99.0 -99.0 -99.0 -99.0 -99.0 -99.0 -99.0 -99.0 -99.0 
2006 -99.0 -99.0 -99.0 -99.0 -99.0 -99.0 -99.0 -99.0 -99.0 -99.0 -99.0 -99.0 
2007 -99.0 -99.0 -99.0 -99.0 -99.0 -99.0 -99.0 -99.0 -99.0 -99.0 -99.0 -99.0 
2008 -99.0 -99.0 -99.0 -99.0 -99.0 -99.0 -99.0 -99.0 -99.0 -99.0 -99.0 -99.0 
2009 -10.1 -99.0 -99.0 -99.0 -99.0 -99.0 -99.0 -99.0 -99.0 -99.0 -99.0 -99.0 
