Number= 228200
Name= PETROZAVODSK
Country= USSR
Lat=   61.8
Long=  -34.3
Height= 40
Start year= 1936
End year= 2011
First Good year= 1936
Source ID= 10
Source file= Jones+Anders
Jones data to= 1989
Normals source= Data
Normals source start year= 1961
Normals source end year= 1989
Normals= -11.6 -10.3  -4.5   1.4   8.5  13.6  16.1  14.1   9.0   3.3  -2.5  -7.8 
Standard deviations source= Data
Standard deviations source start year= 1941
Standard deviations source end year= 1989
Standard deviations=   4.5   4.2   3.1   1.8   2.1   1.9   1.7   1.4   1.8   1.7   2.1   3.9 
Obs:
1936  -7.4 -14.7  -3.4   1.5   9.8  16.7  18.2  15.3  10.0   1.1   0.6  -1.0 
1937  -7.8 -10.0  -3.5   3.7   8.1  16.2  16.8  16.6  11.7   5.7   0.6 -11.5 
1938 -10.8  -5.1  -1.6   1.2   7.8  13.6  19.7  17.7  13.1   4.8   2.1  -7.0 
1939  -9.8  -6.3  -4.9  -0.5   6.3  14.3  16.6  16.7   6.8   1.4  -0.2  -8.1 
1940 -17.7 -16.1  -9.6   0.2   8.7  13.0  17.4  15.3  10.9   2.8  -0.9  -8.4 
1941 -16.0 -11.3  -9.9  -1.5   3.7   9.9  18.6  14.7 -99.0 -99.0 -99.0 -99.0 
1942 -99.0 -99.0 -99.0 -99.0 -99.0 -99.0 -99.0 -99.0 -99.0 -99.0 -99.0 -99.0 
1943 -99.0 -99.0 -99.0 -99.0 -99.0 -99.0 -99.0 -99.0 -99.0 -99.0 -99.0 -99.0 
1944 -99.0 -99.0 -99.0 -99.0 -99.0 -99.0 -99.0  15.0  11.0 -99.0  -1.1  -4.2 
1945  -8.8  -7.3  -7.9   0.5   4.6  11.8  16.4  16.5   8.2   1.1  -3.0 -12.7 
1946  -8.8 -13.0  -6.9   1.8   6.9  15.0  17.9  15.3  10.4   1.4  -2.1  -3.8 
1947 -10.0 -18.0  -9.3   2.5   7.1  15.6  16.0  14.1  11.8   3.3  -2.3  -6.8 
1948 -10.5 -11.0  -5.5   3.8 -99.0 -99.0  14.9  13.8 -99.0   3.9  -0.6  -2.6 
1949  -4.2  -5.2  -4.6   3.0  10.7  12.4  14.4  13.6  12.0   2.9  -1.6  -4.5 
1950 -16.3 -99.0 -99.0   7.0   8.1  13.2  13.8  13.9  10.2   4.2  -1.2  -5.4 
1951 -10.6  -9.7  -7.0   4.4   4.6  12.9  14.4  17.0  10.3   4.0  -4.0  -3.0 
1952  -5.2  -6.6 -10.7   2.6   4.5  13.0  16.2  13.2   7.8   0.4  -3.6  -5.8 
1953 -10.1 -15.8  -3.3   3.6   7.6  16.0  15.5  14.7   7.0   3.9  -1.4  -4.1 
1954 -10.4 -12.6  -3.2   0.3   8.2  14.3  18.1  14.4  10.0   3.6  -2.9  -2.9 
1955  -9.0 -12.0  -9.0  -1.5   5.2  11.4  15.5  16.4  12.0   4.4  -5.7 -19.2 
1956 -12.0 -17.3  -4.7  -1.8   7.6  15.6  12.4  11.9   6.9   2.0  -7.1  -4.4 
1957  -5.8  -4.4 -10.5   1.0   8.8  11.8  17.3  15.0   9.0   3.7  -1.9  -4.2 
1958 -11.6 -10.0  -9.7   0.5   5.9  12.0  14.6  13.2   7.5   3.8   0.2 -12.2 
1959  -8.1  -4.9  -0.8   1.8   7.6  15.1  16.6  16.2   6.4   1.1  -2.8 -10.9 
1960 -13.6 -12.6  -5.7   2.4   9.2  14.5  19.4  14.6   8.0  -0.2  -4.0  -3.5 
1961  -6.1  -2.7  -2.2  -0.2   7.7  16.6  16.5  14.0   7.8   6.9  -1.6  -7.8 
1962  -5.9  -7.9  -8.6   3.8   8.3  10.5  14.2  12.0   8.5   4.4   0.4  -9.0 
1963 -15.4 -13.3 -12.1   1.9  12.2  11.4  16.0  15.4  12.3   3.8  -1.5  -8.4 
1964  -6.8 -10.8  -7.2   1.4   8.4  13.9  16.1  13.8   8.7   5.5  -4.4  -5.9 
1965  -9.7 -12.6  -5.0   1.2   4.7  14.8  14.2  13.5  11.2   3.0  -6.9  -4.8 
1966 -19.7 -19.6  -7.6  -1.4   8.9  14.8  16.3  13.3   6.5   2.9  -0.2 -10.7 
1967 -14.4  -8.8   0.4   2.7   8.4  12.4  16.0  16.7  10.5   6.0   1.3 -12.4 
1968 -20.3  -8.4  -2.3   0.7   6.8  15.5  12.5  14.6   7.8   0.0  -3.9  -5.7 
1969 -16.8 -14.6  -7.3   0.9   5.6  11.4  14.8  14.3   8.3   3.5  -1.4  -7.8 
1970 -12.0 -12.7  -3.0   1.1   7.6  14.4  17.1  14.6   9.5   2.9  -4.6  -7.1 
1971  -4.4 -12.2  -7.0  -0.4   7.1  11.7  15.0  14.6   7.7   1.5  -3.7  -7.3 
1972 -13.8  -7.2  -5.1   1.2   6.6  15.7  20.1  17.8   8.8   3.1  -3.0  -0.1 
1973  -8.6  -7.7  -3.9   3.2   9.5  15.6  17.8  14.3   5.4   0.3  -5.1 -10.3 
1974 -11.6  -1.8  -2.2   0.7   4.5  15.1  18.1  15.0  12.1   5.2  -1.0  -1.9 
1975  -5.5  -8.2  -0.2   3.0  11.5  12.9  16.5  13.1  12.2   2.2  -2.5  -5.7 
1976 -15.1 -11.4  -6.4   1.5   8.7  10.5  14.2  11.9   7.5  -1.0  -2.5  -5.6 
1977 -10.8 -10.3  -4.4   1.8   8.9  13.4  16.2  13.9   7.6   1.5  -0.6  -9.1 
1978 -11.0 -16.0  -3.6  -0.4   7.7  11.8  14.5  12.5   7.5   1.9  -0.6 -17.5 
1979 -13.3 -12.3  -3.5  -1.6  11.8  13.8  15.7  15.1   8.9   2.0  -0.8  -6.5 
1980 -11.6  -9.2  -7.7   2.1   5.9  16.7  14.9  13.3   9.1   3.3  -5.4  -7.0 
1981  -6.8 -10.0  -8.2  -0.2  10.1  14.2  18.0  14.4   9.4   6.2  -2.3  -7.5 
1982 -15.9  -7.9  -2.5   2.3   8.8   9.9  16.5  13.5   9.6   2.7   1.3  -3.2 
1983  -5.9 -10.1  -3.7   4.3  10.1  13.0  17.0  13.8  10.8   3.9  -4.3  -5.8 
1984  -7.3  -8.0  -5.4   3.6  11.4  12.8  16.2  13.3   8.9   4.0  -3.0  -8.6 
1985 -19.5 -19.5  -2.9  -0.2   7.4  11.9  14.7  16.9   9.4   4.5  -3.9 -10.3 
1986 -12.2 -14.8  -0.8   2.5   8.5  15.2  16.6  13.0   6.7   3.6   1.4 -13.4 
1987 -22.2  -9.4  -6.8   0.9   7.7  13.9  14.8  11.8   8.4   5.6  -5.6 -10.0 
1988  -8.9  -8.1  -3.1   0.0   9.6  15.4  19.3  14.6  10.1   4.1  -6.9  -9.8 
1989  -4.6  -2.6   0.5   3.6  10.7  16.6  17.2  14.8  11.1   3.1  -2.0  -7.9 
1990 -99.0 -99.0 -99.0 -99.0 -99.0 -99.0 -99.0 -99.0 -99.0 -99.0 -99.0 -99.0 
1991 -99.0 -99.0 -99.0 -99.0 -99.0 -99.0 -99.0 -99.0 -99.0 -99.0 -99.0 -99.0 
1992 -99.0 -99.0 -99.0 -99.0 -99.0 -99.0 -99.0 -99.0 -99.0  -1.1  -5.6 -99.0 
1993  -6.1 -99.0  -3.5 -99.0 -99.0 -99.0 -99.0 -99.0 -99.0 -99.0 -99.0 -99.0 
1994 -99.0 -99.0 -99.0 -99.0 -99.0 -99.0 -99.0 -99.0 -99.0 -99.0 -99.0 -99.0 
1995 -99.0 -99.0 -99.0   2.7 -99.0 -99.0 -99.0 -99.0 -99.0 -99.0 -99.0 -99.0 
1996 -99.0 -99.0 -99.0 -99.0 -99.0 -99.0 -99.0 -99.0 -99.0 -99.0 -99.0 -99.0 
1997 -99.0 -99.0 -99.0 -99.0 -99.0 -99.0 -99.0 -99.0 -99.0 -99.0 -99.0 -99.0 
1998 -99.0 -99.0 -99.0 -99.0 -99.0 -99.0 -99.0 -99.0 -99.0 -99.0 -99.0 -99.0 
1999 -99.0 -99.0 -99.0 -99.0 -99.0 -99.0 -99.0 -99.0 -99.0 -99.0 -99.0 -99.0 
2000 -99.0 -99.0 -99.0 -99.0 -99.0 -99.0 -99.0 -99.0 -99.0 -99.0 -99.0 -99.0 
2001 -99.0 -99.0 -99.0 -99.0 -99.0 -99.0 -99.0 -99.0 -99.0 -99.0 -99.0 -99.0 
2002 -99.0 -99.0 -99.0 -99.0 -99.0 -99.0 -99.0 -99.0 -99.0 -99.0 -99.0 -99.0 
2003 -99.0 -99.0 -99.0 -99.0 -99.0 -99.0 -99.0 -99.0 -99.0 -99.0 -99.0 -99.0 
2004 -99.0 -99.0 -99.0 -99.0 -99.0 -99.0 -99.0  14.9  11.0   3.7  -3.1  -4.5 
2005  -4.6  -9.4  -8.1 -99.0   8.9  14.1  17.8  16.2  11.6   5.9   2.4  -6.2 
2006  -9.8 -15.2  -9.6   2.5   9.5  16.3  16.1  15.7  11.4   4.8  -1.6   0.3 
2007  -6.1 -15.5   2.1   3.1   9.4  12.9 -99.0  16.3  10.0   5.3  -3.3  -1.5 
2008  -4.6  -3.8  -3.0   2.8   7.2  12.3  16.0  13.2   8.1   6.5   0.7  -2.6 
2009  -8.2  -7.6  -4.1  -1.4  10.5  12.9  16.3  14.6  11.9   1.9  -0.3  -9.2 
2010 -15.2 -12.1  -5.4   3.8  11.4  13.2  22.3  17.2  10.2   3.6  -3.6 -14.2 
2011 -10.3 -14.5  -3.8   4.2   9.2 -99.0 -99.0 -99.0 -99.0 -99.0 -99.0 -99.0 
