Number= 400160
Name= HASSAKAH
Country= SYRIA
Lat=   36.5
Long=  -40.8
Height= 300
Start year= 1957
End year= 2007
First Good year= 1957
Source ID= 31
Source file= Jones+Anders
Jones data to= 1998
Normals source= Data
Normals source start year= 1961
Normals source end year= 1990
Normals=   5.5   7.6  11.6  17.5  22.8  27.8  31.1  30.0  25.5  19.4  12.2   7.1 
Standard deviations source= Data
Standard deviations source start year= 1957
Standard deviations source end year= 1990
Standard deviations=   1.9   2.1   1.7   1.8   1.2   1.0   1.0   1.2   1.1   1.6   2.0   1.6 
Obs:
1957   3.8   8.5  12.0  18.0  22.8  26.3  30.5  31.5  26.5  19.3  13.8   6.0 
1958   7.7   8.5  13.5  21.0  22.5  28.3  29.0  29.8  24.1  16.8   9.3   5.4 
1959   7.5   3.4  12.1  19.5  22.0  27.4  30.3  29.1  24.9  17.0  12.5   5.5 
1960   7.3   8.3  11.0  17.3  25.2  27.5  31.3  28.3  26.8  19.8  13.8   9.0 
1961   7.0   7.8  11.0  18.0  24.0  28.3  31.4  30.0  23.6  18.5  10.7   9.3 
1962   6.8   8.2  14.1  17.4  23.6  27.6  31.8  31.3  26.4  21.3  15.9   9.5 
1963   9.2   8.9  10.7  16.8  21.1  27.9  32.3  30.7  25.4  21.9  11.9   7.2 
1964   1.7   8.0  12.3  16.9  22.3  28.4  32.0  28.5  25.7  18.6  12.1   8.0 
1965 -99.0 -99.0  12.3  15.8  22.6  29.8  32.3  32.2  25.6  16.2  11.0   6.8 
1966   8.8  11.8  12.1  20.8  21.4  27.4  31.8  30.8  26.7  21.0  14.5   9.3 
1967   6.7   3.2   8.8  14.1  24.5  24.6  30.9  30.9  25.1  19.8  12.2   5.8 
1968   4.4   7.3  10.4  18.5  24.4  26.6  31.5  27.6  24.0  21.0  12.3   7.7 
1969   6.6   8.5  14.5  17.2  23.8  28.9  29.7  30.6  25.5  18.7  11.2   8.6 
1970   6.4   9.1  16.0  20.5  23.3  27.9  31.2  30.9  24.9  17.4  15.7   7.4 
1971   6.9   6.1  12.7  18.8  24.1  26.9  30.7  28.6  25.3  16.2  12.1   6.7 
1972   1.8   4.2   9.3  16.1  21.1  26.9  30.0  28.7  24.7  20.7   9.0   3.4 
1973   3.5  10.0  11.3  16.8  22.1  28.2  30.7  31.8  26.0  17.5   9.0   7.1 
1974   2.3   5.9  12.7  15.0  24.3  29.2  30.6  30.6  24.0  21.3  13.9   7.2 
1975   4.8   5.1  13.0  18.5  22.7  28.7  31.9  30.0  26.9  17.7  11.4   3.3 
1976   5.6   5.8   9.9  17.3  20.4  26.6  29.9  30.3  25.7  19.5  13.7   9.5 
1977   4.5  11.8  12.1  17.3  22.2  27.6  30.8  31.6  26.9  17.8  12.3   8.3 
1978   5.7   9.6  12.8  18.5  22.7  27.0  32.3  29.2  24.5  19.9   8.7   7.3 
1979   7.0   9.9  10.8  18.4  23.0  27.8  30.4  30.5  27.3  21.8  13.9   4.2 
1980   3.8   4.7  11.3  13.4  23.4  29.4  32.9  28.8  24.5  18.3  12.6   8.1 
1981   7.1   8.3  12.1  16.1  21.7  27.2  32.4  30.6  26.8  21.1  12.8   8.3 
1982   4.8   5.8   9.3  18.5  24.6  27.3  29.2  28.9  27.0  18.1  10.7   5.5 
1983   2.8   5.7  11.6  17.2  21.8  27.6  29.3  27.7  24.2  19.6  15.5   8.5 
1984   5.7   7.1  14.0  17.0  20.6  29.1  31.3  29.0  25.7  18.9  12.1   4.7 
1985   7.5   5.0   7.7  18.2  21.3  28.1  28.9  30.1  25.1  17.7  15.1   7.1 
1986   5.6   9.9  11.9  18.1  23.5  26.7  31.9  30.5  27.7  20.0  13.5   5.2 
1987   7.7   9.4   9.8  17.7  23.4  29.0  31.0  30.9  24.9  21.7   9.2   7.3 
1988   5.8   7.5  10.2  14.5  22.9  28.1  30.1  28.8  24.7  20.4   8.8   7.3 
1989   3.7   7.4  12.2  20.8  24.5  28.5  31.6  29.7  26.3  19.7  10.7   6.1 
1990   5.0   7.2  11.8  20.1  23.4  27.5  31.5  30.0  24.3  20.4  14.1   7.2 
1991   5.4   6.8  13.9  19.4  21.3  28.3  31.9  30.6  25.4  20.9  12.5   6.3 
1992   1.8   3.9   9.7  16.1  22.3  26.8  29.5  29.9  24.9  19.5  14.4   4.4 
1993   4.5   6.3  12.4  17.1  21.3  27.7  32.1  31.1  26.3  19.4  12.1   8.3 
1994   9.2   7.5  12.6  19.9  24.8  28.1  30.8  30.6  28.1  22.6  13.9   4.7 
1995   6.6   9.3  11.4  17.6  25.3  29.3  32.1  30.2  25.9  20.6  11.4   5.6 
1996   7.5   9.3  11.3  17.1  23.4  27.5  32.1  31.1  27.0  19.6  10.9  11.8 
1997   6.8   6.7   8.9  17.1  22.3  26.8  31.8  30.0  24.9  21.7  11.4   6.8 
1998   5.4   7.0   9.8  19.0  25.7  30.0  33.1  32.5  26.9  20.7  16.7   9.1 
1999 -99.0 -99.0 -99.0 -99.0 -99.0 -99.0 -99.0 -99.0 -99.0 -99.0 -99.0 -99.0 
2000 -99.0 -99.0 -99.0 -99.0 -99.0 -99.0 -99.0 -99.0 -99.0 -99.0 -99.0 -99.0 
2001 -99.0 -99.0 -99.0 -99.0 -99.0 -99.0 -99.0 -99.0 -99.0 -99.0 -99.0 -99.0 
2002 -99.0 -99.0 -99.0 -99.0 -99.0 -99.0 -99.0 -99.0 -99.0 -99.0 -99.0 -99.0 
2003 -99.0 -99.0 -99.0 -99.0 -99.0 -99.0 -99.0 -99.0 -99.0 -99.0 -99.0 -99.0 
2004 -99.0 -99.0 -99.0 -99.0 -99.0 -99.0 -99.0 -99.0 -99.0 -99.0 -99.0 -99.0 
2005 -99.0 -99.0 -99.0 -99.0 -99.0 -99.0 -99.0 -99.0 -99.0 -99.0 -99.0 -99.0 
2006 -99.0 -99.0 -99.0 -99.0 -99.0 -99.0 -99.0 -99.0 -99.0 -99.0 -99.0 -99.0 
2007 -99.0 -99.0 -99.0 -99.0 -99.0 -99.0 -99.0 -99.0 -99.0 -99.0 -99.0 -99.0 
