Number= 400450
Name= DEIR EZZOR
Country= SYRIA
Lat=   35.3
Long=  -40.2
Height= 213
Start year= 1951
End year= 2011
First Good year= 1951
Source ID= 10
Source file= Jones+Anders
Jones data to= 2001
Normals source= Data
Normals source start year= 1961
Normals source end year= 1990
Normals=   6.7   8.9  13.2  18.7  24.4  29.5  32.6  31.9  27.6  20.8  13.3   8.0 
Standard deviations source= Data
Standard deviations source start year= 1951
Standard deviations source end year= 1990
Standard deviations=   1.8   1.8   1.6   1.4   1.5   0.9   0.9   1.2   1.0   1.3   1.6   1.5 
Obs:
1951   6.0   8.5  14.5  20.5  24.0  27.0  31.5  31.5  28.5  22.5  14.0  11.0 
1952   8.2   9.2  11.7  18.9  22.1  28.5  32.6  33.3  30.5  23.9  13.8  10.1 
1953   7.9  10.1   9.8  19.3  25.0  29.3  33.3  32.3  28.2  21.3  11.7   4.4 
1954   6.4   9.6  13.3  17.1  20.6  30.9  34.3  33.9  28.5  22.4  14.4  10.0 
1955   8.3  12.2  14.8  19.9  25.9  31.5  32.9  31.6  28.8  23.2  14.4   9.8 
1956   8.2  10.5  10.9  18.3  22.2  29.4  32.9  32.9  27.1  19.7  12.9   7.0 
1957   5.0   9.7  13.4  17.2  22.1  30.0  33.1  33.3  28.9  22.6  13.9   8.2 
1958   7.9   8.9  15.2  20.3  25.6  29.3  31.9  33.0  27.2  21.3  13.0   8.7 
1959   8.3  11.9  12.2  20.2  24.6  29.5  31.7  31.4  26.1  20.4  13.8   7.9 
1960   8.6  10.9  13.5  19.4  26.6  29.2  32.4  31.3  28.4  21.9  15.0  10.3 
1961   6.8   8.8  11.9  19.2  25.8  30.1  33.0  33.1  26.0  21.2  13.1   9.8 
1962   8.1   9.9  15.3  18.2  26.0  30.9  33.2  33.3  28.3  22.3  16.2   9.8 
1963  10.4  11.1  12.1  18.5  21.4  29.5  32.7  33.1  28.5  22.2  13.8   7.2 
1964   2.4   9.0  14.7  17.9  23.8  30.2  32.8  31.0  27.8  20.6  13.7   7.6 
1965   7.0   9.7  14.1  16.9  24.3  30.9  33.0  32.7  28.0  18.4  13.4   8.4 
1966   8.8  11.8  13.2  19.5  23.9  29.9  32.6  32.2  26.7  20.7  15.3   9.2 
1967   6.3   6.0  11.3  17.3  22.6  27.7  32.0  31.7  26.6  20.8  12.7   7.9 
1968   5.5   7.9  12.2  20.3  25.0  28.7  32.8  29.8  26.3  21.0  13.9   9.8 
1969   7.9   9.0  14.1  16.8  24.8  30.2  31.1  31.5  27.5  20.8  11.9   9.0 
1970   7.9  11.0  15.1  20.8  24.6  29.7  32.2  31.7  27.1  19.4  15.2   6.2 
1971   7.4   8.8  14.1  16.6  25.8  29.0  31.7  31.0  28.1  19.6  13.4   6.0 
1972   3.9   5.4  11.9  19.2  22.2  28.7  30.9  30.8  27.6  22.4  11.5   4.7 
1973   4.2  10.5  13.6  18.3  25.2  28.3  32.0  31.9  27.8  22.2  10.2   7.1 
1974   5.5   7.4  13.4  17.1  24.7  30.1  32.5  30.9  26.2  22.7  13.8   6.9 
1975   5.9   8.4  13.2  20.1  24.3  29.5  32.5  31.2  27.9  19.8  13.6   6.4 
1976   6.7   7.0  11.3  17.1  23.2  29.4  30.9  30.5  26.6  21.5  13.5   8.9 
1977   4.3  11.8  14.1  18.9  24.9  29.7  32.8  32.3  28.2  18.7  13.3   8.4 
1978   8.2  10.4  14.2  19.1  25.9  29.2  33.6  30.7  27.0  22.4   9.4   9.4 
1979   8.5  11.4  14.2  19.2  25.7  29.9  31.8  31.6  28.7  21.5  15.2   8.0 
1980   5.4   8.3  12.4  18.1  24.3  30.3  34.0  31.9  26.1  20.8  13.6   8.9 
1981   7.6   9.6  13.5  17.6  21.8  29.7  33.4  32.2  28.3  22.3  11.6   9.5 
1982   7.1   6.2  11.7  19.9  24.1  29.2  31.2  30.9  28.1  20.1  10.1   5.8 
1983   3.9   7.2  12.2  17.7  24.6  29.4  32.0  30.5  27.5  19.6  15.9   8.6 
1984   8.4   9.6  13.8  18.3  24.5  29.7  32.6  29.8  27.9  20.3  13.1   5.8 
1985   9.5   5.2   9.5  21.1  25.2  30.4  31.7  36.2  27.7  19.4  15.2   7.6 
1986   8.4  10.2  11.6  19.8  23.2  29.5  33.5  33.0  30.7  22.0  11.3   8.8 
1987   8.9  12.6  13.3  18.1  23.6  28.2  33.8  32.7  27.9  18.5  16.2   9.3 
1988   6.9   9.2  12.3  16.8  25.9  28.8  34.2  34.1  27.6  20.4  11.0   8.6 
1989   4.5   7.3  14.9  23.1  26.2  29.6  33.6  31.6  27.1  20.8  14.1   7.8 
1990   4.6   7.6  17.1  18.7  25.1  29.0  33.7  31.9  27.5  21.5  14.4   8.7 
1991   6.4   8.1  13.7  20.1  22.9  30.8  32.1  31.8  27.6  22.4  16.3   7.0 
1992   3.7   5.4  10.5  18.3  22.6  28.9  30.8  32.4  28.0  21.7  12.3   6.3 
1993   5.8   7.7  12.1  17.6  22.5  29.5  32.8  32.8  27.9  22.6  11.6   9.6 
1994   9.5  10.0  11.3  21.6  26.3  30.2  32.8  33.6  29.8  23.3  13.4   5.8 
1995   8.3  10.6  13.4  18.8  26.2  31.3  32.7  33.6  27.6  20.8  12.0   7.5 
1996   8.2  10.5  13.1  21.2  27.1  30.4  34.6  32.9  27.8  20.3  13.8  10.8 
1997   7.0   6.9   9.9  19.4  26.6  30.4  32.9  31.2  28.1  21.9  14.0   9.5 
1998   6.5   8.4  13.0  20.4  27.9  31.9  34.5  30.8  28.7  22.3  18.1  10.0 
1999   8.8  11.2  13.9  19.9  26.8  31.0  33.6  33.3  27.9  23.4  13.1   8.9 
2000   7.2   8.7  12.5  20.3  25.3  30.6  35.7  32.6  27.8  20.8  13.5   8.8 
2001   8.2  10.0 -99.0  19.6  23.9  31.3 -99.0 -99.0 -99.0  22.6  12.7  12.7 
2002   6.7  10.6  15.0  18.6  24.8 -99.0  34.3  32.6 -99.0 -99.0  14.2   6.7 
2003   8.2   8.9  11.9  19.2  27.0  30.4  33.9  33.4  27.7  23.3  13.3   7.6 
2004   7.9   9.2  15.2  18.7  24.7  30.7  33.6  32.1  28.0  22.9 -99.0   5.8 
2005   7.1   8.8  14.0  19.9  24.8  29.7  33.8  33.2  27.6  19.5  12.2  10.5 
2006   6.7  10.8 -99.0 -99.0 -99.0  31.9  33.0  33.3  27.2  21.8  11.6 -99.0 
2007   5.4  10.2 -99.0  17.2  27.4  31.5  34.1  33.0  28.5  23.4  14.2   7.2 
2008 -99.0   8.6  16.7  22.4  24.1  29.8  33.3  33.4  28.5  21.9  14.3   7.5 
2009   6.1  11.6  14.1  18.9  25.1  31.4  33.0  31.9  26.7  22.7  13.6  11.4 
2010  10.3  11.2  16.0  20.6  26.9  31.1  34.5  35.1  29.9  22.6  15.0   9.7 
2011   7.3  10.5  14.1  19.0  24.5 -99.0 -99.0 -99.0 -99.0 -99.0 -99.0 -99.0 
