Number= 400720
Name= ABUKMAL
Country= SYRIA
Lat=   34.4
Long=  -40.9
Height= 182
Start year= 1959
End year= 2007
First Good year= 1959
Source ID= 31
Source file= Jones+Anders
Jones data to= 1998
Normals source= Data
Normals source start year= 1961
Normals source end year= 1990
Normals=   7.6  10.8  14.8  20.9  25.8  29.5  32.3  31.5  28.1  21.8  14.1   9.1 
Standard deviations source= Data
Standard deviations source start year= 1959
Standard deviations source end year= 1990
Standard deviations=   1.8   2.5   2.0   1.4   1.1   1.1   0.9   1.1   1.4   1.6   1.9   1.5 
Obs:
1959   9.3   6.1  15.2  23.6  25.6  29.5  31.1  30.4  24.6  20.3  13.1   6.8 
1960   8.5  11.7  14.1  20.5  27.6  29.0  32.2  30.5  27.4  21.1  15.8  10.6 
1961   8.4   9.6  13.1  19.4  26.4  29.8  32.1  32.0  25.2  21.6  11.2  11.1 
1962   9.7   9.0  18.5  20.5  26.5  29.5  32.6  32.3  28.9  24.7  16.3  11.2 
1963  11.6  12.0  12.8  20.8  24.9  29.6  32.4  31.8  27.4  23.2  14.0   7.9 
1964   4.2  10.7  16.7  22.3  24.2  30.5  32.5  28.7  26.6  19.4  12.5   8.9 
1965   8.4  12.4  15.8  18.4  24.5  29.9  31.5  32.8  28.1  17.7  13.0   7.4 
1966   9.1  13.3  15.0  21.2  24.0  29.7  32.7  32.2  28.8  23.1  15.5   9.6 
1967   7.3   4.7 -99.0  19.2  26.9  26.0  32.9  30.8  27.1  21.5  13.9   7.5 
1968   6.4  13.5  15.2  22.3  26.7  28.0  32.9  30.3  27.2  22.3  14.8  10.7 
1969   8.8  10.9  19.3  19.2  26.9  31.0  30.5  31.1  27.4  21.1  13.2  10.7 
1970   7.9  12.6  19.1  22.5  26.4  28.9  31.5  31.4  27.3  20.8  16.8   9.6 
1971   8.5  10.2  14.6  19.9  27.3  28.3  31.1  30.4  27.7  20.6  13.7   8.8 
1972   5.2   7.3  12.7  20.8  25.5  28.7  30.7  32.2  28.1  22.4  13.0   6.2 
1973   5.6  13.1  15.9  21.0  26.1  29.5  31.8  32.3  29.5  21.8  10.8   8.4 
1974   6.5   7.6  14.9  19.5  25.8  29.8  31.9  32.3  26.8  23.5  15.7   9.6 
1975   6.6   8.5  16.6  21.7  24.9  29.1  31.6  31.6  30.1  20.6  14.3   6.5 
1976   8.4   8.8  12.8  21.4  23.8  28.4  31.4  30.6  26.9  22.9  15.9  10.8 
1977   6.3  14.4  15.9  19.5  25.7  29.6  31.6  32.8  28.1  18.7  12.8   9.9 
1978   7.9  12.9  15.6  22.1  24.9  29.8  34.2  30.6  28.8  23.5  10.3   9.8 
1979  11.6  14.0  14.1  22.3  27.0  30.0  32.0  32.1  30.5  24.3  16.1   8.3 
1980   4.2   7.1  13.9  20.0  27.1  30.1  34.2  30.8  26.5  19.7  13.5  10.2 
1981   8.8  10.5  16.3  20.3  24.1  29.6  33.4  32.3  28.5  23.6  13.8  11.1 
1982   8.2   9.2  12.3  21.5  26.6  29.5  31.3  30.4  29.9  21.8  11.9   6.7 
1983   5.4   8.5  12.6  19.9  24.7  29.1  32.6  29.8  27.9  21.9  17.1  10.0 
1984   8.4  11.1  16.4  21.1  24.2  30.4  31.8  29.9  28.4  20.2  13.4   7.8 
1985   9.3   9.5  10.7  22.4  25.9  30.2  31.7  33.3  27.9  19.9  18.6   8.7 
1986   7.7  13.8  15.5  21.5  26.6  26.9  33.6  32.9  31.2  22.4  16.0   7.6 
1987   9.6  12.8  12.2  22.0  26.3  30.0  32.5  34.1  28.0  24.1  13.4  11.1 
1988   7.2  12.8  13.6  17.5  25.7  31.0  33.5  30.9  28.7  23.1  12.2   9.1 
1989   5.5  10.8  15.0  23.8  27.3  31.0  33.1  31.5  28.0  22.1  13.7   9.4 
1990   5.9  12.3  13.5  22.3  26.1  30.5  33.2  32.0  27.8  22.2  16.1   9.4 
1991   7.3   8.9  15.4  22.7  23.6  30.2  31.3  31.6  29.6  22.2  16.5   7.5 
1992   5.2   8.5  12.1  20.9  26.5  29.3  30.8  32.5  26.9  23.0  13.6   7.3 
1993   7.8  10.3  16.5  22.1  24.2  31.3  33.9  33.1  29.1  23.1  13.1   4.5 
1994  10.9  10.9  16.6  25.2  28.4  31.8  32.9  33.5  30.0  25.8  16.1   7.0 
1995   9.6  13.0  15.9  21.5  27.6  32.3  32.8  32.8  28.0  25.1  13.8   8.7 
1996   9.4  12.0  17.0  23.2  27.5  31.5  34.6  33.4  30.9  22.2  13.6  13.3 
1997   8.0  10.0  13.0  21.2  26.5 -99.0  32.4  30.9  27.5  24.2  15.1  11.0 
1998   8.0   7.9  15.0  22.4 -99.0  33.5  35.3  35.7  29.5  22.9  20.1  13.3 
1999 -99.0 -99.0 -99.0 -99.0 -99.0 -99.0 -99.0 -99.0 -99.0 -99.0 -99.0 -99.0 
2000 -99.0 -99.0 -99.0 -99.0 -99.0 -99.0 -99.0 -99.0 -99.0 -99.0 -99.0 -99.0 
2001 -99.0 -99.0 -99.0 -99.0 -99.0 -99.0 -99.0 -99.0 -99.0 -99.0 -99.0 -99.0 
2002 -99.0 -99.0 -99.0 -99.0 -99.0 -99.0 -99.0 -99.0 -99.0 -99.0 -99.0 -99.0 
2003 -99.0 -99.0 -99.0 -99.0 -99.0 -99.0 -99.0 -99.0 -99.0 -99.0 -99.0 -99.0 
2004 -99.0 -99.0 -99.0 -99.0 -99.0 -99.0 -99.0 -99.0 -99.0 -99.0 -99.0 -99.0 
2005 -99.0 -99.0 -99.0 -99.0 -99.0 -99.0 -99.0 -99.0 -99.0 -99.0 -99.0 -99.0 
2006 -99.0 -99.0 -99.0 -99.0 -99.0 -99.0 -99.0 -99.0 -99.0 -99.0 -99.0 -99.0 
2007 -99.0 -99.0 -99.0 -99.0 -99.0 -99.0 -99.0 -99.0 -99.0 -99.0 -99.0 -99.0 
