Number= 401800
Name= LOD-AIRPORT---------
Country= ISRAEL------
Lat=   32.0
Long=  -34.9
Height= 49
Start year= 1951
End year= 2011
First Good year= 1951
Source ID= 30
Source file= Jones+Anders
Jones data to= 2001
Normals source= Data
Normals source start year= 1961
Normals source end year= 1990
Normals=  12.0  12.6  14.6  17.7  20.6  23.5  25.2  25.8  24.6  21.9  17.8  13.5 
Standard deviations source= Data
Standard deviations source start year= 1951
Standard deviations source end year= 1990
Standard deviations=   1.3   1.4   1.3   1.2   1.0   0.6   0.8   1.0   0.9   1.2   1.6   1.5 
Obs:
1951  14.5  14.5  17.9  19.7  22.6  24.4  27.0  28.2 -99.0  24.4  19.1  13.9 
1952  13.7  15.1  15.5  18.4  21.8  24.4  26.2  27.9  28.2  25.0  19.4  18.0 
1953  13.8  15.7  14.3  17.6  21.4  24.5  27.3  27.9  25.7  24.4  17.6  13.1 
1954  13.1  14.0  16.8  16.7  21.1  23.9  27.0  27.6  26.0  23.7  19.6  15.1 
1955  14.1  15.9  15.8  18.4  20.7  24.7  26.4  26.6  25.8  23.7  19.4  15.4 
1956  13.6  15.2  13.8  17.4  18.9  23.7  26.1  27.6  25.6  21.7  19.0  14.9 
1957  11.5  13.6  15.9  18.2  20.3  23.3  25.6  27.5  25.6  24.0  19.2  14.9 
1958  14.3  13.6  16.4  19.4  20.1  23.3  25.4  27.5  25.2  22.4  19.1  16.1 
1959  14.3  10.6  13.8  17.4  20.9  24.1  25.3  26.0  24.4  21.1  18.5  15.4 
1960  13.6  13.9  15.6  18.4  23.6  23.9  26.1  26.8  25.2  23.3  19.4  17.4 
1961  12.9  12.5  14.1  18.0  21.6  24.7  25.8  26.8  24.8  21.9  17.8  14.9 
1962  14.0  13.1  17.2  17.2  21.2  24.9  26.7  28.1  26.7  24.3  22.9  16.2 
1963  13.7  15.4  13.9  18.3  20.8  23.9  26.1  27.2  26.2  23.7  18.5  13.6 
1964  11.1  12.3  15.7  16.5  19.1  23.3  24.7  25.6  24.2  21.8  17.6  14.5 
1965  12.3  13.2  16.1  17.6  20.0  24.3  25.3  26.2  25.0  21.4  17.2  14.1 
1966  12.7  13.3  14.8  18.7  20.4  23.9  25.6  26.0  24.9  22.7  21.5  15.1 
1967  11.3  11.7  12.5  16.6  19.7  23.1  25.0  25.9  24.5  22.1  17.5  14.4 
1968  11.8  12.2  13.9  18.1  22.0  24.5  26.3  26.1  24.7  21.5  18.1  14.5 
1969  11.5  13.3  16.0  15.6  21.3  24.1  23.9  24.8  24.7  21.6  17.3  13.9 
1970  12.5  12.9  16.4  18.5  20.4  22.6  24.5  25.1  23.9  20.5  17.7  12.3 
1971  15.0  12.4  15.2  15.7  21.5  23.0  24.3  25.4  24.6  20.8  16.9  12.3 
1972  11.5  11.7  14.0  19.4  19.8  23.0  24.6  25.6  24.9  22.5  17.2  11.4 
1973  11.7  14.0  14.0  16.7  20.1  22.7  25.3  25.5  24.6  22.4  16.3  13.7 
1974  10.6  12.9  15.3  17.5  19.7  22.9  24.9  25.3  24.2  23.0  17.7  12.5 
1975  11.6  12.4  15.3  19.9  19.9  23.3  25.1  25.2  24.3  21.2  17.8  13.2 
1976  11.9  10.8  14.1  17.3  20.3  22.8  24.7  24.7  23.5  22.1  18.5  13.9 
1977  11.2  13.8  13.3  16.4  20.6  23.3  25.1  25.7  24.1  20.4  17.1  12.4 
1978  11.6  13.2  15.1  17.6  20.8  23.1  26.0  24.7  23.8  22.4  16.0  13.8 
1979  12.2  14.0  15.4  19.1  20.0  23.8  25.2  25.2  24.3  22.5  20.1  13.0 
1980  11.2  11.7  14.3  18.5  21.5  23.5  25.5  26.4  23.6  21.5  18.4  13.4 
1981  10.9  12.2  14.6  17.4  19.6  23.2  25.2  25.5  24.9  22.5  16.0  14.2 
1982  12.0  10.8  12.4  18.5  20.0  22.9  24.8  25.4  24.3  22.2  14.9  11.6 
1983   9.3  10.2  12.7  16.2  20.2  23.1  24.9  25.3  23.9  21.0  18.2  13.5 
1984  11.9  12.8  14.9  16.5  21.2  22.7  24.5  24.6  23.7  21.5  17.5  12.2 
1985  14.4  12.2  14.9  17.9  21.9  23.9  24.9  26.5  24.3  20.5  18.8  14.2 
1986  12.6  13.1  15.4  19.8  19.2  24.1  25.2  25.9  25.9  21.6  14.9  11.9 
1987  12.1  13.9  12.4  16.4  20.3  23.2  25.6  26.4  24.8  20.7  17.3  13.8 
1988  11.9  12.0  13.5  17.9  22.4  24.0  26.5  26.3  25.0  21.3  15.4  12.5 
1989  10.2  11.9  15.0  20.4  22.1  23.3  25.4  25.8  24.7  21.0  17.8  13.0 
1990  11.3  11.7  14.2  17.7  20.0  23.3  25.5  26.1  24.7  23.3  20.0  15.7 
1991  12.3  13.3  16.2  19.0  21.4  23.9  25.7  26.2  24.6  23.2  18.1  12.0 
1992  10.1  10.2  13.3  17.5  20.6  24.2  25.5  26.8  25.1  22.9  19.1  12.0 
1993  10.9  10.5  13.9  18.4  21.0  25.0  26.4  27.1  25.3  25.2  18.2  15.8 
1994  14.4  13.3  14.4  20.4  22.3  24.4  26.3  26.8  27.1  25.7  17.3  12.1 
1995  12.4  12.9  15.4 -99.0 -99.0 -99.0 -99.0 -99.0 -99.0 -99.0 -99.0 -99.0 
1996  12.9  14.4  14.9  17.8  22.7  24.5  27.0  27.2  26.0  22.3  20.0  15.8 
1997  13.7  11.5  13.8  17.6  22.2  25.1  27.3  26.3  25.0  22.8  19.1  14.9 
1998  13.1  14.0  14.8  20.7  22.6  25.1  27.2  28.7  27.0  24.0  20.1  16.1 
1999  13.7  14.0  16.5  18.7  23.2  25.3  27.4  28.4  27.0  23.8  19.6  15.2 
2000  11.9  12.6  13.9  19.6  21.8  25.6  28.5  27.9  26.4  22.5  18.6  14.8 
2001  13.3  13.5  18.4  20.3  22.6  25.2  27.1  28.0  26.4  23.5  18.8  14.6 
2002  11.8  14.9  17.4  18.7  21.3  25.5  28.2  28.2  26.9  24.1  20.5  15.4 
2003  14.7  12.7  14.2  19.6  25.3  25.6  27.5  28.2  26.3  23.9  19.7  15.7 
2004  13.8  14.3  17.3  19.2  22.3  24.8  27.7  27.6  26.3  24.4  19.9  13.9 
2005  14.3  13.6  15.9  19.5  21.4  24.5  26.8  27.6  26.2  22.4  17.9  15.7 
2006  13.1  14.7  16.1  19.0  21.6  25.1  26.8  27.5  26.8  23.3  17.5  13.5 
2007  12.6  14.2  15.7  18.8  23.4  25.4  27.5  27.8  26.2  24.4  19.4  14.7 
2008 -99.0 -99.0 -99.0  20.8  21.8  26.1  27.5  28.0  26.9  23.0  19.6  16.5 
2009  14.2  14.6  15.7  19.3  22.7  26.0  28.0  28.1  26.4  24.9  18.7  16.0 
2010  15.6  16.7  18.6  20.1  22.9  26.4  27.6  29.5  27.9  25.6  21.6  16.9 
2011  14.7  15.0  15.8  18.9  22.1 -99.0 -99.0 -99.0 -99.0 -99.0 -99.0 -99.0 
