Number= 402500
Name= H-4 'IRWAISHED'
Country= JORDAN
Lat=   32.5
Long=  -38.2
Height= 683
Start year= 1961
End year= 2011
First Good year= 1961
Source ID= 10
Source file= Jones+Anders
Jones data to= 2001
Normals source= Data
Normals source start year= 1961
Normals source end year= 1990
Normals=   7.9   9.8  13.3  18.1  22.8  26.4  28.5  28.3  25.8  20.8  14.4   9.4 
Standard deviations source= Data
Standard deviations source start year= 1961
Standard deviations source end year= 1990
Standard deviations=   1.6   1.8   1.4   1.3   1.0   0.8   0.9   1.2   1.1   1.2   1.8   1.6 
Obs:
1961   8.1   8.5  12.4  18.6  23.9  27.3  28.5  29.1  23.6  21.0  13.6  10.8 
1962   9.3  10.3  16.6  17.2  23.9  27.9  29.1  30.1  26.9  22.2  17.5  11.1 
1963  11.4  12.2  12.7  18.7  21.2  26.8  28.7  29.1  26.9  22.3  15.5   8.9 
1964   4.8   9.7  14.6  16.9  21.5  26.4  28.5  27.6  25.0  20.3  14.7   9.7 
1965   8.4  11.2  15.5  16.5  22.6  28.1  28.4  30.4  26.2  19.4  14.2  10.7 
1966  10.3  11.1  13.3  19.1  22.7  27.5  28.5  29.6  25.2  20.5  16.8  11.0 
1967   7.4   6.9  10.5  16.1  21.2  24.5  27.8  27.3  24.6  20.6  13.4   9.9 
1968   7.4   8.9  12.2  18.5  22.7  25.8  29.8  27.0  24.6  21.1  15.2  10.9 
1969   8.3  11.4  15.8  16.8  23.4  27.7  27.2  28.2  26.4  21.9  13.6  11.3 
1970   8.9  11.2  14.1  19.9  22.6  26.0  27.4  26.9  24.9  19.3  15.7   7.3 
1971   9.8   9.8  13.8  16.0  23.9  25.2  28.0  27.9  26.9  19.4  13.8   7.4 
1972   6.5   6.9  12.8  19.6  21.8  26.0  27.2  28.2  26.2  23.0  14.2   5.7 
1973   6.5  12.1  12.8  17.4  22.3  25.0  28.2  29.0  25.8  21.9  11.6   8.8 
1974   6.0   8.8  14.0  18.2  22.8  27.0  28.2  27.5  24.1  22.6  15.2   8.2 
1975   7.2   8.7  13.0  19.3  22.2 -99.0  28.8  27.2  25.8  19.5  13.8   7.6 
1976   7.6   7.8  12.4  17.4  22.2  26.3  26.9  26.6  24.7  21.2  14.5  11.0 
1977   6.3  13.0  13.3  16.6  23.3  26.3  28.5  29.0  25.7  18.4  13.6   8.9 
1978   8.9  11.2  14.0  18.1  23.9  25.9  29.8  26.6  25.6  22.2  11.0  10.9 
1979   8.8  11.9  14.4  19.6  22.8  26.8  27.7  28.3  27.8  21.9  17.2   8.1 
1980   7.2   8.9  13.0  18.3  23.3  26.8  30.0  28.0  24.5  21.1  15.7  10.3 
1981   8.2   9.3  14.4  17.7  21.6  26.4  29.1  28.7  26.9  22.1  12.4  11.0 
1982   8.3   7.6  11.2  20.0  22.0  25.7  27.4  27.5  25.6  20.1  10.7   7.0 
1983   5.6   8.0  12.0  17.1  23.0  26.5  28.4  27.3  25.2  19.1  16.1  10.2 
1984   8.5  10.5  14.1  17.5  22.8  25.7  28.1  25.7  26.1  20.8  13.7   7.0 
1985  10.1   8.4  12.4  18.3  23.8  26.7  27.8  31.2  25.7  19.2  15.9   9.5 
1986   8.7  11.2  14.3  19.7  20.7  25.7  28.9  29.4  28.6  22.1  11.8   8.3 
1987   9.5  12.8  10.6  17.8  24.1  26.6  30.3  29.8  26.5  19.7  14.7  10.6 
1988   8.1   9.8  12.3  17.8  24.0  26.6  29.4  28.5  26.1  20.7  12.7   9.4 
1989   4.5   7.4  13.0  21.4  24.4  26.4  29.2  28.8  25.6  20.6  15.0   9.2 
1990   6.5   7.9  12.3  18.2  23.1  27.0  29.1  28.2  26.3  21.1  16.9  11.8 
1991   7.4   9.9  14.5  18.0  22.3  27.4  28.4  28.1  25.8  21.6  15.3   7.7 
1992   4.4   6.1  10.7  17.6  22.2  26.0  27.5  28.8  25.4  21.6  13.5   7.0 
1993   6.0   7.4  12.3  18.6  21.9  26.8  28.7  28.9  26.4  22.1  13.3  11.7 
1994  10.2   9.6  13.8  20.7  24.2  26.6  27.9  28.0  28.1  23.7  13.4   7.0 
1995   9.7  10.1  14.0  17.6  24.6  28.0  28.3  29.0  26.2  21.0  13.2   8.6 
1996   8.6  11.2  13.1  17.5  25.9  26.8  31.5  29.7  26.6  20.0  14.8  11.6 
1997   8.7   5.6  10.4  16.9 -99.0  27.2  29.0  27.1  25.7  22.0  14.7 -99.0 
1998   7.8 -99.0  12.2  19.5 -99.0  28.1  30.5  32.2  27.4  21.5  17.9  12.0 
1999   9.0  11.5  14.0  19.0  25.3  27.4  29.5  30.6  26.3  22.2  14.7  10.9 
2000   7.5   8.5 -99.0  20.4  22.8  27.9  32.2  30.4  25.9  19.2  14.1   9.8 
2001   8.3  10.0  17.9  20.0  22.9  28.0 -99.0  30.6  26.9  21.5  13.8  10.9 
2002   6.7 -99.0  15.1  18.2  23.2  27.0  30.6  29.0  26.8  24.1  14.9   9.7 
2003  10.1   9.6  12.1 -99.0  25.6  27.3  29.4  30.8  25.7  22.4  14.9   9.2 
2004   8.9  10.2  16.1  18.6  23.4  27.3  30.5  28.9  26.8  23.1  14.8   7.7 
2005   8.5   9.4  14.4  19.5  23.0  27.0  30.0  29.9  25.6  21.0  14.0  12.7 
2006   9.7  11.3  14.8  19.1  24.5  29.4  29.2  30.5  26.7  21.6  12.8   6.3 
2007   7.5  10.8  13.2  16.9  25.4  28.0  30.1  30.0  27.5  23.6  15.5   9.2 
2008   4.4   8.4  17.5  21.1  22.6  27.7  29.4  30.3  27.4  21.1  15.2  10.0 
2009   7.8  11.1  13.0  18.8  22.9  28.1  28.9  29.5  25.5  23.3  15.1  12.6 
2010  12.0  13.5  17.0  20.7  25.3  29.2  31.4  32.7  28.8  24.3  17.7  11.7 
2011   9.5   9.5  13.3  18.7  23.1 -99.0 -99.0 -99.0 -99.0 -99.0 -99.0 -99.0 
