Number= 405860
Name= RIYAN
Country= YEMEN
Lat=   14.7
Long=  -49.4
Height= 23
Start year= 1943
End year= 1960
First Good year= 1943
Source ID= 10
Source file= Jones
Jones data to= 1960
Normals= -99.0 -99.0 -99.0 -99.0 -99.0 -99.0 -99.0 -99.0 -99.0 -99.0 -99.0 -99.0 
Standard deviations source= Data
Standard deviations source start year= 1943
Standard deviations source end year= 1960
Standard deviations=   0.6   0.7   0.4   0.5   0.4   0.4   0.6   0.7   0.8   0.7   0.5   0.5 
Obs:
1943  24.1  23.7  24.9  26.8  28.4  29.8  28.9  29.3  29.3  26.3  25.5  24.4 
1944  23.9  24.6  25.2  27.2  29.1  30.6  28.6  29.3  28.1  26.6  25.6  25.6 
1945  24.7  24.9  25.3  27.0  28.6  30.4  29.3  28.4  29.8  25.8  24.8  23.9 
1946  23.6  23.8  25.2  27.4  29.5  31.2  29.6  27.4  28.1  26.4  25.6  23.7 
1947  23.8  24.8  25.5  27.1  29.0  30.9  30.7  28.3  28.5  25.6  25.2  23.8 
1948  22.6  24.8  25.8  27.6  29.3  30.8  29.4  28.8  28.9  28.0  25.2  24.3 
1949  23.1  23.9  25.3  26.5  29.3  30.5  30.2  29.2  29.3  26.7  24.5  24.8 
1950  23.4  23.4  25.6  25.9  28.4  30.1  28.4  28.1  29.4  26.3  24.7  23.6 
1951  22.6  23.2  25.3  26.6  29.1  30.7  29.9  29.8  30.1  27.4  25.7  24.4 
1952  23.1  24.2  26.1  27.4  28.9  29.9  28.9  27.7  26.7  26.6  24.6  24.3 
1953  23.4  24.4  25.7  27.7  28.9  31.1  29.1  27.9  28.6  26.3  25.9  24.7 
1954  23.8  24.7  25.7  27.8  28.8  30.7  28.9  28.3  28.9  26.1  24.9  23.9 
1955  24.0  22.9  24.6  26.6  28.9  30.5  28.8  29.1  29.4  25.6  24.8  24.4 
1956  23.4  23.3  25.1  26.9  28.3  30.1  28.8  28.2  29.3  27.1  24.8  23.9 
1957  22.6  22.9  25.2  27.7  29.1  30.8  29.8  29.0  28.1  25.6  26.1  25.1 
1958  24.3  24.8  25.5  27.4  29.2  30.7  29.6  28.4  29.2  26.3  24.9  24.4 
1959  23.9  24.2  25.3  27.2  29.6  30.4  29.1  27.9  28.3  28.1  25.3  23.6 
1960  23.2  23.4  25.9  27.3  29.3  30.6  29.4  29.5  29.5  26.8  25.7  24.6 
