Number= 406290
Name= ANA
Country= IRAQ
Lat=   34.5
Long=  -42.0
Height= -999
Start year= 1970
End year= 1975
First Good year= 1970
Source ID= 10
Source file= Jones
Jones data to= 1975
Normals= -99.0 -99.0 -99.0 -99.0 -99.0 -99.0 -99.0 -99.0 -99.0 -99.0 -99.0 -99.0 
Obs:
1970   9.2  12.8  17.2  23.9  27.5  32.4  34.3  34.0 -99.0  21.0  16.3   6.2 
1971   7.8 -99.0  15.3  17.3  27.7 -99.0  32.8  31.7  29.0  20.6  13.2 -99.0 
1972   5.2 -99.0  14.4 -99.0  25.0 -99.0 -99.0 -99.0 -99.0 -99.0 -99.0 -99.0 
1973 -99.0 -99.0 -99.0  20.8 -99.0  31.2 -99.0  35.7  30.6  24.9 -99.0 -99.0 
1974 -99.0 -99.0  15.7  20.4 -99.0  34.7  35.2  33.5 -99.0 -99.0  13.9   9.2 
1975   7.5 -99.0  16.3  22.3  29.3 -99.0 -99.0 -99.0 -99.0 -99.0 -99.0 -99.0 
