Number= 406760
Name= NASIRIYA
Country= IRAQ
Lat=   31.0
Long=  -46.2
Height= 3
Start year= 1941
End year= 2007
First Good year= 1941
Source ID= 10
Source file= Jones+Anders
Jones data to= 1980
Normals source= Extrapolated
Normals source start year= 1951
Normals source end year= 1970
Normals=  11.5  14.1  18.2  23.9  29.5  33.0  34.5  34.7  32.2  26.1  18.4  12.7 
Standard deviations source= Data
Standard deviations source start year= 1941
Standard deviations source end year= 1980
Standard deviations=   1.8   1.8   1.8   1.2   1.2   1.3   1.2   1.2   1.3   1.2   1.4   1.5 
Obs:
1941  13.0  16.0  18.7  23.4  31.3  33.4  33.8  33.0  31.4  24.1  19.8  10.9 
1942  10.0  14.9  18.9  24.6  30.4  32.8  32.8  34.3  30.2  26.5  20.2  12.7 
1943  11.1  12.0  14.7  21.1  29.0  30.3  33.9  34.4  30.5  26.7  20.2  15.6 
1944  11.1  13.3  19.9  23.1  27.8  33.1  32.1  33.3  31.8  26.6  18.0  12.1 
1945  10.3  11.2  14.1  22.1  29.8  31.9  32.8  32.7  30.3  25.5  18.6  11.5 
1946   9.4  12.2  16.3  22.8  29.6  29.9  32.3  33.1  29.1  25.3  20.4  14.3 
1947  14.1  14.3  20.3  23.7  30.1  33.6  34.6  33.9  31.0  28.0  20.4  14.2 
1948  12.6  13.8  15.4  21.9  28.8  31.2  33.9  34.3  30.1  23.3  17.5  11.6 
1949   9.6  11.3  16.9  21.0  29.9  32.7  32.3  33.5  29.6  25.4  18.9  13.1 
1950   7.4  11.1  17.7  24.2  28.9  31.8  33.0  33.0  31.5  26.2  20.6  14.0 
1951  12.2  14.3  19.1  25.3  31.0  33.4  36.4  36.3  35.8  27.0  19.0  12.5 
1952  11.9  15.9  18.7  25.0  30.1  31.9  33.9  35.9  33.5  26.6  17.7  14.6 
1953  13.1  14.1  15.7  24.5  29.7  32.7  34.3  34.1  32.1  26.4  17.7   9.8 
1954  11.4  14.4  18.8  23.8  30.3  33.2  35.3  35.4  32.0  26.4  18.9  13.3 
1955  11.6  15.2  18.4  25.1  30.2  35.2  35.8  35.3  32.5  25.2  19.9  13.2 
1956  11.8  15.2  17.1  23.0  27.2  31.6  34.0  35.0  32.5  24.8  17.0  11.2 
1957   9.5  13.1  18.7  21.6  27.1  32.4  33.9  34.6  32.3  26.4  17.8  11.0 
1958  11.8  12.5  19.2  25.7  30.9  32.4  33.9  35.1  32.5  25.8  17.0  12.9 
1959  12.1   9.9  17.5  24.8  30.0  33.1  34.2  34.0  29.9  26.6  17.6  11.6 
1960  13.0  15.9  17.7  24.2  30.7  32.6  34.4  34.1  32.4  24.4  20.0  13.6 
1961 -99.0 -99.0 -99.0 -99.0 -99.0 -99.0 -99.0 -99.0 -99.0 -99.0 -99.0 -99.0 
1962 -99.0 -99.0 -99.0 -99.0 -99.0  34.2 -99.0  37.5  32.4  27.5  18.7  14.9 
1963  14.8  16.7  17.3  24.5  26.9  33.1  34.6  34.8  31.9  26.9  17.2  10.9 
1964   6.2  14.3  20.1  23.1  29.6  34.3  34.8  33.7  31.1  23.5  18.2  10.5 
1965  11.1  14.4  19.3  22.3  30.5  34.0  34.5  36.5  32.5  26.1  18.2  13.3 
1966  14.3  15.3  18.4  24.5  30.6  33.5  34.3  35.4  32.7  26.2  20.7  14.3 
1967  11.6  11.3  16.7  22.6  28.9  31.1  34.0  33.0  31.4  26.7  18.3  12.1 
1968  10.8  12.9  18.6  23.0 -99.0  32.3  35.4  32.8  31.7 -99.0 -99.0  15.1 
1969  13.1  14.1  21.9  22.6  29.8  33.9  32.9  34.0  32.2  27.7  16.9  14.7 
1970  12.2  16.1  19.9 -99.0  30.5  32.7  34.8  34.5 -99.0  25.7  21.3  11.8 
1971  12.2 -99.0  15.3  23.1  31.4 -99.0  33.8  33.9  31.8  25.1  18.8 -99.0 
1972   9.7  11.4 -99.0 -99.0  27.8 -99.0 -99.0 -99.0 -99.0 -99.0 -99.0 -99.0 
1973 -99.0 -99.0 -99.0  24.3 -99.0  33.3 -99.0  37.0 -99.0  27.9 -99.0  12.2 
1974  10.2  12.4  15.5  23.1 -99.0  35.3  36.1 -99.0 -99.0 -99.0  21.6 -99.0 
1975 -99.0 -99.0  18.9 -99.0  30.7 -99.0 -99.0  35.3 -99.0 -99.0 -99.0 -99.0 
1976 -99.0 -99.0 -99.0  24.0 -99.0 -99.0 -99.0  33.0  32.0 -99.0 -99.0 -99.0 
1977 -99.0 -99.0 -99.0 -99.0 -99.0 -99.0  35.7  36.5 -99.0 -99.0 -99.0 -99.0 
1978 -99.0 -99.0  19.2 -99.0 -99.0 -99.0 -99.0  33.8 -99.0 -99.0 -99.0  14.7 
1979  13.5  16.7  18.9  25.8  30.6  35.3  36.3  35.8  34.3  24.5  21.0  12.0 
1980  11.3  12.9  19.7  24.4  30.8  35.7  37.5  34.8 -99.0 -99.0 -99.0 -99.0 
1981 -99.0 -99.0 -99.0 -99.0 -99.0 -99.0 -99.0 -99.0 -99.0 -99.0 -99.0 -99.0 
1982 -99.0 -99.0 -99.0 -99.0 -99.0 -99.0 -99.0 -99.0 -99.0 -99.0 -99.0 -99.0 
1983 -99.0 -99.0 -99.0 -99.0 -99.0 -99.0 -99.0 -99.0 -99.0 -99.0 -99.0 -99.0 
1984 -99.0 -99.0 -99.0 -99.0 -99.0 -99.0 -99.0 -99.0 -99.0 -99.0 -99.0 -99.0 
1985 -99.0 -99.0 -99.0 -99.0 -99.0 -99.0 -99.0 -99.0 -99.0 -99.0 -99.0 -99.0 
1986 -99.0 -99.0 -99.0 -99.0 -99.0 -99.0 -99.0 -99.0 -99.0 -99.0 -99.0 -99.0 
1987 -99.0 -99.0 -99.0 -99.0 -99.0 -99.0 -99.0 -99.0 -99.0 -99.0 -99.0 -99.0 
1988 -99.0 -99.0 -99.0 -99.0 -99.0 -99.0 -99.0 -99.0 -99.0 -99.0 -99.0 -99.0 
1989 -99.0 -99.0 -99.0 -99.0 -99.0 -99.0 -99.0 -99.0 -99.0 -99.0 -99.0 -99.0 
1990 -99.0 -99.0 -99.0 -99.0 -99.0 -99.0 -99.0 -99.0 -99.0 -99.0 -99.0 -99.0 
1991 -99.0 -99.0 -99.0 -99.0 -99.0 -99.0 -99.0 -99.0 -99.0 -99.0 -99.0 -99.0 
1992 -99.0 -99.0 -99.0 -99.0 -99.0 -99.0 -99.0 -99.0 -99.0 -99.0 -99.0 -99.0 
1993 -99.0 -99.0 -99.0 -99.0 -99.0 -99.0 -99.0 -99.0 -99.0 -99.0 -99.0 -99.0 
1994 -99.0 -99.0 -99.0 -99.0 -99.0 -99.0 -99.0 -99.0 -99.0 -99.0 -99.0 -99.0 
1995 -99.0 -99.0 -99.0 -99.0 -99.0 -99.0 -99.0 -99.0 -99.0 -99.0 -99.0 -99.0 
1996 -99.0 -99.0 -99.0 -99.0 -99.0 -99.0 -99.0 -99.0 -99.0 -99.0 -99.0 -99.0 
1997 -99.0 -99.0 -99.0 -99.0 -99.0 -99.0 -99.0 -99.0 -99.0 -99.0 -99.0 -99.0 
1998 -99.0 -99.0 -99.0 -99.0 -99.0 -99.0 -99.0 -99.0 -99.0 -99.0 -99.0 -99.0 
1999 -99.0 -99.0 -99.0 -99.0 -99.0 -99.0 -99.0 -99.0 -99.0 -99.0 -99.0 -99.0 
2000 -99.0 -99.0 -99.0 -99.0 -99.0 -99.0 -99.0 -99.0 -99.0 -99.0 -99.0 -99.0 
2001 -99.0 -99.0 -99.0 -99.0 -99.0 -99.0 -99.0 -99.0 -99.0 -99.0 -99.0 -99.0 
2002 -99.0 -99.0 -99.0 -99.0 -99.0 -99.0 -99.0 -99.0 -99.0 -99.0 -99.0 -99.0 
2003 -99.0 -99.0 -99.0 -99.0 -99.0 -99.0 -99.0 -99.0 -99.0 -99.0 -99.0 -99.0 
2004 -99.0 -99.0 -99.0 -99.0 -99.0 -99.0 -99.0 -99.0 -99.0 -99.0 -99.0 -99.0 
2005 -99.0 -99.0 -99.0 -99.0 -99.0 -99.0 -99.0 -99.0 -99.0 -99.0 -99.0 -99.0 
2006 -99.0 -99.0 -99.0 -99.0 -99.0 -99.0 -99.0 -99.0 -99.0 -99.0 -99.0 -99.0 
2007 -99.0 -99.0 -99.0 -99.0 -99.0 -99.0 -99.0 -99.0 -99.0 -99.0 -99.0 -99.0 
