Number= 407380
Name= GORGAN
Country= IRAN
Lat=   36.9
Long=  -54.3
Height= 13
Start year= 1961
End year= 2010
First Good year= 1961
Source ID= 31
Source file= Jones
Jones data to= 1990
Normals source= Data
Normals source start year= 1961
Normals source end year= 1990
Normals=   7.6   8.2  10.8  16.2  21.3  25.5  27.8  27.5  24.6  19.1  14.3   9.9 
Standard deviations source= Data
Standard deviations source start year= 1961
Standard deviations source end year= 1990
Standard deviations=   2.5   2.2   1.7   1.6   1.4   1.2   1.2   1.0   1.2   1.5   1.6   1.9 
Obs:
1961   8.7   9.3  11.5  16.7  25.0  27.6  27.8  27.7  24.2  19.5  15.6  13.5 
1962   8.7  11.6  15.0  15.7  22.4  25.5  30.2  29.1  25.3  20.2  13.2  11.6 
1963  11.9  11.6  12.1  17.4  20.5  26.1  28.4  27.9  25.6  19.6  11.4   7.3 
1964   3.2   7.8   9.5  12.9  21.2  26.4  26.2  25.6  23.4  17.1  14.6   7.0 
1965   5.9   8.9   9.5  14.6  21.1  25.3  27.5  27.3  23.6  18.3  15.3  11.0 
1966  12.2  10.8  12.0  16.6  20.4  26.4  28.6  29.9  24.0  18.1  15.4  12.0 
1967   9.8   6.9  11.0  14.8  22.3  24.1  26.3  28.0  23.6  18.5  15.2  10.6 
1968  10.4   8.2  10.6  13.7  22.6  23.4  26.8  26.7  26.1  21.0  14.6   9.9 
1969   3.2   3.3   8.1  13.4  20.1  26.0  25.5  27.0  23.6  18.0  11.7  11.5 
1970   7.3  10.9  12.3  16.7  23.1  23.9  27.4  27.1  22.9  19.3  15.5   9.1 
1971   7.5   9.2  12.6  15.0  22.4  24.5  28.8  27.5  25.9  19.4  15.4  10.8 
1972   2.9   3.2   8.0  18.0  19.6  26.7  29.2  27.5  25.5  22.1  15.4   6.1 
1973   4.7  10.2  10.6  16.4  21.7  23.9  27.0  28.3  21.9  19.9  13.7   8.8 
1974   5.4   6.1   9.4  14.1  22.0  25.7  25.7  26.4  23.2  20.6  16.6   9.7 
1975   8.6   7.8  11.5  18.6  23.2  27.6  29.4  27.5  25.9  18.8  12.4   8.8 
1976  10.4   5.2   7.6  16.5  21.0  25.1  26.6  29.1  25.9  17.2  12.8  10.1 
1977   3.2   9.4  12.5  18.0  21.2  26.7  27.2  27.0  24.7  16.6  14.5   9.7 
1978   8.7   8.2  13.0  17.6  18.5  22.8  27.5  26.7  26.2  20.7  11.2  11.8 
1979   8.1   9.4  11.7  16.7  20.6  24.4  28.2  28.6  26.7  21.8  15.3  11.5 
1980   7.4   6.2  10.3  17.9  21.5  25.8  29.6  27.5  23.8  18.5  16.6  12.3 
1981  11.2  10.8  13.3  15.1  21.0  25.4  27.6  28.6  25.9  20.8  16.4  13.4 
1982   7.7   7.2   9.6  19.0  20.5  24.7  28.4  26.3  25.1  18.4  11.4   8.8 
1983   7.8  10.1  11.3  18.0  23.5  25.5  29.4  27.6  23.7  19.0  16.2  10.9 
1984   9.4   5.6  10.0  16.7  18.4  23.4  28.3  26.3  24.2  18.0  14.3   5.5 
1985   7.1   8.8   8.5  16.5  22.5  26.2  26.6  26.8  25.3  17.9  14.5   9.4 
1986   8.8   8.6   7.8  15.9  21.1  26.0  27.6  27.7  25.3  19.6  12.2   8.2 
1987   9.7   8.9  10.3  13.7  21.2  26.5  27.2  27.7  23.2  15.5  12.7  10.2 
1988   7.0   7.9  11.5  15.6  19.8  26.8  27.4  26.0  24.1  19.9  14.5  10.3 
1989   5.6   5.7  11.8  16.6  21.3  25.5  28.6  28.6  24.3  20.4  15.1  10.0 
1990   6.0   8.1  10.7  16.4  19.8  26.0  27.8  26.8  25.5  18.9  15.7   8.6 
1991 -99.0 -99.0 -99.0 -99.0 -99.0 -99.0 -99.0 -99.0 -99.0 -99.0 -99.0 -99.0 
1992 -99.0 -99.0 -99.0 -99.0 -99.0 -99.0 -99.0 -99.0 -99.0 -99.0 -99.0 -99.0 
1993 -99.0 -99.0 -99.0 -99.0 -99.0 -99.0 -99.0 -99.0 -99.0 -99.0 -99.0 -99.0 
1994 -99.0 -99.0 -99.0 -99.0 -99.0 -99.0 -99.0 -99.0 -99.0 -99.0 -99.0 -99.0 
1995 -99.0 -99.0 -99.0 -99.0 -99.0 -99.0 -99.0 -99.0 -99.0 -99.0 -99.0 -99.0 
1996 -99.0 -99.0 -99.0 -99.0 -99.0 -99.0 -99.0 -99.0 -99.0 -99.0 -99.0 -99.0 
1997 -99.0 -99.0 -99.0 -99.0 -99.0 -99.0 -99.0 -99.0 -99.0 -99.0 -99.0 -99.0 
1998 -99.0 -99.0 -99.0 -99.0 -99.0 -99.0 -99.0 -99.0 -99.0 -99.0 -99.0 -99.0 
1999 -99.0 -99.0 -99.0 -99.0 -99.0 -99.0 -99.0 -99.0 -99.0 -99.0 -99.0 -99.0 
2000 -99.0 -99.0 -99.0 -99.0 -99.0 -99.0 -99.0 -99.0 -99.0 -99.0 -99.0 -99.0 
2001 -99.0 -99.0 -99.0 -99.0 -99.0 -99.0 -99.0 -99.0 -99.0 -99.0 -99.0 -99.0 
2002 -99.0 -99.0 -99.0 -99.0 -99.0 -99.0 -99.0 -99.0 -99.0 -99.0 -99.0 -99.0 
2003 -99.0 -99.0 -99.0 -99.0 -99.0 -99.0 -99.0 -99.0 -99.0 -99.0 -99.0 -99.0 
2004 -99.0 -99.0 -99.0 -99.0 -99.0 -99.0 -99.0 -99.0 -99.0 -99.0 -99.0 -99.0 
2005 -99.0 -99.0 -99.0 -99.0 -99.0 -99.0 -99.0 -99.0 -99.0 -99.0 -99.0 -99.0 
2006 -99.0 -99.0 -99.0 -99.0 -99.0 -99.0 -99.0 -99.0 -99.0 -99.0 -99.0 -99.0 
2007 -99.0 -99.0 -99.0 -99.0 -99.0 -99.0 -99.0 -99.0 -99.0 -99.0 -99.0 -99.0 
2008 -99.0 -99.0 -99.0 -99.0 -99.0 -99.0 -99.0 -99.0 -99.0 -99.0 -99.0 -99.0 
2009 -99.0 -99.0 -99.0 -99.0 -99.0 -99.0 -99.0 -99.0 -99.0 -99.0 -99.0 -99.0 
2010 -99.0 -99.0 -99.0 -99.0 -99.0  30.2  31.4  30.3  26.3 -99.0 -99.0 -99.0 
