Number= 408540
Name= BAM
Country= IRAN
Lat=   29.1
Long=  -58.4
Height= 1067
Start year= 1961
End year= 1990
First Good year= 1961
Source ID= 31
Source file= Jones
Jones data to= 1990
Normals source= Data
Normals source start year= 1961
Normals source end year= 1990
Normals=  10.4  13.1  18.2  23.3  28.5  32.6  33.2  31.5  28.5  23.7  17.3  12.3 
Standard deviations source= Data
Standard deviations source start year= 1961
Standard deviations source end year= 1990
Standard deviations=   2.1   2.3   1.9   1.6   1.3   1.3   1.1   1.4   1.5   1.7   1.6   2.2 
Obs:
1961  10.1  12.2  18.1  19.9  28.0  30.1  32.3  30.0  30.0  22.5  16.4  13.7 
1962  10.5  15.6  19.3  21.6  27.3  30.0  30.8  28.6  25.0  22.8  14.7  11.9 
1963  13.4  16.5  18.3  23.8  26.4  32.7  32.3  31.2  28.0  25.2  17.0  10.8 
1964   4.2  13.5  20.8 -99.0 -99.0  30.8  32.3  31.3  25.9  20.4  16.5   6.9 
1965  10.8  13.6  17.9  21.2  27.9  31.3  32.9  29.7  27.7  26.2  18.9  12.2 
1966  14.9  16.2  18.3  22.2  28.7  33.6  32.5  31.0  29.1  23.8  14.9  13.3 
1967  11.1  13.6  17.5  20.8  27.5  30.5  33.8  31.0  29.9  23.1  18.7  10.6 
1968  11.8  11.2  19.2  21.8  26.0  32.0  32.3  32.3  29.2  24.2  18.7  13.9 
1969  10.2  11.6  22.4  23.5  28.4  32.0  34.6  30.8  27.6  25.9  14.4  14.8 
1970  10.8  15.4  16.9  25.5  29.5  33.2  33.9  34.0  28.0  24.7  18.3  12.3 
1971   9.5  13.4  18.8  23.2  29.8  33.3  31.9  32.0  25.5  22.7  18.0  14.0 
1972   8.4   7.3  17.0  22.5  26.2  32.8  32.4  29.1  28.1  23.9  18.6   9.2 
1973   5.9  15.7  19.1  24.4  29.6  34.1  34.2  30.9  28.7  23.5  16.8  11.0 
1974   8.6   9.1  19.0  24.0  28.3  32.3  32.6  31.4  29.0  19.5  17.4  10.8 
1975   9.7  13.2  17.4  21.2  28.3  31.0  33.0  31.4  28.2  22.6  15.6  10.8 
1976  13.2  11.0  14.3  21.8  28.7  31.1  34.2  30.8  29.8  25.0  14.4  11.5 
1977   7.5  14.1  22.6  23.1  29.2  34.3  34.9  32.3  27.4  24.9  17.8  14.3 
1978  11.4  13.8  17.6  25.6  29.0  33.2  32.8  31.4  28.6  24.2  15.5  16.4 
1979  12.1  14.5  16.4  25.4  26.2  33.3  33.4  30.3  27.6  26.0  16.9  12.7 
1980  11.1  13.7  18.7  26.3  29.5  33.4  32.1  32.5  28.9  24.4  18.7  13.1 
1981  11.8  14.8  19.8  25.6  28.7  32.1  33.0  30.6  27.1  21.4  18.4  14.8 
1982  10.8  10.8  16.3  23.1  28.4  33.0  32.6  32.8  28.3  23.9  15.1   8.9 
1983  10.2  12.6  15.1  20.9  29.8  34.1  34.3  33.6  30.9  22.8  19.0  11.4 
1984   9.9   9.6  20.0  24.2  27.6  31.7  31.9  33.9  28.1  20.8  19.1   8.7 
1985  12.4  16.3  16.5  24.0  28.3  33.5  34.8  30.1  28.5  24.0  18.1  13.0 
1986  11.2  12.6  15.3  24.0  30.1  33.9  32.6  30.6  27.1  25.7  16.6  10.0 
1987  12.7  15.0  19.5  24.7  29.0  31.8  33.0  32.9  31.5  21.8  18.2  14.2 
1988  10.8  12.7  19.1  24.1  31.4  34.5  35.7  32.8  30.7  24.3  19.0  15.1 
1989   8.1   9.4  17.8  22.7  27.9  34.0  34.0  31.0  29.0  25.5  19.1  14.3 
1990  10.3  12.8  17.7  24.5  31.0  33.6  34.1  34.2  30.1  24.5  19.0  13.1 
