Number= 409900
Name= KANDAHAR A
Country= AFGHANISTAN
Lat=   31.5
Long=  -65.9
Height= 1010
Start year= 1963
End year= 2009
First Good year= 1963
Source ID= 10
Source file= Jones
Jones data to= 1988
Normals source= Data
Normals source start year= 1963
Normals source end year= 1988
Normals=   5.6   7.8  14.1  20.7  25.9  30.4  32.1  29.8  24.2  18.3  11.7   7.7 
Standard deviations source= Data
Standard deviations source start year= 1963
Standard deviations source end year= 1988
Standard deviations=   1.8   2.7   1.7   1.6   1.4   1.1   1.0   1.8   1.8   2.1   1.8   2.0 
Obs:
1963 -99.0 -99.0 -99.0 -99.0 -99.0  31.8  32.0  30.2  26.0  20.4  13.9  10.0 
1964   1.5   9.5  16.3  20.9  26.5 -99.0  32.6  31.2 -99.0  14.5   9.0   3.7 
1965   8.7   9.1  14.2  17.8  25.3  29.5  32.7  28.9  23.5  21.5  13.7   6.2 
1966   8.5  12.6  14.8  19.3  26.0  31.8  31.8  29.1  23.9  18.4   7.9   6.3 
1967   4.5  11.6  13.8  19.0  24.6  29.5  33.9  29.3  24.3  17.1  11.9   6.2 
1968   4.5   4.8  13.9 -99.0  22.8  29.6  30.5  28.0 -99.0  16.3  11.2   7.3 
1969 -99.0   7.0  17.8  19.8  25.0  28.8  32.6  28.7  23.0  19.8  11.2   9.1 
1970   6.7   8.7  11.6  21.6  26.9  30.2  31.5  32.1  24.7  18.2  10.9   7.7 
1971   3.5   9.1  14.8  23.2  27.3  31.4  31.2  30.2  22.4  16.6  13.2   9.5 
1972   5.2   2.6  13.3  19.3  24.5  29.4  29.8  26.3  22.6  16.6  12.8   6.6 
1973   3.1   2.6  14.6  21.5  27.4  32.1  32.1  29.8  24.2  17.8 -99.0 -99.0 
1974   4.2   4.0  16.0  21.5  24.9  28.8  31.4  27.9  23.8  14.0   9.9   6.3 
1975   4.2   7.1  13.1  18.7  24.6  28.9  31.5  29.5  23.9  16.2   9.1   7.2 
1976   7.9   8.9  11.6  19.0  26.1  29.8  32.8  30.9  26.3  19.9   9.6   6.2 
1977   4.4   8.1  17.5  20.7  25.8  31.8 -99.0  29.6  23.7  20.8 -99.0 -99.0 
1978   5.1   8.6  13.1  22.1  27.1  31.7  33.0  30.0  21.6  18.1  11.7  13.6 
1979   7.1   9.4  11.9  22.4  23.4  31.8  32.1  27.8  24.3  20.4  10.5   8.2 
1980   5.0   8.6  13.1  23.4  26.9  30.8  32.3  30.5 -99.0  21.3  13.4   8.7 
1981   6.3   9.6  14.7  22.4  27.4  29.8  32.9  29.7  22.3 -99.0 -99.0   9.4 
1982   6.4   5.3  13.2  19.9  25.6  29.5  29.9  29.5  23.2  20.0  12.0   6.4 
1983   6.1   8.4  12.3  17.9  26.6  31.0  33.7  35.0  30.2  17.3  12.3   7.0 
1984   4.5   4.2 -99.0 -99.0  26.8 -99.0  32.5  32.6 -99.0 -99.0  14.6 -99.0 
1985 -99.0  10.8  15.5  21.8  26.1  30.6  33.3  28.7  23.8  17.9  12.7   8.3 
1986 -99.0 -99.0  12.0  21.0  25.2  30.9  32.0  28.2  24.4  20.5 -99.0 -99.0 
1987   7.8 -99.0 -99.0 -99.0 -99.0 -99.0 -99.0 -99.0  26.6 -99.0  13.3 -99.0 
1988   7.7   9.9  14.3  22.4  28.9 -99.0 -99.0  31.9 -99.0 -99.0 -99.0 -99.0 
1989 -99.0 -99.0 -99.0 -99.0 -99.0 -99.0 -99.0 -99.0 -99.0 -99.0 -99.0 -99.0 
1990 -99.0 -99.0 -99.0 -99.0 -99.0 -99.0 -99.0 -99.0 -99.0 -99.0 -99.0 -99.0 
1991 -99.0 -99.0 -99.0 -99.0 -99.0 -99.0 -99.0 -99.0 -99.0 -99.0 -99.0 -99.0 
1992 -99.0 -99.0 -99.0 -99.0 -99.0 -99.0 -99.0 -99.0 -99.0 -99.0 -99.0 -99.0 
1993 -99.0 -99.0 -99.0 -99.0 -99.0 -99.0 -99.0 -99.0 -99.0 -99.0 -99.0 -99.0 
1994 -99.0 -99.0 -99.0 -99.0 -99.0 -99.0 -99.0 -99.0 -99.0 -99.0 -99.0 -99.0 
1995 -99.0 -99.0 -99.0 -99.0 -99.0 -99.0 -99.0 -99.0 -99.0 -99.0 -99.0 -99.0 
1996 -99.0 -99.0 -99.0 -99.0 -99.0 -99.0 -99.0 -99.0 -99.0 -99.0 -99.0 -99.0 
1997 -99.0 -99.0 -99.0 -99.0 -99.0 -99.0 -99.0 -99.0 -99.0 -99.0 -99.0 -99.0 
1998 -99.0 -99.0 -99.0 -99.0 -99.0 -99.0 -99.0 -99.0 -99.0 -99.0 -99.0 -99.0 
1999 -99.0 -99.0 -99.0 -99.0 -99.0 -99.0 -99.0 -99.0 -99.0 -99.0 -99.0 -99.0 
2000 -99.0 -99.0 -99.0 -99.0 -99.0 -99.0 -99.0 -99.0 -99.0 -99.0 -99.0 -99.0 
2001 -99.0 -99.0 -99.0 -99.0 -99.0 -99.0 -99.0 -99.0 -99.0 -99.0 -99.0 -99.0 
2002 -99.0 -99.0 -99.0 -99.0 -99.0 -99.0 -99.0 -99.0 -99.0 -99.0 -99.0 -99.0 
2003 -99.0 -99.0 -99.0 -99.0 -99.0 -99.0 -99.0 -99.0 -99.0 -99.0 -99.0 -99.0 
2004 -99.0 -99.0 -99.0 -99.0 -99.0 -99.0 -99.0 -99.0 -99.0 -99.0 -99.0 -99.0 
2005 -99.0 -99.0 -99.0 -99.0 -99.0 -99.0 -99.0 -99.0 -99.0 -99.0 -99.0 -99.0 
2006 -99.0 -99.0 -99.0 -99.0 -99.0 -99.0 -99.0 -99.0 -99.0 -99.0 -99.0 -99.0 
2007 -99.0 -99.0 -99.0 -99.0 -99.0 -99.0 -99.0 -99.0 -99.0 -99.0 -99.0 -99.0 
2008 -99.0 -99.0 -99.0 -99.0 -99.0 -99.0 -99.0 -99.0 -99.0 -99.0 -99.0 -99.0 
2009 -99.0 -99.0 -99.0 -99.0 -99.0 -99.0 -99.0 -99.0 -99.0 -99.0 -99.0   9.4 
