Number= 296120
Name= BARABINSK
Country= RUSSIA (ASIA)
Lat=   55.3
Long=  -78.4
Height= 120
Start year= 1900
End year= 2010
First Good year= 1900
Source ID= 37
Source file= Jones
Jones data to= 1990
Normals source= Data
Normals source start year= 1961
Normals source end year= 1990
Normals= -18.5 -18.0  -9.6   1.6  10.3  16.8  19.3  15.5   9.9   1.0  -8.6 -15.4 
Standard deviations source= Data
Standard deviations source start year= 1941
Standard deviations source end year= 1990
Standard deviations=   4.1   3.8   3.2   2.7   1.9   1.6   1.7   1.2   1.6   1.8   4.0   4.2 
Obs:
1900 -99.0 -99.0 -99.0 -99.0 -99.0 -99.0 -99.0 -99.0 -99.0 -99.0 -11.0 -14.4 
1901 -99.0 -14.9  -9.1   2.7  10.5  15.3  20.2  14.6   8.3  -3.0  -7.6 -18.9 
1902 -99.0 -17.4 -12.7  -4.5   8.9  15.2  19.8  16.8  10.4  -0.1 -14.5 -21.5 
1903 -18.8 -10.4 -12.9  -3.0   7.9  12.9  16.1  14.1   8.9  -1.4 -10.4 -18.4 
1904 -18.3 -14.9 -12.9  -5.6  12.7  17.6  17.8  16.0   8.1   1.7  -5.6 -11.4 
1905 -18.2 -99.0 -16.2  -5.1   8.2  13.5  18.5  15.7  11.2   2.9  -6.7 -12.1 
1906 -23.6 -23.0  -7.1   3.1   8.8  17.1  16.2  18.8   9.8   0.5 -11.3 -12.6 
1907 -23.4 -18.4 -10.1   1.3   9.2  13.2  16.6  19.3  11.7  -0.5 -15.4 -18.4 
1908 -21.5 -19.2 -15.8  -3.5  12.9  14.9  17.3  17.0  10.4  -0.4 -10.7 -15.8 
1909 -21.5 -17.2 -16.4   2.0   9.2  16.5  20.0  15.7   8.6   0.3  -4.4 -16.1 
1910 -19.4 -17.4 -13.9  -0.6  10.5  14.1  18.6  17.1   9.6  -1.3 -13.8 -15.5 
1911 -21.2 -20.7 -13.3   1.1   8.1  17.6  19.4  15.0   9.7   2.4  -5.5 -18.3 
1912 -18.2 -19.8 -16.9 -99.0  11.6  14.8  18.6  11.5   8.8  -4.1  -9.9 -18.3 
1913 -19.0 -19.6  -7.2  -3.8  10.1  16.3  16.6  15.1   8.2   2.0  -6.9  -8.7 
1914 -14.0 -13.1 -15.0   0.2  10.5  15.0  14.4  16.7   9.9  -2.0  -9.4 -16.9 
1915 -22.7 -15.0 -12.4   1.9  13.5  20.7  21.0  16.8  10.7  -2.7  -7.4 -15.5 
1916 -18.8 -16.8 -14.9  -3.5  10.1  17.4  17.7  15.5  11.2 -99.0  -8.2 -21.1 
1917 -16.8 -18.8 -14.6   1.6  13.1  13.6  17.7  12.3  11.7   3.0  -5.9 -17.3 
1918 -15.2 -18.2 -10.7  -0.4   8.8  17.1  19.7  16.9   9.0   1.0  -9.2 -22.5 
1919 -27.6 -17.9 -15.4   0.8 -99.0 -99.0 -99.0 -99.0 -99.0 -99.0 -99.0 -99.0 
1920 -99.0 -99.0 -99.0 -99.0 -99.0 -99.0 -99.0 -99.0 -99.0 -99.0 -99.0 -99.0 
1921 -99.0 -99.0 -99.0 -99.0 -99.0 -99.0 -99.0 -99.0 -99.0 -99.0 -99.0 -99.0 
1922 -99.0 -99.0 -99.0 -99.0 -99.0 -99.0 -99.0 -99.0 -99.0 -99.0 -99.0 -99.0 
1923 -99.0 -99.0 -99.0 -99.0 -99.0 -99.0 -99.0 -99.0 -99.0 -99.0 -99.0 -99.0 
1924 -99.0 -99.0 -99.0 -99.0 -99.0 -99.0 -99.0 -99.0 -99.0 -99.0 -99.0 -99.0 
1925 -13.7 -16.4 -11.1  -3.3   7.0  15.8  16.0  17.4  10.8   3.9  -5.9 -14.3 
1926 -16.8 -19.9  -8.2  -1.1   5.4  17.2  16.9  15.3   8.9   2.9  -8.6 -18.8 
1927 -24.4 -16.4 -17.6  -0.5  13.6  15.9  18.0  15.7  12.3   1.5 -11.5 -18.3 
1928 -19.6 -17.9 -15.9  -2.0  10.0  15.6  19.6  15.7  11.0   3.1  -9.6 -17.9 
1929 -23.2 -25.1  -9.3   2.1   7.0  19.2  18.9  14.5  10.4   2.7  -5.8 -27.2 
1930 -20.0 -20.1  -7.8  -4.8   8.4  17.8  17.9  14.6   8.3   1.7  -6.5 -18.6 
1931 -22.1 -24.1 -11.0  -0.1   8.6  19.3  19.0  18.3  10.8   4.1 -10.6 -15.7 
1932 -13.8 -16.5 -11.3   4.1   9.5  16.0  20.0  15.4  10.9   5.2  -8.2 -14.7 
1933 -23.7 -23.2 -12.9   1.8   9.5  14.0  19.7  17.2   7.5   0.9  -7.6 -18.9 
1934 -17.6 -13.0 -13.4  -5.1  10.3  17.4  15.3  15.8   6.1   2.2  -6.5 -16.8 
1935 -21.4 -12.3 -11.8  -1.7  11.0  18.1  19.2  16.6  10.4   1.8 -13.0 -21.5 
1936 -17.9 -16.4 -12.9  -2.4   8.6  16.7  18.0  13.8  10.7   4.2  -4.8 -11.5 
1937 -18.1 -19.1 -15.2  -2.5   9.4  16.6  18.4  13.9  10.0   2.9  -8.8 -20.1 
1938 -22.7 -14.9 -11.7   5.1  10.7  15.4  17.4  16.4   7.9   0.7  -4.1 -24.8 
1939 -22.0 -14.0 -11.5   4.8   9.8  17.2  16.6  14.0  10.3   0.0 -11.5 -13.5 
1940 -28.7 -17.8  -7.5   4.6   7.9  16.7  20.4  15.8   9.5  -1.7  -7.8 -17.0 
1941 -20.1 -22.4  -9.6  -3.4   8.5  17.5  15.5  14.3   9.5   1.8 -13.5 -20.7 
1942 -19.4 -19.1 -14.5  -0.3   8.4  17.5  18.9  15.5  11.1   1.2  -7.0 -14.9 
1943 -22.3 -19.8 -12.5   2.7  14.0  16.1  17.6  16.8  10.4   0.9 -13.1 -14.5 
1944 -18.0 -14.7  -5.0   4.2  10.7  16.2  17.8  15.1  10.1   2.1 -14.9 -19.4 
1945 -23.1 -24.8 -13.1   4.4  12.2  17.1  17.6  16.0   9.7   2.5 -11.1 -19.3 
1946 -17.1 -10.9 -14.0   1.3   8.9  13.4  19.0  14.1   7.7   1.5 -10.0 -24.1 
1947 -24.5 -21.7  -9.8   3.4  10.4  17.4  15.9  15.0   8.7   4.0  -8.1 -20.2 
1948 -14.7 -18.4 -10.3  -0.3   9.5  14.9  20.1  14.4   9.8   3.9  -8.2 -18.4 
1949 -12.5 -15.4 -14.1   2.3   9.3  15.3  16.1  17.5   7.1   2.5 -11.2 -22.7 
1950 -23.2 -19.0 -11.3  -0.7   9.9  17.0  19.6  16.1  11.2   1.1 -14.7 -13.9 
1951 -21.1 -27.7  -8.9   6.1  11.7  16.6  20.7  13.8  11.7   0.9 -10.2  -9.8 
1952 -17.7 -19.2 -14.5  -2.7  12.4  17.2  20.7  16.5  12.3   0.0 -19.4 -16.2 
1953 -19.7 -17.1  -8.9   3.9  12.5  15.4  20.6  15.6  12.0   0.8 -19.7 -14.2 
1954 -25.4 -23.8 -14.0  -2.1   7.4  16.3  17.5  15.9  10.4   3.3 -10.5 -22.8 
1955 -18.0 -19.8 -13.5   0.8  13.5  19.6  18.3  17.3   7.9   1.7  -7.6 -20.0 
1956 -21.9 -21.3 -14.8   1.1  11.8  14.6  19.5  16.8   7.6   2.9  -7.3 -16.1 
1957 -21.1 -17.0 -13.5  -1.3  10.6  16.9  17.9  16.1  12.1   1.7 -10.3 -12.9 
1958 -21.0 -12.2 -14.9  -2.3   8.0  15.1  18.7  16.9   7.2   1.6  -5.7 -17.1 
1959 -17.8 -15.9 -10.1  -0.2  11.1  17.4  17.9  14.3  11.4  -0.2 -13.0 -20.2 
1960 -22.1 -15.7 -17.6   0.7   8.7  15.8  15.8  14.3   9.9  -0.2 -13.8 -15.7 
1961 -15.9 -16.0  -8.3   4.1  11.3  15.0  18.9  15.4   9.8  -3.8  -8.2 -12.2 
1962 -14.9 -13.5  -6.5   3.7  14.1  17.4  20.2  15.5  10.0   0.7 -13.0 -15.0 
1963 -17.3 -12.8 -10.0  -1.9   8.7  17.0  19.1  14.5   9.1   3.1  -4.1 -12.9 
1964 -12.8 -21.5 -14.5  -5.4  11.6  16.3  20.1  16.4  10.1  -1.0  -5.0 -12.0 
1965 -17.8 -16.5  -6.1   1.5  14.1  19.0  21.9  14.8  10.7   1.5 -12.4 -17.4 
1966 -21.5 -20.6 -10.9  -0.9   9.1  15.7  20.3  17.1  13.6  -0.7 -12.1 -25.7 
1967 -19.2 -19.8  -9.1   5.5  10.9  17.2  20.8  13.8   7.2   5.0  -8.3 -12.6 
1968 -19.2 -16.3  -5.1   2.7  12.2  13.8  19.0  15.6   6.4   0.4 -15.6 -25.0 
1969 -31.7 -28.3 -15.3   0.4   6.9  17.0  23.3  13.0   8.8   0.3  -5.0 -17.9 
1970 -18.9 -16.4 -11.9   2.6   9.0  15.9  16.5  14.7  11.6  -0.5  -8.5 -19.4 
1971 -14.7 -23.2 -12.9   1.3   9.4  16.7  18.6  15.6  11.5   3.4  -4.0 -14.9 
1972 -27.0 -19.2 -13.1   3.9   8.9  15.5  15.9  13.6   6.0   1.6  -6.6 -14.9 
1973 -23.0 -18.2  -9.2   3.5  10.1  17.5  17.6  16.4  10.0   0.3  -5.3 -11.1 
1974 -23.7 -23.5 -10.7   3.5  11.6  16.1  19.6  15.8   9.8   0.4 -13.0 -19.2 
1975 -14.0 -14.5  -6.9   1.5   8.2  15.6  19.6  15.4  10.2   0.2 -10.0 -16.2 
1976 -13.3 -21.0 -11.4   2.8  10.4  20.4  18.0  16.3   9.3  -4.8 -14.1 -18.0 
1977 -25.3 -20.9  -7.9   4.3  11.8  19.3  19.4  13.6   9.8   1.4  -4.7 -16.3 
1978 -15.3 -19.9  -9.7   3.4   8.4  17.9  20.0  12.9  10.9   2.7  -5.0 -15.8 
1979 -24.7 -14.7 -10.6  -3.8  10.1  16.5  20.1  15.5  11.0   1.7  -7.3 -12.1 
1980 -19.9 -18.2 -11.3   0.2  12.2  16.2  17.1  14.8  10.7   2.0  -6.8 -12.4 
1981 -16.1 -15.3  -7.0   3.1  10.7  19.0  17.4  18.4  10.4   1.8  -9.6 -13.3 
1982 -18.3 -15.6 -14.4   5.6  12.8  20.3  18.9  16.4  10.7   1.2  -4.5 -10.3 
1983 -11.5 -12.1  -6.9   0.0   7.5  19.8  20.1  16.1   7.9   4.9  -4.5  -9.0 
1984 -14.7 -19.6  -6.9  -4.3   9.4  15.9  17.5  16.6  10.1   1.6 -15.7 -25.7 
1985 -17.3 -19.7 -11.7   2.7   7.5  15.2  18.3  16.0  10.7   0.6  -9.9 -14.7 
1986 -16.0 -18.9 -10.3   2.3   9.0  14.3  18.7  15.4   9.6   1.5  -6.6 -18.2 
1987 -18.7 -14.0 -10.4  -0.6  11.9  14.9  20.7  17.9  10.0   0.2 -15.9 -12.4 
1988 -17.7 -20.5  -8.1   3.2   8.9  15.8  19.8  16.5  11.2   1.9  -4.9 -10.2 
1989 -15.1 -14.6  -6.1   0.5  11.3  15.8  21.9  16.9   9.0   2.8  -7.7 -12.8 
1990 -18.0 -14.1  -3.8   3.3 -99.0 -99.0 -99.0 -99.0 -99.0 -99.0 -99.0 -99.0 
1991 -99.0 -99.0 -99.0 -99.0 -99.0 -99.0 -99.0 -99.0 -99.0 -99.0 -99.0 -99.0 
1992 -99.0 -99.0 -99.0 -99.0 -99.0 -99.0 -99.0 -99.0 -99.0 -99.0 -99.0 -99.0 
1993 -99.0 -99.0 -99.0 -99.0 -99.0 -99.0 -99.0 -99.0 -99.0 -99.0 -99.0 -99.0 
1994 -99.0 -99.0 -99.0 -99.0 -99.0 -99.0 -99.0 -99.0 -99.0 -99.0 -99.0 -99.0 
1995 -99.0 -99.0 -99.0 -99.0 -99.0 -99.0 -99.0 -99.0 -99.0 -99.0 -99.0 -99.0 
1996 -99.0 -99.0 -99.0 -99.0 -99.0 -99.0 -99.0 -99.0 -99.0 -99.0 -99.0 -99.0 
1997 -99.0 -99.0 -99.0 -99.0 -99.0 -99.0 -99.0 -99.0 -99.0 -99.0 -99.0 -99.0 
1998 -99.0 -99.0 -99.0 -99.0 -99.0 -99.0 -99.0 -99.0 -99.0 -99.0 -99.0 -99.0 
1999 -99.0 -99.0 -99.0 -99.0 -99.0 -99.0 -99.0 -99.0 -99.0 -99.0 -99.0 -99.0 
2000 -99.0 -99.0 -99.0 -99.0 -99.0 -99.0 -99.0 -99.0 -99.0 -99.0 -99.0 -99.0 
2001 -99.0 -99.0 -99.0 -99.0 -99.0 -99.0 -99.0 -99.0 -99.0 -99.0 -99.0 -99.0 
2002 -99.0 -99.0 -99.0 -99.0 -99.0 -99.0 -99.0 -99.0 -99.0 -99.0 -99.0 -99.0 
2003 -99.0 -99.0 -99.0 -99.0 -99.0 -99.0 -99.0 -99.0 -99.0 -99.0 -99.0 -99.0 
2004 -99.0 -99.0 -99.0 -99.0 -99.0 -99.0 -99.0 -99.0 -99.0 -99.0 -99.0 -99.0 
2005 -99.0 -99.0 -99.0 -99.0 -99.0 -99.0 -99.0 -99.0 -99.0 -99.0 -99.0 -99.0 
2006 -99.0 -99.0 -99.0 -99.0 -99.0 -99.0 -99.0 -99.0 -99.0 -99.0 -99.0 -99.0 
2007 -99.0 -99.0 -99.0 -99.0 -99.0 -99.0 -99.0 -99.0 -99.0 -99.0 -99.0 -99.0 
2008 -99.0 -99.0 -99.0 -99.0 -99.0 -99.0 -99.0 -99.0 -99.0 -99.0 -99.0 -99.0 
2009 -99.0 -99.0 -99.0 -99.0 -99.0 -99.0 -99.0 -99.0 -99.0 -99.0 -99.0 -99.0 
2010 -99.0 -99.0 -99.0 -99.0 -99.0  17.0  17.2  16.7  10.2   4.4  -3.9 -20.7 
