Number= 574940
Name= HANKOW
Country= CHINA
Lat=   30.6
Long= -114.3
Height= 139
Start year= 1905
End year= 2010
First Good year= 1905
Source ID= 10
Source file= Jones
Jones data to= 1988
Normals source= Data
Normals source start year= 1961
Normals source end year= 1988
Normals=   3.4   5.1  10.0  16.4  21.7  25.6  28.7  28.4  23.2  17.6  11.3   5.5 
Standard deviations source= Data
Standard deviations source start year= 1941
Standard deviations source end year= 1988
Standard deviations=   1.5   1.9   1.3   1.1   1.1   1.0   1.1   1.1   1.1   1.1   1.2   1.5 
Obs:
1905 -99.0   2.8   7.5  13.7  19.9  27.3  28.6  26.9  22.4  17.3  12.0   5.9 
1906   3.1   2.3   9.8  16.2  20.8  24.6  28.7  26.7  22.6  17.3   9.2   6.7 
1907   5.5   2.9   8.4  15.7  21.6  24.7  26.1  28.8  23.0  18.0  10.8   6.9 
1908   3.9   4.0   9.3  13.7  21.5  25.7  27.7  29.5  23.3  17.6  11.6   7.6 
1909   2.3   5.8   8.4  17.3  21.4  23.2  27.5  28.5  24.9  17.2  13.0   4.8 
1910   2.3   4.1   8.8  13.6  19.8  24.5  28.6  28.3  22.5  18.1  11.1   3.8 
1911   2.6   3.8   9.4  16.3  20.0  23.4  28.1  27.6  24.5  17.5  11.5   4.3 
1912   3.5   7.3   8.0  17.3  21.8  26.4  28.1  27.5  22.5  17.3   9.2   3.8 
1913   4.0   5.7   9.0  14.2  21.1  25.2  26.7  29.4  24.0  19.4  11.1   4.5 
1914   7.5   6.9  11.3  15.1  19.9  26.4  30.3  27.6  22.0  18.5  11.4   6.0 
1915   3.2   4.5  10.4  13.5  22.1  25.1  27.1  27.0  22.0  17.3  11.8   8.4 
1916   3.8   4.6   9.1  15.8  20.7  24.5  26.9  27.0  22.7  16.6  10.4   4.1 
1917   1.9   5.5   9.4  16.4  20.5  25.2  27.5  27.3  23.9  17.5  10.5   4.3 
1918   3.1   5.4   9.4  15.5  20.8  24.4  26.7  27.1  23.7  18.5  11.2   3.9 
1919   2.7   6.5  11.5  18.1  22.2  25.0  26.8  28.9  22.7  17.6  11.1   5.2 
1920   5.0   1.5   8.5  15.6  21.3  25.2  28.5  27.9  23.2  18.6  12.9   5.4 
1921   1.5   7.7   8.9  15.4  21.2  23.3  29.4  27.0  22.0  17.1  11.9   6.9 
1922   1.3   6.6  10.3  16.5  21.2  26.0  28.4  28.9  24.1  18.6  11.4   6.6 
1923   3.4   3.6  12.4  15.5  22.5  24.8  28.3  28.7  23.2  17.7  12.1   6.0 
1924   4.4   4.9   8.2  17.2  19.6  25.2  27.0  28.7  24.3  17.6  11.0   6.2 
1925   2.7   4.7  10.6  14.1  21.8  27.3  29.6  27.4  24.4  18.4  13.0   6.3 
1926   5.0   4.8  10.8  16.9  23.4  24.2  26.9  29.3  24.3  16.7  11.5   5.4 
1927   3.9   4.1   9.0  15.6  22.0  25.5  29.4  28.1  22.8  17.9  13.2   7.1 
1928   3.3   5.6  11.2  17.7  23.5  25.7  29.3  27.8  24.0  17.6  11.1   4.6 
1929   2.6   4.8  10.8  17.7  22.7  26.5  28.4  28.0  22.8  17.3  11.2   1.8 
1930  -1.2   7.2  11.5  15.1  22.2  24.4  30.7  27.4  21.9  17.5  11.4   6.9 
1931   2.2   2.2  11.7  15.6  20.1  25.8  25.6  29.3  24.2  18.1  11.7   5.1 
1932   5.5   3.9  11.6  16.2  20.3  24.8  29.8  28.6  23.3  18.0  13.0   5.5 
1933  -0.5   5.4   8.8  15.4  21.8  24.8  29.3  28.9  24.2  15.8  12.0   7.3 
1934   2.1   6.1  10.0  13.9  23.1  25.8  31.4  29.6  23.7  15.5  11.0   6.6 
1935   3.7   6.8  13.1  15.3  21.7  25.1  28.7  29.7  24.5  19.5  10.7   3.3 
1936   2.7   4.0   7.5  15.4  21.0  26.9  27.6  27.6  24.8  20.2  12.8   5.3 
1937   3.2   5.2  10.0  16.0  22.6  25.0  28.5  28.2  23.4  18.3   9.8   7.2 
1938   2.2   6.7  10.2  19.1 -99.0 -99.0 -99.0 -99.0 -99.0 -99.0 -99.0 -99.0 
1939   4.0   5.4  10.6  15.4  22.9  25.6  28.2  28.3  23.9  19.0  10.3   7.0 
1940   4.8   5.1   9.8  17.3  21.2  25.9  29.5  27.1  23.0  18.8  12.4   8.1 
1941   5.3   5.6  11.6  17.5  21.8  26.7  27.7  27.2  22.9  19.4  12.2   6.8 
1942   5.0   4.1  12.3  17.2  21.0  24.5  29.6  28.9  24.5  18.6  13.1   6.7 
1943 -99.0 -99.0 -99.0 -99.0 -99.0 -99.0 -99.0 -99.0 -99.0 -99.0 -99.0 -99.0 
1944 -99.0 -99.0 -99.0 -99.0 -99.0 -99.0 -99.0 -99.0 -99.0 -99.0 -99.0 -99.0 
1945 -99.0 -99.0 -99.0 -99.0 -99.0 -99.0 -99.0 -99.0 -99.0 -99.0 -99.0 -99.0 
1946 -99.0 -99.0 -99.0 -99.0 -99.0 -99.0 -99.0 -99.0 -99.0 -99.0 -99.0 -99.0 
1947   4.8   6.0  12.5  18.4  21.9  26.4  29.7  29.7  25.3  17.5  12.4   5.1 
1948   4.8   8.2  10.2  18.9  20.9  26.8  29.2  29.8  24.9  18.2  11.1   7.6 
1949   4.8   7.7  10.7  16.7  22.9  25.7  29.8  28.2  25.7  19.5  12.0   6.9 
1950   6.2   5.2  11.5  17.1  22.7  26.5  29.6  29.1  22.9  18.0  11.0   5.5 
1951   1.4   4.4   8.9  14.4  23.1  25.8  27.7  29.7  23.2  19.7  11.3   7.4 
1952   5.1   3.0   8.2  17.7  21.6  27.2  29.1  26.7  24.0  18.4  12.2   4.0 
1953   3.7   5.5  11.0  15.8  23.0  26.3  30.5  29.4  22.7  18.9  11.2   6.2 
1954   3.1   5.5   9.5  15.9  20.9  24.7  26.5  28.7  25.3  17.5  13.6   1.4 
1955  -0.5   7.3   8.8  15.3  21.4  25.1  28.8  28.5  25.9  17.7  11.5   8.1 
1956   1.7   5.8   8.9  17.4  19.7  27.0  29.6  27.2  24.0  17.1   9.7   4.0 
1957   2.2   1.8   9.5  16.3  20.7  25.4  29.2  27.4  21.9  17.6  12.8   7.3 
1958   3.1   5.7  11.4  17.4  20.1  27.4  30.5  26.7  23.2  15.5  11.0   7.2 
1959   3.3   5.3  12.5  16.9  20.0  25.7  30.6  31.3  24.7  19.0   9.7   5.5 
1960   4.2   8.1  11.7  15.5  20.7  26.6  29.0  29.0  24.7  17.0  11.3   4.5 
1961   3.1   6.8  10.5  17.7  21.6  28.2  30.5  29.0  23.5  18.0  12.6   5.6 
1962   2.1   7.0   9.7  14.5  20.7  25.6  29.5  27.7  23.5  17.6  10.0   6.2 
1963   1.7   5.7  10.3  15.1  21.8  26.0  28.1  28.1  24.0  17.2  12.4   5.3 
1964   3.8   0.1  10.5  17.9  21.1  24.5  29.9  29.0  24.3  18.0  11.4   5.3 
1965   5.0   6.3  10.1  14.6  22.3  24.7  29.3  26.2  22.2  17.6  11.7   4.4 
1966   4.2   7.1  10.6  15.4  20.7  25.2  29.3  29.8  22.3  17.1  11.0   3.1 
1967   2.6   4.5  10.0  15.3  22.6  26.5  28.5  30.6  22.4  16.2   8.6   2.3 
1968   2.9   3.6  11.3  16.6  20.9  26.7  27.5  27.9  23.9  16.1  12.6   7.6 
1969   1.0  -0.2   9.1  15.5  22.9  24.6  27.7  27.8  23.9  18.6   9.2   5.1 
1970   2.1   6.6   7.2  15.2  21.6  23.3  27.8  29.0  22.2  18.0  10.5   6.2 
1971   3.8   4.2   9.0  16.0  20.8  25.0  30.7  27.8  22.3  15.3  10.5   4.2 
1972   3.1   1.7  11.1  15.0  21.2  27.0  28.2  28.0  21.7  16.6  11.4   5.5 
1973   3.9   6.1  11.2  17.5  20.3  25.1  27.9  29.1  21.6  17.2  12.1   5.6 
1974   2.3   3.9  10.2  18.3  22.1  25.8  27.7  27.7  23.6  16.7  12.0   4.2 
1975   5.3   6.5  10.9  16.2  19.9  25.6  28.7  28.4  25.3  17.7  10.5   3.2 
1976   3.6   6.6   8.9  15.2  22.0  25.0  27.7  28.4  22.8  18.5   8.1   5.6 
1977   0.1   4.3  11.9  17.3  19.8  25.1  29.0  27.2  23.1  19.4  11.2   7.0 
1978   4.2   4.9  10.0  16.7  22.3  25.4  30.2  29.9  24.3  17.5  10.8   6.6 
1979   3.7   7.6  10.1  15.9  20.6  26.5  28.7  28.8  21.8  18.9  10.6   7.6 
1980   4.1   5.0   7.6  15.9  22.8  25.6  27.3  25.9  22.3  18.6  13.9   6.4 
1981   2.4   5.8  12.6  17.0  21.8  26.6  30.0  29.6  22.9  15.2  10.3   5.9 
1982   5.1   5.2  10.2  16.5  23.4  24.4  28.8  27.2  22.2  19.7  12.4   6.0 
1983   3.9   5.9  10.0  17.0  23.2  25.2  27.5  28.6  25.0  17.7  12.6   7.0 
1984   2.0   3.8  10.9  16.6  21.1  26.4  29.0  29.2  23.2  17.8  12.8   3.7 
1985   3.8   5.6   8.0  18.2  22.8  25.7  28.8  29.7  23.6  17.3  12.2   3.6 
1986   5.3   6.3  11.1  16.8  23.5  26.0  27.8  28.2  23.6  17.0  10.7   6.1 
1987   5.8   7.2   9.2  16.4  22.3  24.6  27.8  28.9  24.5  19.4  11.5   7.1 
1988   4.0   4.8   8.6  17.6  22.5  26.4  30.7  28.0  23.2  18.1  12.8   7.6 
1989 -99.0 -99.0 -99.0 -99.0 -99.0 -99.0 -99.0 -99.0 -99.0 -99.0 -99.0 -99.0 
1990 -99.0 -99.0 -99.0 -99.0 -99.0 -99.0 -99.0 -99.0 -99.0 -99.0 -99.0 -99.0 
1991 -99.0 -99.0 -99.0 -99.0 -99.0 -99.0 -99.0 -99.0 -99.0 -99.0 -99.0 -99.0 
1992 -99.0 -99.0 -99.0 -99.0 -99.0 -99.0 -99.0 -99.0 -99.0 -99.0 -99.0 -99.0 
1993 -99.0 -99.0 -99.0 -99.0 -99.0 -99.0 -99.0 -99.0 -99.0 -99.0 -99.0 -99.0 
1994 -99.0 -99.0 -99.0 -99.0 -99.0 -99.0 -99.0 -99.0 -99.0 -99.0 -99.0 -99.0 
1995 -99.0 -99.0 -99.0 -99.0 -99.0 -99.0 -99.0 -99.0 -99.0 -99.0 -99.0 -99.0 
1996 -99.0 -99.0 -99.0 -99.0 -99.0 -99.0 -99.0 -99.0 -99.0 -99.0 -99.0 -99.0 
1997 -99.0 -99.0 -99.0 -99.0 -99.0 -99.0 -99.0 -99.0 -99.0 -99.0 -99.0 -99.0 
1998 -99.0 -99.0 -99.0 -99.0 -99.0 -99.0 -99.0 -99.0 -99.0 -99.0 -99.0 -99.0 
1999 -99.0 -99.0 -99.0 -99.0 -99.0 -99.0 -99.0 -99.0 -99.0 -99.0 -99.0 -99.0 
2000 -99.0 -99.0 -99.0 -99.0 -99.0 -99.0 -99.0 -99.0 -99.0 -99.0 -99.0 -99.0 
2001 -99.0 -99.0 -99.0 -99.0 -99.0 -99.0 -99.0 -99.0 -99.0 -99.0 -99.0 -99.0 
2002 -99.0 -99.0 -99.0 -99.0 -99.0 -99.0 -99.0 -99.0 -99.0 -99.0 -99.0 -99.0 
2003 -99.0 -99.0 -99.0 -99.0 -99.0 -99.0 -99.0 -99.0 -99.0 -99.0 -99.0 -99.0 
2004 -99.0 -99.0 -99.0 -99.0 -99.0 -99.0 -99.0 -99.0 -99.0 -99.0 -99.0 -99.0 
2005 -99.0 -99.0 -99.0 -99.0 -99.0 -99.0 -99.0 -99.0 -99.0 -99.0 -99.0 -99.0 
2006 -99.0 -99.0 -99.0 -99.0 -99.0 -99.0 -99.0 -99.0 -99.0 -99.0 -99.0 -99.0 
2007 -99.0 -99.0 -99.0 -99.0 -99.0 -99.0 -99.0 -99.0 -99.0 -99.0 -99.0 -99.0 
2008 -99.0 -99.0 -99.0 -99.0 -99.0 -99.0 -99.0 -99.0 -99.0 -99.0 -99.0 -99.0 
2009 -99.0 -99.0 -99.0 -99.0 -99.0 -99.0 -99.0 -99.0 -99.0 -99.0 -99.0 -99.0 
2010 -99.0 -99.0 -99.0 -99.0 -99.0  25.2  28.5  28.6  24.1  16.7 -99.0 -99.0 
