Number= 941010
Name= KALUMBURU MISSION
Country= AUSTRALIA
Lat=  -14.3
Long= -126.6
Height= 23
Start year= 1941
End year= 2007
First Good year= 1941
Source ID= 30
Source file= Jones+Anders
Jones data to= 2000
Normals source= Data
Normals source start year= 1961
Normals source end year= 1990
Normals=  29.4  28.6  28.4  27.4  25.7  23.6  22.8  24.4  27.2  29.1  30.6  30.9
Standard deviations source= Data
Standard deviations source start year= 1941
Standard deviations source end year= 1990
Standard deviations=   0.8   0.8   0.7   1.1   1.3   1.4   1.4   1.2   1.2   0.9   0.8   1.2
Obs:
1941 -99.0 -99.0 -99.0 -99.0 -99.0 -99.0 -99.0 -99.0  26.2  28.5  29.9  30.2 
1942  28.8  28.4  30.0  29.3  28.2  25.6  24.0  25.4  28.6  30.0  30.2  29.9 
1943  29.3  28.8  28.9 -99.0 -99.0 -99.0 -99.0 -99.0 -99.0 -99.0 -99.0 -99.0 
1944 -99.0 -99.0 -99.0 -99.0 -99.0 -99.0 -99.0 -99.0 -99.0 -99.0 -99.0  28.3 
1945  27.6  28.8  28.2 -99.0  23.5  21.5  20.1  24.5  25.9  27.6  28.9  28.8 
1946  28.4  28.1  28.5  24.9  25.2  20.9  22.2  22.3  24.8  26.3  28.7  28.4 
1947  29.6  28.8  27.8  25.6  23.0  21.8  22.1  24.0  26.1  28.1  29.3  28.8 
1948  29.0  28.6  28.5  26.7  23.5  20.8  22.0  21.7  24.4  27.7  29.7  28.5 
1949  28.9  27.2  28.3  25.2  23.3  18.9  20.1  22.2  24.5  27.3  29.2  28.2 
1950  28.1  28.5  28.3  25.9  24.4  22.7  20.0  22.4  25.4  27.6  28.5  27.5 
1951  29.0  27.7  28.7  27.2  23.0  23.1  21.8  23.3  25.5  28.2  29.6  30.2 
1952  29.0  29.9  28.9  28.3  25.3  21.7  22.9  22.5  25.5  28.5  30.2  30.4 
1953  29.0  28.7  29.5  27.3  22.6  22.7  21.1  21.9  24.3  28.6  29.6  29.5 
1954  28.8  29.4  29.7  28.5  24.3  21.6  21.0  23.4  25.1  27.6  28.9  27.8 
1955  28.2  28.5  27.8  27.1  25.1  24.3  23.0  25.0  26.5  28.4  27.1  28.8 
1956  28.2  27.3  28.4  27.5  25.8  23.8  23.9  23.6  24.0  28.4  29.5  30.0 
1957  29.3  28.4  28.0  28.8  24.4  24.2  23.5  23.0  25.6  28.3  30.5  30.0 
1958  29.6  29.3  29.1  28.3  27.7  24.7  23.8  24.6  25.4  29.4  30.5  31.6 
1959  28.8  29.2  29.3  27.1  25.0  23.4  22.7  23.8  27.8  29.5  30.7  31.5 
1960  28.6  28.2  27.6  27.3  25.0  22.0  22.6  22.9  26.9  28.8  30.9  30.5 
1961  29.0  28.0  28.2  27.7  23.8  22.5  21.9  22.8  26.8  28.6  29.9  32.0 
1962  28.4  28.4  28.4  25.3  24.8  25.0  24.8  23.6  26.4  29.5  31.6  31.6 
1963  28.3  27.7  28.6  27.1  24.8  22.8  20.8  23.3  26.3  28.6  30.7  31.5 
1964  28.7  29.8  28.1  27.8  25.8  22.9  22.0  24.1  28.0  29.4  30.4  30.9 
1965  29.8  29.5  27.3  25.3  25.6  23.7  20.6  23.3  26.3  28.7  30.8  31.1 
1966  29.1  28.5  28.1  27.8  25.6  24.3  22.6  24.4  27.9  28.3  30.3  31.2 
1967  28.7  27.9  27.6  27.0  25.0  21.4  21.2  23.3  25.7  28.5  30.2  31.4 
1968  29.3  27.0  27.8  27.1  26.0  23.8  23.5  24.3  27.2  29.2  30.0  30.8 
1969  29.2  27.7  28.1  25.6  25.4  23.0  24.7  24.9  26.3  28.5  31.3  32.5 
1970  31.3  29.0  29.0  27.5  25.8  24.5  22.1  23.5  27.7  29.9  30.8  30.0 
1971  30.2  28.4  27.8  26.2 -99.0  22.3  22.5  25.3  28.4  30.2  30.7  30.8 
1972  30.5  28.8  28.1  27.3  24.9  24.3  22.5  25.5  26.7  28.9  30.6  31.9 
1973  29.3  29.6  28.4  27.8  26.4  24.8  24.3  26.1  28.0  29.5  30.5  29.5 
1974  27.4  28.0  27.2  26.1  24.9  22.3  21.9  24.4  27.8  29.7  29.9  29.8 
1975  29.3  27.8  28.0  26.9  25.0  23.4  25.0  25.0  28.1  29.1  30.5  29.3 
1976  28.5  28.0  27.6  26.2  23.0  22.4  21.9  22.9  25.6  28.6  30.5  30.8 
1977  29.3  28.8  27.3  26.9  25.1  21.8  20.6  22.9  26.0  28.2  30.4  30.6 
1978  28.8  28.0  28.7  27.3  27.6  24.0  23.8  25.3  26.4  28.1  30.4  31.1 
1979  30.5  29.3  28.5  28.5  27.0  24.1  23.5  25.3  28.1  29.1  30.8 -99.0 
1980 -99.0  27.5  28.8  28.2  26.5  24.4  23.4  24.6  27.3  29.8  30.7  30.9 
1981  29.0  28.5  28.8  28.8  26.6  25.3  25.6  26.7  29.3  28.9  29.5  30.7 
1982  29.0  28.1  28.3  27.6  25.0  23.8  21.6  23.8  26.7  27.5  30.0  30.7 
1983  30.1  29.6  28.3  28.2  25.1  23.3  22.0  24.7  27.5  29.7  30.9  31.2 
1984  28.9 -99.0  28.2  27.3  26.3  23.3  22.3  25.1  27.5  29.0  30.9  30.9 
1985  30.7  29.2  30.0  27.7  26.8  22.1  21.6  25.5  27.8  29.5  31.3  32.0 
1986 -99.0  30.2  29.5  28.4  27.4  25.5 -99.0 -99.0  28.1  30.0  30.6  32.1 
1987  29.5  28.3  29.5  28.0  26.4  24.6 -99.0 -99.0  27.2  29.9  31.3  30.5 
1988  30.6  30.0  30.0  28.6  27.6  23.3 -99.0  26.5  28.3  30.8  29.9  29.1 
1989  30.4  30.0  28.1  28.5  26.2  24.0  23.8  23.1  27.2 -99.0  31.1  31.5 
1990  29.6  29.1  30.2  28.5  25.9  24.0  24.6  23.9  26.7  29.5  30.8  29.9 
1991  29.5  28.6  30.1  27.9  24.8  25.2  23.7  23.9  27.6  29.0  30.5  31.5 
1992  30.6  29.8  29.9  28.9  27.5  23.7  22.7  25.4  28.2  29.6  30.1  31.4 
1993  29.7  28.3  29.7  28.7  26.9  24.8  23.7  25.0  27.1  29.5  30.7  29.6 
1994  29.8  29.1  28.6  27.2  25.0  22.9  21.8  22.8  25.9  28.8  30.9  29.7 
1995  29.5  29.2  29.4  27.7  26.2  23.6  24.5  24.1  28.4  29.1  30.8  29.4 
1996  30.0  29.4  28.8  27.8  24.8  24.7  23.2  25.5  26.8  29.8  30.8  29.0 
1997  28.2  29.0  29.0  28.3  26.9  23.4  23.9 -99.0 -99.0 -99.0  31.0  30.3 
1998  29.5  30.1  30.5  29.5  26.1  25.5  26.1  26.3  28.7  31.2  31.2  29.3 
1999  27.6  28.8  29.1  28.3  24.6  23.8  23.0  24.8  27.3  29.8  30.3  29.8 
2000  28.7  28.2  28.4  28.4  26.4  22.6  23.8  25.3  27.9  29.8  31.1  29.7 
2001  29.8  28.8  28.7  28.6  24.7  24.6  24.1  24.0  27.9  30.3  31.5  31.0 
2002  31.2  28.9  30.6  29.9  27.2  23.5  22.9  23.7  28.0  29.9  31.2  31.6 
2003  30.5  29.7  30.0  29.0  26.5  24.8  24.5  25.3  28.0  29.7  31.4  30.6 
2004  29.9  28.7  28.7  29.0  27.4  22.8  23.2  25.3  26.3  30.4  31.1  30.9 
2005  30.2  30.1  29.9 -99.0 -99.0 -99.0 -99.0 -99.0 -99.0 -99.0 -99.0 -99.0 
2006 -99.0 -99.0 -99.0 -99.0 -99.0 -99.0 -99.0 -99.0 -99.0 -99.0 -99.0 -99.0 
2007 -99.0 -99.0 -99.0 -99.0 -99.0 -99.0 -99.0 -99.0 -99.0 -99.0 -99.0 -99.0 
