Number= 942140
Name= WYNDHAM
Country= AUSTRALIA
Lat=  -15.4
Long= -128.1
Height= 7
Start year= 1889
End year= 1899
First Good year= 1889
Source ID= 10
Source file= Jones
Jones data to= 1899
Normals= -99.0 -99.0 -99.0 -99.0 -99.0 -99.0 -99.0 -99.0 -99.0 -99.0 -99.0 -99.0 
Obs:
1889  31.5  31.7  32.9  32.5  29.4  28.1  24.7  27.8  31.0  33.3  33.9  32.7 
1890  32.3  31.3  32.0  30.1  27.9  26.4  25.0  27.3  30.8  33.3  34.1  31.9 
1891  31.2  33.3  32.7  30.2  27.9  24.4  22.9  24.0  27.7  31.1  31.2  33.9 
1892  33.4  32.1  31.1  30.0  26.7  25.4  25.1  28.4  30.1  31.5  31.8  31.9 
1893  29.3  30.8  34.3  33.8  31.1  26.3  26.6  25.3  30.1  32.6  33.4  33.3 
1894 -99.0 -99.0 -99.0 -99.0 -99.0 -99.0 -99.0 -99.0 -99.0 -99.0 -99.0 -99.0 
1895 -99.0 -99.0 -99.0 -99.0 -99.0 -99.0 -99.0 -99.0 -99.0 -99.0 -99.0 -99.0 
1896 -99.0 -99.0 -99.0 -99.0 -99.0 -99.0 -99.0 -99.0 -99.0 -99.0 -99.0 -99.0 
1897 -99.0 -99.0 -99.0 -99.0 -99.0 -99.0 -99.0 -99.0 -99.0 -99.0 -99.0 -99.0 
1898  31.8  30.1  29.5  29.6  26.1  25.6  23.3  26.3  29.6  31.4  31.1  31.1 
1899  29.8  31.3  28.5  29.5  25.9  24.3  22.4  24.6  28.8  30.8  33.2  31.7 
