Number= 942380
Name= TENNANT CREEK AIRPOR
Country= AUSTRALIA
Lat=  -19.6
Long= -134.2
Height= 376
Start year= 1957
End year= 2011
First Good year= 1969
Source ID= 30
Source file= Jones+Anders
Jones data to= 2000
Normals source= Data
Normals source start year= 1961
Normals source end year= 1990
Normals=  30.9  29.9  28.7  25.9  21.8  18.7  18.1  20.7  24.4  28.2  30.3  31.5 
Standard deviations source= Data
Standard deviations source start year= 1957
Standard deviations source end year= 1990
Standard deviations=   1.5   1.6   1.5   1.2   1.4   1.4   1.3   1.3   1.3   1.4   1.3   1.1 
Obs:
1957  29.9  31.0  27.5  27.6  21.9  22.1  16.0  20.7  23.5  28.7 -99.0 -99.0 
1958  30.5  31.7  31.4  27.4  24.8  19.1  20.8  22.0  22.1  28.4  31.3  31.8 
1959  31.2  30.7  30.3  26.5  21.2  19.8  19.4  21.4  25.2  29.3  32.3  33.1 
1960  31.6  31.1  30.0  26.8  19.5  18.6  19.3  19.5  25.0  28.8  30.0  31.0 
1961  30.5  30.5  30.0  28.2  21.8  19.3  18.0  19.6  26.0  28.9  31.0  33.0 
1962  29.7  29.9  28.3  25.1  19.8  19.6  18.7  19.8  23.8  29.6  31.7  32.8 
1963  31.0  28.9  30.1  25.5  21.5  19.0  18.3  20.6  24.5  28.0  30.8  32.9 
1964  30.4  30.1  29.7  27.4  21.5  19.5  19.9  21.3  24.8  27.9  30.0  31.6 
1965  31.7  31.8  27.6  25.1  22.5  18.9  16.3  21.0  25.5  28.7  31.1  31.0 
1966  29.8  29.0  28.6  27.2  20.2  19.9  18.2  18.3  24.7  25.5  29.1  30.3 
1967  32.3  26.3  26.2  25.7  21.3  16.6  16.7  19.3  23.2  29.2  31.1  32.0 
1968  30.3  29.1  29.5  27.2  18.8  19.8  16.1  19.3  23.4  27.5  30.8  30.7 
1969  32.0  29.0  28.8  25.6  22.0  18.0  19.5  20.8  22.3  28.4  30.7  31.4 
1970  32.3  31.1  28.1  25.7  21.6  20.6  18.1  20.0  24.5  28.5  29.8  32.0 
1971  33.3  31.7  28.4  23.5  21.6  16.9  18.0  22.5  25.7  30.3  30.6  31.0 
1972  31.2  29.5  26.9  25.0  20.9  20.0  18.1  22.8  25.0  28.8  30.5  33.6 
1973  31.7  29.2  29.4  27.3  24.3  21.0  20.9  22.0  24.3  28.3  29.3  30.6 
1974  27.0  27.6  26.8  24.8  20.4  16.6  18.5  20.3  22.8  26.3  27.3  30.4 
1975  30.4  27.8  27.5  24.9  21.4  18.7  20.6  20.4  24.6  25.8  28.8  29.3 
1976  27.6  27.5  27.0  24.8  19.6  17.3  18.1  18.8  23.5  26.0  29.6  32.0 
1977  29.2  28.5  27.5  24.8  20.4  16.4  16.5  20.5  22.2  28.2  29.5  29.1 
1978  29.1  30.5  29.9  25.4  21.9  17.8  16.9  18.9  22.0  26.3  28.7  30.3 
1979  30.3  28.3  28.5  27.0  20.6  19.9  18.2  21.8  25.7  28.4  31.5  33.3 
1980  31.5  30.9  30.7  27.8  23.8  20.1  18.2  22.0  26.2  28.5  31.8  31.7 
1981  29.5  29.7  28.7  27.4  22.8  20.0  19.6  22.8  24.8  26.7  27.4  32.3 
1982  32.5  28.8  27.0  25.2  21.3  17.9  17.0  20.9  23.5  26.3  29.8  31.5 
1983  31.3  32.8  27.9  23.1  20.9  18.0  16.7  21.6  27.2  28.1  31.3  31.9 
1984  28.0  29.4  27.1  25.2  22.8  18.5  16.8  21.1  22.0  27.2  30.8  31.8 
1985  32.8  31.4  30.0  25.3  22.8  16.2  17.6  23.4  23.4  27.6  31.0  32.1 
1986  31.5  33.8  31.3  26.9  23.4  19.4  17.8  20.4  25.8  28.6  30.3  32.2 
1987  31.0  29.4  28.7  27.4  22.3  19.5  18.2  20.0  24.3  30.3  31.1  30.3 
1988  33.3  31.3  30.9  25.8  24.5  20.4  19.0  21.1  25.9  31.2  30.8  30.9 
1989  32.2  32.8  27.5  26.4  22.8  17.4  17.6  18.6  25.4  30.3  28.8  31.0 
1990  32.5  31.3  31.6  25.0  23.1  17.7  20.2  21.8  23.5  30.2  33.5  32.3 
1991  30.7  28.1  29.7  26.1  21.7  21.1  18.7  20.8  26.1  29.9  30.7  32.1 
1992  32.1  32.0  31.5  27.9  22.8  19.2  18.8  21.9  26.7  27.2  30.2  31.7 
1993  30.5  27.1  28.9  26.9  22.6  18.0  19.3  21.4  24.4  27.8  30.3  30.0 
1994  32.2  31.1  28.1  26.1  22.2  18.7  18.3  19.0  24.7  28.9  30.0  31.1 
1995  31.1  30.7  28.9  26.9  20.3  19.6  19.5  21.5  27.2  26.5  30.9  31.9 
1996  32.5  31.7  28.0  26.0  22.1  22.8  20.1  21.7  25.8  28.5  30.7  31.1 
1997  29.2  29.3  27.9  25.1  21.3  17.8  17.0  21.1  27.9  28.7  30.1  29.9 
1998  32.1  31.7  30.7  27.0  22.9  20.0  20.0  22.3  25.7  29.3  30.5  31.0 
1999  31.1  30.5  29.5  26.1  23.1  19.3  18.7  21.7  26.1  27.6  27.9  30.1 
2000  31.5  28.9  27.5  24.9  19.3  16.9  19.7  21.3  26.1  25.9  28.7  27.5 
2001  29.3  28.5  26.4  24.7  20.3  19.5  18.0  19.7  24.8  26.6  29.1  30.7 
2002  29.9  29.7  28.8  27.8  22.7  18.0  17.5  19.8  26.1  29.1  31.3  32.6 
2003  28.9  29.6  28.0  27.2  22.8  19.1  18.9  21.3  26.6  28.0  30.5  29.9 
2004  30.6  28.2  30.0  27.0  22.4  19.2  18.8  20.9  23.4  30.1  30.4  31.6 
2005  31.5  31.6  31.0  29.4  23.1  20.0  19.4  20.7  27.2  29.4  30.5  31.6 
2006  29.5  29.7  28.7  25.5  19.7  16.6  16.9  20.6  24.9  29.4  31.5  30.4 
2007  29.0  30.8  28.6  26.8  24.0  14.4  17.6  20.3  25.8  29.7  29.5  31.3 
2008  33.3  31.8  29.8  25.8  21.8  18.9  18.3  19.1  25.4  29.5  30.5  31.0 
2009  27.6  28.8  29.7  26.6  21.0  18.9  19.0  24.2  26.3  27.2  31.1  30.1 
2010  29.7  29.4  27.6  26.0  21.0  17.2  18.1  19.3  23.6  26.0  27.9  29.0 
2011  29.2  27.0  25.6  23.1  19.1 -99.0 -99.0 -99.0 -99.0 -99.0 -99.0 -99.0 
