Number= 943160
Name= NULLAGINE
Country= AUSTRALIA
Lat=  -21.9
Long= -120.1
Height= 386
Start year= 1951
End year= 1964
First Good year= 1951
Source ID= 10
Source file= Jones
Jones data to= 1964
Normals= -99.0 -99.0 -99.0 -99.0 -99.0 -99.0 -99.0 -99.0 -99.0 -99.0 -99.0 -99.0 
Obs:
1951  31.7  31.9  31.7  27.3  19.6  18.1  15.4  16.1  21.9  25.3  30.1  31.2 
1952  31.6  32.5  29.7  28.2  19.9  16.4  16.0  17.1  22.4  26.4  29.3  31.4 
1953  32.2  31.3  30.9  27.8  19.7  17.9  17.1  15.6  20.9  25.8  29.7  32.3 
1954  32.2  31.9  31.9  24.3  20.7  16.0  16.0  18.5  23.8  26.5  29.0  31.3 
1955  30.0  30.7  28.8  25.5  19.2  15.9  14.7  18.3  23.3  23.8  28.7  30.5 
1956  31.7  31.7  27.7  26.1  19.5  16.3  14.4  17.0  20.8  25.1  29.4  31.7 
1957  33.6  31.0  30.5  28.3  21.1  18.4  15.0  18.5  22.5  27.9  32.1  30.7 
1958 -99.0  33.1 -99.0 -99.0  22.3 -99.0  15.4  18.1  21.5 -99.0  30.0  32.3 
1959  33.3  32.8  32.5  28.4  20.6  17.6  17.7  19.7  24.9  27.8  31.8  31.5 
1960  31.3  29.7  30.2  26.4  18.3  17.2  17.5  17.8  21.3  28.1  29.6  32.4 
1961  31.8  29.7  30.9  26.7  20.9  16.5  14.8  17.5  23.4  28.8 -99.0  33.6 
1962  31.3  29.8  30.2  24.4  20.0  20.1  16.0  18.4  23.8  26.5  30.0  33.6 
1963  31.1  29.4  30.7  26.0  21.3  17.1  16.5  18.0  22.9  27.1  29.5  31.8 
1964  34.9  30.4  31.3  27.0 -99.0 -99.0 -99.0 -99.0 -99.0 -99.0 -99.0 -99.0 
