Number= 943120
Name= PORT HEDLAND
Country= AUSTRALIA
Lat=  -20.4
Long= -118.6
Height= 9
Start year= 1948
End year= 2011
First Good year= 1951
Source ID= 10
Source file= Jones+Anders
Jones data to= 2001
Normals source= Data
Normals source start year= 1961
Normals source end year= 1990
Normals=  30.8  30.9  30.4  27.6  23.7  20.9  19.7  20.8  23.6  26.3  28.5  30.4 
Standard deviations source= Data
Standard deviations source start year= 1948
Standard deviations source end year= 1990
Standard deviations=   0.6   0.8   0.7   0.9   1.0   1.1   1.1   0.9   1.0   1.3   1.1   0.9 
Obs:
1948 -99.0 -99.0 -99.0 -99.0 -99.0 -99.0  20.2 -99.0  23.8  26.6  27.1  29.5 
1949  31.0  29.2  30.3  25.5  22.5  19.6  18.6  22.0  22.8  24.0  27.0  31.5 
1950  30.7  30.6  30.3  26.5  23.8  18.8  17.5  20.5  23.7 -99.0  28.0  30.0 
1951  28.8  30.5  30.9  28.5  22.9  20.9  19.1  19.5  23.1  25.0  30.7  29.7 
1952  30.6  31.4  30.7  27.9  23.5  19.3  20.0  19.2  23.5  24.9  27.6  28.8 
1953  30.7  29.5  32.1  29.3  22.8  20.6  19.7  18.8  22.8  25.3  28.4  30.3 
1954  31.0  31.7  31.1  27.0  24.9  19.6  19.8  21.0  24.0  27.4  28.2  30.8 
1955  30.0  31.0  30.7  27.3  22.8  19.0  19.3  21.4  25.2  24.0  28.2  29.9 
1956  30.8  30.3  28.9  27.0  21.3  19.7  17.8  21.2  23.2  24.1  27.9  28.6 
1957  30.8  30.1  30.0  27.0  24.3  20.8  18.0  19.9  23.9  27.1  29.8  30.6 
1958  30.5  31.7  29.7  29.0  26.1  22.0  18.6  20.4  22.8  24.6  29.0  29.9 
1959  30.8  30.7  30.8  29.2  23.1  21.0  20.8  22.0  24.5  26.4  29.0  29.2 
1960  29.9  29.9  30.0  28.0  21.8  20.6  20.4  20.6  22.5  27.1  28.4  29.8 
1961  31.0  30.0  30.2  28.1  23.7  20.4  17.8  19.4  23.7  28.8  29.4  31.6 
1962  30.6  30.6  30.9  27.4  23.0  22.8  19.4  20.4  23.5  25.1  28.8  32.2 
1963  30.1  29.4  30.8  27.0  23.3  19.5  19.8  19.9  23.9  27.3  28.8  29.8 
1964  31.3  31.4  31.0  27.9  23.7  21.7  20.1  21.2  24.2  24.4  27.8  30.0 
1965  31.5  32.5  29.9  27.3  25.1  22.6  19.6  20.9  23.6  26.3  28.5  30.9 
1966  31.2  30.2  30.3  27.5  22.5  20.9  18.9  20.0  21.7  25.0  26.9  29.8 
1967  29.5 -99.0  29.9  27.6  25.1  19.5  18.4  20.1  23.4  27.4  30.1  29.2 
1968  31.0  31.3  30.0  27.2  22.2  22.0  19.0  18.9  23.3  27.0  28.8  30.1 
1969  31.5  30.5  30.4  26.5  24.6  19.4  19.8  20.3  22.5  26.5  28.4  29.4 
1970  31.7  30.8  30.2  27.4  23.0  22.3  20.1  21.0  22.5  27.6  27.8  31.2 
1971  30.5  30.8  30.3  26.5  23.4  19.0  18.6  20.5  23.6  26.0  26.8  30.5 
1972  30.3  31.8  30.0  27.1  23.8  21.8  20.6  20.7  24.7  26.5  30.1  32.3 
1973  31.0  32.3  31.3  28.0  24.6  21.1  23.4  22.1  22.9  27.0  28.8  31.3 
1974  29.6  30.5  30.3  26.1  23.4  20.6  20.4  21.9  23.9  26.0  27.1  30.6 
1975  30.6  30.2  31.0  28.0  24.3  20.9  21.5  20.3  24.7  25.1  28.4  30.3 
1976  30.0  30.9  29.0  27.0  23.0  20.1  19.7  21.1  22.8  24.6  26.5 -99.0 
1977 -99.0 -99.0 -99.0  26.4  23.8  20.4  20.0  21.5  22.4 -99.0 -99.0  30.8 
1978  31.6  30.9  30.8  27.5  22.5  19.5  18.0  20.5  21.5  26.3  28.4  29.0 
1979  30.2  30.8  30.7  28.0  22.2  21.4  19.5  21.9  23.4  26.6  29.8  32.0 
1980  31.0  30.0  31.2  27.8  24.9  22.3  19.9  22.4  26.3  25.6  28.5  31.5 
1981  31.3  30.0  29.4  29.2  24.0  20.3  20.0  21.5  25.6  27.2  26.5  29.8 
1982  31.0  29.8  29.6  27.1  23.3  19.9  20.5  22.0  24.0  26.8  29.7  31.3 
1983  30.3  31.4  30.3  26.0  23.5  21.0  19.3  21.4  25.4  27.0  28.6  30.8 
1984  31.5  31.8  29.5  27.6  25.6  21.1  19.6  20.5  22.5  28.1  28.8  29.4 
1985  31.0  31.4  30.9  28.4  24.0  20.6  20.1  21.4  23.4  24.8  29.1  29.8 
1986  31.3  30.6  31.7  29.0  24.0  21.9  18.2  19.2  23.0  23.6  28.9  30.0 
1987  30.4  30.6  31.0  29.0  24.1  21.5  20.5  20.9  23.8  25.2  26.8  29.7 
1988  30.8  32.3  31.2  28.3  23.6  21.8  20.5  21.2  23.8  28.8  28.2  28.8 
1989  31.0  31.0  29.5  27.7  23.8  19.7  19.5  20.2  24.6  26.2  28.5  29.8 
1990  30.8  30.8  31.1  28.8  23.9  21.1  19.6  21.3  24.3  26.7  31.5  30.8 
1991  31.5  30.9  31.4  28.9  24.3  22.3  20.5  22.1  23.5  29.3  26.9  30.2 
1992  30.2  30.7  30.9  29.3  25.1  23.1  21.6  20.9  22.7  26.1  27.3  29.5 
1993  31.4  31.0  31.1  30.2  25.0  21.1  19.0  20.9  22.9  24.9  27.9  31.3 
1994  32.1  31.2  30.7  27.5  24.1  19.9  19.7  21.3  24.6  28.1  30.1  31.5 
1995  31.0  29.5  30.1  28.9  23.5  20.7  20.1  22.3  24.5  26.1  29.3  29.6 
1996  31.9  31.1  31.6  29.1  23.9  24.1  21.5  22.8  24.3  28.7  28.7  30.7 
1997  30.1  29.9  30.7  28.1  23.5  20.6  19.1  21.2  23.5  27.5  28.5  30.9 
1998  30.6  32.5  32.1  29.5  26.1  21.3  20.1  22.9  25.2  29.1  29.5  30.5 
1999  31.5  29.1  30.5  26.0  24.1  21.7  19.5  22.5  24.5  25.9  27.8  29.9 
2000  28.9  30.7  29.1  28.0  21.5  19.6  20.9  20.2  25.1  26.9  27.6  31.2 
2001  31.3  30.1  29.7  27.7  24.3  20.9  20.1  22.1  23.9  24.5  28.1  28.6 
2002  29.5  29.5  31.2  28.9  25.5  20.0  19.2  20.9  22.0  27.5  29.0  30.2 
2003  30.9  30.9  29.5  27.5  24.6  21.7  20.2  20.5  23.0  25.1  28.3  29.0 
2004  30.7  29.7  30.0  28.4  23.0  21.4  20.9  19.9  22.5  28.4  29.6  31.2 
2005  31.9  31.8  31.5  30.0  25.1  19.8  20.2  20.5  22.8  25.1  28.3  29.9 
2006  29.7  30.5  30.2  27.0  23.2  19.1  17.7  21.3  24.0  28.6  30.4  30.5 
2007  30.9  31.4  28.9  28.1  24.3  19.0  19.8  20.5  24.0  26.4  29.2  29.6 
2008  31.3  30.4  30.1  28.4  24.0  20.6  18.6  20.8  24.7  27.9  27.2  29.1 
2009  30.9  30.3  30.2  28.7  23.0  20.6  20.3  21.1  23.4  27.4  29.3  31.3 
2010  30.6  30.5  31.3  28.8  24.6  22.4  21.1  21.7  23.6  28.2  29.9  29.7 
2011  30.6  28.9  29.1  28.3  22.8 -99.0 -99.0 -99.0 -99.0 -99.0 -99.0 -99.0 
