Number= 943690
Name= ST LAWRENCE POST OFF
Country= AUSTRALIA
Lat=  -22.4
Long= -149.5
Height= 17
Start year= 1938
End year= 2007
First Good year= 1938
Source ID= 30
Source file= Jones+Anders
Jones data to= 2000
Normals source= Data
Normals source start year= 1961
Normals source end year= 1990
Normals=  27.3  27.0  26.1  24.2  21.2  18.4  17.4  18.7  20.7  23.2  25.5  26.8 
Standard deviations source= Data
Standard deviations source start year= 1941
Standard deviations source end year= 1990
Standard deviations=   0.8   0.6   0.7   0.7   0.8   1.0   0.9   0.9   0.7   0.8   0.7   0.7 
Obs:
1938  28.6  29.1  27.0  24.9  23.0  19.1  17.1  17.7  19.5  22.8  25.6  26.9 
1939  27.6  26.4  26.3  23.8  22.0  17.9  17.0  16.6  18.2  22.2  24.9  27.3 
1940  28.1  27.2  25.9  23.9  21.4  20.0  17.3  18.7  20.0  22.2  26.2  27.2 
1941  27.1  26.4  26.6  23.8  21.4  17.7  16.7  16.6  19.4  22.9  25.2  26.5 
1942  27.9  26.5  27.4  24.9  21.8  20.1  18.2  19.4  20.9  22.6  25.2  26.0 
1943  26.3  26.0  25.5  24.8  20.7  16.6  16.5  18.0  21.1  23.3  25.0  26.7 
1944  27.5  26.2  25.0  23.6  19.7  18.8  18.2  18.2  20.2  22.2  25.1  27.3 
1945  27.6  28.2  27.0  24.7  20.9  20.3  17.9  19.3  20.8  21.7  25.0  26.9 
1946  27.3  27.7  26.8  24.5  22.1  16.7  16.0  18.3  20.3  22.6  25.7  27.7 
1947  28.8  25.3  26.4  23.6  21.2  18.1  17.1  19.1  20.2  21.7  25.4  26.3 
1948  26.9  26.5  26.8  23.6  20.3  18.5  17.0  18.6  19.6  23.0  26.0  26.8 
1949  26.9  27.4  26.0  22.5  20.4  16.8  16.7  18.1  20.5  24.0  24.4  26.3 
1950  26.7  26.6  26.1  23.1  20.3  17.3  18.9  17.3  19.8  22.6  24.0  24.7 
1951  25.0  26.0  26.5  24.3  20.5  18.9  17.0  17.6  19.8  23.0  25.5  26.8 
1952  27.2  26.5  25.9  24.4  21.0  17.5  17.2  19.2  20.5  23.4  26.3  26.8 
1953  25.8  26.0  24.9  24.3  20.8  18.8  18.4  17.3  20.3  23.7  26.0  27.4 
1954  26.3  27.2  26.3  23.9  20.8  18.6  18.4  18.6  20.2 -99.0  25.5  26.3 
1955  26.5  26.2  26.1  24.5  21.3  18.6  17.8  18.3  20.7  24.0  23.8  26.3 
1956  26.9  27.2  25.7  24.0  20.7  17.2  17.1  16.6  18.7  22.8  23.7  26.0 
1957  26.5  27.2  25.3  23.8  20.9  19.7  16.4  18.8  19.8  23.5  25.5  27.0 
1958  27.1  27.0  26.5  24.1  22.4  18.6 -99.0  19.8  20.3  23.4 -99.0 -99.0 
1959  26.3  26.5  25.7  23.9  20.8  18.9  18.2  17.5  20.9  22.5  24.8  27.8 
1960  26.2  26.7  24.8  23.4  19.6  17.5  16.4  16.8  20.0  23.5  24.8  25.9 
1961  25.6  26.2  25.1  23.7  19.9  17.5  17.1  17.8  19.8  22.9  25.2  26.7 
1962  27.1  27.1  25.5  22.9  20.0  19.3  17.6  17.4  21.8  24.3  26.5  26.6 
1963  26.8  27.4  26.7  23.8  21.8  18.4  16.2  19.1  20.1  22.2  25.2  26.1 
1964  28.7 -99.0  26.8  25.5  22.0  18.6  18.7  18.4  22.3  23.6  25.5  26.6 
1965  27.3  27.8  25.8  24.5  21.8  19.6  16.2  19.5  21.6  23.8  25.6  25.7 
1966  27.0  26.8 -99.0  25.0  21.2  18.9  17.3  19.1  21.4  22.7  25.0  26.2 
1967  27.4  26.9  26.3  24.2  21.0  19.2  17.4  18.2  19.4  23.8 -99.0 -99.0 
1968  27.0  26.0  26.0  25.6  20.2  17.8  16.9  18.3  20.3  23.2  25.9  26.3 
1969  28.2  28.1  26.4  24.6  22.3  19.0  19.5  20.4  19.4  21.7  24.0  27.5 
1970  27.7  26.7  26.3  24.6  20.5  18.9  17.5  19.0  20.7  23.4  25.5  27.0 
1971  27.9  27.1  25.2  23.4  20.4  17.4  17.0  20.1  21.4  25.3  27.0  27.1 
1972  27.3  26.3  25.3  23.8  20.9 -99.0 -99.0  19.2  20.9  24.2  25.5  26.2 
1973  27.9  27.5  27.0  24.8  23.4  20.0  19.3  19.7  21.7  23.9  26.4  26.8 
1974  26.6  27.1  25.7  24.7  20.9  18.5  16.6  19.0  20.1  22.2  24.8  26.3 
1975  26.9  26.7  26.8  24.3  21.7  18.7  18.8  19.3  21.2  23.3  26.0  26.2 
1976  27.1  27.0  26.9  23.4  21.5  18.3  17.7  16.8  20.4  23.3  26.6  27.8 
1977  27.2  27.2  26.8  24.9  21.6  17.5  17.0  18.4  20.1  22.2  25.4  26.0 
1978  27.0  26.7  26.6  23.5  20.5  17.7  17.1  18.4  20.5  21.8  24.7  26.6 
1979  26.9  26.1  25.3  23.6  20.8  19.6  17.3  18.1  21.1  23.6  25.5  27.2 
1980  28.1  27.6  25.4  23.9  22.0  18.8  17.2  18.8  20.6  24.4  25.9  26.6 
1981  25.6  27.4  26.4  24.2  20.6  17.3  18.1  18.5  20.3  22.4  25.3  28.1 
1982  28.3  27.7  26.7  24.0  21.2  15.6  16.1  19.1 -99.0 -99.0 -99.0  26.5 
1983  27.5  26.9  26.3  23.8  21.7  17.8 -99.0  17.9  21.5  23.9 -99.0 -99.0 
1984 -99.0  26.3  25.5  23.4  21.1  19.1  16.8  18.1  20.1  22.2  24.5  27.5 
1985  28.2  27.2  26.1  23.5  21.2  17.3  16.7  18.4  20.1  22.9  25.2  27.4 
1986  27.3  27.6 -99.0  25.0 -99.0 -99.0  18.6  18.1 -99.0 -99.0 -99.0 -99.0 
1987 -99.0 -99.0 -99.0 -99.0 -99.0 -99.0 -99.0 -99.0 -99.0 -99.0 -99.0 -99.0 
1988 -99.0 -99.0 -99.0 -99.0 -99.0 -99.0 -99.0 -99.0 -99.0 -99.0 -99.0 -99.0 
1989 -99.0 -99.0 -99.0 -99.0 -99.0 -99.0 -99.0 -99.0 -99.0 -99.0 -99.0 -99.0 
1990 -99.0 -99.0 -99.0 -99.0 -99.0 -99.0 -99.0 -99.0 -99.0  23.1  25.4  27.3 
1991  26.9  27.4  25.9  23.8  22.0  19.4  17.0  19.1  20.9  24.0  26.0  26.3 
1992  28.4  28.1  26.5  24.5  22.0  17.5  18.0  19.0  22.4  22.4  25.8  26.7 
1993  26.5  27.6  26.4  24.4  21.8  19.4  19.9  18.9  21.3  23.3  25.2  26.6 
1994  28.8  27.2  25.4  23.2  20.5  18.2  17.5  17.7  20.3  23.3  25.7  26.3 
1995  27.4  27.3  27.6  24.5  22.3  18.7  17.8  18.6  21.3  23.0  26.4  27.6 
1996  27.5  27.7  26.4  25.0  21.7  19.4  17.0  18.8  20.2  23.7  25.3  27.3 
1997  27.1  27.3  25.6  23.5  20.7  18.2  18.2  18.5  22.1  23.4  26.0  27.9 
1998  28.2  28.6  27.3  25.3  21.8  18.9  18.7  20.0  22.0  23.8  24.7  26.2 
1999  27.3  26.8  26.3  23.0  21.7  18.5  17.5  18.5  20.9  24.1  24.0  25.1 
2000  27.0  25.8  26.3  22.9  20.9  17.1  16.2  18.5  20.9  23.9  24.5  25.6 
2001  26.2  26.8  27.4  24.5  20.6  20.0  17.7  18.8  21.6  24.7  26.6  28.1 
2002  28.9  29.6  27.3  25.1  22.0  18.8  17.3  19.0  21.8  24.2  24.8  27.4 
2003  27.6  27.2  26.2  24.8  21.6  20.2  18.6  19.5  22.1  24.9  26.0  27.4 
2004  28.4  28.3  27.2  25.0  21.8  19.4  18.8  18.5  21.1  24.4  26.3  27.4 
2005  26.9  27.9  26.9  24.5  20.8  19.8  18.8  18.7  21.8  25.4  27.0  29.1 
2006  28.1  28.7  26.6  24.7  21.1 -99.0 -99.0 -99.0 -99.0 -99.0 -99.0 -99.0 
2007 -99.0 -99.0 -99.0 -99.0 -99.0 -99.0 -99.0 -99.0 -99.0 -99.0 -99.0 -99.0 
