Number= 943750
Name= BARALABA POST OFFICE
Country= AUSTRALIA
Lat=  -24.2
Long= -149.8
Height= 94
Start year= 1966
End year= 2007
First Good year= 1966
Source ID= 30
Source file= Jones+Anders
Jones data to= 2000
Normals source= Data
Normals source start year= 1966
Normals source end year= 1990
Normals=  27.5  26.9  25.8  22.9  19.3  15.8  15.0  16.6  19.7  22.9  25.5  27.1 
Standard deviations source= Data
Standard deviations source start year= 1966
Standard deviations source end year= 1990
Standard deviations=   0.9   0.9   0.7   0.9   1.1   1.0   1.1   0.9   0.9   1.3   0.9   1.0 
Obs:
1966 -99.0 -99.0 -99.0 -99.0 -99.0 -99.0 -99.0 -99.0  19.8  21.3  24.7  25.8 
1967  27.3 -99.0 -99.0  22.6  18.6  16.8  15.0  15.0  18.7  23.8  25.7  25.4 
1968  26.4  25.6  25.2  23.3  17.6  14.7  14.3  16.1  19.0  23.2  26.4  26.2 
1969  29.1  28.7  26.0  22.6  20.3  16.1  17.0  18.6  19.0  22.9  26.1  28.2 
1970  28.4  27.2  26.5  23.6  18.5  16.6  14.0  17.1  19.8  23.5  25.4  26.5 
1971  27.8  26.2  24.5  21.8  17.6  14.6  14.1  18.5  20.3  25.1  26.1  26.5 
1972  26.8  25.1  24.9  21.8  19.2  16.6  13.8  17.0  20.6  24.6  25.8  27.7 
1973  28.5  27.7  27.3  24.4  21.7  17.4  17.4  17.3  19.9  23.4  25.6  26.4 
1974  26.6  26.7  25.6  23.9  19.2  16.1  13.9  16.0  18.2  21.4  23.6  26.9 
1975  26.2  26.2  26.1  23.4  19.8  16.3  16.5  16.5  20.6  22.3  24.6  26.3 
1976  26.6  26.3  26.0  21.9  19.6  15.7  15.6  14.9  19.0  21.8  26.2  27.7 
1977  27.6  27.1  25.8  23.5  19.7  14.6  14.1  16.2  18.9  23.4  26.4  27.2 
1978  28.0  27.0  26.7  22.0  18.3  14.6 -99.0  16.0  18.4  20.7  24.1  26.5 
1979  27.8  26.2  25.2  23.2  18.3  17.1  15.1  17.0  20.6  24.0  27.0  29.4 
1980  28.3  26.8  25.4  23.7  21.5  16.6  14.7  17.1  20.9  25.3  26.6  26.7 
1981  25.8  27.5  26.0  23.0  18.9  14.9  15.7  16.2  20.4  21.9  25.1  28.9 
1982  29.2  28.4  26.6  22.8  19.1  13.5  13.8  17.6  20.0  21.7  25.6  27.6 
1983  27.0  28.0  26.3  21.8  20.5  15.5  14.6  16.3  21.6  23.5  25.1  25.7 
1984  27.3  26.2  25.6  22.1  19.2  17.0  14.3  16.3  18.5  20.9  24.1  27.8 
1985  27.9  27.3  25.4  22.2  19.8  15.1  14.9  16.5 -99.0 -99.0 -99.0 -99.0 
1986 -99.0  27.4  25.3  24.5 -99.0  15.9  16.1  16.4  20.1 -99.0 -99.0 -99.0 
1987 -99.0 -99.0 -99.0 -99.0 -99.0 -99.0 -99.0 -99.0 -99.0 -99.0 -99.0 -99.0 
1988 -99.0 -99.0 -99.0 -99.0 -99.0 -99.0 -99.0 -99.0 -99.0 -99.0 -99.0 -99.0 
1989 -99.0 -99.0 -99.0 -99.0 -99.0 -99.0 -99.0 -99.0 -99.0 -99.0 -99.0 -99.0 
1990 -99.0 -99.0 -99.0 -99.0 -99.0 -99.0 -99.0 -99.0 -99.0  24.1  26.6  27.7 
1991  27.2  27.5  26.2  22.7  21.1  18.1  15.4  18.8  21.4  24.7  26.8  26.3 
1992  27.9  27.9  25.5  23.1  19.9  14.7  15.4  17.6  20.2  22.0  26.0  27.2 
1993  27.2  28.5  26.6  24.1  20.7  17.5  18.6  17.9  19.9  23.4  26.3  27.4 
1994  30.1  27.9  24.5  22.5  19.1  16.7  15.7  16.5  20.2  24.0  27.0  27.6 
1995  28.8  27.8  28.1  23.4  20.3  17.0  15.3  17.4  20.6  23.1  27.3  27.7 
1996  27.4  27.6  26.4  23.6  19.9  17.3  14.6  17.1  19.6  22.6  24.5  26.6 
1997  27.0  28.3  24.8  22.5  18.8  15.7  15.4  16.3  21.7  23.8  26.2  28.5 
1998  29.2  29.4  28.1  23.6  19.8  16.4  16.9  18.9  21.6  22.7  24.4  27.1 
1999  27.8  27.2  26.4  22.0  20.4  16.4  16.4  17.6  20.8  24.4  23.6  25.2 
2000  27.3  25.7  26.2  23.1  19.5  15.6  14.8  17.3  21.0  23.6  24.1  25.9 
2001  27.7  27.4  27.5  23.4  18.6  18.2  16.0  17.0  20.8  23.7  25.5  29.5 
2002  29.1  29.1  27.0  24.4  19.9  16.2  14.8  16.8  21.1  25.1  26.3  27.8 
2003  29.0  27.6  25.2  23.2  20.1  18.0  16.0  17.6  21.5  23.8  25.3  27.3 
2004  29.3  28.7  26.6  24.1  19.8  16.5  16.1  16.6  20.4  25.2  26.1  27.8 
2005  27.7  28.0  26.6  24.2  18.8  17.6  16.6  16.7  21.1  25.9  26.5  29.6 
2006  30.0  30.2  26.5  23.9  18.7 -99.0 -99.0 -99.0 -99.0 -99.0 -99.0 -99.0 
2007 -99.0 -99.0 -99.0 -99.0 -99.0 -99.0 -99.0 -99.0 -99.0 -99.0 -99.0 -99.0 
