Number= 943870
Name= BUNDABERG AERO
Country= AUSTRALIA
Lat=  -24.9
Long= -152.3
Height= 27
Start year= 1907
End year= 2007
First Good year= 1907
Source ID= 10
Source file= Jones+Anders
Jones data to= 2000
Normals source= Data
Normals source start year= 1961
Normals source end year= 1990
Normals=  25.6  25.5  24.5  22.3  19.4  16.5  15.6  16.7  19.1  21.4  23.4  24.8
Standard deviations source= Data
Standard deviations source start year= 1941
Standard deviations source end year= 1990
Standard deviations=   0.7   0.7   0.6   0.6   0.9   0.9   0.9   0.9   0.6   0.9   0.7   0.9
Obs:
1907  26.0  25.5  24.4  22.1  19.6  18.0  15.5  16.3  18.5  22.6  23.1  25.6 
1908  24.8  26.3  24.5  22.9  19.8  15.4  16.0  16.4  18.4  20.6  23.0  25.1 
1909  24.5  24.9  23.9  21.9  18.8  16.8  14.5  16.2  18.5  21.9  24.2  24.9 
1910  26.1  25.0  24.6  22.5  20.7  17.6  15.8  17.9  21.1  20.8  22.7  26.3 
1911  24.9  24.9  24.0  21.7  18.2  15.3  15.5  16.5  19.1  21.4  22.5  27.2 
1912  25.6  25.5  24.3  22.9  18.5  17.9  15.7  16.9  19.6  21.3  22.7  24.4 
1913  24.0  24.5  24.0  22.4  17.9  16.1  16.3  15.7  18.9  20.8  24.7  25.6 
1914  25.9  25.8  24.8  24.3  19.8  17.4  14.6  17.1  19.8  20.4  23.9  25.6 
1915  25.5  26.0  23.7  23.1  18.6  16.9  17.7  17.4  22.1  22.6  25.0  24.3 
1916  25.8  26.8  25.0  22.9  19.1  16.9  16.0  16.2  18.4  21.1  22.0  24.3 
1917  25.4  24.0  23.2  21.2  16.9  15.8  15.5  16.6  18.5  20.9  23.7  24.2 
1918  24.6  25.1  23.2  21.1  18.4  16.6  14.8  16.8  18.6  22.5  24.1  25.3 
1919  26.3  26.2  25.5  22.5  19.7  17.7  16.2  16.4  19.3  21.5  22.6  25.2 
1920  25.0  24.8  24.2  21.8  19.5  16.8  16.3  16.4  19.2  21.2  23.5  25.5 
1921  24.2  23.6  23.2  22.2  20.2  19.5  17.9  16.0  19.2  20.7  23.1  25.0 
1922  25.8  25.0  23.7  22.6  19.0  17.1  15.2  16.0  18.8  22.2  24.3  26.3 
1923  25.8  25.6  25.3  21.6  18.5  16.0  14.4  15.6  18.5  21.4  23.4  25.7 
1924  26.9  25.9  24.2  21.7  19.0  16.7  17.6  16.6  19.7  21.4  24.0  24.0 
1925  24.5  25.1  23.5  21.2  18.5  16.5  14.3  16.5  17.6  20.5  23.0  25.1 
1926  25.5  26.4  24.9  22.6  19.4  17.4  15.7  17.5  19.1  21.7  23.8  24.5 
1927  24.8  25.1  24.0  21.5  18.3  17.3  15.0  15.7  18.3  20.6  23.2  24.1 
1928  24.5  25.3  23.8  23.1  17.8  15.4  16.6  17.9  19.7  23.5  24.8  25.8 
1929  27.3  26.6  25.9  21.7  18.7  16.7  14.4  16.6  18.1  21.8  23.7  25.7 
1930  24.5  23.9  23.6  20.9  17.8  16.8  16.2  16.7  18.4  21.3  23.5  24.3 
1931  26.9  24.8  24.9  21.8  20.1  18.2  15.8  17.1  19.9  21.0  23.8  25.1 
1932  25.4  26.1  25.3  23.7  19.5  16.5  14.9  16.8  19.1  21.5  23.3  24.8 
1933  25.8  25.1  25.6  22.6  19.7  16.5  16.4  16.0  18.8  21.3  22.1  24.0 
1934  24.9  24.9  23.6  22.2  19.1  15.9  16.3  16.5  18.8  20.9  22.9  24.3 
1935  26.1  26.8  23.7  21.1  18.1  15.9  15.5  16.4  18.7  22.1  22.7  25.1 
1936  25.1  25.3  23.7  21.0  19.7  16.8  16.5  18.2  19.2  22.7  23.5  25.2 
1937  26.5  24.9  24.2  20.8  19.4  15.8  16.1  16.5  19.3  21.9  23.6  25.8 
1938  25.7  26.8  25.3  22.5  20.7  16.7  15.8  15.9  18.3  21.5  23.7  25.8 
1939  26.5  25.1  24.7  21.9  20.0  16.3  15.5  15.5  16.8  19.9  22.6  24.3 
1940  26.5  26.1  24.3  22.0  18.5  17.3  15.6  17.5  19.1  21.6  24.9  25.1 
1941  25.4  24.9  24.7  21.6  19.2  16.2  15.5  15.6  19.5  22.0  23.8  25.1 
1942  26.6  25.2  25.6  22.7  19.7  18.6  17.2  18.4  20.0  21.8  23.9  23.8 
1943  25.4  25.0  24.2  22.4  19.0  15.5  15.2  16.5  19.1  21.4  23.3  25.4 
1944  26.0  24.3  23.8  21.7  17.8  16.9  17.0  17.3  19.4  20.6  24.3  25.8 
1945  26.0  26.3  25.1  22.2  19.0  18.5  16.5  18.6  18.9  20.9  23.8  25.4 
1946  26.5  27.6  24.9  22.1  20.4  15.3  15.6  17.6  19.3  21.2  24.4  26.5 
1947  26.7  24.7  24.9  22.3  20.7  16.9  16.7  17.8  19.7  20.8  22.9  24.8 
1948  24.6  25.2  25.0  21.4  18.3  17.3  16.1  17.3  19.2  22.0  24.4  25.5 
1949  26.1  26.7  24.6  21.1  19.1  15.6  15.8  16.8  19.2  22.7  23.5  24.7 
1950  26.0  25.3  25.1  22.6  19.6  16.7  18.5  16.8  19.0  21.8  22.8  24.6 
1951  24.5  24.8  24.6  21.6  18.2  17.3  15.6  15.8  18.9  22.1  24.5  25.6 
1952  26.1  25.4  24.3  22.8  18.7  16.6  16.5  17.9  19.3  22.0  24.8  25.3 
1953  25.2  25.3  24.2  23.5  18.8  16.2  15.6  16.7  18.7  21.7  24.0  25.6 
1954  24.6  26.0  25.4  22.4  19.4  16.4  16.9  16.9  18.0  20.8  23.4  24.1 
1955  25.1  25.2  25.0  23.0  19.9  17.2  15.9  16.6  19.6  23.0  23.4  25.3 
1956  25.7  25.5  25.4  22.7  18.7  16.2  15.6  15.4  17.5  21.4  22.8  25.6 
1957  25.5  25.5  24.0  22.8  18.6  18.1  14.6  17.0  18.7  22.3  24.2  25.5 
1958  25.4  25.8  25.3  22.9  21.0  18.5  15.9  17.5  18.5  21.9  23.5  25.0 
1959  24.8  24.9  24.3  22.0  19.0  16.7  15.9  16.0  19.1  20.2  22.6  25.3 
1960  25.3  25.3  23.2  22.0  17.7  15.6  14.8  14.8  18.6  21.8  22.9  24.0 
1961  23.7  24.5  23.3  21.9  17.9  15.7  15.3  16.1  18.7  21.6  23.5  24.4 
1962  25.6  25.6  23.5  20.8  18.2  17.4  16.5  15.5  19.5  22.1  24.2  23.3 
1963  24.8  25.5  25.1  22.0  20.0  16.5  14.1  17.3  19.0  20.4  22.2  23.4 
1964  26.1  25.5  24.6  22.8  19.9  16.4  15.7  16.3  20.0  21.1  22.8  24.5 
1965  24.7  25.0  24.0  22.6  19.5  17.4  13.9  16.9  19.4  21.3  23.5  23.9 
1966  24.0  25.8  24.2  21.8  18.1  16.4  14.6  16.8  19.6  20.3  23.0  24.0 
1967  25.2  24.7  23.8  21.7  18.9  17.8  15.8  15.9  18.5  21.8  23.4  23.7 
1968  25.0  24.6  24.4  23.2  18.4  16.0  15.2  16.5  18.8  22.5  24.5  24.5 
1969  26.5  25.8  24.4  22.3  19.9  16.8  17.0  18.3  18.0  21.0  23.3  25.5 
1970  26.2  24.9  24.8  22.4  18.3  16.7  15.1  17.0  19.3  22.0  23.2  24.8 
1971  25.8  24.8  23.5  21.3  18.0  15.4  15.2  18.2  19.4  22.5  24.0  24.3 
1972  25.1  24.3  23.6  21.1  18.5  16.7  14.5 -99.0  19.0  21.8  23.5  24.5 
1973  26.2  26.3  25.4  22.5  21.0  17.0  17.3  18.1  20.1  22.2  24.6  24.5 
1974  25.5  25.7  24.6  22.8  19.0  16.8  14.8  16.4  18.1  20.3  22.3  24.7 
1975  25.4  25.2  25.3  22.4  19.5  16.5  17.1  17.0  19.5  21.2  23.3  24.9 
1976  25.3  25.0  25.4  21.5  19.9  17.0  16.1  15.2  18.3  20.8  24.5  27.0 
1977  25.5  25.7  24.9  22.6  19.9  15.6  15.1  17.0  19.1  21.3  24.0  25.3 
1978  26.5  26.3  25.0  22.9  18.6  15.0  15.4  16.4  18.7  19.9  22.5  24.7 
1979  25.7  25.0  24.2  22.4  18.4  17.8  15.8  16.5  19.7  21.5  24.0  26.7 
1980  27.0  25.6  24.4  22.8  20.7  17.4  15.5  17.6  20.4  22.5  24.0  24.7 
1981  25.1  26.3  25.0  22.8  19.0  15.8  16.5  16.2  19.4  20.0  22.7  26.3 
1982  26.5  26.0  25.5  22.0  19.4  14.6  14.5  16.0  17.9  19.1  22.0  24.0 
1983  24.3  25.7  25.2  22.1  20.8  16.4  15.5  16.5  20.4  21.5  23.2  23.3 
1984  25.6  25.1  24.5  21.7  19.3  17.7  15.7  16.6  18.5  19.8  23.0  25.4 
1985  26.0  25.6  24.4  22.4  19.7  15.6  15.5  16.8  18.7  20.5  23.4  26.1 
1986  25.6  25.9  24.3  23.3  20.4  16.5  16.5  16.4  19.5  22.2  22.4  24.4 
1987  27.3  26.0  25.0  22.2  20.3  17.6  15.1  17.6  18.8  21.8  22.5  25.5 
1988  25.9  25.6  24.0  23.1  19.5  17.3  17.2  17.3  19.8  23.5  23.9  25.4 
1989 -99.0 -99.0  24.5  23.5  20.9  16.1  14.6  15.1  19.1  22.0  23.1  24.1 
1990  25.7  27.2  24.4  22.5  20.1  16.5  15.9  16.1  18.2  22.1  24.0  26.3 
1991  26.1  26.2  24.7  22.6  20.7  18.6  15.6  18.0  20.0  22.3  24.2  25.1 
1992  27.0  25.8  23.9  22.3  19.7  16.0  16.5  17.0  19.3  20.6  23.9  24.5 
1993  25.2  25.9  24.5  22.3  20.3  17.8  18.9  17.8  19.5  21.4  23.3  24.6 
1994  26.5  24.9  23.8  21.4  19.1  16.8  16.2  16.9  19.6  21.7  24.5  24.6 
1995  25.6  25.1  25.2  22.4  20.5  17.1  16.0  17.3  20.0  21.4  25.1  25.1 
1996  26.2  25.9  24.5  23.3  20.5  18.2  16.0  17.5  19.6  21.2  23.5  25.1 
1997  24.6  26.1  24.1  22.1  19.7  17.2  16.9  17.1  20.6  21.6  24.6  27.1 
1998  27.0  27.4  25.9  23.5  20.2  17.2  17.2  18.9  21.0  22.1  23.0  25.4 
1999  26.1  25.6  25.1  21.9  20.4  16.6  16.9  17.2  19.5  22.4  22.1  23.3 
2000  25.1  24.5  24.8  22.5  19.8  16.2  15.5  17.5  20.0  22.1  22.7  24.5 
2001  25.4  25.5  26.4  22.9  19.5  18.4  16.8  17.0  20.2  22.6  23.6  26.8 
2002  27.3  27.6  24.8  23.5  19.8  17.7  16.2  17.2  20.5  22.6  23.1  25.5 
2003  25.3  25.9  24.4  22.6  19.7  18.4  16.7  17.9  20.9  22.3  23.2  25.3 
2004  26.9  27.3  24.9  22.9  19.1  17.7  16.9  17.4  19.3  23.0  24.4  25.5 
2005  26.2  26.5  24.7  23.3  19.6  18.2  17.7  17.4  20.0  24.0  24.4  27.3 
2006  27.1  26.9  24.8  23.2  19.5 -99.0 -99.0 -99.0 -99.0 -99.0 -99.0 -99.0 
2007 -99.0 -99.0 -99.0 -99.0 -99.0 -99.0 -99.0 -99.0 -99.0 -99.0 -99.0 -99.0 
