Number= 943900
Name= SANDY CAPE LIGHTHOUS
Country= AUSTRALIA
Lat=  -24.7
Long= -153.2
Height= 99
Start year= 1907
End year= 2007
First Good year= 1907
Source ID= 30
Source file= Jones+Anders
Jones data to= 2000
Normals source= Data
Normals source start year= 1961
Normals source end year= 1990
Normals=  25.5  25.6  25.0  23.3  20.9  18.3  17.6  18.6  20.4  22.1  23.7  25.0 
Standard deviations source= Data
Standard deviations source start year= 1941
Standard deviations source end year= 1990
Standard deviations=   0.8   0.7   0.6   0.7   0.8   0.7   0.8   0.8   0.7   0.7   0.6   0.8 
Obs:
1907  25.2  25.3  24.9  23.4  20.3  18.4  17.3  18.6  20.5  22.6  22.7  24.6 
1908  24.0  25.0  24.6  22.9  20.7  16.6  16.7  17.6  19.6  21.1  22.2  23.9 
1909  23.6  24.1  24.1  22.9  20.4  18.5  16.2  18.6  19.6  22.5  23.3  24.4 
1910  24.8  24.4  24.0  22.8  21.7  18.1  16.8  19.0  21.0  21.5  22.0  24.9 
1911  23.9  24.1  24.1  22.6  19.8  16.8  17.1  18.8  20.1  21.7  23.4  25.7 
1912  24.7  25.2  24.3  23.2  19.9  19.1  16.9  18.4  20.4  21.8  22.9  24.0 
1913  23.7  24.1  24.1  22.7  19.1  17.2  17.3  17.6  19.8  22.0  24.3  24.6 
1914  25.0  25.1  24.3  24.9  21.0  18.1  15.8  18.2  20.0  20.8  23.2  24.5 
1915  24.3 -99.0  24.5  23.5  19.6  18.4  19.1  18.9  22.3  22.9  24.2  23.7 
1916  25.0  25.5  25.5  23.3  20.6  18.1  17.4  17.3  19.7  21.7  22.2  23.8 
1917  24.8  24.2  23.5  22.3  19.2  17.2  17.7  17.7  19.8  21.5  22.9  23.2 
1918  23.7  24.1  22.7  21.8  19.7  18.4  16.7  18.4  19.5  22.3  23.6  24.5 
1919  25.2  25.0  25.0  22.9  20.2  18.1  16.7  17.7  20.3  21.3  22.8  23.7 
1920  24.3  24.5  23.9  22.5  20.6  18.5  17.2  17.6  19.5  21.6  23.2  25.1 
1921  23.8  24.0  23.3  22.7  21.3  20.0  18.4  17.2  20.0  21.0  22.9  24.1 
1922  25.0  24.0  24.5  23.6  20.3  18.5  16.0  17.4  19.9  22.3  23.5  25.0 
1923  24.6  25.0  24.8  21.3  21.2  17.6  15.4  16.8  19.8  21.5  23.0  24.6 
1924  25.4  25.4  24.4  22.2  20.1  17.9  18.2  18.3  20.1  21.6  23.0  23.2 
1925  23.9  25.2  25.4  22.0  19.4  18.5  15.6  17.6  18.8  21.0  22.1  24.1 
1926  25.0  25.7  24.4  22.5  19.8  18.0  17.2  19.2  19.8  21.9  22.8  23.2 
1927  23.7  24.2  23.8  22.0  20.2  18.2  16.5  17.2  18.8  20.4  22.3  22.6 
1928  23.8  24.2  24.0  23.1  19.0  16.9  17.1  18.9  20.5  22.4 -99.0 -99.0 
1929  25.8  25.2  24.6  21.9  19.2  17.4  16.4  18.2  19.5  21.7  22.7  25.0 
1930  23.5  23.7  23.4  21.4  19.4  17.6  17.4  17.8  19.4  21.3  23.2  23.4 
1931  25.8  24.4  24.3  22.6  21.3  19.1  17.0  18.3  20.2  21.0  22.3  23.6 
1932  25.0  25.7  25.1  23.6  19.9  17.0  16.0  17.6  19.4  21.3  22.9  23.8 
1933  25.0  24.4  24.8  22.9  20.8  17.6  16.7  17.3  19.7  21.6 -99.0  23.1 
1934  24.1  24.6  23.8  22.6  20.4  17.5  17.2  17.6  19.6  21.6  22.8  24.1 
1935  26.0  26.3  24.0  22.6  20.2  17.8  17.1  17.9  19.9  22.9  23.3  24.5 
1936  24.4  25.2  23.6  22.0  20.3  18.1  17.9  20.4  20.7  22.9  23.3  24.4 
1937  26.0  23.9  23.3  21.8  21.1  17.0  17.5  18.3  20.8  22.5  23.2  24.7 
1938  25.1  26.2  25.1  23.1  21.2  18.6  16.5  17.0  19.6 -99.0 -99.0 -99.0 
1939  25.6  24.9  24.3  22.8  20.6  18.1  16.6  16.9  18.7  21.1  23.3  24.7 
1940  26.1  26.4  24.4  22.9  20.9  19.5  17.7  18.7  20.4  22.0  24.3  24.9 
1941  24.8  24.6  25.1  22.3  20.5  18.0  17.9  18.2 -99.0  22.1  23.3  24.4 
1942  25.5  24.6  25.6  23.4  21.6  19.6  18.9  20.6  21.5  22.5  23.7  23.9 
1943  25.1  24.8  25.0  23.9  20.4  17.4  18.0  18.4  21.1  22.3  23.3  24.7 
1944  25.8  25.1  24.1  23.1  19.4  18.2  18.2  18.4  20.2  21.3  23.6  24.8 
1945  25.9  26.4  25.2  23.2  20.3  19.6  17.4  19.6  20.4  21.5  23.6  24.3 
1946  25.7  26.6  24.7  22.8  21.4  17.0  17.2  19.1  20.0  21.3  23.5  25.2 
1947  25.0  24.1  24.2  22.6  20.4  18.3  17.8  18.6  19.9  21.2  22.8  24.5 
1948  23.9  24.9  24.5  22.0  19.6  18.1  17.5  18.6  19.2  21.7  23.5  24.4 
1949  24.8  25.3  24.1  21.8  19.8  16.7  17.3  18.1  19.8  22.4  23.2  24.7 
1950  25.6  24.8  24.7  22.6  20.9  17.5  19.2  17.2  19.9  21.7  22.6  23.1 
1951  23.9  23.9  23.9  22.4  19.6  17.9  16.8  17.4  20.0  21.6  23.9  24.7 
1952  25.7  25.4  24.2  23.3  20.0  18.5  18.4  19.6  20.0  22.0  24.5  23.9 
1953  24.6  25.0  24.2  23.9  20.0  18.6  18.5  18.0  19.7  22.0  24.0  25.5 
1954  24.0  25.3  25.5  23.2  20.2  17.8  17.9  18.5  19.2  21.2  23.5  24.2 
1955  24.7  24.5  24.4  23.1  20.5  18.5  17.2  18.3  20.2  22.5  23.1  24.8 
1956  25.3  24.8  24.8  23.5  19.9  17.4  16.8  16.6  18.9  21.6  22.8  24.8 
1957  25.4  24.9  24.5  24.3  20.9  19.7  16.3  18.2  20.4  22.7  24.3  25.8 
1958  25.2  25.7  25.3  23.1  22.6  19.0  17.7  18.8  19.6  22.4  23.9  24.7 
1959 -99.0 -99.0  24.9  23.3 -99.0  18.4  17.6  18.0  20.1  20.9  22.9  25.7 
1960  25.3  25.6 -99.0  22.9  19.0  17.5  16.4  17.1  18.9  21.9  23.0  24.2 
1961  23.4  24.2  23.7  22.6  19.6  17.7 -99.0  17.5  19.9  21.6  23.4  24.5 
1962  25.5  26.0  24.1  21.5  20.2  19.6  17.7  17.7  20.4  22.1  24.0  23.6 
1963  24.9  25.7  25.3  22.8  21.3  17.9  16.2  19.0  20.3  20.6  22.3  23.5 
1964  26.0  25.9  25.1  23.4  20.8  18.9  17.8  18.2  21.2  21.8  23.3  24.6 
1965  24.7  24.9  24.5  23.3  21.4  18.5  16.0  18.7  20.4  21.8  23.5  23.8 
1966  24.0  25.7  24.7  23.2  20.0  18.4  16.8  18.4  20.5  21.0  23.3  24.4 
1967  24.9  25.0  23.8  22.2  20.1  18.8  17.8  17.9  20.2  22.3  23.5  23.8 
1968  24.8  24.8  24.8  24.2  19.9  17.8  17.2  18.0  20.0  22.9  24.5  24.5 
1969  26.4  25.9  24.9  23.8  21.0  18.6  18.9  19.8  19.3  22.1  23.6  25.6 
1970  26.3  25.0  25.4  23.9  20.1  19.0  18.0  19.1  20.5  23.0  23.4  24.6 
1971  25.9  24.6  23.8  22.2  20.3  17.9  17.1  19.4  20.4  22.7  24.1  24.3 
1972  24.8  24.2  24.1  22.6  20.0  18.3  17.2  19.0  20.5  22.4  23.5  24.6 
1973 -99.0  26.5  26.0  24.0  22.6 -99.0  18.7  19.7 -99.0  22.7  24.7  25.3 
1974  25.3  25.4  24.4  23.3  20.3  18.1  17.1  18.1  19.6  21.3  22.5  24.9 
1975  25.1  25.5  25.4  23.2  21.6  18.2  19.2  18.9  20.5  22.2  24.0  25.1 
1976  25.5  25.1  25.0  22.5  21.0  18.7  17.7  17.7  19.6  21.9  24.5  26.6 
1977  26.2  26.0  25.5  23.7  21.8  17.3  17.1  19.2  20.2  22.5  24.4  25.1 
1978  26.3  26.6  25.5  23.9  20.5  17.5  17.3  18.2  19.8  21.1  22.9  25.2 
1979  25.6  25.4  24.9  23.9  20.2  19.3  18.0 -99.0 -99.0  22.4  24.5  26.7 
1980  26.8  26.2  25.5  24.0  22.2  19.0  17.9  19.1  21.9  23.7  24.4  25.1 
1981  25.5  27.0  25.6  24.2  20.8  18.1  18.3  18.3  20.7  21.4  23.0  26.0 
1982  26.5  26.3  25.8  23.3  21.4  16.8  17.1  19.2  20.4  21.4  23.6  25.4 
1983  25.5  26.3  25.6  23.6  21.8  18.1  17.4  18.3  22.0  23.1  23.5  24.3 
1984  25.6  25.3  25.5  23.0  21.1  18.8  17.7  18.7  20.1  21.3  23.8  25.6 
1985  26.7 -99.0 -99.0  23.3  21.0  17.7  17.5  19.1  20.5 -99.0 -99.0 -99.0 
1986 -99.0 -99.0  25.3  23.7  21.5  18.5  18.8  18.6 -99.0 -99.0 -99.0 -99.0 
1987 -99.0 -99.0 -99.0 -99.0 -99.0 -99.0 -99.0 -99.0 -99.0 -99.0 -99.0 -99.0 
1988 -99.0 -99.0 -99.0 -99.0 -99.0 -99.0 -99.0 -99.0 -99.0 -99.0 -99.0 -99.0 
1989 -99.0 -99.0 -99.0 -99.0 -99.0 -99.0 -99.0 -99.0 -99.0 -99.0 -99.0 -99.0 
1990 -99.0 -99.0 -99.0 -99.0 -99.0 -99.0 -99.0 -99.0 -99.0  22.7  24.3  26.9 
1991  26.4  26.8  25.5  23.7  21.4  20.4  17.7  19.8  21.7  23.1  24.4  25.1 
1992  26.9  26.7  24.6  23.1  21.1  18.0  18.5  19.0  20.8  22.1  24.4  25.0 
1993  26.1  26.5  25.0  23.3  21.6  19.3  20.1  19.6  20.8  22.4  23.8  25.3 
1994  26.7  25.8  24.5  22.6  21.0  18.7  17.9  18.3  20.7  22.3  25.2  25.2 
1995  25.9  25.6  26.4  24.1  21.9  18.7  18.0  19.1  21.4  22.5  25.3  25.7 
1996  27.3  26.9  25.2  24.3  21.6  19.9  17.5  19.0  20.8  22.2  23.5  25.7 
1997  24.8  26.6  25.0  23.6  20.8  18.8  18.3  18.8  21.3  22.3  24.7  26.7 
1998  26.9  28.0  26.7  24.5  21.9  19.1  18.7  20.0  21.7  22.9  23.2  25.4 
1999  26.2  25.5  25.6  23.1  21.5  18.3  18.1  19.0  21.0  22.9  22.9  23.9 
2000  25.2  24.8  25.1  23.1  20.8  18.0  17.5  19.3  21.6  22.8  23.4  25.1 
2001  25.6  26.0  26.6  23.8  20.9  20.3  18.5  19.0  21.3  23.3  24.3  26.6 
2002  27.1  27.4  25.7  24.1  21.0  18.9  18.5  18.6  21.5  23.1  23.9  25.3 
2003  25.7  25.8  25.2  23.2  21.0  20.0  18.2  19.3  21.7  22.9  23.6  25.2 
2004  26.8  27.6  25.3  23.7  20.4  18.9  18.5  19.4  20.2  22.3  24.2  25.6 
2005  25.4  26.4  25.0  23.8  20.6  19.0  18.8  18.9  21.2  23.5  24.4  27.2 
2006  27.2  27.3  25.3  24.4 -99.0 -99.0 -99.0 -99.0 -99.0 -99.0 -99.0 -99.0 
2007 -99.0 -99.0 -99.0 -99.0 -99.0 -99.0 -99.0 -99.0 -99.0 -99.0 -99.0 -99.0 
