Number= 944460
Name= MENZIES-------------
Country= AUSTRALIA---
Lat=  -29.7
Long= -121.0
Height= 427
Start year= 1898
End year= 2007
First Good year= 1898
Source ID= 30
Source file= Jones+Anders
Jones data to= 1992
Normals source= Data
Normals source start year= 1961
Normals source end year= 1990
Normals=  28.0  26.9  24.4  20.3  15.5  12.6  11.4  12.7  16.0  19.8  23.2  26.6 
Standard deviations source= Data
Standard deviations source start year= 1941
Standard deviations source end year= 1990
Standard deviations=   1.5   1.5   1.4   1.6   1.3   1.2   1.0   1.3   1.3   1.6   1.4   1.3 
Obs:
1898  29.6  26.0  24.6  19.1  14.7  10.4  12.7  14.2  16.9  18.2  23.0  27.0 
1899  25.4  27.7  24.8  20.2  14.3  12.0  11.5  12.6  15.2  18.6  22.4  27.0 
1900  24.9  28.7  22.0  16.3  12.5  12.6  10.0  11.0  12.9  20.8  23.8  26.0 
1901  28.2  24.1  22.6  21.1  16.2  12.6  10.5  13.3  15.8  19.5  25.3  27.5 
1902  26.1  25.2  25.7  22.8  15.5  12.0  10.7  13.1  16.2  18.8  22.4  25.0 
1903  28.4  25.3  22.8  17.5  14.5  12.7   9.8  12.4  14.5  17.2  22.0  22.0 
1904  26.4  25.1  23.0  21.3  14.0  11.6  10.2  12.8  14.5  16.8  23.9  27.2 
1905  27.2  24.6  23.7  20.1  15.8  11.0  11.1  10.7  12.8  16.6  23.7  27.5 
1906  29.4  28.1  24.5  21.4  16.2  12.9  11.5  11.5  13.3  19.2  20.8  26.6 
1907  24.8  27.1  23.1  19.2  15.1  12.0  11.6  13.1  16.4  18.3  20.4  24.5 
1908  27.3  24.8  22.0  17.3  13.5   9.1  10.1  10.6  14.4  18.4  23.1  28.1 
1909  22.7  25.1  23.7  17.7  14.7  11.7   9.7  11.2  15.2  17.7  22.5  26.4 
1910  27.7  26.8  23.7  21.3  15.1  11.3   9.8  13.4  15.7  15.7  21.8  24.6 
1911  28.2  24.6  22.7  20.2  13.8  11.3  11.5  11.5  14.6  18.4  25.4  25.5 
1912  28.5  29.4  25.4  19.3  16.2  11.7  11.1  13.4  15.2  19.5  21.4  27.7 
1913  25.6  26.8  22.8  19.7  13.8  12.5  11.5  12.3  15.9  18.3  23.9  25.4 
1914  27.9  27.0  24.4  19.2  15.3  12.5  11.4  14.7  17.5  21.7  22.1  25.5 
1915  25.6  25.0  21.8  19.4  15.5  13.5  11.3  12.0  13.6  18.4  23.7  26.0 
1916  26.0  26.6  24.0  17.6  16.3  10.9   9.2  12.0  17.3  16.8  21.4  24.4 
1917  26.4  23.9  21.7  17.9  12.1  11.2  11.4  10.9  13.6  16.2  20.9  24.2 
1918  26.9  25.2  22.3  19.6  14.8  12.2  10.8  11.4  17.2  18.7  24.5  25.9 
1919  27.7  26.4  25.3  19.5  14.2  12.7  13.7  12.2  14.0  17.4  20.9  25.5 
1920  26.0  26.2  23.9  17.3  14.6  11.4   9.6  10.8  16.3  19.8  22.6  25.5 
1921  26.3  28.0  24.7  20.2  15.9  12.5  12.2  12.3  15.0  18.0  21.4  25.3 
1922  26.8  26.6  24.6  19.7  14.1  11.8   9.1  12.8  15.5  19.2  24.3  23.1 
1923  26.6  28.6  25.4  21.1  15.3  10.8  10.6  11.8  14.2  18.4  23.9  24.7 
1924  25.4  24.8  21.5  19.2  15.8  12.4  12.4  12.6  15.8  16.7  22.3  24.9 
1925  24.0  24.0  22.8  19.8  14.1  12.8   9.2  10.4  14.0  17.5  23.9  26.9 
1926 -99.0 -99.0 -99.0 -99.0 -99.0 -99.0 -99.0 -99.0 -99.0 -99.0 -99.0 -99.0 
1927 -99.0 -99.0 -99.0 -99.0 -99.0 -99.0 -99.0 -99.0 -99.0 -99.0 -99.0 -99.0 
1928  24.3  24.0  23.6  20.5  15.4  11.8  11.0  12.8  15.5  18.5  23.6  25.2 
1929  25.1  26.9  21.1  19.7  14.5  11.2   9.3  11.3  15.2  18.4  22.3  24.7 
1930  28.2  28.5  24.0  18.1  16.7  14.5  10.9  12.4  15.4  17.7  22.6  24.7 
1931  25.2  24.2  22.1  18.1  12.4   9.3  10.5  11.9  14.3  17.3  19.1  26.5 
1932  29.0  26.5  23.7  19.3  15.9  11.8  11.0  10.8  15.1  17.3  23.0  24.1 
1933  25.5  29.5  23.7  19.3  14.6  12.7   9.8  11.0  14.7  18.4  20.6  25.1 
1934  28.7  29.4  23.9  16.9  18.3  11.1  10.0  12.5  15.1  18.0  19.7  24.7 
1935  26.0  25.1  21.7  18.3  16.5  10.5  10.5  11.7  14.5  16.5  23.4  24.3 
1936  27.0  26.5  25.5  20.1  14.3  11.1  10.9  13.0  16.7  18.6  24.4  25.9 
1937  26.2  26.9  23.6  20.7  15.4  12.0  10.6  11.5  15.4  20.5  23.6  25.6 
1938  24.8  26.0  24.8  21.1  15.5  10.7  11.2  12.1  17.5  20.3  24.7  27.4 
1939  26.4  26.5  23.5  20.1  16.1  12.2  10.3  11.7  16.8  19.2  20.4  26.3 
1940  26.2  27.5  27.2  18.6  14.7  13.6  11.9  14.2  16.8  20.4  21.5  25.0 
1941  26.1  26.8  23.0  19.8  15.5  12.2  11.5  14.1  14.3  16.5  23.2  25.8 
1942  25.4  23.0 -99.0 -99.0  15.0  10.9   9.8  12.1  15.1  17.4  22.7  25.3 
1943  26.6  24.5  24.7  17.8  14.7  12.4   8.8  10.9  15.1  18.8  22.3  25.3 
1944  27.9  26.8  23.6  18.7  13.0  12.8  11.9  13.0  16.9  21.0  24.3  23.7 
1945  26.5  26.3  24.8  23.6  16.4  13.8  11.0 -99.0  15.5  18.9  22.6  25.8 
1946  26.8  23.7  22.4  20.7  15.9  11.9  12.2  13.2  17.1  21.1  21.2  26.2 
1947  27.5  27.4  23.3  18.9  15.9  13.8  10.9  12.0  15.2  17.0  21.4  25.5 
1948  28.3  26.3  23.6  17.2  14.7  12.2  10.9  14.0  16.7  20.3  24.4  26.1 
1949  26.7  24.1  22.8  20.3  14.7  12.7  14.1  14.7  15.7  17.8  21.6  26.4 
1950  27.7  26.6  25.1  22.2  16.8  11.5  10.7  12.7  16.9  18.7  22.5  26.5 
1951  27.2  27.0  25.7  18.9  13.5  12.6  10.0  10.2  16.8  19.8  24.7  24.9 
1952  26.7  24.8  23.8  18.7  14.1  13.1  10.5  12.7  15.0  17.9  22.1  23.4 
1953  27.6  26.7  26.8  20.8  15.7  11.7  11.3  11.3  15.5  18.7  21.5  25.9 
1954  27.5  26.1  26.7  18.3  14.4  11.4  11.7  12.4  16.6  19.7  22.9  27.5 
1955  26.1  28.1  23.8  18.4  13.4   9.8  10.3  12.7  15.1  16.5  22.2  24.1 
1956  28.3  29.8  25.1  18.6  14.2  10.1  10.7  11.1  16.0  18.1  22.2  25.5 
1957  28.3  25.4  24.3  20.5  17.1  14.0   9.9  13.4  16.9  21.6  26.3  28.3 
1958  29.2  28.1  23.7  22.4  17.7 -99.0  10.7  12.5  14.6  18.8  23.2  26.6 
1959  29.2  26.1  25.8  21.5  18.0  14.0  13.0  14.1  16.2  19.6 -99.0 -99.0 
1960  20.7  24.0  21.8  16.5  13.3  11.2  10.2  11.6  13.7  20.3  22.5  25.9 
1961  28.4  27.1  26.2  18.8  16.6  12.9  10.5  13.2  17.9  21.4  23.9  26.7 
1962  28.0  26.8  24.2  21.6  16.3  15.0  11.3  13.9  16.0  18.9  24.3  27.0 
1963  26.1  26.1  23.2  19.0  15.6  12.3  11.4  12.7  16.2  21.7  23.0  26.3 
1964  27.4  25.2  25.1  18.8  15.7  14.1  12.5  12.3  15.0  16.9  22.9  24.8 
1965  28.2  29.3  24.9  21.4  15.7  13.8  11.7  11.3  16.2  21.0  22.6  26.3 
1966 -99.0  25.8  25.4  19.8  14.8  11.0  11.0  12.2  14.5  18.1  24.2 -99.0 
1967  25.9  24.7  22.1  22.3  16.4  13.7  11.0  12.3  17.6  22.8  23.3  26.1 
1968  28.7  27.3  21.4  18.6  13.5  12.7  10.8  10.1  14.2  19.6  23.0  25.1 
1969  29.4  27.1  24.0  21.1  15.4  12.6  11.4  14.0  15.7  21.9  24.7  25.4 
1970  28.4  28.4  25.8  18.7  14.4  13.0  12.3  12.5  15.1  19.9 -99.0  27.5 
1971  28.9  27.2  24.8  20.1  15.2  12.8  11.9  11.9  15.1  18.9  20.7  25.4 
1972  27.9  27.4  25.4  20.9  18.3  13.8  11.0  12.3  17.3  20.5  24.4  30.1 
1973  27.7  27.8  24.6  20.6  16.4  10.9  11.9  11.9  14.4  18.8 -99.0  26.4 
1974  27.8  24.8  24.4  17.0  14.6  11.8  11.0  12.3  15.1  18.6  21.8  26.5 
1975  26.7  26.4  22.0  18.7  14.1  10.8  11.0  10.9  13.9  15.4  21.7  24.7 
1976  26.0  26.1  24.6  20.3  16.3  12.1  12.4  13.8  16.5  18.6  20.8  28.4 
1977  29.3  28.7  23.8  20.4  14.0  13.6  13.3  14.5  15.9  20.8  23.3  28.8 
1978  28.1  27.3  25.7  23.1  15.5  11.9  11.4  13.1  14.6 -99.0 -99.0 -99.0 
1979  28.8  26.4  25.7  20.4  13.4  12.4  12.0  11.5  14.4  20.4  24.7  27.1 
1980  29.2  26.3  27.3  20.3  15.8  11.3  11.0  12.8  17.3  17.0  25.2  27.4 
1981  26.7  23.9  24.1  23.8  15.4   9.7  10.7  12.6  19.1  21.7  21.0  24.7 
1982  27.5  27.7  22.1  20.9  16.2  11.3  10.4  16.1  16.7  20.3  26.0  27.9 
1983  29.1  28.8  23.7  19.6  18.1  14.3  11.4  15.3  18.5  20.9  22.4  26.2 
1984  27.7  27.3  22.3  20.3  15.4  12.9  11.0  12.3  14.4  20.6  22.7  26.1 
1985  29.5  28.9  26.1  20.6  14.9  13.3  12.9  12.3  17.4  19.5  23.7 -99.0 
1986 -99.0 -99.0  26.2  19.9  15.4  12.7   9.6  11.1 -99.0 -99.0 -99.0 -99.0 
1987 -99.0 -99.0 -99.0 -99.0 -99.0 -99.0 -99.0 -99.0 -99.0  20.9  21.3 -99.0 
1988 -99.0 -99.0 -99.0 -99.0 -99.0 -99.0 -99.0 -99.0 -99.0 -99.0 -99.0 -99.0 
1989 -99.0 -99.0 -99.0 -99.0 -99.0 -99.0 -99.0 -99.0 -99.0 -99.0 -99.0 -99.0 
1990 -99.0 -99.0 -99.0 -99.0 -99.0 -99.0 -99.0 -99.0 -99.0  19.4  24.4  27.0 
1991  27.9 -99.0 -99.0  21.5  16.5  13.0  11.8 -99.0 -99.0 -99.0 -99.0 -99.0 
1992 -99.0 -99.0 -99.0 -99.0 -99.0 -99.0 -99.0  11.0  12.4  18.0 -99.0 -99.0 
1993 -99.0 -99.0 -99.0 -99.0 -99.0 -99.0 -99.0 -99.0 -99.0 -99.0 -99.0 -99.0 
1994 -99.0 -99.0 -99.0 -99.0 -99.0 -99.0 -99.0 -99.0 -99.0 -99.0 -99.0 -99.0 
1995 -99.0 -99.0 -99.0 -99.0 -99.0 -99.0 -99.0 -99.0 -99.0 -99.0 -99.0 -99.0 
1996 -99.0 -99.0 -99.0 -99.0 -99.0 -99.0 -99.0 -99.0 -99.0 -99.0 -99.0 -99.0 
1997 -99.0 -99.0 -99.0 -99.0 -99.0 -99.0 -99.0 -99.0 -99.0 -99.0 -99.0 -99.0 
1998 -99.0 -99.0 -99.0 -99.0 -99.0 -99.0 -99.0 -99.0 -99.0 -99.0 -99.0 -99.0 
1999 -99.0 -99.0 -99.0 -99.0 -99.0 -99.0 -99.0 -99.0 -99.0 -99.0 -99.0 -99.0 
2000 -99.0 -99.0 -99.0 -99.0 -99.0 -99.0 -99.0 -99.0 -99.0 -99.0 -99.0 -99.0 
2001 -99.0 -99.0 -99.0 -99.0 -99.0 -99.0 -99.0 -99.0 -99.0 -99.0 -99.0 -99.0 
2002 -99.0 -99.0 -99.0 -99.0 -99.0 -99.0 -99.0 -99.0 -99.0 -99.0 -99.0 -99.0 
2003 -99.0 -99.0 -99.0 -99.0 -99.0 -99.0 -99.0 -99.0 -99.0 -99.0 -99.0 -99.0 
2004 -99.0 -99.0 -99.0 -99.0 -99.0 -99.0 -99.0 -99.0 -99.0 -99.0 -99.0 -99.0 
2005 -99.0 -99.0 -99.0 -99.0 -99.0 -99.0 -99.0 -99.0 -99.0 -99.0 -99.0 -99.0 
2006 -99.0 -99.0 -99.0 -99.0 -99.0 -99.0 -99.0 -99.0 -99.0 -99.0 -99.0 -99.0 
2007 -99.0 -99.0 -99.0 -99.0 -99.0 -99.0 -99.0 -99.0 -99.0 -99.0 -99.0 -99.0 
