Number= 945160
Name= ST GEORGE AIRPORT
Country= AUSTRALIA
Lat=  -28.1
Long= -148.6
Height= 199
Start year= 1938
End year= 2007
First Good year= 1938
Source ID= 30
Source file= Jones+Anders
Jones data to= 1992
Normals source= Data
Normals source start year= 1961
Normals source end year= 1990
Normals=  28.0  27.6  25.1  21.2  16.6  13.3  12.2  14.1  17.8  21.8  24.7  27.1
Standard deviations source= Data
Standard deviations source start year= 1941
Standard deviations source end year= 1990
Standard deviations=   1.7   1.4   1.1   1.3   1.1   1.1   1.0   1.1   1.2   1.3   1.5   1.3 
Obs:
1938  27.8  28.5  26.1  21.2  17.7  12.8  11.4  12.5  16.8  24.1  26.1  29.2 
1939  31.1  27.9  24.8  19.7  17.0  12.6  10.7  12.7  16.3  20.1  24.6  27.1 
1940  30.9  27.0  24.6  20.9  15.3  12.9  11.5  14.0  18.3  23.7  25.3  27.9 
1941  23.6  25.4  23.0  19.4  15.6  12.1  11.2  12.2  18.6  21.7  26.2  27.2 
1942  30.1  25.6  25.3  21.3  17.2  14.7  12.9  15.1  18.2  21.0  24.4  24.8 
1943  26.1  27.5  26.8  19.8  15.3  10.4  10.6  11.5  16.6  21.8  24.1  27.2 
1944  29.7  27.5  23.9  19.3  13.8  12.3  12.2  13.5  16.8  21.7  27.4  28.9 
1945  29.2  27.8  25.3  19.8  15.9  14.3  11.1  14.6  17.3  19.8  24.8  27.6 
1946  28.8  28.8  22.4  18.3  15.5  10.6  11.6  13.5  16.1  20.7  28.0  28.3 
1947  30.3  24.9  24.1  18.6  16.6  11.9  11.5  13.2  16.2  20.2  22.9  25.1 
1948  24.8  28.6  24.0  19.1  13.3  12.7  10.6  14.0  17.2  21.5  25.6  28.7 
1949  26.6  27.5  25.1  19.0  15.0  10.1  11.7  13.5  17.1  21.7  23.3  28.9 
1950  28.3  25.5  24.7  19.6  16.5  11.9  13.2  13.1  17.6  19.8  22.0  26.6 
1951  25.0  26.6  24.6  18.4  14.9  13.1  12.0  11.8  17.3  20.7  25.1  26.6 
1952  30.7  27.5  23.8  19.7  15.0  12.8  11.6  13.7  17.3  21.0  24.0  27.9 
1953  26.9  24.3  24.1  22.1  14.9  12.3  11.7  12.3  17.9  21.1  24.1  29.4 
1954  25.6  24.5  25.3  21.2  15.1  12.2  12.6  14.3  17.2  20.4  23.5  26.6 
1955  27.4  26.6 -99.0  21.8 -99.0  14.3 -99.0 -99.0  17.8  22.0  24.2  25.4 
1956  26.6  25.3  24.8  20.5  14.7  12.1  12.2  12.1  15.0  19.4  22.0  26.4 
1957 -99.0 -99.0 -99.0 -99.0 -99.0 -99.0 -99.0 -99.0 -99.0 -99.0 -99.0 -99.0 
1958 -99.0 -99.0 -99.0 -99.0 -99.0 -99.0 -99.0 -99.0 -99.0 -99.0 -99.0 -99.0 
1959 -99.0 -99.0 -99.0 -99.0 -99.0 -99.0 -99.0 -99.0 -99.0 -99.0 -99.0 -99.0 
1960 -99.0 -99.0 -99.0 -99.0 -99.0 -99.0 -99.0 -99.0 -99.0 -99.0 -99.0 -99.0 
1961 -99.0 -99.0 -99.0 -99.0 -99.0 -99.0 -99.0 -99.0 -99.0 -99.0 -99.0 -99.0 
1962  25.3  27.3  23.0  19.5  15.0  14.0  13.6  13.3  17.4  22.0  26.5  25.4 
1963  25.0  28.5  25.1  20.5  17.4  12.9  11.7  14.8  17.6  20.8  23.3  26.6 
1964  28.9  26.9  26.2  21.5  16.3  13.4  13.1  13.6  18.9  19.5  24.0  26.2 
1965  28.7  28.5  25.5  21.1  17.1  13.7  10.6  15.1  20.3  23.1  26.0  26.3 
1966  27.1  27.8  24.9  22.0  15.1  13.1  11.4  13.0  16.9  20.8  24.3  27.0 
1967  29.0  28.6  22.6  21.4  16.4  14.9  11.9  12.8  17.6  24.5  25.8  26.0 
1968  27.5  27.6  26.0  23.5  15.1  12.1  11.2  13.1  16.8  22.2  25.9  26.0 
1969  30.2  29.6  26.4  20.9  17.0  12.9  13.8  15.5  15.0  22.4  23.0  26.9 
1970  28.2  27.3  24.6  21.3  15.3  13.9  11.4  13.6  16.3  22.1  24.1  25.9 
1971  27.0  26.7  24.6  20.5  15.8  12.6  11.8  14.6  17.7  21.9  23.0  26.5 
1972  26.0  25.1  25.4  20.5  16.9  13.9  12.1  15.4  19.9 -99.0  24.8  29.5 
1973  30.1  28.3  26.3  23.0 -99.0  14.8  15.3  14.9  18.3  22.5  24.8  26.4 
1974  25.8  26.3  25.1  22.8  16.8  13.1  12.4  13.3  15.5  20.7  22.4  27.5 
1975  28.3  26.7  24.1  20.5  16.8  13.3  13.9  14.9  19.8  20.9  25.3  26.1 
1976  27.0  24.8  24.0  19.4  16.9  13.1  12.7  13.5  15.9  19.4  22.9  27.2 
1977  27.2  27.2  24.1  21.0  16.5  12.4  11.3  14.8  17.5  22.9  26.8  28.3 
1978  28.3  28.0  25.5  19.9  16.5  12.6  11.5 -99.0  17.0  19.9  23.3  25.5 
1979  29.3  27.2  25.3  23.0  16.2  14.6  12.1  14.0  18.5  21.1  26.8  30.3 
1980  29.4  29.0  26.2  21.6  17.3  13.5  12.3  15.3  19.6  24.3  27.3  26.6 
1981  29.0  29.9  25.8  21.3  16.1  12.5  12.1  12.8  19.2  21.7  23.0  28.5 
1982  28.6  28.2  24.5  21.3  16.3  11.3  10.8  15.6  17.1  21.0  27.0  28.8 
1983  27.6  29.5  26.1  19.1  17.1  12.8  11.8  13.5  19.6  22.3  23.0  25.3 
1984  25.3  25.9  24.8  19.9  16.3  14.2  11.6 -99.0 -99.0 -99.0  24.8  27.5 
1985  29.0  28.2  25.4  20.8  17.8  12.1  12.8  14.4  16.2  20.5  24.0  26.9 
1986  27.2  28.1  26.6  22.9  18.0  13.1  12.6  13.6  18.2  21.0  23.6  26.0 
1987  29.5  28.6  25.4  21.9  16.6  15.3  11.5  14.7  17.8  20.7  24.0  27.8 
1988  29.0  25.5  23.5  20.7  17.2  13.3  13.5  14.8  18.3  24.9  24.6  28.2 
1989  27.4  27.0  26.3  21.1  18.6  12.2  11.7  12.0  17.3  22.3  24.2  27.5 
1990  30.1  28.0  25.3  20.7  16.9  12.7 -99.0 -99.0  17.3  21.9  26.4  30.0 
1991  27.7  28.5  25.6  20.6  18.3  15.4  11.8  14.4  18.2  23.8  26.1  26.6 
1992  28.9  27.2  26.0  21.9  17.0  13.0  13.1  14.4  17.0  21.2  23.6 -99.0 
1993 -99.0 -99.0 -99.0 -99.0 -99.0 -99.0 -99.0 -99.0 -99.0 -99.0 -99.0 -99.0 
1994 -99.0 -99.0 -99.0 -99.0 -99.0 -99.0 -99.0 -99.0 -99.0 -99.0 -99.0 -99.0 
1995 -99.0 -99.0 -99.0 -99.0 -99.0 -99.0 -99.0 -99.0 -99.0 -99.0 -99.0 -99.0 
1996 -99.0 -99.0 -99.0 -99.0 -99.0 -99.0 -99.0 -99.0 -99.0 -99.0 -99.0 -99.0 
1997 -99.0 -99.0 -99.0 -99.0 -99.0 -99.0 -99.0 -99.0 -99.0 -99.0 -99.0 -99.0 
1998 -99.0 -99.0 -99.0 -99.0 -99.0 -99.0 -99.0 -99.0 -99.0 -99.0 -99.0 -99.0 
1999 -99.0 -99.0 -99.0 -99.0 -99.0 -99.0 -99.0 -99.0 -99.0 -99.0 -99.0 -99.0 
2000  25.6  25.9  25.3  21.6  15.8  12.1  12.5  14.5  20.7  21.5  22.8  26.8 
2001  29.3  27.2  25.2  21.0  15.2  14.0  12.5  13.1  17.9  20.1  23.5  28.0 
2002  28.3  27.9  25.6  22.0  15.7  13.2  11.2  14.7  19.4  23.3  28.5  26.9 
2003  29.8  27.6  25.0  20.5  17.3  13.7  12.6  14.9  19.4  20.7  25.2  28.3 
2004  28.1  27.6  25.2  22.3  15.5  13.1  11.9  13.9  17.6  22.8  24.6  26.4 
2005  28.3  28.3  24.9  23.1  16.1  14.0  12.7  13.4  19.2  24.0  25.6  29.1 
2006  30.7  30.3  26.1  20.4  14.5 -99.0 -99.0 -99.0 -99.0 -99.0 -99.0 -99.0 
2007 -99.0 -99.0 -99.0 -99.0 -99.0 -99.0 -99.0 -99.0 -99.0 -99.0 -99.0 -99.0 
