Number= 945300
Name= GOONDIWINDI-POST-OFF
Country= AUSTRALIA---
Lat=  -28.6
Long= -150.3
Height= 203
Start year= 1908
End year= 2007
First Good year= 1908
Source ID= 30
Source file= Jones+Anders
Jones data to= 1991
Normals source= Data
Normals source start year= 1961
Normals source end year= 1990
Normals=  26.1  25.9  23.8  20.2  15.7  12.4  11.2  12.7  16.1  19.9  22.8  25.2 
Standard deviations source= Data
Standard deviations source start year= 1941
Standard deviations source end year= 1990
Standard deviations=   1.5   1.2   1.0   1.2   1.3   1.2   1.1   1.1   1.2   1.3   1.4   1.4 
Obs:
1908  26.2  23.0 -99.0  17.2 -99.0 -99.0  10.3  11.4  14.0  17.0  22.8  25.4 
1909  25.7  25.0  23.2  18.2  13.8  13.0   9.0  12.6  13.9  19.4  22.1  24.6 
1910  24.9  24.8  21.4  19.6  16.4  12.6  10.6  13.7  18.2  18.0  20.5  24.0 
1911  24.1  22.7  21.7  18.0  14.3  10.1  11.1  12.6  17.0  19.0  24.2  26.7 
1912  27.3  27.3  24.0  19.2  15.3  12.7  11.7  13.5  14.4  17.9  21.8  24.6 
1913  25.4  24.4  21.4  19.3  13.7  11.0  11.7  11.6  14.6  20.8  21.6  26.7 
1914  28.7  27.0  24.2  20.8  16.1  13.2  10.5  13.1  15.8  19.7  26.7  27.1 
1915  26.0  28.9  26.6  20.9  14.2  13.0  14.3  12.3  19.4  20.5  25.1  25.1 
1916  28.4  28.5  25.2  19.7  16.4  13.1  12.4  12.8  15.4  18.2  18.9  23.4 
1917  26.9  22.7  23.3  18.9  13.4  11.6  11.5  12.7  15.8  19.1  20.6  23.2 
1918  23.8  25.0  22.8  19.5  14.5  12.3  10.2  13.8  16.1  19.6  23.5  26.7 
1919  29.0  26.8  24.1  20.6  17.0  13.1  11.0  12.6  17.2  20.9  25.3  27.0 
1920  25.9  25.7  22.6  20.0  15.4  12.6  12.1  12.2  15.0  18.7  23.8  24.6 
1921  25.8  25.9  23.6  20.8  17.0  14.8  14.0  11.3  16.4  16.8  24.1  24.2 
1922  25.5  25.5  23.5  21.8  15.5  12.5  10.7  11.9  16.1  20.6  24.8  26.1 
1923  27.4  27.8  25.3  20.0  16.4  12.1  10.0  11.5  16.2  19.8  22.0  27.3 
1924  25.3  23.8  23.2  17.7  15.1  10.8  12.1  12.6  16.1  18.7  21.1  23.4 
1925  24.9  27.6  23.0  19.3  14.8  12.3   9.9  11.7  13.6  19.5  22.4  26.4 
1926  26.2  30.2  25.7  20.2  14.3  11.6  11.4  13.4  15.8  21.0  24.1  24.6 
1927  25.9  25.8  23.9  19.5  14.3  12.4  10.6  11.5  16.0  19.2  23.9  23.0 
1928  25.1  25.8  24.2  20.3  14.1  11.0  11.2  14.5  16.9  21.1  23.2  26.0 
1929  28.6  25.1  23.9  17.4  13.8  10.9   9.3  13.1  15.3  19.2  23.0  25.0 
1930  26.7  26.4  23.0  19.0  15.2  12.4  12.0  12.1  13.8  19.5  23.1  24.4 
1931  28.0  25.6  23.2  18.7  16.4  13.0  10.4  12.4  16.5  18.2  21.0  22.8 
1932  28.7  27.6  24.5  19.7  15.7  11.2  10.7  12.9  15.0  18.0  22.2  25.0 
1933  27.4  26.0  26.7  20.2  15.1  11.8  11.7  11.0  15.2  19.0  20.5  23.7 
1934  25.4  24.4  24.2  19.4  15.3  10.6  11.4  12.6  14.9  17.5  21.2  23.4 
1935  25.4  25.4  23.2  18.3  14.1  11.3  10.4  12.5  14.5  19.7  23.5  25.7 
1936  26.4  27.0  23.4  19.5  16.7  11.3  11.9  13.2  15.1  20.9  23.8  25.1 
1937  27.0  25.0  22.3  17.6  15.0  11.0  11.1  13.4  16.4  21.0  22.1  26.8 
1938  26.8  26.2  25.2  21.2  17.7  12.2  11.1  11.7  15.2  21.4  23.5  27.5 
1939  28.6  26.2  23.8  18.9  16.8  12.3   9.9  11.0  13.7  18.1  22.7  25.0 
1940  28.4  25.2  23.3  19.6  14.6  12.3  10.8  13.4  16.5  21.3  23.4  25.4 
1941  22.7  24.1  22.4  19.5  15.7  11.7  10.8  11.4  16.8  20.1  24.1  25.8 
1942  29.0  24.2  24.5  20.6  16.9  14.7  12.2  13.7  16.3  18.3  22.3  23.5 
1943  24.7  25.4  25.6  18.6  15.5   9.6   9.8  10.4  15.1  19.3  21.2  24.5 
1944  26.5  25.6  23.3  18.1  13.4  11.9  11.7  12.5  14.7  19.3  24.7  26.5 
1945  26.6  25.5  23.4  19.5  15.3  14.0  10.5  13.4  15.3  18.7  23.0  25.1 
1946  26.5  27.1  22.1  17.9  15.6  10.5  10.7  12.9  15.4  18.9  25.7  26.2 
1947  27.1  24.0  23.2  18.0  16.4  11.1  10.5  12.4  15.3  18.7  20.9  22.7 
1948  22.9  26.6  23.0  18.1  13.3  12.4  10.1  12.7  14.7  19.4  23.3  26.9 
1949  24.5  25.2  23.8  18.2  14.7  10.2  10.9  12.6  15.5  20.1  21.7  26.0 
1950  27.0  24.1  23.9  19.9  16.4  12.7  13.8  12.4  16.1  18.2  20.1  24.3 
1951  23.0  24.5  23.6  17.5  14.0  13.1  11.0  10.8  16.1  18.5  23.3  25.0 
1952  29.0  26.0  22.4  18.6  14.5  11.6  11.0  12.7  15.6  18.8  21.1  25.4 
1953  25.4  22.9  22.4  20.5  14.3  11.2  10.8  11.5  15.8  19.2  22.3  27.6 
1954  24.6  24.2  24.1  21.0  14.6  12.1  12.6  13.8  15.6  19.3  21.5  24.3 
1955  25.5  25.9  24.1  21.4  14.4  13.2  10.4  13.0  16.7  20.2  22.0  23.5 
1956  24.9  24.0  24.4  19.8  14.1  11.2  10.9  10.9  13.6  17.2  19.8  24.6 
1957  26.2  25.0  23.0  21.9  14.7  14.0   9.5  13.3  15.8  20.5  24.4  28.0 
1958  26.6  25.8  25.0  20.9  17.9  13.9  11.1  13.1  13.7  19.5  23.6  25.5 
1959  24.1  23.6  23.3  20.0  14.7  12.1  11.5  11.7  16.1  17.5  22.9  24.7 
1960  26.0  26.1  23.1  20.0  12.9   9.8  11.1  10.8  14.9  20.2  22.0  23.4 
1961  24.2  25.0  22.0  19.9  14.3  11.9  10.2  11.8  15.9  20.7  22.6  23.7 
1962  23.1  24.9  21.3  18.0  13.4  12.9  12.3  11.5  14.9  19.2  24.0  22.9 
1963  23.9  27.0  24.0  19.9  15.7  11.8  10.0  13.4  15.6  18.9  21.3  23.7 
1964  26.8  24.6  23.8  19.5  15.0  11.7  11.2  11.1  16.4  16.9  21.9  23.8 
1965  25.8  26.4  24.4  20.4  15.8  12.7   9.5  13.3  17.6  20.8  23.9  24.5 
1966  25.6  27.0  23.1  20.6  14.0  12.1  10.0  11.9  13.7  17.9  22.1  24.9 
1967  27.1  26.5  21.7  20.1  15.3  14.5  10.5  11.0  15.9  22.7  23.3  24.5 
1968  25.6  25.5  23.9  22.4  13.6  10.7  10.0  11.5  15.4  20.4 -99.0 -99.0 
1969  28.0  27.2  24.5  19.6  15.8  11.8  12.1  13.7  12.3  19.6  20.4  24.5 
1970  25.6  25.1  23.0  19.5  13.7  12.2  10.0  11.8  14.4  19.3  21.9  23.7 
1971  24.1  24.4  22.6  18.8  14.0  11.1  10.0  12.8  15.5  19.7  20.6  23.6 
1972  24.0  23.4  23.6  18.9  15.8  12.3   9.9  13.2  17.0  20.0  22.2  26.2 
1973  26.6  25.6  24.6  21.5  16.9  13.5  14.3  13.8  16.7  20.6  23.3  24.8 
1974  25.0  26.1  24.3  21.6  16.1  12.2 -99.0 -99.0 -99.0  18.5  20.6  25.3 
1975  26.4  25.0  22.9  19.0  15.7  12.0  12.4  13.0  16.6  18.5  22.8  24.6 
1976  25.3  23.6  23.6  19.4  16.3  12.4  11.8  11.8  14.3  17.9  22.6  26.8 
1977  26.1  25.9  23.5  20.6  16.1  11.7  10.6  13.6  15.6  20.9  24.9  26.2 
1978  26.6  26.2  24.2  19.4  15.9  11.9  10.4  11.1  14.6  18.1  21.5  23.8 
1979  27.3  25.7  23.6  21.7  15.1  13.9  11.3  13.0  16.8  19.6  24.2  28.1 
1980  27.9  27.2  25.4  20.9  16.9  12.8  11.1  14.2  18.2  22.1  24.8  24.6 
1981  27.8  28.4  25.1  21.4  16.6  12.2  12.0  11.9  18.1  20.6  22.5  27.0 
1982  27.7  27.2  24.1  20.8  16.4  10.9  10.5  15.4  16.9  20.1  25.4  26.5 
1983  26.7  28.1  25.1  19.1  17.3  12.3  11.9  13.1  18.4  20.8  22.2  24.4 
1984  24.7  25.2  23.7  19.6  15.4  13.8  11.2  12.9  14.5  19.5  23.2  26.2 
1985  27.8  26.6  24.2  19.8  16.8  11.7  12.0  13.5  15.8  19.7 -99.0 -99.0 
1986  25.8  26.2  25.0 -99.0 -99.0  12.9  12.3  12.8  17.4  19.9  22.4  25.2 
1987 -99.0 -99.0 -99.0  21.3  16.6  14.9  11.2  14.4  16.8  19.8  23.0  26.2 
1988  26.8  24.1  22.7  20.5  16.9  13.1  13.4  14.2  17.9  23.8  23.6  27.1 
1989  26.3  26.1  25.2  20.7  18.4  12.3  11.0  11.4  16.3  21.3  22.7  25.5 
1990  27.5  25.9  24.4  20.4  16.8  12.4  11.9  11.7  16.3  18.5  25.4  27.2 
1991  26.5  27.0  24.6  20.4  18.0  14.6   9.6  12.4  16.0  22.1  25.2  24.7 
1992 -99.0 -99.0 -99.0 -99.0 -99.0 -99.0 -99.0 -99.0 -99.0 -99.0 -99.0 -99.0 
1993 -99.0 -99.0 -99.0 -99.0 -99.0 -99.0 -99.0 -99.0 -99.0 -99.0 -99.0 -99.0 
1994 -99.0 -99.0 -99.0 -99.0 -99.0 -99.0 -99.0 -99.0 -99.0 -99.0 -99.0 -99.0 
1995 -99.0 -99.0 -99.0 -99.0 -99.0 -99.0 -99.0 -99.0 -99.0 -99.0 -99.0 -99.0 
1996 -99.0 -99.0 -99.0 -99.0 -99.0 -99.0 -99.0 -99.0 -99.0 -99.0 -99.0 -99.0 
1997 -99.0 -99.0 -99.0 -99.0 -99.0 -99.0 -99.0 -99.0 -99.0 -99.0 -99.0 -99.0 
1998 -99.0 -99.0 -99.0 -99.0 -99.0 -99.0 -99.0 -99.0 -99.0 -99.0 -99.0 -99.0 
1999 -99.0 -99.0 -99.0 -99.0 -99.0 -99.0 -99.0 -99.0 -99.0 -99.0 -99.0 -99.0 
2000 -99.0 -99.0 -99.0 -99.0 -99.0 -99.0 -99.0 -99.0 -99.0 -99.0 -99.0 -99.0 
2001 -99.0 -99.0 -99.0 -99.0 -99.0 -99.0 -99.0 -99.0 -99.0 -99.0 -99.0 -99.0 
2002 -99.0 -99.0 -99.0 -99.0 -99.0 -99.0 -99.0 -99.0 -99.0 -99.0 -99.0 -99.0 
2003 -99.0 -99.0 -99.0 -99.0 -99.0 -99.0 -99.0 -99.0 -99.0 -99.0 -99.0 -99.0 
2004 -99.0 -99.0 -99.0 -99.0 -99.0 -99.0 -99.0 -99.0 -99.0 -99.0 -99.0 -99.0 
2005 -99.0 -99.0 -99.0 -99.0 -99.0 -99.0 -99.0 -99.0 -99.0 -99.0 -99.0 -99.0 
2006 -99.0 -99.0 -99.0 -99.0 -99.0 -99.0 -99.0 -99.0 -99.0 -99.0 -99.0 -99.0 
2007 -99.0 -99.0 -99.0 -99.0 -99.0 -99.0 -99.0 -99.0 -99.0 -99.0 -99.0 -99.0 
