Number= 945740
Name= CASINO AIRPORT
Country= AUSTRALIA
Lat=  -28.9
Long= -153.1
Height= 26
Start year= 1908
End year= 2007
First Good year= 1908
Source ID= 30
Source file= Jones+Anders
Jones data to= 2000
Normals source= Data
Normals source start year= 1961
Normals source end year= 1990
Normals=  24.7  24.4  23.2  20.7  17.4  14.8  13.7  15.0  17.8  20.3  22.5  24.0 
Standard deviations source= Data
Standard deviations source start year= 1941
Standard deviations source end year= 1990
Standard deviations=   1.4   1.1   0.9   1.1   0.8   0.9   0.8   0.9   1.0   1.0   1.1   1.4 
Obs:
1908  23.4  24.1  22.9  20.8  17.4  11.8  12.9  14.7  16.5  18.0  21.9  24.2 
1909  23.6  22.4  21.8  19.5  16.5  15.4  12.9  15.2  17.3  21.4  22.1  23.9 
1910  24.1  22.8  21.6  19.9  18.1  15.5  14.0  16.6  19.4  19.6  20.3  24.1 
1911  23.5  23.2  22.2  19.5  15.9  13.1  14.0  14.5  17.7  19.4  23.2  26.8 
1912  25.2  24.6  22.1  19.8  16.9  15.7  14.6  15.5  17.4  19.6  22.8  24.3 
1913  23.9  23.5  22.2  20.6  16.4  14.6  14.5  14.5  17.7  20.7  23.0  23.4 
1914  25.9  23.5  22.8  21.3  17.0  15.1  13.3  15.3  17.4  18.8  24.4  25.1 
1915  23.7  24.8  23.2  20.7  16.1  15.0  15.0  14.3  20.5  22.4  25.5  23.1 
1916  25.5  25.0  23.1  20.2  16.2  14.3  13.6  13.9  17.0  19.6  20.2  21.9 
1917  23.3  21.6  22.6  19.4  14.9  13.9  13.7  13.6  17.3  19.6  21.5  22.9 
1918  23.7  23.5  20.7  19.2  16.0  14.0  12.6  15.5  16.9  21.1  22.9  24.0 
1919  26.7  23.6 -99.0  19.3  17.6  15.5  14.0  14.0  18.6  21.1  22.5  24.2 
1920  23.0  22.8  22.0  19.6  16.1  14.4  14.6  14.3  16.8  19.9  23.1  24.6 
1921  22.5  22.8  21.6  20.3  17.7  16.2  15.8  13.4  17.8  19.0  24.0  24.0 
1922  24.4  23.1  22.2  21.3  17.3  14.9  12.7  14.5  17.1  20.6  23.8  25.0 
1923  25.4  24.6  23.1  19.3  18.3  14.1  13.3  13.8  18.2  20.4  22.2  25.5 
1924  24.3  24.5  21.8  18.6  16.6  13.9  14.8  15.3  17.9  20.0  21.7  21.2 
1925  22.6  25.0  20.9  19.1  16.4  14.4  12.4  14.9  16.0  19.5  21.3  23.9 
1926  23.9  25.9  23.2  20.8  16.7  14.9  13.9  15.4  16.9  21.6  23.4  22.8 
1927  23.2  24.1  22.1  20.1  15.6  13.9  13.5  13.9  17.0  19.4  22.1  22.1 
1928  23.3  23.6  22.6  21.0  15.3  13.1  13.8  16.7  18.6  21.1  22.6  23.6 
1929  25.4  23.5  22.5  19.1  15.3  13.4  12.5  16.7  18.5  20.4  21.9  25.0 
1930  22.9  22.7  20.4  18.5  16.1  14.4  15.0  14.7  16.2  19.5  22.8  22.6 
1931  26.2  23.6  22.3  19.0  17.8  15.2  14.1  13.4  18.3  19.0  21.5  22.2 
1932  26.0  23.3  22.0  19.8  15.7  13.4  13.1  14.2  16.3  19.4  21.5  23.0 
1933  24.5  25.1  23.4  20.0  16.7  14.7  14.5  13.4  17.3  20.8  20.8  23.2 
1934  23.2  22.3  22.0  20.0  17.1  14.3  14.8  15.2  17.6  18.6  21.7  21.9 
1935  24.4  24.5  22.0  18.9  16.0  13.7  13.8  14.6  16.5  20.0  22.6  23.8 
1936  23.5  23.5  21.4  19.1  16.1  13.8  14.1  15.9  16.7  21.8  23.1  24.9 
1937  25.2  22.8  21.9  19.4  17.1  13.5  14.2  14.6  17.6  20.3  21.0  23.9 
1938  23.9  24.6  22.4  20.4  17.9  14.6  13.4  14.1  17.2  21.4  23.2  25.0 
1939  25.4  22.7  22.5  19.4  18.0  14.0  12.8  14.4  16.1  18.8  21.9  23.8 
1940  26.3  24.2  22.8  20.1  16.4  15.1  13.4  15.6  18.0  21.4  23.7  23.7 
1941  22.8  22.5  22.3  19.0  17.0  14.6  13.9  13.6  18.7  21.3  24.1  23.6 
1942  26.5  22.3  23.3  20.0  18.3  15.7  14.9  16.5  17.2  19.0  21.6  21.9 
1943  24.0  22.8  22.0  18.5  16.6  13.4  12.9  14.4  18.5  20.9  21.9  23.7 
1944  24.5  24.1  21.9  19.1  15.8  14.3  15.1  15.9  18.1  20.7  23.9  25.4 
1945  24.7  24.6  22.7  19.7  16.9  16.3  13.5  15.9  17.0  19.3  22.6  23.2 
1946  24.9  25.2  22.0  19.4  17.4  13.1  13.8  15.9  17.3  19.1  24.4  25.3 
1947  25.0  23.1  23.1  19.2  17.6  14.8  13.5  14.6  17.1  19.9  20.8  23.0 
1948  21.5  24.4  22.8  18.7  16.2  14.3  13.3  15.6  17.2  20.7  22.4  24.2 
1949  23.3  24.9  22.7  18.7  16.5  14.1  13.6  14.9  17.1  22.0  21.9  24.5 
1950  24.8  23.6  23.1  20.3  17.7  14.9  16.0 -99.0  17.8  20.0  20.6  22.7 
1951  21.3  23.0  23.4  19.2  16.1  15.3  13.7  14.1  17.1  19.7  23.1  24.9 
1952  25.9  24.2 -99.0  20.5  16.6  14.9  14.5  15.6  17.2  20.5  22.3  23.5 
1953  22.7  21.9  22.3  21.7  17.0  14.7  14.2  14.4  17.5  20.2  23.6  26.5 
1954  23.2  24.2  24.5  20.7  16.7  14.3  14.7  15.8  16.3  19.2  22.6  22.7 
1955  24.6  24.4  23.3  20.8  16.7  15.3  13.4  15.2  16.4 -99.0  20.6  22.9 
1956  21.8  23.2  23.7  21.1  17.1  14.2  13.2  13.9  14.6  19.7  21.4  24.5 
1957 -99.0 -99.0 -99.0 -99.0 -99.0 -99.0 -99.0 -99.0 -99.0 -99.0 -99.0 -99.0 
1958 -99.0 -99.0 -99.0 -99.0 -99.0 -99.0 -99.0 -99.0 -99.0 -99.0 -99.0 -99.0 
1959 -99.0 -99.0 -99.0 -99.0 -99.0 -99.0 -99.0 -99.0 -99.0 -99.0 -99.0 -99.0 
1960 -99.0 -99.0 -99.0 -99.0 -99.0 -99.0 -99.0 -99.0 -99.0 -99.0 -99.0 -99.0 
1961 -99.0 -99.0 -99.0 -99.0 -99.0 -99.0 -99.0 -99.0 -99.0 -99.0 -99.0 -99.0 
1962 -99.0 -99.0 -99.0 -99.0 -99.0 -99.0 -99.0 -99.0 -99.0 -99.0 -99.0 -99.0 
1963 -99.0 -99.0 -99.0 -99.0 -99.0 -99.0 -99.0 -99.0 -99.0 -99.0 -99.0 -99.0 
1964 -99.0 -99.0 -99.0 -99.0 -99.0 -99.0 -99.0 -99.0 -99.0 -99.0 -99.0 -99.0 
1965  23.9  23.4  22.7  20.5  17.3  14.5  13.2  15.4  19.1  20.6  22.6  22.9 
1966  23.0  25.4  22.9  20.8  16.5  14.6  12.9  14.4  17.1  19.3  21.9  21.1 
1967  22.2  23.5  21.1  19.8  16.1  16.3  13.7  14.2  17.2  21.5  22.3  22.6 
1968  24.8  23.6  22.8  22.4  16.6  13.9  12.7  14.2  17.1  20.4 -99.0  23.1 
1969  25.6  23.6  22.6  20.7  17.4  14.6  14.7  16.2  16.0  19.5  22.2  24.4 
1970 -99.0 -99.0 -99.0 -99.0 -99.0 -99.0 -99.0 -99.0  17.0  21.0  21.9  24.0 
1971  24.6  24.4  22.2  19.4  16.3  14.3  12.9  14.9  17.6  21.1  20.9  22.7 
1972  23.1  22.3  22.1  19.3  16.9  14.9  13.0  15.8  17.9  20.0  21.4  23.7 
1973  26.1  25.5  24.8  21.9  19.2  16.3  15.9  16.8  19.2  21.8  23.4  24.5 
1974  24.8 -99.0  23.4  22.4  18.2 -99.0  14.1  14.8  16.6  20.2  21.7 -99.0 
1975  25.1  24.4  24.7  20.6  17.4  15.2  14.4  15.7  18.4  20.3  23.4 -99.0 
1976  25.1  23.5  24.5  20.8  18.0  15.7  14.8  14.7  17.4  20.0  24.1 -99.0 
1977  25.1  24.9 -99.0  21.7  17.9  14.7 -99.0  15.3  18.1  21.4  24.4 -99.0 
1978  26.6  26.8  24.4  21.7  17.6 -99.0  13.8  14.8  18.6  19.2  22.1 -99.0 
1979  26.2  24.4  23.6 -99.0  17.1  16.2  14.2 -99.0  18.3  19.8  24.2  27.7 
1980  26.7  25.0  24.2  21.6  18.9  15.2  14.0  16.6  19.8  23.2  23.8 -99.0 
1981  24.9  25.9 -99.0 -99.0  17.0  13.9  13.2  13.8  18.3  18.3  21.1  24.6 
1982  24.8  24.7  23.5  20.0  16.7  12.8  11.9  14.4  17.1  19.1  21.4  24.4 
1983  23.8  24.8  23.8  19.8  18.1  14.5  13.9  14.5  19.1  20.4  21.3  22.4 
1984  23.7  23.9  22.6  19.4  15.8  15.1  13.5  14.4  16.2  18.7  22.3  23.4 
1985  24.8  23.8  22.5  19.9  17.6  13.5  13.4  13.8  16.8  19.0  21.8  24.7 
1986  24.1 -99.0 -99.0  20.8  18.1 -99.0  13.8 -99.0 -99.0 -99.0 -99.0 -99.0 
1987 -99.0 -99.0 -99.0 -99.0 -99.0 -99.0 -99.0 -99.0 -99.0 -99.0 -99.0 -99.0 
1988 -99.0 -99.0 -99.0 -99.0 -99.0 -99.0 -99.0 -99.0 -99.0 -99.0 -99.0 -99.0 
1989 -99.0 -99.0 -99.0 -99.0 -99.0 -99.0 -99.0 -99.0 -99.0 -99.0 -99.0 -99.0 
1990 -99.0 -99.0 -99.0 -99.0 -99.0 -99.0 -99.0 -99.0 -99.0  20.8  23.3  27.1 
1991  25.8  24.9  22.5  20.0  17.9  16.3  13.2  15.3  17.9 -99.0  23.0  23.7 
1992  25.2  24.9  22.5  20.1  17.1  14.0  13.3  15.1  17.3  19.2  22.3  23.1 
1993  25.8  24.9  22.5  19.8  17.3  14.1  16.1  15.0  16.9  20.6  22.2  23.9 
1994  26.5  23.5  21.3  19.7  16.5  13.9  13.1  13.5  17.4  19.5  23.5  23.8 
1995  24.2  24.0  23.6  19.4  17.7  14.6  12.4  14.6  17.3  20.1  22.8  22.8 
1996  24.5  23.8  22.0  19.2  16.9  15.5  13.2  15.3  17.3  19.0  21.5  23.0 
1997  22.5  25.3  21.9  18.3  15.4  13.8  13.1  14.0  17.6  20.3  23.9  26.3 
1998  25.2  25.9  24.8  21.4  17.5  15.2  14.4  15.1  17.2  19.9  20.1 -99.0 
1999 -99.0 -99.0 -99.0 -99.0 -99.0  14.3  15.0  14.9  17.9  21.0  20.6  21.5 
2000  23.8  22.2  23.3  20.6  17.3  14.0  13.7  14.3  20.1  20.2  21.3  24.5 
2001  25.1  24.0  23.8  19.9  16.7  14.8  14.0  14.5  17.2  20.4  21.7  26.0 
2002  25.8  25.3  23.5  20.8  16.9  14.8  12.3  14.9  19.5  21.3  23.8  25.2 
2003  25.4  24.2  22.4  20.1  17.8  15.2  13.3  14.7  19.7  19.6  21.4  25.1 
2004  26.9  26.5  23.4  21.6  16.4  14.3  13.8  15.1  17.7  21.8  22.9  24.1 
2005  25.3  25.6  22.3  21.1  17.1  15.5  15.3  14.4  18.9  22.3  23.3  27.1 
2006  26.1  25.9  23.1  20.6  16.5 -99.0 -99.0 -99.0 -99.0 -99.0 -99.0 -99.0 
2007 -99.0 -99.0 -99.0 -99.0 -99.0 -99.0 -99.0 -99.0 -99.0 -99.0 -99.0 -99.0 
