Number= 946010
Name= CAPE LEEUWIN
Country= AUSTRALIA
Lat=  -34.4
Long= -115.1
Height= 13
Start year= 1897
End year= 2011
First Good year= 1897
Source ID= 30
Source file= Jones+Anders
Jones data to= 2000
Normals source= Data
Normals source start year= 1961
Normals source end year= 1990
Normals=  20.4  20.6  20.1  18.5  16.4  14.7  13.9  13.8  14.5  15.6  17.2  19.1 
Standard deviations source= Data
Standard deviations source start year= 1941
Standard deviations source end year= 1990
Standard deviations=   0.7   0.7   0.8   0.8   0.7   0.8   0.6   0.6   0.5   0.7   0.7   0.9 
Obs:
1897  19.1  18.9  18.9  18.3  16.1  14.7  14.4  13.5  14.6  14.5  16.3  17.6 
1898  19.7  20.2  19.8  18.4  17.1  13.5  14.1  14.3  15.4  14.7  16.3  18.7 
1899  19.3  20.2  19.7  17.5  16.4  14.2  13.7  13.7  13.6  15.2  16.4  18.5 
1900  18.5  19.6  17.9  17.8  16.1  15.0  13.5  12.9  13.6  15.4  16.8  18.4 
1901  19.9  20.2  18.8  18.6  16.1  14.0  13.5  13.7  14.2  15.4  16.9  17.3 
1902  18.3  19.2  20.4  19.3  17.0  14.5  13.3  14.4  14.2  14.8  16.5  17.4 
1903  19.3  20.2  18.8  16.4  16.4  15.0  12.9  13.3  13.4  14.0  16.6  17.9 
1904  19.5  19.8  21.0  19.3  15.9  14.5  13.4  14.2  14.5  14.6  16.6  18.3 
1905  19.2  19.2  18.9  19.0  16.1  14.3  13.8  12.7  13.1  14.5  16.7  19.1 
1906  20.5  20.0  19.9  19.3  17.0  15.0  12.9  13.1  12.9  15.2  17.0  19.1 
1907  20.0  20.7  20.3  18.6  17.2  15.0  13.9  14.4  13.7  14.6  16.1  17.7 
1908  18.9  19.2  18.9  18.6  16.3  13.3  13.4  12.8  14.0  15.2  17.1  18.5 
1909  20.0  21.2  20.0  18.2  16.7  14.7  13.5  13.2  14.9  14.9  16.4  20.8 
1910  20.8  21.4  21.1  20.7  16.2  14.2  12.8  14.1  14.4  14.6  16.5  18.1 
1911  20.9  20.7  19.6  18.6  15.7  14.8  13.4  13.4  14.4  15.6  17.6  18.1 
1912  20.2  20.8  19.6  19.3  17.0  15.1  13.6  14.4  13.7  15.1  16.9  18.6 
1913  19.4  20.5  19.6  18.2  17.2  15.7  14.2  13.6  15.1  14.9  17.1  18.0 
1914  19.5  19.7  19.3  17.9  15.8  15.3  13.7  15.1  15.5  17.5  17.6  19.6 
1915  20.1  20.9  19.9  19.7  17.8  15.7  14.7  14.1  13.5  14.9  17.3  19.2 
1916  19.4  20.1  20.0  19.1  17.1  14.4  13.3  13.2  15.0  14.8  17.5  18.9 
1917  19.6  20.5  19.0  18.1  16.1  14.4  13.7  12.7  13.4  14.3  16.8  18.3 
1918  21.0  20.1  19.7  20.1  17.0  15.6  14.4  13.9  15.3  15.1  18.3  18.7 
1919  19.5  19.7  20.3  19.3  17.0  15.1  14.9  14.0  14.0  14.4  16.7  17.7 
1920  21.4  20.5  20.8  19.4  16.8  14.8  13.3  12.9  15.0  16.2  18.3  19.4 
1921  20.0  22.6  21.4  19.5  17.2  16.4  15.3  14.6  14.6  15.4  16.3  18.5 
1922  19.7  20.0  20.9  18.8  16.3  14.9  13.3  14.2  14.1  15.5  17.4  17.3 
1923  19.3  21.5  20.3  19.6  17.3  14.1  14.4  14.1  13.8  14.8  16.5  18.2 
1924  19.4  19.9  19.3  19.4  17.2  15.3  15.0  13.7  14.8  14.6  16.8  19.2 
1925  19.5  20.0  20.2  18.5  16.8  15.3  13.9  13.5  15.0  15.0  18.3  19.9 
1926  21.3  20.4  20.0  19.4  16.5  14.9  13.7  13.1  14.7  15.2  17.3  18.5 
1927  18.8  19.8  18.6  20.7  16.8  14.3  13.6  14.0  14.9  15.7  18.0  19.7 
1928  19.8  20.0  20.1  19.1  17.1  15.5  14.4  14.2  14.1  14.6  16.7  18.6 
1929  19.0  20.2  19.0  17.9  15.9  14.0  13.1  13.1  14.1  15.2  17.2  18.6 
1930  20.1  19.8  20.8  19.3  17.7  16.0  14.4  14.2  14.4  15.3  16.6  18.6 
1931  20.3  19.5  20.2  18.3  15.2  13.4  13.7  13.9  14.1  15.4  17.1  20.7 
1932  21.2  21.9  19.8  19.0  17.2  15.4  13.9  13.0  14.9  15.7  17.1  18.2 
1933  20.3  22.2  20.3  19.9  17.5  15.8  14.0  13.7  15.5  15.7  17.6  19.3 
1934  20.8  21.9  21.3  19.6  18.3  15.3  14.4  14.5  14.8  14.9  16.4  18.3 
1935  20.0  20.3  19.6  19.3  17.7  14.6  13.9  13.9  14.1  14.6  16.2  18.1 
1936  20.1  20.1  20.2  18.7  16.0  14.3  13.7  14.1  15.5  15.3  18.0  19.5 
1937  19.7  20.9  20.3  20.7  17.3  15.2  14.5  13.5  14.3  16.0  17.2  18.0 
1938  19.2  19.3  19.3  18.0  16.9  14.8  14.1  14.1  14.7  15.2  17.1  18.9 
1939  19.5  20.0  19.9  19.3  17.2  15.2  14.2  13.6  15.1  15.8  17.2  18.8 
1940  19.6  20.5  20.3  17.9  16.4  15.9  14.4  14.5  14.9  15.7  17.0  18.0 
1941  19.9  20.3  19.0  17.7  17.0  15.5  14.6  14.6  13.5  15.2  17.1  19.4 
1942  18.9  19.9  19.2  18.7  17.0  14.8  14.2  13.9  13.9  14.5  17.5  19.2 
1943  19.0  19.6  19.6  17.7  16.5  15.6  13.3  13.6  14.4  14.7  16.8  18.3 
1944  19.8  19.8  19.2  18.2  16.0  15.8  14.1  14.5  14.8  17.2  18.3  18.2 
1945  19.3  20.4  20.1  20.2  17.8  15.3  14.0  13.8  14.0  15.8  17.5  18.4 
1946  19.2  18.7  18.9  19.1  16.8  14.8  13.4  13.4  14.6  15.7  16.4  18.2 
1947  19.4  19.5  19.5  18.9  16.6  15.8  14.6  14.1  14.4  15.4  16.4  18.2 
1948  20.0  20.9  21.7  18.5  18.0  16.4  14.4  14.9  14.6  15.7  15.9  17.6 
1949  20.2  21.1  20.7  19.9  17.2  15.8  14.8  14.4  14.9  14.9  17.3  19.8 
1950  20.9  21.0  20.8  20.4  17.0  15.5  14.5  13.9  14.1  14.9  16.4  18.1 
1951  19.6  20.1  20.1  18.2  16.1  14.4  13.7  12.2  14.9  15.4  16.9  18.2 
1952  19.9  20.5  20.8  18.7  16.6  15.6  13.3  13.9  14.1  14.8  16.1  17.5 
1953  19.3  19.8  20.2  19.1  16.7  14.3  14.0  13.7  15.1  14.9  16.0  17.5 
1954  19.9  20.2  20.0  17.5  16.3  14.7  13.8  13.8  15.1  16.4  16.2  18.9 
1955  20.2  20.6  20.7  18.2  15.8  13.7  14.0  13.1  13.8  14.4  16.4  18.0 
1956  22.0  21.1  20.6  17.8  15.5  13.3  13.3  13.3  14.6  14.9  17.4  18.8 
1957  20.6  20.2  19.5  18.0  16.5  14.8  12.9  14.4  14.0  15.6  17.7  18.8 
1958  20.9  21.0  20.1  18.8  16.6  14.9  12.7  13.6  13.9  14.9  17.1  19.2 
1959  20.4  20.2  20.6  18.1  16.4  15.4  14.4  15.3  14.4  15.4  16.1  16.9 
1960  18.8  19.7  17.9  16.5  14.9  13.8  12.3  13.4  13.9  15.5  16.5  19.1 
1961  21.0  22.0  21.3  17.5  17.3  14.6  13.5  13.6  14.6  15.5  17.0  18.3 
1962  21.0  20.9  19.5  20.1  17.4  16.3  14.3  14.6  14.5  14.6  16.8  19.5 
1963  20.3  20.4  20.8  19.0  16.6  14.7  13.3  13.9  14.8  16.3  17.5  20.3 
1964  20.3  19.9  19.5  17.5  16.1  15.0  13.5  13.4  13.9  14.2  16.4  17.3 
1965  20.8  20.6  19.6  19.0  15.5 -99.0  13.8  13.8  14.5  16.0  16.5  20.0 
1966  21.0  20.0  20.0  18.1  16.3  13.4  13.3  13.7  13.9  15.0  17.5  19.2 
1967  20.5  21.0  19.8  19.0  16.4  15.5  13.6  13.1  14.8  16.5  17.2  19.4 
1968  20.5  20.0  18.3  17.0  14.3  13.6  13.5  12.6  13.4  14.7  16.3  19.1 
1969  20.1 -99.0  19.8  17.9  15.9  14.8  14.0  13.8  13.5  17.0  17.8  19.2 
1970  20.7  21.0  21.1  18.1  16.1  13.9  14.6  13.6  14.6  15.4  16.7  18.8 
1971  20.3  20.5  19.6  18.0  15.8  15.0  14.1  13.0  13.3  14.5  15.4  18.1 
1972  20.8  21.9  20.1  18.1  17.0  14.6  13.4  13.3  14.8  15.8  18.0  21.4 
1973  21.4  20.4  19.6  18.1  16.0  13.1  14.1  13.5  14.0  15.4  17.3  18.7 
1974  20.6  20.1  20.3  18.5  16.1  15.1  14.0  14.2  15.4  15.5  17.0  19.4 
1975  20.1  22.1  19.8  18.1  17.3  15.1  14.1  13.9  14.1  16.0  17.5  20.0 
1976  20.5  21.4  20.8  19.6  17.3  15.3  14.6  14.7  15.1  16.5  16.6  19.2 
1977  20.5  21.0  19.2  19.1  16.0  14.8  14.6 -99.0  14.3  15.7  18.0  20.3 
1978  20.7  20.7  21.4  19.4  15.9  14.1 -99.0  14.2  13.6  15.5  18.1  20.0 
1979  20.4  20.1  19.5  18.2  15.6  15.2  14.1  13.4  13.9  15.9  17.6  19.6 
1980  20.5  20.0  20.5  17.8  17.0  14.0  13.8 -99.0  14.7  13.8  17.2  18.4 
1981  20.4  19.0  19.3  18.9  16.0  13.1  14.1  13.1  14.7  15.8  16.6  18.0 
1982  19.0  20.0  19.1  17.9  16.6  14.2  13.8  14.6  14.8  16.3  18.8  19.5 
1983  21.4  20.5  21.4  19.4  17.6  16.0  14.5 -99.0 -99.0  16.4  17.1  19.2 
1984  20.4  21.0  20.0  18.8  16.4  15.3  13.4  13.7 -99.0  16.8  17.9  18.4 
1985  19.8 -99.0  20.7  18.2  16.6  16.3  14.8  14.4  15.2  15.4  17.5  18.3 
1986  21.3  19.8  18.6  17.7  16.2  14.5  13.0  13.4  14.6  14.9  17.1  17.7 
1987  19.3  19.5  20.1  18.5  16.4  15.3  13.8  14.5  15.5  15.8  16.8  18.8 
1988  19.2  21.5  21.2  19.7  17.3  14.9  13.9  14.3  15.3  16.1  16.7  18.5 
1989  20.9  21.0  20.9  18.6  17.4  15.3  14.2  14.4  14.8  15.1  18.3  18.8 
1990  19.3  21.5  20.4  18.1  16.4  14.3  13.5  13.1  14.9  15.4  17.1  18.8 
1991  19.8  20.5  19.4  19.4  16.9  15.4  14.4  14.4  14.8  16.5  16.4  19.3 
1992  20.5  21.4  20.1  19.1  16.1  15.0  15.0  13.3  13.4  15.7  16.9  19.1 
1993  20.0  20.0  19.1  17.4  15.9  14.2  13.8  13.7  14.5  14.7  17.4  18.7 
1994  19.7  19.6  20.6  19.9  17.5  15.1  14.7  14.5  15.2  15.8  18.0  19.8 
1995  20.4  21.1  20.0  18.7  16.1  14.2  14.1  14.6  15.1  16.2  16.9  18.9 
1996  20.0  21.7  20.5  19.4  17.6  15.5  14.7  14.6  15.2  16.3  18.9  18.6 
1997  20.9  20.6  19.3  19.4  16.5  15.6  14.2  13.6  14.8  16.5  17.5  19.7 
1998  20.4  20.4  20.0  18.6  17.4  14.5  13.5  15.2  14.4  15.6  17.6  19.3 
1999  20.0  20.8  20.7  20.6  17.6  15.4  14.9  14.3  14.8  15.5  17.7  19.9 
2000  21.0  21.2  19.5  18.9  17.0  15.6  14.3  13.7  15.3  15.7  18.0  18.7 
2001  19.5  19.4  18.8  18.1  16.9  15.9  14.4  14.4  14.7  14.5  16.7  17.1 
2002  18.7  19.3  19.3  18.1  17.5  15.5  14.8  13.9  14.5  15.3  16.5  18.9 
2003  19.6  20.3  20.6  19.0  18.3  15.1  14.4  13.9  14.4  15.5  17.9  18.5 
2004  19.6  20.7  19.5  19.0  16.9  15.5  13.9  13.6  14.6  15.9  17.3  19.5 
2005  19.9  19.9  21.1  17.6  18.4  14.7  14.4  14.2  14.2  14.4  16.2  17.1 
2006  19.0  19.5  20.1  17.4  16.8  14.9  14.3  15.6  15.3  16.0  18.5  19.0 
2007  19.4  19.8  19.6  17.9  16.7  15.4  15.1  15.0  15.2  15.4  17.2  17.7 
2008  19.6  20.6  19.6  18.4  17.9  15.4  14.0  14.2  15.0  16.1  16.2  18.1 
2009  20.3  20.1  19.3  18.3  17.1  15.1  14.0  14.5  13.7  15.7  17.4  18.3 
2010  19.4  20.3  20.3  18.0  16.4  15.1  14.2  14.2  14.9  16.2  18.5  18.5 
2011  20.4  21.8  21.5  20.1  17.2 -99.0 -99.0 -99.0 -99.0 -99.0 -99.0 -99.0 
