Number= 946170
Name= MANJIMUP
Country= AUSTRALIA
Lat=  -34.3
Long= -116.1
Height= 287
Start year= 1936
End year= 2007
First Good year= 1936
Source ID= 30
Source file= Jones+Anders
Jones data to= 2000
Normals source= Data
Normals source start year= 1961
Normals source end year= 1990
Normals=  20.6  20.7  18.8  15.9  13.3  11.4  10.6  10.7  11.9  13.7  16.1  18.7 
Standard deviations source= Data
Standard deviations source start year= 1941
Standard deviations source end year= 1990
Standard deviations=   1.2   1.2   1.3   1.1   0.9   0.9   0.8   0.8   0.7   1.1   1.1   1.4 
Obs:
1936 -99.0 -99.0 -99.0 -99.0 -99.0 -99.0 -99.0 -99.0 -99.0 -99.0  17.2  18.6 
1937  19.2  19.8  18.0  17.7  12.8  10.4  10.0   9.7  11.3  13.4  15.9  16.4 
1938  18.0  17.8  16.9  14.7  12.0   9.6   9.5  10.5  12.3  12.8  15.6  17.4 
1939  17.8  18.6  17.3  15.7  12.5   9.9   9.0   9.8  11.8  13.4  15.4  18.4 
1940  18.8  20.6  17.9  14.4  11.6  11.1   9.9  11.0  11.8  13.6  16.2  17.1 
1941  19.9  19.3  16.6  14.1  12.9  11.8  10.0  11.3  10.3  13.2  15.7  19.1 
1942  18.4  18.6  16.5  15.5  12.5  10.1   9.3  10.3  10.8  11.8  16.3  18.3 
1943  17.5  18.3  17.3  13.9  11.6  10.8   8.5   9.2  10.7  11.8  15.6  17.3 
1944  19.7  19.6  17.0  14.5  11.2  11.2  10.1  10.8  11.4  14.7  16.5  16.4 
1945  18.4  19.9  17.9  16.7  13.6  11.0   9.6   9.9  10.9  13.5  16.0  17.1 
1946  17.4  17.1  16.5  16.1  12.6  10.2   9.8   9.6  12.3  13.9  14.7  18.1 
1947  18.4  18.9  18.2  15.5  11.9  11.5  10.1  10.4  11.2  12.5  14.6  16.4 
1948  19.9  20.2  20.5  14.7  13.5  11.4  10.0  11.1  11.3  13.5  15.0  15.9 
1949  20.0  19.8  18.2  17.1  12.6  12.0  11.4  11.6  12.0  12.1  15.8  18.6 
1950  20.1  19.6  19.2  16.8  12.6  10.7  10.4  10.6  11.2  12.1  14.4  17.0 
1951  18.6  18.8  18.3  14.5  12.0  10.5   9.5   8.4  12.9  13.4  15.8  17.1 
1952  19.5  19.4  18.1  15.7  11.8  12.0   8.8  10.4  10.7  12.1  14.3  15.4 
1953  19.2  19.1  18.9  15.9  13.2  10.5  10.2  10.1  12.4  12.5  14.2  16.1 
1954  20.1  19.5  17.3  13.5  11.7  10.4 -99.0  10.0  12.0  13.8  13.4  17.7 
1955  19.9  19.8  18.3  14.8  12.2   9.7   9.6   9.7  10.9  12.1  14.8  17.4 
1956  22.0  20.5  18.9  13.9  11.5   9.4   9.5   9.3  11.8  12.0  15.7  16.9 
1957  20.3  19.7  17.8  15.2  13.6  12.0   9.7  11.3  11.6  14.3  17.1  18.7 
1958  21.7  20.0  18.9  15.6  13.8  11.2   9.2  10.3  10.9  12.6  16.5  19.4 
1959  19.8  20.2  19.7  15.4  13.4  12.4  11.4  12.3  11.9  13.9  15.3  16.1 
1960  17.9  19.4  15.9  13.0  10.9   9.9   8.1   9.2  11.0  13.6  15.3  18.4 
1961  21.5  21.4  20.0  14.2  14.4  11.5  10.2  10.6  13.1  13.7  16.2  18.5 
1962  21.9  20.0  17.2  17.3  14.5  12.5  10.8  11.8  11.8  12.1  17.5  20.1 
1963  20.0  19.7  19.8  16.0  13.4  11.4   9.8  11.2  12.4  15.1  16.7  19.9 
1964  19.8  19.9  19.2  14.6  12.9  12.4  10.8  10.2  11.2  11.3  14.7  17.1 
1965  21.0  20.2  18.7  16.5  12.6  11.0  10.0  10.4  12.2  14.5  15.2  19.5 
1966  20.5  19.6  18.9  15.2  12.9  10.3  10.0  10.3  11.0  13.2  17.0  18.7 
1967  21.0  21.6  18.4  15.9  13.2  12.3  10.0   9.8  12.6  15.3  16.6 -99.0 
1968  20.9  19.7  15.9 -99.0  11.4  10.6  10.3   9.3  10.6  12.6  14.7  18.2 
1969  19.2  20.3  18.7  15.7  13.2  11.9  10.4  10.7  10.5  16.0  17.2  19.0 
1970  20.8  22.2  19.9  15.0  13.1  11.1  11.4  10.5  11.9  13.2  15.7  19.9 
1971  20.2  20.2  18.8  15.2  12.6  11.5  10.7   9.9  10.7  11.9  13.1  16.7 
1972  20.7  22.1  18.7  15.9 -99.0  11.4  10.6  10.2  12.1  13.5  17.7  21.7 
1973  20.9  19.9  18.5  15.8  13.2   9.8  11.0  10.0  11.6  13.8  16.0  18.0 
1974  21.7  20.1  19.3  15.5  12.9  11.8  10.3  11.0  12.7  13.3  15.6  19.1 
1975  19.8  23.0  17.8  15.0  13.5  11.8  10.9  10.5  11.4  13.8  15.9  19.7 
1976  19.9  21.3  19.6  16.9  14.4  11.7  12.0  11.3  12.8  15.2  14.6  18.6 
1977  20.5  22.3  17.4  16.8  13.1  11.8  11.5  11.4  11.8  13.7  16.7 -99.0 
1978  21.7  21.3  21.7  17.7  13.6  11.0   9.8  11.6  11.6  13.9  17.8  19.6 
1979  20.2  20.3  19.0  15.9  12.3  12.0  10.9  10.3  11.9  14.3  16.6  19.9 
1980  21.0  19.6  20.2  14.8  14.0  11.1  10.8  11.5  12.3  11.6  16.3  17.9 
1981  21.3  18.4  18.7  16.9  13.2   9.4  10.5 -99.0  12.5  14.4  14.7  16.6 
1982  18.8  19.4  17.3  15.6  13.1  10.5  10.6  11.5  12.7  14.7  18.1  18.9 
1983  21.4  19.5  20.2  16.9  14.9  12.8  10.8  12.2 -99.0  14.4  15.5  19.2 
1984  20.7  20.9  18.0  17.1  13.2  11.5  10.2  10.4  11.7  14.8  16.2  16.5 
1985  19.2  23.6  20.1  15.7  13.5  13.1  11.2  11.2  12.8  13.1  16.8  16.6 
1986  21.2 -99.0  17.1  15.4  13.5  11.4   9.6 -99.0 -99.0 -99.0 -99.0 -99.0 
1987 -99.0 -99.0 -99.0 -99.0 -99.0 -99.0 -99.0 -99.0 -99.0  13.6 -99.0 -99.0 
1988 -99.0 -99.0 -99.0 -99.0 -99.0 -99.0 -99.0 -99.0 -99.0 -99.0 -99.0 -99.0 
1989 -99.0 -99.0 -99.0 -99.0 -99.0 -99.0 -99.0 -99.0 -99.0 -99.0 -99.0 -99.0 
1990 -99.0 -99.0 -99.0 -99.0 -99.0 -99.0 -99.0 -99.0 -99.0 -99.0 -99.0 -99.0 
1991  20.2  19.8  18.5  17.7  13.8  11.9  10.9  11.2  12.2  14.8  14.7  19.3 
1992  20.9  20.8  18.9  16.6  12.8  11.8  11.8  10.3  10.5  13.8  14.8  18.0 
1993  20.0  19.3  17.6  14.9  12.9  10.8  10.3  10.3  12.1  12.4  16.3  18.2 
1994  19.8  19.0  20.3  18.0  14.4  11.5  11.5  11.7  12.7  13.7  17.1  19.6 
1995  20.6  21.2  20.1  16.2  13.0  11.0  10.8  12.0  12.7  14.7  15.2  17.7 
1996  19.5  21.9  18.0  17.0  14.9  12.1  10.4  10.6  11.6  14.1  17.3  16.8 
1997  21.4  20.5  17.4  17.6  13.5  12.5  10.6  11.0  12.5  14.7  16.4  19.3 
1998  21.1  20.6  19.7  16.0  14.6  11.0   9.8  12.2  11.6  13.4  16.3  18.7 
1999  19.6  20.9  18.9  18.8  14.3  11.9  11.5  11.4  12.0  13.2  16.9  19.6 
2000  20.5  20.2  18.1  16.5  13.6  12.0  10.7  10.5  13.1  14.2  17.6  19.4 
2001  20.1  19.6  18.6  17.3  14.1  11.8  10.8  11.0  12.3  12.8  16.4  16.0 
2002  19.5  19.8  19.1  16.3  14.5  11.9  10.9  11.0  12.4  13.9  16.3  20.2 
2003  20.1  21.0  20.7  17.0  15.6  11.8  11.0  10.7  11.8  13.4  17.6  18.5 
2004  20.2  21.3  18.6  17.4  13.5  12.1  10.3  10.2  11.8  14.3  16.3  19.6 
2005  19.9  20.0  21.4  14.7  15.8  11.2  10.7  11.1  11.2  12.2  14.6  16.0 
2006  18.6  20.3  19.3  14.5  13.4 -99.0 -99.0 -99.0 -99.0 -99.0 -99.0 -99.0 
2007 -99.0 -99.0 -99.0 -99.0 -99.0 -99.0 -99.0 -99.0 -99.0 -99.0 -99.0 -99.0 
