Number= 946270
Name= NARROGIN
Country= AUSTRALIA
Lat=  -32.9
Long= -117.2
Height= 338
Start year= 1965
End year= 2007
First Good year= 1965
Source ID= 30
Source file= Jones+Anders
Jones data to= 2000
Normals source= Data
Normals source start year= 1965
Normals source end year= 1990
Normals=  22.8  22.5  20.4  16.6  13.2  11.2  10.2  10.4  11.8  14.7  17.8  20.8 
Standard deviations source= Data
Standard deviations source start year= 1965
Standard deviations source end year= 1990
Standard deviations=   0.8   1.5   1.4   1.2   1.1   0.8   0.6   0.8   0.9   1.1   1.3   1.2 
Obs:
1965  23.2  22.5  19.8  17.9  12.6  11.2   9.5   9.9  11.7  15.6  16.6  21.7 
1966  23.0  21.2  20.8  15.7  13.0  10.0   9.6   9.6  11.1  13.5  19.3  20.3 
1967  22.6  22.5  19.7  17.8  13.4  12.2   9.6   9.9  12.3  16.7  18.2  20.8 
1968  23.2  20.8  17.1  13.9  10.0  11.3   9.6   8.6  10.5  12.6 -99.0  20.0 
1969  22.2  22.2  19.6  16.4  12.6  11.1   9.4   9.9   9.9  16.4  19.6 -99.0 
1970  22.7  22.9  21.2  15.5  12.7  10.8  11.1  10.1  11.7  13.9  17.4  21.9 
1971  22.7  21.9  20.0  15.5  12.2  10.3   9.8   9.6  11.0  12.7  14.9  19.0 
1972  23.3  24.4  20.4  17.4  15.6  11.6  10.1  10.6  12.3  14.8 -99.0 -99.0 
1973 -99.0 -99.0 -99.0 -99.0 -99.0   9.5  10.8  10.0  11.2  14.0  17.6  20.1 
1974  23.6  21.3  20.6  15.2  13.0  11.3  10.2  10.6  12.4  13.7  16.7  21.6 
1975  21.4  24.7  19.2  16.0  12.7  11.0  10.6   9.9  11.4  13.8  17.9  21.3 
1976  21.4  23.7  23.2 -99.0  14.0  11.1  10.9  10.7 -99.0  16.0  15.8 -99.0 
1977  22.8  24.5  20.1  17.5  13.1  11.9  11.4  11.4  11.7  14.4  18.5  23.9 
1978  24.2  23.2  23.0  19.1  13.6  10.9  10.2  11.1  11.2  14.4  19.0  21.3 
1979  22.4  22.2  20.9  16.4  12.5  12.3  10.1   9.8  11.5  15.5  18.7  22.2 
1980  24.0  21.2  22.1  15.8  14.4  11.0  10.5  11.2 -99.0 -99.0  18.8  20.2 
1981  22.5  19.6  20.1  18.7  13.7 -99.0  10.2  10.0  12.9  15.2  16.0  19.5 
1982  21.3  22.0  18.8  16.6  13.3  10.8   9.9  11.6  12.4  15.3  20.5  21.7 
1983  23.8  21.8  21.3  17.3  15.0  12.8  10.5  12.2  13.6  15.6  17.2  21.0 
1984  22.6  22.6  19.5  17.5  13.5  11.0   9.8  10.1  11.2  15.4  17.4  19.4 
1985  22.2  25.9  22.2  16.4  13.7  12.7  10.8  11.1  12.7  14.3  19.0  19.1 
1986  23.3  20.6  19.5  16.2  13.3  11.2 -99.0 -99.0  12.4 -99.0 -99.0 -99.0 
1987 -99.0 -99.0 -99.0 -99.0 -99.0 -99.0 -99.0 -99.0 -99.0 -99.0  17.0 -99.0 
1988 -99.0 -99.0 -99.0 -99.0 -99.0 -99.0 -99.0 -99.0 -99.0 -99.0 -99.0 -99.0 
1989 -99.0 -99.0 -99.0 -99.0 -99.0 -99.0 -99.0 -99.0 -99.0 -99.0 -99.0 -99.0 
1990 -99.0 -99.0 -99.0 -99.0 -99.0 -99.0 -99.0 -99.0 -99.0  14.2  17.8  20.4 
1991  22.6  22.2  20.1  18.1  13.7  12.0  10.5  10.6  12.4  16.1  16.3  22.0 
1992  23.0  22.2  20.2  17.1  12.9  11.1  11.4  10.2  10.7  14.7  16.2  20.5 
1993  23.4  21.1  19.1  16.6  12.6  10.1  10.0  10.2  11.8  12.7  18.6  20.6 
1994  22.2  20.4  22.2  18.8  14.3  10.9  10.9  11.1  12.6  14.7  19.6  21.9 
1995  23.1  22.8  21.1  16.2  12.4  10.2  10.3  11.4  12.2  15.5  17.1  19.6 
1996  22.3  24.2  19.3  17.3  14.3  11.4  10.8  10.7  12.5  14.5  18.8  19.6 
1997  24.1  23.6  19.3  18.3  13.1  12.4   9.4  10.1  12.6  15.5  17.5  22.1 
1998  23.6  22.8  21.5  16.4  14.9  10.2   9.0  12.5  11.4  13.8  18.1  21.1 
1999  22.9  23.6  20.5  18.9  14.7  11.5  10.4  10.4  12.2  13.6  18.8  21.4 
2000  21.6  22.2  19.6  17.1  13.0  11.1  10.7   9.9  13.1  15.4  19.2  22.3 
2001  24.3  21.4  19.6  18.2  13.8  11.3   9.6  10.3  12.5  13.5  18.2  18.5 
2002  21.8  20.7  20.8  17.3  14.9  11.2  10.5  10.1  12.0  15.3  19.0  21.6 
2003  22.9  23.3  22.2  17.7  15.1  10.6  10.2  10.2  11.8  14.7  19.5  21.3 
2004  22.9  24.1  20.3  18.2  12.7  12.0   9.9   9.7  11.7  15.3  18.2  22.5 
2005  22.5  22.7  23.3  16.5  15.6  10.8   9.7  10.2  11.3  13.3  17.1  18.6 
2006  20.8  22.8  21.1  15.2  13.6 -99.0 -99.0 -99.0 -99.0 -99.0 -99.0 -99.0 
2007 -99.0 -99.0 -99.0 -99.0 -99.0 -99.0 -99.0 -99.0 -99.0 -99.0 -99.0 -99.0 
