Number= 946490
Name= COOK----------------
Country= AUSTRALIA---
Lat=  -30.6
Long= -130.4
Height= 121
Start year= 1921
End year= 2007
First Good year= 1921
Source ID= 30
Source file= Jones+Anders
Jones data to= 1992
Normals source= Data
Normals source start year= 1961
Normals source end year= 1990
Normals=  24.4  23.8  21.8  18.5  14.7  12.1  11.2  12.4  15.4  18.4  21.1  23.1 
Standard deviations source= Data
Standard deviations source start year= 1941
Standard deviations source end year= 1990
Standard deviations=   1.3   1.6   1.3   1.2   1.1   1.0   0.7   1.1   1.2   1.2   1.3   1.3 
Obs:
1921 -99.0 -99.0 -99.0 -99.0 -99.0 -99.0 -99.0 -99.0 -99.0 -99.0  22.0  19.6 
1922  22.6  25.0  22.2  18.1  12.7 -99.0 -99.0  11.6  13.6  15.1  21.5  21.8 
1923  24.5  25.5  21.1  19.2  14.0  10.9  10.9 -99.0 -99.0 -99.0  16.1  21.2 
1924  21.1  19.4  19.2  15.5  11.8  10.0  10.4  12.1  14.3  17.0  20.4  21.8 
1925  20.6  22.2  21.5  17.7  14.4  11.7   9.6   9.3  12.3  16.8  23.5  22.8 
1926  22.6  24.9  20.5  18.9  11.4  10.6   8.9  12.5  14.9  16.0  20.9  21.8 
1927  21.9  22.2  20.6  16.8  12.2  11.5  10.6  13.4  15.5  18.9  21.5  21.2 
1928  21.1  21.3  20.9  19.0  13.3  10.3   9.9  14.1  16.0  16.6  20.2  22.3 
1929  20.6  23.0  17.8  16.7  14.6  10.3   9.6  11.1  14.4  18.0  19.5  20.3 
1930  22.3  24.4  22.4  16.9  14.7  12.0  11.1  12.9  15.4  18.5  20.6  23.6 
1931  22.4  20.8  20.1  17.5  13.2  10.1   9.6  12.2  14.5  16.6  17.9  23.6 
1932  26.1  22.1  21.1  16.9  15.9  10.7  11.1  11.7  13.5  16.5  21.5  21.0 
1933  22.3  24.6  20.8  16.8  14.3  12.4  10.2  11.2  14.6  18.2  17.6  21.1 
1934  25.3  24.0  23.3  16.8  15.7  11.6  11.1  11.9  15.5  17.0  18.5  22.2 
1935  22.8  22.4  21.1  17.0  14.1  10.9  10.8  12.4  14.3  16.8  20.4  22.0 
1936  24.5  22.5  20.9  16.8  13.8  10.0  11.6  13.8  15.3  17.0  20.0  22.1 
1937  23.0  22.2  22.9  17.7  15.3  10.9  10.1  12.2  15.6  19.6  20.0  22.0 
1938  22.4  22.8  23.8  19.4  15.6  11.0  10.9  12.0  16.5  19.0  22.9  23.5 
1939  27.1  24.6  20.6  17.9  16.0  12.1  10.8  12.7  14.4  18.0  18.8  21.1 
1940  23.3  22.4  24.8  16.2  12.9  11.1  11.6  13.0  14.9  19.5  18.8  23.1 
1941  22.0  21.7  19.8  19.6  13.7  12.3  11.6  12.5  14.8  16.0  22.5  22.6 
1942  23.5  21.1  21.1  17.4  14.9  11.5  10.9  13.4  15.6  17.6  20.0  21.9 
1943  24.3  23.3  24.2  16.8  12.3  12.1   9.4  10.5  14.6  17.1  18.8  21.9 
1944  23.5  22.3  21.9  16.4  12.5  10.7  10.9  13.2  17.5  18.6  23.0  22.1 
1945  21.4  21.4  21.2  18.9  14.4  13.2  10.6  13.2  15.0  16.8  19.8  23.6 
1946  23.8  20.9  20.7  15.6  15.4  10.4  12.2  13.4  14.5  17.1  19.5  22.7 
1947  23.8  24.0  20.9  17.9  14.9  13.1  11.1  12.2  15.2  16.6  18.9  21.7 
1948  23.8  22.6  19.6  17.3  13.4  10.8  11.1  13.6  15.6  17.5  19.6  22.1 
1949  21.7  19.4  19.8  17.0  13.3  10.7  12.2  12.8  15.0  16.9  19.5  22.7 
1950  22.6  21.7  19.1  17.6  17.1  10.9  10.2  13.3  15.9  16.5  21.0  23.2 
1951  25.4  25.1  21.8  17.3  14.0  12.4  10.6  10.4  16.4  17.5  21.5  23.7 
1952  23.5  21.4  20.4  16.1  13.9  12.1   9.9  11.6  15.2  15.8  19.0  21.2 
1953  21.9  22.3  23.6  18.7  14.2  11.7  10.9  11.0  13.9  17.8  20.2  21.6 
1954  23.2  20.0  21.2  16.9  13.7  11.1  10.9  12.3  15.7  18.0  20.6  23.7 
1955  24.7  25.9  21.2  17.5  13.2  12.2  10.8  13.8  16.8  17.4  18.8  21.2 
1956  22.5  24.7  21.0  17.8  14.9  10.5  10.9  10.3  13.9  16.0  19.0  21.1 
1957  24.1  22.6  20.3  17.7  15.5  15.1   9.2  12.1  15.2  18.9  21.0  23.1 
1958  22.6  23.4  20.2  19.1  16.1  11.7  11.6  11.4  13.0  16.9  20.4  20.6 
1959  24.4  23.3  21.7  19.3  14.6  12.4  11.4  13.1  15.0  19.1  22.8  20.2 
1960  25.2  21.9  22.6  16.6  12.5  11.0  10.9  11.1  14.1  18.4  19.8  23.1 
1961  26.6  23.9  23.4  19.6  15.0  13.4  10.6  11.9  17.5  19.0  20.1  22.7 
1962  23.3  23.3  21.1  18.8  14.2  14.7  11.9  12.9  15.1  17.4  22.8  22.2 
1963  24.7  24.8 -99.0  17.7  15.7  12.9  11.6  12.6  15.7  19.5  22.2  23.4 
1964  23.9  20.5  21.8  18.1  14.4  13.3  12.4  12.6  15.6  16.9  20.5  21.2 
1965  23.7  25.5  22.3  17.2  15.6  12.3  11.6  12.7  16.3  20.4  21.5  25.2 
1966  25.2  23.2  22.3  18.4  14.3  12.6  10.8  11.2  13.8  16.5  22.0  20.3 
1967  22.6  22.1  20.1  20.7  15.0  11.9  10.4  11.3  15.1  20.4  21.2  22.9 
1968  26.2  25.0  21.5  18.7  12.6  13.0  10.1  10.5  13.7  19.2  20.5 -99.0 
1969  25.4  23.5  19.9  18.5  14.4  12.2  11.4  13.6  13.2  19.0  21.1  21.6 
1970  23.1  26.5  21.4  17.3  13.5  12.7  10.6  10.9  14.3  18.6  20.8  22.5 
1971  24.5  24.4  23.7  19.1  13.8  11.2  11.1  11.4  15.5  18.4  19.9  22.4 
1972  22.1  23.7  21.9  18.8  15.3  12.5  11.4  12.5  16.2  19.0  20.5  26.5 
1973  25.3  23.5  21.7  20.0  16.3  10.9  11.6  12.0  15.2  18.2  21.5  23.7 
1974  25.3  22.6  23.6  17.2  14.2  11.0  11.8  12.8  13.9  17.9  20.0  21.6 
1975  23.2  25.3  19.5  18.8  15.5  10.1  12.8  12.3  15.7  16.1  20.6 -99.0 
1976 -99.0  23.9  20.5  17.8  14.2  11.0  10.6  12.8  15.5  16.6  19.0  23.9 
1977  25.2  24.1 -99.0  17.4  14.1  11.6  11.4  14.1  15.2  20.0  22.0  24.7 
1978  22.9  24.7  22.0  18.4  14.9  11.6  11.4  12.3  13.4  18.0  20.2  22.5 
1979  26.2  25.1  23.6  17.6  12.5  11.8  11.6  11.7  14.7  18.1  23.8  23.6 
1980 -99.0  23.5  22.7  19.5  15.6  11.8  11.4  13.3  17.7  18.5  23.6  24.2 
1981  25.6  23.3  20.3  21.9  14.8  11.3  10.6  13.0  18.1  19.4  20.4  22.5 
1982  25.9  24.0  21.4  18.1  15.2  10.6   9.8  15.8  15.5  18.5  23.6  24.4 
1983  24.6  26.9  20.7  16.8  15.0  13.2  10.6  14.8  17.1  18.3  20.8  24.1 
1984  22.6  24.3  21.0  17.6  15.9  11.5  10.5  12.4  13.1  19.9  21.2  23.2 
1985  25.0  24.9  23.1  19.3  14.2  12.4  12.2  13.0  15.0  17.1  21.3  22.1 
1986  24.0  23.2  24.4  18.1  15.0  11.9  10.5  11.7  15.3  16.4  20.9  22.4 
1987  24.2  22.5  20.7  18.9  13.4 -99.0 -99.0  11.4  15.8  18.7  21.1  23.4 
1988  24.5  21.5  22.2  18.6  15.7  12.9  11.1  12.2  16.9  19.8  18.8  21.7 
1989  22.8 -99.0 -99.0  17.4  14.8 -99.0  10.5  11.4  16.0  18.1  20.8  24.6 
1990  24.6  21.4  22.6  18.5  17.1  11.6  11.2  11.9  16.2  19.2  21.2  22.7 
1991  25.4  25.7  21.0  19.1  14.8  12.9  12.0 -99.0 -99.0  19.2  20.9  21.7 
1992  22.3  24.1  24.6  19.7  15.2 -99.0  11.8  12.5  14.2  17.0  18.4 -99.0 
1993 -99.0 -99.0 -99.0 -99.0 -99.0 -99.0 -99.0 -99.0 -99.0 -99.0 -99.0 -99.0 
1994 -99.0 -99.0 -99.0 -99.0 -99.0 -99.0 -99.0 -99.0 -99.0 -99.0 -99.0 -99.0 
1995 -99.0 -99.0 -99.0 -99.0 -99.0 -99.0 -99.0 -99.0 -99.0 -99.0 -99.0 -99.0 
1996 -99.0 -99.0 -99.0 -99.0 -99.0 -99.0 -99.0 -99.0 -99.0 -99.0 -99.0 -99.0 
1997 -99.0 -99.0 -99.0 -99.0 -99.0 -99.0 -99.0 -99.0 -99.0 -99.0 -99.0 -99.0 
1998 -99.0 -99.0 -99.0 -99.0 -99.0 -99.0 -99.0 -99.0 -99.0 -99.0 -99.0 -99.0 
1999 -99.0 -99.0 -99.0 -99.0 -99.0 -99.0 -99.0 -99.0 -99.0 -99.0 -99.0 -99.0 
2000 -99.0 -99.0 -99.0 -99.0 -99.0 -99.0 -99.0 -99.0 -99.0 -99.0 -99.0 -99.0 
2001 -99.0 -99.0 -99.0 -99.0 -99.0 -99.0 -99.0 -99.0 -99.0 -99.0 -99.0 -99.0 
2002 -99.0 -99.0 -99.0 -99.0 -99.0 -99.0 -99.0 -99.0 -99.0 -99.0 -99.0 -99.0 
2003 -99.0 -99.0 -99.0 -99.0 -99.0 -99.0 -99.0 -99.0 -99.0 -99.0 -99.0 -99.0 
2004 -99.0 -99.0 -99.0 -99.0 -99.0 -99.0 -99.0 -99.0 -99.0 -99.0 -99.0 -99.0 
2005 -99.0 -99.0 -99.0 -99.0 -99.0 -99.0 -99.0 -99.0 -99.0 -99.0 -99.0 -99.0 
2006 -99.0 -99.0 -99.0 -99.0 -99.0 -99.0 -99.0 -99.0 -99.0 -99.0 -99.0 -99.0 
2007 -99.0 -99.0 -99.0 -99.0 -99.0 -99.0 -99.0 -99.0 -99.0 -99.0 -99.0 -99.0 
