Number= 946530
Name= CEDUNA AMO
Country= AUSTRALIA
Lat=  -32.1
Long= -133.7
Height= 15
Start year= 1939
End year= 2011
First Good year= 1951
Source ID= 10
Source file= Jones+Anders
Jones data to= 2001
Normals source= Data
Normals source start year= 1961
Normals source end year= 1990
Normals=  21.9  21.7  19.9  17.5  14.7  12.2  11.5  12.2  14.5  16.7  19.3  20.7 
Standard deviations source= Data
Standard deviations source start year= 1941
Standard deviations source end year= 1990
Standard deviations=   1.5   1.7   1.1   1.2   1.1   1.2   0.8   1.1   1.1   1.2   1.2   1.3 
Obs:
1939 -99.0 -99.0 -99.0 -99.0 -99.0 -99.0  10.1  12.4  14.1 -99.0  18.7  18.6 
1940 -99.0 -99.0 -99.0 -99.0 -99.0 -99.0 -99.0 -99.0 -99.0 -99.0 -99.0 -99.0 
1941 -99.0 -99.0 -99.0 -99.0 -99.0 -99.0 -99.0 -99.0 -99.0 -99.0 -99.0 -99.0 
1942 -99.0  18.9  21.3  16.1  15.1  11.9  10.9  12.0  14.4  16.5  18.6  20.5 
1943  22.0  22.3  21.5  15.5  11.2  11.3  10.3   9.7  12.9  14.1  16.3  18.4 
1944  20.5  21.0  20.5  14.8  12.8  10.5  10.1  10.9  16.0  15.9  21.1  20.3 
1945  20.2  19.2  18.8  16.8  14.5  13.3   9.9  12.4  14.4  15.4  18.1  22.9 
1946  23.1  20.1  19.6  13.3  15.4  10.8  12.4  13.2  13.0  14.4  18.8  21.2 
1947  22.6  23.8  19.3  17.3  15.5  13.7  11.1  11.8  13.8  15.1  17.3  19.6 
1948  21.5  20.5  17.3  15.8  12.9  11.1  10.9  12.8  14.9  14.9  17.3  20.1 
1949  19.6  17.6  17.9  14.8  13.8  10.2  11.8  12.5  13.5  15.2  18.5  20.5 
1950  20.8  19.5  18.1  16.8  16.2  11.0  10.1  12.4  14.4  14.9  19.3  22.9 
1951  23.6  22.6  20.0  16.5  14.8  12.7  10.8  10.3  14.5  15.3  19.9  23.0 
1952  21.5  18.0  18.7  14.8  14.5  12.8   9.9   9.8  14.3  14.4  17.6  19.8 
1953  20.0  20.5  22.0  16.6  13.8  13.2  11.2  11.0  12.8  15.4  18.4  19.9 
1954  21.6  17.1  18.5  16.5  14.3  12.1  10.7  11.7  14.9  16.4  19.2  21.8 
1955  23.5  23.9  19.5  16.5  13.0  13.1  10.2  12.8  14.7  15.0  17.8  20.0 
1956  19.9  22.6  20.8  17.2  15.5  10.6  10.6   9.6  12.2  14.0  17.4  18.0 
1957  20.7  19.7  18.9  16.7  14.6  16.9   9.7  11.1  13.0  16.3  18.4  21.6 
1958  20.3  21.5  18.9  17.4  15.9  10.1  10.4  11.6  12.8  14.4  18.2  18.3 
1959  21.0  20.3  20.0  17.5  13.3  12.3  10.0  13.3  13.8  16.2  21.9  18.5 
1960  23.5  20.0  21.3  15.8  12.3  10.3  10.0  10.0  13.3  15.6  17.4  21.4 
1961  24.4  22.3  20.3  18.4  14.2  13.6  10.6  11.3  16.5  16.1  18.5  21.0 
1962  21.0  21.1  19.0  17.3  13.3  14.7  11.6  12.5  14.6  15.5  20.6  19.3 
1963  21.8  22.0  19.4  15.4  14.7  12.6  11.5  11.4  14.4  17.2  20.5  20.5 
1964  21.3  18.3  19.7  17.0  14.2  12.6  12.2  12.0  14.5  15.1  18.2  18.9 
1965  21.0  22.6  21.0  15.1  15.6  11.8  11.2  12.3  15.3  18.4  20.5  22.8 
1966  22.7  21.0  20.6  17.2  14.5  13.4  10.8  10.2  12.9  14.8  20.1  19.3 
1967  20.3  21.4  19.3  19.1  14.6  11.8  11.1  10.8  14.4  17.1  18.9  19.9 
1968  24.6  24.0  21.3  19.0  14.0  13.0  10.5  11.1  13.6  17.9  18.4  20.4 
1969  23.5  20.6  18.4  17.9  14.1  12.1  11.1  12.6  12.5  16.9  18.2  18.2 
1970  20.3  22.9  18.4  17.0  14.1  13.9  11.8  11.1  13.4  16.7  19.6  20.3 
1971  20.6  21.1  22.1  19.0  13.9  11.8  10.7  11.4  14.3  16.4  18.0  19.3 
1972  19.8  22.5  19.5  18.0  14.5  11.1  12.5  12.1  14.9  16.9  17.9  22.4 
1973  24.5  20.3  20.4  18.9  17.1  11.7  11.9  12.3  14.9  17.6  19.0  21.8 
1974  23.6  21.6  21.4  17.3  14.1  11.6  12.4  12.4  13.6  17.5  18.0  20.3 
1975  20.6  23.9  18.9  18.0  17.0  10.6  13.3  12.0  14.8  16.2  20.4  21.4 
1976  21.1  22.9  19.4  16.5  13.3  11.5  10.4  13.1  14.7  15.4  17.8  20.9 
1977  22.8  22.0  18.9  15.5  14.5  12.1  11.3  14.8  14.3  18.5  19.4  22.5 
1978  20.0  21.4  20.0  17.3  14.5  12.4  12.3  11.3  13.1  16.0  18.6  19.5 
1979  23.5  23.4  20.4  16.5  13.1  12.4  11.8  12.1  14.0  16.1  20.7  20.9 
1980  20.6  20.8  18.4  18.5  15.6  11.9  11.6  13.3  15.5  17.2  21.1  22.7 
1981  24.0  21.6  18.5  19.3  14.3  12.3  11.6  12.6  17.3  17.3  19.1  20.1 
1982  24.0  21.8  20.0  17.1  15.3  11.4  10.4  15.1  14.5  17.3  20.8  21.6 
1983  20.8  24.3  19.6  16.7  14.1  12.6  10.5  13.0  15.2  16.3  18.7  22.0 
1984  20.0  21.6  19.3  16.6  15.3  11.4  11.0  12.6  12.9  17.4  19.5  20.8 
1985  22.5  20.8  20.6  18.0  14.0  12.6  12.3  12.9  13.9  15.9  19.4  19.9 
1986  20.6  20.8  21.7  17.5  14.6  11.8  11.1  11.7  13.9  15.2  19.5  20.5 
1987  20.5  20.3  19.5  17.5  14.0  11.9  11.6  11.5  14.4  16.3  19.8  20.8 
1988  22.2  19.3  20.2  17.2  16.0  13.4  12.3  12.4  16.6  18.0  18.0  20.8 
1989  21.5  22.3  20.8  17.4  14.8  10.6  11.1  11.2  14.0  16.5  19.2  22.4 
1990  22.3  20.6  20.5  17.6  16.5  12.0  11.9  11.9  15.2  18.5  19.8  20.9 
1991  23.1  22.1  19.2  18.0  15.1  14.1  12.1  13.3  14.8  18.1  19.7  19.2 
1992  18.8  21.9  21.1  18.6  14.6  12.8  12.0  11.9  12.8  16.7  16.5  19.0 
1993  22.2  21.7  20.0  18.7  15.0  11.0  12.5  14.0  14.3  16.3  19.4  19.9 
1994  21.5  20.7  20.3  17.1  15.6  13.3  12.5  11.9  13.9  18.2  17.9  22.5 
1995  21.4  22.7  17.7  16.2  14.2  13.3  12.1  13.2  14.4  18.3  19.1  20.7 
1996  19.7  22.5  21.7  15.9  13.9  13.2  12.7  12.2  14.8  16.7  18.1  20.5 
1997  22.9  25.5  17.6  17.5  13.9  11.5   9.3  11.3  14.7  16.6  20.3  20.3 
1998  20.9  20.9  19.9  17.0  16.3  12.5  10.7  12.9  15.3  16.9  19.0  20.9 
1999  22.9  22.1  20.5  14.9  16.0  12.5  12.7  13.3  17.0  18.0  17.4  21.1 
2000  22.3  25.1  21.3  17.9  13.8  12.1  12.7  11.9  15.5  16.3  20.6  21.8 
2001  25.3  24.9  19.5  16.9  14.6  11.9  10.7  13.7  16.5  15.1  17.7  18.3 
2002  20.7  19.0  19.1  18.9  16.3  12.5  12.7  11.9  14.1  17.0  19.5  20.6 
2003  23.6  22.5  18.2  16.9  15.0  13.1  12.7  12.6  14.7  14.6  20.6  22.2 
2004  20.1  22.6  19.5  18.3  14.5  14.3  11.3  12.9  14.0  18.1  19.8  20.9 
2005  21.5  21.5  20.2  19.7  16.0  13.6  11.5  13.3  14.7  17.4  19.6  21.9 
2006  24.6  19.5  20.7  17.0  13.1   9.4  11.0  13.4  16.2  17.5  20.5  20.6 
2007  22.5  23.2  20.0  18.9  15.3   9.7  11.8  13.2  15.8  17.3  20.4  21.7 
2008 -99.0  20.1  22.9 -99.0  15.0  12.9  11.9  10.7  15.2  18.8  18.8  20.0 
2009  22.6  22.8  19.8  17.5  13.5  12.8  12.8  13.7  15.2  17.0  22.5  21.5 
2010  23.6  22.6  21.2  18.6  15.2  11.8  10.5  11.6  12.8  16.2  18.5  20.3 
2011  22.5  21.3  18.7  17.2  14.1 -99.0 -99.0 -99.0 -99.0 -99.0 -99.0 -99.0 
