Number= 946940
Name= MENINDEE POST OFFICE
Country= AUSTRALIA
Lat=  -32.4
Long= -142.4
Height= 61
Start year= 1907
End year= 2007
First Good year= 1907
Source ID= 30
Source file= Jones+Anders
Jones data to= 2000
Normals source= Data
Normals source start year= 1961
Normals source end year= 1990
Normals=  26.3  26.3  23.2  18.5  14.6  11.4  10.9  12.5  15.2  19.1  21.9  24.8 
Standard deviations source= Data
Standard deviations source start year= 1941
Standard deviations source end year= 1990
Standard deviations=   1.5   1.4   1.7   1.5   1.1   1.0   0.9   0.9   1.2   1.3   1.3   1.2 
Obs:
1907  24.8  25.4  20.0  15.8  13.0   9.2   8.7  11.6  15.3  18.3  22.3  25.0 
1908  28.7  25.7  21.1  17.4  11.8   6.8   7.5  10.0  12.5  19.0  24.7  25.6 
1909  25.3  23.6  22.2  14.7  11.9   9.4   7.8  10.5  12.6  18.5  21.5  21.8 
1910  25.3  25.7  21.0  18.3  14.1  10.3   9.8  11.5  14.8  16.4  20.7  22.4 
1911  24.3  22.4  20.0  15.9  13.1   8.4   8.9  11.9  14.5  17.1  23.2  23.4 
1912  25.1  26.7  23.0  15.6  11.7   9.6   7.7  11.2  14.1  18.3  19.8  23.8 
1913  22.9  22.3  20.8  18.6  11.0   7.9   9.8  12.2  15.2  20.0  21.9  25.2 
1914  26.7  27.0  22.9  18.0  12.3  10.0   8.6  12.7  14.1  20.4  24.8  25.6 
1915  24.9  26.9  21.1  16.6  11.7  10.8  10.4  12.4  15.7  17.7  20.3  24.7 
1916  26.2  24.3  21.0  15.4  13.6  10.0   9.4  10.6  15.4  17.2  18.2  24.0 
1917  25.5  22.8  20.9  15.4  12.6  10.1  10.6  10.6  13.3  18.1  20.4  26.7 
1918  27.4  25.9  22.7  17.9  14.9  11.4  11.4  11.1  15.0  20.0 -99.0  27.4 
1919  26.5  28.0  18.7 -99.0 -99.0  11.3   9.2  14.1 -99.0  20.2  24.9  26.6 
1920  26.1  27.0  23.3  18.3  12.2  11.4   9.9  11.0  14.3  19.2  21.0  23.3 
1921  27.0  26.8  21.7  17.7  15.8  11.2  10.1  10.8  15.4  18.7  24.1  23.9 
1922  23.8  25.7  21.4  19.8  14.4   9.7   9.9  11.7  14.5 -99.0 -99.0  24.9 
1923  25.9  27.4  24.4  21.9  15.8  11.5   9.9   9.7  13.3  16.5 -99.0  25.3 
1924  24.8  22.3  22.8  15.4  12.6   9.2  10.2  12.0  14.3  18.6  21.2  22.8 
1925  22.8  23.2  22.1  18.0  13.5   9.9   8.4  10.3  13.9  19.2  20.8  23.8 
1926  22.1  24.6  21.4  16.6  10.7   9.8  10.4  11.9  16.2  18.4  20.8  21.5 
1927  24.7  23.3  20.6  16.7  12.0   8.4   9.4  11.3  14.2  18.3  22.5  22.1 
1928  22.9  22.9  22.2  17.5  12.7   9.6   9.6  13.3  16.9  17.7  22.5  25.1 
1929  25.3  27.9  21.2  16.4  12.9  10.2   8.2  10.4  13.7  18.4  20.1  22.0 
1930  24.8  27.7  22.9  17.2  13.3   9.6  10.5  11.7  14.4  19.4  21.7  24.4 
1931  24.0  23.5  20.7  15.5  12.9   9.8   9.5  11.3  15.1  17.0  21.4  26.0 
1932  28.9  22.7  21.9  16.4  13.7   9.3   9.1  12.7  14.4  15.7  21.8  23.8 
1933  24.5  24.9  22.1  17.2  13.2  11.3  10.2  10.0  14.0  19.4  21.6  22.9 
1934  25.9  25.3  25.2  16.9  13.9  10.2  10.4  11.9  15.2  17.8  21.6  23.5 
1935  24.8  24.0  22.4  16.9  12.1   9.8   9.8  12.5  14.4  18.5  21.2  23.6 
1936  25.1  24.7  22.2  16.2  13.6   8.5  10.4  13.1  14.1  18.2  21.6  24.1 
1937  22.9  24.9  23.3  16.1  13.8   9.7   9.3  13.0  15.4  19.9  23.6  24.5 
1938  25.1  24.6  24.1  19.5  15.3   9.7   9.7  11.1  15.2  19.4  24.0  25.8 
1939  31.8  26.4  20.8  18.4  14.6  10.6   9.1  10.9  13.9  17.7  20.3  22.6 
1940  26.1  23.9  25.2  16.4  12.3   9.4  10.1  11.4  14.8  20.1  20.2  25.9 
1941  23.6  24.2  20.3  19.5  12.8  11.3  11.1  11.3  15.4  16.7  22.8  24.7 
1942  25.8  24.6  22.5  18.5  15.2  11.2  10.1  12.4  15.2  18.7  21.8  26.0 
1943  25.6  25.7  24.2  15.9  12.4   9.7   9.9   9.9  14.8  18.5  20.0  23.8 
1944  24.9  24.4  22.5  15.3  12.0   9.2   9.2  11.6  17.1  19.0  24.1  23.8 
1945  26.2  23.5  20.7  16.8  14.1  12.9   9.5  12.2  14.8  18.1  21.7  27.0 
1946  26.8  24.3  19.6  15.2  14.0   9.1  11.9  11.9  14.7  17.4  23.1  24.3 
1947  26.6  26.8  21.9  16.8  15.4  11.5   9.7  10.8  14.8  17.5  20.1  24.5 
1948  25.2  27.1 -99.0 -99.0  11.7   9.7   9.3  12.8  15.8  17.8  21.7  24.0 
1949  25.3  23.6  22.1  16.2  12.8   9.0   9.9  12.4  14.4  18.1  21.3  24.6 
1950  25.7  23.7  21.2  17.6  14.0  11.0  10.9  12.3  16.4  18.5  22.4  25.4 
1951  27.8  26.5  24.8 -99.0  13.4  12.2  10.6  11.2  16.5  18.0  21.2  25.1 
1952  27.2  24.1  23.4  16.1  13.8  11.9   9.5  12.0  15.0  18.0  20.2  24.7 
1953  25.6  25.1  24.8  20.0  14.3  12.0  10.6  11.5  15.1  18.1  21.9  24.8 
1954  25.7  23.2 -99.0  20.2  14.3  11.1  10.9  12.9  15.1  18.3  21.2  24.3 
1955  25.8  26.4  23.9  17.9  13.1  12.0  10.4  12.8  16.5  19.3  21.0  22.7 
1956  24.4  27.6  23.2  17.6  14.0  10.4  11.2  11.8  14.8  16.9  20.5  23.7 
1957 -99.0 -99.0 -99.0 -99.0 -99.0 -99.0 -99.0 -99.0 -99.0 -99.0 -99.0 -99.0 
1958 -99.0 -99.0 -99.0 -99.0 -99.0 -99.0 -99.0 -99.0 -99.0 -99.0 -99.0 -99.0 
1959 -99.0 -99.0 -99.0 -99.0 -99.0 -99.0 -99.0 -99.0 -99.0 -99.0 -99.0 -99.0 
1960 -99.0 -99.0 -99.0 -99.0 -99.0 -99.0 -99.0 -99.0 -99.0 -99.0 -99.0 -99.0 
1961 -99.0 -99.0 -99.0 -99.0 -99.0 -99.0 -99.0 -99.0 -99.0 -99.0 -99.0 -99.0 
1962 -99.0 -99.0 -99.0 -99.0 -99.0 -99.0 -99.0 -99.0 -99.0 -99.0 -99.0 -99.0 
1963 -99.0 -99.0 -99.0 -99.0 -99.0 -99.0 -99.0 -99.0 -99.0 -99.0 -99.0 -99.0 
1964 -99.0 -99.0 -99.0 -99.0 -99.0 -99.0 -99.0 -99.0 -99.0 -99.0 -99.0 -99.0 
1965  25.2  27.8  25.0  16.7  15.1  11.3  10.8  12.5  16.2  22.2  20.9  27.1 
1966  28.5  25.1  19.7  18.2  13.3  11.1  10.0  11.0  15.4  18.9  22.7  22.9 
1967  25.8  26.9  22.6  20.3  15.4  12.9  10.9  12.0  15.6  21.4  22.6  23.2 
1968  27.4  28.1  25.2  19.4  13.7 -99.0 -99.0 -99.0 -99.0 -99.0  21.5  23.8 
1969  28.4  27.3  23.1  18.6  12.7  10.4  12.1  12.7  12.9  20.1 -99.0  24.0 
1970  25.4 -99.0 -99.0 -99.0 -99.0 -99.0 -99.0 -99.0  13.3  18.7  21.5  24.0 
1971  26.8  26.0  25.3 -99.0  14.7  10.9  10.1  11.6  15.3 -99.0  20.3  24.0 
1972  24.6  24.9  22.5  18.2  14.3  11.3  11.1  13.3  16.2  19.0  22.5  26.3 
1973  28.6  25.3  21.3  19.8  15.7  11.4  11.9  12.7  16.2  18.6  20.9  24.7 
1974  25.4  24.5  25.1  18.5  14.8  11.4  11.7  12.0  13.1  17.8  19.3 -99.0 
1975  24.8  26.1  22.5  18.1  16.5  11.9  13.0  12.1  16.3  17.6  22.5 -99.0 
1976  23.3  25.5  23.6  17.9  13.6  11.7  10.1  12.4  14.6  16.1  20.2 -99.0 
1977  26.6  27.2  22.8  17.6  15.0  11.5  10.7  14.5  15.2  21.3  22.4 -99.0 
1978  25.6  26.2  23.3  17.7  14.9  11.1  10.8  10.9  13.9  18.3  20.4 -99.0 
1979  30.0  27.2  23.6  17.5  13.9  13.4  11.1  11.7  15.5  18.7  23.0  25.7 
1980  25.4  26.5  24.2  20.4  15.2  11.4  11.1  12.9  16.9  19.6  24.3 -99.0 
1981  29.8  27.3  20.8  20.0  14.2  11.4  10.6  12.2  17.3  20.0  21.1  25.1 
1982  27.7  27.2  22.8  18.4  15.3   9.7   9.0  14.7  15.3  18.8  23.9  25.6 
1983  24.8  28.4  24.8  16.5  14.7  11.3  10.3  13.1  17.3  18.2  20.8  25.3 
1984  24.3  25.1  20.8 -99.0  14.3  11.6  10.4  11.7  12.2  17.2  22.4  22.4 
1985  25.2  25.1 -99.0  18.4  14.5  11.4  10.4  13.1  14.5  19.7  21.6 -99.0 
1986  25.0  24.9  25.6  19.7  14.9  11.1  11.0  12.6 -99.0 -99.0 -99.0 -99.0 
1987 -99.0 -99.0 -99.0 -99.0 -99.0 -99.0 -99.0 -99.0 -99.0 -99.0 -99.0 -99.0 
1988 -99.0 -99.0 -99.0 -99.0 -99.0 -99.0 -99.0 -99.0 -99.0 -99.0 -99.0 -99.0 
1989 -99.0 -99.0 -99.0 -99.0 -99.0 -99.0 -99.0 -99.0 -99.0 -99.0 -99.0 -99.0 
1990 -99.0 -99.0 -99.0 -99.0 -99.0 -99.0 -99.0 -99.0 -99.0  20.1  24.5  27.3 
1991  28.1  27.8  23.4  18.1  13.8  14.6  10.9  13.1  15.9  20.2  21.6  24.0 
1992  24.5  26.4  25.1  19.2  13.9  11.6  10.9  11.5  13.5  18.9  19.0 -99.0 
1993  26.0  25.4  22.8  20.0  14.6  10.8  11.8  13.6  15.2  17.3  22.7  23.8 
1994  25.9  25.7  21.5  18.3  14.3  12.4  10.4  11.2  14.8  19.1  22.6  27.6 
1995  26.8  25.6  21.8  16.5  14.6  12.6  10.5  14.2  16.4  18.6  22.6  23.2 
1996  26.5  24.5  23.0  16.2  14.0  13.1  11.4  12.7  16.0  19.2  20.6  24.6 
1997  26.7  29.9  21.7  18.2  15.0  11.6   9.4  11.6  15.7  19.7  24.5  26.8 
1998  26.6  25.9  23.8  17.6  14.9  11.2  10.2  13.9  17.0  19.1  22.3  25.4 
1999  30.2  26.2  23.4  17.0  15.4  11.9  12.0  13.2  18.2  20.2  19.8  23.5 
2000  25.3  28.3  23.6  19.7  13.6  11.2  11.2  12.5  17.5  19.0  24.3  26.8 
2001  30.9  29.1  22.6  18.6  14.9  12.2  10.8  13.3  17.4  17.6  21.5  23.6 
2002  25.8  24.9  23.6  21.3  15.2  12.3  12.2  12.9  16.5  19.3  24.8  26.1 
2003  29.0  28.4  22.7  19.6  14.8  11.9  10.9  11.5  16.4  17.3  24.1  27.3 
2004  26.1  29.2  23.2  20.8  13.1  11.7  10.9  13.2  15.8  21.2  22.5  24.9 
2005  28.3  24.8  23.1  22.4  16.0  12.8  11.5  13.0  15.6  19.8  23.5  26.5 
2006  31.4  27.6  24.3 -99.0  12.5 -99.0 -99.0 -99.0 -99.0 -99.0 -99.0 -99.0 
2007 -99.0 -99.0 -99.0 -99.0 -99.0 -99.0 -99.0 -99.0 -99.0 -99.0 -99.0 -99.0 
