Number= 947030
Name= BOURKE AIRPORT AWS
Country= AUSTRALIA
Lat=  -30.0
Long= -146.0
Height= 107
Start year= 1871
End year= 2007
First Good year= 1871
Source ID= 30
Source file= Jones+Anders
Jones data to= 1992
Normals source= Data
Normals source start year= 1961
Normals source end year= 1990
Normals=  28.0  27.6  24.7  20.1  15.6  12.4  11.5  13.2  16.6  20.7  24.0  27.0
Standard deviations source= Data
Standard deviations source start year= 1941
Standard deviations source end year= 1990
Standard deviations=   1.8   1.4   1.2   1.0   1.0   1.1   0.9   1.1   1.3   1.4   1.6   1.3
Obs:
1871 -99.0 -99.0 -99.0  19.6 -99.0 -99.0 -99.0  13.9  16.1  18.8 -99.0 -99.0 
1872 -99.0 -99.0 -99.0 -99.0  14.3  13.6  10.5   9.6  16.5  18.8  23.1  23.9 
1873  24.9  25.2  24.3  18.3  14.5  13.2   8.4  12.2  14.7 -99.0 -99.0 -99.0 
1874 -99.0  24.6  22.0  20.8  14.4  11.0   9.1  10.8  13.9 -99.0 -99.0 -99.0 
1875 -99.0 -99.0 -99.0 -99.0 -99.0  13.2  11.8  14.0  15.8  21.6  22.8 -99.0 
1876 -99.0 -99.0 -99.0  18.7  16.3  11.5   9.5  12.1  16.2  20.6  23.5  27.6 
1877 -99.0  27.4  22.5  20.6  16.3  12.9  13.4  14.9  15.5  19.8  26.2  27.6 
1878  31.1  28.7  27.5  22.4  16.5  11.3  13.6  14.9  18.3  22.8  24.8  27.7 
1879  29.6  26.3  24.7  20.4  15.0  13.2  11.3  14.0  16.7  20.3  24.0  27.0 
1880  27.9  23.8  23.6  20.0  16.3  12.1  10.7  14.9  17.4  19.6  24.7  28.4 
1881  27.6  27.9  23.7  20.6  17.3  11.9  11.2  14.1  17.2  20.3  22.4  27.7 
1882  30.5  24.3  25.1  20.2  17.2  13.5  12.1  14.8  18.6  22.4  25.7  26.7 
1883  28.0  27.0  24.0  19.2  16.7  14.6  11.6  14.0  15.9  20.3  24.3  27.8 
1884  29.3  28.9  26.5  21.7  16.0  13.1  11.7  14.2  16.9  21.9  23.2  24.3 
1885  28.1  27.1  24.2  20.3  17.0  11.1  10.3  13.5  17.8  23.0  24.7  28.0 
1886  26.8  26.3  24.5  21.8  16.9  13.1  13.0  13.3  16.0  17.7  22.8  24.4 
1887  28.6  24.4  24.5  21.2  14.5  10.8   9.5  12.3  14.1  18.8  22.6  23.9 
1888  28.0  26.2  23.2 -99.0  14.7  13.4  11.0  12.4  16.9  20.4  26.3  28.5 
1889  27.4  29.1  26.5  21.0  17.2  12.2  10.9  12.5  15.4  20.2  23.1  28.1 
1890  26.4  24.8  23.9  20.1  17.5  14.0  10.7  11.4  15.8  19.7  21.5  23.7 
1891  24.8  25.9  23.8  19.6  14.4  12.1  10.5  11.3  13.8  18.2  24.2  26.8 
1892  27.2 -99.0  27.1  19.3  15.5  11.4  10.0  11.1  14.6  19.6  22.7  25.3 
1893  25.8  27.9  24.4  19.4  16.0  11.1  10.9  12.8  14.6  20.5  22.9  25.5 
1894  27.0  25.9  24.9  19.2  13.7  11.9   9.6  11.3  13.6  18.9  24.5  25.1 
1895  25.8  25.6  25.2  20.3  15.2  12.3   9.1  12.7  15.4  21.1  23.1  25.0 
1896  32.8  26.4  23.8  19.6  15.6  10.4   8.5  11.2  14.3  23.0  22.8  26.8 
1897  26.3  25.7  21.1  21.1  15.9  14.0  11.6  11.0  15.4  18.6  25.8  26.6 
1898  27.7  27.3  24.0  19.9  13.7  13.0  10.5  15.3  16.3  21.1  24.3  24.8 
1899  25.2  27.3  23.8  21.0  14.8  11.7   9.8  11.8  17.6  18.2  22.8  28.8 
1900  27.0  30.1  24.5  19.1  14.2  12.6   9.4  11.4  14.0  19.1  26.7  27.5 
1901  26.5  30.1  25.6  20.0  16.4  10.0   9.4  12.0  17.2  19.7  27.1  28.4 
1902  28.4  28.4  25.6  20.1  15.6  11.8  11.1  10.8  15.2  20.3  26.1  24.5 
1903  27.4  26.8  27.6  21.0  14.9  10.7  10.5  11.6  15.2  19.0  22.7  24.3 
1904  25.8  25.8  23.6  20.1  16.6  10.7  10.5  12.3  13.8  20.8  24.8  27.1 
1905  28.3  26.8  25.1  20.0  16.1  12.0  10.0  11.1  13.3  16.6  23.1  26.1 
1906  30.5  27.4  22.1  21.6  16.6  14.1  11.5  12.5  15.3  18.5  20.3  25.6 
1907  24.9  25.6  22.7  18.5  15.6  12.9  11.5  12.7  16.9  19.5  22.2  26.6 
1908  29.0  24.8  24.2  20.4  15.9   9.9  10.1  11.5  14.0  19.1  26.8  26.8 
1909  26.5  25.0  24.4  18.2  14.9  12.5   9.6  11.8  13.8  20.3  23.3  22.9 
1910  26.2  26.3  23.0  21.1  16.6  14.0  11.1  13.7  17.7  18.2  21.1  24.2 
1911  24.6  22.8  22.4  18.6  15.8  10.8  11.4  13.0  16.6  19.2  23.9  25.0 
1912  27.6  29.0  25.2  19.1  14.5  11.7  10.1  13.4  15.3  19.2  23.4  26.2 
1913  27.8  26.8  21.9  20.6  13.1  10.2  10.7  11.8  14.5  21.5  21.5  27.0 
1914  28.2  28.2  24.4  20.2  15.4  12.9  10.3  13.9  16.0  20.7  27.5  27.0 
1915  26.3  30.0  25.7  20.5  14.7  13.3  12.3  12.9  17.8  19.6  24.2  25.4 
1916  28.5  27.7  25.1  18.7  16.8  12.8  10.6  11.3  15.2  17.0  19.1  24.7 
1917  27.1  23.5  24.4  18.3  15.0  11.5  10.6  11.6  15.8  19.4  19.5  24.7 
1918  24.6  25.4  22.4  19.3  15.4  12.3  10.2  13.3  15.1  18.9  23.3  26.1 
1919  28.0  26.8  22.5  21.5  16.0  12.2   9.8  11.6  16.7  20.3  25.1  27.7 
1920  26.5  26.7  22.9  19.5  14.5  12.5  10.4  10.5  13.9  19.0  24.2  24.2 
1921  26.3  26.2  22.9  19.0  16.3  12.9  12.4  10.8  16.1  18.1  24.8  24.7 
1922  25.2  26.9  24.1  22.5  15.7  12.1  10.4  11.3  15.9  20.3  24.8  26.0 
1923  27.0  29.4  26.6  21.2  17.6  12.9  10.6  11.3  15.4  19.1  20.6  27.5 
1924  24.9  24.5  23.6  17.0  15.3  11.0  11.3  12.1  15.3  18.1  21.6  22.3 
1925  24.2  25.6  22.4  19.7  15.0  12.4   9.3  10.4  12.8  18.4  22.6  25.3 
1926  25.0  30.3  24.5  19.1  12.9  10.9  11.6  12.0  14.9  19.8  23.1  24.3 
1927  27.6  26.5  24.0  18.6  13.6  11.6   9.7  11.4  15.4  19.9  23.6  23.1 
1928  26.0  26.1  25.3  20.4  14.6  11.1  10.9  15.0  17.9  19.3  23.8  26.7 
1929  29.0  26.8  24.3  17.9  14.7  10.8   8.8  11.8  14.6  19.5  22.4  24.5 
1930  26.3  27.1  24.5  19.1  15.1  11.5  10.5  11.4  14.1  20.2  23.9  24.6 
1931  25.5  27.9  22.7  17.7  14.4  11.5  10.3  11.7  15.3  18.1  21.8  23.7 
1932  30.0  25.7  24.2  19.1  15.4  10.6   9.9  13.1  14.6  17.4  22.6  25.5 
1933  26.9  25.7  26.6  19.9  14.6  12.1  11.4  10.6  14.2  20.1  21.1  23.1 
1934  26.2  25.9  25.7  18.4  15.8  11.2  11.2  12.3  16.0  17.4  21.5  24.8 
1935  27.6  26.8  24.3  18.9  13.9  10.8  10.5  13.1  15.2  20.8  23.9  25.5 
1936  26.6  26.6  22.6  17.8  16.0   9.5  11.2  13.3  14.3  19.9  24.3  24.7 
1937  27.0  25.3  23.7  18.6  15.5  11.2  10.6  13.3  16.8  21.9  24.1  27.9 
1938  26.4  26.8  26.7  21.3  18.1  12.1   9.9  11.5  16.0  21.8  25.5  27.9 
1939  31.9  28.0  24.4  19.6  17.4  12.1   9.7  11.1  13.9  18.2  22.2  25.0 
1940  28.4  27.3  26.7  20.6  14.8  11.7  10.6  12.8  16.1  21.2  22.4  27.3 
1941  22.6  25.9  22.2  20.8  15.5  12.2  10.9  11.5  16.7  19.4  25.7  26.2 
1942  29.3  25.0  25.1  21.0  17.2  13.5  11.0  13.1  15.7  18.8  22.6  25.4 
1943  25.0  27.2  26.9  19.0  14.6   9.7   9.5   9.7  14.9  20.4  22.0  26.8 
1944  29.0  26.6  25.2  18.1  13.7  11.8  11.0  11.8  16.4  20.5  26.4  26.7 
1945  28.8  26.7  24.0  20.0  15.5  14.1   9.8  13.3  15.4  19.2  23.9  27.8 
1946  27.9  29.6  22.6  19.0  16.0  10.2  11.6  12.5  15.1  19.2  25.7  25.9 
1947  29.2  25.5  23.1  18.7  17.1  12.2  10.5  11.5  15.5  18.7  21.5  25.0 
1948  25.2  28.4  23.4  19.9  13.8  11.6   9.6  12.4  15.8  19.4  23.2  26.8 
1949  26.2  25.9  23.9  18.5  14.0   9.8  10.9  12.2  15.0  20.0  22.3  27.2 
1950  27.9  25.4  23.3  19.4  16.1  11.9  11.9  12.7  16.7  18.0  20.8  25.7 
1951  26.5  27.3  26.7  18.1  15.0  13.4  11.6  10.7  16.8  19.2  22.8  25.4 
1952  30.2  27.3  24.0  18.4  15.2  12.1  10.1  12.6  15.4  19.0  21.3  26.4 
1953  26.8  24.3  25.8  21.1  14.8  12.1  11.3  11.1  16.1  19.3  23.1  27.7 
1954  25.4  24.4  23.6  21.8  15.2  12.4  11.3  13.4  15.5  19.3  23.2  25.7 
1955  26.7  27.0  26.3  21.2  14.3  13.4   9.7  13.1  16.8  20.0  21.4  23.3 
1956  25.5  26.1  23.8  19.4  14.6  11.6  11.8  11.4  14.1  16.9  20.6  25.4 
1957  28.7  25.8  23.6  20.8  15.1  14.8  10.1  13.0  15.9  20.9  24.0  29.0 
1958  28.0  27.2  24.9  21.4  18.3  12.5  11.8  14.3  14.9  20.4  24.9  26.5 
1959  26.8  26.7  24.3 -99.0  15.3  12.8  11.7  14.1  17.1  19.6  26.8  25.7 
1960  29.5  28.1  24.8  20.4  13.8  10.6  11.4  11.6  16.3  21.1  21.5  26.3 
1961  27.0  27.0  24.1  20.1  14.4  12.6  11.1  12.9  17.4  23.0  24.5  26.8 
1962  26.1  27.0  23.5  19.0  13.9  13.6  12.8  12.6  16.5  19.8  24.6  24.9 
1963  24.7  26.8  25.3  19.9  16.8  11.9  10.8  13.4  16.6  20.3  23.1  27.3 
1964  27.3  25.6  25.0  20.0  15.1  12.4  11.9  13.4  17.8  18.4  23.9  24.8 
1965  27.8  29.0  25.0  19.3  15.4  11.9  10.8  14.2  20.1  22.7  24.3  27.5 
1966  27.6  27.0  24.2  20.4  14.1  12.2  10.8  12.6  16.3  19.8  23.2  26.1 
1967  29.5  28.3  22.6  20.5  16.0  14.5  11.3  12.6  16.6  23.4  24.3  25.3 
1968  27.8  27.9  25.3  21.7  13.9  11.6   9.9  12.8  15.7  20.8  23.8  25.7 
1969  30.4  29.5 -99.0  19.5  15.0  12.4  12.9  14.1  14.0  22.4 -99.0  26.4 
1970  27.2  27.9  23.0  20.1  13.9  13.0  11.1  12.6  15.0  20.9  23.3  26.5 
1971  27.9  26.8  25.2  20.3  15.3  11.6  10.4  12.9  16.5  20.9  22.0  26.8 
1972  25.6  25.8  24.9  19.8  16.3  13.1  11.4  14.7  18.5  21.0  24.8  29.2 
1973  30.0  26.9  25.4  21.6  16.5  13.7  13.9  13.6  17.3  21.7  23.5  26.4 
1974  25.6  26.4  25.3  20.8  15.7  11.8  11.7  12.5  14.3  19.5  21.5  26.3 
1975  27.1  26.6  23.8  19.7  16.5  12.5  13.5  13.5  17.5  19.7  25.0  27.8 
1976  26.5  24.9  24.3  19.3  15.4  12.1  11.5  12.6  15.2  17.6  22.8  26.6 
1977  28.1  28.1  23.8  20.0  15.3  11.7  10.7  14.8  16.5  22.0  25.5  28.1 
1978  28.0  28.5  24.5  19.1  16.0  12.0  10.6  11.9  15.3  19.2  22.7  25.5 
1979  31.1  28.5  25.7  20.5  14.9  14.2  11.9  13.6  17.2  20.9  26.2  29.0 
1980  28.0  28.5  25.8  21.0  16.3  12.6  11.5  14.1  18.0  23.0  26.2  28.1 
1981  31.3  29.8  23.5  21.0  15.9  11.9  11.4  11.9  18.1  20.9  22.3  27.3 
1982  29.1  29.5  25.0  20.5  15.6  10.9  10.9  16.0  16.5  20.2  26.4  28.8 
1983  28.6  30.3  26.3  17.7  15.3  11.3  10.1  13.1  18.4  21.4  22.1  27.0 
1984  25.5  26.1  23.6  19.5  16.0  13.2  10.8  13.6  13.2  19.0  23.8  27.1 
1985  29.2  28.0  26.2  20.1  17.0  11.5  12.4  13.4  16.0  20.8  23.8  26.0 
1986  27.8  28.8  27.7  21.4  15.9  11.3  10.7  12.6  16.6  17.9  24.1  25.8 
1987  29.0  28.9  23.2  21.8  15.6  14.0  11.4  13.6  17.2  20.6  24.1  27.6 
1988  29.5  25.8  23.7  19.3  16.8  12.8  12.7  13.9  17.5  22.8  23.6  27.9 
1989  27.0  27.8  25.8  20.6  17.0  11.8  11.4  11.1  15.7  20.3  23.7  27.8 
1990  30.7  27.4  25.7  19.9  16.0  11.9  12.1  12.5  17.0  20.9  25.8  29.8 
1991  29.2  29.8  24.5  20.1  16.3  15.3  11.6  13.9  17.8  23.3  25.3  26.2 
1992  27.3  26.4  26.0  21.0  16.1  12.3  12.2  12.9  15.5  20.6  22.4 -99.0 
1993 -99.0 -99.0 -99.0 -99.0 -99.0 -99.0 -99.0 -99.0 -99.0 -99.0 -99.0 -99.0 
1994 -99.0 -99.0 -99.0 -99.0 -99.0 -99.0 -99.0 -99.0 -99.0 -99.0 -99.0 -99.0 
1995 -99.0 -99.0 -99.0 -99.0 -99.0 -99.0 -99.0 -99.0 -99.0 -99.0 -99.0 -99.0 
1996 -99.0 -99.0 -99.0 -99.0 -99.0 -99.0 -99.0 -99.0 -99.0 -99.0 -99.0 -99.0 
1997 -99.0 -99.0 -99.0 -99.0 -99.0 -99.0 -99.0 -99.0 -99.0 -99.0 -99.0 -99.0 
1998 -99.0 -99.0 -99.0 -99.0 -99.0 -99.0 -99.0 -99.0 -99.0 -99.0 -99.0 -99.0 
1999 -99.0 -99.0 -99.0 -99.0 -99.0 -99.0 -99.0 -99.0 -99.0 -99.0 -99.0 -99.0 
2000  26.1  27.2  25.0  19.8  14.5  11.0  11.3  12.5  18.8  20.0  24.1  27.6 
2001  31.3  30.0  24.7  21.1  14.6  13.0  10.8  12.4  17.7  18.9  23.4  27.4 
2002  29.1  27.3  26.5  22.7  15.2  12.5  11.0  13.9  18.2  21.8  28.2  28.0 
2003  31.3  29.0  24.4  20.6  16.3  13.8  12.3  13.4  18.3  19.7  25.2  31.6 
2004  29.5  30.1  26.3  22.2  14.2  12.1  10.5  12.9  16.7  22.2  24.2  27.6 
2005  30.0  28.3  25.2  24.3  15.9  13.7  12.4  12.7  16.9  22.8  26.0  29.6 
2006  32.3 -99.0  26.8 -99.0  13.3 -99.0 -99.0 -99.0 -99.0 -99.0 -99.0 -99.0 
2007 -99.0 -99.0 -99.0 -99.0 -99.0 -99.0 -99.0 -99.0 -99.0 -99.0 -99.0 -99.0 
