Number= 947650
Name= BANKSTOWN AIRPORT AW
Country= AUSTRALIA
Lat=  -33.9
Long= -151.0
Height= 7
Start year= 1968
End year= 2007
First Good year= 1968
Source ID= 30
Source file= Jones+Anders
Jones data to= 1992
Normals source= Data
Normals source start year= 1968
Normals source end year= 1990
Normals=  22.6  22.5  21.0  18.2  15.0  12.1  10.9  12.2  14.7  17.5  19.4  21.8 
Standard deviations source= Data
Standard deviations source start year= 1968
Standard deviations source end year= 1990
Standard deviations=   0.8   0.8   0.8   0.6   0.8   0.5   0.8   0.7   1.1   0.9   0.9   1.1 
Obs:
1968 -99.0 -99.0 -99.0 -99.0 -99.0 -99.0   9.5  12.4  14.1  18.4  20.7  19.7 
1969  23.3  21.9  21.1  18.1  14.3  11.9  11.2  12.9  13.0  16.5  18.5  21.1 
1970  22.0  22.6  19.9  18.0  13.3  11.6   9.7  11.4  13.1  18.0  18.2  21.3 
1971  21.8  22.5  21.0  17.8  14.1  11.2   9.8  11.4  14.4  17.9  17.8  20.4 
1972  20.7  21.3  19.8  17.2  14.4  12.2  10.5  12.6  15.6  16.8  19.0  22.7 
1973  23.2  22.7  21.3  18.5  14.9  12.4  12.5  12.1  15.5  18.0  19.7  22.2 
1974  22.2  21.4  21.0  18.9  15.4  12.1  11.2  11.4  13.6  16.2  18.0  21.3 
1975  22.3  22.0  20.7  17.1  14.6  12.3  11.8  12.1  15.5  17.2  20.3  22.5 
1976  21.5  22.4  20.9  17.6  14.3  12.4  11.1  11.9  13.4  15.8  18.5  22.8 
1977  23.1  22.8  21.4  18.2  14.8  11.7  10.6  12.4  13.3  18.4  20.1  22.7 
1978  23.0  23.6  21.6  18.0  15.3  11.7  10.0  11.4  13.8  16.6  19.4  20.3 
1979  24.0  23.5  21.0  17.8  14.4  12.6  10.8  11.6  14.8  17.5  20.4  23.3 
1980  22.8  22.4  22.0  18.7  15.9  12.9  11.0  13.1  16.5  18.2  20.2  22.8 
1981  23.5  22.8  20.9  19.1  15.0  12.0  10.5  11.6  15.8  18.1  18.3  21.7 
1982  23.2  22.8  20.8  18.1  14.8  11.6  10.5  13.2  14.4  16.9  20.6  21.7 
1983  23.1  24.6  22.9  17.2  16.0  11.8  10.4  12.6  15.5  17.4  19.2  20.8 
1984  22.0  22.7  19.7  17.9  14.2  12.2  10.7  12.5  13.9  17.2  20.5  21.4 
1985  22.8  21.3  21.5  18.0  15.3  11.1  11.4  11.8  14.4  17.3  19.5  22.6 
1986  22.2  22.1  21.5  19.0  15.3  11.6  11.5  12.3  15.8  16.8  18.1  20.6 
1987  23.9  23.6  19.6  18.1  15.5  12.8  11.1  13.8  15.6  16.8  20.0  21.0 
1988  23.3  21.9  20.3  18.6  16.0  13.3  12.8  13.1  16.6  20.1  19.7  22.3 
1989  21.6  21.8  21.5  19.4  16.4  12.8  11.0  11.5  14.7  18.4  19.7  21.6 
1990  22.2  22.0  21.0  19.2  16.1  11.9  11.7  11.9  14.3  17.4  20.3  24.6 
1991  25.3  24.8  21.6  18.0  15.8  14.6  11.4  12.5  15.2  19.0  19.4  20.8 
1992  22.2  21.7  21.5  18.1  15.3  11.7 -99.0 -99.0 -99.0 -99.0 -99.0 -99.0 
1993 -99.0 -99.0 -99.0 -99.0 -99.0 -99.0 -99.0 -99.0 -99.0 -99.0 -99.0 -99.0 
1994 -99.0 -99.0 -99.0 -99.0 -99.0 -99.0 -99.0 -99.0 -99.0 -99.0 -99.0 -99.0 
1995 -99.0 -99.0 -99.0 -99.0 -99.0 -99.0 -99.0 -99.0 -99.0 -99.0 -99.0 -99.0 
1996 -99.0 -99.0 -99.0 -99.0 -99.0 -99.0 -99.0 -99.0 -99.0 -99.0 -99.0 -99.0 
1997 -99.0 -99.0 -99.0 -99.0 -99.0 -99.0 -99.0 -99.0 -99.0 -99.0 -99.0 -99.0 
1998 -99.0 -99.0 -99.0 -99.0 -99.0 -99.0 -99.0 -99.0 -99.0 -99.0 -99.0 -99.0 
1999 -99.0 -99.0 -99.0 -99.0 -99.0 -99.0 -99.0 -99.0 -99.0 -99.0 -99.0 -99.0 
2000  21.0  23.6  22.0  18.0  14.5  11.0  11.5  12.2  16.3  17.8  19.7  23.3 
2001  24.3  23.8  20.9  18.6  14.2  12.7  12.2  12.5  16.2  17.7  19.1  22.4 
2002  23.1  21.9  21.1  19.2  14.7  12.2  10.8  13.2  16.0  18.7  21.7  22.0 
2003  23.8  23.4  20.6  17.9  15.7  13.5  11.3  12.3  15.8  16.2  19.2  22.3 
2004  24.2  24.3  21.5  19.0  14.3  12.3  11.5  13.1  15.6  18.2  20.4  22.2 
2005  23.2  22.9  20.0  19.7  14.9  13.0  12.2  12.6  15.5  19.1  20.6  23.7 
2006  24.0  24.1  22.5  17.8  14.5 -99.0 -99.0 -99.0 -99.0 -99.0 -99.0 -99.0 
2007 -99.0 -99.0 -99.0 -99.0 -99.0 -99.0 -99.0 -99.0 -99.0 -99.0 -99.0 -99.0 
