Number= 948250
Name= CASTERTON SHOWGROUND
Country= AUSTRALIA
Lat=  -37.6
Long= -141.4
Height= 73
Start year= 1957
End year= 2007
First Good year= 1957
Source ID= 30
Source file= Jones+Anders
Jones data to= 2000
Normals source= Data
Normals source start year= 1961
Normals source end year= 1990
Normals=  19.3  19.6  17.6  14.6  11.6   9.5   8.9   9.9  11.2  13.1  15.0  17.2 
Standard deviations source= Data
Standard deviations source start year= 1957
Standard deviations source end year= 1990
Standard deviations=   1.7   1.2   1.2   1.1   0.7   0.9   0.7   0.7   0.9   0.7   1.1   1.3 
Obs:
1957  16.7  18.2  15.8  13.5  11.0  12.2   7.7   9.6  10.6  12.4  13.7  16.9 
1958  16.9  18.9  16.6  14.5  12.6   8.8   8.0   9.5  10.2  12.3  15.2  14.9 
1959  21.3  18.9  18.1  14.7  11.0   9.7   9.0  10.4  10.1  13.1  17.9  15.7 
1960  20.6  17.5  17.2  13.2  10.1   8.5   8.3   8.7  11.1  13.2  12.9  19.6 
1961  22.4  19.6  17.8  15.3  11.4  10.4   8.9   9.7  12.2  14.0  16.0  17.8 
1962  20.4  18.1  17.7  15.0  10.6  11.2   9.7  10.3  11.1  11.4  14.8  16.9 
1963  18.7  17.5  17.1  13.2  11.8  10.1   8.3   9.7  12.0  14.8  15.3  17.5 
1964  18.1  17.4  16.3  14.3  11.4   9.7   9.0  10.0  11.1  11.9  14.4  13.9 
1965  17.0  19.4  16.7  12.2  11.9   9.5   7.9  10.1  11.8  13.7  13.9  18.8 
1966  19.3  18.6  17.8  13.3  11.5   8.2   8.4   9.4  11.2  12.5  15.8  16.1 
1967  17.1  20.0  17.3  15.4  11.8   9.7   9.3   9.2  11.1  13.8  15.6  16.7 
1968  21.1  21.4  19.3  16.1  10.9   9.2   7.8   9.1  10.4  13.1  13.4  15.9 
1969  20.0  20.1  17.2  14.3  10.8   8.9   9.7  10.1   9.3  12.9  14.3  15.1 
1970  17.8  19.0  16.7  15.2  10.7   9.6   9.7   8.6  10.0  12.2  14.9  16.6 
1971  19.2  21.8  19.7  16.1  11.0  10.3   9.1   9.4  10.6  12.3  13.6  16.0 
1972  18.4  20.1  16.1  15.0  11.8   7.7   9.3  10.5  12.3  12.8  14.5  18.3 
1973  20.7  19.8  16.4  15.1  11.5   8.2   9.1   9.8  12.0 -99.0  14.4  18.4 
1974  21.9  19.6  21.0  14.5  12.1   9.6   9.0  10.2  10.3  12.8  13.6  16.1 
1975  16.9  20.0  16.1  13.7  13.0 -99.0  10.6  10.0  12.3  13.4  16.2  18.3 
1976  18.4  20.3  17.3  14.5  11.4  10.3   8.8   9.6  10.4  11.6  14.9  17.1 
1977  18.6  20.4  17.5  13.2  11.1  10.0   8.5  11.3  10.3  14.0  14.5  18.1 
1978  17.8  18.5  18.1  14.6  13.0   9.4   9.0   9.4  11.7  13.3  15.1  16.6 
1979  20.9  20.0  17.9  13.6  10.9  10.6   9.2   9.7  11.3  13.5  15.3  18.0 
1980  17.6  18.3  16.8  16.6  13.4   9.8   9.4  11.2  12.5  12.8  15.8  19.0 
1981  22.0  21.4  16.1  15.7  11.9   9.9   9.8   9.4  13.1  13.3  15.6  17.5 
1982  21.3  19.5  18.9  14.5  12.0   8.1   7.6 -99.0  10.7  13.2  17.6  18.1 
1983 -99.0  22.2  18.4  12.8  11.7   9.1   8.8  11.0  11.5  13.1  14.7  18.0 
1984  18.2  19.0  17.1  14.3  11.7   9.7   8.2  10.8  10.5  13.3  15.9  16.4 
1985  18.7  18.2  19.3  15.9  11.7   9.7   8.4  10.2  11.0  13.4  15.1  16.6 
1986 -99.0 -99.0 -99.0 -99.0 -99.0   9.7   8.9  10.0 -99.0 -99.0 -99.0 -99.0 
1987 -99.0 -99.0 -99.0 -99.0 -99.0 -99.0 -99.0 -99.0 -99.0 -99.0 -99.0 -99.0 
1988 -99.0 -99.0 -99.0 -99.0 -99.0 -99.0 -99.0 -99.0 -99.0 -99.0 -99.0 -99.0 
1989 -99.0 -99.0 -99.0 -99.0 -99.0 -99.0 -99.0 -99.0 -99.0 -99.0 -99.0 -99.0 
1990 -99.0 -99.0 -99.0 -99.0 -99.0 -99.0 -99.0 -99.0 -99.0  13.4  15.7  18.3 
1991  20.0  18.1  16.7  14.3  11.8  11.6   9.7   9.9  11.7  14.5  14.0  17.1 
1992  16.8  19.2  19.4  14.9  11.3   9.5  10.0   9.3  10.0  13.7  14.0  18.3 
1993  19.7  19.2  17.6  15.2  11.7   9.9  10.4  11.7  11.9  12.7  14.4  16.4 
1994  17.2  19.8  17.6  14.9 -99.0   9.8   9.7   8.9  10.4  12.9  14.4  18.9 
1995  19.9  20.1  16.7  12.7  11.7  10.1   9.0  10.9  11.1  12.5  15.2  15.5 
1996  18.7  18.5  17.7  13.2  12.2  10.0   9.6  10.2  11.2  13.3  13.8  15.4 
1997  20.7  22.5  16.1  14.2  11.5   9.8   7.7   9.2  10.9  13.4  15.8  17.6 
1998  20.1  18.7  18.2  13.1  11.9   8.6   8.3  10.4  12.5  12.6  14.1  18.5 
1999  21.6  21.2  16.4  12.5  12.6   9.9  10.4  10.6  12.5  14.1  14.6  17.7 
2000  19.6  22.6  18.4  15.3  11.9  10.1   9.5   9.4  11.8  12.5  18.3  17.7 
2001  22.0  22.0  17.1  14.0  11.5  11.0   9.7  10.7  12.8  12.6  14.1  14.4 
2002  17.3  18.2  17.6  16.0  11.9  10.3   9.8   9.5  11.4  13.2  15.6  18.1 
2003  20.0  19.7  16.6  15.2  11.8  10.6   9.4   9.2  10.6  11.3  15.6  18.8 
2004  16.4  19.9  16.4  14.7  11.3  10.5   9.3  10.3  11.7  13.7  15.2  18.5 
2005  19.5  18.2  16.9  16.7  12.2  11.3   9.8  10.9  11.7  13.5  16.2  19.0 
2006  21.7 -99.0  19.0  13.1  10.5 -99.0 -99.0 -99.0 -99.0 -99.0 -99.0 -99.0 
2007 -99.0 -99.0 -99.0 -99.0 -99.0 -99.0 -99.0 -99.0 -99.0 -99.0 -99.0 -99.0 
