Number= 948340
Name= ARARAT PRISON
Country= AUSTRALIA
Lat=  -37.3
Long= -143.0
Height= 295
Start year= 1969
End year= 2007
First Good year= 1969
Source ID= 30
Source file= Jones+Anders
Jones data to= 2000
Normals source= Data
Normals source start year= 1969
Normals source end year= 1990
Normals=  18.4  18.9  16.7  13.4  10.6   7.8   7.5   8.4   9.9  11.9  14.4  16.8 
Standard deviations source= Data
Standard deviations source start year= 1969
Standard deviations source end year= 1990
Standard deviations=   1.7   1.1   1.4   1.1   0.8   0.8   0.7   0.8   1.0   0.7   1.2   1.1 
Obs:
1969 -99.0 -99.0 -99.0 -99.0 -99.0   7.0   7.8   8.6   8.2  12.0 -99.0 -99.0 
1970  17.1  18.5  15.3  13.4   8.8   7.7   7.5   7.1   8.0  10.4  13.5  16.0 
1971  18.4  20.2  18.3  15.1   9.7   7.9   7.1   7.5   9.0  11.0  12.5  15.4 
1972  18.0  18.9  14.6  13.1  10.1   6.1   7.2   9.0  10.8  11.8  14.0  17.6 
1973  20.0  18.6  14.1  13.8  10.0   7.4   7.5   8.2  10.9  12.5  13.0  17.3 
1974  20.7  18.4  19.2  13.2  11.1   7.5   7.4   8.2   9.0  11.4  12.3  15.2 
1975  15.9  19.0  15.1  12.4  11.8   7.5   8.9   8.3  10.9  12.1  15.2  17.8 
1976  18.3  20.1  16.7  12.8  10.2   8.6   6.7   8.1   9.3  10.3  13.7  16.5 
1977  18.0  19.5  16.1  11.4   9.7   8.3   6.5   9.3   8.7  12.7  13.6  17.0 
1978  17.7  18.1  17.4  13.1  11.8   8.1   7.0   7.3  10.2  12.0  14.5  15.8 
1979  20.7  18.9 -99.0  11.5   9.7   9.3   7.0   7.9   9.9  12.1  14.9 -99.0 
1980  16.8  17.9  15.4  15.1  11.6   8.0   7.9   9.4  11.2  12.4  14.8  18.0 
1981  21.7  21.1  15.4  13.8  10.6   7.7   8.2   8.2  11.5  12.3  14.7  16.6 
1982  20.5  19.1  17.4  12.9  10.2   6.5 -99.0   9.2   9.4  12.2  17.4  17.6 
1983  17.6  21.7  18.1  11.6  10.7   7.4   7.4   9.5  10.2  11.8  13.8  17.2 
1984  17.4  18.6  15.6  12.5   9.9   7.9   6.9   9.3   9.0  12.3  14.8  15.4 
1985  17.7  17.2  18.5  14.8  10.7   7.8   7.0   8.6   9.6  12.6  14.7  16.1 
1986  16.2  17.7  17.7  13.3  10.7   7.5   7.1   8.6  10.3  10.9  13.7  15.1 
1987  16.2  17.9 -99.0  14.4  10.6   8.9   7.5   8.2  10.6  11.5  16.1  16.2 
1988  20.6  18.5  17.6  14.5  12.4   9.6   8.8   9.2  11.0  12.4  14.8  18.7 
1989  18.4  18.8  17.8  14.6  10.8   7.4 -99.0   6.8  10.1  11.3  15.5  17.5 
1990  19.4  18.1  17.5  14.2  10.6   7.8   8.5   8.2  10.8  12.7  15.4  18.4 
1991  19.8  18.1  16.5  12.8  10.6  10.3   7.8   8.0  10.0 -99.0  13.0  16.6 
1992  16.6  18.5  18.4  14.0  10.0   7.9   7.8   7.4   8.7  12.9  12.8  17.7 
1993  19.1  18.1  16.2  14.1  10.3   8.0   8.4   9.4  10.5  11.2  13.3  15.6 
1994  16.5  18.9  15.9  12.9  10.0   8.2   7.2   6.9   8.4  11.9  13.7  19.2 
1995  19.8  19.3  15.5  10.9  10.0   8.1   6.9   8.8   9.0  11.2  14.1  14.4 
1996  18.4  17.4  16.1  11.8  10.2   7.8   7.5   8.7   9.8  12.2  12.9  14.9 
1997  20.2  22.3  15.2  13.1  10.0   8.0   5.7   7.5   9.8  12.7  15.4  17.4 
1998  19.6  18.7  17.1  11.9  10.1   7.4   6.2   8.9  11.0  11.6  13.6  17.5 
1999  21.5  20.1  16.1  11.2  10.8   8.2   8.9   9.5  11.4  13.0  13.8  16.9 
2000  18.5  21.9  17.7  14.2  10.0   8.4   7.7   7.8  10.5  11.5  16.8  17.6 
2001  22.4  21.6  16.2  12.7  10.1   9.4   8.4   9.1  12.0  11.3  13.0  13.6 
2002  17.3  17.4  16.9  14.5  10.5   8.4   7.9   8.0  10.5  12.2  15.6  17.7 
2003  19.6  19.7  16.7  13.6  10.8   9.2   8.2   7.8   9.2  10.3  15.0  19.1 
2004  16.7  19.6  16.0  14.0   9.7   8.7   7.3   8.5  10.0  12.6  14.1  17.3 
2005  19.1  17.0  15.5  15.7  10.2   9.1   8.2   9.2  10.2  12.8  15.8  18.3 
2006  21.4  18.3  18.1  11.9   8.8 -99.0 -99.0 -99.0 -99.0 -99.0 -99.0 -99.0 
2007 -99.0 -99.0 -99.0 -99.0 -99.0 -99.0 -99.0 -99.0 -99.0 -99.0 -99.0 -99.0 
