Number= 948930
Name= WILSONS PROMONTORY L
Country= AUSTRALIA
Lat=  -39.1
Long= -146.4
Height= 95
Start year= 1877
End year= 2011
First Good year= 1877
Source ID= 30
Source file= Jones+Anders
Jones data to= 2000
Normals source= Data
Normals source start year= 1961
Normals source end year= 1990
Normals=  17.5  17.9  17.1  15.1  13.3  11.2  10.3  10.6  11.7  13.1  14.4  15.7 
Standard deviations source= Data
Standard deviations source start year= 1941
Standard deviations source end year= 1990
Standard deviations=   1.1   1.0   0.9   1.0   1.0   0.9   0.7   0.8   0.9   0.9   0.9   0.8 
Obs:
1877 -99.0 -99.0  18.3  15.3  12.9  11.8 -99.0  12.0  11.5  13.4  13.8  16.4 
1878  18.7  19.5  19.1  17.0  13.8  10.7  11.6 -99.0  13.3  13.7  14.9  16.3 
1879  18.4  19.8  18.1  17.5  13.8  12.0  11.3  12.4  13.2 -99.0  14.2  15.9 
1880  17.3  19.6  17.7  16.0  12.9  11.2  10.2  11.4  12.1  11.9  13.2  15.6 
1881  16.6  17.5  17.1  15.2  13.7  10.3  10.4  10.6  11.1  12.4  13.7  15.6 
1882  16.5  17.7  17.3  14.7  13.2  10.3  10.1  10.4  11.0  12.1  14.5  16.0 
1883  18.0  18.1  18.0  16.7  13.0  12.5  10.6  10.9  11.2  12.5  13.8  15.1 
1884  15.7  16.9  17.4  15.7  13.1  11.5  10.0  11.2  11.5  11.1  13.9  14.4 
1885  16.7  17.1  15.8  14.9  13.4  10.2  10.4  11.3  11.5  14.0  13.9  17.1 
1886  18.7  17.0  16.6  16.3  12.7  11.6  11.2  10.8  12.7  11.8  15.1  16.3 
1887  19.4  18.1  17.9  16.5  12.9  10.7  10.2  10.5  10.1  11.7  13.0  16.4 
1888  17.7  17.9  15.6  15.4  12.9  11.6  10.1   9.9  11.8  12.4  14.9  16.9 
1889  18.1  18.9  16.9  15.6  14.0  12.1  10.4  10.8  11.1  13.7  14.9  16.8 
1890  19.5  19.1  18.6  17.0  12.6  12.6  10.1  10.3  11.8  12.4  13.9  15.1 
1891  17.0  17.1  18.2  15.5  14.0  11.1  10.9  10.7  11.2  11.5  13.5  14.8 
1892  16.5  17.5  17.4  14.4  12.3  10.6   9.4  10.0  10.1  11.6  13.4  11.7 
1893 -99.0  18.5  18.1  16.3  14.4  11.4  10.6   9.6   9.6  11.2  12.5  15.7 
1894  17.8  18.2  17.4  15.7  12.5  11.8   9.6  10.4  10.6  13.6  15.2  16.4 
1895  17.5  17.9  17.1  16.2  12.5  11.4   9.1  11.0  11.1  14.0  13.6  16.6 
1896  17.7  17.7  16.7  14.5  12.7  10.6   9.4   9.9  11.3  13.2  14.7  17.1 
1897  17.2  17.8  15.3  15.1  12.1  11.6  10.6   9.8  12.1  12.1  14.9  17.8 
1898  18.5  20.2  17.8  14.8  11.9  11.4  10.1  10.7  11.8  14.1  14.1  15.7 
1899  15.5  18.5  18.1  15.9  12.6  10.8   9.6  10.1  12.3  11.9  14.0  16.6 
1900  19.1  18.6  17.3  14.3  12.9  11.6   9.3   8.8   9.9  12.0  13.2  15.0 
1901  15.5  18.0  16.8  14.1  13.1   9.1   8.8   9.6  11.5  11.8  16.0  15.6 
1902  16.7  16.0  15.3  15.0  13.2  11.1  10.2   9.1  10.0  12.6  15.1  15.3 
1903  16.4  17.5  17.3  14.7  12.1  10.2   9.4   9.2  11.1  13.1  14.9  15.7 
1904  17.3  17.2  15.8  16.2  14.1  10.9   9.7  10.0  10.0  11.9  13.9  15.5 
1905  17.6  16.5  16.2  15.3  13.4  10.6   9.1  10.2   8.6   9.7  12.9  14.6 
1906  17.6  18.2  16.4  14.7  12.8  11.6   9.7   9.5  10.9  12.5  12.8  16.4 
1907  15.9  16.3  15.1  13.4  13.1  10.1   9.3  10.3  11.3  12.1  14.0  15.6 
1908  20.4  18.6  16.5  14.4  12.4   9.3   9.4   9.4  10.7  12.9  14.4  16.0 
1909  16.5  17.0  16.4  15.3  12.6  10.4   9.3   9.5  10.1  12.6  14.4  15.0 
1910  16.9  17.7  17.9  15.5  13.6  11.4  10.2  11.4  12.1  12.2  14.8  15.1 
1911  16.4  18.6  17.4  14.0  13.2   9.7   9.8  11.8  11.6  13.2  14.7  15.0 
1912  16.9  18.6  17.0  14.5  13.0  11.7  10.3  11.0  11.1  12.8  13.9  15.2 
1913  16.5  18.1  15.1  15.5  12.5  10.7  10.1   9.9  10.8  13.2  12.6  17.1 
1914  16.8  19.1  18.1  14.7  13.2  11.7   9.5  11.0  10.8  14.4  15.4  16.1 
1915  17.6  18.3  15.9  14.8  12.0  10.9  10.8  10.7  11.9  12.3  12.8  15.5 
1916  16.9  18.3  17.0  14.5  13.0  10.6  10.4   9.9  11.7  12.2  12.8  16.7 
1917  16.9  17.5  16.4  13.8  11.7  11.1  10.0  10.7  11.5  12.3  14.0  17.5 
1918  18.0  18.1  17.1  14.8  13.4  11.6   9.8  11.3  12.6  11.8  13.5  15.7 
1919  16.5  17.8  16.0  16.8  13.6  11.2   9.7  11.0  12.4  13.3  15.2  17.4 
1920  16.7  18.2  16.4  14.9  11.6  11.2  10.2  10.4  11.7  13.0  14.8  16.7 
1921  18.3  18.8  17.8  15.1  13.9  11.6  10.9  10.2  12.7  12.7  15.5  15.4 
1922  17.2  17.8  15.9  15.3  13.0  11.1  10.3   9.8  11.1  13.1  14.4  15.9 
1923  16.3  17.2  16.2  15.3  13.0  11.1  10.3  10.5  10.9  12.2  13.6  16.1 
1924  15.6  16.8  15.8  12.7  11.7   9.7   9.5  10.0  10.8  13.2  13.9  14.5 
1925  16.5  16.5  16.4  14.4  12.5  11.3   9.3   9.3  10.0  12.2  13.6  15.4 
1926  15.5  17.6  17.0  14.8  11.5  11.6  11.0  10.3  12.3  13.2  13.6  15.4 
1927  17.0  17.6  15.6  14.0  12.0   9.9   9.5   9.7  10.9  14.1  14.7  16.4 
1928  18.2  18.7  17.9  16.0  12.6  11.0  10.9  11.1  12.2  11.0  13.6  15.3 
1929  16.6  17.8  16.0  15.3  13.0  10.7   9.1   9.9   9.7  11.2  12.8  14.5 
1930  15.6  18.8  17.0  14.6  13.2  11.2  11.2  10.6  11.8  14.1  14.6  16.3 
1931  16.1  17.3  15.9  14.0  13.5  11.1   9.9  10.2  10.8  12.3  14.0  15.7 
1932  18.0  16.7  16.8  14.5  13.2  10.4  10.0  10.7  11.2  12.2  15.0  15.5 
1933  15.9  16.7  16.5  14.3  12.3  12.0  10.7  10.0  11.5  14.3  14.7  16.7 
1934  18.4  18.8  18.6  14.7  14.5  11.3  11.1  11.1  12.5  12.9  14.3  16.3 
1935  16.9  17.5  16.1  14.8  12.7  10.7  10.4  11.1  11.1  13.1  14.5  16.8 
1936  17.8  18.2  18.0  14.0  12.9  10.5  10.0  10.2  10.2  12.3  13.7  15.7 
1937  15.8  17.3  16.9  14.0  12.7  10.5  10.1  10.9  11.9  13.2  15.6  16.5 
1938  17.1  16.9  17.0  15.7  14.1  10.6  10.0  10.5  11.3  13.5  15.4  15.9 
1939  17.1  18.1  16.6  15.2  14.2  10.9   9.4   9.7  11.3  12.5  13.2  14.4 
1940  16.7  15.6  18.5  13.9  11.8  10.3  10.0  10.6  11.4  13.6  12.4  15.7 
1941  16.7  17.4  15.6  15.2  12.4  10.8  10.1   9.5  11.1  11.4  14.0  16.1 
1942  17.1  17.2  17.0  13.4  12.5  10.9   9.6  10.4  11.5  12.1  14.1  16.2 
1943  18.6  17.2  16.3  13.1  11.0   9.4   9.5   8.5   9.7  11.9  13.5  14.7 
1944  17.5  16.7  16.0  12.7  11.4   9.8   9.4   9.2  11.6  12.8  13.4  15.2 
1945  16.2  15.6  14.4  12.9  11.6  11.0   9.5  10.3  10.5  11.8  14.4  16.0 
1946  17.4  16.7  15.4  13.0  12.0   9.4  10.0   9.3  10.1  10.6  12.9  14.5 
1947  17.2  18.2  16.8  14.7  14.0  10.9   9.6   9.2  11.0  11.8  12.5  15.2 
1948  16.7  17.9  14.3  13.8  10.9  10.0   8.7  10.5  11.1  11.4  13.1  15.6 
1949  16.0  15.3  15.2  12.8  11.2   9.6   9.8  10.0  10.7  12.3  13.2  14.4 
1950  15.9  17.0  15.9  14.3  12.0  10.4  10.5  10.5  11.7  13.0  14.7  17.1 
1951  18.9 -99.0 -99.0 -99.0 -99.0 -99.0   9.4 -99.0  11.1 -99.0 -99.0 -99.0 
1952 -99.0 -99.0 -99.0  12.7  11.4   9.8   8.9   9.1  11.5  11.6  12.9  14.9 
1953  16.5  16.8  16.7  14.1  12.3   9.4   9.0   8.9  10.1  11.3  13.1  15.2 
1954  17.1 -99.0 -99.0 -99.0 -99.0 -99.0 -99.0 -99.0 -99.0 -99.0 -99.0 -99.0 
1955  17.8  17.6  16.3  13.9  11.0   9.5   9.0   9.6  10.7  12.3  12.8  14.8 
1956  16.2  18.3  17.0  14.0  12.0   9.9   8.7   8.8  10.2  11.3  11.7  14.7 
1957  15.9  16.4  15.5  13.6  12.2  13.1  10.3  10.6  11.3  11.7  13.7  14.8 
1958  15.6  16.6  16.6  14.6  13.5   9.6   8.8   9.4   9.8  11.4  14.6  14.7 
1959  19.0  17.0  16.1  14.6  12.4 -99.0  10.3  10.4  11.1  12.1  14.4  13.9 
1960  18.8  16.8  17.5  13.7  10.8  10.1   9.9   9.4  10.8  12.9  12.6  16.3 
1961  19.0  18.4  17.0  15.1  13.0  11.7  10.2  10.5  11.9  14.0  14.9  16.9 
1962  18.3  16.8  17.4  15.1  12.1  11.5  10.5  10.1  11.2  11.6  14.5  16.0 
1963  17.7  16.8  16.5  13.8  12.5  11.0   9.8  10.3  11.5  14.5  14.0  16.4 
1964  16.6  16.6  16.1  14.8  12.7  11.3   9.8  10.1  11.4  12.1  14.3  14.0 
1965  15.6  17.4  16.3  12.9 -99.0  11.0   9.6  10.6  12.1  13.6  13.6 -99.0 
1966  18.4  16.3  18.0  13.8  12.5   9.9   8.9 -99.0 -99.0 -99.0  14.9  15.7 
1967  17.0  18.7  16.9  15.1 -99.0  12.3  10.6  10.4  11.4  13.6  13.9  14.8 
1968  17.8  20.3  18.1  15.9  11.9  10.3   9.9  10.0  11.2  12.6  13.2  15.0 
1969  18.3  18.4  17.2  14.9  12.9  10.6  10.9  11.1   9.9  12.9  14.4  14.6 
1970  17.0  17.5  16.7  15.6  12.2  11.6  10.1   9.6  10.0  13.0  13.8  16.2 
1971  18.0  18.9  18.2  15.6  13.1  10.7  10.5   9.8 -99.0  12.4  13.4  15.6 
1972 -99.0  18.6  16.3  15.1  13.7  11.4   9.9  11.1  13.6  13.1  14.0  16.5 
1973  18.3  18.3  16.4  16.0  14.0  10.6  11.4  10.6  12.4  13.6  13.8  16.1 
1974  18.1  17.4  18.1  14.6  13.7  10.9  10.3   9.9  10.4  12.1  12.5  14.3 
1975  15.2  18.0 -99.0 -99.0  13.9  11.4  12.0  10.4  12.5  13.1  15.3  17.0 
1976  17.8  18.8  16.8  14.9 -99.0 -99.0 -99.0  10.1  11.4  11.9  13.9  15.6 
1977  17.2  18.1  17.3  14.2  12.6  10.7   9.8  12.2  10.9  14.2  13.9  15.2 
1978  16.9  16.4  17.3  14.8  14.3  11.4   9.8   9.6  11.5  13.8  14.6  14.8 
1979  19.2  18.2  17.6  14.3  12.5  12.0  10.4  10.3  11.4  12.9  14.5  15.9 
1980  15.7  16.7  16.0  15.6  14.1  11.5  10.3  11.6  12.8  13.7  15.5  17.0 
1981  19.5  19.1  16.9  15.6  13.6  11.3  10.3  10.3  12.9  13.8  14.0  16.0 
1982  19.0  18.6  18.2  15.6  13.3  10.8   9.6  12.4  11.3  12.7  15.2  15.6 
1983  16.0  19.3  17.3  13.9  13.4  10.7  10.1  11.2  11.4  12.6  14.3  16.4 
1984  16.8  17.9  16.0  14.8  13.6  11.9  10.3  10.9  11.1  13.1  15.1  14.4 
1985  16.0  17.3  17.4  15.8  13.8  10.9  10.6  10.8  11.4  13.5  14.7  16.3 
1986  16.7  17.2  17.3  14.9  13.4  10.6  10.1  10.9  11.4  12.1  14.6  14.9 
1987  16.2  17.0  15.3  15.7  13.3  11.6  10.3  10.5  12.5  12.6  14.8  15.5 
1988  19.2  17.4  17.5  16.1  14.8  12.4  11.5  11.5  12.8  13.5  15.4  16.5 
1989  17.2  18.8  18.0  16.4  14.2  11.4  10.6  10.1  12.1  12.5  14.9  16.4 
1990  17.9  17.5  17.5  16.1  13.9  11.1  10.8   9.9  12.1  13.4  14.6  16.3 
1991  17.7  17.3  17.0  14.4  13.5  12.7  10.8   9.9  11.3  14.2  13.9  15.4 
1992  15.8  17.1  17.2  15.3  13.5  10.8  10.4  10.0  10.3  12.7  13.5  15.9 
1993  18.0  18.2  16.9  16.7  13.5  10.9  11.6  11.8  12.0  12.8  14.0  15.4 
1994  16.7  18.0  16.3  16.2  13.2  11.6  11.4  10.0  10.7  13.2  13.7  17.2 
1995  18.0  19.0  15.8  13.0  12.8  11.4   9.2  11.7  11.0  12.8  13.7  14.1 
1996  16.8  16.2  16.5  13.6  13.3  11.7  10.6  10.5  11.7  13.9  13.6  14.5 
1997  18.4  19.2  16.1  15.0  13.3  11.9  10.3  10.5  11.4  13.3  14.8  15.3 
1998  17.8  17.9  17.2  14.5  13.1  11.1  10.2  11.0  12.9  12.5  13.9  16.4 
1999  17.7  18.5  16.8  14.4  14.4  12.1  11.4  11.8  13.4  14.1  14.0  17.0 
2000  16.8  20.2  17.9  15.7  13.1  11.8  11.0  10.9  12.1  12.7  15.6  17.2 
2001  19.5  20.0  17.3  15.6  13.6  12.7  12.0  11.4  13.8  13.1  13.9  14.5 
2002  16.6  17.3  17.0  16.7  14.6  12.1  11.4  11.5  12.6  12.8  14.3  15.2 
2003  17.9  17.9  16.9  15.5  14.4  12.1  11.1  10.9  11.2  11.6  15.5  17.6 
2004  16.5  17.4  16.8  15.8  12.7  11.6  10.3  11.1  11.8  13.8  15.2  16.1 
2005  18.0  17.3  16.3  17.7  14.0  12.8  11.7  11.8  12.4  14.8  16.3  18.0 
2006  18.7  17.9  17.7  14.0  12.5  11.1  11.1  11.4 -99.0  13.0  13.3  15.1 
2007  17.6  19.0  17.3  16.0  15.1  11.1  10.9  11.8  11.7  12.6  14.9  16.8 
2008  18.4  16.8  17.6  15.0  13.2  12.8  10.5  10.2  12.1  13.5  14.0  14.8 
2009  17.5  17.6  16.4  14.6  13.3  11.9  11.2  12.1  12.5  12.5  16.4  16.7 
2010  17.5  19.3  18.3  16.3  13.8  11.5  11.1  10.3  10.8  12.8  14.9  15.7 
2011  17.9  17.3  16.4  15.4  12.9 -99.0 -99.0 -99.0 -99.0 -99.0 -99.0 -99.0 
