Number= 949680
Name= LAUNCESTON AIRPORT
Country= AUSTRALIA
Lat=  -41.5
Long= -147.2
Height= 170
Start year= 1939
End year= 2009
First Good year= 1939
Source ID= 30
Source file= Jones+Anders
Jones data to= 2000
Normals source= Data
Normals source start year= 1961
Normals source end year= 1990
Normals=  16.6  16.9  15.1  12.1   9.3   7.0   6.4   7.3   9.1  10.8  12.9  14.8
Standard deviations source= Data
Standard deviations source start year= 1941
Standard deviations source end year= 1990
Standard deviations=   1.4   1.3   1.1   1.1   0.8   0.8   0.7   0.7   0.7   0.7   1.0   1.1
Obs:
1939 -99.0 -99.0 -99.0  13.1  11.4   7.0   5.5   7.5   8.7  10.2  12.2  12.0 
1940  14.4  13.5  15.6  10.7   8.3   6.8   6.5   7.6   9.3  11.0  11.5  15.6 
1941  16.8  16.5  13.9  12.8   8.9   6.6   6.2   6.9   8.8  10.0  12.3  15.3 
1942  15.5  16.2  14.8  11.2   8.8   7.9   6.8   8.1   9.8  11.6  13.1  15.0 
1943  16.1  15.5  14.8  10.6   8.1   6.5   5.9   6.2   7.9  11.0  13.0  15.1 
1944  17.0  15.1  14.3   9.9   9.4   6.8   6.6   6.3   8.9  10.4  12.1  14.6 
1945  14.8  14.5  11.9  10.6   8.1   7.4   5.5   8.1   8.3  11.3  13.7  15.1 
1946  15.6  15.6  14.6  10.8   9.1   5.7   7.2   6.8   7.8   9.3  11.5  14.5 
1947  15.9  17.3  15.0  12.2  10.9   7.1   6.7   6.5   8.4  10.1  11.6  15.0 
1948  16.3  16.5  12.4  11.9   8.5   6.3   5.3   7.6   9.4   9.8  10.9  14.1 
1949  15.6  12.6  13.7   9.9   8.4   6.0   7.3   6.9   8.9  10.1  12.5  12.2 
1950  13.4  15.9  14.4  11.5   8.6   6.1   7.3   7.2  10.1  11.9  12.5  15.4 
1951  17.8  16.7  15.4   9.3   9.1   6.8   6.9   6.2   9.3  11.0  11.2  14.4 
1952  14.6  14.3  15.1  10.5   9.0   7.2   6.1   6.2   8.8  11.1  11.8  14.1 
1953  16.4  16.9  14.5  12.3   9.9   5.8   5.8   7.2   8.0  10.8  11.6  12.7 
1954  18.0  15.4  12.9  11.8   9.0   7.4   5.9   7.0   9.1  10.8  12.0  15.6 
1955  16.9  16.3  15.3  11.9   8.4   5.8   6.3   7.3   8.6  11.3  10.4  14.8 
1956  15.9  18.5  16.1  12.8  10.1   6.7   5.5   6.8   8.7  10.1  11.0  12.3 
1957  14.0  15.0  13.3  11.1   8.6   8.3   5.5   7.5   8.4   9.9  11.0  13.9 
1958  14.3  16.2  13.8  10.9   9.2   7.2   5.0   7.4   8.2   9.8  13.4  13.8 
1959  18.0  16.8  15.0  12.4   7.9   7.6   6.9   7.2   7.7  10.1  13.8  14.5 
1960  17.7  14.9  14.8  11.1   8.4   6.2   6.7   6.6   9.0  10.5  10.4  16.6 
1961  19.2  17.6  15.3  12.7   8.8   7.9   6.3   7.4   9.4  12.1  13.2  15.9 
1962  17.2  16.6  15.6  12.0   9.1   8.4   7.2   6.5   8.2   8.9  11.6  14.5 
1963  17.1  15.0  14.8  10.9   8.0   6.1   6.4   6.3   8.8  12.6  12.1  15.2 
1964  14.4  14.7  12.5  12.4   8.5   6.7   5.9   7.7   8.8  10.3  11.8  11.9 
1965  14.1  16.4  13.4   9.7   9.2   6.9   5.6   7.6   9.4  10.9  11.4  16.3 
1966  17.1  16.4  15.6  10.9   8.6   5.6   6.2   7.0   9.6  10.7  12.6  13.9 
1967  15.2  17.5  14.6  12.0   8.8   8.0   6.2   7.1   8.6  10.8  11.6  13.4 
1968  16.7  17.4  15.3  12.2   7.6   6.6   5.8   7.0   8.5   9.6  10.7  13.8 
1969  17.1  17.5  15.4  11.6   9.5   6.8   7.3   8.7   8.1  11.1  13.7  13.3 
1970  16.8  16.2  14.8  12.9   8.4   7.3   7.1   6.9   7.1  10.0  12.9  14.6 
1971  17.4  18.5  16.3  13.2   8.9   6.4   5.5   6.5   8.3   9.8  12.4  14.4 
1972  15.9  18.6  14.1  12.3   8.9   6.6   6.0   8.1  10.3  11.0  13.1  15.8 
1973  17.5  17.5  13.7  13.3  10.0   5.5   6.5   7.2   9.3  11.6  12.7  15.9 
1974  17.5  17.4  17.0  12.4  10.0   7.7   7.0   7.2   8.4  10.8  11.9  13.7 
1975  14.3  16.6  14.0  10.6   9.0   6.3   7.4   7.0   9.4  11.1  13.3  15.6 
1976  16.6  17.7  15.5  12.0   8.8   7.2   5.6   6.6   8.7   9.2  12.9  13.8 
1977  16.9  16.3  15.2  11.1   8.6   6.3   5.7   7.8   8.4  11.3  12.6  14.5 
1978  16.5  16.0  15.4  11.7  10.6   7.2   5.8   6.6   9.2  11.1  13.3  14.2 
1979  17.0  17.8  15.5  10.9   8.3   7.9   6.8   7.0   8.8  11.0  13.6  15.1 
1980  15.7  16.4  14.5  12.8  11.1   7.3   6.6   8.7  10.1  11.1  13.6  15.8 
1981  19.4  18.8  15.1  12.6   9.4   7.3   6.4   7.4  10.1  11.1  13.1  15.6 
1982  18.1  17.1  16.0  12.2   9.5   6.5   4.8   8.8   8.4  10.3  14.3  15.0 
1983  14.9  18.2  15.8  11.0  10.0   6.1   6.1   8.4   8.9  11.1  12.5  15.6 
1984  16.0  16.7  14.1  12.1   9.6   8.1   6.1   7.4   9.2  11.3 -99.0 -99.0 
1985 -99.0 -99.0 -99.0 -99.0 -99.0 -99.0 -99.0 -99.0   9.6  11.4  13.4  15.1 
1986  15.6  14.8  15.4  12.0   9.4   6.3   6.5   7.3   8.9  10.3  12.6  14.7 
1987  14.9  15.6  13.4  12.7   9.9   7.3   6.5   7.4   9.9  11.1  14.2  14.5 
1988  18.8  17.3  16.3  13.8  11.5   8.4   7.8   8.0  10.6  10.9  13.9  16.3 
1989  17.1  17.9  16.5  13.9   9.1   6.3   6.6   7.1   9.6  10.9  14.4  15.5 
1990  17.0  16.1  16.1  13.4   9.4   7.3   7.3   6.4   9.0  11.4  13.5  15.7 
1991  16.9  15.7  14.2  11.6   9.1   8.3   7.2   7.4   9.4  11.6  12.5  15.2 
1992  15.3  16.6  16.5  12.4   9.5   6.1   6.9   7.0   7.9  11.5  12.5  15.5 
1993  17.1  16.9  15.1  12.9   9.3   6.3   8.5   8.8   9.5  10.7  12.0  14.7 
1994  14.6  17.1  14.3  13.1   9.1   7.3   7.0   6.9   8.1  11.4  12.7  16.9 
1995  18.1  17.1  14.4  10.9   9.2   6.4   5.1   7.9   8.3  10.5  12.3  13.9 
1996  16.7  15.3  14.7  10.5   9.3   7.3   6.7   7.7   8.5  11.5  11.2  13.1 
1997  17.9  18.0  13.9  11.8   9.1   7.5   6.0   7.3   9.5  11.1  13.1  15.3 
1998  18.5  16.4  15.1  11.5   9.2   7.2   6.2   7.5  10.3  10.5  12.5  16.3 
1999  18.5  17.9  15.1  11.0  10.7   7.4   6.7   7.9  10.1  11.6  11.5  15.7 
2000  16.1  18.5  15.4  11.7  10.1   7.1   6.6   7.5   9.3  10.9  15.2  15.1 
2001  17.8  18.9  15.7  11.7   7.9   8.6   7.5   7.9  10.3  11.1  12.1  12.9 
2002  15.6  15.5  14.6  13.0   8.9   8.1   7.8   7.3   9.0  10.6  13.5  15.7 
2003  17.9  17.9  15.0  12.2  10.1   8.0   6.7   7.5   7.6   9.4  13.8  16.2 
2004  15.4  16.4  14.0  11.6   8.3   7.6   6.4   7.3   9.5  11.0  12.9  15.9 
2005  16.8  16.3  14.3  13.0   9.4   7.3   8.0   8.4   9.1  12.2  14.1  15.4 
2006  17.3  16.6  15.3   9.7   7.9   5.2   7.0   7.8   8.7  10.2  12.4  14.9 
2007  17.6  19.3  15.3  12.7  11.3   5.5   6.5   8.2   9.1  10.6  15.0  15.8 
2008  17.9  15.5  15.7  11.9   9.5   8.4   6.1   6.7   8.3 -99.0  12.7  13.5 
2009  17.0  16.5  15.2  11.5   9.6 -99.0 -99.0 -99.0 -99.0 -99.0 -99.0 -99.0 
