Number= 949810
Name= SWANSEA POST OFFICE
Country= AUSTRALIA
Lat=  -42.1
Long= -148.1
Height= 11
Start year= 1957
End year= 2007
First Good year= 1957
Source ID= 30
Source file= Jones+Anders
Jones data to= 2000
Normals source= Data
Normals source start year= 1961
Normals source end year= 1990
Normals=  16.7  16.8  15.5  13.4  10.8   8.8   8.0   8.9  10.7  12.3  13.9  15.3 
Standard deviations source= Data
Standard deviations source start year= 1957
Standard deviations source end year= 1990
Standard deviations=   0.9   1.0   0.9   1.0   0.9   0.9   0.8   0.9   1.2   0.9   0.9   1.0 
Obs:
1957  16.5  15.8  14.6  12.8  10.6   9.7   6.6   8.7   9.1  11.1  12.7  14.7 
1958  14.8  15.9  14.7  12.2  11.1   8.9   6.6   8.4   8.7  10.5  14.1  13.4 
1959  16.9  16.8  13.9  13.4   9.8   9.4   8.2   8.4   9.2  10.8  14.4  14.8 
1960  17.8  16.3  15.0  12.6   9.9   7.8   7.8   7.4   9.5  11.6  11.9  15.8 
1961  18.1  16.8  15.1  13.6  10.6   9.1   7.6   8.0   9.8  13.6  13.6  16.0 
1962  16.3  16.5  16.4  12.9   9.8  10.2   8.3   8.0   9.7  10.6  12.3  13.7 
1963  17.1  15.3  14.3  11.7   8.2   7.2   7.6   7.1   9.5  13.0 -99.0 -99.0 
1964  15.6  14.0  12.6  12.0   9.8   8.0   7.2   8.8  10.2  11.0  13.0  13.2 
1965  14.4  15.6  14.0  11.2  10.4   8.6   6.9   8.7  10.5  12.3  13.4  15.7 
1966  16.2  16.1  15.5  12.7  10.1   7.5   7.1   7.6  12.1  11.9  14.2 -99.0 
1967  15.6  16.8  15.0  12.8  11.1   8.9   7.9   8.0   9.8  11.9  12.9  14.1 
1968  16.4  17.0  15.9 -99.0   9.6   7.7   6.9   8.4  10.4  12.1  13.8  14.3 
1969  17.1  17.6  16.6  12.9  10.2   7.3   8.3   9.7   9.2  11.3  13.5  13.7 
1970  16.1  16.4  15.6  14.8  10.6  10.1 -99.0 -99.0   8.8  12.4  13.5  15.2 
1971  16.8  18.1  16.8  13.9  10.6   9.3 -99.0   8.5  10.2  11.9  13.2  15.4 
1972 -99.0  18.7  15.4  13.8  11.5   8.2   8.9   9.5  13.0  12.5  14.2  17.1 
1973  18.3  17.9  16.1  15.6  12.2   8.4   8.5   9.1  11.7  13.0  13.6  16.5 
1974  17.2  17.1  16.8  13.8  11.8  10.0   9.3   9.3  10.4  12.1  13.0  15.7 
1975  16.0  17.3  15.7  13.0  11.1   9.3   9.8   8.1  10.9  11.7  14.3  15.7 
1976  16.4  16.8  15.0  13.1   9.8   8.4   7.0   8.2   9.8  10.3  13.0  15.3 
1977  16.7  16.1  16.2  12.5   9.5   7.8   7.1   9.5   8.8  12.9  13.8  14.9 
1978  16.9  16.0  14.7  12.4  11.7   9.0   7.3   8.0   9.9  12.5  14.2  14.0 
1979  16.8  17.2  15.5  12.2   9.4   8.8   7.7   8.3   9.9  12.0  14.3  16.2 
1980  16.7  16.3  15.4  13.1  11.8   8.9   7.8  10.2  12.8  12.7  14.5  15.5 
1981  18.3  18.2  15.9  14.4  11.1   9.2   8.7   9.4  12.4  13.3  13.7  15.7 
1982  17.8  17.9  16.0  13.8  11.9   8.7   7.3  11.2  10.5  12.9  16.7  15.2 
1983  16.0  18.3  15.8  12.5  11.1   7.5   7.9  10.1  10.9  12.1  13.6  16.1 
1984  16.6  16.9  15.2  13.5  11.3  10.4   8.4   9.8  11.2  13.5  15.0  14.6 
1985  16.6  16.2  16.0  13.6  10.9   8.1   7.9   9.7  10.6  12.4  13.4  15.6 
1986  15.8  15.9  16.1  14.0  11.0   8.5   8.4   9.4  11.2  11.8  14.1  14.8 
1987  16.8  16.1  14.2  13.9  11.4   9.4   8.5   9.0  12.5  12.7  14.9  14.9 
1988  18.7  16.6  16.0  14.6  12.7  10.5   9.9   9.7  12.6  13.5  14.1  16.2 
1989  16.8  17.9  16.2  14.8  10.9   8.3   8.2   8.9  11.1  12.3  14.7  16.3 
1990  17.3  16.1  16.4  14.8  11.5   9.5   8.6   8.4  10.8  12.6  15.5  16.5 
1991  18.2  16.4  15.6  12.8  10.6  10.5   9.2   9.3  11.0  13.5  13.8  15.7 
1992  16.2  16.0  16.8  13.4  10.8   8.2   8.8   8.7   9.4  12.5  13.7  16.0 
1993  18.6  18.0  15.4  14.5  11.4   8.6   9.7  10.7  11.2  13.0  13.8  15.7 
1994  16.5  17.2  14.8  14.8  11.6   9.0   9.4   9.5  10.1  13.0  14.0  17.7 
1995  16.5  17.2  15.3  11.9  10.7   8.3   7.4  10.4  10.5  11.9  13.6  13.9 
1996  16.7  15.4  15.3  12.4  11.2   8.7   8.6  10.0  10.6  13.1  13.0  14.7 
1997  17.6  17.3  14.6  13.6  11.1   9.7   8.6   9.7  10.9  13.3  15.3  15.9 
1998  18.1  17.6  16.3  13.7  11.3   9.0   8.7   9.0  12.3  12.5  13.4  16.6 
1999  17.4  18.3  16.4  12.7  13.2   9.6   9.5  10.3  12.2  13.3  13.3  16.8 
2000  16.2  18.6  16.6  13.5  12.2   9.6   8.9   9.4  12.2  12.8  15.4  17.4 
2001  18.5  19.6  16.8  14.0  10.4  10.5   9.6   9.9  12.4  12.8  13.0  14.7 
2002  16.4  16.5  16.3  14.7  11.6  10.9  10.0   9.9  12.0  12.5  15.5  17.2 
2003  18.6  17.6  15.8  13.6  12.0  10.0   8.5   9.8  10.1  11.3  15.0  17.1 
2004  16.5  17.3  14.9  12.9  10.6   9.5   8.2   8.7  11.2  12.6  14.8  15.7 
2005  17.4  16.8  14.6  14.8  11.6   9.0   9.5  10.9  11.6  13.7  15.2  17.9 
2006  17.8  17.3  15.8  12.0  10.3 -99.0 -99.0 -99.0 -99.0 -99.0 -99.0 -99.0 
2007 -99.0 -99.0 -99.0 -99.0 -99.0 -99.0 -99.0 -99.0 -99.0 -99.0 -99.0 -99.0 
