Number= 126707
Name= KRYNICA
Country= HUNGARY
Lat=   49.4
Long=  -21.0
Height= -999
Start year= 1941
End year= 1960
First Good year= 1941
Source ID= 10
Source file= Jones
Jones data to= 1960
Normals= -99.0 -99.0 -99.0 -99.0 -99.0 -99.0 -99.0 -99.0 -99.0 -99.0 -99.0 -99.0 
Standard deviations source= Data
Standard deviations source start year= 1941
Standard deviations source end year= 1960
Standard deviations=   3.0   3.1   2.1   1.9   1.8   1.1   0.9   1.0   1.3   1.7   2.0   1.8 
Obs:
1941  -8.5  -1.9   0.2   3.4   8.3  13.7  15.6  14.0   8.6   4.7  -2.0  -3.5 
1942 -99.0 -99.0 -99.0 -99.0 -99.0 -99.0 -99.0 -99.0 -99.0 -99.0  -0.5  -0.8 
1943 -99.0 -99.0 -99.0 -99.0 -99.0 -99.0 -99.0 -99.0 -99.0 -99.0 -99.0 -99.0 
1944 -99.0 -99.0 -99.0 -99.0 -99.0 -99.0 -99.0 -99.0 -99.0 -99.0 -99.0 -99.0 
1945  -6.6  -2.5   0.0   5.5  12.0  14.3  16.2  16.0  11.4   6.1   2.2  -2.0 
1946  -7.6  -3.0   0.8   7.6  13.2  15.4  16.7  17.0  12.9   2.2   2.0  -5.4 
1947 -10.7  -7.8   0.8   7.1  12.1  15.3  16.8  14.0  13.5   3.6   1.9  -2.1 
1948  -0.3  -4.6   1.3   7.7  11.9  13.6  14.3  15.3  12.1   6.8  -0.1  -5.1 
1949  -2.3  -2.8  -2.6   7.1  12.2  12.1  15.0  14.4  11.9   7.9   3.9   0.1 
1950  -9.3  -1.8   1.2   7.5  12.8  14.6  16.7  15.6  11.7   5.1   2.7  -0.1 
1951  -1.6  -0.3   0.3   6.1  10.2  15.1  15.6  16.9  13.0   4.7   4.8  -1.4 
1952  -2.6  -3.9  -5.4   7.4   8.8  13.7  15.9  17.1  10.6   6.0   0.6  -2.8 
1953  -4.2  -3.3  -0.4   6.3  10.0  15.0  17.1  13.9  11.6   8.0   0.7  -2.3 
1954 -10.5  -9.2   2.1   2.5  10.8  16.0  14.8  15.6  12.7   6.1   1.3   0.4 
1955  -5.3  -4.1  -2.1   2.1   9.0  13.3  15.8  14.8  12.1   7.1   1.4  -1.4 
1956  -3.2 -12.4  -2.3   4.8   9.9  14.6  15.7  14.5  11.4   6.2  -3.2  -2.7 
1957  -4.1   0.2   0.8   5.6   7.4  16.2  16.6  14.4  10.1   6.7   2.5  -3.0 
1958  -4.4  -1.0  -3.6   2.5  14.1  12.9  16.4  15.2  11.0   8.0   2.8  -0.5 
1959  -4.3  -4.2   2.8   5.9  10.6  13.3  17.7  15.1   8.8   5.5   1.5   0.7 
1960  -5.0  -5.1   1.1   4.4   9.7  14.0  14.4  14.7  10.2   8.8   4.3   1.2 
