Number= 432830
Name= MANGALORE
Country= INDIA
Lat=   12.9
Long=  -74.9
Height= -999
Start year= 1941
End year= 2007
First Good year= 1941
Source ID= 10
Source file= Jones+Anders
Jones data to= 1981
Normals source= Data
Normals source start year= 1961
Normals source end year= 1981
Normals=  26.6  27.1  28.2  29.2  28.9  26.9  25.8  25.7  26.1  26.9  27.4  27.2 
Standard deviations source= Data
Standard deviations source start year= 1941
Standard deviations source end year= 1981
Standard deviations=   0.6   0.5   0.5   0.6   0.7   0.8   0.6   0.6   0.6   0.6   0.7   0.5 
Obs:
1941  26.6  27.3  28.6  30.2  29.8  27.3  27.3  26.8  26.4  27.6  28.2  26.5 
1942  25.6  27.4  29.1  29.8  29.7  26.7  26.1  25.8  26.3  27.3  26.9  27.4 
1943  26.6  26.9  28.3  29.2  28.3  25.8  25.6  26.1  25.4  26.4  26.9  27.1 
1944  26.7  26.6  27.8  28.9  28.9  26.6  26.1  26.5  26.9  27.2  27.6  27.1 
1945  25.9  26.9  28.6  29.4  29.5  26.8  26.1  26.1  26.2  26.9  27.4  26.3 
1946  25.6  27.2  28.2  29.3  29.3  26.2  26.1  25.2  25.9  27.4  27.2  27.3 
1947  27.3  27.2  28.4  28.5  29.8  26.8  25.7  25.9  25.9  26.3  26.7  26.9 
1948  26.9  26.7  28.8  29.3  29.4  26.9  26.0  25.8  25.8  27.2  27.6  26.7 
1949  26.4  26.6  28.7  29.9  28.3  26.1  25.9  26.3  26.1  26.9  27.2  26.1 
1950  26.1  26.1  27.5  29.1  29.4  26.8  25.3  26.2  25.4  26.4  26.2  26.1 
1951  26.7  26.8  28.2  28.6  29.5  26.6  25.9  26.6  26.8  27.6  28.2  26.2 
1952  26.9  27.6  27.7  29.2  29.5  26.4  26.4  26.1  26.2  26.4  25.9  27.2 
1953  26.4  26.9  29.1  29.3  29.7  28.2  25.4  26.7  26.5  27.3  27.5  27.0 
1954  27.2  27.2  28.3  29.0  29.1  26.6  25.4  25.8  26.0  26.4  26.8  26.8 
1955  27.1  27.7  28.3  29.1  28.4  26.3  26.1  25.7  26.6  26.7  26.5  26.5 
1956  25.9  26.7  28.7  29.7  27.4  26.2  25.3  25.8  25.8  26.3  27.3  26.9 
1957  26.4  27.1  27.4  29.5  29.3  26.9  26.6  26.1  26.3  27.5  27.6  27.9 
1958  26.9  26.9  28.2  29.5  28.9  27.2  26.7  26.0  26.4  26.4  27.3  27.5 
1959  27.1  27.0  28.7  29.8  28.7  26.5  25.9  26.1  26.0  26.7  27.7  27.1 
1960  27.1  27.4  27.9  29.0  28.0  27.0  26.2  26.5  25.5  26.7  27.1  26.8 
1961  27.3  26.4  28.0  29.5  28.1  26.2  24.9  26.1  25.8  26.3  27.7  27.3 
1962  26.3  27.5  28.0  29.7  28.9  28.7  26.9  26.1  26.7  27.5  28.9  27.9 
1963  28.2  27.7  28.6  29.1  29.5  26.9  26.7  25.9  27.1  27.3  28.9  27.5 
1964  26.2  27.5  28.6  30.6  30.4  27.2  26.2  26.1  26.2  26.9  26.7  26.8 
1965  26.9  27.3  28.1  29.6  29.1  25.1  24.6  24.2  24.5  26.3  27.5  27.1 
1966  26.5  27.5  28.3  29.0  28.9  26.9  26.0  26.3  26.5  26.9  26.7  26.3 
1967  26.5  26.7  27.7  29.5  29.5  27.0  25.5  26.1  26.1  27.1  27.7  27.6 
1968  26.3  26.8  28.0  28.1  28.5  25.9  24.3  25.7  25.3  26.9  27.6 -99.0 
1969  26.9  27.1  28.7  29.7  29.9  27.1 -99.0  25.6  24.9  26.1  26.3  26.9 
1970  26.4  26.7  26.9  28.1  27.8  25.3  24.9  24.3  24.4  25.2  25.5 -99.0 
1971  26.3  26.7  27.7  29.1  28.4  25.5  25.7  25.7  26.5  26.2  26.8  26.7 
1972  25.9  25.7  27.6  29.1  28.1  27.6  26.4  26.1  26.7  27.5  27.7  27.3 
1973  26.3 -99.0  28.3  30.1  29.5  26.7  26.1  23.7  26.3  27.1  27.5  27.0 
1974  26.2  27.2  28.5  29.3  28.2  26.6  25.3  25.8 -99.0 -99.0 -99.0  26.7 
1975  26.1  27.3 -99.0 -99.0  28.3  27.9 -99.0 -99.0 -99.0 -99.0 -99.0 -99.0 
1976 -99.0  27.4  28.6  28.9  28.9  27.0  25.6  25.9  26.5  28.2  27.7  27.5 
1977  26.5  27.9  29.3  29.9  29.3  27.0  26.1  26.5  27.1  27.6  27.9  27.3 
1978  27.1  27.5  28.3  28.5  28.3  26.3  25.7  26.1  26.2  27.3  27.9  27.9 
1979  28.0  28.1  28.4  28.5  29.1  28.6  26.3  26.6  26.9  27.7  27.7  28.1 
1980 -99.0  27.5  28.9  29.7  29.6  27.3  26.8  26.7  25.7  26.7  26.9  26.3 
1981  26.1  26.4  27.5  28.3  29.0  27.5  26.1  25.2 -99.0 -99.0 -99.0 -99.0 
1982 -99.0 -99.0 -99.0 -99.0 -99.0 -99.0 -99.0 -99.0 -99.0 -99.0 -99.0 -99.0 
1983 -99.0 -99.0 -99.0 -99.0 -99.0 -99.0 -99.0 -99.0 -99.0 -99.0 -99.0 -99.0 
1984 -99.0 -99.0 -99.0 -99.0 -99.0 -99.0 -99.0 -99.0 -99.0 -99.0 -99.0 -99.0 
1985 -99.0 -99.0 -99.0 -99.0 -99.0 -99.0 -99.0 -99.0 -99.0 -99.0 -99.0 -99.0 
1986 -99.0 -99.0 -99.0 -99.0 -99.0 -99.0 -99.0 -99.0 -99.0 -99.0 -99.0 -99.0 
1987 -99.0 -99.0 -99.0 -99.0 -99.0 -99.0 -99.0 -99.0 -99.0 -99.0 -99.0 -99.0 
1988 -99.0 -99.0 -99.0 -99.0 -99.0 -99.0 -99.0 -99.0 -99.0 -99.0 -99.0 -99.0 
1989 -99.0 -99.0 -99.0 -99.0 -99.0 -99.0 -99.0 -99.0 -99.0 -99.0 -99.0 -99.0 
1990 -99.0 -99.0 -99.0 -99.0 -99.0 -99.0 -99.0 -99.0 -99.0 -99.0 -99.0 -99.0 
1991 -99.0 -99.0 -99.0 -99.0 -99.0 -99.0 -99.0 -99.0 -99.0 -99.0 -99.0 -99.0 
1992 -99.0 -99.0 -99.0 -99.0 -99.0 -99.0 -99.0 -99.0 -99.0 -99.0 -99.0 -99.0 
1993 -99.0 -99.0 -99.0 -99.0 -99.0 -99.0 -99.0 -99.0 -99.0 -99.0 -99.0 -99.0 
1994 -99.0 -99.0 -99.0 -99.0 -99.0 -99.0 -99.0 -99.0 -99.0 -99.0 -99.0 -99.0 
1995 -99.0 -99.0 -99.0 -99.0 -99.0 -99.0 -99.0 -99.0 -99.0 -99.0 -99.0 -99.0 
1996 -99.0 -99.0 -99.0 -99.0 -99.0 -99.0 -99.0 -99.0 -99.0 -99.0 -99.0 -99.0 
1997 -99.0 -99.0 -99.0 -99.0 -99.0 -99.0 -99.0 -99.0 -99.0 -99.0 -99.0 -99.0 
1998 -99.0 -99.0 -99.0 -99.0 -99.0 -99.0 -99.0 -99.0 -99.0 -99.0 -99.0 -99.0 
1999 -99.0 -99.0 -99.0 -99.0 -99.0 -99.0 -99.0 -99.0 -99.0 -99.0 -99.0 -99.0 
2000 -99.0 -99.0 -99.0 -99.0 -99.0 -99.0 -99.0 -99.0 -99.0 -99.0 -99.0 -99.0 
2001 -99.0 -99.0 -99.0 -99.0 -99.0 -99.0 -99.0 -99.0 -99.0 -99.0 -99.0 -99.0 
2002 -99.0 -99.0 -99.0 -99.0 -99.0 -99.0 -99.0 -99.0 -99.0 -99.0 -99.0 -99.0 
2003 -99.0 -99.0 -99.0 -99.0 -99.0 -99.0 -99.0 -99.0 -99.0 -99.0 -99.0 -99.0 
2004 -99.0 -99.0 -99.0 -99.0 -99.0 -99.0 -99.0 -99.0 -99.0 -99.0 -99.0 -99.0 
2005 -99.0 -99.0 -99.0 -99.0 -99.0 -99.0 -99.0 -99.0 -99.0 -99.0 -99.0 -99.0 
2006 -99.0 -99.0 -99.0 -99.0 -99.0 -99.0 -99.0 -99.0 -99.0 -99.0 -99.0 -99.0 
2007 -99.0 -99.0 -99.0 -99.0 -99.0 -99.0 -99.0 -99.0 -99.0 -99.0 -99.0 -99.0 
