Number= 434180
Name= TRINCOMALEE
Country= SRI LANKA
Lat=    8.6
Long=  -81.3
Height= 3
Start year= 1920
End year= 2007
First Good year= 1920
Source ID= 10
Source file= Jones+Anders
Jones data to= 2001
Normals source= Data
Normals source start year= 1961
Normals source end year= 1990
Normals=  26.1  27.0  28.0  29.5  30.4  30.5  29.9  29.9  29.4  28.1  26.7  26.1 
Standard deviations source= Data
Standard deviations source start year= 1941
Standard deviations source end year= 1990
Standard deviations=   0.5   0.7   0.7   0.7   0.7   0.6   0.7   0.6   0.6   0.5   0.4   0.5 
Obs:
1920 -99.0  28.8  30.1  29.9  31.1  30.4  30.7  30.2  30.6  29.6  27.1  26.7 
1921  25.3  25.4  27.7  28.2  30.2  29.7  28.4  29.1  28.8  27.2  25.4  25.3 
1922  25.4  25.6  27.2  28.1  29.2  29.7  29.5  29.6  29.8  27.1  25.9  24.9 
1923  24.4  25.3  26.7  28.8  29.7  29.4  29.3  29.4  29.2  27.4  26.2  25.1 
1924  24.9  26.2  26.6  28.5  29.7  29.1  29.2  29.3  28.1  27.7  26.2  25.4 
1925  24.8  25.9  26.8  28.8  29.3  29.7  29.6  29.2  29.1  27.9  25.9  25.6 
1926  25.7  26.6  27.9  29.4  29.3  29.8  29.3  29.8  28.7  27.7  26.0  25.8 
1927  25.6  26.2  26.8  28.3  28.6  29.1  29.4  29.2  28.4  27.8  25.9  25.9 
1928  25.8  26.4  27.1  28.8  30.1  30.2  28.4  28.6  29.9  27.8  26.1  25.7 
1929  25.4  26.1  27.1  27.6  29.2  29.1  29.4  28.6  28.4  27.6  26.1  25.1 
1930  25.2  26.6  27.1  28.2  28.6  28.9  29.4  29.0  28.7  26.7  26.6  25.9 
1931  25.3  26.7  27.6  28.7  29.3  30.0  29.1  29.6  29.1  28.9  26.1  25.4 
1932  25.4  25.9  27.0  28.6  28.8  29.4  29.6  28.4  28.7  26.9  26.0  25.2 
1933  25.6  26.2  27.2  28.1  27.9  28.9  28.7  28.0  27.9  26.9  26.1  25.3 
1934  24.9  25.4  26.6  28.6  29.8  29.3  29.6  29.9  29.7  27.6  25.9  25.2 
1935  25.6  26.1  27.2  28.7  30.2  29.9  30.0  29.1  28.9  27.6  26.1  25.2 
1936  25.6  26.7  27.3  29.4  29.7  29.6  29.8  29.3  28.6  27.4  26.3  25.6 
1937  25.6  26.5  26.9  28.7  30.2  30.4  30.4  29.3  29.2  28.0  26.2  25.3 
1938 -99.0 -99.0  27.1  28.2  30.1  29.7  29.4  28.9  29.1  28.4  25.8  25.6 
1939  25.0  25.5  26.9  28.1  29.9  29.8  29.9  29.2  29.7  27.7  26.2  25.6 
1940  25.3  25.8  27.8  28.4  29.2  29.9  29.9  30.1  29.6  27.6  26.4  25.9 
1941  25.8  26.9  27.6  29.2  29.8  30.2  30.3  30.5  28.9  27.9  26.4  25.9 
1942  25.8  27.0  27.7  28.4  30.1  30.1  29.9  29.6  29.3  27.6  26.6  25.7 
1943  25.6  25.9  27.2  28.4  28.3  29.2  29.2  29.6  29.9  27.2  26.0  25.7 
1944  25.7  26.2  27.0  28.3  29.6  29.6  29.6  29.4  28.6  27.4  26.1  25.5 
1945  25.2  25.8  26.9  28.3  30.8  30.3  29.8  29.7  30.3  27.8  25.7  24.9 
1946  24.9  26.2  26.8  28.8  30.6  30.3  29.9  29.7  28.9  27.4  26.3  25.7 
1947  25.9  25.9  26.9  29.1  30.0  30.0  29.4  28.7  28.9  27.2  26.2  25.0 
1948  25.8  26.6  27.4  28.9  30.2  30.6  30.2  29.8  30.3  27.7  27.1  25.4 
1949  25.4  25.7  27.6  28.5  29.4  29.9  29.3  28.8  29.6  28.2  26.1  25.3 
1950  25.3  26.5  27.6  28.6  30.0  29.8  30.1  29.3  29.6  27.4  26.1  25.7 
1951  25.3  25.2  27.2  28.4  29.9  29.8  29.2  29.6  29.0  28.4  26.5  25.9 
1952  25.5  26.4  27.4  28.2  29.9  30.4  29.4  30.4  29.9  28.4  26.3  26.1 
1953  25.4  26.2  27.8  28.4  31.4  30.6  28.8  28.7  29.1  27.5  26.2  25.8 
1954  25.7  26.3  27.2  29.0  30.2  30.1  29.2  28.8  29.5  27.3  25.9  25.6 
1955  26.1  26.4  28.2  28.6  29.2  29.3  29.5  28.5  28.5  28.7  26.6  25.6 
1956  25.5  25.9  28.0  30.2  31.4  29.6  29.4  29.4  29.5  27.7  26.9  26.1 
1957  26.0  26.5  27.5  29.3  29.2  30.5  27.3  30.1  30.4  28.2  26.8  26.0 
1958  26.6  26.9  28.2  29.4  30.1  30.7  30.7  28.8  29.6  27.9  26.9  26.6 
1959  26.7  27.5  28.1  29.2  30.2  29.5  30.3  30.1  29.9  28.7  26.6  26.4 
1960  25.9  25.9  27.7  28.5  29.4  30.2  28.6  29.4  29.1  28.4  26.2  26.7 
1961 -99.0 -99.0  28.1 -99.0  29.9 -99.0 -99.0 -99.0 -99.0  28.3 -99.0 -99.0 
1962  25.3 -99.0  27.5 -99.0 -99.0 -99.0  30.3  29.8 -99.0  27.8  26.7  25.9 
1963  25.7  26.4  27.5 -99.0  30.2  30.1  29.5  29.8  29.5  27.6  26.6  26.3 
1964  26.3  27.8  28.0  29.4  31.4  30.9  29.7  29.3  29.2  28.5  26.3  26.1 
1965  26.3  26.5  27.4  28.3  29.4  30.8  30.8  28.7  29.9  27.8  27.2  26.4 
1966  26.6  27.5  27.9  29.3  30.9  30.9  30.9  30.1  29.9  27.3  27.1  26.1 
1967  25.5  26.3  28.6  29.2  30.7  30.6  30.2  30.2  29.9  28.0  26.6  26.2 
1968  26.2  27.3  27.6  28.5  30.6  30.7  30.4  30.8  29.7  28.7  26.5 -99.0 
1969  25.6  26.4  28.6  29.6  30.7  31.3  30.6  29.8  30.5  27.6  26.8  26.2 
1970  26.2  27.1  28.3  29.2  30.3  30.3  30.3  29.7  29.4  28.1  26.4  25.2 
1971  25.4  26.6  27.8  29.1  30.3  29.9  29.4  28.6  28.7  28.0  26.2  24.8 
1972  25.5  25.8  27.3  29.2  28.9  30.3  30.1  30.2  29.9  27.4  26.8  26.7 
1973  26.7  27.9  28.4  30.1  31.1 -99.0  30.1 -99.0  29.5  28.3  26.6 -99.0 
1974 -99.0  26.2  27.7  29.1  29.4  30.4  30.2  29.9  28.7  28.4  26.5  25.9 
1975  25.3  26.7  27.5 -99.0 -99.0  30.1  29.4  29.6  28.9  28.7  26.8  25.1 
1976  25.4  28.9  26.7 -99.0  30.9  31.2  30.7  29.8 -99.0  28.3  27.3  26.2 
1977  25.9  26.7  27.9  29.3  29.2 -99.0 -99.0  30.0 -99.0  27.5  26.9  26.2 
1978 -99.0  27.2  27.9  29.7  30.2  30.7  30.0  30.0  29.8  28.3  26.9  27.1 
1979  26.7  27.7  28.1  30.1 -99.0  31.5  30.3  30.6  28.7  27.8  26.8  26.7 
1980  26.8 -99.0 -99.0 -99.0 -99.0 -99.0 -99.0 -99.0 -99.0 -99.0 -99.0 -99.0 
1981  26.1  26.8  28.9  29.6  30.3  30.3  29.5  30.1  28.7  28.8  27.2  26.3 
1982  26.7  27.3  28.3  29.9  30.5  30.5  30.9  31.0  30.7  28.1  26.9  26.1 
1983  26.7  27.6  28.9  30.3  31.7  31.4  30.8  30.6  30.3  29.1  26.5  25.9 
1984  25.7  26.0  27.5  28.7  30.1  30.0  28.2  29.4  28.1  27.9  26.1  25.9 
1985  26.6  26.8  28.2  30.1  30.5  29.7  29.4  29.3  29.1  28.7  26.5  26.0 
1986  25.7  26.8  26.1  29.1  30.5  30.8  30.2  29.8  29.8  27.9  26.8  26.7 
1987  26.9  26.5  30.0  30.1  30.4  31.1  29.1  31.2  29.4 -99.0 -99.0  26.4 
1988  26.9 -99.0 -99.0  29.7  29.3  29.4  29.2  29.8  29.4 -99.0  26.4  26.4 
1989  26.7  26.9  27.7  31.1  31.7  30.1  28.5  29.7  29.0  28.5  27.1  26.7 
1990  26.4  28.1  28.7  30.3  30.1  29.6  29.5  29.5  29.5  27.9  27.3  26.1 
1991  26.5  27.1  27.7  29.5  31.3  30.4  30.7  30.3  29.9  27.8  26.3  26.3 
1992  26.7  26.9  27.3  29.5  30.4  30.5  30.3  30.5  29.2  27.9  26.5  25.5 
1993  25.9  27.3  27.9  29.0  30.2  30.3  29.8  28.9  30.1  28.1  26.3  25.5 
1994  26.3  26.6  28.1  29.3  30.9  30.7  30.3  31.1  29.9  27.4  26.4  26.3 
1995  26.5  27.1  28.5  29.0  30.5  31.0  30.7  30.3  30.0  28.5  27.4  26.7 
1996  26.7  26.9  28.3  29.9  32.0  29.6  30.4  29.8  29.3  28.2  26.9  26.1 
1997  26.3  27.1  27.6 -99.0 -99.0 -99.0  30.7  30.6  29.1  27.5  26.9  27.1 
1998  27.4  28.4  29.0  30.5  30.5  31.7  30.5  30.2  30.1  29.4  28.1  26.5 
1999  26.2  27.1  28.6  29.1  30.4  30.3  30.6  30.8  30.7  27.5  26.9  26.1 
2000  26.3  26.8  28.3  30.3  31.4  30.5  30.9  29.7  30.2  28.8  27.2  26.5 
2001  26.3  26.7  29.0  28.7  31.7  29.9  30.6  30.4  30.2  28.8  27.5  26.6 
2002  26.8  27.5  28.8  29.5  31.0  31.2  31.7  31.1  31.4  28.4  26.8  26.2 
2003  26.4  27.3  28.4  29.5  30.6  31.4  30.4  30.7  30.8  29.2  26.2  27.0 
2004  27.1  27.4  28.8  30.2  29.7  30.9  30.2  30.6  28.9  27.6  26.7  26.2 
2005  26.5  27.8  28.7  28.8  30.8  31.2  30.7  30.8  30.7  28.7  26.1  26.1 
2006  25.8  27.3  28.4  29.7  30.5  31.3  30.9 -99.0 -99.0 -99.0  26.1 -99.0 
2007 -99.0 -99.0 -99.0 -99.0 -99.0 -99.0 -99.0 -99.0 -99.0 -99.0 -99.0 -99.0 
