Number= 434660
Name= COLOMBO
Country= SRI LANKA
Lat=    6.9
Long=  -79.9
Height= 7
Start year= 1853
End year= 2011
First Good year= 1853
Source ID= 10
Source file= Jones+Anders
Jones data to= 2001
Normals source= Data
Normals source start year= 1961
Normals source end year= 1990
Normals=  26.7  26.9  27.7  28.2  28.3  27.9  27.6  27.6  27.5  27.0  26.8  26.6 
Standard deviations source= Data
Standard deviations source start year= 1941
Standard deviations source end year= 1990
Standard deviations=   0.6   0.6   0.5   0.5   0.5   0.5   0.5   0.4   0.4   0.4   0.4   0.5 
Obs:
1853  25.8  25.8  26.8  27.1  27.1  27.2  26.2  26.4  26.5  26.2  25.2  25.2 
1854  25.1  25.5  26.1  27.5  26.4  26.7  26.0  26.2  26.3  25.9  25.2  25.5 
1855  24.8  25.1  26.3  27.0  27.4  26.8  26.8  26.0  26.0  25.5  25.0  25.0 
1856  24.6  25.4  26.1  26.7  26.4  26.7  26.3  25.5  26.5 -99.0 -99.0 -99.0 
1857 -99.0 -99.0 -99.0  27.2  26.5  26.8  26.6  26.3  26.1  26.0  25.3  25.0 
1858  24.9  25.9  26.5  27.3  26.5  26.8  26.3  26.6  26.4  26.0  25.5  25.7 
1859  25.3  25.7  26.2  26.7  27.4  26.8  26.1  25.8  25.9  25.9  24.8  25.1 
1860  24.4  24.9  25.9  27.1  27.6  27.1  26.6  26.2  26.2  25.7  25.7  24.6 
1861  25.1  24.7  25.7  26.1  27.2  26.2  25.8  25.5  25.9  26.0  25.0  24.7 
1862  24.8  24.2  25.3 -99.0 -99.0 -99.0 -99.0 -99.0 -99.0 -99.0 -99.0 -99.0 
1863 -99.0 -99.0 -99.0 -99.0 -99.0 -99.0 -99.0 -99.0 -99.0 -99.0 -99.0 -99.0 
1864 -99.0 -99.0 -99.0 -99.0 -99.0 -99.0 -99.0 -99.0 -99.0 -99.0 -99.0 -99.0 
1865  27.0  28.1  26.9  26.9  26.0  29.0  27.5  27.8  27.7  26.6  26.3  26.6 
1866  25.8  25.9  27.3  28.4  28.7  27.7  26.5  25.8  26.2  26.6 -99.0  28.2 
1867  27.1 -99.0 -99.0 -99.0 -99.0 -99.0 -99.0 -99.0 -99.0 -99.0  26.0  28.2 
1868  28.4  28.3  28.5  29.7  29.6  28.4 -99.0  27.6  27.3  28.0  28.2  28.5 
1869  28.1  28.0  28.8  28.3  28.2  28.9  29.0  28.6  28.9  29.0  28.8 -99.0 
1870  25.1  25.5  26.4  27.6  27.7  27.1  26.4  25.5  25.9  25.6  25.4  26.0 
1871  24.9  25.3  25.8  26.8  27.2  26.6  25.6  26.3  26.0  26.8  25.9  26.0 
1872  25.9  26.0  26.5  27.1  28.4  27.3  27.1  26.3  25.4  26.6  26.6  26.1 
1873  25.6  25.3  26.5  27.5  27.2  26.9  26.4  26.6  26.4  26.3  25.7  25.9 
1874  25.5  25.7  26.6  27.8  27.1  26.9  26.3  26.5  26.4  26.1  25.6  25.6 
1875  25.4  26.2  26.7  27.6  27.8  26.9  26.8  26.1  27.0  26.4  25.8  25.9 
1876  25.7  25.4  27.0  28.1  27.6  27.2  26.8  26.5  27.1  26.4  25.5  25.2 
1877  25.8  26.1  26.7  27.6  26.4  26.7  27.2  26.8  26.3  26.4  25.8  26.4 
1878  26.3  26.9  27.7  28.6  27.6  27.0  27.1  26.4  27.4  26.6  26.3  26.0 
1879  25.8  25.9  26.7  28.2  27.1  26.9  26.4  26.5  26.5  26.3  25.8  25.7 
1880 -99.0 -99.0 -99.0  27.6  27.4  27.7  26.6  26.5  26.9  27.4  25.7  26.0 
1881  25.5  26.1  26.9  27.7  28.4  27.6  26.8  26.3  26.7  26.9  25.8  25.8 
1882  25.6  26.0  27.2  27.6  27.3  26.8  26.0  26.2  27.1  26.3  26.0  25.4 
1883  25.7  25.8  26.7  27.6  27.5  26.7  26.7  25.4  27.0  26.4  25.0  25.0 
1884  25.2  25.8  26.0  26.7  27.0  27.0  27.0  26.3  25.5  25.8  25.3  25.5 
1885  25.9  26.0  27.3  27.5  27.1  26.0  26.4  27.0  27.3  25.9  25.7  26.2 
1886  25.8  26.3  27.4  27.3  27.5  27.3  26.5  25.8  26.2  26.6  25.9  25.5 
1887  25.7  25.7  26.1  26.7  27.1  25.8  26.2  26.0  26.2  25.7  25.7  25.3 
1888  25.3  25.8  26.9  27.2  27.2  26.7  27.1  26.5  26.6  26.4  25.9  25.5 
1889  25.9  26.0  27.3  27.7  27.4  26.9  26.4  26.6  26.3  26.6  25.8  25.5 
1890  25.3  25.7  26.7  26.8  27.5  27.1  26.3  26.4  26.5  26.1  25.3  26.0 
1891  25.6  25.6  26.2  26.8  27.2  26.3  26.5  26.9  26.9  25.7  25.5  25.9 
1892  25.1  26.2  26.9  27.1  28.0  27.1  26.8  26.1  26.8  26.2  25.7  25.8 
1893  25.6  25.3  26.0  26.8  26.6  26.8  26.4  26.3  26.1  26.0  25.2  25.7 
1894  25.3  25.9  26.7  26.8  27.8  26.7  26.5  26.2  26.6  26.4  25.7  26.0 
1895  25.6  26.2  27.0  27.8  28.2  27.7  27.0  27.4  27.2  26.1  26.3  25.8 
1896  26.0  26.4  27.4  28.2  28.2  27.0  27.4  26.6  27.1  26.5  26.4  26.5 
1897  26.7  26.8  27.5  27.6  28.6  27.3  27.3  27.0  27.2  27.5  26.8  25.9 
1898  25.9  26.5  27.0  27.7  27.7  27.6  27.4  27.0  26.8  26.5  25.7  26.5 
1899  25.9  26.0  27.1  27.7  27.6  26.4  27.5  27.9  27.5  27.2  26.5  26.2 
1900  26.5  27.5  28.4  27.9  28.3  27.8  26.8  27.1  26.9  27.4  26.5  25.7 
1901  26.1  26.8  27.1  27.7  28.1  27.0  26.9  27.6  27.7  27.5  25.8  26.6 
1902  25.4  26.3  27.3  28.0  27.9  28.1  26.8  27.4  26.9  26.3  26.2  26.3 
1903  26.8  26.9  26.0  28.0  27.4  27.7  27.5  27.0  27.1  26.8  26.6  26.1 
1904  24.6  25.7  26.4  27.9  27.3  26.4  26.0  26.6  26.7  26.3  26.4  25.7 
1905  25.6  25.9  27.4  27.3  27.3  27.2  27.5  27.6  26.6  26.3  26.4  26.5 
1906  26.1  26.8  27.2  28.5  27.7  27.5  27.0  26.5  27.5  26.2  25.5  25.8 
1907  25.9  25.9  26.8  27.4  27.7  27.1  26.7  26.2  27.2  26.3  25.4  25.7 
1908  25.9  25.8  26.9  28.1  27.5  27.1  26.8  26.7  26.8  26.4  25.8  25.8 
1909  25.6  26.1  26.8  28.0  27.7  27.2  26.2  26.0  26.7  26.5  26.0  25.6 
1910  26.3  26.4  26.9  27.8  28.4  27.7  27.2  27.3  27.2  26.6  26.1  25.9 
1911  26.0  26.9  28.1  29.3  28.4  27.9  27.7  27.9  27.8  26.9  27.1  26.8 
1912  25.9  27.3  28.3  28.2  28.0  27.3  27.7  27.7  27.4  26.7  26.2  25.9 
1913  25.3  26.6  27.2  27.5  27.8  27.6  26.9  27.2  27.1  26.8  26.4  26.0 
1914  26.8  26.6  27.6  28.2  28.3  27.6  27.5  27.2  27.6  26.7  26.9  26.4 
1915  26.4  27.3  27.9  28.4  29.0  28.2  26.7  27.3  26.8  26.9  26.1  25.9 
1916  25.7  26.0  27.2  28.1  27.2  27.1  26.8  27.0  26.9  26.9  25.9  25.7 
1917  25.7  26.0  26.6  27.9  27.8  27.2  27.7  27.3  26.6  26.6  26.2  25.3 
1918  25.3  25.2  27.1  27.8  27.4  27.7  27.9  27.4  27.7  26.8  26.9  26.3 
1919  26.9  27.6  27.6  28.3  27.9  27.7  27.2  26.8  26.6  27.1  26.4  26.3 
1920  26.1  26.5  27.4  27.3  28.3  27.1  27.1  27.1  27.1  26.9  26.3  25.9 
1921  26.2  25.4  26.8  27.2  28.4  28.0  27.4  26.9  27.6  26.6  26.6  26.6 
1922  26.3  26.2  27.2  27.8  27.6  27.4  26.5  26.9  26.8  26.2  25.8  25.2 
1923  26.0  25.7  26.9  27.8  27.7  27.0  26.4  26.5  26.5  26.2  26.2  25.8 
1924  26.4  26.8  27.1  27.7  27.6  26.9  26.8  27.0  26.6  26.4  26.2  26.1 
1925  24.9  25.8  26.5  27.4  27.8  27.3  27.0  26.7  26.8  26.6  26.1  26.4 
1926  26.0  26.6  27.6  28.2  27.7  27.4  26.9  27.2  27.1  26.8  26.2  26.2 
1927  26.0  26.4  26.8  27.4  27.5  27.1  26.9  27.3  26.8  26.6  26.3  26.5 
1928  26.3  25.9  27.2  27.6  28.2  27.7  27.4  27.4  28.1  26.6  26.6  26.3 
1929  25.4  26.1  26.8  27.2  27.9  27.3  27.2  27.2  27.2  26.7  26.2  25.7 
1930  26.1  26.7  27.4  27.9  27.6  26.8  27.4  27.0  26.9  26.2  26.7  26.4 
1931  26.6  27.2  27.9  27.9  27.9  27.6  27.1  26.8  27.0  27.2  26.3  26.1 
1932  26.9  25.4  27.2  27.7  27.3  27.7  27.2  26.8  27.1  26.6  26.1  25.9 
1933  26.3  26.2  26.9  27.8  27.1  27.0  26.7  26.2  26.6  26.2  25.7  25.7 
1934  25.6  25.8  26.0  27.1  27.9  26.9  27.2  27.2  27.3  26.2  25.7  26.2 
1935  26.3  26.3  27.1  27.8  28.1  27.0  26.7  26.7  26.8  26.4  26.2  26.2 
1936  25.7  26.6  27.1  28.4  27.1  27.0  27.3  27.2  27.0  26.8  26.3  26.0 
1937  26.2  26.7  27.1  27.4  27.8  27.8  27.1  27.7  27.3  26.7  26.3  25.4 
1938  26.8  26.7  27.1  27.2  28.5  28.0  27.0  27.0  27.1  26.6  26.5  26.3 
1939  25.6  25.8  27.3  27.6  28.0  27.4  26.8  27.0  27.4  26.7  26.2  26.1 
1940  25.9  27.0  27.7  28.0  28.1  27.8  27.3  27.3  27.6  26.6  26.4  26.6 
1941  26.6  27.4  27.7  28.5  28.3  27.4  27.6  27.4  27.2  27.2  26.6  26.0 
1942  26.4  27.2  27.3  27.6  27.9  27.3  27.2  27.1  27.4  26.8  26.2  26.1 
1943  26.2  26.3  27.1  27.7  27.4  26.8  26.6  26.8  27.1  26.3  25.9  26.3 
1944  26.1  26.4  26.7  27.7  27.7  27.4  27.3  27.5  27.3  26.8  26.1  26.2 
1945  26.0  26.8  27.3  28.1  28.4  27.8  27.3  27.5  27.7  26.4  26.4  25.7 
1946  25.9  27.3  27.3  27.8  28.7  27.9  27.8  27.6  27.0  26.6  26.3  26.2 
1947  26.2  26.4  27.5  28.1  28.1  27.7  27.6  27.0  26.8  26.3  26.3  25.8 
1948  26.7  26.7  27.4  27.6  28.2  27.6  27.3  27.1  27.4  26.9  26.7  26.2 
1949  26.4  26.1  27.4  27.2  27.7  27.2  26.9  27.4  27.7  27.1  26.7  25.9 
1950  26.0  26.7  27.4  27.8  28.8  27.4  26.8  27.3  27.1  26.0  26.3  26.0 
1951  26.1  25.6  27.0  27.6  27.8  27.1  27.5  27.8  27.4  27.1  26.4  26.2 
1952  26.1  26.7  27.4  27.5  28.2  27.3  27.2  27.6  27.8  26.8  26.2  26.4 
1953  26.1  26.4  27.3  27.1  28.9  28.2  26.4  27.7  27.3  26.6  26.0  26.5 
1954  26.2  26.4  26.7  27.7  27.7  27.7  26.9  26.7  26.8  26.0  25.9  25.5 
1955  26.1  26.0  26.6  27.2  27.2  26.6  26.8  27.3  26.5  26.7  25.8  25.6 
1956  25.6  25.6  26.7  27.8  27.8  27.0  26.9  26.9  26.8  25.9  26.1  25.8 
1957  26.0  26.1  27.0  28.4  27.7  27.4  26.9  27.3  27.5  26.8  26.5  26.2 
1958  26.9  26.3  27.4  27.9  27.9  27.6  28.1  27.3  27.7  27.0  26.4  26.8 
1959  26.8  26.7  27.7  27.8  27.8  27.0  27.0  27.0  26.8  26.7  26.5  26.2 
1960  26.4  26.3  26.9  27.5  27.5  27.7  26.9  27.2  26.7  26.3  25.6  26.6 
1961 -99.0 -99.0  27.3  27.6  27.6 -99.0  26.9 -99.0 -99.0  26.5 -99.0 -99.0 
1962  25.9 -99.0  26.9 -99.0 -99.0 -99.0  27.7  27.1 -99.0  26.7  26.4  26.4 
1963  26.2  26.3  26.9  27.5  27.8  28.1  26.7  27.9  27.1  26.3  26.4  26.3 
1964  26.4  27.1  27.4  28.3  28.6  27.8  27.1  27.3  27.4  26.9  26.5  26.3 
1965  26.7  26.5  27.3  27.9  27.9  28.1  28.0  27.6  27.6  26.9  27.1  26.4 
1966  26.6  27.3  27.7  27.9  28.8  27.7  27.9  28.6  27.6  26.9  26.8  26.6 
1967  26.5  26.8  27.4  28.3  28.3  27.8  27.6  27.6  27.4  26.8  26.8  26.7 
1968  26.2  26.3  27.9  27.8  28.7  27.9  26.9  27.8  27.4  27.2  26.4  26.6 
1969  26.6  26.8  28.1  28.6  28.3  28.4  28.1  27.4  28.2  27.3  26.8  26.5 
1970  26.4  27.0  27.7  27.9  28.1  28.6  27.5  27.6  27.5  26.9  26.6  25.8 
1971  26.3  26.4  27.2  27.7  28.2  27.8  27.3  27.3  26.9  26.8  26.7  25.8 
1972  27.6  26.1  27.5  28.0  27.9  28.6  28.4  28.2  27.9  26.9  26.9  27.3 
1973  26.7  28.1  28.3  28.9  28.6 -99.0  28.1 -99.0  28.1  26.7  26.6 -99.0 
1974 -99.0  26.7  27.4  27.6  27.9  27.9  27.2  27.3  26.8  26.6  26.5  26.4 
1975  26.0  26.9  27.2 -99.0 -99.0  27.3  27.2  27.3  26.9  27.3  26.2  26.2 
1976  26.3  26.7  27.4 -99.0  28.4  28.0  27.6  27.4 -99.0  26.8  26.7  26.6 
1977  26.3  26.8  27.3  28.3  27.3 -99.0 -99.0  27.3 -99.0  26.7  26.9  26.9 
1978 -99.0  27.8  28.1  28.3  27.9  27.7  27.1  27.2  28.1  27.1  26.6  27.1 
1979  27.5  27.7  28.3  28.6 -99.0  28.1  27.6  27.5  26.7  27.1  26.7  27.1 
1980  27.3 -99.0 -99.0 -99.0 -99.0 -99.0 -99.0 -99.0 -99.0 -99.0 -99.0 -99.0 
1981  26.2  26.6  27.5  28.5  28.5  27.7  28.1  28.0  27.5  26.9  27.2  26.3 
1982  26.9  27.0  27.7  28.5  27.9  27.8  27.4  27.5  27.6  27.1  26.4  26.3 
1983  27.1  27.5  28.3  29.5  28.9  28.5  27.8  27.9  27.1  27.4  26.9  26.9 
1984  26.5  26.6  27.3  27.7  28.5  27.5  26.9  27.4  27.3  26.7  26.5  26.5 
1985  27.0  26.9  27.7  28.7  28.7  26.7  27.5  27.3  27.4  26.9  26.5  26.7 
1986  26.3  25.5  27.4  28.2  28.9  27.5  28.3  27.1  27.6  27.5  27.3  27.5 
1987  28.4  27.1  28.6  28.7  28.8  28.9  29.0  27.7  28.1  27.4  27.5  27.3 
1988  28.1  27.5  28.8  28.5  27.7  28.1  28.0  27.9  27.5  28.1  26.9  27.2 
1989  27.1  26.7  27.3  28.3  28.3  27.3  27.3  27.7  27.8  27.1  27.5  27.4 
1990  27.0  27.6  28.5  28.5  28.5  28.5  27.3  27.9  28.5  27.5  26.7  26.3 
1991  26.6  26.7  28.1  28.5  31.9  27.5  28.2  30.0  28.3  26.9  26.9  26.8 
1992  27.1  27.1  28.1  29.2  28.4  28.1  27.5  27.7  27.5  27.2  26.8  26.6 
1993  26.5  27.5  28.0  28.5  28.3  30.9  27.9  28.0  27.9  27.3  26.9  26.9 
1994  27.0  27.3  28.1  28.5  28.5  28.3  28.1  26.9  27.5  26.5  26.9  27.6 
1995  27.5  27.7  28.5  28.1  28.5  28.2  27.9  28.0  28.1  27.8  27.7  27.7 
1996  27.3  27.1  28.4  28.5  29.5  27.1  27.6  28.0  27.6  27.3  27.0  26.6 
1997  27.0  27.0  28.3  28.6  28.5  28.5  28.1  28.5  27.5  27.3  27.5  27.4 
1998  27.9  28.9  29.3  29.7  29.8  27.9  27.9  28.1  28.3  27.7  27.2  27.0 
1999  26.6  27.6  28.0  27.9  28.0  27.9  27.9  27.8  27.8  26.8  27.2  26.9 
2000  27.0  27.2  27.9  28.9  28.8  27.9  28.0  27.6  27.3  27.6  27.4  27.2 
2001  26.8  26.7  28.4  28.1  29.2  28.3  27.7  28.6  28.1  28.2  27.5  27.6 
2002  27.4  27.9  28.5  28.3  28.8  28.5  28.4  28.3  28.7  27.1  27.2  27.0 
2003  27.1  27.8  28.0  28.9  29.1  28.6  28.3  28.5  28.2  27.7  27.4  27.9 
2004  28.3  28.1  28.6  29.0  28.6  28.3  28.0  28.0  27.2  27.1  27.1  27.0 
2005  27.5  27.8  28.6  28.4  28.7  28.5  27.9  28.5  28.0  27.3  26.6  26.8 
2006  26.7  27.7  27.7  28.8  28.5  28.1  28.0  27.6  27.9  27.4  27.1  27.2 
2007  27.4  27.4  28.3  28.3  28.9  28.4  27.9  27.8  27.9  26.9  27.1  26.9 
2008  26.9  27.1  27.4  27.5  28.7  27.9  27.5  27.6  27.8  27.3  27.3  27.2 
2009  27.0  27.0  27.9  28.6  29.2  28.0  27.9  28.3  28.0  27.7 -99.0  27.6 
2010 -99.0 -99.0 -99.0 -99.0  28.6  28.6  27.8  28.0  27.9  27.9  27.0  26.5 
2011  26.6  27.0  28.2  28.0  29.0 -99.0 -99.0 -99.0 -99.0 -99.0 -99.0 -99.0 
