Number= 434730
Name= NUWARA ELIYA
Country= SRI LANKA
Lat=    7.0
Long=  -80.8
Height= 1880
Start year= 1866
End year= 2011
First Good year= 1866
Source ID= 10
Source file= Jones+Anders
Jones data to= 1960
Normals source= WMO
Normals source start year= 1961
Normals source end year= 1990
Normals source percent availability= 100
Normals source variable code= 14
Normals=  14.7  15.3  16.3  17.1  17.1  16.1  15.7  15.7  15.7  15.8  15.6  15.2 
Standard deviations source= Data
Standard deviations source start year= 1941
Standard deviations source end year= 1960
Standard deviations=   0.7   0.6   0.5   0.4   0.5   0.5   0.4   0.3   0.3   0.3   0.5   0.5 
Obs:
1866  14.6  15.4  15.6  16.7  17.4  16.5  15.5  15.3  15.5  15.3  14.7  13.0 
1867  13.2  14.5  14.7  15.5  17.7  16.5  16.1  15.3  15.6  15.8  15.1  15.5 
1868  13.2  14.7  14.8  14.9  16.0  16.1  16.4  15.4  15.7  16.0  16.6  14.6 
1869  14.0  17.8  16.0  16.2  17.9  17.7  16.4  16.9  15.5  15.4  14.1  14.2 
1870  14.7  15.5  15.6  16.0  17.0  16.0  14.8  14.8  14.7  15.8  14.7  14.1 
1871  14.2  15.1  14.9  16.2  16.6  15.0  15.1  15.4  15.8  14.8  15.7  14.7 
1872  14.7  14.7  15.2  15.9  16.4  15.9  15.9  15.0  14.3  15.3  15.3  14.9 
1873  14.3  14.8  14.9  14.9  15.4  15.0  14.9  14.8  15.3  15.3  15.2  14.0 
1874  15.3 -99.0 -99.0 -99.0  15.5  15.1  15.0  15.1  15.1  14.6  15.3  14.4 
1875  13.4  13.3  13.9  14.6  16.0  15.4  13.7  13.6  14.7  15.1  14.6  13.2 
1876  13.5  13.1  13.8  15.5  16.3  15.7  15.1  15.0  15.0  15.4  14.0  13.4 
1877  12.8  13.7  13.8  14.7  15.9  15.1  16.1  15.3  15.5  15.4  15.0  15.4 
1878 -99.0 -99.0 -99.0 -99.0 -99.0 -99.0 -99.0 -99.0 -99.0 -99.0 -99.0 -99.0 
1879 -99.0 -99.0 -99.0 -99.0 -99.0 -99.0 -99.0 -99.0 -99.0 -99.0 -99.0 -99.0 
1880  13.2  14.7  14.7  16.1 -99.0  14.9  14.3  14.6  14.6  15.4  15.1  13.6 
1881  13.8  14.3  15.0  16.0  16.6  15.8  15.9  15.3  16.2  15.9  14.8  15.5 
1882  14.4  14.8  15.1  15.7  15.6  15.1  14.2  14.5  14.5  15.0  14.8  14.7 
1883  14.1  14.4  14.3  15.6  16.6  14.8  15.5  14.8  15.1  15.0  15.0  14.0 
1884  13.6  14.2  14.6  15.2  15.9  15.7  15.2  14.9  14.9  15.3  14.8  13.2 
1885  14.3  14.7  14.5  15.2  16.4  15.1  15.1  15.0  15.8  15.6  15.2  15.2 
1886  15.0  15.0  15.9  15.8  16.5  15.6  15.2  14.7  14.5  15.3  14.9  13.5 
1887  14.2  14.7  14.3  15.9  16.1  14.4  15.1  14.9  14.8  15.1  14.5  14.5 
1888  13.6  15.4  15.4  16.4  16.0  14.8  15.7  16.0  16.2  16.3  16.0  15.0 
1889  15.1  16.4  16.9  17.9  17.6  15.0  15.9  15.6  16.1  15.9  14.8  14.6 
1890  15.6  15.7  16.3  16.8  17.3  15.6  14.8  14.5  14.8  15.4  14.2  14.3 
1891  17.3  15.5  15.8  16.6  16.5 -99.0  15.1 -99.0 -99.0  15.2 -99.0 -99.0 
1892 -99.0 -99.0  16.0  16.6  17.1 -99.0  14.8  15.0  15.3  15.5  16.0  14.6 
1893  14.4  15.3  16.3  16.9  16.8  15.4  15.6  15.1  15.4  16.2  15.6  14.6 
1894  14.8  15.9  16.6  16.8  16.8  15.8  15.5  15.3  15.6 -99.0 -99.0  13.9 
1895  14.0  14.1  14.8  15.9  16.9  15.9  15.3  15.5  15.9  15.8  15.4  14.6 
1896  14.5  14.6  14.7  16.2  17.1  15.8  15.5  15.3  16.2  15.9  16.1  15.4 
1897  15.0  15.5  15.1  16.3  17.0  15.6  16.2  15.3  16.0  16.1  15.6  15.1 
1898  13.6  14.8  13.9  15.9  16.4  15.7  15.7  15.7  15.6  15.8  15.6  15.0 
1899  13.6  13.8  14.1  16.2  15.4  15.2  15.6  15.6  15.5  15.8  15.0  15.0 
1900  14.8  15.0  15.3  16.4  16.4  16.0  15.4  15.5  15.8  16.2  16.2  15.1 
1901  15.0  15.1  14.8  16.3  16.7  15.5  15.5  15.4  16.1  15.9  15.7  14.3 
1902  13.7  15.1  14.6  15.9  17.7  16.5  15.2  15.6  15.9  15.9  15.6  14.9 
1903  15.2  15.4  13.7  16.3  17.1  17.0  15.4  15.9  16.0  16.2  15.5  14.5 
1904  14.6  13.2  14.0  15.1  16.5  15.5  15.0  14.8  15.3  15.9  14.6  14.5 
1905  14.0  15.0  15.0  16.1  16.6 -99.0  15.4  16.2  16.1  15.9  16.5  14.5 
1906  15.5  16.6  16.3  16.9  17.6  15.9  15.8  15.3  15.8  15.9  15.4  15.1 
1907  14.6  15.0  15.5  16.3  16.7  15.6  15.5  14.7  15.8  16.2  15.2  14.1 
1908  14.8  15.3  15.8  16.9  16.5  15.6  15.2  15.7  15.6  15.6  15.1  14.6 
1909  14.6  15.9  15.7  16.6  16.6  15.0  14.8  15.2  14.9  16.0  15.5  14.6 
1910  14.8  15.7  15.1  16.4  17.3  15.5  15.5  15.9  15.1  15.7  14.9  15.0 
1911  14.7  15.1  15.8  16.7  17.3  15.5  15.0  15.6  15.7  16.0  15.7  15.5 
1912  14.4  16.2  16.4  17.3  17.4  15.1  15.0  14.7  14.7  15.7  15.3  14.6 
1913  15.0  15.7  15.4  15.4  16.5  16.8  16.3  15.9  16.0  16.4  16.3  15.0 
1914  15.1  14.5  15.4  15.7  17.5  17.0  16.5  16.6  16.3  16.8  16.5  16.2 
1915  15.5  15.7  15.6  16.2  18.0  17.0  16.9  16.5  16.4  16.7  16.6  14.9 
1916  12.7  14.8  15.3  16.4  17.1  16.2  17.2  16.4  16.5  16.2  15.2  14.1 
1917  13.6  15.3  15.8  15.4  16.1  16.4  16.5  16.4  16.4  15.9  15.4  14.6 
1918  14.6  13.2  14.9  15.0  16.5  16.1  16.3  15.8  16.2  16.2  16.1  15.0 
1919  15.2  16.1  14.5  16.1  17.0  16.1  16.4  16.0  16.0  16.4  15.4  15.8 
1920  14.5  13.9  15.1  16.2  16.3  15.9  15.7  15.4  16.2  16.2  16.1  14.9 
1921  14.9  13.5  14.0  15.7  17.1  16.4  16.1  16.0  16.1  16.1  15.3  14.6 
1922  14.0  15.0  13.5  15.7  16.4  16.0  15.7  15.8  16.1  15.9  16.0  13.7 
1923  15.0  13.6  14.7  15.8  16.2  16.0  15.4  15.6  15.8  15.7  15.8  15.2 
1924  15.0  15.3  15.7  16.0  17.2  16.0  16.0  16.1  16.1  15.6  15.8  14.4 
1925  13.6  14.5  15.0  15.3  16.6  16.1  16.2  15.6  15.7  16.2  15.4  15.7 
1926  14.2  14.8  15.1  16.0  17.2  17.0  16.8  16.0  16.2  16.3  14.9  14.7 
1927  14.8  15.4  15.7  15.1  16.5  16.0  15.7  15.8  15.3  15.6  15.8  15.0 
1928  15.0  14.2  14.4  16.3  17.1  16.1  16.2  15.3  15.7  15.7  16.0  15.3 
1929  13.2  13.8  15.1  16.0  16.9  16.0  16.0  15.6  16.0  15.6  15.6  14.6 
1930  14.2  14.8  15.1  15.7  16.3  16.2  16.7  16.1  15.8  15.9  16.2  14.4 
1931  15.0  15.5  15.1  16.4  17.2  16.2  16.6  15.5  16.1  16.2  15.9  16.0 
1932  13.5  13.8  14.4  15.6  16.1  16.1  16.0  16.4  16.2  16.4  15.8  14.2 
1933  15.1  15.0  14.8  16.1  16.1  16.0  15.6  16.0  15.7  15.6  15.1  14.4 
1934  14.8  14.3  14.2  16.0  16.4  16.2  16.5  16.1  16.5  16.1  15.4  14.9 
1935  15.0  14.7  15.2  15.6  17.0  16.9  16.2  15.8  15.6  15.8  15.4  15.1 
1936  13.7  15.6  14.9 -99.0 -99.0  16.1  16.3  15.9  15.9  16.1  15.6  15.1 
1937  15.0  15.5  14.6  16.7  17.1  16.4  16.3  16.1  15.8  15.7  16.2  13.7 
1938  14.9  16.0  15.9  16.9  17.2  15.6  16.2  16.0  15.8  15.3  15.0  15.4 
1939  14.4  13.8  14.8  16.4  17.4  16.0  15.8  15.3  15.9  16.4  15.7  14.6 
1940  13.3  15.0  15.0  16.5  17.0  16.5  16.5  15.7  16.2  16.5  16.3  15.6 
1941  15.2  15.8  15.0  17.4  17.2  16.2  16.3  16.0  16.4  16.7  16.7  15.1 
1942  15.1  15.4  15.4  16.5  17.5  16.3  16.0  15.7  16.2  15.6  15.1  15.4 
1943  14.3  14.6  14.1  16.0  15.9  15.2  15.0  15.3  15.3  15.8  15.1  14.6 
1944  13.7  15.7  15.0  15.8  17.0  16.3  16.4  16.3  16.1  16.2  15.7  14.9 
1945  13.8  15.2  14.8  16.1  16.3  16.0  16.4  15.8  15.9  15.7  15.6  14.6 
1946  14.0  15.0  15.0  16.2  16.8  16.2  16.3  15.8  15.7  15.7  15.5  15.4 
1947  15.3  14.4  15.4  16.4  16.4  16.4  16.7  15.4  15.7  15.6  14.4  14.6 
1948  14.7  14.5  15.2  15.7  17.2  15.9  16.3  16.0  16.0  15.9  15.2  15.6 
1949  13.7  13.8  14.5  16.2  16.4  16.1  16.4  16.1  16.1  16.1  15.4  15.3 
1950  13.5  15.3  15.0  15.4  16.2  15.6  15.7  15.9  15.4  15.4  15.1  14.2 
1951  14.2  14.8  14.1  16.0  16.7  15.3  16.1  16.1  15.9  16.2  15.8  14.8 
1952  15.5  16.1  15.2  16.7  16.5  16.5 -99.0  15.9  15.9  15.5  15.5  15.0 
1953  14.4  14.4  15.2  16.3  17.0  17.0  15.4  16.1  15.8  16.5  15.5  15.3 
1954  15.6  15.1  16.0  16.1  17.2  16.1  16.0  15.6  15.8  15.6  14.8  15.2 
1955  15.0  15.6  15.3  15.7  16.7  15.3  15.6  16.1  16.0  16.1  15.4  14.5 
1956  14.1  14.2  15.2  16.2  16.7  15.7  15.6  15.3  15.8  15.9  15.7  14.1 
1957  14.1  14.5  14.4  16.0  16.9  16.5  16.0  15.9  16.1  15.9  16.4  15.9 
1958  15.6  15.3  15.9  16.8  17.6  17.0  16.7  16.0  16.5  15.8  15.9  15.9 
1959  14.7  14.4  14.4  16.5  17.6  16.2  15.8  16.2  16.1  16.1  15.9  15.3 
1960  15.0  15.0  14.6  16.4  16.8  16.4  15.8  16.1  15.4  16.2  15.7  15.3 
1961 -99.0 -99.0 -99.0 -99.0 -99.0 -99.0 -99.0 -99.0 -99.0 -99.0 -99.0 -99.0 
1962 -99.0 -99.0 -99.0 -99.0 -99.0 -99.0 -99.0 -99.0 -99.0 -99.0 -99.0 -99.0 
1963 -99.0 -99.0 -99.0 -99.0 -99.0 -99.0 -99.0 -99.0 -99.0 -99.0 -99.0 -99.0 
1964 -99.0 -99.0 -99.0 -99.0 -99.0 -99.0 -99.0 -99.0 -99.0 -99.0 -99.0 -99.0 
1965 -99.0 -99.0 -99.0 -99.0 -99.0 -99.0 -99.0 -99.0 -99.0 -99.0 -99.0 -99.0 
1966 -99.0 -99.0 -99.0 -99.0 -99.0 -99.0 -99.0 -99.0 -99.0 -99.0 -99.0 -99.0 
1967 -99.0 -99.0 -99.0 -99.0 -99.0 -99.0 -99.0 -99.0 -99.0 -99.0 -99.0 -99.0 
1968 -99.0 -99.0 -99.0 -99.0 -99.0 -99.0 -99.0 -99.0 -99.0 -99.0 -99.0 -99.0 
1969 -99.0 -99.0 -99.0 -99.0 -99.0 -99.0 -99.0 -99.0 -99.0 -99.0 -99.0 -99.0 
1970 -99.0 -99.0 -99.0 -99.0 -99.0 -99.0 -99.0 -99.0 -99.0 -99.0 -99.0 -99.0 
1971 -99.0 -99.0 -99.0 -99.0 -99.0 -99.0 -99.0 -99.0 -99.0 -99.0 -99.0 -99.0 
1972 -99.0 -99.0 -99.0 -99.0 -99.0 -99.0 -99.0 -99.0 -99.0 -99.0 -99.0 -99.0 
1973 -99.0 -99.0 -99.0 -99.0 -99.0 -99.0 -99.0 -99.0 -99.0 -99.0 -99.0 -99.0 
1974 -99.0 -99.0 -99.0 -99.0 -99.0 -99.0 -99.0 -99.0 -99.0 -99.0 -99.0 -99.0 
1975 -99.0 -99.0 -99.0 -99.0 -99.0 -99.0 -99.0 -99.0 -99.0 -99.0 -99.0 -99.0 
1976 -99.0 -99.0 -99.0 -99.0 -99.0 -99.0 -99.0 -99.0 -99.0 -99.0 -99.0 -99.0 
1977 -99.0 -99.0 -99.0 -99.0 -99.0 -99.0 -99.0 -99.0 -99.0 -99.0 -99.0 -99.0 
1978 -99.0 -99.0 -99.0 -99.0 -99.0 -99.0 -99.0 -99.0 -99.0 -99.0 -99.0 -99.0 
1979 -99.0 -99.0 -99.0 -99.0 -99.0 -99.0 -99.0 -99.0 -99.0 -99.0 -99.0 -99.0 
1980 -99.0 -99.0 -99.0 -99.0 -99.0 -99.0 -99.0 -99.0 -99.0 -99.0 -99.0 -99.0 
1981 -99.0 -99.0 -99.0 -99.0 -99.0 -99.0 -99.0 -99.0 -99.0 -99.0 -99.0 -99.0 
1982 -99.0 -99.0 -99.0 -99.0 -99.0 -99.0 -99.0 -99.0 -99.0 -99.0 -99.0 -99.0 
1983 -99.0 -99.0 -99.0 -99.0 -99.0 -99.0 -99.0 -99.0 -99.0 -99.0 -99.0 -99.0 
1984 -99.0 -99.0 -99.0 -99.0 -99.0 -99.0 -99.0 -99.0 -99.0 -99.0 -99.0 -99.0 
1985 -99.0 -99.0 -99.0 -99.0 -99.0 -99.0 -99.0 -99.0 -99.0 -99.0 -99.0 -99.0 
1986 -99.0 -99.0 -99.0 -99.0 -99.0 -99.0 -99.0 -99.0 -99.0 -99.0 -99.0 -99.0 
1987 -99.0 -99.0 -99.0 -99.0 -99.0 -99.0 -99.0 -99.0 -99.0 -99.0 -99.0 -99.0 
1988 -99.0 -99.0 -99.0 -99.0 -99.0 -99.0 -99.0 -99.0 -99.0 -99.0 -99.0 -99.0 
1989 -99.0 -99.0 -99.0 -99.0 -99.0 -99.0 -99.0 -99.0 -99.0 -99.0 -99.0 -99.0 
1990 -99.0 -99.0 -99.0 -99.0 -99.0 -99.0 -99.0 -99.0 -99.0 -99.0 -99.0 -99.0 
1991 -99.0 -99.0 -99.0 -99.0 -99.0 -99.0 -99.0 -99.0 -99.0 -99.0 -99.0 -99.0 
1992 -99.0 -99.0 -99.0 -99.0 -99.0 -99.0 -99.0 -99.0 -99.0 -99.0 -99.0 -99.0 
1993 -99.0 -99.0 -99.0 -99.0 -99.0 -99.0 -99.0 -99.0 -99.0 -99.0 -99.0 -99.0 
1994 -99.0 -99.0 -99.0 -99.0 -99.0 -99.0 -99.0 -99.0 -99.0 -99.0 -99.0 -99.0 
1995 -99.0 -99.0 -99.0 -99.0 -99.0 -99.0 -99.0 -99.0 -99.0 -99.0 -99.0 -99.0 
1996 -99.0 -99.0 -99.0 -99.0  17.7 -99.0 -99.0 -99.0 -99.0  15.8 -99.0  15.2 
1997 -99.0  14.7  16.8  16.9 -99.0  17.0 -99.0  16.5 -99.0 -99.0 -99.0  16.2 
1998  16.1  16.8  17.8  18.6  18.7 -99.0  16.3 -99.0  15.9  16.1  15.8  15.3 
1999  15.3  15.9  16.3  16.5  16.6  15.7  15.4  16.0 -99.0 -99.0 -99.0 -99.0 
2000 -99.0  15.6 -99.0  18.0  17.5 -99.0 -99.0 -99.0 -99.0  15.7  15.9 -99.0 
2001  15.6  15.7  16.8  17.1  17.8  16.1  16.0  15.9  16.2  16.1  15.7  15.1 
2002  15.3  15.8  17.0  17.3  17.5 -99.0  16.1  15.9  16.3  16.4  16.3  15.7 
2003  15.3  16.0  16.6  17.1  17.6  17.3  16.6  16.1  16.5  16.5  16.4  15.3 
2004  15.8  15.8  17.1  17.5  16.6  15.8  15.8  16.3  16.1  16.2  16.2  15.8 
2005  15.8  16.4  17.0  17.8  17.7  16.5  15.9  16.5  15.9  16.1  16.2  15.0 
2006  15.1  15.8  16.3  16.5  16.8  16.8  15.7  16.2  16.3  16.4  16.5  15.3 
2007  14.9  15.1  16.5  17.1  17.7  16.8  16.3  16.4  16.1 -99.0  15.9  15.3 
2008  15.4  15.5  16.1  17.1  17.5  16.5  16.0  16.6  16.5  16.2  16.1  15.1 
2009  14.3  14.9  16.5  16.6  16.3  15.8  15.4  16.5  16.3  16.1 -99.0  16.3 
2010 -99.0 -99.0 -99.0 -99.0  17.9  16.8  16.1  16.3  16.3  15.9  16.0  15.2 
2011  15.1  15.6  16.0  16.4  17.2 -99.0 -99.0 -99.0 -99.0 -99.0 -99.0 -99.0 
