Number= 232050
Name= NAR JAN-MAR
Country= USSR
Lat=   67.7
Long=  -53.0
Height= 7
Start year= 1926
End year= 2011
First Good year= 1926
Source ID= 10
Source file= Jones+Anders
Jones data to= 2001
Normals source= Data
Normals source start year= 1961
Normals source end year= 1990
Normals= -19.0 -17.4 -11.9  -7.6  -0.5   7.5  13.4  10.4   5.6  -2.1  -9.7 -14.3 
Standard deviations source= Data
Standard deviations source start year= 1941
Standard deviations source end year= 1990
Standard deviations=   4.0   4.8   5.2   4.0   2.5   2.5   2.6   1.8   1.5   2.7   4.1   5.1 
Obs:
1926 -99.0 -99.0 -99.0 -99.0 -99.0 -99.0 -99.0 -99.0 -99.0 -99.0 -10.9 -16.1 
1927 -22.7 -12.9 -17.9  -7.7   1.2   7.7  11.6  11.7   5.3  -2.5  -9.1 -15.9 
1928 -16.9 -13.7 -15.6 -12.0  -0.8   7.3  13.9  11.7   6.3  -3.9 -11.4  -8.9 
1929 -18.1 -21.1 -19.8 -13.7  -3.4   7.6  11.3   9.1   6.1   2.3  -3.5 -13.4 
1930  -8.5 -20.8 -19.9 -10.0  -2.2   4.8   9.5  13.1   3.9  -2.3  -5.1 -16.9 
1931 -16.9 -12.8 -17.6  -6.4   1.8   9.6  14.4  14.6   6.1   0.2  -6.0 -12.8 
1932 -13.1 -23.6 -17.2  -2.3  -0.4   5.8  11.5  14.7   8.3  -0.6  -8.2 -14.5 
1933 -17.0 -17.8 -21.4  -6.5  -3.1   5.3  15.3   8.3   4.4   0.5 -10.9 -19.7 
1934  -7.8 -13.5 -12.9  -9.0   2.9   7.9  11.9  10.5   4.6   0.6  -3.0  -8.6 
1935 -13.2  -9.7 -11.7 -10.6  -1.8   7.2  13.2   9.7   6.2  -3.2  -4.2  -9.9 
1936 -18.1 -22.3 -13.1  -3.8   0.7  11.1  14.3  12.8   6.1  -1.2  -1.8  -6.6 
1937  -8.9  -9.3 -14.4  -5.0  -0.9   9.9  13.0  12.2   6.2   1.7  -6.1 -15.2 
1938 -14.5 -17.0  -7.6  -3.0   2.3   9.2  14.8  11.4   8.5  -2.1  -7.2 -14.9 
1939 -15.2 -15.6 -12.6  -6.5  -2.2   7.6  12.8   9.0   3.2  -1.5  -2.8 -12.6 
1940 -99.0 -99.0 -17.2  -4.7  -1.2   8.2  15.0  15.7   9.3  -3.3  -7.5 -19.2 
1941 -24.8 -16.9 -21.6 -11.6  -0.4   5.4   9.1  12.0   5.3  -1.3  -7.3 -22.1 
1942 -18.8 -15.7 -23.2  -7.7  -0.4  10.6  13.0  11.3   7.0  -4.5  -8.6 -10.1 
1943 -20.6  -8.6 -11.9  -1.1   3.7  10.3  16.5  11.2   7.1  -0.2 -99.0 -10.1 
1944 -12.8 -11.5 -11.7  -5.6   1.2   7.0  10.8   9.9   7.9   3.5  -4.7 -10.9 
1945 -13.2 -18.8 -17.0  -5.8  -0.7   9.9  10.5  14.6   6.9  -2.7 -10.7 -21.0 
1946 -15.5 -21.7 -12.5  -9.0  -1.7   1.2 -99.0 -99.0 -99.0 -99.0 -99.0 -99.0 
1947 -99.0 -99.0 -99.0  -4.4  -0.4   9.0   8.8  11.0   7.1   0.7 -10.0 -13.8 
1948 -15.3 -18.0 -15.3  -6.4   4.5  10.1  10.5  10.3   7.5   1.4  -3.4 -15.2 
1949 -13.0 -24.6 -11.1  -3.6  -0.1   6.5   8.6  11.5   4.7  -1.7  -8.2 -12.9 
1950 -20.8 -18.5  -9.5  -1.3   1.5   6.3   9.2  10.2   6.7   1.9  -8.3 -10.2 
1951 -16.6 -20.6 -13.6   0.4  -0.7   6.9  11.4 -99.0   6.2   1.3  -7.9 -11.0 
1952 -12.3 -10.6 -19.9  -6.9  -3.7   7.7  15.1   9.2   6.2  -3.7  -9.8 -19.1 
1953 -18.7 -21.3 -16.6  -0.1   1.4  10.7  12.5  14.2   3.0  -0.7  -8.0  -5.3 
1954 -12.8 -17.4 -10.4  -4.0   2.2   9.5  17.3  10.8   6.9   1.1  -9.1  -7.9 
1955 -11.7 -22.2 -19.6  -3.3   3.6   8.3  12.7   8.8   5.2   0.7 -14.2 -22.5 
1956 -16.4 -20.9  -7.1 -14.1   1.7  10.7  11.0  13.0   2.9  -2.8 -14.9  -9.3 
1957 -14.4 -13.1 -22.2  -7.0   2.7   8.7  15.8  14.8   7.3  -1.9 -13.4 -15.8 
1958 -16.4 -16.3 -24.0  -9.7  -3.6   5.5  11.8   9.7   2.6   0.4  -5.1 -26.1 
1959 -14.8 -12.9  -8.3 -12.7   2.3  11.0  14.2  12.3   5.4  -6.0  -5.0 -10.1 
1960 -21.0 -22.3 -19.9  -4.5   0.6   8.9  16.2  10.0   5.3  -5.2 -10.8 -10.1 
1961 -13.2 -14.2  -7.7  -9.5  -2.0  12.0  17.9  12.2   4.8   1.7  -8.6 -15.8 
1962 -15.6  -9.0 -14.1  -1.4   3.7   7.6  14.9   9.4   6.9  -2.7  -3.1 -17.4 
1963 -18.6 -17.5 -24.2  -6.6   3.2   7.1  11.9  11.1   6.3   0.8 -11.3 -20.4 
1964 -24.2 -16.1 -17.4 -14.9  -2.3   7.0  15.8  10.8   4.9  -0.6 -17.2 -10.5 
1965 -16.7 -20.7 -15.6  -5.6  -3.2   8.5  12.5  10.9   5.2  -4.4 -17.0 -11.6 
1966 -20.2 -30.3 -20.3  -8.9  -0.8   4.9  14.1  10.3   4.1  -5.6  -4.0 -17.1 
1967 -21.5 -11.5  -3.3  -0.2  -0.3   8.3  13.8  12.9   6.5   1.1  -2.5 -15.3 
1968 -22.3 -14.3 -10.4 -10.0   0.0   6.4   7.7  10.2   2.7  -3.5 -18.9 -18.7 
1969 -24.9 -21.4 -16.5 -10.0  -6.1   1.5  12.2   7.3   5.6  -3.4  -5.7 -12.6 
1970 -19.4 -19.9  -8.8  -9.1  -1.7   5.3  14.4   9.8   7.8  -1.4 -10.4 -11.4 
1971 -16.9 -21.6 -12.9 -11.4  -1.8   4.0  12.1   8.7   5.9  -5.7  -9.6 -15.4 
1972 -18.5 -12.8 -12.1  -6.9  -4.9   6.2  14.9  11.8   4.1  -0.9 -15.1  -8.8 
1973 -20.2 -14.0 -12.9  -2.7   1.6   8.8  11.8  11.6   3.1  -3.4 -10.6 -17.5 
1974 -17.2 -19.9  -6.2  -8.8  -2.5  10.2  18.8  12.6   8.0  -1.3 -17.0  -4.9 
1975 -17.2 -19.6  -7.8  -3.9   0.0   6.5  11.7   9.4   7.9  -3.9  -7.6 -10.2 
1976 -23.0 -15.5 -10.2  -2.2  -1.4   7.6  14.2  12.0   5.2  -5.0  -6.9  -7.5 
1977 -18.7 -26.0 -15.5  -3.0   4.1  11.7  14.4  11.2   5.5  -7.9  -5.1 -11.0 
1978 -15.5 -17.1 -15.7 -14.0  -3.0   2.8  11.1   8.6   4.5  -1.6  -8.4 -25.2 
1979 -21.7 -21.8 -13.8 -12.9   1.6   4.3  12.6   9.5   7.3  -4.3  -6.8 -12.8 
1980 -21.1 -21.1 -12.4  -6.5  -0.4   7.4   9.1   8.0   6.2   0.0 -10.5 -12.5 
1981 -10.9 -11.8 -16.2 -10.8  -1.8   8.9  12.8  14.0   6.1   3.2  -4.4 -10.1 
1982 -24.0 -16.2 -15.8  -4.1   2.9   5.8  13.6   8.0   5.6  -6.7  -5.3  -8.5 
1983 -13.6 -17.5 -11.6  -6.5  -1.4   8.3  14.0   9.2   5.7   0.1 -11.0 -13.8 
1984 -10.7  -8.4  -7.5 -10.4   1.4  10.0  15.1  10.8   5.3  -3.9 -14.4 -12.2 
1985 -27.3 -25.5  -9.1  -9.0  -3.0   8.1  11.3  10.6   7.8  -2.2  -8.0 -22.6 
1986 -17.4 -20.6  -6.0  -6.5  -3.8   7.0   9.0   7.9   2.7  -0.2  -2.5 -23.8 
1987 -22.8 -20.4 -11.1 -14.0   1.2   7.4  12.0   8.1   6.1   3.0 -11.7 -19.3 
1988 -14.8 -16.3  -7.8 -10.3  -0.6   8.5  14.6  12.0   5.8  -0.9 -12.7 -13.2 
1989 -19.2 -13.8  -5.3  -6.3   5.0  13.8  15.0  11.5   6.8  -1.0 -10.2 -16.3 
1990 -21.8  -8.6  -9.4  -1.7   0.5   9.4  17.8  10.6   4.1 -99.0 -14.6 -12.5 
1991 -19.6 -12.3 -15.1  -2.4   3.8  12.0  11.1   9.8   6.1   1.3  -6.6 -99.0 
1992 -20.1 -12.2  -7.4 -14.8   2.7   6.6  11.7   9.9   7.5  -8.9 -16.3  -9.2 
1993 -12.2 -12.6 -10.1  -7.3   0.1  15.8  15.5  11.1   4.3  -2.6  -9.1 -12.9 
1994 -15.6 -22.3  -7.8  -2.4  -2.2 -99.0  11.4  10.4   5.7  -0.7 -15.4 -10.4 
1995  -8.6  -7.7  -7.7   1.1   3.9   7.8  12.7  11.4   7.0  -2.0 -13.4 -16.3 
1996  -9.6 -16.1  -6.8  -7.7   0.7   7.6  12.1   8.0   2.8   0.5  -2.0 -12.8 
1997 -20.5 -21.6 -11.8  -4.1   0.9   7.0   8.3   6.5   7.5  -1.0 -12.5 -19.8 
1998 -19.7 -30.9 -11.2 -12.8  -1.0   7.4  17.4  10.3   3.2  -4.0 -17.2 -17.7 
1999 -26.7 -16.7 -13.6  -9.7  -5.3   7.3 -99.0  10.0   5.3   1.5 -13.0  -9.3 
2000 -21.3 -13.1  -8.2  -3.2   1.8  10.9  15.6  10.6   5.8   1.8  -5.7 -18.5 
2001 -14.9 -24.3 -16.5  -3.7   1.2   8.3  12.7  12.2   8.3  -3.7 -11.9 -15.8 
2002 -23.2 -15.1 -11.8  -3.6  -0.5   6.8  13.3   7.3   2.8  -1.0 -12.1 -16.5 
2003 -21.9 -15.3 -11.5  -5.4   3.4   6.0  14.3  16.1   6.5  -1.2  -6.6 -10.0 
2004 -12.0 -16.6 -16.1  -8.2   0.5   8.7  18.2  10.6   6.2  -0.8  -8.6 -13.2 
2005 -10.6 -13.8 -18.1  -7.7   3.8   8.7  13.8  12.7   7.8   3.1  -0.4  -8.8 
2006 -22.0 -18.1 -13.3  -6.4   2.6  12.1  11.0  10.0   6.1  -3.1 -11.7 -10.6 
2007 -10.4 -22.8  -4.4  -2.4   0.6   8.4  16.2  12.0   7.0   3.5  -7.4  -6.8 
2008  -9.2 -14.5 -14.5  -7.6  -1.1   9.0  15.9   9.7   5.7   2.1  -6.7  -5.8 
2009 -18.4 -18.4  -9.4  -7.3  -1.6   8.7  12.9  10.4   8.2  -0.3  -8.9 -21.6 
2010 -18.5 -22.1 -13.1  -2.2   4.2   7.4  13.0   9.9   4.9   1.7  -9.2 -16.6 
2011 -17.0 -24.2  -5.9  -0.9   5.6 -99.0 -99.0 -99.0 -99.0 -99.0 -99.0 -99.0 
