Number= 234050
Name= UST'-CIL'MA
Country= RUSSIA (ASIA)
Lat=   65.4
Long=  -52.3
Height= 68
Start year= 1889
End year= 2010
First Good year= 1889
Source ID= 37
Source file= Jones
Jones data to= 1990
Normals source= Data
Normals source start year= 1961
Normals source end year= 1990
Normals= -18.6 -15.7  -8.7  -3.3   3.6  10.8  15.2  11.8   6.4  -1.3  -8.8 -14.2 
Standard deviations source= Data
Standard deviations source start year= 1941
Standard deviations source end year= 1990
Standard deviations=   4.5   4.7   4.6   3.1   2.6   2.1   2.4   1.8   1.6   2.5   3.9   5.1 
Obs:
1889 -99.0 -99.0 -99.0 -99.0 -99.0 -99.0 -99.0 -99.0   7.2   0.2  -8.6 -10.8 
1890 -23.6  -9.9  -6.6  -5.1  -2.0  12.4  17.6  12.6   7.7  -0.3 -19.0 -10.0 
1891 -14.7 -11.9  -7.8  -7.5   1.4   6.4  11.4   8.3   3.7  -5.9 -12.1 -19.8 
1892 -20.1 -99.0 -99.0 -99.0 -99.0 -99.0 -99.0  11.8   7.0  -2.5  -6.8 -19.3 
1893 -99.0 -99.0 -99.0 -99.0 -99.0 -99.0 -99.0 -99.0 -99.0 -99.0 -99.0 -99.0 
1894 -99.0 -99.0 -99.0 -99.0 -99.0 -99.0 -99.0 -99.0 -99.0 -99.0 -99.0 -99.0 
1895 -99.0 -99.0 -99.0 -99.0 -99.0 -99.0 -99.0   9.8   6.0   2.1  -8.3 -13.5 
1896 -19.2 -18.0  -9.0  -2.8   8.2  10.9  12.7  12.4 -99.0   1.7 -99.0 -17.6 
1897 -99.0 -18.9  -9.2  -1.3 -99.0  11.0  12.7   9.7   9.0 -99.0  -9.0 -14.2 
1898 -14.1 -21.0 -15.6  -3.1   2.9   9.0  17.5  13.2  11.2  -4.6  -8.6 -16.5 
1899 -18.3 -17.7 -16.9  -1.1  -0.1   7.1  13.7  11.0   8.1   0.8  -5.4 -13.3 
1900 -17.4 -15.9  -9.6  -3.8   3.6   7.4  13.8  12.3   6.8   0.4  -5.1 -14.9 
1901 -14.7 -13.5  -8.1   0.0   3.9  10.7  12.8  10.2   3.6   1.0 -11.0 -23.9 
1902 -23.0 -17.5 -20.4  -5.6   1.0   7.5  17.9  12.8   3.9  -7.5 -17.6 -20.3 
1903 -19.8 -15.3  -5.8   0.5   3.3   8.7  13.1  13.7   4.7  -4.3  -7.9  -9.4 
1904 -10.7 -21.7  -6.2   0.8   4.2  12.2  12.8  12.4   6.1   2.9 -10.1 -19.6 
1905 -13.5  -9.5  -7.2  -0.6   4.8   8.8  14.9  12.0   7.5  -0.5  -8.8 -10.0 
1906 -16.6 -14.9 -11.7   0.9   6.2  12.9  14.8  11.6   5.1   0.5  -9.1 -12.5 
1907 -27.0  -9.2  -3.8   1.6   0.7  11.8  17.1  14.2   7.3   0.6 -13.4 -24.3 
1908 -25.2 -11.2 -11.4  -0.5   1.5  11.6  14.3  11.9   6.7  -3.0 -10.2 -17.6 
1909 -13.5 -12.3 -11.1  -8.2   1.0   9.4  14.7  11.5   8.2   1.6  -7.1 -11.5 
1910 -15.7  -5.2  -9.5  -1.4   5.2   8.6  15.7   9.7   6.4  -4.7 -12.7 -12.4 
1911 -16.0 -23.5 -13.4  -5.0   1.5  10.5  14.7  11.3   6.1  -2.3  -8.0 -10.1 
1912 -21.4 -28.3 -12.4  -4.2   2.8  12.3   9.9  11.4   7.5  -6.1  -4.9 -13.0 
1913 -17.9 -18.8  -9.3  -0.1   2.0   8.3  15.5  13.5   5.9  -4.8  -9.9  -9.8 
1914 -24.2 -16.7 -13.0  -7.2   3.5  10.8  10.4  14.8   6.1  -0.7  -9.9  -8.5 
1915 -15.5 -10.1 -15.7   0.1   5.5  11.8  18.2  11.9   5.3  -1.7 -11.8 -23.9 
1916 -16.7  -9.0 -10.9  -2.8  -0.8  10.9  15.0   8.3   4.0  -2.2  -6.7 -14.0 
1917 -20.9 -25.6 -17.1  -1.7   0.1   9.3  13.5   9.0   7.0   1.0 -11.5 -10.4 
1918 -22.5 -18.2 -13.7   0.1  -3.6  11.0  13.0   7.0   6.2 -99.0 -99.0 -99.0 
1919 -99.0 -99.0 -99.0 -99.0 -99.0 -99.0 -99.0  10.4   7.3  -0.1 -12.3 -19.6 
1920 -16.5 -14.5  -2.5   0.4   9.5  13.7  13.8  14.0   8.1  -6.3  -7.5 -10.5 
1921 -16.2 -15.1  -7.0   2.6   6.6  16.9  12.4  11.4   5.3  -3.0  -7.1 -16.0 
1922 -15.4 -15.4  -9.7  -2.2   6.6  13.9  15.4  11.9   8.5  -1.8  -4.6 -13.3 
1923 -10.4 -14.4 -10.8  -7.9  -0.2  12.9  14.5  11.9   8.8   3.8  -8.2  -8.9 
1924 -21.0 -13.6  -6.0  -1.2   4.0   7.9  12.6  11.9   7.1   0.4  -4.9 -13.4 
1925 -12.8 -13.3 -12.1  -2.3   1.1   9.4  15.2  11.9   6.2  -2.1 -11.0 -15.4 
1926 -13.0 -14.1  -5.3  -4.9  -0.2  11.5   9.7   8.6   5.6  -2.0  -7.0 -15.2 
1927 -22.9 -11.4 -12.9  -2.4   3.8  11.8  14.6  13.0   5.4  -2.2  -9.1 -14.6 
1928 -15.2 -13.6 -12.6  -7.1   3.7   9.5  14.9  13.1   7.0  -2.2 -11.9  -8.8 
1929 -18.4 -20.1 -15.4  -8.8   2.5  10.9  12.5  10.9   6.2   2.6  -4.1 -14.9 
1930  -8.5 -20.1 -14.6  -6.3   1.9   6.8  11.8  15.6   4.1  -1.2  -5.9 -18.1 
1931 -15.3 -13.1 -12.7  -1.6   5.5  12.3  16.2  15.4   6.5   0.7  -6.8 -13.7 
1932 -11.3 -21.9 -12.1   0.4   2.7   9.6  14.0  15.8   8.0   0.2  -8.0 -14.4 
1933 -17.7 -17.5 -16.6  -1.2   2.1   9.1  17.7   9.1   4.8   1.4  -9.5 -22.4 
1934  -8.4 -11.9  -9.3  -4.0   6.2  10.1  14.4  12.0   3.9   0.5  -2.7 -10.2 
1935 -13.0  -7.8  -8.3  -3.8   1.0   9.8  14.5  11.3   6.2  -2.5  -5.6  -9.6 
1936 -17.2 -19.6 -10.3  -0.1   2.7  13.8  16.3  13.5   6.0  -0.6  -2.7  -6.0 
1937 -11.6  -8.4 -10.6  -1.5   3.3  12.8  14.0  12.9   6.4   1.4  -5.6 -15.5 
1938 -15.8 -15.8  -5.9   0.2   5.5  12.0  17.1  12.2   8.7  -1.8  -6.7 -17.4 
1939 -16.5 -14.8  -9.7  -3.5   0.9  10.4  13.9   9.5   2.7  -1.6  -2.4 -12.4 
1940 -25.8 -16.1 -12.3  -2.7   0.7  10.4  15.9  15.8   9.2  -3.7  -6.5 -20.3 
1941 -24.8 -15.2 -17.7  -7.1   3.0   8.5  12.4  12.9   4.9  -0.9  -7.8 -23.6 
1942 -22.4 -14.9 -20.0  -3.3   3.6  13.3  14.1  11.6   7.0  -2.2  -8.8 -10.9 
1943 -21.8  -8.1  -8.9   0.7   6.6  11.7  18.1  12.1   6.9   0.1  -2.9 -10.4 
1944 -10.8 -10.3  -9.4  -1.9   4.8   9.5  12.4  10.3   8.2   3.2  -5.5 -11.4 
1945 -12.7 -17.2 -12.6  -3.7   1.0  11.5  11.2  14.7   6.5  -2.1  -9.4 -22.1 
1946 -14.0 -19.3  -8.7  -3.0   1.3   7.8  13.8  14.2   6.6  -3.7  -6.9  -8.8 
1947 -16.5 -21.1 -11.7  -0.9   1.3  11.1  10.5  12.3   7.6   1.2  -6.6 -14.8 
1948 -14.8 -16.5 -10.9  -2.0   9.0  12.7  12.5  10.7   7.7   1.6  -3.0 -15.2 
1949  -9.4 -22.0  -8.6   0.3   3.2   9.9  10.6  12.5   4.7  -1.2  -8.2 -11.8 
1950 -23.0 -14.1  -6.5   2.6   3.3  10.2  11.9  11.1   7.4   1.9  -8.0  -9.3 
1951 -22.9 -24.6 -18.4  -1.2  -0.9   7.0  14.7  11.1   6.6  -0.5 -12.3 -16.0 
1952 -11.5 -10.1 -15.1  -4.0   0.2  11.0  15.9  10.1   6.4  -3.6 -10.2 -16.9 
1953 -16.6 -21.1 -12.4   2.8   3.7  13.2  14.3  16.0   2.7  -1.0  -9.0  -7.9 
1954 -14.4 -18.2  -8.1  -0.2   4.8  11.8  19.2  11.7   7.9   0.9  -9.9  -8.2 
1955 -11.1 -18.8 -15.1  -1.4   6.1  10.2  14.0   9.5   5.9   1.4 -12.3 -24.7 
1956 -17.4 -18.6  -5.0  -7.6   4.8  12.7  12.8  12.9   2.9  -2.8 -14.3  -9.2 
1957 -15.0 -10.5 -18.8  -3.4   5.7  10.4  17.5  16.2   7.8  -0.6 -12.2 -12.9 
1958 -15.3 -14.9 -17.7  -3.6   1.7   9.7  12.7  11.0   2.8   0.8  -6.1 -24.6 
1959 -13.3 -12.0  -5.7  -7.4   4.4  12.7  15.1  12.9   4.8  -5.7  -6.1 -11.6 
1960 -21.3 -20.2 -16.3  -1.6   4.0  11.1  17.7  11.4   5.4  -4.7 -10.5  -9.9 
1961 -13.3 -10.6  -5.3  -5.6   1.7  12.5  19.1  12.7   5.6   2.6 -10.1 -14.5 
1962 -13.0  -8.9 -10.9   1.3   7.7   9.4  16.1  10.6   7.7  -1.3  -2.4 -14.5 
1963 -20.5 -16.6 -21.9  -2.1   7.5  10.7  13.6  12.3   7.5   1.0 -10.9 -19.3 
1964 -20.9 -13.8 -14.2  -6.2   3.5  10.7  16.8  12.7   5.6   0.0 -15.1 -11.8 
1965 -18.8 -18.8  -8.1  -2.6   0.8  11.5  13.4  11.5   6.6  -3.1 -15.1  -9.9 
1966 -21.0 -29.1 -14.1  -4.6   3.3   8.8  16.0  11.6   5.4  -4.6  -3.4 -20.2 
1967 -20.3 -11.4  -1.9   2.7   3.9  10.9  16.1  15.6   6.4   2.3  -1.7 -14.9 
1968 -23.3 -12.7  -7.3  -7.0   2.9  10.1  10.5  11.8   3.2  -3.3 -16.4 -19.8 
1969 -25.8 -21.5 -14.0  -4.3  -1.5   5.6  14.0   9.0   6.5  -2.8  -4.7 -14.7 
1970 -18.3 -17.1  -4.8  -3.8   1.9   8.8  16.5  11.5   8.8  -0.3 -10.7 -11.0 
1971 -14.6 -19.9 -11.1  -7.3   1.0   7.8  14.4   9.8   6.3  -5.3  -7.7 -14.0 
1972 -20.6 -12.4  -9.7  -2.4  -0.4  10.6  17.0  14.3   4.3  -0.7 -13.6  -8.2 
1973 -19.9 -12.2  -9.1   0.5   5.8  12.2  13.9  12.6   2.8  -2.8  -9.8 -16.4 
1974 -17.4 -15.6  -4.6  -4.0   2.2  14.0  20.6  13.9   9.2   0.0 -14.8  -4.5 
1975 -15.4 -18.9  -4.6   0.2   3.8   9.8  13.8  10.2   8.7  -3.4  -6.0 -10.0 
1976 -21.3 -16.0  -8.2  -0.3   2.6  10.0  15.9  12.6   6.0  -5.0  -6.5  -7.7 
1977 -17.2 -21.5 -11.1   0.1   7.3  13.9  16.7  12.1   6.0  -6.8  -4.6 -13.4 
1978 -13.0 -16.7  -9.4  -9.4   0.2   7.0  13.4  10.0   5.3  -1.5  -6.9 -26.7 
1979 -21.2 -19.1  -8.8  -7.3   5.4   7.1  15.2  11.4   7.7  -4.0  -6.4 -12.0 
1980 -21.6 -13.0 -10.8  -6.8   2.4  11.6  11.7   8.9   7.0   0.3  -9.8 -12.6 
1981 -10.2 -11.4 -12.2  -6.1   2.0  14.0  15.7  16.3   6.8   4.2  -3.3 -10.1 
1982 -25.0 -14.7 -10.8  -0.4   6.9   7.6  16.4   9.3   6.9  -4.4  -4.0  -8.1 
1983 -13.9 -16.9  -9.3   0.2   4.7  11.1  16.2  10.5   6.7   0.7  -9.9 -12.3 
1984 -10.4  -9.4  -5.9  -6.2  10.2  12.3  16.0  10.8   5.6  -2.8 -15.4 -13.7 
1985 -26.9 -23.4  -6.5  -4.9   1.1  12.4  13.7  13.0   8.2  -0.7  -7.9 -20.7 
1986 -16.5 -19.9  -4.8  -1.6   1.0  10.9  10.9   9.4   3.8   0.0  -2.6 -23.4 
1987 -22.7 -18.2  -8.0  -7.4   5.8  11.6  12.9  10.6   6.5   2.9 -12.9 -17.8 
1988 -15.8 -12.8  -4.8  -4.2   3.5  12.3  18.1  13.7   6.2   0.7 -12.4 -13.3 
1989 -18.8 -12.2  -3.4  -2.1   7.3  16.6  16.1  12.7   7.4  -0.4  -9.4 -16.0 
1990 -21.4  -6.2  -5.8   1.8 -99.0 -99.0 -99.0 -99.0 -99.0 -99.0 -99.0 -99.0 
1991 -99.0 -99.0 -99.0 -99.0 -99.0 -99.0 -99.0 -99.0 -99.0 -99.0 -99.0 -99.0 
1992 -99.0 -99.0 -99.0 -99.0 -99.0 -99.0 -99.0 -99.0 -99.0 -99.0 -99.0 -99.0 
1993 -99.0 -99.0 -99.0 -99.0 -99.0 -99.0 -99.0 -99.0 -99.0 -99.0 -99.0 -99.0 
1994 -99.0 -99.0 -99.0 -99.0 -99.0 -99.0 -99.0 -99.0 -99.0 -99.0 -99.0 -99.0 
1995 -99.0 -99.0 -99.0 -99.0 -99.0 -99.0 -99.0 -99.0 -99.0 -99.0 -99.0 -99.0 
1996 -99.0 -99.0 -99.0 -99.0 -99.0 -99.0 -99.0 -99.0 -99.0 -99.0 -99.0 -99.0 
1997 -99.0 -99.0 -99.0 -99.0 -99.0 -99.0 -99.0 -99.0 -99.0 -99.0 -99.0 -99.0 
1998 -99.0 -99.0 -99.0 -99.0 -99.0 -99.0 -99.0 -99.0 -99.0 -99.0 -99.0 -99.0 
1999 -99.0 -99.0 -99.0 -99.0 -99.0 -99.0 -99.0 -99.0 -99.0 -99.0 -99.0 -99.0 
2000 -99.0 -99.0 -99.0 -99.0 -99.0 -99.0 -99.0 -99.0 -99.0 -99.0 -99.0 -99.0 
2001 -99.0 -99.0 -99.0 -99.0 -99.0 -99.0 -99.0 -99.0 -99.0 -99.0 -99.0 -99.0 
2002 -99.0 -99.0 -99.0 -99.0 -99.0 -99.0 -99.0 -99.0 -99.0 -99.0 -99.0 -99.0 
2003 -99.0 -99.0 -99.0 -99.0 -99.0 -99.0 -99.0 -99.0 -99.0 -99.0 -99.0 -99.0 
2004 -99.0 -99.0 -99.0 -99.0 -99.0 -99.0 -99.0 -99.0 -99.0 -99.0 -99.0 -99.0 
2005 -99.0 -99.0 -99.0 -99.0 -99.0 -99.0 -99.0 -99.0 -99.0 -99.0 -99.0 -99.0 
2006 -99.0 -99.0 -99.0 -99.0 -99.0 -99.0 -99.0 -99.0 -99.0 -99.0 -99.0 -99.0 
2007 -99.0 -99.0 -99.0 -99.0 -99.0 -99.0 -99.0 -99.0 -99.0 -99.0 -99.0 -99.0 
2008 -99.0 -99.0 -99.0 -99.0 -99.0 -99.0 -99.0 -99.0 -99.0 -99.0 -99.0 -99.0 
2009 -99.0 -99.0 -99.0 -99.0 -99.0 -99.0 -99.0 -99.0 -99.0 -99.0 -99.0 -99.0 
2010 -99.0 -99.0 -99.0 -99.0 -99.0   9.9  16.2  11.9   6.0   1.7  -8.4 -16.8 
