Number= 234180
Name= PECORA
Lat=   65.1
Long=  -57.0
Height= 0
Start year= 1943
End year= 1989
First Good year= 1943
Source ID= 10
Source file= Jones
Jones data to= 1989
Normals source= Data
Normals source start year= 1961
Normals source end year= 1989
Normals= -20.3 -17.6  -9.3  -3.4   3.7  11.7  16.4  12.5   6.8  -1.9  -9.9 -15.9 
Standard deviations source= Data
Standard deviations source start year= 1943
Standard deviations source end year= 1989
Standard deviations=   5.1   4.8   4.8   3.6   2.4   2.0   2.2   2.0   1.9   3.0   4.4   5.3 
Obs:
1943 -99.0 -99.0 -99.0 -99.0 -99.0 -99.0 -99.0 -99.0   9.0   0.5  -3.5 -11.5 
1944 -12.1  -9.4 -10.0  -1.3   5.0  10.9  13.9  11.3   8.8   3.7  -6.9 -12.6 
1945 -13.9 -19.9 -15.2  -3.9   1.6  12.9  13.2 -99.0   8.7  -1.3 -11.7 -99.0 
1946 -99.0 -99.0 -99.0 -99.0 -99.0 -99.0 -99.0 -99.0 -99.0 -99.0 -99.0 -99.0 
1947 -99.0 -99.0 -99.0 -99.0 -99.0 -99.0 -99.0 -99.0 -99.0 -99.0 -99.0 -99.0 
1948 -99.0 -99.0 -99.0 -99.0 -99.0 -99.0 -99.0 -99.0 -99.0   1.7  -4.5 -20.7 
1949 -10.2 -25.6 -10.6  -0.8   2.5  10.9  11.5  14.5   4.2  -0.8 -10.2 -15.3 
1950 -27.9 -17.0  -7.8   2.0   3.8  11.1  13.4  10.7   7.6   1.5 -10.5 -10.3 
1951 -18.0 -21.6 -11.6   4.1   1.9  10.2  15.0  15.1   8.1   0.8  -8.9 -10.1 
1952 -12.8 -10.3 -17.2  -4.8   0.4  11.5  17.0  11.0   7.7  -4.2 -12.0 -18.5 
1953 -18.0 -22.9 -14.8   3.6   4.5  13.4  15.7  17.4   3.3  -1.2 -13.6 -11.1 
1954 -17.3 -20.8  -9.3  -0.4   5.2  12.2  19.8  11.8   8.5   1.2 -10.9 -10.4 
1955 -11.6 -21.0 -16.7  -1.9   7.4  12.0  15.2  10.6   5.9   1.4 -13.3 -28.6 
1956 -19.2 -21.6  -7.0  -8.7   5.3  12.8  14.6  14.0   3.0  -3.0 -14.9 -12.4 
1957 -17.1 -12.8 -20.4  -4.1   6.6  11.7  17.4  17.4   9.8  -0.8 -13.9 -15.4 
1958 -16.2 -15.5 -20.3  -4.6   2.5  11.3  13.4  11.9   2.9   0.8  -8.1 -26.8 
1959 -13.4 -14.5  -7.7  -8.6   4.2  14.2  16.1  13.3   5.8  -5.9  -8.4 -13.7 
1960 -23.4 -21.6 -19.8  -2.5   2.9  12.0  16.7  11.8   6.0  -5.5 -12.8 -13.7 
1961 -14.1 -11.7  -4.5  -6.0   2.4  13.1  19.2  14.1   5.8   1.2 -11.1 -14.9 
1962 -15.4  -8.6 -10.0   1.5   9.3  10.1  18.4  11.2   8.5  -2.2  -3.3 -16.4 
1963 -22.0 -16.8 -22.7  -3.4   6.3  13.2  16.4  12.2   7.6   0.8 -11.1 -21.3 
1964 -23.9 -15.1 -15.9  -7.6   3.7  11.2  18.3  13.5   6.2  -0.1 -15.4 -12.4 
1965 -19.3 -18.2  -8.0  -2.9   2.5  13.0  15.0  12.5   6.8  -4.2 -17.6 -11.5 
1966 -22.3 -29.4 -13.4  -2.8   4.8  10.4  17.2  12.7   6.3  -5.5  -4.8 -21.8 
1967 -21.3 -14.6  -2.4   3.5   5.0  12.2  17.7  15.6   6.4   2.3  -1.4 -13.1 
1968 -22.6 -13.0  -7.3  -7.1   3.9  10.7  12.0  12.4   4.0  -3.4 -19.8 -24.9 
1969 -27.6 -23.8 -14.3  -4.2  -1.0   6.9  15.9   9.9   7.3  -3.6  -5.1 -17.6 
1970 -23.1 -15.9  -4.6  -3.1   2.2   8.8  17.1  11.7  10.0  -1.1 -12.3 -13.9 
1971 -16.5 -21.2 -11.9  -7.2   1.5   9.2  15.6  10.6   7.4  -5.1  -7.5 -15.3 
1972 -26.6 -14.8 -11.5  -1.4  -0.8  11.7  17.2  14.4   4.4  -0.7 -15.4 -12.6 
1973 -25.8 -13.6 -10.7   0.7   6.4  13.5  14.9  13.6   3.4  -2.8  -8.8 -15.5 
1974 -21.7 -19.2  -5.9  -4.2   3.0  13.9  21.4  14.1   9.1  -0.4 -18.6  -6.8 
1975 -17.8 -20.3  -6.3   0.3   4.0  10.4  13.8  11.0   9.0  -4.5  -8.1 -11.4 
1976 -21.7 -19.5  -9.0  -0.1   3.5  12.2  16.4  14.4   6.0  -7.1  -7.9  -8.6 
1977 -18.6 -23.7 -11.8   0.5   7.7  15.0  17.1  13.0   6.7  -9.7  -6.0 -16.2 
1978 -13.3 -16.9  -8.5  -9.9  -0.8   7.2  14.4  10.2   5.8  -1.7  -8.6 -29.5 
1979 -24.7 -21.7  -9.9  -8.2   5.1   7.7  15.9  12.8   8.7  -5.1  -7.2 -14.5 
1980 -22.1 -14.5 -10.6  -1.4   3.3  12.1  12.5   9.1   7.7   0.5 -10.8 -12.8 
1981  -9.0 -12.7 -12.8  -6.2   2.2  15.2  16.3  17.5   7.0   4.0  -4.2 -10.7 
1982 -25.3 -18.8 -13.2   0.3   7.4  10.4  18.1  10.3   6.8  -4.9  -5.2  -9.7 
1983 -14.2 -17.3  -9.4  -0.6   1.9  12.6  17.4  11.1   6.9   1.0 -10.0 -13.7 
1984 -11.3 -11.9  -6.1  -8.6   5.8  12.8  16.9  11.9   6.0  -2.7 -17.6 -17.6 
1985 -27.2 -27.8  -6.9  -4.4   0.6  12.2  14.0  13.1   9.0  -1.3  -8.9 -20.7 
1986 -16.3 -22.7  -5.6  -0.9   0.7  11.1  11.7  10.0   3.6  -0.1  -4.0 -26.1 
1987 -25.0 -19.2  -9.4  -6.8   6.9  12.7  16.5  11.7   7.3   1.8 -14.4 -18.4 
1988 -17.8 -14.9  -4.4  -4.5   3.3  12.6  19.2  14.0   6.5   0.4 -12.7 -13.7 
1989 -22.0 -13.5  -3.4  -4.5   6.8  17.7  18.4  12.7   8.4  -0.3  -9.9 -18.2 
