Number= 239550
Name= ALEKSANDROVSK
Country= RUSSIA (ASIA)
Lat=   60.4
Long=  -77.9
Height= 48
Start year= 1936
End year= 2010
First Good year= 1936
Source ID= 37
Source file= Jones
Jones data to= 1989
Normals source= Data
Normals source start year= 1961
Normals source end year= 1989
Normals= -21.3 -19.8 -10.1  -2.2   6.0  14.4  18.4  14.3   8.5  -1.5 -11.7 -18.1 
Standard deviations source= Data
Standard deviations source start year= 1941
Standard deviations source end year= 1989
Standard deviations=   4.4   4.4   3.5   3.1   2.2   1.8   1.5   1.3   1.7   2.5   4.6   4.4 
Obs:
1936 -21.0 -18.5 -14.5  -4.7   3.9  12.5  16.8  13.3  10.4   1.4  -9.6 -13.0 
1937 -17.1 -17.9 -16.5  -6.3   5.9  15.7  17.3  11.6   7.6   0.8 -10.7 -99.0 
1938 -22.1 -19.4 -10.7   3.0   8.6  14.8  16.5  14.1   6.8  -3.2  -6.0 -99.0 
1939 -20.6 -12.4 -10.4   2.1   5.8  17.0  16.8  11.5   7.2  -0.3 -12.9 -13.6 
1940 -29.9 -17.6 -10.8   2.3   4.7  14.5  17.7 -99.0   9.6  -5.4  -8.7 -22.3 
1941 -24.6 -23.5 -12.8  -5.8   4.9  14.0  14.6  14.5   9.0  -0.1 -14.4 -20.4 
1942 -20.2 -17.8 -15.2  -1.4   5.5  15.8  19.0  13.8   9.5  -2.2  -8.7 -13.9 
1943 -23.9 -15.6 -11.3   2.9  10.1  14.1  16.9  15.6  10.3  -0.4 -11.2 -16.2 
1944 -15.5 -12.0  -7.6   2.4   6.7  14.8  16.9  14.8   8.7   2.0 -15.3 -15.8 
1945 -22.0 -21.9 -14.4   2.2   8.9  14.1  16.1  15.4  10.3   1.8 -16.8 -21.8 
1946 -19.9 -15.8 -13.9  -1.5   3.6  10.5  18.2  14.9   6.1  -1.4 -10.9 -24.2 
1947 -27.0 -22.2 -12.1  -0.3   7.6  13.1  14.8  14.4   8.1   3.6 -15.1 -21.2 
1948 -19.3 -17.3 -11.4  -1.2   6.0  12.3  19.5  13.1  10.2   1.3  -9.1 -23.0 
1949 -12.6 -16.7 -12.3   2.7   4.3  12.2  15.4  16.9   5.3  -0.4 -15.7 -27.5 
1950 -28.7 -16.1  -9.4  -1.8   6.6  15.6  19.0  16.9  10.6  -0.1 -14.0 -14.3 
1951 -22.8 -30.5 -10.1   4.9   7.8  13.9  18.6  13.6  11.1  -0.8 -11.3 -13.5 
1952 -17.5 -16.8 -15.4  -6.0   6.7  14.6  18.3  14.0  10.4  -3.4 -23.8 -23.9 
1953 -19.5 -20.6 -12.3   2.5   7.7  14.0  19.2  15.2   9.8  -2.4 -22.7 -17.5 
1954 -23.3 -25.6 -11.9  -1.8   4.6  15.6  17.2  14.4   9.3   1.8 -14.4 -22.9 
1955 -15.8 -25.2 -14.9  -1.9   9.5  15.9  17.5  14.1   6.1   2.7  -9.1 -28.1 
1956 -20.2 -23.4 -12.1  -5.5   8.4  12.3  19.1  14.8   5.4  -1.0 -11.0 -20.9 
1957 -21.6 -19.2 -15.9  -4.6   6.1  16.0  17.8  15.0  11.4  -2.3 -16.9 -16.7 
1958 -20.5 -17.9 -17.2  -5.9   3.9  14.7  17.9  14.9   5.4  -0.7  -9.0 -23.5 
1959 -19.0 -20.0  -9.3  -4.4   5.6  15.1  16.6  13.7   9.9  -4.3 -14.8 -23.1 
1960 -27.4 -17.6 -20.1  -2.5   4.0  14.2  16.0  12.9   9.8  -3.6 -18.6 -19.9 
1961 -20.1 -15.7  -5.9   0.4   6.4  12.9  18.1  13.4   8.8  -6.6 -13.6 -17.4 
1962 -13.8 -11.7  -9.3  -0.5  10.8  14.1  19.1  13.7   8.8  -2.2 -11.1 -16.8 
1963 -20.2 -13.3 -12.3  -4.0   4.7  14.6  17.5  14.0   8.0   1.4 -11.1 -19.1 
1964 -19.8 -24.9 -17.6  -7.8   7.6  14.2  20.3  15.6   9.6  -2.5 -12.7 -15.4 
1965 -21.8 -20.4  -6.0  -3.3   8.5  14.3  19.1  13.9   8.6   0.3 -18.0 -20.0 
1966 -20.1 -26.9 -13.9  -5.0   6.7  13.4  18.6  14.8  12.3  -4.2 -14.4 -24.6 
1967 -20.4 -20.6  -5.5   3.0   7.2  15.0  21.2  13.8   6.9   3.9  -8.0 -13.4 
1968 -23.8 -15.3  -4.8  -2.4   8.2  10.5  19.1  14.2   5.8  -1.3 -23.8 -30.3 
1969 -31.8 -29.8 -13.0  -3.3   2.3  13.0  21.8  11.8   7.3  -3.3  -6.1 -18.5 
1970 -24.2 -18.0 -11.7  -1.7   3.1  12.1  16.7  11.4  10.7  -3.8 -13.1 -20.2 
1971 -18.3 -26.8 -12.9  -3.1   5.7  14.8  17.3  15.2  10.4   0.6  -5.8 -17.2 
1972 -30.4 -18.9 -14.0   0.5   3.2  13.5  15.9  13.2   4.6   0.1 -13.6 -20.9 
1973 -25.7 -18.0 -10.4  -0.4   6.3  16.7  16.5  16.5   7.3  -1.0  -7.7 -12.0 
1974 -27.0 -24.6 -12.9  -0.4   5.7  13.2  18.0  14.4   8.4  -3.9 -19.3 -16.8 
1975 -16.3 -16.5  -8.6  -2.0   3.8  12.9  18.3  13.5   9.0  -1.7 -13.7 -19.9 
1976 -16.8 -23.1 -12.8   0.1   6.5  16.8  17.5  16.1   8.7  -7.8 -11.7 -19.9 
1977 -27.7 -26.8 -10.3   1.8   9.0  17.2  17.8  13.2   8.6  -5.2  -6.1 -20.2 
1978 -17.2 -17.9  -8.9  -3.7   3.4  15.5  18.7  11.7   8.6   0.5  -7.4 -21.2 
1979 -27.5 -21.0 -10.7  -6.3   5.8  13.8  20.5  14.1  10.4  -1.9  -9.6 -15.4 
1980 -22.5 -20.3 -13.0  -4.3   6.1  14.2  16.3  13.1   9.7   0.8 -10.9 -14.4 
1981 -16.7 -17.1  -9.5   0.7   4.8  16.0  16.5  17.8   7.6  -0.3 -10.9 -11.9 
1982 -22.9 -20.7 -15.9   2.3   9.1  17.8  17.7  14.4   8.5  -5.5  -7.8 -11.2 
1983 -14.6 -13.9  -7.3  -4.0   0.8  20.0  18.6  14.0   6.7   3.0  -7.3 -12.9 
1984 -14.1 -16.9  -8.5 -10.3   5.3  14.3  17.7  16.1   9.0  -2.3 -20.2 -23.0 
1985 -19.8 -25.5  -9.0  -0.5   4.2  15.4  17.3  14.6   9.3  -0.1 -13.8 -20.2 
1986 -19.4 -17.0  -8.4  -0.9   4.5  13.1  17.8  14.1   6.8   0.8  -6.0 -23.3 
1987 -24.9 -18.4 -10.5  -3.4  10.0  11.0  19.0  15.8   8.2  -0.8 -17.6 -18.5 
1988 -17.6 -20.7  -7.3  -1.3   6.1  13.2  19.4  15.0   9.5   0.2  -7.7 -12.6 
1989 -21.3 -14.8  -3.0  -5.3   9.3  14.4  20.5  15.6   7.3  -0.5  -9.2 -17.0 
1990 -99.0 -99.0 -99.0 -99.0 -99.0 -99.0 -99.0 -99.0 -99.0 -99.0 -99.0 -99.0 
1991 -99.0 -99.0 -99.0 -99.0 -99.0 -99.0 -99.0 -99.0 -99.0 -99.0 -99.0 -99.0 
1992 -99.0 -99.0 -99.0 -99.0 -99.0 -99.0 -99.0 -99.0 -99.0 -99.0 -99.0 -99.0 
1993 -99.0 -99.0 -99.0 -99.0 -99.0 -99.0 -99.0 -99.0 -99.0 -99.0 -99.0 -99.0 
1994 -99.0 -99.0 -99.0 -99.0 -99.0 -99.0 -99.0 -99.0 -99.0 -99.0 -99.0 -99.0 
1995 -99.0 -99.0 -99.0 -99.0 -99.0 -99.0 -99.0 -99.0 -99.0 -99.0 -99.0 -99.0 
1996 -99.0 -99.0 -99.0 -99.0 -99.0 -99.0 -99.0 -99.0 -99.0 -99.0 -99.0 -99.0 
1997 -99.0 -99.0 -99.0 -99.0 -99.0 -99.0 -99.0 -99.0 -99.0 -99.0 -99.0 -99.0 
1998 -99.0 -99.0 -99.0 -99.0 -99.0 -99.0 -99.0 -99.0 -99.0 -99.0 -99.0 -99.0 
1999 -99.0 -99.0 -99.0 -99.0 -99.0 -99.0 -99.0 -99.0 -99.0 -99.0 -99.0 -99.0 
2000 -99.0 -99.0 -99.0 -99.0 -99.0 -99.0 -99.0 -99.0 -99.0 -99.0 -99.0 -99.0 
2001 -99.0 -99.0 -99.0 -99.0 -99.0 -99.0 -99.0 -99.0 -99.0 -99.0 -99.0 -99.0 
2002 -99.0 -99.0 -99.0 -99.0 -99.0 -99.0 -99.0 -99.0 -99.0 -99.0 -99.0 -99.0 
2003 -99.0 -99.0 -99.0 -99.0 -99.0 -99.0 -99.0 -99.0 -99.0 -99.0 -99.0 -99.0 
2004 -99.0 -99.0 -99.0 -99.0 -99.0 -99.0 -99.0 -99.0 -99.0 -99.0 -99.0 -99.0 
2005 -99.0 -99.0 -99.0 -99.0 -99.0 -99.0 -99.0 -99.0 -99.0 -99.0 -99.0 -99.0 
2006 -99.0 -99.0 -99.0 -99.0 -99.0 -99.0 -99.0 -99.0 -99.0 -99.0 -99.0 -99.0 
2007 -99.0 -99.0 -99.0 -99.0 -99.0 -99.0 -99.0 -99.0 -99.0 -99.0 -99.0 -99.0 
2008 -99.0 -99.0 -99.0 -99.0 -99.0 -99.0 -99.0 -99.0 -99.0 -99.0 -99.0 -99.0 
2009 -99.0 -99.0 -99.0 -99.0 -99.0 -99.0 -99.0 -99.0 -99.0 -99.0 -99.0 -99.0 
2010 -99.0 -99.0 -99.0 -99.0 -99.0  14.2  16.0  14.0   6.5   3.1  -8.7 -24.0 
