Number= 552990
Name= NAGQU
Country= CHINA
Lat=   31.5
Long=  -92.1
Height= 4508
Start year= 1954
End year= 2007
First Good year= 1954
Source ID= 30
Source file= Jones+Anders
Jones data to= 1995
Normals source= Data
Normals source start year= 1961
Normals source end year= 1990
Normals= -12.9 -10.1  -5.9  -1.2   3.5   7.9   9.3   8.8   6.2   0.3  -7.2 -12.0 
Standard deviations source= Data
Standard deviations source start year= 1954
Standard deviations source end year= 1990
Standard deviations=   2.2   1.3   1.0   0.6   0.8   0.9   0.8   0.6   0.8   1.4   1.8   2.7 
Obs:
1954 -99.0 -99.0 -99.0 -99.0 -99.0 -99.0   9.6   8.7   6.4   0.5  -6.5 -12.2 
1955 -13.7 -11.6  -5.4  -1.9   4.3   7.1   9.3   7.6   5.6   1.5  -9.4 -16.0 
1956 -14.0 -11.9  -5.6  -0.3   5.1   9.8   6.6   8.0   5.6  -0.4  -6.7 -13.3 
1957 -12.6 -10.5  -6.2  -1.4   3.8   7.0  10.0   8.8   7.0  -3.0  -8.2 -12.0 
1958 -12.4 -12.0  -7.2  -0.9   2.9   7.4   9.4   8.8   6.0   1.1  -5.7 -10.8 
1959 -12.6 -12.2  -6.8  -1.5   2.6   7.5   9.9   8.2   3.2  -1.9  -7.8 -10.0 
1960 -13.8  -9.4  -6.2  -1.8   4.1   8.0   9.4   8.8   6.7   0.0  -6.9 -10.2 
1961 -11.0  -9.8  -6.4  -1.0   2.8   8.4   9.2   9.8   5.9   1.2 -11.2 -18.4 
1962 -14.8 -11.2  -8.2  -1.3   2.4   8.4   9.4   8.5   6.2   0.0  -6.8 -12.6 
1963 -15.0 -11.2  -7.6  -1.5   3.1   6.8  10.0   9.3   6.8  -0.5 -12.8 -20.3 
1964 -13.0  -9.4  -5.4  -0.1   3.2   8.0   9.8   8.8   7.1   2.9  -5.8 -10.8 
1965 -13.0 -11.2  -8.3  -1.1   4.2   8.6   8.8   8.0   5.6  -1.2  -8.5 -11.0 
1966 -19.1  -9.8  -4.6  -0.9   4.2   7.2   9.9   9.4   4.4  -2.4  -6.4 -11.4 
1967 -12.9 -10.8  -7.0  -1.9   2.9   6.6   9.2   8.7   6.0  -1.2 -10.7 -19.1 
1968 -18.9 -12.6  -6.4  -2.5   3.1   6.8   8.4   8.0   6.8  -0.6  -7.0 -10.8 
1969 -12.4 -10.2  -5.7  -1.2   3.8   7.6   8.4   8.5   5.9  -0.9  -6.4 -10.7 
1970 -12.8 -11.6  -5.6  -1.6   3.4   8.0   9.7   8.6   6.1  -0.4  -8.2 -10.8 
1971 -13.0 -10.8  -6.4  -0.5   2.6   7.4   9.4   8.4   6.8   0.8  -7.9 -12.5 
1972 -10.2 -11.0  -5.4  -2.3   4.0   8.2  11.4   9.4   6.0   0.4  -8.2 -10.8 
1973 -10.4  -9.2  -6.1  -0.7   4.1   7.2   8.8   8.6   6.4   0.4  -7.8 -15.4 
1974 -12.4  -8.3  -5.8  -1.0   3.4   8.0   8.6   9.0   6.0   3.3  -5.0 -10.6 
1975 -12.2 -10.8  -6.7  -0.4   3.4   8.9   9.4   8.4   6.6   2.5  -7.0 -11.8 
1976 -12.4  -8.6  -5.0  -1.1   3.6   7.0   7.4   7.7   5.4  -0.3  -2.8  -9.7 
1977 -10.7  -8.6  -4.8  -0.6   1.8   5.8   9.4   9.2   6.6  -1.4  -7.8 -11.2 
1978 -16.0 -10.6  -6.0  -1.6   3.3   7.2   9.4   8.7   5.8   0.9  -6.2 -10.2 
1979 -10.8 -10.2  -6.6   0.2   5.8   8.1   8.5   8.9   4.8  -0.3  -6.1 -13.0 
1980 -14.4  -9.4  -6.2  -1.3   3.0   7.3   9.1   9.0   7.0  -1.5  -5.6  -9.3 
1981 -16.0  -9.2  -5.6  -1.0   3.2   8.5  10.3  10.2   6.8  -0.1  -8.0 -11.4 
1982 -11.8 -12.0  -5.6  -2.1   2.9   7.6   9.4   8.8   6.9  -0.3  -8.1 -13.0 
1983 -15.0 -13.1  -6.4  -2.5   3.4   7.3   9.2   8.2   6.2   1.6  -7.0 -11.6 
1984 -12.7  -8.4  -4.9  -0.4   3.7   8.0   9.0   7.3   5.0   2.1  -9.1  -8.9 
1985 -12.2 -10.6  -3.6  -0.6   4.0   7.6   8.3   9.9   5.9   0.3  -7.2  -9.8 
1986 -10.9 -10.2  -6.2  -1.8   3.2   8.9   9.6   8.7   5.4  -1.4  -6.0 -11.6 
1987 -11.8  -8.4  -5.8  -0.8   3.6  10.0  10.1   8.6   7.1   1.2  -4.8  -9.6 
1988 -10.0  -7.6  -4.4  -0.8   4.4   8.7   9.9   9.8   6.6   2.1  -6.6  -9.5 
1989 -11.6  -9.9  -5.6  -1.2   5.2   8.8   9.7   8.8   7.6   1.5  -6.4 -13.4 
1990  -9.5  -9.1  -6.0  -1.5   3.2   8.8   9.8   8.8   6.4  -0.4  -4.6  -9.9 
1991 -15.7  -7.6  -4.2   0.3   4.6   7.7  10.5   8.6   5.7   0.4  -7.0 -11.6 
1992 -12.7 -12.0  -4.4  -0.1   2.9   6.8   8.6   9.0   6.3  -0.5  -8.2 -14.3 
1993 -12.2  -8.3  -6.2  -1.3   3.8   6.7   9.1   8.9   4.7   0.7  -6.1 -10.2 
1994 -10.2  -9.7  -5.9  -0.9   3.6   7.5   9.4   9.2   7.7  -0.7  -8.4 -10.9 
1995 -13.3 -12.0  -4.5  -1.5   7.5  10.2   9.0   8.2   6.1   0.7  -6.6 -10.2 
1996 -99.0 -99.0 -99.0 -99.0 -99.0 -99.0 -99.0 -99.0 -99.0 -99.0 -99.0 -99.0 
1997 -99.0 -99.0 -99.0 -99.0 -99.0 -99.0 -99.0 -99.0 -99.0 -99.0 -99.0 -99.0 
1998 -99.0 -99.0 -99.0 -99.0 -99.0 -99.0 -99.0 -99.0 -99.0 -99.0 -99.0 -99.0 
1999 -99.0 -99.0 -99.0 -99.0 -99.0 -99.0 -99.0 -99.0 -99.0 -99.0 -99.0 -99.0 
2000 -99.0 -99.0 -99.0 -99.0 -99.0 -99.0 -99.0 -99.0 -99.0 -99.0 -99.0 -99.0 
2001 -99.0 -99.0 -99.0 -99.0 -99.0 -99.0 -99.0 -99.0 -99.0 -99.0 -99.0 -99.0 
2002 -99.0 -99.0 -99.0 -99.0 -99.0 -99.0 -99.0 -99.0 -99.0 -99.0 -99.0 -99.0 
2003 -99.0 -99.0 -99.0 -99.0 -99.0 -99.0 -99.0 -99.0 -99.0 -99.0 -99.0 -99.0 
2004 -99.0 -99.0 -99.0 -99.0 -99.0 -99.0 -99.0 -99.0 -99.0 -99.0 -99.0 -99.0 
2005 -99.0 -99.0 -99.0 -99.0 -99.0 -99.0 -99.0 -99.0 -99.0 -99.0 -99.0 -99.0 
2006 -99.0 -99.0 -99.0 -99.0 -99.0 -99.0 -99.0 -99.0 -99.0 -99.0 -99.0 -99.0 
2007 -99.0 -99.0 -99.0 -99.0 -99.0 -99.0 -99.0 -99.0 -99.0 -99.0 -99.0 -99.0 
