Number= 556640
Name= TINGRI
Country= CHINA
Lat=   28.6
Long=  -87.1
Height= 4302
Start year= 1959
End year= 2007
First Good year= 1959
Source ID= 30
Source file= Jones+Anders
Jones data to= 1995
Normals source= Data
Normals source start year= 1961
Normals source end year= 1990
Normals=  -7.8  -5.8  -2.4   1.9   6.0  10.8  11.6  10.8   8.8   2.4  -3.3  -6.9 
Standard deviations source= Data
Standard deviations source start year= 1959
Standard deviations source end year= 1990
Standard deviations=   1.4   1.4   1.5   1.1   1.3   0.9   0.8   0.7   0.9   1.7   1.7   1.5 
Obs:
1959  -9.4  -7.4  -2.9   2.2   5.2  10.2  10.9  10.3   7.7   3.0  -3.3  -6.8 
1960 -10.3  -6.2  -4.3   0.3   5.8   9.8  10.9  10.7   7.9   1.5  -4.8  -6.6 
1961  -8.1  -6.7  -2.3   1.7   5.3  10.5  11.0  10.9   8.6   1.9  -6.4 -11.2 
1962  -9.1  -9.2  -5.4   0.5   4.3   9.8  10.9   9.8   8.0   0.2  -4.0  -9.2 
1963 -10.7  -7.8  -5.3  -0.3   4.5   9.8  11.4  10.4   7.5   0.9  -5.0  -8.5 
1964  -7.9  -6.9  -3.1   2.5   3.6   9.7  10.6   9.9   8.5   2.8  -3.8  -8.5 
1965  -9.5  -8.9  -5.6   0.9   4.5   9.6  10.0   9.8   6.9  -0.7  -5.4  -9.3 
1966  -6.4  -3.9  -2.9   0.1   5.6   9.4  11.2  10.6   6.4  -0.5  -2.9  -7.6 
1967  -8.0  -5.7  -3.7   0.6   4.2   9.4  11.1  10.2   8.0  -0.8  -6.9  -8.2 
1968 -10.9  -7.0  -2.9   0.4   4.3   9.3  10.5  10.3   8.5  -1.4 -99.0 -99.0 
1969 -99.0  -6.1  -2.6   0.3   4.9  10.0  11.0 -99.0 -99.0 -99.0 -99.0 -99.0 
1970 -99.0 -99.0 -99.0 -99.0 -99.0 -99.0 -99.0 -99.0 -99.0   3.6  -3.8  -5.4 
1971  -6.8  -5.8  -2.2   2.2   5.8  11.1  11.4  10.1   9.8   3.6  -3.3  -5.7 
1972  -5.9  -4.9  -0.8   1.4   7.6  10.8  13.1  10.5   8.4   2.7  -4.5  -6.3 
1973  -6.2  -5.2  -2.9   3.4   7.1  10.8  12.0  10.1   9.7   3.0  -3.6  -6.4 
1974  -7.5  -4.3  -1.2   3.8   7.3  11.0  11.4  11.1   8.8   5.6  -3.4  -6.8 
1975  -7.8  -6.2  -2.9   2.8   6.6  11.6  11.3  10.9   8.5   5.5  -2.1  -6.0 
1976  -8.2  -4.5  -1.5   2.5   6.5  10.7  10.9  10.4   8.3   2.4   0.7  -6.0 
1977  -6.4  -3.8   0.1   2.8   4.8  10.2  11.5  11.2   9.5   2.5  -1.3  -6.6 
1978  -9.9  -6.8  -4.0   1.6   7.7  11.3  11.4   9.9   8.6   3.2  -1.2  -6.4 
1979  -7.4  -6.8  -2.0   3.2   7.3  11.1  12.1  10.4   8.4   3.5   0.6  -6.5 
1980  -7.9  -4.7  -2.5   3.1   6.4  11.3  12.4  11.5   9.6   2.7  -2.6  -4.8 
1981  -8.9  -4.7  -2.8   2.4   6.6  11.4  12.0  12.1   9.1   3.2  -3.2  -7.3 
1982  -7.2  -5.9  -2.7   2.5   5.5  11.1  12.9  12.5   9.5   1.8  -3.1  -5.5 
1983  -8.0  -7.9  -2.4   0.3   5.9  10.6  13.2  12.1  10.3   3.8  -4.5  -7.0 
1984  -7.2  -4.4  -0.2   2.3   8.3  12.0  11.5  10.2   8.2   4.7  -4.2  -3.5 
1985  -8.1  -3.6   1.4   3.5   6.6  11.7  10.3  11.8   9.3   3.6  -3.1  -5.4 
1986  -7.1  -6.0  -2.2   2.0   4.8  11.7  11.5  11.4   8.8   1.8  -2.3  -8.0 
1987  -8.4  -6.2  -2.0   1.7   5.2  12.2  12.6  10.6   9.7   1.6  -4.3  -7.0 
1988  -6.8  -4.4  -1.6   3.0   7.4  11.1  11.1  11.1   9.9   3.1  -3.7  -7.3 
1989  -7.7  -4.9  -1.4   2.0   7.7  11.2  12.7  10.4  10.5   3.6  -3.2  -7.5 
1990  -4.4  -4.9  -3.4   2.0   7.4  12.3  12.2  10.8   9.3   3.1  -1.6  -5.8 
1991  -8.2  -4.3  -1.3   2.5   7.3  11.0  12.7  10.9   9.3   3.6  -3.0  -6.8 
1992  -6.7  -5.7   0.9   2.6   5.5  10.6  11.1  10.4   9.4   4.1  -2.8  -7.1 
1993  -4.2  -4.2  -3.2   2.0   7.0  11.5  13.0  12.2   9.4   4.4  -1.8  -5.0 
1994  -6.3  -6.5  -0.5   1.5   6.9  12.4  12.5  11.3  10.5   3.2  -3.8  -5.7 
1995  -9.0  -5.7  -0.9   2.2   9.1  13.3  12.8  11.1  10.5   4.3  -5.0  -7.9 
1996 -99.0 -99.0 -99.0 -99.0 -99.0 -99.0 -99.0 -99.0 -99.0 -99.0 -99.0 -99.0 
1997 -99.0 -99.0 -99.0 -99.0 -99.0 -99.0 -99.0 -99.0 -99.0 -99.0 -99.0 -99.0 
1998 -99.0 -99.0 -99.0 -99.0 -99.0 -99.0 -99.0 -99.0 -99.0 -99.0 -99.0 -99.0 
1999 -99.0 -99.0 -99.0 -99.0 -99.0 -99.0 -99.0 -99.0 -99.0 -99.0 -99.0 -99.0 
2000 -99.0 -99.0 -99.0 -99.0 -99.0 -99.0 -99.0 -99.0 -99.0 -99.0 -99.0 -99.0 
2001 -99.0 -99.0 -99.0 -99.0 -99.0 -99.0 -99.0 -99.0 -99.0 -99.0 -99.0 -99.0 
2002 -99.0 -99.0 -99.0 -99.0 -99.0 -99.0 -99.0 -99.0 -99.0 -99.0 -99.0 -99.0 
2003 -99.0 -99.0 -99.0 -99.0 -99.0 -99.0 -99.0 -99.0 -99.0 -99.0 -99.0 -99.0 
2004 -99.0 -99.0 -99.0 -99.0 -99.0 -99.0 -99.0 -99.0 -99.0 -99.0 -99.0 -99.0 
2005 -99.0 -99.0 -99.0 -99.0 -99.0 -99.0 -99.0 -99.0 -99.0 -99.0 -99.0 -99.0 
2006 -99.0 -99.0 -99.0 -99.0 -99.0 -99.0 -99.0 -99.0 -99.0 -99.0 -99.0 -99.0 
2007 -99.0 -99.0 -99.0 -99.0 -99.0 -99.0 -99.0 -99.0 -99.0 -99.0 -99.0 -99.0 
