Number= 557730
Name= PAGRI
Country= CHINA
Lat=   27.7
Long=  -89.1
Height= 4301
Start year= 1956
End year= 2007
First Good year= 1956
Source ID= 30
Source file= Jones+Anders
Jones data to= 1995
Normals source= Data
Normals source start year= 1961
Normals source end year= 1990
Normals=  -8.7  -7.2  -4.0  -0.2   3.3   6.9   7.8   7.4   5.7   0.4  -4.4  -7.3 
Standard deviations source= Data
Standard deviations source start year= 1956
Standard deviations source end year= 1990
Standard deviations=   1.5   1.4   1.3   0.8   0.8   0.4   0.4   0.4   0.5   1.6   1.5   1.1 
Obs:
1956 -99.0  -7.9  -4.0   1.5   5.7   7.3   6.6   6.9   5.2   1.4  -3.2  -8.5 
1957  -9.1  -7.4  -5.6  -0.5   3.1   6.3   8.2   6.9   5.8  -0.1  -4.0  -6.0 
1958  -7.9  -8.1  -4.9   0.6   3.1   6.9   8.3   7.4   6.2   2.1  -2.2  -6.4 
1959  -8.2  -8.2  -3.4   1.0   3.2   6.9   7.6   7.3   5.3   1.5  -3.1  -6.0 
1960  -9.6  -5.4  -5.1   0.2   3.9   7.3   7.8   7.6   5.6   0.8  -4.2  -4.8 
1961  -7.5  -7.0  -3.9   0.2   4.1   7.1   7.9   8.2   6.2   1.0  -5.9 -10.1 
1962  -9.2  -8.9  -5.0  -0.5   2.4   7.0   7.9   7.1   5.7   0.1  -3.6  -7.6 
1963  -9.1  -7.1  -4.6  -1.7   2.5   6.5   7.9   7.8   5.5   1.1  -4.4  -6.9 
1964  -8.7  -7.5  -3.3   0.7   2.0   7.0   7.5   7.6   6.0   2.8  -3.9  -7.0 
1965  -8.5 -12.3  -6.4  -0.8   3.5   6.5   7.3   6.8   4.9  -0.7  -5.5  -7.0 
1966 -12.7  -6.7  -3.5  -0.2   4.3   7.1   8.2   8.0   4.7  -1.1  -3.5  -7.3 
1967  -8.4  -6.0  -5.3  -0.9   2.9   6.8   7.6   7.0   5.3  -1.3  -7.0  -7.2 
1968 -10.3  -7.9  -3.9  -0.9   3.1   6.2   7.6   7.3   6.5  -5.5  -7.4  -9.9 
1969  -9.6  -6.6  -2.8  -0.6   3.5   7.0   7.8   7.4   5.7  -0.5  -2.7  -6.7 
1970  -9.1  -8.6  -5.7   0.2   4.3   6.8   8.3   7.6   6.1   0.9  -5.4  -7.3 
1971  -8.9  -7.5  -4.7  -0.2   2.4   7.2   7.3   6.7   5.5   1.0  -4.3  -6.4 
1972  -6.2  -7.3  -2.7  -0.5   4.4   6.8   8.4   6.8   4.7   0.4  -5.5  -7.1 
1973  -6.7  -6.6  -4.8   0.8   3.8   7.0   7.8   7.3   6.0  -1.9  -5.8  -7.3 
1974  -8.8  -5.7  -2.9   1.3   3.4   6.6   7.6   7.5   5.3   3.3  -4.5  -8.4 
1975  -9.1  -7.2  -4.2   0.4   3.5   7.1   7.1   7.0   5.7   3.2  -4.1  -7.8 
1976  -9.5  -5.8  -3.2   0.0   3.1   6.5   7.3   6.8   5.0   0.7  -1.2  -7.1 
1977  -7.3  -5.5  -2.3   0.0   1.9   5.9   8.1   7.7   5.7   0.5  -2.0  -8.0 
1978 -11.4  -8.0  -6.5  -0.9   4.2   7.0   7.7   7.1   5.6   1.7  -3.0  -6.9 
1979  -8.0  -8.1  -4.0   0.3   4.4   6.9   7.9   7.5   5.0   1.2  -1.3  -7.5 
1980  -9.4  -6.3  -4.2   0.8   3.2   7.1   8.0   7.8   6.1   0.3  -4.0  -5.3 
1981 -10.6  -5.8  -4.5   0.0   3.1   7.1   8.3   8.0   5.6   1.5  -4.4  -7.9 
1982  -7.6  -7.8  -4.8   0.1   2.9   6.7   8.4   7.3   6.0  -1.0  -4.1  -6.0 
1983 -10.3  -9.4  -4.1  -1.3   2.8   6.9   8.3   7.9   6.7   0.9  -5.2  -8.6 
1984  -8.9  -6.2  -1.7   0.0   4.7   7.0   7.5   7.1   4.8   2.6  -5.0  -5.6 
1985  -8.9  -6.1  -0.6   0.9   3.1   7.0   7.0   8.0   5.8  -0.6  -5.8  -6.5 
1986  -7.5  -6.6  -3.7  -1.0   1.6   7.0   7.5   7.3   5.3  -0.2  -3.2  -8.6 
1987  -9.4  -6.6  -3.9  -0.4   2.8   7.5   8.2   7.3   6.4  -1.5  -7.4  -7.0 
1988  -6.3  -4.7  -2.6   0.8   3.8   6.5   8.3   7.8   6.2   0.8  -4.5  -6.7 
1989  -8.2  -7.3  -3.4  -0.2   3.8   6.6   7.8   7.3   6.5   1.5  -4.1  -8.2 
1990  -4.4  -7.5  -5.5  -1.0   3.9   8.1   8.0   7.6   6.4   0.5  -2.9  -6.3 
1991 -10.8  -5.8  -3.1   0.7   3.6   7.0   8.6   7.8   5.8   1.4  -4.7  -7.7 
1992  -7.5  -8.2  -1.3   0.4   1.9   6.1   7.1   7.4   5.7   1.2  -4.8  -8.0 
1993  -7.1  -5.5  -5.2  -0.5   3.4   6.7   8.3   8.0   5.5   2.1  -2.7  -5.4 
1994  -8.0  -8.5  -2.3  -0.7   3.9   7.6   8.1   7.7   6.5   1.0  -5.5  -7.8 
1995 -11.3  -8.3  -3.0  -0.6   5.7   8.4   8.1   7.7   6.0   1.8  -9.4  -5.7 
1996 -99.0 -99.0 -99.0 -99.0 -99.0 -99.0 -99.0 -99.0 -99.0 -99.0 -99.0 -99.0 
1997 -99.0 -99.0 -99.0 -99.0 -99.0 -99.0 -99.0 -99.0 -99.0 -99.0 -99.0 -99.0 
1998 -99.0 -99.0 -99.0 -99.0 -99.0 -99.0 -99.0 -99.0 -99.0 -99.0 -99.0 -99.0 
1999 -99.0 -99.0 -99.0 -99.0 -99.0 -99.0 -99.0 -99.0 -99.0 -99.0 -99.0 -99.0 
2000 -99.0 -99.0 -99.0 -99.0 -99.0 -99.0 -99.0 -99.0 -99.0 -99.0 -99.0 -99.0 
2001 -99.0 -99.0 -99.0 -99.0 -99.0 -99.0 -99.0 -99.0 -99.0 -99.0 -99.0 -99.0 
2002 -99.0 -99.0 -99.0 -99.0 -99.0 -99.0 -99.0 -99.0 -99.0 -99.0 -99.0 -99.0 
2003 -99.0 -99.0 -99.0 -99.0 -99.0 -99.0 -99.0 -99.0 -99.0 -99.0 -99.0 -99.0 
2004 -99.0 -99.0 -99.0 -99.0 -99.0 -99.0 -99.0 -99.0 -99.0 -99.0 -99.0 -99.0 
2005 -99.0 -99.0 -99.0 -99.0 -99.0 -99.0 -99.0 -99.0 -99.0 -99.0 -99.0 -99.0 
2006 -99.0 -99.0 -99.0 -99.0 -99.0 -99.0 -99.0 -99.0 -99.0 -99.0 -99.0 -99.0 
2007 -99.0 -99.0 -99.0 -99.0 -99.0 -99.0 -99.0 -99.0 -99.0 -99.0 -99.0 -99.0 
