Number= 092790
Name= NEUSTRELITZ
Country= E.GERMANY
Lat=   53.4
Long=  -13.1
Height= 64
Start year= 1951
End year= 1976
First Good year= 1951
Source ID= 10
Source file= Jones
Jones data to= 1976
Normals source= Data
Normals source start year= 1961
Normals source end year= 1976
Normals=  -1.3  -0.1   2.2   6.9  11.8  15.8  16.9  16.6  13.1   8.5   3.8   0.1 
Standard deviations source= Data
Standard deviations source start year= 1951
Standard deviations source end year= 1976
Standard deviations=   2.5   3.1   2.2   1.5   1.1   1.2   1.4   1.2   1.3   1.4   1.5   2.6 
Obs:
1951   0.1   0.9   1.1   7.3  11.1  16.1  17.0  17.9  14.6   6.6   6.3   3.6 
1952   0.7   0.4   0.0   9.7  12.0  14.1  16.7  17.1  10.4   6.8   1.8  -0.9 
1953   0.2  -0.4   4.3   8.7  13.1  17.0  18.2  16.6  12.7  10.4   5.0   1.5 
1954  -3.5  -6.5   2.6   4.9  12.8  16.6  14.8  16.0  13.5   9.7   3.0   3.4 
1955  -2.5  -2.8  -0.6   5.7  10.2  14.1  18.1  17.7  13.4   8.4   3.9   2.1 
1956  -0.1  -9.6   2.1   4.1  12.5  14.3  17.3  13.9  13.1   8.4   2.0   1.9 
1957   1.0   2.9   3.8   6.2   9.8  16.6  18.2  15.3  10.8   9.1   4.8   0.4 
1958  -1.0   0.4  -0.7   4.4  12.7  14.4  17.4  16.2  13.8   9.8   4.2   1.7 
1959  -0.3  -0.6   5.4   8.7  12.4  16.1  19.1  18.2  11.8   7.5   2.9   0.9 
1960  -0.2  -2.2   2.5   6.0  12.5  16.3  15.7  15.8  12.5   8.5   5.4   2.0 
1961  -1.6   3.6   5.5   9.8  10.5  16.9  15.3  15.3  14.8  10.5   3.5  -2.0 
1962   1.8   0.4  -0.3   8.1   9.6  13.8  14.6  14.9  11.5   8.7   3.3  -3.3 
1963  -8.2  -6.5   1.0   6.9  12.6  16.2  17.9  16.7  13.1   8.0   7.0  -3.0 
1964  -2.1  -0.6  -1.0   8.1  12.9  17.2  17.6  15.6  12.8   6.8   4.7   0.7 
1965   0.9  -1.9   0.5   6.4  10.8  15.7  14.7  14.5  13.2   7.3  -0.1   1.5 
1966  -2.9  -0.1   3.1   6.7  13.1  17.7  16.5  16.2  12.2  10.4   2.1   1.7 
1967  -0.3   2.6   5.6   6.2  13.2  14.9  18.3  16.6  14.6  10.7   4.1   0.9 
1968  -1.4   0.1   4.2   9.1  10.5  17.0  16.0  17.2  14.0   9.8   4.0  -2.7 
1969  -2.2  -3.2  -1.1   6.5  12.1  15.7  18.6  17.1  13.8   9.6   5.2  -6.7 
1970  -5.1  -3.1   0.3   4.7  11.3  17.4  16.3  17.3  12.3   9.0   4.8   1.6 
1971  -1.5   1.7   0.8   6.9  14.0  14.3  17.9  18.4  11.7   8.8   3.8   4.5 
1972  -4.3   0.8   4.7   7.1  11.2  15.0  18.3  15.9  10.8   6.6   4.9   1.1 
1973  -0.3   2.3   4.2   5.0  12.0  16.3  17.8  16.8  13.1   6.9   3.0   0.4 
1974   2.6   3.0   4.2   7.3  10.9  14.1  15.1  17.1  13.5   6.5   4.9   4.9 
1975   4.8   0.6   3.0   6.0  11.7  14.8  18.9  19.2  15.3   7.7   2.3   2.4 
1976  -0.2  -1.3   0.1   6.1  12.3  16.2 -99.0 -99.0 -99.0 -99.0 -99.0 -99.0 
