Number= 094700
Name= LEIPZIG
Country= E.GERMANY
Lat=   51.4
Long=  -12.4
Height= 137
Start year= 1840
End year= 1935
First Good year= 1840
Source ID= 10
Source file= Jones
Jones data to= 1935
Normals= -99.0 -99.0 -99.0 -99.0 -99.0 -99.0 -99.0 -99.0 -99.0 -99.0 -99.0 -99.0 
Obs:
1840  -0.7   0.1  -0.1   8.8  11.6  16.3  16.5  17.3  13.1   6.6   5.4  -6.2 
1841  -2.0  -5.8   4.8   9.9  17.4  15.1  16.0  17.1  15.3  10.2   4.7   3.2 
1842  -5.3  -0.1   4.3   6.0  15.3  16.0  16.5  21.8  13.7   6.8   0.8   2.6 
1843  -0.1   2.6   2.3   9.4  11.8  14.4  16.9  18.4  13.7   8.9   5.2   3.0 
1844  -2.5  -1.3   2.3   9.6  13.5  15.7  14.6  14.9  14.7   9.5   6.3  -3.0 
1845   1.2  -4.5  -4.2   9.5  10.9  18.1  18.9  16.1  13.0   9.8   6.4   2.6 
1846   0.8   4.0   7.1   9.4  12.6  18.7  20.1  20.6  15.2  11.2   3.6  -3.9 
1847  -4.3  -1.5   3.1   5.7  15.8  15.3  18.2  19.2  11.7   8.0   4.4  -0.7 
1848  -9.0   3.7   5.8  11.1  13.6  17.9  18.1  16.3  12.9   9.9   3.4   0.4 
1849  -2.0   3.7   3.2   7.3  14.1  16.3  16.0  15.9  13.1   8.4   2.1  -3.2 
1850  -7.8   3.6   0.8   9.1  11.8  16.8  16.7  16.6  11.6   6.7   5.5   0.9 
1851   1.9   0.8   4.1   9.0   9.4  15.9  16.5  17.4  11.4  10.6   0.8   1.3 
1852   3.4   2.0   1.4   5.4  14.1  17.0  20.7  18.1  14.2   8.1   7.1   5.4 
1853   2.8  -1.8  -1.8   5.8  12.3  17.4  19.2  17.4  13.6   9.8   2.8  -4.9 
1854  -0.1   0.4   4.7   8.6  14.0  15.9  19.2  17.1  13.8   9.5   2.0   2.5 
1855  -2.4  -7.2   2.9   6.9  12.3  17.5  17.6  18.3  13.4  11.5   2.5  -3.7 
1856   0.9   2.5   2.2  10.8  12.3  16.9  16.8  18.2  13.2  10.6   1.1   2.1 
1857  -2.9   1.9   4.3   8.7  14.5  18.4  19.2  20.2  16.0  11.3   3.1   2.9 
1858  -1.8  -2.6   2.4   8.6  12.4  20.7  17.2  18.8  15.0   9.6  -1.5   1.8 
1859   1.5   3.5   7.4   7.8  14.0  18.6  21.9  20.6  14.5  10.2   2.8  -1.6 
1860   2.1  -0.5   2.7   8.4  14.7  16.8  15.9  16.4  13.9   7.9   1.3  -1.4 
1861  -5.4   3.8   5.5   6.2  10.8  18.6  18.6  18.4  13.1   9.3   4.8   0.4 
1862  -2.6   0.1   6.0   9.3  15.6  15.8  16.8  16.1  13.4  10.5   3.5   1.0 
1863   2.4   2.5   4.8   7.8  12.4  16.2  16.2  18.3  13.4  10.5   4.0   2.8 
1864  -6.5  -1.1   4.4   5.8   9.8  16.0  16.4  15.3  13.6   7.9   1.9  -4.1 
1865  -0.1  -5.9  -1.1   9.4  16.9  14.6  20.9  17.1  15.4   9.3   6.4   0.9 
1866   4.0   4.3   2.4   9.6  10.5  19.0  16.9  16.5  15.9   6.5   4.5   2.8 
1867   0.0   4.6   1.6   8.3  12.3  16.8  16.9  18.0  14.9   8.5   3.4  -1.0 
1868  -1.1   4.5   4.3   7.8  17.4  17.9  20.0  20.1  15.4   8.3   2.1   4.6 
1869  -1.3   5.4   1.5  10.8  13.6  13.9  19.5  16.0  15.0   7.3   3.1  -1.0 
1870  -0.1  -5.5   0.5   7.8  13.4  15.9  18.9  16.4  12.1   7.9   4.1  -5.6 
1871  -6.8  -1.8   5.5   6.9   9.6  13.4  18.5  18.0  13.8   6.3   0.8  -3.3 
1872   0.3   1.7   5.1   9.8  13.9  16.5  19.3  16.5  15.0   9.3   6.2   2.6 
1873   3.0  -0.9   4.0   6.7  10.0  17.2  19.4  18.4  12.7   9.8   3.9   1.2 
1874   1.6   0.5   3.6   9.1   9.5  16.4  20.3  15.9  15.9   9.8   1.4  -1.3 
1875   1.4  -5.1   0.1   7.1  14.0  18.3  18.4  19.4  13.2   5.9   2.1  -2.7 
1876  -3.5   1.1   4.2   8.7   9.3  17.1  18.7  18.3  12.5  10.8   1.5   1.7 
1877   2.6   2.6   2.2   6.1  10.4  19.2  18.1  18.2  10.4   7.4   6.3   0.6 
1878   0.0   2.6   3.3   9.2  13.7  16.8  16.5  17.8  14.8   9.9   3.3  -0.8 
1879  -2.7   0.7   1.3   6.6  11.4  17.0  16.2  18.3  14.5   8.2   0.8  -7.3 
1880  -2.2   0.5   3.7   9.6  11.8  16.4  18.6  16.8  14.4   8.0   4.0   4.1 
1881  -6.4  -0.2   2.7   5.4  12.5  15.7  19.4  16.3  12.0   5.0   5.9   1.0 
1882   0.7   2.2   6.8   8.1  12.5  15.2  17.9  15.2  13.8   8.8   3.9   0.4 
1883  -0.8   1.9  -1.8   5.9  13.4  18.1  18.0  17.3  14.5   9.1   4.6   1.1 
1884   3.3   2.9   5.1   6.1  13.7  14.1  19.0  17.5  14.7   8.3   1.9   2.1 
1885  -3.4   2.4   3.1  10.3  11.3  17.7  18.2  15.2  13.6   8.1   2.5   0.1 
1886  -1.5  -3.0   0.1   9.5  13.5  15.6  17.6  18.1  15.8   9.4   5.2   1.2 
1887  -4.2  -0.5   1.7   7.9  11.0  16.0  19.3  16.3  13.1   6.2   3.5   0.0 
1888  -1.0  -2.6   1.1   6.7  13.1  17.2  15.9  16.3  13.1   7.3   3.1   0.7 
1889  -2.3  -2.0   0.8   7.6  17.4  20.1  17.7  16.7  11.8   8.4   2.9  -0.8 
1890   2.4  -2.6   4.9   8.2  15.2  15.1  17.0  18.2  14.1   8.3   3.0  -5.2 
1891  -3.9  -0.2   3.7   5.8  14.4  15.6  17.4  16.4  14.8  10.7   3.2   2.6 
1892  -1.1   1.3   1.1   7.9  13.0  17.1  17.8  20.2  14.9   7.8   1.2  -0.8 
1893  -7.5   2.3   5.3   9.0  13.1  17.2  19.1  18.0  13.2  11.0   2.5   0.6 
1894  -1.6   2.7   5.4  10.3  12.4  15.6  19.3  16.8  11.7   8.7   5.3   1.1 
1895  -3.2  -5.4   1.8   9.5  13.6  17.2  19.4  18.2  15.7   7.8   5.2   0.6 
1896  -0.2   0.3   6.0   7.0  11.5  18.1  18.2  15.8  13.8  10.0   1.4  -0.4 
1897  -2.4   1.3   6.1   8.4  11.9  18.5  17.3  18.6  13.4   7.6   3.0   2.1 
1898   2.5   2.3   4.3   8.0  13.4  16.7  15.5  19.5  14.3   8.9   5.0   4.2 
1899   2.7   2.5   3.3   8.6  12.4  15.7  18.4  17.6  13.5   8.4   7.4  -2.9 
1900   1.4   1.4   1.5   7.8  12.2  17.9  19.7  17.9  14.3   9.5   4.9   3.1 
1901  -4.1  -3.7   2.6   9.2  14.1  17.7  20.1  18.1  14.0   9.9   3.6   1.3 
1902   4.3  -0.6   4.3   8.2  10.2  17.2  17.0  15.7  12.7   7.1   1.7  -2.4 
1903   0.9   4.7   6.7   6.2  14.0  16.8  18.0  17.3  14.5  10.5   5.6  -0.4 
1904  -1.2   1.7   3.5   9.9  13.4  16.4  20.1  18.4  12.8   9.1   4.4   3.2 
1905  -1.5   2.2   5.3   6.5  13.3  18.7  19.3  17.6  13.3   5.4   3.5   1.8 
1906   1.7   1.6   3.3   9.6  15.0  16.4  18.5  17.6  13.4  10.1   7.3  -1.6 
1907   0.4  -0.6   3.7   7.3  14.6  16.6  15.7  16.9  13.6  12.2   3.3   1.8 
1908  -1.3   2.2   3.6   6.4  14.8  18.6  18.9  16.0  13.3   8.3   1.2  -0.5 
1909  -1.3  -2.0   1.9   8.9  12.4  16.2  16.8  17.4  13.6  10.8   2.6   2.6 
1910   2.4   4.0   5.0   8.6  14.5  18.7  16.6  17.5  13.3  10.3   2.8   3.2 
1911  -0.7   2.0   4.9   9.1  14.9  17.5  21.5  22.0  16.2   9.4   5.3   3.4 
1912  -2.2   3.0   7.2   7.8  13.2  17.3  20.2  15.6  10.0   7.3   3.2   4.0 
1913  -0.3   2.0   7.0   9.3  14.0  16.6  16.5  16.4  13.9  10.4   7.3   2.6 
1914  -3.2   3.9   5.8  10.9  12.3  16.7  19.7  19.7  13.9   8.8   4.0   4.3 
1915   0.4   1.3   2.2   7.8  14.8  20.1  18.6  17.0  13.1   6.8   2.0   3.8 
1916   4.1   0.9   5.0   9.7  15.1  14.7  17.4  17.8  13.2   8.8   5.1   2.3 
1917  -3.0  -4.9  -0.1   5.6  16.5  21.8  19.3  18.9  16.1   8.7   5.8  -1.5 
1918   1.5   2.3   4.8  10.8  15.4  14.7  18.3  17.2  14.9   8.8   3.3   4.2 
1919   0.8   0.4   4.1   6.6  12.4  16.7  16.4  17.9  16.6   6.8   0.2   0.8 
1920   2.6   3.4   7.2  11.1  15.7  16.3  19.9  17.2  14.2   6.4   1.1   0.4 
1921   5.0   1.7   7.1   9.3  15.4  15.2  19.2  19.4  14.3  11.7   0.7   0.8 
1922  -2.4  -0.8   4.3   6.7  14.3  16.5  16.9  16.2  12.2   5.0   3.2   3.0 
1923   2.4   0.6   5.6   7.5  13.1  12.0  20.1  16.9  14.2  11.3   3.8  -1.8 
1924  -2.9  -2.5   3.0   7.4  16.3  17.2  18.6  16.8  15.1   9.9   3.2   2.0 
1925   3.5   4.9   2.4   9.6  15.8  16.2  19.1  17.7  12.0   9.0   3.3   0.6 
1926   0.2   4.6   4.9  11.2  12.5  15.4  19.6  17.4  15.8   9.0   7.0   1.1 
1927   2.9   1.8   7.8   8.4  11.9  15.8  18.9  17.9  14.7   9.5   2.8  -2.8 
1928   2.3   3.4   3.7   8.3  11.2  15.5  19.7  17.4  13.3   9.6   7.1   0.3 
1929  -4.5 -10.3   3.7   5.8  14.8  16.1  19.1  18.8  16.3  11.2   5.9   4.9 
1930   3.2   0.5   5.7   9.5  13.2  20.0  18.1  17.1  14.1   9.6   7.0   1.6 
1931   1.2   0.2   1.4   7.1  17.1  17.6  18.9  17.1  11.5   8.2   5.6   1.3 
1932   2.9  -1.5   1.5   8.8  14.2  15.8  19.4  20.1  16.1   9.5   5.0   1.8 
1933  -2.1   0.9   6.4   8.0  13.3  15.8  20.0  17.9  13.9   9.6   3.5  -3.9 
1934   1.9   2.7   6.0  12.0  15.1  18.9  20.0  18.4  16.7  10.6   5.4   5.8 
1935   0.5   3.2   3.4   9.1  12.0  19.7  19.6  18.0  15.1   9.6   6.7   1.4 
