Number= 593160
Name= SHANTOU
Country= CHINA
Lat=   23.4
Long= -116.7
Height= 1
Start year= 1924
End year= 2011
First Good year= 1924
Source ID= 10
Source file= Jones+Anders
Jones data to= 2001
Normals source= Data
Normals source start year= 1961
Normals source end year= 1990
Normals=  13.1  13.7  16.2  20.5  24.2  26.5  28.2  28.0  26.5  23.3  19.3  15.1 
Standard deviations source= Data
Standard deviations source start year= 1941
Standard deviations source end year= 1990
Standard deviations=   1.3   1.4   1.3   1.2   0.9   0.8   0.5   0.5   0.5   0.9   1.1   1.3 
Obs:
1924  14.8  13.7  15.2  19.8  25.7  26.2  27.8  28.6  27.4  24.3  18.4  15.0 
1925  12.9  12.2  16.1  17.2  24.4  27.4  28.7  28.7  27.3  22.4  20.2  15.2 
1926  14.2  13.9  16.3  19.5  24.2  25.4  28.6  28.8  28.2  23.4  19.7  16.1 
1927  14.0  13.4  14.4  18.1  23.3  27.1  27.7  28.7  26.8  23.3  20.4  17.1 
1928  15.2  13.9  16.2  20.1  24.6  26.5  29.8  28.8  27.8  23.0  19.6  17.1 
1929  14.7  13.4  16.2  20.1  24.7  27.8  27.6  27.6  27.1  23.2  16.5  16.8 
1930  11.8  13.8  15.8  21.9  25.3  27.6  28.4  28.4  26.0  23.3  19.5  16.8 
1931  14.5  14.5  16.2  20.0  24.1  26.4  28.1  28.2  27.1  22.7  20.1  16.1 
1932  13.7  12.6  15.1  20.4  26.4  27.0  27.7  28.1  25.8  23.3  20.0  15.5 
1933  12.0  13.6  15.3  21.1  24.9  27.3  28.2  29.3  27.8  24.2  19.1  16.0 
1934  11.7  13.3  16.0  19.2  23.9  26.8  27.9  27.6  27.9  23.0  19.8  16.7 
1935  14.3  14.7  17.7  19.7  24.3  27.2  27.8  27.9  26.0  24.9  21.0  15.4 
1936  13.1  13.6  13.3  20.3  23.8  27.8  28.2  28.2  26.7  22.5  19.8  17.0 
1937  15.1  14.7  16.4  20.8  25.0  26.9  28.6  27.6  27.7  24.3  20.7  16.7 
1938  14.6  13.2  15.6  20.9  25.4  29.1  28.0  27.9  27.1  24.8  19.5  17.2 
1939  14.4  14.9  16.6  18.6  23.3 -99.0 -99.0 -99.0 -99.0 -99.0 -99.0 -99.0 
1940 -99.0 -99.0 -99.0 -99.0 -99.0 -99.0  28.1  27.8  28.3  25.0  20.7  17.3 
1941  16.3  15.2  18.6  19.7  25.1  27.6  28.6  28.9  26.8  24.2  20.4  17.2 
1942  13.6  13.9  18.6  21.1  24.7  28.5  27.2  28.5  26.8  24.5  20.2  15.1 
1943 -99.0 -99.0 -99.0 -99.0 -99.0 -99.0 -99.0 -99.0 -99.0 -99.0 -99.0 -99.0 
1944 -99.0 -99.0 -99.0 -99.0 -99.0 -99.0 -99.0 -99.0 -99.0 -99.0 -99.0 -99.0 
1945 -99.0 -99.0 -99.0 -99.0 -99.0 -99.0 -99.0 -99.0 -99.0 -99.0 -99.0 -99.0 
1946 -99.0 -99.0 -99.0 -99.0 -99.0 -99.0 -99.0 -99.0 -99.0 -99.0 -99.0 -99.0 
1947 -99.0 -99.0 -99.0 -99.0 -99.0 -99.0 -99.0 -99.0 -99.0 -99.0 -99.0 -99.0 
1948 -99.0 -99.0 -99.0 -99.0 -99.0 -99.0 -99.0 -99.0 -99.0 -99.0 -99.0 -99.0 
1949 -99.0 -99.0 -99.0 -99.0 -99.0 -99.0 -99.0 -99.0 -99.0 -99.0 -99.0 -99.0 
1950 -99.0 -99.0 -99.0 -99.0 -99.0 -99.0 -99.0 -99.0 -99.0 -99.0 -99.0 -99.0 
1951  13.4  14.6  14.5  18.5  23.7  25.9  27.8  27.9  27.3  24.3  19.7  16.7 
1952  14.4  14.5  17.4  20.3  26.0  27.3  28.3  28.3  27.3  23.9  21.1  14.4 
1953  14.0  15.0  17.0  17.9  23.2  27.6  29.0  28.9  26.7  24.8  20.8  16.9 
1954  15.4  14.3  14.5  20.4  26.0  27.5  28.8  28.3  27.1  23.3  19.9  14.7 
1955  11.9  14.9  17.9  20.3  24.5  26.2  27.2  27.7  27.4  21.9  17.3  15.0 
1956  11.9  13.7  16.1  21.1  24.3  27.6  28.5  28.1  27.2  23.1  17.6  14.7 
1957  14.5  11.1  14.5  20.6  24.1  26.4  28.4  28.3  25.9  21.9  19.3  16.5 
1958  12.9  12.4  17.3  22.1  25.0  26.6  27.7  27.4  26.8  22.6  18.0  15.0 
1959  12.6  15.4  16.5  21.0  24.4  27.1  28.0  27.9  26.6  22.5  20.2  16.7 
1960  13.5  14.3  19.1  19.4  23.3  26.7  28.2  27.3  26.8  23.4  19.8  14.6 
1961  12.7  13.3  15.8  20.2  24.2  28.0  28.0  27.3  26.5  23.9  20.4  16.4 
1962  11.3  13.7  15.7  19.0  24.3  26.6  28.6  28.9  27.0  23.3  18.8  14.6 
1963  10.3  13.1  16.9  21.7  26.7  26.7  27.6  28.4  27.5  22.6  20.4  15.3 
1964  13.9  12.5  16.0  23.2  24.1  26.3  28.9  28.0  27.1  24.7  18.6  14.6 
1965  13.5  15.8  16.0  19.5  23.2  25.7  27.8  28.2  25.6  23.2  20.9  15.6 
1966  14.8  15.6  18.7  21.1  23.8  25.6  27.8  28.4  25.3  23.3  20.6  16.4 
1967  12.5  12.8  16.9  20.3  25.9  27.2  29.0  27.9  25.6  22.3  20.7  12.5 
1968  13.0  10.0  15.7  19.7  24.5  25.4  28.3  28.0  26.6  22.0  19.7  18.5 
1969  14.4  12.2  15.4  20.5  25.0  25.2  28.5  28.4  27.6  22.5  17.8  13.7 
1970  12.0  14.9  13.5  18.9  24.0  26.8  28.6  27.9  26.7  23.4  19.3  16.4 
1971  11.1  13.8  16.1  21.0  24.0  27.5  28.4  27.7  26.6  22.1  18.2  15.1 
1972  13.7  12.6  16.7  19.9  24.0  26.7  27.7  27.1  25.9  23.4  20.5  15.3 
1973  13.6  16.6  18.0  21.9  24.5  26.1  27.3  27.3  26.5  23.1  18.5  13.1 
1974  13.0  11.7  15.5  20.5  24.5  26.0  28.0  27.8  26.5  24.2  19.3  16.4 
1975  14.1  14.8  16.2  22.1  24.0  26.3  28.0  27.8  27.0  24.3  18.6  12.3 
1976  12.6  15.2  15.7  19.5  24.4  25.6  27.7  27.6  25.5  23.0  16.8  14.9 
1977  11.7  11.8  17.7  22.8  25.4  27.1  28.3  28.2  26.9  23.7  18.5  16.7 
1978  13.2  13.8  15.7  20.5  23.3  26.8  28.3  28.0  27.1  21.8  18.9  15.7 
1979  11.1  14.9  16.4  20.6  22.5  25.6  28.9  28.1  26.3  21.5  17.9  16.0 
1980  13.7  12.3  17.2  20.1  23.0  27.8  28.2  28.4  26.1  23.4  19.8  15.4 
1981  13.2  15.0  18.2  22.0  23.3  25.7  27.9  28.7  26.6  23.2  18.4  14.0 
1982  13.8  13.9  16.7  18.8  24.4  25.6  27.9  28.0  26.6  24.3  20.5  14.3 
1983  13.1  12.9  15.2  21.7  24.2  27.4  28.6  28.0  27.3  24.8  18.5  13.7 
1984  11.5  12.9  15.3  19.0  23.0  27.2  28.6  27.7  26.5  23.5  20.2  14.6 
1985  13.5  14.2  14.7  19.3  25.3  25.9  27.3  27.8  26.6  24.7  20.0  14.4 
1986  12.8  12.3  14.9  20.9  24.0  26.7  27.9  28.6  26.5  22.9  19.4  15.4 
1987  14.7  15.6  18.1  19.7  23.4  26.2  28.6  28.7  25.9  24.3  20.6  14.7 
1988  15.0  14.4  14.9  19.1  25.0  28.0  28.9  27.4  26.5  23.7  18.0  14.5 
1989  14.1  14.5  16.4  20.9  23.8  26.6  28.5  28.4  27.2  23.3  19.3  14.9 
1990  14.7  15.3  16.9  19.6  23.9  26.6  28.4  28.5  26.8  23.4  21.0  16.4 
1991  14.9  15.1  18.2  20.9  24.9  27.6  28.2  28.5  27.3  22.9  19.3  16.3 
1992  13.5  13.2  16.3  20.5  23.4  26.0  27.9  28.3  27.7  22.9  18.2  17.4 
1993  12.7  15.3  17.4  20.0  24.4  27.0  29.1  28.6  26.9  23.5  20.8  15.4 
1994  14.6  15.0  15.2  23.0  26.2  25.7  28.3  28.0  26.4  23.7  21.1  18.6 
1995  14.3  13.2  16.3  21.3  24.2  28.0  28.0  27.3  27.3  24.8  19.4  14.9 
1996  14.7  12.8  16.8  18.1  23.4  28.3  29.3  28.1  28.1  25.0  21.8  16.1 
1997  14.3  14.3  18.4  21.7  24.9  26.8  27.6  28.2  26.1  24.9  21.2  17.2 
1998  14.8  15.0  17.2  23.7  26.1  27.5  29.5  29.6  27.1  25.6  22.0  17.8 
1999  15.5  16.4  18.2  22.2  23.8  28.5  28.6  28.2  27.6  25.5  20.9  15.4 
2000  15.2  14.0  17.8  21.1  25.2  27.8  29.2  28.2  27.5  25.9  20.4  17.8 
2001  15.8  16.2  19.2  21.2  25.7  27.1  28.4  29.2  27.9  24.9  19.6  16.7 
2002  15.0  16.5  20.0  23.3  26.3  28.7  28.8  28.7  26.9  24.5  20.2  16.9 
2003  14.2  16.5  17.2  22.5  25.4  26.9  30.1  29.2  27.9  24.3  21.2  15.8 
2004  15.8  15.7  17.1  22.0  25.9  28.1  28.8  29.2  27.6  23.6  21.4  17.3 
2005  13.7  14.2  15.1  21.7  26.0  27.1  29.3  28.6  28.4  25.3  22.1  15.5 
2006  15.3  16.0  16.9  22.4  24.8  27.6  29.2  28.9  27.2  26.1  22.1  17.2 
2007  15.4  17.4  18.6  20.9  25.7  27.6  30.1  28.1  27.8  25.1  20.4  17.9 
2008  14.7  12.2  18.0  21.8  24.4  26.6  28.6  28.5  29.0  26.0  20.9  16.4 
2009  13.6  18.5  17.6  20.6  24.7  27.6  29.0  29.8  29.1  25.4  19.7  15.8 
2010  15.2  15.7  18.2  19.6  24.5  26.3  29.5  29.7  28.0  24.3  20.1  16.1 
2011  12.3  14.4  15.9  21.1  24.5 -99.0 -99.0 -99.0 -99.0 -99.0 -99.0 -99.0 
