Number= 597580
Name= HAIKOU
Country= CHINA
Lat=   20.0
Long= -110.4
Height= 14
Start year= 1928
End year= 2011
First Good year= 1928
Source ID= 30
Source file= Jones+Anders
Jones data to= 1991
Normals source= Data
Normals source start year= 1961
Normals source end year= 1990
Normals=  17.3  18.2  21.2  24.8  27.2  28.1  28.4  27.8  26.9  25.0  22.1  18.8 
Standard deviations source= Data
Standard deviations source start year= 1941
Standard deviations source end year= 1990
Standard deviations=   1.7   1.7   1.7   1.2   0.7   0.5   0.5   0.5   0.5   0.7   0.9   1.3 
Obs:
1928  19.9  17.2  23.0  24.7  27.7  28.1  28.6  28.0  26.5  23.1  21.1  20.5 
1929  19.6  18.9  21.2  24.3  29.5  29.4  27.9  27.3  26.7  25.3  21.3  20.3 
1930  13.9  18.1  20.0  27.2  27.8  29.1  27.6  27.2  25.8  24.9  22.9  19.8 
1931  18.8  19.8  22.4  27.3  28.3  29.2  28.6  27.2  26.5  22.7  21.3  19.2 
1932  16.9  16.5  19.5  25.3  28.8  28.9  27.5  27.6  25.4  24.1  21.8  17.9 
1933  14.0  19.6  20.5  25.8  27.9  29.2  27.9  27.6  26.7  24.3  20.7  19.5 
1934  15.5  17.1  20.0  23.0  27.1  28.5  27.0 -99.0  26.5  22.6  22.2  18.6 
1935  18.3  19.4  22.5  25.8  27.1  29.2  28.0  27.5  25.5  25.1  22.9  17.8 
1936  16.1  18.2  18.2  25.9  27.1  28.6  28.0  27.0  26.5  23.6  22.2  19.8 
1937  18.2  18.5  23.4  26.0  27.9  28.2  27.9  27.3  26.3  24.9  21.4  19.7 
1938  17.8  17.4  19.5  24.1  27.3  28.7  27.8  27.0  26.4  24.5  21.1  19.2 
1939  17.3  19.8  23.5  23.5  26.7  28.3  28.0  26.6  25.8  24.5  22.4  17.1 
1940  17.2  18.7  21.4  22.7  27.2  28.7  29.0  26.7  26.8  25.1  22.3  20.6 
1941  21.6  21.1  21.4  24.2  27.5  28.3  29.0  27.5  26.0  24.5  22.0  19.4 
1942  18.0  18.9  22.9  25.8  27.7  28.9  28.0  27.2  25.9  24.5  22.1  19.1 
1943 -99.0 -99.0 -99.0 -99.0 -99.0 -99.0 -99.0 -99.0 -99.0 -99.0 -99.0 -99.0 
1944 -99.0 -99.0 -99.0 -99.0 -99.0 -99.0 -99.0 -99.0 -99.0 -99.0 -99.0 -99.0 
1945 -99.0 -99.0 -99.0 -99.0 -99.0 -99.0 -99.0 -99.0 -99.0 -99.0 -99.0 -99.0 
1946 -99.0 -99.0 -99.0 -99.0 -99.0 -99.0 -99.0 -99.0 -99.0 -99.0 -99.0 -99.0 
1947  21.2  17.7  19.8  22.9  27.3  28.2  27.8  27.4  26.7  23.8  21.2  18.2 
1948  17.6  19.5  21.7  23.4  26.6  27.3  27.1 -99.0  27.7  26.4  21.5  21.9 
1949  16.5  19.9  23.3  25.4  28.6 -99.0  29.0  28.4  27.5  25.6  22.7  20.5 
1950  20.3  18.2  22.2  24.1  27.3  28.0  28.9  27.4  27.1  25.1  22.5  17.6 
1951  16.7  19.0  19.7  24.6  26.5  27.5  28.4  27.9  27.3  25.5  22.5  19.2 
1952  18.6  20.4  24.8  25.7  28.7  28.9  29.0  27.7  26.9  25.5  23.0  17.1 
1953  17.9  18.5  23.3  23.0  27.5  28.5  29.3  28.5  27.1  26.5  23.1  19.1 
1954  20.2  19.4  18.3  25.7  28.2  29.2  29.6  28.3  27.1  24.7  22.7  17.8 
1955  15.1  19.7  22.9  24.5  28.1  28.7  28.6  28.0  27.7  25.1  21.2  19.3 
1956  16.2  19.5  22.9  25.9  27.8  28.6  28.7  27.8  27.4  25.2  20.9  17.0 
1957  17.9  16.1  20.2  24.9  27.2  27.9  28.4  28.0  27.0  24.3  22.6  20.3 
1958  17.5  16.7  23.1  25.8  28.3  27.6  28.2  27.5  27.0  24.3  21.2  19.0 
1959  17.6  19.6  20.3  25.2  27.0  29.4  28.2  27.5  26.8  24.5  22.9  20.5 
1960  17.6  18.7  24.3  24.1  27.0  28.0  28.0  27.8  26.7  24.6  22.9  18.5 
1961  16.8  18.0  22.4  25.2  26.6  28.1  28.8  28.0  26.8  25.1  23.0  20.4 
1962  15.5  17.6  20.3  23.7  27.8  27.9  28.6  27.9  26.8  24.8  21.6  18.1 
1963  13.8  17.2  20.2  24.4  28.0  27.4  27.4  27.6  27.4  25.1  23.8  19.0 
1964  18.6  16.5  21.0  26.5  27.1  27.9  27.9  27.5  26.9  25.8  21.0  18.0 
1965  16.9  20.5  21.2  25.2  26.9  27.3  27.8  27.5  26.4  25.4  23.2  19.3 
1966  20.0  20.4  22.9  26.6  26.1  28.0  28.0  27.6  26.0  25.5  22.6  21.0 
1967  15.7  16.1  21.5  24.2  28.3  27.8  29.1  27.6  26.2  23.8  22.7  16.7 
1968  17.8  13.3  20.2  22.6  27.0  27.5  29.0  28.0  26.5  24.4  22.5  21.3 
1969  19.0  17.5  20.1  23.8  27.9  27.8  28.3  27.8  27.3  25.2  21.2  17.8 
1970  16.2  19.8  20.0  23.6  27.3  28.3  28.7  27.9  26.9  24.0  21.2  19.4 
1971  15.8  17.4  20.1  25.0  26.2  27.8  27.7  26.9  27.2  23.7  20.6  18.3 
1972  16.4  18.1  20.5  23.8  26.9  28.0  28.0  26.9  26.9  25.6  23.4  19.8 
1973  17.9  21.9  23.9  26.6  28.6  28.2  28.0  26.9  26.3  24.4  21.2  17.6 
1974  17.0  16.6  19.7  23.5  27.3  27.9  28.6  27.5  27.1  24.5  20.7  18.3 
1975  17.3  19.1  22.9  25.8  28.1  27.8  27.9  27.2  27.2  24.6  20.9  15.7 
1976  16.3  19.5  20.5  24.8  27.0  27.7  27.5  27.0  26.8  25.2  20.1  18.6 
1977  15.4  15.1  20.4  25.5  28.4  29.8  28.5  28.6  26.6  25.5  22.0  20.5 
1978  18.0  18.1  22.2  25.0  26.8  28.1  28.6  27.6  26.6  24.2  21.9  19.8 
1979  20.0  20.8  22.5  24.4  27.0  27.6  28.9  27.8  26.5  23.9  21.1  19.6 
1980  19.1  16.7  24.2  25.8  27.1  28.3  28.3  28.4  26.8  25.8  22.6  19.9 
1981  17.8  20.6  23.7  26.7  26.6  27.8  28.3  28.8  27.0  25.2  22.4  17.3 
1982  18.4  18.8  22.5  23.5  26.6  28.2  28.6  28.3  26.8  25.9  23.2  17.2 
1983  15.9  17.5  19.2  25.2  27.5  29.0  29.4  27.7  28.0  25.8  21.8  18.1 
1984  14.5  15.6  20.2  26.2  26.2  28.2  28.5  27.6  26.8  25.3  22.6  18.2 
1985  16.6  19.1  18.8  21.9  27.6  28.4  28.2  27.5  26.0  25.4  23.6  19.3 
1986  17.3  18.5  20.5  25.6  27.0  28.2  28.4  28.2  27.3  25.3  21.6  19.1 
1987  18.8  20.6  24.9  24.9  27.9  28.7  28.9  28.6  27.7  26.3  23.1  17.4 
1988  19.6  19.6  19.8  22.4  28.5  28.9  29.0  28.0  27.8  24.7  20.4  18.9 
1989  17.0  17.7  20.3  25.3  27.2  28.4  28.4  28.4  28.0  25.3  22.5  19.3 
1990  18.4  18.9  20.7  25.4  25.8  28.3  28.7  28.9  27.7  25.6  23.2  20.4 
1991  20.0  19.9  24.8  25.6  28.1  28.1  28.7  28.3  28.0  25.5  22.2  19.9 
1992  16.9  18.0  22.2  25.4  27.7  28.2  28.1  28.8  27.7  24.9  22.3  20.5 
1993  16.6  20.2  22.3  25.3 -99.0  29.2  29.4  28.3  27.3  24.9  22.6  18.2 
1994  18.4  21.1  20.2  26.9  28.4  28.4  27.9  28.2  27.1  25.4  23.5  21.6 
1995  17.9  18.0  21.3  26.3  27.5  29.0  28.8  28.0  27.2  25.5  22.0  18.8 
1996  18.9  16.3  22.5  22.9  27.2  29.4  29.6  28.4  27.0  26.3  23.8  19.4 
1997  18.7  17.7  22.3  25.2  27.5  28.1  28.6  29.3  26.1  26.2  24.5  21.0 
1998  19.7  20.4  23.5  26.6  28.0  29.8  29.4  29.2  27.9  26.6  24.0  19.8 
1999  18.0  20.2  23.4  26.1  26.7  29.0  29.5  28.2  27.7  26.3  23.2  17.4 
2000  18.8  18.3  21.7  26.4  27.3  28.7  28.7  28.7  27.2  26.2  22.0  20.3 
2001  20.0  18.9  22.6  26.8  27.8  28.7  28.7  28.6  27.9  26.7  22.2  19.5 
2002  18.7  20.7  23.7  27.3  28.3  29.3  28.9  28.3  26.8  25.9  23.2  20.4 
2003  17.9  21.4  22.7  27.4  28.7  29.4  29.7  28.9  27.6  26.2  23.6  19.6 
2004  19.6  18.6  22.2  25.5  27.7  29.2  29.1  29.1  27.7  25.3  23.4  20.7 
2005  19.0  20.3  20.1  25.4  29.4  29.4  29.4  28.7  28.3  27.0  24.6  19.1 
2006  18.5  20.5  21.9  26.7  28.3  29.5  30.0  28.5  27.4  27.1  25.3  20.8 
2007  17.0  21.1  23.2  23.4  26.7  28.5  28.8  27.0  26.8  25.0  21.2  20.5 
2008  16.9  13.3  20.9  25.3  26.6  27.5  28.0  27.6  27.4  25.8  22.7  19.2 
2009  16.1  22.5  22.7  24.1  26.2  28.3  28.3  28.1  27.9  25.8  21.5  19.8 
2010  19.1  21.2  22.8  25.2  28.5  28.9  28.9  27.0  27.5  24.5  21.9  19.5 
2011  14.3  18.0  17.7  23.4  26.9 -99.0 -99.0 -99.0 -99.0 -99.0 -99.0 -99.0 
