Number= 964410
Name= BINTULU
Country= MALAYSIA
Lat=    3.2
Long= -113.0
Height= 31
Start year= 1940
End year= 2011
First Good year= 1940
Source ID= 10
Source file= Jones+Anders
Jones data to= 1990
Normals source= Data
Normals source start year= 1961
Normals source end year= 1990
Normals=  25.8  26.1  26.4  26.8  27.1  27.0  26.7  26.6  26.5  26.5  26.3  26.1 
Standard deviations source= Data
Standard deviations source start year= 1941
Standard deviations source end year= 1990
Standard deviations=   0.6   0.5   0.5   0.5   0.4   0.4   0.4   0.5   0.4   0.5   0.4   0.5 
Obs:
1940  25.7  25.6  26.2  26.9  27.0  27.0  27.2  26.8  26.8  26.6  26.3  26.3 
1941  26.7  26.9  27.1  27.7  27.9  27.9  27.2  27.5  26.7  27.2 -99.0 -99.0 
1942 -99.0 -99.0 -99.0 -99.0 -99.0 -99.0 -99.0 -99.0 -99.0 -99.0 -99.0 -99.0 
1943 -99.0 -99.0 -99.0 -99.0 -99.0 -99.0 -99.0 -99.0 -99.0 -99.0 -99.0 -99.0 
1944 -99.0 -99.0 -99.0 -99.0 -99.0 -99.0 -99.0 -99.0 -99.0 -99.0 -99.0 -99.0 
1945 -99.0 -99.0 -99.0 -99.0 -99.0 -99.0 -99.0 -99.0 -99.0 -99.0 -99.0 -99.0 
1946 -99.0 -99.0 -99.0 -99.0 -99.0 -99.0 -99.0 -99.0 -99.0 -99.0 -99.0 -99.0 
1947 -99.0 -99.0 -99.0 -99.0 -99.0 -99.0 -99.0 -99.0 -99.0 -99.0 -99.0 -99.0 
1948 -99.0 -99.0 -99.0 -99.0 -99.0 -99.0 -99.0 -99.0 -99.0 -99.0 -99.0 -99.0 
1949 -99.0 -99.0 -99.0 -99.0 -99.0 -99.0 -99.0 -99.0 -99.0 -99.0 -99.0 -99.0 
1950  26.3  25.7  26.6  27.0  26.9  27.1  27.0  26.6  26.8  26.5  26.6  26.3 
1951  26.8  26.4  26.5  27.1  27.3  27.3  26.6  27.3  26.7  26.7  27.1  26.9 
1952  26.9  27.1  26.8  27.3  27.2  27.6  27.2  27.2  26.8  26.9  26.8  26.6 
1953  26.8  26.6  27.4  27.6  27.7  27.8  27.1  27.5  27.3  27.2  27.3  27.3 
1954  27.3  27.1  27.3  27.5  27.9  27.1  27.1  27.3  27.2  26.7  27.1  26.9 
1955  27.0  26.4  26.5  27.5  28.1  27.3  27.4  27.2  27.0  27.5 -99.0  26.8 
1956  26.3  26.3  26.6  27.4  27.5  26.8  26.6  26.9  26.8  26.4  26.4  26.1 
1957  25.9  25.6  26.7  27.1  27.3  27.5  27.3  27.3  26.9  27.0  26.7  27.0 
1958  26.7  26.6  27.1  27.3  27.6  27.4  27.4  26.7  27.0  26.9  26.3  26.5 
1959  26.4  26.6  26.3  26.9  26.9  26.5  26.7  26.7  26.3  26.6  26.4  26.6 
1960  26.2  26.0  26.5  27.2  27.3  27.0  26.6  27.4  26.7  26.8  26.6  26.6 
1961  25.2  25.8  26.2  26.4  26.9  26.5  26.4  26.2  25.9  25.7  26.4  25.8 
1962  25.6  25.4  25.9  26.3  26.8  26.3  26.4  25.8  26.1  26.3  25.9  25.8 
1963  24.6  25.1  25.4  25.9  26.4  26.7  26.3  26.0  26.5  26.0  26.3  25.9 
1964  26.4  26.1  26.3  26.5  26.5  26.2  26.1  26.0  25.9  25.8  25.3  25.1 
1965  24.2  25.3  25.6  25.9  26.1  26.3  26.2  25.8  25.9  26.1  26.3  25.9 
1966  26.0  25.8  26.3  26.7  27.1  26.4  26.1  26.1  26.5  26.0  26.2  26.1 
1967  25.4  25.6  25.8  26.2  26.6  26.6  26.3  26.6  26.2  25.9  25.9  25.8 
1968  25.4  25.1  25.9  26.3  26.6  26.6  26.2  26.2  26.3  25.7  25.9  26.1 
1969  26.3  26.0  26.6  26.9  27.2  26.8  26.4  26.1  26.5  26.2  26.0  25.7 
1970  25.8  25.8  26.6  26.7  26.9  26.7  26.3  26.2  26.3  26.3  25.8  25.9 
1971  26.0  25.8  26.4  26.6  27.4  27.2  27.0  26.3  26.7  26.7  26.6  26.1 
1972  25.5  26.2  26.1  26.9  27.5  27.1  27.8  27.0  27.1  27.2  27.1  27.2 
1973  26.7  27.1  27.1  27.5  27.3  27.3  27.3  27.0  26.6  27.1  26.6  26.1 
1974  25.6  26.2  26.1  27.1  27.3  27.2  26.9  27.4  26.8  26.8  26.9  26.6 
1975  26.4  26.3  26.7  27.5  27.4  27.1  26.8  27.4  26.7  26.9  26.7  26.5 
1976 -99.0 -99.0 -99.0 -99.0 -99.0 -99.0 -99.0 -99.0 -99.0 -99.0 -99.0 -99.0 
1977 -99.0 -99.0 -99.0 -99.0 -99.0 -99.0 -99.0 -99.0 -99.0 -99.0 -99.0 -99.0 
1978 -99.0 -99.0 -99.0 -99.0 -99.0 -99.0 -99.0 -99.0 -99.0 -99.0 -99.0 -99.0 
1979 -99.0 -99.0 -99.0 -99.0 -99.0 -99.0 -99.0 -99.0 -99.0 -99.0 -99.0 -99.0 
1980 -99.0 -99.0 -99.0 -99.0 -99.0 -99.0 -99.0 -99.0 -99.0 -99.0 -99.0 -99.0 
1981  25.6  26.4  27.1  27.0  27.6  27.5  27.1  27.8  26.9  27.0  26.7  26.3 
1982  25.9  26.2  26.8  27.1  27.3  27.4  27.0  26.6  27.1  26.7  26.9  26.9 
1983  26.9  27.3  28.0  28.1  27.7  27.4  27.1  27.2  26.7  27.0  26.3  26.2 
1984  26.0  26.1  26.7  26.9  26.5  27.1  26.1  27.0  26.2  26.1  26.2  26.1 
1985  26.0  26.8  26.3  26.7  27.2  27.1  26.2  26.7  26.3  26.3  26.4  26.1 
1986  25.7  26.0  26.4  26.7  27.6  27.1  26.7  27.0  26.4  26.7  26.2  26.5 
1987  25.8  25.8  27.2  27.5  27.2  27.4  27.2  26.9  27.0  26.9  26.8  26.3 
1988  26.5  26.6  27.0  27.5  27.5  27.7  27.0  26.4  26.8  26.7  26.0  25.6 
1989  26.2  26.0  26.2  26.6  26.9  26.8  26.7  26.9  26.6  26.4  26.3  26.3 
1990  26.0  26.5  26.3  27.3  27.4  27.5  26.7  27.1  26.5  26.9  26.4  26.4 
1991  26.4  26.3  27.0  26.8  27.4  27.7  27.1  26.8  26.9  26.3  26.2  26.5 
1992  26.2  26.3  27.1  27.2  26.9  27.2  26.7  27.5  26.7  26.1  25.9  26.0 
1993  26.1  26.3  26.5  27.1  26.9  27.4  26.8  26.9  26.4  26.3  26.7  26.6 
1994  26.3  26.6  26.5  27.2  27.1  27.2  27.2  26.6  27.4  26.6  26.9  26.6 
1995  26.6  26.4  26.7  27.2  27.4  27.4  26.8  26.7  27.0  26.7  26.2  26.2 
1996  25.6  25.6  26.9  27.2  27.8  27.1  27.7  27.0  27.1  26.6  26.4  26.3 
1997  26.1  26.1  27.2  27.0  27.7  27.6  27.5  27.8  27.1  26.8  27.0  27.2 
1998  27.5  27.5  28.5  28.4  28.6  27.5  27.4  27.0  27.3  27.1  26.9  26.5 
1999  26.5  26.4  26.9  27.5  27.1  27.5  27.2  27.1  27.1  26.4  26.7  26.2 
2000  26.1  26.3  27.1  27.3  27.9  26.9  27.7  27.3  27.0  26.8  26.9  26.8 
2001  26.1  26.3  27.1  27.1  28.0  27.2  27.8  27.6  26.9  27.0  26.8  26.7 
2002  26.6  26.2  27.0  27.4  28.0  27.7  28.1  27.2  26.9  26.6  26.7  27.2 
2003  26.5  26.6  26.7  26.5  27.2  27.2  27.0  27.3  26.8  26.2  26.4  26.1 
2004  26.1  26.3  26.8  27.4  27.3  27.2  26.7  27.5  26.7  26.7  26.4  25.8 
2005  25.8  26.3  26.5  27.4  27.3  27.2  27.1  27.3  27.2  26.5  26.3  25.9 
2006  26.1  26.6  26.9  26.7  26.8  26.9  27.3  27.3  26.7  26.6  26.7  26.7 
2007  26.1  26.3  26.9  27.1  27.5  26.9  26.8  27.0  26.1  26.8  25.9  26.1 
2008  26.2  25.7  26.2  26.7  27.1  26.7  26.3  27.0  26.6  26.4  26.6  26.1 
2009  25.5  26.4  26.6  27.4  27.4  27.5  27.1  27.2  27.2  26.8  26.8  26.7 
2010  26.4  27.5  27.5  27.9  27.9  27.2  26.6  26.9  26.6  26.8  26.5  26.2 
2011  26.0  26.1  26.4  26.8  26.2 -99.0 -99.0 -99.0 -99.0 -99.0 -99.0 -99.0 
