Number= 964710
Name= KOTA KINABALU
Country= MALAYSIA
Lat=    5.9
Long= -116.1
Height= 23
Start year= 1961
End year= 2011
First Good year= 1961
Source ID= 30
Source file= Jones+Anders
Jones data to= 1991
Normals source= Data
Normals source start year= 1961
Normals source end year= 1990
Normals=  26.1  26.3  27.1  27.8  27.9  27.6  27.2  27.1  26.9  26.8  26.7  26.5 
Standard deviations source= Data
Standard deviations source start year= 1961
Standard deviations source end year= 1990
Standard deviations=   0.6   0.6   0.6   0.4   0.4   0.3   0.3   0.4   0.4   0.4   0.4   0.4 
Obs:
1961  26.1  26.5  27.5  27.8  28.5  27.5  27.3  26.9  26.8  26.6  27.0  26.4 
1962  25.8  26.1  26.9  27.8  28.1  27.7  27.6  26.3  27.0  27.1  26.6  26.3 
1963  25.2  25.4  26.5  27.7  28.2  28.2  27.5  26.8  27.5  26.9  27.4  26.8 
1964  27.2  26.8  27.4  28.2  28.5  27.5  26.9  27.0  26.5  26.3  26.4  25.9 
1965  25.2  25.9  26.5  27.7  27.6  27.7  27.1  26.4  26.9  26.9  27.5  26.8 
1966  26.7  26.8  27.5  28.4  28.4  27.3  27.0  26.7  27.2  26.5  26.7  26.5 
1967  26.0  26.1  26.7  27.7  28.0  27.8  27.2  27.4  26.7  26.2  26.5  26.5 
1968  25.4  25.9  26.6  27.4  27.4  27.5  26.7  27.1  27.0  26.6  26.8  26.8 
1969  26.5  26.7  27.2  28.3  28.1  27.8  27.1  26.5  27.0  26.8  26.3  26.3 
1970  26.4  26.3  27.4  27.9  27.6  27.6  27.0  26.9  26.6  26.5  26.6  26.2 
1971  26.0  25.4  26.8  27.6  27.9  27.4  27.4  26.4  26.7  26.5  25.9  26.2 
1972  25.5  26.2  26.7  27.6  28.5  28.0  28.1  27.5  27.3  27.6  27.1  27.4 
1973  27.2  27.4  27.9  28.0  28.0  28.0  27.4  27.3  26.2  27.3  26.6  26.2 
1974  25.6  25.5  26.5  27.5  28.0  27.5  27.1  27.2  26.5  26.4  26.8  26.6 
1975  25.8  25.7  26.2  27.6  27.1  27.0  26.5  27.1  25.8  26.2  26.0  25.9 
1976  25.2  25.5  26.5  27.1  27.4  26.9  27.0  26.5  26.8  26.4  26.6  26.2 
1977  25.8  25.3  26.3  27.5  27.7  27.3  27.2  26.9  27.3  26.5  26.4  26.3 
1978  26.0  26.1  27.3  27.7  28.0  27.4  26.9  27.3  26.7  26.6  26.3  26.6 
1979  26.3  26.7  27.0  27.9  28.2  27.4  27.0  27.5  26.4  26.4  26.4  26.4 
1980  26.2  26.3  27.2  27.7  28.4  27.4  27.4  26.8  27.3  27.1  26.6  25.9 
1981  25.8  26.5  27.3  28.0  27.8  27.8  27.2  27.7  27.2  27.0  26.6  26.7 
1982  26.5  26.8  27.6  28.0  27.9  27.5  27.4  27.2  27.3  26.7  27.4  27.4 
1983  27.1  27.9  28.6  29.1  28.2  28.1  27.6  27.6  27.1  27.2  26.7  26.1 
1984  25.9  25.9  26.7  27.1  27.0  27.2  26.8  27.5  26.5  26.6  26.7  26.5 
1985  26.3  27.1  27.5  27.7  27.6  27.9  26.7  27.3  26.6  26.7  27.0  26.7 
1986  25.9  26.5  26.7  27.9  28.3  27.5  27.3  27.1  27.1  27.0  26.6  27.0 
1987  26.2  26.4  27.9  28.7  28.0  28.2  27.5  27.3  27.5  27.5  27.4  27.0 
1988  27.1  26.9  27.7  28.1  27.9  27.5  27.3  26.9  27.0  27.1  26.3  25.7 
1989  26.5  25.9  26.4  27.2  27.6  27.3  27.4  27.3  27.1  27.3  27.0  26.9 
1990  26.3  27.1  27.4  28.2  28.2  27.5  27.3  27.5  27.1  27.4  26.9  27.0 
1991  26.6  26.8  27.7  28.0  27.9  28.3  27.6  27.4  27.4  26.8  26.7  26.9 
1992  26.6  27.1  27.9  28.7  27.9  27.3  27.1  27.8  27.5  26.9  26.9  26.6 
1993  26.1  26.5  27.2  27.7  27.8  28.1  27.1  27.9  27.0  27.0  27.2  26.7 
1994  27.0  26.7  26.7  27.4  27.9  27.4  27.9  27.4  27.6  27.1  27.3  27.0 
1995  26.8  26.9  27.3  28.2  28.1  27.9  27.1  27.2  27.4  27.2  26.9  26.7 
1996  26.0  26.3  27.3  27.8  28.0  27.5  27.9  27.3  27.7  27.0  26.8  26.5 
1997  26.6  26.3  27.6  28.0  28.1  28.2  27.4  28.5  27.8  27.2  27.4  27.7 
1998  27.5  27.9  29.1  29.2  30.0  28.3  27.3  27.6  27.9  27.6  27.2  27.1 
1999  26.8  26.6  27.2  27.9  27.1  27.9  27.6  27.4  27.4  27.0  27.1  27.1 
2000  26.8  26.4  27.1  27.3  28.2  27.2  28.2  27.2  27.6  27.2  27.1  27.2 
2001  26.9  27.1  27.0  27.7  28.1  27.2  27.8  27.7  27.1  26.8  26.8  26.5 
2002  26.3  26.6  27.6  28.2  28.3  27.6  28.2  27.5  27.2  27.2  27.1  27.6 
2003  26.9  27.0  27.3  28.6  28.1  27.5  27.2  27.7  27.4  26.9  27.1  26.5 
2004  26.8  26.7  27.5  28.5  27.6  27.7  26.9  27.8  26.7  26.9  26.9  26.9 
2005  26.4  27.4  27.4  28.3  28.0  28.0  27.4  27.6  27.6  27.3  26.8  26.8 
2006  26.9  27.0  27.2  27.3  27.5  26.9  28.1  27.5  26.9  26.9  27.6  27.6 
2007  26.7  27.1  27.3  28.0  28.2  27.8  27.3  27.3  27.2  27.4  26.5  26.8 
2008  26.9  26.0  26.4  27.4  27.5  27.3  27.2  27.5  27.4  27.0  27.3  27.3 
2009  26.6  26.6  27.0  28.1  28.1  28.5  27.4  28.2  28.1  27.6  27.6  27.4 
2010  27.0  27.7  28.5  28.3  28.5  27.6  27.0  27.7  27.5  27.5  27.3  26.7 
2011  26.4  26.3  26.3  27.4  28.3 -99.0 -99.0 -99.0 -99.0 -99.0 -99.0 -99.0 
