Number= 968810
Name= MADIUN
Country= INDONESIA
Lat=   -7.6
Long= -111.5
Height= 110
Start year= 1961
End year= 1979
First Good year= 1961
Source ID= 10
Source file= Jones
Jones data to= 1979
Normals= -99.0 -99.0 -99.0 -99.0 -99.0 -99.0 -99.0 -99.0 -99.0 -99.0 -99.0 -99.0 
Obs:
1961  26.1  26.4  26.9  27.2  27.1  26.8  26.0  25.7  27.1 -99.0  28.1  27.4 
1962  25.9  25.8  26.3  26.4  27.0  27.2  26.8  26.5  27.6  28.2  27.9  26.4 
1963  25.6  25.5  25.7  26.7  27.3  26.6  25.6  25.9  27.2 -99.0  29.4  29.1 
1964  27.6  26.8  26.1  26.7 -99.0  26.3  26.2  27.0  28.0 -99.0  26.5  26.7 
1965  25.0  25.8  25.7  26.6  27.3  27.2  26.2  26.6  27.7  29.3  28.5  27.3 
1966  26.4  26.1  26.0  27.0  27.0  26.3  26.4  26.9  28.2  27.7  27.5  26.2 
1967  25.6  25.8  26.2  27.0  27.4  26.3  25.7  26.5  27.4  29.2  28.6  26.3 
1968  25.9  25.5  26.1  26.2  26.2  26.3  26.1  26.5  28.0  28.1  27.5  26.3 
1969  26.9  26.1  26.9  27.0  27.7  27.1  26.8  26.9  27.9  29.1  28.9  27.2 
1970  26.8  26.4  26.5  26.9  26.7  26.8  26.5  26.5  27.4  28.6  27.3  26.2 
1971 -99.0 -99.0 -99.0 -99.0 -99.0 -99.0 -99.0 -99.0 -99.0 -99.0 -99.0 -99.0 
1972 -99.0 -99.0 -99.0 -99.0 -99.0 -99.0 -99.0 -99.0 -99.0 -99.0 -99.0 -99.0 
1973 -99.0 -99.0 -99.0 -99.0 -99.0 -99.0 -99.0 -99.0 -99.0 -99.0 -99.0 -99.0 
1974 -99.0 -99.0 -99.0 -99.0 -99.0 -99.0 -99.0 -99.0 -99.0 -99.0 -99.0 -99.0 
1975 -99.0 -99.0 -99.0 -99.0 -99.0 -99.0 -99.0 -99.0 -99.0 -99.0 -99.0 -99.0 
1976 -99.0 -99.0 -99.0 -99.0 -99.0 -99.0 -99.0 -99.0 -99.0  27.7  29.3 -99.0 
1977  26.1 -99.0  25.6  27.0  27.1  26.0  25.7 -99.0  27.3 -99.0 -99.0  27.0 
1978 -99.0  26.0  26.2  26.8  26.7  25.8  25.9 -99.0 -99.0  27.9  27.2  26.2 
1979  26.2  26.3  26.7  27.0 -99.0 -99.0 -99.0 -99.0 -99.0 -99.0 -99.0  26.9 
