Number= 872700
Name= RECONQUISTA A
Country= ARGENTINA
Lat=  -29.2
Long=   59.7
Height= 48
Start year= 1961
End year= 2011
First Good year= 1961
Source ID= 10
Source file= Jones+Anders
Jones data to= 2001
Normals source= Data
Normals source start year= 1961
Normals source end year= 1990
Normals=  26.2  25.2  23.1  19.9  17.0  13.8  13.8  14.8  16.8  20.0  22.5  24.9 
Standard deviations source= Data
Standard deviations source start year= 1961
Standard deviations source end year= 1990
Standard deviations=   0.7   0.9   1.4   1.3   1.9   2.0   1.7   1.5   1.2   0.9   1.0   1.3 
Obs:
1961  26.6  25.1  22.6  19.5  19.0  14.2  14.5  18.5  17.6  21.5  23.7  25.2 
1962  26.0  25.7  24.4  19.5  14.7  13.7   9.7  14.0  18.0  18.7  24.1  26.4 
1963  26.8  25.7  23.7  20.6  17.6  14.9  16.7  15.5  17.3  20.1  21.7  24.1 
1964  25.3  25.9  22.3  19.8  19.1  11.6  12.0  14.5  17.9  19.1  21.7  23.2 
1965  25.8  26.2  22.2  19.8  16.9  18.9  13.6  15.8  15.7  20.1  22.8  23.8 
1966  25.5  23.5  23.1  21.2  17.7  16.1  14.4  13.4  15.7  19.6  23.7  23.8 
1967  25.6  26.2  22.7  21.0  20.6  10.4  14.3  15.1  17.6  21.5  22.2  27.3 
1968  26.6  25.5  22.9  17.2  15.0  14.4  16.0  15.7  16.7  20.1  24.6  24.8 
1969  25.8  25.2  23.1  19.9  17.7  13.8  15.3  12.5  18.1  19.5  22.8  25.8 
1970  25.7  26.0  24.1  22.9  17.8  13.6  13.8  14.2  18.3  19.3  21.2  25.7 
1971  25.6  23.9  22.0  17.6  14.9   9.8  15.8  15.1  18.4  19.1  22.1  27.4 
1972  25.3  25.4  21.8  18.3 -99.0  16.6  12.6  13.2  17.3  18.9  21.3  24.3 
1973  26.3  25.0  23.6  20.5  16.4 -99.0  12.5  13.4  15.4  19.6  21.2  23.2 
1974  26.1  23.5  22.7  18.2  17.6  13.1  16.0  14.5  14.7  18.9  21.8  23.0 
1975 -99.0  25.6  22.7  20.1  17.8  16.6  11.8  13.7  16.1 -99.0  21.2  25.2 
1976  25.8  24.9  18.7 -99.0 -99.0  13.0  13.5  14.0  16.4  19.5  22.2  23.6 
1977  25.5  24.8  24.0  19.3  15.1  14.5  15.2  14.4  18.1  20.9  21.7 -99.0 
1978  25.9  23.9 -99.0 -99.0 -99.0  13.3  15.1  12.9  18.3  20.3  22.4  24.5 
1979  27.6  24.7  21.7  18.6  14.9  13.1  15.7  17.2  15.4  20.5  21.2  24.6 
1980  26.6  26.5  25.9  22.4  18.7  13.6  12.1  14.6  15.2  19.1  21.2  24.6 
1981  25.2  25.3  22.4  19.6  20.5  12.1  13.1  16.5  15.9  19.7  23.1  25.2 
1982  26.1  24.4  24.2  21.4  18.3  14.6  15.0  16.8  19.3  19.8  21.5  25.1 
1983  27.0  25.3  23.0  19.8  16.6  11.4  11.9  13.9  15.5  21.0  22.2  26.9 
1984  27.2  26.2  23.6  18.5  18.5  11.4  13.6  12.7  16.5  21.7  22.3  22.9 
1985  26.4  25.0  23.7  20.0  18.5  15.4  13.7  14.4  16.5  20.9  24.6  26.5 
1986  27.7  25.2  22.4  21.4  17.5  17.3  15.0  16.0  17.8  20.1  22.7  25.0 
1987  26.3  25.0  24.1  20.3  13.4  13.6  16.4  13.8  15.7  20.3  22.7  24.1 
1988  26.0  24.7  26.5  18.8  12.7  11.6  12.1  15.7  16.3  19.2  23.7  26.5 
1989  27.6  27.3  22.6  19.9  16.5  14.4  12.4  16.1  15.6  19.7  22.6  26.2 
1990  26.6  24.7  23.1  20.7  16.1  12.0  11.5  17.2  15.8  22.0  24.1  24.0 
1991  24.9  25.4  25.7  21.1  19.1  15.2  13.6  16.6  19.2  19.8  21.8  24.8 
1992  25.6 -99.0 -99.0  19.8  17.1  17.0  11.0  15.0  16.3  20.3  21.8  25.0 
1993  26.4  24.0  24.1  22.0  17.0  14.7  12.5  15.8  16.8  21.4  22.2  24.5 
1994  25.8  23.8  23.1  20.3 -99.0  16.4  14.8  15.4  20.4  21.0  22.8  27.7 
1995  26.3  23.6  23.4  19.3  15.5  14.5  14.1  15.2  15.5  20.2  24.6  25.7 
1996  26.3  24.6  23.1  22.2  17.3  10.3  11.3  17.5  17.2  20.4  23.4  25.0 
1997  28.0  24.4  23.0  20.2  18.0  14.0  17.0  17.3  18.8  21.1  23.6  25.6 
1998  25.2  24.3  21.8  19.2 -99.0  14.5  15.4  14.6  16.0  20.7  23.1 -99.0 
1999  24.4  25.7  25.0  18.0  15.4  13.4  12.3  16.0  19.1  20.0 -99.0  25.1 
2000  26.1  24.9  21.9  16.0  16.0  14.4  10.0  15.4  17.4  21.5  21.6  24.2 
2001  26.0  27.4  25.5  20.5  15.4  14.6  14.6  17.8  16.8  20.6  22.7  25.6 
2002  25.6  24.9  26.2  19.3  18.7  13.1  12.6  16.6  16.6  21.9 -99.0  24.6 
2003 -99.0  25.2  23.1  19.5  17.1  17.3  13.3  13.4  18.0  21.6  22.8  23.4 
2004  26.6  24.2  23.9  21.2  13.8  15.4  14.4  15.5  18.6  20.0  21.9  24.9 
2005  27.4  25.2  23.1  18.6  17.8  17.3  14.4  16.1  15.1  19.5  23.7  24.2 
2006  28.2  25.8  23.2  20.5  14.7  16.3  17.1  14.6  16.8  22.4  22.9  26.3 
2007  26.3  26.0  24.3  21.5  13.9  12.4  10.3  12.0  19.0  21.9  21.5  25.7 
2008  26.6  25.3  24.3  19.8  17.0  11.3  17.0  15.3  16.1  20.7  24.0  26.1 
2009  25.4  24.9  24.4  21.2  18.1  12.1  11.2  17.7  16.0  21.8  25.1  25.2 
2010  26.8  26.7  24.4  19.4  15.3  13.9  12.9  13.4  16.7  18.9  21.9  25.2 
2011  26.4  24.9  23.5  20.4  17.1 -99.0 -99.0 -99.0 -99.0 -99.0 -99.0 -99.0 
