Number= 873590
Name= RAFAELA/INTA
Country= ARGENTINA
Lat=  -31.2
Long=   61.6
Height= 100
Start year= 1961
End year= 2007
First Good year= 1961
Source ID= 30
Source file= Jones+Anders
Jones data to= 1992
Normals source= Data
Normals source start year= 1961
Normals source end year= 1990
Normals=  24.7  23.7  21.4  17.9  15.1  11.4  11.4  12.7  14.8  18.1  21.0  23.5 
Standard deviations source= Data
Standard deviations source start year= 1961
Standard deviations source end year= 1990
Standard deviations=   1.1   1.3   1.1   1.4   1.7   2.0   1.6   1.3   1.2   0.8   1.4   1.7 
Obs:
1961  23.7  23.3  20.7  16.8  16.8  11.1  11.8  15.3  15.3  19.0  21.0  22.8 
1962  23.3  23.5  22.6  16.5  13.0  10.6   7.6  12.3  14.6  17.2  23.8  25.5 
1963  24.8  23.7  20.7  19.5  15.1   9.3  14.0  12.8  14.1  17.7  18.8  22.0 
1964  24.7  24.7  20.2  17.6  16.7   9.1   9.8  11.6  15.0  17.0  20.7  22.8 
1965  26.0  26.3  21.7  17.7  15.0  16.7  11.1  13.6  14.6  19.1  22.1  21.3 
1966  24.2  21.8  21.6  18.7  15.8  13.5  12.3  11.3  13.6  18.1  22.2  21.7 
1967  24.7  24.7  21.8  19.5  18.7   8.1  11.3  11.6  14.6  18.2  20.2  27.5 
1968  26.1  25.8  22.2  16.2  14.3  11.5  13.8  13.6  15.1  17.2  23.2  22.6 
1969  25.2  23.7 -99.0  19.3  16.6  12.0  13.8  11.5  17.8  19.2  22.2  24.7 
1970  24.0  24.2  23.1  22.2  15.8  11.3  11.8  12.8  17.5  17.0  20.6  24.2 
1971  23.8  22.2  21.3  15.3  13.6   8.3  13.8  13.8  16.5  19.3  23.2  25.7 
1972  26.2  25.5  20.5  17.5  17.7  14.0  11.0  11.6  15.8  17.5  19.8  24.3 
1973  26.1  22.3 -99.0 -99.0 -99.0 -99.0 -99.0 -99.0 -99.0 -99.0 -99.0 -99.0 
1974 -99.0 -99.0 -99.0 -99.0 -99.0 -99.0 -99.0 -99.0 -99.0 -99.0 -99.0 -99.0 
1975  23.6  23.2  20.5  18.1  16.1  14.3   9.3  11.8  14.6  17.2  20.2  26.2 
1976  24.6  23.8  19.7  17.2  13.8  11.3  11.5  12.3  15.1  18.0  20.7  23.5 
1977  24.8  22.8  21.5  18.7  13.6  13.3  12.3  13.1  16.0  19.6 -99.0  21.8 
1978  22.7  21.7  21.0  17.0  14.6  10.6  12.6  10.3  15.3  17.6  20.6  23.1 
1979  25.2  23.8  20.7  16.0  13.6  11.3  13.1  14.3  12.8  17.7  18.1  22.1 
1980  26.0  24.2  24.1  19.6  16.5  10.5  10.5  12.6  14.1  17.2  19.7  23.6 
1981  22.8  23.0  21.1  17.2  18.2  10.3  10.6  14.3  13.6  18.1  20.2  22.3 
1982  23.3  21.7  22.2  18.7  15.8  11.8  11.3  13.5  16.0  17.7  20.3  23.7 
1983  25.3  22.7  20.8  17.6  14.1   9.1   9.1  11.1  13.3  19.5  20.3  25.3 
1984  25.1  24.2  21.1  16.6  15.0   9.0  10.0  11.1  14.3  19.1  19.7  20.5 
1985  23.7  23.5  21.2  17.2  16.6  12.8  11.3  12.1  13.8  17.2  22.0  24.1 
1986  25.3  23.3  20.2  18.5  14.8  13.5  12.1  12.6  15.1  18.2  20.2  23.6 
1987  24.7  24.3  21.8  18.2  11.6  12.0  13.0  11.1  14.0  18.7  21.2  21.3 
1988  23.3  23.2  24.2  17.2  11.6  10.5   9.6  13.3  14.0  17.8  23.2  25.1 
1989  26.7  26.5  20.5  18.0  14.8  12.3  10.5  14.0  13.8  18.3  20.6  24.3 
1990  25.7  22.3  20.5  18.0  13.6  10.1  10.1  15.8  13.8  19.5  21.7 -99.0 
1991 -99.0 -99.0 -99.0 -99.0 -99.0 -99.0 -99.0 -99.0 -99.0 -99.0 -99.0 -99.0 
1992  23.8  24.0  23.2 -99.0 -99.0 -99.0 -99.0 -99.0 -99.0 -99.0 -99.0 -99.0 
1993 -99.0 -99.0 -99.0 -99.0 -99.0 -99.0 -99.0 -99.0 -99.0 -99.0 -99.0 -99.0 
1994 -99.0 -99.0 -99.0 -99.0 -99.0 -99.0 -99.0 -99.0 -99.0 -99.0 -99.0 -99.0 
1995 -99.0 -99.0 -99.0 -99.0 -99.0 -99.0 -99.0 -99.0 -99.0 -99.0 -99.0 -99.0 
1996 -99.0 -99.0 -99.0 -99.0 -99.0 -99.0 -99.0 -99.0 -99.0 -99.0 -99.0 -99.0 
1997 -99.0 -99.0 -99.0 -99.0 -99.0 -99.0 -99.0 -99.0 -99.0 -99.0 -99.0 -99.0 
1998 -99.0 -99.0 -99.0 -99.0 -99.0 -99.0 -99.0 -99.0 -99.0 -99.0 -99.0 -99.0 
1999 -99.0 -99.0 -99.0 -99.0 -99.0 -99.0 -99.0 -99.0 -99.0 -99.0 -99.0 -99.0 
2000 -99.0 -99.0 -99.0 -99.0 -99.0 -99.0 -99.0 -99.0 -99.0 -99.0 -99.0 -99.0 
2001 -99.0 -99.0 -99.0 -99.0 -99.0 -99.0 -99.0 -99.0 -99.0 -99.0 -99.0 -99.0 
2002 -99.0 -99.0 -99.0 -99.0 -99.0 -99.0 -99.0 -99.0 -99.0 -99.0 -99.0 -99.0 
2003 -99.0 -99.0 -99.0 -99.0 -99.0 -99.0 -99.0 -99.0 -99.0 -99.0 -99.0 -99.0 
2004 -99.0 -99.0 -99.0 -99.0 -99.0 -99.0 -99.0 -99.0 -99.0 -99.0 -99.0 -99.0 
2005 -99.0 -99.0 -99.0 -99.0 -99.0 -99.0 -99.0 -99.0 -99.0 -99.0 -99.0 -99.0 
2006 -99.0 -99.0 -99.0 -99.0 -99.0 -99.0 -99.0 -99.0 -99.0 -99.0 -99.0 -99.0 
2007 -99.0 -99.0 -99.0 -99.0 -99.0 -99.0 -99.0 -99.0 -99.0 -99.0 -99.0 -99.0 
