Number= 873710
Name= SAUCE VIEJO A
Country= ARGENTINA
Lat=  -31.7
Long=   60.8
Height= 17
Start year= 1961
End year= 2007
First Good year= 1961
Source ID= 30
Source file= Jones+Anders
Jones data to= 1993
Normals source= Data
Normals source start year= 1961
Normals source end year= 1990
Normals=  25.4  24.3  22.1  18.4  15.6  11.9  11.8  13.1  15.2  18.6  21.5  24.1 
Standard deviations source= Data
Standard deviations source start year= 1961
Standard deviations source end year= 1990
Standard deviations=   1.0   1.1   1.2   1.3   1.7   1.9   1.6   1.4   1.1   1.0   1.2   1.4 
Obs:
1961  24.1  24.0  21.3  17.3  17.2  11.9  12.0  15.4  15.1  19.0  21.4  23.5 
1962  24.4  24.3  23.6  17.0  13.3  10.6   8.0  12.5  15.2  17.7  23.4  24.8 
1963  25.1  24.6  21.4  20.0  15.8  12.9  14.4  13.3  14.2  17.5  19.5  22.8 
1964  25.3  24.9  20.7  18.1  17.3   9.4  10.6  12.3  15.7  17.2  20.1  22.9 
1965  26.0  26.2  20.8  17.6  14.6  16.6  10.9  13.4  14.1  19.0  21.5  21.6 
1966  24.2  22.2  21.4  18.9  16.3  13.8  13.1  11.6  13.5  17.8  21.9  22.4 
1967  24.9  24.6  21.8  19.1  18.7   8.0  11.3  12.2  15.4  18.9  21.2  26.3 
1968  24.9  25.0  21.3  15.7  13.4  11.9  14.1  14.0  15.1  18.0  23.6  23.4 
1969  25.5  23.9  22.5  19.2  16.3  11.8  13.4  11.3  17.2  18.3  21.4  25.0 
1970  24.7  25.1  23.3  21.5  15.4  10.9  11.4  12.8  17.0  16.9  20.0  23.1 
1971  23.9  22.8  21.5  15.9  13.4   8.4  13.7  13.8  16.3  18.6  22.4  25.2 
1972  26.2  25.4  20.4  17.6  17.4  14.0  10.4  11.6  15.7  17.5  19.9  24.4 
1973  25.0  22.6  22.6  17.5  14.2  13.4  10.0  12.0  14.8  18.8  20.3  22.7 
1974  25.0  22.5  22.3  19.3  16.4  10.9  14.3  12.3  13.3  18.1  21.8  22.3 
1975  23.8  23.6  20.9  18.2  16.3  14.5   9.4  12.0  14.8  17.5  20.4  26.2 
1976  24.9  24.0  19.6  16.7  14.4  11.4  11.3  12.2  14.8  17.7  21.0  23.6 
1977  26.0  23.6  22.2  18.8  13.6  13.2  12.1  13.0  16.0  20.2  21.3  23.8 
1978  23.9  23.1  22.0  18.0  14.9  11.1  13.2  11.0  15.9  18.3  21.2  24.2 
1979  25.8  24.4  21.3  16.6  13.9  10.9  13.3  14.9  13.4  18.4  18.8  23.0 
1980  26.3  24.7  25.0  20.4  17.6  11.8  10.8  13.4  15.0  18.8  20.7  24.8 
1981  24.9  25.0  23.0  19.1  19.4  11.3  11.9  15.3  15.2  19.3  22.2  24.3 
1982  25.4  23.4  23.4  20.0  16.5  13.2  12.4  14.6  18.1  18.8  21.5  25.3 
1983  27.3  24.2  22.5  18.5  15.0   9.7  10.7  12.0  14.2  20.6  21.8  26.5 
1984  26.8  24.8  22.5  17.5  15.5  10.2  10.8  11.6  15.3  20.5  21.6  22.4 
1985  25.5  25.4  22.8  18.4  16.8  13.8  12.5  13.3  15.5  18.9  24.0  25.5 
1986  26.8  24.8  21.4  20.3  15.8  14.7  13.0  13.8  16.6  19.5  21.5  25.0 
1987  26.5  25.6  22.7  18.8  12.4  12.0  14.0  12.4  15.0  19.4  22.5  23.1 
1988  24.9  24.1  24.9  17.6 -99.0   9.9  10.5  14.0  15.2  18.3  23.3  25.5 
1989  27.9  26.9  21.7  19.1  15.3  13.1  10.6  15.1  14.9  19.2  21.7  26.0 
1990  26.8  23.9  21.6  19.1  14.4  10.4  10.7  16.4  14.8  20.6  23.3  22.5 
1991  24.7  24.2  25.0  19.6  17.6  12.8  11.6  14.3  17.3  17.8  21.3  23.8 
1992  25.0  25.1  23.7  17.5  15.1  14.8   9.3  13.3  15.8  19.2  20.2  23.6 
1993  26.0  23.5  24.2  19.7  15.3  12.1   9.8  13.3  14.8  19.7  21.1  24.1 
1994  25.2  23.7  21.7  18.2  17.6  13.9  11.5  13.0  17.4  19.0  22.1  26.4 
1995  24.9  22.4  22.4  17.9  14.4  11.9  11.4  12.4  16.4  17.8  22.5  25.6 
1996  24.9  23.6  22.9  19.5  15.5  10.6   9.7  15.8  15.2  19.8  22.9  24.8 
1997  27.6  23.8  23.4  19.6  17.3  12.2  14.5  15.2  16.7  19.6  22.0  24.2 
1998  23.9  22.8  21.1  17.8  15.7  12.7  13.3  13.2  14.8  20.3  21.8  23.5 
1999  23.9  25.0  24.0  16.7  14.6  11.4  10.4  14.0  17.7  19.4  21.8  23.8 
2000  26.3  24.0  21.5  19.6  14.8  12.8   8.7  13.4  16.1  19.2  20.6  23.9 
2001 -99.0 -99.0 -99.0 -99.0 -99.0 -99.0 -99.0 -99.0 -99.0 -99.0 -99.0 -99.0 
2002 -99.0 -99.0 -99.0 -99.0 -99.0 -99.0 -99.0 -99.0 -99.0 -99.0 -99.0 -99.0 
2003 -99.0 -99.0 -99.0 -99.0 -99.0 -99.0 -99.0 -99.0 -99.0 -99.0 -99.0 -99.0 
2004 -99.0 -99.0 -99.0 -99.0 -99.0 -99.0 -99.0 -99.0 -99.0 -99.0 -99.0 -99.0 
2005 -99.0 -99.0 -99.0 -99.0 -99.0 -99.0 -99.0 -99.0 -99.0 -99.0 -99.0 -99.0 
2006 -99.0 -99.0 -99.0 -99.0 -99.0 -99.0 -99.0 -99.0 -99.0 -99.0 -99.0 -99.0 
2007 -99.0 -99.0 -99.0 -99.0 -99.0 -99.0 -99.0 -99.0 -99.0 -99.0 -99.0 -99.0 
