Number= 874200
Name= MENDOZA OBS
Country= ARGENTINA
Lat=  -32.9
Long=   68.9
Height= 826
Start year= 1906
End year= 2010
First Good year= 1906
Source ID= 10
Source file= Jones+Anders
Jones data to= 2001
Normals source= Data
Normals source start year= 1961
Normals source end year= 1990
Normals=  23.5  22.5  19.5  15.6  11.5   7.9   7.7  10.2  13.0  17.0  20.1  22.5 
Standard deviations source= Data
Standard deviations source start year= 1941
Standard deviations source end year= 1990
Standard deviations=   1.1   1.1   1.1   1.5   1.3   1.4   1.3   1.3   1.3   1.2   1.4   1.2 
Obs:
1906  22.6  22.6  20.8  15.6  11.6   5.3   7.2  10.6  12.8  18.2  20.8  22.1 
1907  23.7  22.0  18.6  14.8  10.3   6.1   8.4   8.3  11.5  16.6  20.2  21.9 
1908  22.2  21.0  20.4  13.8  10.2   8.4   9.1   9.2  13.2  17.2  19.9  22.5 
1909  23.8  21.2  20.5  15.9   9.4   6.7   7.3  11.2  12.9  16.1  17.8  20.9 
1910  23.7  21.2  17.3  13.7  11.0   8.4   7.0  10.9  13.6  17.6  21.2  21.1 
1911  24.5  22.0  20.0  14.0  12.1   7.8   8.6   8.3  10.3  15.2 -99.0 -99.0 
1912  23.2  23.0  20.9  15.5   9.7   8.3   7.0 -99.0  14.1  18.4  19.8  24.1 
1913  23.8  24.4  19.3  16.9  11.1   9.7  10.7  11.1  14.3  17.4  21.4  22.1 
1914  24.5  23.3  19.0 -99.0  11.1   9.1   9.7   9.3  12.1  15.3  18.1  21.2 
1915 -99.0  23.5  18.7  15.4  11.6   5.8   9.6  11.9  13.5 -99.0  21.3  23.0 
1916  23.4  22.4  19.8  17.0  12.6   4.5   5.5  10.1  14.4  19.6  21.0  21.6 
1917  24.8  21.6  18.8  15.4   9.6   8.6   7.6  10.3  13.9  16.8  20.6  23.3 
1918  22.6  21.4  19.7  16.0   9.2   7.0   8.6  10.8  11.6  16.4  21.2  22.8 
1919  23.6  21.4  19.0  15.1  13.7   7.8   7.9  10.1  12.0  16.8  18.6  23.3 
1920  23.6  20.8  20.1  16.3  12.1   7.6   6.2  10.4  14.1  16.0  19.6  21.8 
1921  21.5  21.8  17.7  15.6  12.4   5.3   6.3   9.9  13.0  15.6  20.4  23.7 
1922  22.6  21.5  18.7  13.7  11.2   5.2   9.1   8.5  15.1  15.5  21.1  22.3 
1923  23.5  23.0  20.3  15.1   9.0   8.5   5.0   8.5  13.3  15.2  20.4  21.7 
1924  22.9  22.2  19.3  14.5   9.3   7.3   6.6   8.8  11.3  17.5  20.2  24.1 
1925  23.9  23.1  20.9  15.7  10.7   6.9   7.0  12.4  14.2  16.5  21.8  23.7 
1926  24.5  23.9  22.2  14.9  10.4   8.0   8.1  11.2  13.7  18.4  20.8  23.0 
1927  24.0  24.9  20.8  16.0  11.5   6.8   7.5  11.6  12.9  17.0  21.0  22.5 
1928  23.3  20.4  19.6  14.6   9.9   6.2   7.2   9.3  12.6  16.7  21.5  21.6 
1929  24.3  23.6  20.2  17.4   9.8   7.3   9.3   9.6  13.9  15.8  21.4  22.8 
1930  25.3  23.0  19.8  15.4  10.6  11.3   6.4   8.0  14.1  14.5  19.3  22.5 
1931  22.8  23.6  19.2  13.8   7.2   5.7   7.0   9.2  10.8  18.5  17.7  24.2 
1932  25.0  22.5  20.9  15.6   9.3   8.1   9.0   8.4  12.6  16.7  21.3  22.3 
1933  23.2  21.7  18.6  15.2  11.0   7.0   5.0  10.9  13.0  18.1  20.1  22.8 
1934  25.0  21.6  20.1  12.9  10.7   7.4   7.5  10.0  12.4  14.6  18.1  21.6 
1935  23.6  23.1  21.6  13.9  12.5   7.6   6.3   9.9  11.1  13.0  20.7  22.0 
1936  23.9  22.0  18.6  14.7   9.7   5.9   7.5   8.0  12.3  16.7  18.3  21.5 
1937  22.8  22.5  18.7  14.8   9.7   7.6   6.5   9.3  11.8  14.2  19.4  23.0 
1938  21.6  20.8  17.7  12.0  10.3   6.1   6.8   7.7  13.8  16.7  20.1  23.6 
1939  24.5  22.4  19.5  13.1  11.3   8.6   8.1  12.3  12.8  16.6  18.6  20.6 
1940  22.7  21.8  18.5  14.4  11.4   9.2   9.1   9.3  13.1  14.6  19.6  23.0 
1941  24.5  21.3  18.2  13.8   9.5   7.4   8.6  10.6  11.5  19.0  18.8  23.3 
1942  25.3  22.8  18.3  14.0   9.9   4.4   5.0   8.7  13.9  17.0  20.3  22.9 
1943  24.6  23.8  17.9  15.3  11.2   7.6   7.2   6.5  13.1  17.3  19.6  23.5 
1944  22.2  22.9  20.0  16.7  12.0   9.9   8.7  11.3  16.8  18.5  21.5  25.6 
1945  24.4  21.1  20.5  18.0  14.3   9.3   8.3  12.8  15.4  19.5  20.4  23.0 
1946  22.5  24.5  19.7  17.2  11.4   7.0   7.6  11.5  14.4  17.0  22.8  23.1 
1947  25.7  23.4  21.2  15.6  13.3  10.4   7.6   9.3  12.8  17.2  22.0  22.9 
1948  25.4  23.2  19.3  16.1  12.4   9.7   8.1   8.9  14.6  17.5  20.5  25.0 
1949  24.1  22.3  20.6  17.9  12.7   9.3   7.7   9.8  12.3  16.4  22.0  23.4 
1950  24.8  23.2  21.2  17.4  11.9  10.1   9.5  12.4  11.7  16.5  19.7  24.4 
1951  23.6  20.8  20.8  14.6  12.3   9.2   9.5  11.3  12.5  17.7  20.8  21.3 
1952  24.1  23.0  21.0  17.0  12.4   6.4   8.5   9.5  13.2  16.3  19.2  21.9 
1953  23.5  24.0  20.8  15.2  12.2   8.4   5.8  11.3  15.3  14.2  20.4  22.2 
1954  23.3  23.2  21.9  14.3   9.2   6.9   6.0  10.0  11.1  16.1  21.3  22.6 
1955  24.9  22.3  18.6  14.9  10.2   7.5   5.1   9.2  13.1  14.2  20.3  21.9 
1956  20.3  22.1  19.2  13.0   8.8   6.7   8.7   9.0  13.3  15.0  18.2  21.9 
1957  24.7  21.1  21.0  13.4  13.2   7.3   6.7   9.8  12.9  17.5  20.4  22.4 
1958  23.8  23.9  19.3  16.3   9.4   9.3  10.8   8.6  12.6  18.1  20.1  20.3 
1959  21.6  23.6  19.3  12.3  10.4   8.5   8.6   8.7  13.7  16.1  19.4  22.6 
1960  24.2  23.4  19.2  16.7  11.2   7.7   6.8  10.7  13.2  15.6  20.9  23.7 
1961  21.4  22.3  19.1  15.9  13.1   7.4   7.9  12.6  12.0  13.2  21.3  23.7 
1962  23.2  22.1  21.8  14.2  11.3   7.9   5.4  10.8  13.6  17.2  22.1  22.5 
1963  23.1  21.3  18.7  18.1  11.8   8.5   9.4  10.6  10.3  15.1  16.1  22.6 
1964  23.4  23.1  17.4  15.4  12.1   6.3   7.5  10.6  13.4  16.1  19.7  21.7 
1965  23.6  23.4  20.0  15.2  10.0  11.0   6.7  10.3  12.3  18.1  20.6  21.4 
1966  23.8  20.6  20.3  15.1  12.7   9.3   7.5   9.3  12.3  16.8  20.0  20.4 
1967  23.7  23.0  19.1  18.2  13.8   5.3   7.3  10.1  11.9  17.9  20.6  23.7 
1968  23.2  23.6  18.3  14.7  11.8   8.7  10.3  11.3  13.1  15.6  22.4  22.2 
1969  25.4  23.1  19.5  17.8  12.6   8.2   8.3   9.6  14.6  16.8  21.0  24.2 
1970  22.2  24.3  20.4  19.3  11.4   7.6   7.5   9.8  15.7  16.9  19.5  22.9 
1971  22.6  22.4  20.0  13.2  10.4   5.7   9.8  10.8  15.0  17.9  22.6  24.2 
1972  24.9  23.8  18.7  15.5  12.0   8.8   7.5   8.9  13.8  16.5  17.8  22.2 
1973  24.3  23.0  19.7  14.1  11.0   8.9   5.3  10.0  12.9  16.4  18.2  21.4 
1974  23.8  19.7  19.4  16.4  11.5   7.5   7.8  10.1  11.4  18.0  19.8  20.1 
1975 -99.0  23.5  18.3  15.1  10.3   9.7   7.1   8.2  13.4  17.3  17.9  22.7 
1976  23.8  21.7  17.1  13.7  10.9   7.7   7.3   9.1  12.6  16.7  20.2  21.9 
1977  23.0  21.5  20.5  16.2  10.7   8.9   8.5  10.5  15.4  18.3  21.0  21.4 
1978  22.2  21.8  19.4  16.6  12.5   7.4   9.8   8.1  14.9  17.7  20.4  23.2 
1979  23.3  21.7  18.6  14.5  11.8   7.8   9.3  12.3  11.2  16.8  18.1  20.9 
1980  24.9  22.3  22.2  13.9  12.1   6.6   7.6  10.6  13.9  16.5  19.0  22.9 
1981  22.9  22.7  20.2  15.9  12.6   7.9   8.2  11.3  12.3  15.9  19.1  23.3 
1982  23.7  21.5  19.6  16.7  13.4   6.5   7.9  10.7  13.2  17.4  19.0  23.3 
1983  22.7  22.0  20.2  15.8  10.7   5.3   6.0   8.5  11.8  18.1  21.3  24.0 
1984  23.4  22.2  19.0  13.9  10.3   5.1   6.3   8.8  13.1  18.0  18.4  19.7 
1985  21.8  21.6  20.2  15.0  12.7   9.3   6.9  10.5  13.6  16.8  20.7  22.7 
1986  23.5  22.7  19.4  15.6  11.9   8.7   9.2  10.0  12.4  17.4  19.5  23.9 
1987  24.9  23.6  19.1  15.8   8.3   8.9   8.6   8.5  12.3  17.7  20.8  21.6 
1988  23.7  22.5  20.4  15.1   9.6   7.7   6.2  10.3  12.1  16.8  21.9  24.2 
1989  24.5  25.3  19.2  16.7  11.1   9.9   7.4  11.0  13.0  17.8  21.4  24.2 
1990  24.7  21.3  18.1  14.7  11.2   8.5   7.4  12.4  11.8  17.8  21.8  22.6 
1991  23.0  22.6  22.3  17.2  14.0   8.6   8.4  10.6 -99.0  16.1  20.9  22.7 
1992  23.9 -99.0 -99.0  16.3  11.0   9.3 -99.0  10.4  13.7  18.1  18.8  22.6 
1993  24.3  23.0  22.0  15.6  11.0   9.2   7.5  11.4  12.9  16.9  20.5  23.7 
1994  24.5  22.2  20.6  15.8  14.2  11.0   8.4  11.4  15.2  17.0  21.6  25.3 
1995  23.5  21.8  20.2  15.8  12.5   8.8   7.0   9.4  13.4  16.9  21.2  25.8 
1996  23.3  22.2  20.8  14.3  12.9   6.9   8.0  11.4  12.8  18.4  22.0 -99.0 
1997  22.4  22.1  20.2  18.8  12.6 -99.0   9.5  10.4  13.1  16.6  20.3 -99.0 
1998  24.1  19.0  18.8  14.3  12.0 -99.0   9.8  10.5  11.4  19.2  20.8 -99.0 
1999  23.1 -99.0  18.8  13.2  11.2 -99.0   6.6   9.9  15.0  16.8  19.1 -99.0 
2000  23.6  21.7  18.6  15.8 -99.0   8.4   6.1   9.3  12.1  17.4  19.1  23.6 
2001  24.6  25.0  19.7  13.6  10.1   8.1   7.2  10.9 -99.0  17.1  19.5  23.6 
2002  23.5 -99.0  19.7  14.5  11.7   6.0   7.8  10.3 -99.0  18.1  20.8 -99.0 
2003 -99.0  22.6 -99.0  15.0  11.6  10.1   7.2 -99.0  14.4  19.7  22.3  22.8 
2004 -99.0  22.0  21.0  15.5   8.6   8.4 -99.0   9.9 -99.0  17.3  19.2  23.6 
2005  23.9  23.0  18.9  13.7  11.2   8.7   8.7 -99.0  11.7  16.6  22.4  23.5 
2006  25.4  23.1  20.0  16.4  10.8   9.9 -99.0 -99.0 -99.0 -99.0 -99.0 -99.0 
2007 -99.0 -99.0 -99.0 -99.0 -99.0 -99.0 -99.0 -99.0 -99.0 -99.0 -99.0 -99.0 
2008 -99.0 -99.0 -99.0 -99.0 -99.0 -99.0 -99.0 -99.0 -99.0 -99.0 -99.0 -99.0 
2009 -99.0 -99.0 -99.0 -99.0 -99.0 -99.0 -99.0 -99.0 -99.0 -99.0 -99.0 -99.0 
2010  26.1 -99.0 -99.0 -99.0 -99.0 -99.0 -99.0 -99.0 -99.0 -99.0 -99.0 -99.0 
