Number= 876730
Name= PUELCHES
Country= ARGENTINA
Lat=  -38.1
Long=   65.9
Height= -999
Start year= 1968
End year= 1977
First Good year= 1968
Source ID= 10
Source file= Jones
Jones data to= 1977
Normals= -99.0 -99.0 -99.0 -99.0 -99.0 -99.0 -99.0 -99.0 -99.0 -99.0 -99.0 -99.0 
Obs:
1968  24.5  24.3  18.2  13.6  10.6   8.5   9.1   9.4  13.1  14.5  21.9  21.8 
1969  25.4  23.1  18.9 -99.0  11.5 -99.0   8.0   8.7  12.5  15.1  20.2  25.2 
1970  23.2  23.1  20.0  16.9  13.9   6.7  -7.4   8.6  14.1  16.0  18.6  21.9 
1971  23.4  22.2  20.8  11.9   9.1   4.7   8.6   8.7  13.1  16.6 -99.0 -99.0 
1972 -99.0  23.2  18.1  14.7  11.0   7.0   6.8   7.4  11.9  13.9 -99.0 -99.0 
1973  23.2 -99.0 -99.0 -99.0   8.4   7.7   4.8   7.4  10.1  15.2 -99.0 -99.0 
1974  23.4  21.5  27.0  16.0  10.5   6.2   6.3 -99.0 -99.0 -99.0  18.8  20.4 
1975 -99.0  21.9  16.6  14.0  10.8   8.3   4.9   7.3  12.1  15.9  18.3  23.7 
1976  24.3  22.0  17.0 -99.0 -99.0 -99.0 -99.0 -99.0 -99.0 -99.0 -99.0 -99.0 
1977 -99.0 -99.0 -99.0 -99.0 -99.0 -99.0 -99.0 -99.0 -99.0 -99.0  16.4 -99.0 
