Number= 878030
Name= ESQUEL A
Country= ARGENTINA
Lat=  -42.9
Long=   71.2
Height= 789
Start year= 1931
End year= 2011
First Good year= 1931
Source ID= 10
Source file= Jones+Anders
Jones data to= 2001
Normals source= Data
Normals source start year= 1961
Normals source end year= 1990
Normals=  14.4  14.3  12.0   8.3   5.0   2.0   1.6   3.2   5.2   8.2  11.3  13.1 
Standard deviations source= Data
Standard deviations source start year= 1941
Standard deviations source end year= 1990
Standard deviations=   1.6   1.5   1.1   1.3   1.2   1.8   1.5   0.9   1.1   1.3   1.3   1.6 
Obs:
1931  16.3  16.7  12.5 -99.0   3.6 -99.0 -99.0 -99.0 -99.0  10.0  12.3  15.1 
1932  16.5  16.3  12.9   9.6   5.3   2.9   3.8   3.0   6.7   9.7  12.0  14.2 
1933  14.9  13.6   9.9   8.3   6.2   3.3   0.9   5.4   6.1   8.2  11.1  12.9 
1934  14.9  13.2  12.2   8.2   5.3   2.2   3.4   5.0   7.7   9.1  11.9  14.4 
1935  15.9  14.4  13.0   9.8   7.5   4.6   3.4   5.2   6.0   8.6  11.5  12.0 
1936  13.7  16.5  12.2   8.7   5.5   1.8   4.3   3.6   6.0   8.7  13.4  11.1 
1937  16.6  13.8  11.0   9.4   4.9   4.5   2.5   3.1   6.8  10.0  10.3  14.9 
1938  12.6  15.0  10.9   7.8   6.3   3.7   2.4   3.8   6.4   8.8  10.5  12.9 
1939  13.5  13.1  11.7   7.6   4.4   5.3   3.2   5.4   6.2   9.1  11.2  15.9 
1940  14.4  15.0  11.5   8.2   5.3   4.3   4.4   3.3   7.0   9.4  11.7  12.2 
1941  16.0  14.2  12.9   6.6   3.3   3.8   3.5   4.6   5.7  10.0   9.5  12.6 
1942  15.6  13.7  11.2   9.3   4.7   2.0   2.1   3.8   6.6   9.8  13.4  15.2 
1943  16.1  15.6  11.7   9.5   7.2   1.7   2.4   3.4   6.5   9.8  12.0  16.9 
1944  16.8  15.7  13.4   9.5   6.4   3.3   2.5   3.6   6.6   8.1  12.0  14.8 
1945  17.9  15.6  13.7   9.3   5.7   3.5   2.4   4.5   7.4   9.4  11.5  13.4 
1946  13.7  13.3  12.3   9.6   5.7   3.3   3.8   5.3   6.9   8.0  10.3  13.3 
1947  13.2  14.1  12.0   8.2   6.9   5.7   2.3   3.6   6.4  10.0  14.0  12.7 
1948  15.0  15.3  11.2   8.6   7.6   4.1   1.8   2.3   6.5   9.5  12.6 -99.0 
1949  16.7  13.6  11.2 -99.0   4.2 -99.0 -99.0 -99.0 -99.0 -99.0 -99.0 -99.0 
1950 -99.0 -99.0 -99.0 -99.0 -99.0 -99.0 -99.0 -99.0 -99.0 -99.0 -99.0 -99.0 
1951  13.9 -99.0  10.8   9.8   5.4   2.9   1.3   4.7   2.8   6.7   8.0  13.8 
1952  14.5  15.8   9.8  10.0   4.9  -0.6   2.9   2.4   7.0   9.0  12.3  16.2 
1953  14.5  16.1  11.6   8.9   5.9   2.8   0.7   2.6   4.5   7.4  10.9  14.2 
1954  12.7 -99.0  13.9   7.4   4.9   1.3   0.8   3.0   4.0   7.0  11.0  12.8 
1955  15.8  12.6  11.9   8.2   3.6   0.4   0.0   1.3   3.8   8.7  13.3  11.2 
1956  11.3  13.5  10.5   6.1   3.0   2.1   3.1   2.7 -99.0   9.0 -99.0 -99.0 
1957  14.7  15.2  13.2   7.0   5.2   1.9   0.6   2.6   4.9   7.2  11.8  12.2 
1958  14.6  13.3  14.0   7.6   4.1   2.0   4.7   2.2   4.5  11.2   9.6  13.1 
1959  14.0  15.0  11.1   4.6   5.4   3.5   0.9   2.6   4.7   7.2  11.3  14.9 
1960  16.8  15.6  13.2   8.6   6.1   0.8  -0.1   4.1   5.5   7.2  10.8  13.2 
1961  11.8  12.9  11.5   7.7   4.5  -0.6   0.2   3.6   3.7   7.9  10.2  13.0 
1962  14.3  16.3  13.5   7.2   5.2   3.1   0.7   3.8   5.1  10.1  12.6  14.3 
1963  13.7  16.9  10.9   8.7   5.1   2.0   3.0   2.9   2.9   8.6   8.4  13.4 
1964  15.3  11.7  10.8   7.8   5.5   0.0   2.2   3.0   4.3   9.6  11.9  12.6 
1965  14.5  12.2  13.7   7.8   3.3   4.5  -0.9   3.2   4.5   7.4  11.3  11.0 
1966  14.4  11.7  12.2   9.0   7.6   2.1   0.8   3.4   4.8   6.7  12.1  11.1 
1967  13.5  13.0  12.5   8.9   5.4  -0.1   2.4   2.2   5.3   7.0  11.3  14.1 
1968  14.8  12.1  11.7   9.5   7.0   1.5   3.8   4.2   5.7   6.1  11.9  10.9 
1969  14.8  13.1  12.1   9.0   6.1   2.7   2.1   2.9   4.6   6.5  11.0  14.9 
1970  13.6  14.6  11.9   8.7   5.3   1.3   3.3   2.2   6.1   8.2  11.0  10.8 
1971  10.5  12.9  11.2   6.8   4.1  -0.3   3.2   3.6   6.0   9.3  10.7  10.1 
1972  14.2  14.3   9.4   9.8   1.5   1.2   0.4   1.6   4.2   6.3  12.0  14.3 
1973  13.0  14.2  12.8   7.6   4.4   2.7  -1.4   3.4   4.6   8.1  12.8  12.0 
1974  12.2  13.1  11.5   8.6   5.2 -99.0   1.6   3.4 -99.0   8.6   9.8  11.7 
1975  16.7 -99.0  11.7   7.9 -99.0   3.8 -99.0   2.5   5.6   9.3   9.2  11.4 
1976  12.1  14.2  10.3   7.7   5.7  -0.2   1.0   2.3   5.0   7.4  10.8  12.3 
1977  13.8  13.7  12.0  10.0   5.1   2.8   1.8   3.4   6.6   9.1  10.2  15.1 
1978  14.4  16.5  12.4  10.1   5.8   1.4   2.5   3.2   6.0   7.1  11.2 -99.0 
1979  18.0  15.2  12.8   9.6   5.8   4.0   2.9   4.2   4.0   7.7  10.4  13.9 
1980  15.7  14.6  12.8   5.1   4.3   2.4   1.2   3.7   6.7   9.0  10.2  13.5 
1981  14.4  14.6  12.7   9.1   4.4   3.6   1.1   3.8   4.0   8.8  10.7  13.6 
1982  16.3  13.3  12.0  10.3   6.6  -0.5  -1.1   3.5   6.0   6.2  11.1  15.0 
1983  17.0  14.8  12.8   8.9   4.7   0.7   1.9   3.5   4.7   9.6  13.3  17.3 
1984  15.9  12.8  12.3   7.4   3.5  -2.8  -1.5   2.7   6.6   7.7  12.1 -99.0 
1985 -99.0 -99.0  10.0   6.8   5.7   4.6   3.3   4.4   6.3   7.5  13.6  13.7 
1986  13.9  13.8  11.3   7.5   5.4   2.6   2.7   2.3   5.9   9.8   9.4  14.2 
1987  15.9  15.7  13.5   9.0   3.6   4.9   3.2   1.9   5.3   9.3  13.0  13.1 
1988  14.2  17.7  12.5   8.4   3.3   2.6  -0.5   2.1   5.7   7.1  11.6  12.4 
1989  15.6  16.3  12.0   8.5   4.6   4.4   2.6   2.5   5.7  10.3  12.2  13.1 
1990  14.5  17.3  12.7   6.2   5.2   4.3   3.4   5.1   5.4   9.1  12.2  13.6 
1991  14.1  16.0  12.7   8.9   5.0   2.6 -99.0   1.1   6.1   7.7  11.6  11.4 
1992 -99.0 -99.0 -99.0   8.0   2.6   0.2 -99.0   4.4   6.1   7.3  12.1  12.5 
1993  17.3  16.1  12.8   8.2   4.0   2.0   0.6   5.3   6.6   8.7  10.3  13.3 
1994  16.5  14.3  13.3   7.8   6.6 -99.0   2.5   3.7   5.2   8.1  10.8  13.5 
1995 -99.0  13.6  11.7 -99.0   6.7   2.0   0.7   1.2   5.5   7.8  11.6  13.5 
1996  13.7  13.3 -99.0   7.6 -99.0   2.7   3.1   4.1   7.0   9.0  10.9  11.4 
1997  14.4  12.3  13.5  10.2   5.7   3.7   2.4   3.8   4.6   7.2  10.3  13.3 
1998  13.8  16.1  11.9   8.4   7.8   3.7   5.1   4.7   4.8   4.8 -99.0  14.3 
1999  17.5  14.9  11.5   8.3   4.3   0.4   0.5   3.9 -99.0   9.8  12.3  13.7 
2000  14.4 -99.0  10.6   8.9   4.5   1.9   0.4   2.8   3.0   9.1   9.7  11.7 
2001  13.1  13.9  11.2   7.7   4.4   2.4  -1.8   5.5 -99.0  10.1  10.0  15.6 
2002  15.6  16.2   9.5   7.7   4.6  -0.1   3.6   3.6   5.3   7.1 -99.0  13.6 
2003  14.6  13.8  13.2   7.6   6.4   3.6   2.8 -99.0   6.1   8.7  11.0  11.1 
2004  11.1  17.6  13.5   7.7   4.3   4.3   2.2 -99.0   6.3   8.6  12.1  13.6 
2005  13.9  18.4  11.5   8.0   3.4   0.9   1.7   1.7   5.6   8.1  10.9  14.9 
2006  14.3  16.1  11.0   9.2   5.3   3.3   2.2   3.2   5.8   7.4  10.3  11.7 
2007  15.2  13.4  11.9   9.4   4.3   2.0   1.0   1.6   6.4   8.7  10.3  15.3 
2008  18.4  18.6  14.5   7.7   4.4   3.1   2.4   2.2   5.8   9.0  12.0  16.0 
2009  16.0  14.9  11.6  10.0   4.9   2.6   2.5   4.4   5.4   7.2   7.8  12.2 
2010  12.5  12.0  14.0   8.5   5.0   3.9   1.9   2.4   5.7   9.2  11.2  13.0 
2011  15.7  16.6  11.8   8.8   5.8 -99.0 -99.0 -99.0 -99.0 -99.0 -99.0 -99.0 
