Number= 878257
Name= CHUBUT
Country= ARGENTINA
Lat=  -43.3
Long=   65.1
Height= 8
Start year= 1881
End year= 1887
First Good year= 1881
Source ID= 10
Source file= Jones
Jones data to= 1887
Normals= -99.0 -99.0 -99.0 -99.0 -99.0 -99.0 -99.0 -99.0 -99.0 -99.0 -99.0 -99.0 
Obs:
1881  23.7  22.8  21.4  13.6   7.8   4.1   6.1   7.1   9.6  15.7  20.4  20.7 
1882  23.7  23.4  19.1  11.0  10.5   5.8   7.3   6.3  12.7  16.9  20.7  22.7 
1883  24.5 -99.0  18.3  14.0   6.1   3.9   3.3  10.4  10.8  17.2  19.6  23.1 
1884  26.9  22.7  16.1  13.3   7.5   6.3   6.5   7.0  16.8  17.0  20.8  21.2 
1885  23.7  17.5  18.8  11.1   8.4   5.1   4.5   6.5  12.5  16.5  18.0  22.0 
1886  23.5  21.7  15.3  12.7  10.8   7.8   7.5 -99.0 -99.0  15.8  19.5 -99.0 
1887  22.5  24.7  18.0  13.5  11.0   4.5   5.0   4.0   8.5  15.0  18.0  19.5 
