Number= 879120
Name= SANTA CRUZ PUERTO
Country= ARGEN INA
Lat=  -50.0
Long=   68.5
Height= 12
Start year= 1901
End year= 2007
First Good year= 1901
Source ID= 10
Source file= Jones+Anders
Jones data to= 1991
Normals source= Extrapolated
Normals source start year= 1777
Normals source end year= 1888
Normals=  14.0  13.6  11.4   8.2   5.0   1.7   1.3   4.2   7.5   9.3  12.5  13.7 
Standard deviations source= Data
Standard deviations source start year= 1941
Standard deviations source end year= 1990
Standard deviations=   1.4   1.1   1.2   1.3   1.5   1.3   1.5   1.2   0.9   1.1   1.3   1.4 
Obs:
1901  14.8  15.5  14.8  11.6   6.3   2.3   1.3   4.3   6.7   8.5  10.2  15.0 
1902  11.2  10.9  12.3   7.8   5.5   2.3   0.5   3.4   5.4   8.8  11.7  13.7 
1903  13.9  12.8  11.5   8.7   6.1   1.4   1.9   3.1   5.4   7.7  11.8  14.2 
1904  16.6  14.3  12.9   9.6   6.1   2.8  -1.6   3.5   5.8   8.7  11.6  12.7 
1905  14.7  12.0  11.6   9.5   3.2   2.2   0.7   3.0   5.9   7.8  12.7  12.4 
1906  15.7  14.1  10.9   7.7   1.7  -1.5   0.1   4.4   7.0  10.2  12.9  12.3 
1907  15.4  15.3  12.4   9.1   5.1  -0.5   1.1   3.0   5.0   8.4  12.2  10.9 
1908  14.1  15.0  13.0   8.2   5.9   4.3   2.7   4.0   7.6   7.9  10.4  12.4 
1909  14.7  14.8  12.9  10.6   6.0   2.4   4.0   3.7   6.2  10.4  11.8  12.1 
1910  13.8  13.0  11.2   6.1   5.4   1.3   1.2   4.0   7.6  10.5  12.7  15.0 
1911  15.0  13.6  13.1   8.1   5.0   4.0   4.3   3.3   5.7   9.0  10.1  13.7 
1912  15.4  12.8  11.0   8.6   4.1   2.0   3.1   1.5   6.9  11.1  10.6  13.5 
1913  16.6  15.0  13.0   8.8   4.2  -0.1   1.6   3.0   8.3   9.4  12.9  14.4 
1914  14.1  15.2  14.0   8.8   5.4  -0.2   0.5   2.4   4.6   8.9   9.6  13.2 
1915  14.0  14.0  14.4   6.9   2.8   0.6   3.4   3.7   7.5  10.4  12.6  14.2 
1916  15.0  15.6  12.0   8.7   6.3   2.0   1.9   4.6   6.7  10.1  11.2  13.5 
1917  15.0  15.3  12.7   9.5   6.5   2.6   4.3   3.7   6.3  10.9  14.0  13.6 
1918  14.8  15.7  11.6   9.1   2.8   2.6   0.4   0.8   4.9  10.5  11.0  14.4 
1919  15.5  14.5  14.9   7.5   5.0   3.0   2.4   4.9   5.4   9.0  10.3  14.3 
1920  15.4  15.0  11.4   9.8   5.0   3.0   2.1   5.9   7.4   7.6  11.5  13.4 
1921  14.5  13.4  12.6   9.3   3.5   2.9   2.7   2.6   6.4  10.1  12.8  13.3 
1922  15.0  14.3  11.6   9.5   6.1   0.8   3.1   4.4   7.6   8.8  13.4  15.5 
1923  15.2  14.8  10.7   8.0   7.5   1.6  -1.5   1.0   6.0   7.3  11.7  12.5 
1924  16.0  13.3  12.4   8.8   6.2   3.1   0.9   4.6   7.2  11.1  12.1  14.2 
1925  14.0  14.7  12.6   9.2   5.8   3.1   2.2   4.3   3.7   9.6  12.4  15.3 
1926  13.5  15.5  11.0   7.3   5.8   0.8  -1.0   3.4   5.3   8.0  11.9  14.8 
1927  14.3  14.9  13.4  10.8   5.2   0.9   1.3   4.5   5.0   9.1  11.4  13.2 
1928  13.4  14.1  11.7   8.8   4.5   2.4   1.6   5.0   9.0  10.2  11.2  12.4 
1929  15.0  14.1  13.1   9.6   5.0   2.3   3.2   3.9   5.9   9.5  11.5  11.7 
1930  14.5  14.8   9.9   9.2   3.3  -0.3  -0.6   0.3   7.2 -99.0 -99.0 -99.0 
1931 -99.0  14.9  12.7   8.9   4.9   2.7   1.4   5.3   6.5   9.6  10.9  14.2 
1932  14.9  14.5  12.3   7.5   6.1  -0.7   1.2   3.1   7.5  12.3  13.4  14.2 
1933  15.2  14.5  13.1  10.5   5.4   2.6   2.0   3.9   7.6   9.1  10.4  11.5 
1934  16.7  11.2  11.0   8.7   4.5  -0.7   2.8   4.8   6.9  11.4  11.4  13.5 
1935  13.6  13.3  13.9   8.4   5.6   2.7  -0.6   2.4   5.0   8.2  11.8  12.4 
1936  13.5  14.8  11.1 -99.0   1.3  -0.8   1.6   2.5   4.7 -99.0  14.4  14.7 
1937 -99.0 -99.0 -99.0 -99.0 -99.0 -99.0 -99.0 -99.0 -99.0   8.2  10.0  13.6 
1938  11.2  12.7  10.0   8.7   5.5   2.4   1.6   2.1   4.0   9.3 -99.0  13.1 
1939  12.8  12.0   9.8   9.6   1.4  -0.4   0.6   0.1   6.2   8.5   9.7  13.3 
1940  14.3  14.2  11.9   8.0   4.3   1.2   2.7   4.8   6.5   9.7  12.7  11.9 
1941  15.5  14.0  12.4   6.1   3.6   4.2   3.4   4.7   6.3  10.2  10.4  13.1 
1942  14.6  15.3   9.5   8.9   4.4   2.7   3.0   3.6   6.5  10.2  12.0  15.5 
1943  14.3  15.3  11.7  10.4   6.8   3.7   3.1   3.4   7.1  10.7  11.4  16.0 
1944  14.3  14.6  13.8   9.7   6.7  -0.1   3.2   2.9   5.9   8.9  12.2  14.5 
1945  15.6  15.0  13.0   8.6   5.5   1.8   2.2   5.0   6.7  11.2  11.0  14.5 
1946  15.3  12.7  11.8   9.9   5.6   2.2   2.8   2.2   5.7  10.2  10.4  12.7 
1947  11.3  14.1  12.3   8.8   4.1   2.9   3.1   5.0   6.9  10.3  13.6  12.2 
1948  13.5  13.6   9.9  10.2   5.5   3.5   0.3   0.6   5.2   9.1  11.8  13.0 
1949  15.1  12.5  11.0   8.8   3.8   2.6   3.0   4.8   7.9  11.0  12.5  12.1 
1950  12.9  15.1  13.0   8.3   2.4   3.0   4.4   1.9   4.9   8.6  10.0  12.8 
1951  13.3  13.2  11.0  10.4   4.2  -0.6   1.5   5.4   4.0   7.7  10.0  15.5 
1952  14.9  14.9  10.7   8.6   4.2   2.4   3.9   4.8   7.8  10.2  13.7  14.7 
1953  13.9  15.5  12.9   7.8   5.3   2.4   1.1   4.6   5.5   9.4  11.7  15.0 
1954  13.8  14.0  12.9   8.3   4.5   0.8   1.8   3.9   5.5  10.3  12.3  12.0 
1955  14.3  13.2  12.5   8.4   5.0   0.1   1.4   3.5   6.1  10.7  13.7  12.1 
1956  11.7  12.9  11.7   7.7   4.6   4.4   3.4   4.4   6.0  10.2  14.2  14.2 
1957  13.7  15.5  13.7   9.4   3.7   1.8   2.2   2.0   5.9   7.9  12.3  12.5 
1958  15.4  11.4  13.1   9.3   3.7   1.1   2.6 -99.0 -99.0 -99.0 -99.0 -99.0 
1959  13.6  14.7  12.0   5.4   4.5   1.7   0.8   3.7   6.4   7.4  11.6  13.5 
1960  15.6  15.0  13.0   9.1   5.8   1.2   3.2   5.0   6.5   9.4  12.9  12.6 
1961 -99.0  14.0  10.3   6.9   0.5   0.7   0.2   3.5   5.8  10.0  12.1  15.0 
1962  14.9  13.9  13.4   8.7 -99.0 -99.0 -99.0 -99.0 -99.0 -99.0 -99.0 -99.0 
1963 -99.0 -99.0 -99.0 -99.0 -99.0 -99.0 -99.0 -99.0 -99.0 -99.0 -99.0 -99.0 
1964 -99.0 -99.0 -99.0 -99.0 -99.0 -99.0 -99.0 -99.0 -99.0 -99.0 -99.0 -99.0 
1965 -99.0 -99.0  12.7   7.4   2.5   1.7  -1.5   3.9   6.8   9.4  12.7 -99.0 
1966  15.6 -99.0 -99.0 -99.0 -99.0 -99.0 -99.0   3.3   6.0 -99.0 -99.0 -99.0 
1967 -99.0 -99.0 -99.0 -99.0 -99.0 -99.0 -99.0 -99.0 -99.0 -99.0 -99.0 -99.0 
1968  14.9  13.0  10.1   9.4   6.9   3.5   4.5   5.6   6.0   9.1  12.8  11.5 
1969  13.6  13.3  12.3   8.3   3.3   2.1   1.3 -99.0 -99.0 -99.0 -99.0 -99.0 
1970 -99.0 -99.0 -99.0 -99.0 -99.0 -99.0 -99.0 -99.0 -99.0 -99.0 -99.0 -99.0 
1971 -99.0 -99.0 -99.0 -99.0   3.1   0.2   1.1   5.0   7.9  10.0  13.1  11.6 
1972  14.8  12.6  10.6  10.4   2.7   0.2   1.1 -99.0   5.1   7.4  13.3  15.9 
1973  12.7  13.8 -99.0 -99.0 -99.0 -99.0 -99.0 -99.0 -99.0 -99.0 -99.0 -99.0 
1974 -99.0 -99.0 -99.0   9.8 -99.0 -99.0 -99.0 -99.0 -99.0 -99.0 -99.0 -99.0 
1975  16.0  14.3  12.5 -99.0 -99.0 -99.0 -99.0 -99.0 -99.0 -99.0  11.4 -99.0 
1976 -99.0 -99.0 -99.0 -99.0 -99.0 -99.0 -99.0 -99.0 -99.0 -99.0 -99.0 -99.0 
1977 -99.0 -99.0 -99.0 -99.0 -99.0 -99.0 -99.0 -99.0 -99.0 -99.0 -99.0 -99.0 
1978 -99.0 -99.0 -99.0 -99.0 -99.0 -99.0 -99.0 -99.0 -99.0 -99.0 -99.0 -99.0 
1979 -99.0 -99.0 -99.0 -99.0 -99.0 -99.0 -99.0 -99.0 -99.0 -99.0 -99.0 -99.0 
1980 -99.0 -99.0 -99.0 -99.0 -99.0 -99.0 -99.0 -99.0 -99.0 -99.0 -99.0 -99.0 
1981 -99.0 -99.0 -99.0 -99.0 -99.0   2.8   4.0   4.2 -99.0  11.0  12.3 -99.0 
1982  17.2  15.1  12.7  10.0   6.1   0.5 -99.0   2.8   5.7   8.1  11.9  15.5 
1983  17.5  13.7  11.7   8.9   3.9   1.7   2.7   4.5   6.6  10.1  13.9  15.8 
1984  16.0 -99.0  12.3   8.7   0.9  -0.7  -2.6   2.7   7.4   9.8  13.0 -99.0 
1985  17.3 -99.0 -99.0 -99.0 -99.0   2.2   2.7   5.0   7.2   9.4  13.2  15.8 
1986  15.9  15.3  12.0   8.4   3.9   2.0   2.7   2.9 -99.0  10.2  12.0  15.5 
1987  16.4  15.0  13.2   9.7   5.3   2.2   1.7   2.7   5.3  10.9  16.0  14.9 
1988  14.3  14.6  14.5   6.9   5.6   3.4   1.6   2.1   7.0   8.0  13.7  14.1 
1989  14.1  15.7  12.3   5.7 -99.0   3.1   3.6   3.9   6.5  11.1  14.5  15.5 
1990  15.1  17.1  12.6   6.2   5.3   3.1 -99.0   4.7   6.5  11.0  12.1  14.3 
1991  22.9  13.3 -99.0 -99.0 -99.0 -99.0 -99.0 -99.0 -99.0 -99.0 -99.0 -99.0 
1992 -99.0 -99.0 -99.0 -99.0 -99.0 -99.0 -99.0 -99.0 -99.0 -99.0 -99.0 -99.0 
1993 -99.0 -99.0 -99.0 -99.0 -99.0 -99.0 -99.0 -99.0 -99.0 -99.0 -99.0 -99.0 
1994 -99.0 -99.0 -99.0 -99.0 -99.0 -99.0 -99.0 -99.0 -99.0 -99.0 -99.0 -99.0 
1995 -99.0 -99.0 -99.0 -99.0 -99.0 -99.0 -99.0 -99.0 -99.0 -99.0 -99.0 -99.0 
1996 -99.0 -99.0 -99.0 -99.0 -99.0 -99.0 -99.0 -99.0 -99.0 -99.0 -99.0 -99.0 
1997 -99.0 -99.0 -99.0 -99.0 -99.0 -99.0 -99.0 -99.0 -99.0 -99.0 -99.0 -99.0 
1998 -99.0 -99.0 -99.0 -99.0 -99.0 -99.0 -99.0 -99.0 -99.0 -99.0 -99.0 -99.0 
1999 -99.0 -99.0 -99.0 -99.0 -99.0 -99.0 -99.0 -99.0 -99.0 -99.0 -99.0 -99.0 
2000 -99.0 -99.0 -99.0 -99.0 -99.0 -99.0 -99.0 -99.0 -99.0 -99.0 -99.0 -99.0 
2001 -99.0 -99.0 -99.0 -99.0 -99.0 -99.0 -99.0 -99.0 -99.0 -99.0 -99.0 -99.0 
2002 -99.0 -99.0 -99.0 -99.0 -99.0 -99.0 -99.0 -99.0 -99.0 -99.0 -99.0 -99.0 
2003 -99.0 -99.0 -99.0 -99.0 -99.0 -99.0 -99.0 -99.0 -99.0 -99.0 -99.0 -99.0 
2004 -99.0 -99.0 -99.0 -99.0 -99.0 -99.0 -99.0 -99.0 -99.0 -99.0 -99.0 -99.0 
2005 -99.0 -99.0 -99.0 -99.0 -99.0 -99.0 -99.0 -99.0 -99.0 -99.0 -99.0 -99.0 
2006 -99.0 -99.0 -99.0 -99.0 -99.0 -99.0 -99.0 -99.0 -99.0 -99.0 -99.0 -99.0 
2007 -99.0 -99.0 -99.0 -99.0 -99.0 -99.0 -99.0 -99.0 -99.0 -99.0 -99.0 -99.0 
