Number= 879380
Name= USHUAIA A I
Country= ARGENTINA
Lat=  -54.8
Long=   68.3
Height= 16
Start year= 1876
End year= 2011
First Good year= 1931
Source ID= 10
Source file= Jones+Anders
Jones data to= 2001
Normals source= Data
Normals source start year= 1961
Normals source end year= 1990
Normals=   9.6   9.3   7.7   5.6   3.3   1.8   1.3   2.2   4.1   6.2   7.8   9.0 
Standard deviations source= Data
Standard deviations source start year= 1941
Standard deviations source end year= 1990
Standard deviations=   0.9   0.8   0.9   1.2   1.1   1.2   1.1   1.0   0.8   1.0   0.9   1.2 
Obs:
1876  11.5  11.5   8.5   6.8   7.4   4.3   3.0   8.0   6.3   7.3  10.2  15.8 
1877 -99.0 -99.0 -99.0 -99.0 -99.0 -99.0 -99.0 -99.0 -99.0 -99.0 -99.0 -99.0 
1878  14.0  12.1  10.0   6.7   3.4  -6.5   3.5   2.8   4.7   7.6  10.2  10.6 
1879 -99.0 -99.0 -99.0 -99.0 -99.0 -99.0 -99.0 -99.0 -99.0 -99.0 -99.0 -99.0 
1880 -99.0 -99.0 -99.0 -99.0 -99.0 -99.0 -99.0 -99.0 -99.0 -99.0 -99.0 -99.0 
1881 -99.0 -99.0 -99.0 -99.0 -99.0 -99.0 -99.0 -99.0 -99.0 -99.0 -99.0 -99.0 
1882  12.6  12.3   8.0   7.2 -99.0 -99.0   2.2   4.2   6.1   7.5  10.1  12.5 
1883  12.6  12.4   9.2   7.5   5.1   4.0   2.5   3.7   6.7  10.7   9.2  10.9 
1884  12.9  11.4   8.8   4.5   3.5  -1.6   1.0   1.2 -99.0   8.7  11.2  13.1 
1885 -99.0 -99.0 -99.0 -99.0 -99.0 -99.0 -99.0 -99.0 -99.0 -99.0 -99.0 -99.0 
1886 -99.0 -99.0 -99.0 -99.0 -99.0 -99.0 -99.0 -99.0 -99.0 -99.0 -99.0 -99.0 
1887 -99.0 -99.0 -99.0 -99.0 -99.0 -99.0 -99.0 -99.0 -99.0 -99.0 -99.0 -99.0 
1888 -99.0 -99.0 -99.0 -99.0 -99.0 -99.0 -99.0 -99.0 -99.0 -99.0 -99.0 -99.0 
1889 -99.0 -99.0 -99.0 -99.0 -99.0 -99.0 -99.0 -99.0 -99.0 -99.0 -99.0 -99.0 
1890 -99.0 -99.0 -99.0 -99.0 -99.0 -99.0 -99.0 -99.0 -99.0 -99.0 -99.0 -99.0 
1891 -99.0 -99.0 -99.0 -99.0 -99.0 -99.0 -99.0 -99.0 -99.0 -99.0 -99.0 -99.0 
1892 -99.0 -99.0 -99.0 -99.0 -99.0 -99.0 -99.0 -99.0 -99.0 -99.0 -99.0 -99.0 
1893 -99.0 -99.0 -99.0 -99.0 -99.0 -99.0 -99.0 -99.0 -99.0 -99.0 -99.0 -99.0 
1894 -99.0 -99.0 -99.0 -99.0 -99.0 -99.0 -99.0 -99.0 -99.0 -99.0 -99.0 -99.0 
1895 -99.0 -99.0 -99.0 -99.0 -99.0 -99.0 -99.0 -99.0 -99.0 -99.0 -99.0 -99.0 
1896 -99.0 -99.0 -99.0 -99.0 -99.0 -99.0 -99.0 -99.0 -99.0 -99.0 -99.0 -99.0 
1897 -99.0 -99.0 -99.0 -99.0 -99.0 -99.0 -99.0 -99.0 -99.0 -99.0 -99.0 -99.0 
1898 -99.0 -99.0 -99.0 -99.0 -99.0 -99.0 -99.0 -99.0 -99.0 -99.0 -99.0 -99.0 
1899 -99.0 -99.0 -99.0 -99.0 -99.0 -99.0 -99.0 -99.0 -99.0 -99.0 -99.0 -99.0 
1900 -99.0 -99.0 -99.0 -99.0 -99.0 -99.0 -99.0 -99.0 -99.0 -99.0 -99.0 -99.0 
1901 -99.0 -99.0 -99.0 -99.0 -99.0 -99.0 -99.0 -99.0 -99.0 -99.0 -99.0 -99.0 
1902 -99.0 -99.0 -99.0 -99.0 -99.0 -99.0 -99.0 -99.0 -99.0 -99.0 -99.0 -99.0 
1903 -99.0 -99.0 -99.0 -99.0 -99.0 -99.0 -99.0 -99.0 -99.0 -99.0 -99.0 -99.0 
1904 -99.0 -99.0 -99.0 -99.0 -99.0 -99.0 -99.0 -99.0 -99.0 -99.0 -99.0 -99.0 
1905 -99.0 -99.0 -99.0 -99.0 -99.0 -99.0 -99.0 -99.0 -99.0 -99.0 -99.0 -99.0 
1906 -99.0 -99.0 -99.0 -99.0 -99.0 -99.0 -99.0 -99.0 -99.0 -99.0 -99.0 -99.0 
1907 -99.0 -99.0 -99.0 -99.0 -99.0 -99.0 -99.0 -99.0 -99.0 -99.0 -99.0 -99.0 
1908 -99.0 -99.0 -99.0 -99.0 -99.0 -99.0 -99.0 -99.0 -99.0 -99.0 -99.0 -99.0 
1909 -99.0 -99.0 -99.0 -99.0 -99.0 -99.0 -99.0 -99.0 -99.0 -99.0 -99.0 -99.0 
1910 -99.0 -99.0 -99.0 -99.0 -99.0 -99.0 -99.0 -99.0 -99.0 -99.0 -99.0 -99.0 
1911 -99.0 -99.0 -99.0 -99.0 -99.0 -99.0 -99.0 -99.0 -99.0 -99.0 -99.0 -99.0 
1912 -99.0 -99.0 -99.0 -99.0 -99.0 -99.0 -99.0 -99.0 -99.0 -99.0 -99.0 -99.0 
1913 -99.0 -99.0 -99.0 -99.0 -99.0 -99.0 -99.0 -99.0 -99.0 -99.0 -99.0 -99.0 
1914 -99.0 -99.0 -99.0 -99.0 -99.0 -99.0 -99.0 -99.0 -99.0 -99.0 -99.0 -99.0 
1915 -99.0 -99.0 -99.0 -99.0 -99.0 -99.0 -99.0 -99.0 -99.0 -99.0 -99.0 -99.0 
1916 -99.0 -99.0 -99.0 -99.0 -99.0 -99.0 -99.0 -99.0 -99.0 -99.0 -99.0 -99.0 
1917 -99.0 -99.0 -99.0 -99.0 -99.0 -99.0 -99.0 -99.0 -99.0 -99.0 -99.0 -99.0 
1918 -99.0 -99.0 -99.0 -99.0 -99.0 -99.0 -99.0 -99.0 -99.0 -99.0 -99.0 -99.0 
1919 -99.0 -99.0 -99.0 -99.0 -99.0 -99.0 -99.0 -99.0 -99.0 -99.0 -99.0 -99.0 
1920 -99.0 -99.0 -99.0 -99.0 -99.0 -99.0 -99.0 -99.0 -99.0 -99.0 -99.0 -99.0 
1921 -99.0 -99.0 -99.0 -99.0 -99.0 -99.0 -99.0 -99.0 -99.0 -99.0 -99.0 -99.0 
1922 -99.0 -99.0 -99.0 -99.0 -99.0 -99.0 -99.0 -99.0 -99.0 -99.0 -99.0 -99.0 
1923 -99.0 -99.0 -99.0 -99.0 -99.0 -99.0 -99.0 -99.0 -99.0 -99.0 -99.0 -99.0 
1924 -99.0 -99.0 -99.0 -99.0 -99.0 -99.0 -99.0 -99.0 -99.0 -99.0 -99.0 -99.0 
1925 -99.0 -99.0 -99.0 -99.0 -99.0 -99.0 -99.0 -99.0 -99.0 -99.0 -99.0 -99.0 
1926 -99.0 -99.0 -99.0 -99.0 -99.0 -99.0 -99.0 -99.0 -99.0 -99.0 -99.0 -99.0 
1927 -99.0 -99.0 -99.0 -99.0 -99.0 -99.0 -99.0 -99.0 -99.0 -99.0 -99.0 -99.0 
1928 -99.0 -99.0 -99.0 -99.0 -99.0 -99.0 -99.0 -99.0 -99.0 -99.0 -99.0 -99.0 
1929 -99.0 -99.0 -99.0 -99.0 -99.0 -99.0 -99.0 -99.0 -99.0 -99.0 -99.0 -99.0 
1930 -99.0 -99.0 -99.0 -99.0 -99.0 -99.0 -99.0 -99.0 -99.0 -99.0 -99.0 -99.0 
1931  10.5   9.3   7.9   5.8   4.6   2.3   0.8   3.2   3.2   5.2   6.8   8.6 
1932   9.1   8.9   7.1   4.7   3.4   0.0  -0.6   2.2   4.5   6.4   6.7   8.0 
1933   9.7   8.7   8.6   6.0   4.4   1.8   2.2   2.3   5.3   5.2   5.5   7.2 
1934  10.7   7.7   6.8   6.7   3.3   0.8   1.6   3.9   4.4   8.0   8.1   7.1 
1935   9.0   8.0   7.3   4.6   3.9   2.0  -0.4   2.1   2.5   6.1   6.9   8.2 
1936   9.6   9.8   7.2   6.8   0.3   2.2   2.7   2.8   4.2   5.7   9.0   8.8 
1937  10.0   7.4   6.6   6.2   3.3   0.4  -0.1   0.9   4.6   5.6   7.2   8.8 
1938   8.0   8.4   7.2   6.2   4.3   1.0   1.0   1.4   1.5   5.8   6.7   8.9 
1939   8.9   7.9   7.3   5.7   2.5   0.3   1.7  -0.8   3.4   5.5   5.0   9.4 
1940   8.9  11.4   7.9   3.8   3.0   1.2   2.3   3.6   3.9   6.3   7.8   6.3 
1941   9.7   8.8   8.8   2.9   3.2   2.9   2.9   2.4   3.2   5.4   7.3   9.6 
1942   9.1   9.8   6.2   5.9   3.5   1.9   2.5   1.6   3.8   6.4   8.2  10.4 
1943   9.2   9.1   7.5   7.5   3.7   4.2   3.7   2.4   4.5   6.4   5.7   9.3 
1944   9.6   9.2   9.3   6.5   3.8  -0.2   1.7   1.8   3.8   7.0   7.8   9.1 
1945  10.7  10.6   8.2   5.2   4.5   2.4   1.6   3.3   4.2   5.9   5.9  10.2 
1946   9.8   8.1   8.6   6.6   3.5   3.1   1.7   1.0   3.6   5.2   5.8   6.6 
1947   7.3   9.3   8.5   5.2   2.5   0.6   2.9   3.3   3.8   7.1   9.1   7.0 
1948   9.3   8.1   6.6   6.1   3.3   2.3  -0.6  -0.5   3.4   6.3   5.9   8.6 
1949   9.1   8.9   7.1   5.4   2.6   1.5   2.3   2.4   4.4   7.1   6.9   8.3 
1950   8.1   9.5   8.4   4.6   1.3   0.7   1.6  -0.2   3.0   6.4   6.8   9.0 
1951   8.5   9.2   8.5   8.6   3.1  -0.5   1.7   3.2   3.1   5.6   7.6  11.2 
1952   9.9   9.4   6.6   5.8   1.7   2.6   2.3   3.7   5.8   7.0   8.0   8.8 
1953   8.7   9.8   7.9   4.7   3.3   2.5   2.0   4.1   4.9   6.0   7.8  10.5 
1954   8.1   9.8   7.3   6.3 -99.0   3.8   1.5   1.7   3.0   7.4   8.2   8.9 
1955  10.2   9.3   7.9   6.5   5.0 -99.0 -99.0   2.1   4.7   7.2   7.6   7.9 
1956   9.0   9.1   8.0   7.0   5.4   4.5   2.1   3.8   4.1   7.0   9.6   8.5 
1957   7.5  10.6   9.3   7.5   3.6   0.9   0.9   1.6   4.1   3.5   8.8   8.2 
1958   9.7   7.1   8.7   5.8   2.2   0.6   0.8   1.4   3.6   6.8   7.3   6.7 
1959   8.6   8.0   7.6   1.8   1.7   1.5   0.9   1.8   3.9   5.2   6.6   8.4 
1960   9.7  10.0   9.5   5.0   3.7   0.5   1.8   2.2   5.1   6.1   6.8   6.8 
1961   9.1   8.5   6.4   4.1   2.8   0.9   0.7   1.5   3.7   6.2   6.8   7.8 
1962   9.8   9.1   7.4   6.5   4.1   3.1   3.2   1.9   5.3   8.2   6.9   9.2 
1963   8.1  10.8   6.7   3.4   3.6   2.7   1.6   0.8   2.6   5.5   7.7  10.4 
1964  10.1   9.4   7.6   6.0   2.7  -0.6   1.9   1.2   3.4   7.6   7.0   8.9 
1965  10.2   9.9   9.8   4.8   3.0   2.0   2.1   2.7   4.0   4.7   8.1   6.8 
1966   9.3   7.6   8.0   6.5   3.9   1.7  -0.3   3.1   2.7   5.7   7.9   8.8 
1967   9.1   9.5   7.6   5.7   3.1   2.6   1.9   1.3 -99.0 -99.0 -99.0   9.3 
1968   9.1   8.4   7.5   6.5   4.3   3.1   2.7   3.5   4.2   5.9   7.6   8.7 
1969   8.5   8.7   8.0   6.1   2.5   1.3   0.9   2.7   4.2   4.0   7.9   9.5 
1970   9.9   9.8   7.4   5.4   1.8   2.5   1.9   2.2   5.5   6.2   8.3   8.4 
1971   8.0   7.9   6.8   6.4   1.8   2.4   1.3   2.6   4.1   6.6   7.4   7.2 
1972   9.1   8.1   6.7   6.8   1.6   1.4   1.4   1.3   3.6   5.0   8.8  10.7 
1973   8.8   8.9   8.6   4.2   3.6  -0.1  -0.9   3.2   4.5 -99.0   7.5   8.5 
1974   8.7  10.0   8.7   6.0   3.3   1.7   2.1   2.4   4.6   6.4   7.8   9.7 
1975  10.0   8.3   8.3   5.7   4.7   2.4  -0.5   1.6   4.1   6.5   6.9   7.5 
1976   8.4  10.1   6.6   5.5   3.4   0.6   1.1   2.1   3.4   6.1   8.2   7.2 
1977   9.9   9.3   7.8   6.1   4.3   2.2  -0.7   1.5   2.5   5.9   8.4  11.0 
1978   9.8  10.1   8.6   5.6   4.0   2.5   2.5   0.4   5.5   5.9   7.6   9.2 
1979  11.2  10.0   8.9   7.5   2.7   3.5   1.4   3.7   3.9   5.1   6.8   9.8 
1980   9.5   9.0   7.8   3.8   3.5   1.7   0.1   2.3   4.3 -99.0 -99.0 -99.0 
1981  10.0   9.6   7.0   5.6   3.5   2.2   2.2   2.2   3.5   6.7   8.2   8.7 
1982  11.4  10.2   8.4   6.5   4.7   1.5   1.1   1.0   3.7   4.7   7.1   9.6 
1983  10.4   8.1   7.4   5.9   3.1   0.7   2.3   3.2   4.1   6.1   8.8   9.7 
1984   8.7   9.3   8.4   6.1   0.3   1.0   0.1   2.5   4.9   5.8   8.5  10.4 
1985  11.6  10.4   6.2   5.4   2.3   1.5   2.2   3.6   5.2   7.1   9.0   9.1 
1986   9.7   8.7   7.8   4.2   1.3   1.0   2.6   3.4   3.9   7.8   7.0   9.1 
1987  10.0  10.3   8.0   6.1   4.9   2.2   0.5   1.9   3.6   6.8   9.1 -99.0 
1988 -99.0 -99.0 -99.0 -99.0   4.9   3.5 -99.0   1.4   5.4   7.3   8.9 -99.0 
1989 -99.0 -99.0 -99.0 -99.0   4.9   2.1 -99.0 -99.0 -99.0 -99.0 -99.0 -99.0 
1990 -99.0 -99.0 -99.0 -99.0 -99.0   1.2 -99.0 -99.0   3.3   6.3   6.7   8.3 
1991  10.6   8.9   7.4   6.0   1.1   0.9   0.6   2.1   3.9   5.5   7.7   7.3 
1992  11.4   7.9   6.3   5.5   1.9  -0.1   1.2   3.1   4.2   6.0   8.8  10.3 
1993   9.6  10.4   8.5   5.2   6.2   0.5   2.4   3.5   4.6   7.4   9.6   8.3 
1994  11.0   9.0   8.5   5.9   2.0   0.9  -0.1   4.1   4.0   5.5   9.3   9.8 
1995  11.1   9.7   6.3   7.5   4.8   0.5  -1.9   2.4   3.1   6.9   7.9   9.7 
1996   8.9   9.2   8.3   5.4   5.3   1.8   2.9   3.3   6.0   6.3   8.1   9.2 
1997  10.4   8.1   8.7   5.1   3.5   2.1   0.8   2.8   2.8   4.8   7.7   8.0 
1998   9.5   9.2   9.4   7.6   5.1   4.7   3.8   3.0   4.0   6.3   7.9   8.3 
1999   9.8   9.9   8.4   7.7   4.8   2.5   3.4   2.3   3.5   6.5   9.3   8.5 
2000   8.6   9.4   7.6   6.4   4.6   1.9   2.6   2.9   1.8   5.6   6.6   7.4 
2001   9.1   8.2   7.4 -99.0   4.6   2.2   0.4   3.1   4.5   7.0   7.2   9.5 
2002   9.4  10.0   6.2 -99.0   1.7   0.4   1.7   3.0   4.6   4.5   6.5  10.1 
2003   8.9   9.8   8.0   6.8   5.5   1.2   3.6   3.8   4.7   5.6   6.2   8.1 
2004  10.3  11.6   9.2   6.3   4.5   3.9   2.3   3.1   3.3   6.2   8.8   9.8 
2005   9.2  12.2   8.0   5.7   3.5   0.9 -99.0   2.9   5.9   6.1   8.0   8.2 
2006  10.2 -99.0   9.2   6.0   5.6   2.5   2.5 -99.0   3.3   7.4   7.2   8.9 
2007 -99.0   8.1   7.8   5.1   3.2   2.4 -99.0   3.8   5.3 -99.0   6.0   8.7 
2008 -99.0  10.5   9.0   4.9   3.8   2.7   2.3   1.6   6.5   6.9   7.5   9.4 
2009 -99.0   8.7   8.5   5.9   3.1   2.8   2.0   2.3   4.7   5.1   4.5   8.8 
2010   8.9   7.7   7.8   6.7   5.4   2.5   2.3   3.2   4.4   7.1   8.9   6.6 
2011   8.8  10.1   8.8   5.0   4.6 -99.0 -99.0 -99.0 -99.0 -99.0 -99.0 -99.0 
