Number= 610360
Name= TILLABERY
Country= NIGER
Lat=   14.2
Long=   -1.5
Height= 209
Start year= 1951
End year= 2011
First Good year= 1951
Source ID= 10
Source file= Jones+Anders
Jones data to= 2001
Normals source= Data
Normals source start year= 1961
Normals source end year= 1990
Normals=  24.5  27.4  31.1  33.9  34.5  32.7  30.0  29.0  29.9  31.1  28.6  25.3 
Standard deviations source= Data
Standard deviations source start year= 1951
Standard deviations source end year= 1990
Standard deviations=   1.3   1.1   0.8   0.8   0.8   1.0   1.0   1.2   0.9   0.7   0.8   1.0 
Obs:
1951  25.2  28.8  32.4  33.2  34.8  33.8  30.9  29.4  29.7  31.8  28.9  25.4 
1952  25.5  27.0  30.7  34.1  35.0  33.9  29.5  27.4  28.3  30.1  28.2  25.6 
1953  26.9  28.1  30.5  31.9  33.2  29.6  27.9  27.6  29.1  30.7  28.5  23.7 
1954  24.7  27.3  30.5  33.4  33.5  32.2  29.5  26.7  29.3  30.1  29.0  25.9 
1955  25.6  28.3  31.3  32.9  33.2  31.3  29.0  27.5  28.7  30.4  27.8  25.0 
1956  24.7  29.3  31.0  33.7  34.8  32.6  28.8  27.2  28.9  29.4  28.7  25.4 
1957  23.6  25.9  29.9  32.8  33.0  31.4  29.1  27.4  28.7  30.7  29.1  26.3 
1958  26.1  26.5  31.5  34.4  34.4  31.7  28.3  27.3  29.1  30.3  29.9  25.9 
1959 -99.0 -99.0 -99.0 -99.0 -99.0 -99.0 -99.0 -99.0 -99.0 -99.0 -99.0 -99.0 
1960 -99.0 -99.0 -99.0 -99.0 -99.0 -99.0 -99.0 -99.0 -99.0 -99.0 -99.0 -99.0 
1961 -99.0 -99.0 -99.0 -99.0 -99.0  32.4 -99.0 -99.0 -99.0 -99.0 -99.0 -99.0 
1962 -99.0  26.5 -99.0 -99.0 -99.0 -99.0 -99.0 -99.0 -99.0 -99.0 -99.0 -99.0 
1963 -99.0 -99.0  30.1 -99.0 -99.0 -99.0 -99.0 -99.0 -99.0 -99.0 -99.0  25.6 
1964  25.2 -99.0  31.7  32.5  33.8 -99.0  28.6 -99.0  28.3  29.6  27.1  26.2 
1965  25.8  27.5 -99.0 -99.0 -99.0 -99.0 -99.0 -99.0 -99.0 -99.0 -99.0 -99.0 
1966 -99.0 -99.0 -99.0 -99.0  34.0  32.3  30.6  29.0  28.7  31.0  28.3  26.9 
1967  23.4  27.3  31.0  34.1  34.8  32.2  29.7  29.2  27.5  29.6  27.4  25.1 
1968  23.9  28.3  30.8  32.8  33.5  31.6  30.4  30.2  30.7  31.8  28.9  27.3 
1969  25.6  29.8  33.1  34.3  35.4  32.8 -99.0  26.7  30.2  31.3  29.5  27.0 
1970  26.9  27.9  31.0  34.0  34.7  33.9  29.8  28.5  29.9  31.4  28.1  24.8 
1971  23.8  28.6  31.9  34.4  34.8  32.9  29.8  27.6  29.5  31.1  28.6  25.4 
1972  24.7  28.1  31.5  34.1  33.5  31.8  31.1  31.1  30.7  31.6  31.6 -99.0 
1973  25.0  27.7  31.0  34.6  35.5  33.7  30.8  29.1  30.3  31.7 -99.0  25.1 
1974  23.5  27.0  31.6  33.5  34.2  33.0  28.9  28.2  29.3  31.0  27.9  23.8 
1975  22.5  26.2  30.9  34.6  33.6  33.2  28.7  28.6 -99.0  31.0  28.4  26.1 
1976  23.9  27.5  29.5  32.3  33.3  31.6  29.2  28.5  29.4  29.6  28.5  25.7 
1977  26.3  26.8  29.6  33.9  34.2  32.9  29.3  28.4  29.8  31.1  27.7  24.5 
1978  24.7  28.6  30.9  33.3  33.8  31.3  29.3  28.5  29.4  31.0  28.4  26.2 
1979  26.2  26.2  31.5  32.9  33.6  30.7  29.4  29.2  29.4  31.6  29.4  24.5 
1980  26.7  27.7  31.1  34.2  35.3  32.0  29.3  28.0  30.9  31.8  28.9  23.7 
1981  22.6  27.3  31.6  34.0  33.4  33.4  30.3 -99.0  31.0  31.8  27.5  25.0 
1982  23.2  26.6  30.6  34.3  34.4  32.9  31.0  28.3  31.4  31.6  27.5  24.7 
1983  21.7  28.6  30.4  34.8  35.7  32.5  29.8  29.5  31.0  30.7  28.4  26.0 
1984  23.8  26.1  31.7  34.3  34.7  32.9  31.7  31.4  30.3  31.3  29.3  24.2 
1985  25.7  26.6  32.2  33.3  35.7  33.9  30.0  29.0  30.1  31.3  28.8  23.5 
1986  23.5  28.7  31.5  35.6  34.9  33.3  29.9 -99.0  29.5  31.2  28.7 -99.0 
1987  25.4  28.4  31.4  33.1  34.7  33.9  32.6  30.9  31.1  32.0  29.3  25.6 
1988  24.0  27.5  32.4  34.6  36.2  32.6  29.8  28.0  29.3  30.9  27.9  24.1 
1989  22.4  25.1  30.5  33.8  35.0  33.9  30.9  27.9  30.1  30.9  28.9  25.4 
1990  25.5  26.1  29.7  34.9  35.1  33.7  29.8  30.2  30.9  31.4  29.2  26.5 
1991  25.4  29.1  31.6  34.4  32.7  31.8 -99.0  28.2  31.2 -99.0 -99.0 -99.0 
1992  23.2  26.9  30.3  33.8  33.7  33.0  29.8 -99.0  30.2  31.4  27.4  24.9 
1993  22.7  27.3  31.7  34.3  35.6  33.1  30.5  29.2  30.2  31.9  29.8  25.3 
1994  24.0  26.9  31.9  34.2  34.4  32.6  30.3  27.9 -99.0  30.6  28.3  23.9 
1995  22.8  25.7 -99.0  34.5  34.9  33.2  30.3  28.6  30.6  32.2  28.5  27.1 
1996  26.6  28.8  31.8 -99.0  34.4  32.5  30.8  28.6  29.5  30.7  27.0  26.1 
1997  26.4  25.7  29.8  33.2  33.9 -99.0 -99.0 -99.0  32.0  33.1  29.7  25.6 
1998  24.6  29.4  35.4  35.4  35.6  32.6  32.6  28.5  29.2  32.3  29.7  26.0 
1999  25.1  26.6  32.7  34.6  34.9  34.5  29.7  27.9  24.2  31.1  29.4  29.4 
2000  24.2  24.8  30.2  35.0 -99.0  33.1 -99.0  29.0  31.0  31.8 -99.0  24.9 
2001  24.2  25.8  31.5  35.0 -99.0  33.2 -99.0  29.9  30.3 -99.0  27.4  27.0 
2002 -99.0  26.9  32.1  35.1  36.0 -99.0 -99.0 -99.0  30.6  30.1  28.9  26.4 
2003  25.3 -99.0 -99.0 -99.0  34.9  31.2 -99.0  28.7  29.3 -99.0  30.1 -99.0 
2004  25.6  27.7  30.5  34.5 -99.0 -99.0  29.9  29.5 -99.0  32.1  29.8 -99.0 
2005 -99.0  30.7  33.9  35.0 -99.0 -99.0 -99.0 -99.0 -99.0 -99.0 -99.0  26.8 
2006 -99.0  28.3  31.9  34.1  33.6  34.0  30.8 -99.0  29.9 -99.0  28.0  24.8 
2007  23.9  27.6 -99.0  35.3 -99.0  33.5  29.7  28.6  30.5 -99.0  30.0  26.3 
2008  22.0 -99.0  31.9  33.7  34.7  32.7  29.9  28.9  31.1  31.9  29.0  26.5 
2009  24.4  30.2  32.9  34.8  35.2  33.3  31.3  30.1  31.0  32.5  29.3  27.6 
2010  26.0 -99.0  32.5 -99.0  36.1  32.7  30.2  29.0  29.3  31.7  30.6  25.7 
2011  24.9  29.4 -99.0  34.0  36.1 -99.0 -99.0 -99.0 -99.0 -99.0 -99.0 -99.0 
