Number= 610751
Name= NIONO
Country= MALI
Lat=   14.3
Long=    6.0
Height= 277
Start year= 1950
End year= 1990
First Good year= 1950
Source ID= 38
Source file= Jones
Jones data to= 1995
Normals source= Data
Normals source start year= 1961
Normals source end year= 1990
Normals=  22.9  25.7  28.7  31.3  32.9  31.6  29.0  27.7  28.3  29.0  26.5  23.3 
Standard deviations source= Data
Standard deviations source start year= 1950
Standard deviations source end year= 1990
Standard deviations=   1.5   1.3   1.1   0.9   0.8   0.8   0.7   0.7   0.6   0.7   1.3   1.3 
Obs:
1950  23.7  26.0  29.0  32.8  33.3  31.7  28.7  26.6  27.3  28.3  26.2  23.7 
1951  23.9  27.6  30.1  32.0  32.9  32.3  28.9  27.8  27.4  28.7  26.8  24.3 
1952  23.0  25.8  29.9  32.4  34.0  32.4  28.3  27.5  27.5  29.1  27.3  25.5 
1953  24.7  27.0  29.2  33.0  33.9  31.0  29.3  28.8  28.2  30.4  29.2  24.8 
1954  24.1  26.5  29.8  32.5  34.2  31.5  28.0  27.3  29.0  29.1  28.3  25.3 
1955  25.2  27.6  30.7  32.3  34.1  32.2  29.1  27.9  28.6  30.5  28.8  24.4 
1956  24.6  28.5  29.8  31.9  34.2  32.6  29.7  28.7  28.8  29.8  27.7  25.0 
1957  22.7  26.9  28.6  31.8  33.4  31.7  29.6  28.3  28.9  29.8  28.3  25.5 
1958  25.5  26.5  29.9  33.2  32.5  30.7  27.8  26.9  28.0  29.1  27.4  23.4 
1959  23.3  25.1  29.3  32.0  32.8  31.8  28.9  26.1  27.8  29.4  27.3  22.4 
1960  23.6  27.1  28.2  31.8  33.5  32.4  28.7  28.4  28.5  30.3  26.9  22.6 
1961  21.8  24.4  28.5  31.3  33.6  31.3  28.3  27.4  28.4  29.0  27.1  23.5 
1962  23.4  25.9  27.9  31.4  33.2  30.6  28.3  26.8  27.9  28.7  27.4  22.8 
1963  25.1  26.9  27.0  31.1  31.1  32.4  30.4  29.0  29.3  28.4  27.4  23.8 
1964  23.6  26.9  30.8  31.1  33.5  31.0  28.3  27.5  28.2  29.2  26.9  25.1 
1965  22.7  26.3  29.0  29.9  33.8  31.9  30.0  27.5  28.6  30.3  26.9  22.5 
1966  23.2  25.7  28.9  31.7  33.8  32.5  30.4  28.5  28.0  29.3  27.8  24.3 
1967  22.2  26.6  28.2  31.7  33.5  31.8  28.7  27.1  27.5  29.3  27.3  21.7 
1968  22.4  27.9  28.7  30.3  33.6  31.3  29.3  28.6  28.6  29.0  27.7  24.5 
1969  24.8  28.1  30.8  30.3  32.7  32.0  28.6  27.5  28.4  28.8  27.6  24.5 
1970  24.0  27.0  29.1  31.6  32.7  32.9  28.1  27.6  28.1  30.0  27.2  23.6 
1971  21.5  26.2  30.7  33.4  34.2  32.9  29.2  28.0  29.4  30.2  28.9  26.3 
1972  23.4  25.6  28.5  31.1  32.6  31.0  30.0  28.1  29.5  29.9  26.0  22.8 
1973  21.4  25.5  28.7  32.2  34.1  32.6  29.3  27.9  28.6  28.5  26.4  20.7 
1974  21.4  24.5  28.4  31.2  33.5  32.4  29.3  28.6  29.0  29.1  26.4  23.6 
1975  21.3  23.7  28.0  31.1  32.3  31.3  28.5  27.7  27.5  28.8  24.3  24.3 
1976  21.1  23.2  26.3  30.6  31.9  30.3  28.3  26.7  27.7  27.6  24.4  22.8 
1977  24.1  24.6  28.4  31.0  32.6  31.2  28.9  27.6  27.5  28.9  25.0  22.6 
1978  23.8  26.3  27.5  30.4  32.7  31.2  27.7  27.4  27.1  27.7  25.2  22.7 
1979  25.6  23.3  28.5  30.7  31.2  29.7  29.6  27.6  27.9  28.8  26.8  24.0 
1980  26.6  26.8  30.1  33.7  33.9  32.4  29.9  27.6  28.8  28.5  26.5  22.1 
1981  21.1  25.6  29.1  32.0  32.0  31.3  27.7  27.6  28.4  29.6  25.6  22.8 
1982  20.5  24.4  27.9  31.3  31.9  31.4  29.2  27.6  28.9 -99.0  24.1  21.0 
1983  21.0  25.9 -99.0 -99.0 -99.0 -99.0 -99.0 -99.0 -99.0 -99.0 -99.0 -99.0 
1984 -99.0 -99.0 -99.0 -99.0 -99.0 -99.0 -99.0 -99.0 -99.0 -99.0 -99.0 -99.0 
1985 -99.0 -99.0 -99.0 -99.0 -99.0 -99.0 -99.0 -99.0 -99.0 -99.0 -99.0 -99.0 
1986 -99.0 -99.0 -99.0 -99.0 -99.0 -99.0 -99.0 -99.0 -99.0 -99.0 -99.0 -99.0 
1987 -99.0 -99.0 -99.0 -99.0 -99.0 -99.0 -99.0 -99.0 -99.0 -99.0 -99.0 -99.0 
1988 -99.0 -99.0 -99.0 -99.0 -99.0 -99.0 -99.0 -99.0 -99.0 -99.0 -99.0 -99.0 
1989 -99.0 -99.0 -99.0 -99.0 -99.0 -99.0 -99.0 -99.0 -99.0 -99.0 -99.0 -99.0 
1990 -99.0 -99.0 -99.0 -99.0 -99.0 -99.0 -99.0 -99.0 -99.0 -99.0 -99.0 -99.0 
