Number= 612500
Name= MENAKA
Country= MALI
Lat=   15.9
Long=   -2.3
Height= -999
Start year= 1950
End year= 2011
First Good year= 1950
Source ID= 10
Source file= Jones+Anders
Jones data to= 2001
Normals source= Data
Normals source start year= 1961
Normals source end year= 1990
Normals=  23.1  25.8  29.5  33.1  35.3  34.7  32.2  30.6  31.8  31.6  27.7  23.9 
Standard deviations source= Data
Standard deviations source start year= 1950
Standard deviations source end year= 1990
Standard deviations=   1.3   1.3   1.0   1.3   0.8   1.0   1.1   1.3   1.1   0.7   0.8   1.1 
Obs:
1950  23.3  24.2  27.8  30.9  34.3  35.4  31.1  27.9  29.4  30.8  27.0  23.5 
1951  23.2  27.1  31.1  31.6  35.2  35.0  32.9  30.5  31.0  32.3  27.4  23.4 
1952  23.4  24.1  28.6  33.2  35.0  34.3  31.7  28.3  29.2  30.2  27.1  22.8 
1953  23.8  26.5  29.4  30.7  34.1  30.9  29.6  28.8  30.6  31.6  28.4  21.9 
1954  22.1  25.1  29.4  32.5  34.2  33.7  30.8  27.7  30.0  30.5  27.9  23.8 
1955  23.3  26.2  29.4  32.5  33.6  33.2  31.1  29.7  30.8  31.6  27.6  23.8 
1956  22.9  27.7  29.7  33.2  35.0  34.1  30.6  28.1  30.4  29.7  27.9  23.5 
1957  21.6  24.6  28.5  31.9  33.4  33.6  31.6  30.6  30.9  31.5  29.2  25.8 
1958  24.5  25.2  30.5  34.9  35.0  33.6  30.1  28.5  30.5  30.5  29.5  25.1 
1959  23.6  26.6  30.3  32.9  35.2  35.6  32.1  28.3  30.4  30.6  28.1  23.3 
1960  23.1  26.1  29.2  32.0  34.2  33.9  30.5  30.5  31.1  31.9  27.0  24.9 
1961  22.6  23.7  27.1  31.6  35.2  34.4  30.7  28.8  30.9  30.6  27.0  22.8 
1962  22.1  24.9  28.3  32.4  35.4  34.2  31.9  29.4  30.4  31.2  29.4  23.8 
1963  25.1  29.8  28.1  32.1  33.4  34.4  32.2  29.9  31.1  30.6  27.1  23.8 
1964  23.6  25.6  30.2  32.4  34.5  33.8  31.4  28.6  30.5  30.1  26.8  25.9 
1965  25.0  26.3  28.5  30.5  35.5  33.7  31.8  29.0  30.0  31.4  26.3  21.8 
1966  23.0  24.6  28.9  33.4  34.1  33.9  32.9  31.3  30.4  31.9  28.0  24.7 
1967  21.5  26.1  29.6  34.0  35.5  34.3  31.1  29.1  30.2  30.6  27.3  24.5 
1968  22.4  26.5  29.8  33.5  34.7  33.1  31.5  31.3  31.8  31.8  28.0  25.5 
1969  23.8  27.3  31.2  33.7  35.5  34.7  31.1  29.7  31.7  32.2  28.8  25.4 
1970  25.0  26.6  29.6  33.3  35.0  36.2  32.2  30.1  31.4  31.3  27.5  23.8 
1971  21.9  27.7  31.1  33.5  35.7  35.2  32.2  30.0  31.8  30.8  27.5  24.9 
1972  23.3  26.8  30.1  33.1  34.5  34.3  34.1  31.9  33.7  33.0  27.1  25.0 
1973  23.5  26.1  29.5  33.8  35.8  36.1  33.3  31.3  33.3  31.9  27.4  24.2 
1974  22.4  25.0  30.1  32.8  34.9  35.2  31.3  30.4  31.8  31.8  26.9  22.5 
1975  21.1  24.3  29.4  34.5  34.6  35.0  30.9  30.8  31.1  31.0  27.1  25.1 
1976  22.0  25.7  27.8  31.9  35.2  33.5  32.1  31.3  31.2  31.4  28.5  24.6 
1977  24.8  24.9  27.7  32.2  35.0  34.9  32.2  30.4  31.7  31.9  26.7  22.9 
1978  23.6  26.7  30.0  33.2  36.2  33.5  31.2  31.3  31.6  31.6  27.4  24.8 
1979  25.5  24.7  30.5  32.0  34.6  33.8  31.8  30.8  31.8  32.6  28.5  23.3 
1980  25.4  26.3  29.2  33.3  36.0  33.7  30.6  29.5  32.2  32.1  28.5  22.1 
1981  20.7  25.4  29.9  33.8  35.8  34.8  32.4  31.8  32.8  32.3  26.6  24.0 
1982  22.3  25.0  29.8  34.4  35.4  34.7  33.5  30.8  33.3  32.0  26.7  23.7 
1983  20.3  27.0  28.5  34.1  37.2  35.0  33.8  31.3  32.9  31.0  27.6  24.5 
1984  22.5  24.5  30.3  34.0  36.2  35.5  33.7  33.9  32.8  32.7  29.2  23.0 
1985  24.6  25.0  31.1  31.7  36.1  35.8  32.0  31.5  32.1  31.9  28.1  22.6 
1986  22.3  27.2  30.5  35.9  35.4  35.2  31.5  31.5  31.7  32.0  28.1  22.2 
1987  23.8  26.6  29.7  30.5  35.3  35.1  34.7  32.1  33.0  31.8  27.9  24.6 
1988  22.7  25.7  30.4  35.5  36.1  34.8  31.2  29.9  31.6  30.8  27.4  22.5 
1989  21.5  23.5  28.8  32.3  34.5  35.2  33.3  29.7  33.0  31.5  27.9  24.1 
1990  24.0  24.8  28.0  34.5  36.4  35.7  32.0  31.5  33.1  32.0  28.3  25.4 
1991  23.8 -99.0 -99.0 -99.0  33.7 -99.0 -99.0 -99.0 -99.0 -99.0 -99.0 -99.0 
1992 -99.0 -99.0 -99.0 -99.0  38.0  35.2 -99.0  30.4  32.2 -99.0  26.9  23.3 
1993 -99.0  26.3  30.8  34.1  36.6  35.1  32.6  31.5  32.7  32.6 -99.0  23.7 
1994  22.7  25.3  31.2  36.7  34.6 -99.0  32.4 -99.0 -99.0 -99.0  27.8  22.6 
1995  20.8  24.3  31.4  35.0  35.4  35.9 -99.0  32.8 -99.0 -99.0  27.3 -99.0 
1996  25.9 -99.0 -99.0 -99.0 -99.0  34.2  32.5 -99.0 -99.0 -99.0  26.4  25.2 
1997 -99.0  24.4  30.5 -99.0  35.4 -99.0 -99.0  32.1  33.4  34.0  35.2  27.5 
1998  23.8  27.8  28.1 -99.0 -99.0  34.9  34.9  30.3  31.3  33.3  28.3  24.9 
1999  22.9  24.7  31.8  34.4  35.5  35.2  33.0  28.9  31.0 -99.0  28.1  23.8 
2000  25.8  23.8  28.6  35.0 -99.0  34.0 -99.0  30.0 -99.0  32.2  27.4  23.8 
2001  23.0  24.5 -99.0  33.7 -99.0 -99.0 -99.0  30.7 -99.0  32.6  27.3  25.7 
2002 -99.0 -99.0  30.4  34.7 -99.0  35.1  33.2 -99.0 -99.0  31.0  28.2  25.7 
2003  24.8  27.1 -99.0  34.6  35.1  33.4  31.3 -99.0 -99.0 -99.0 -99.0 -99.0 
2004 -99.0 -99.0 -99.0 -99.0 -99.0 -99.0 -99.0 -99.0 -99.0 -99.0 -99.0 -99.0 
2005 -99.0 -99.0 -99.0 -99.0 -99.0 -99.0 -99.0 -99.0 -99.0 -99.0 -99.0 -99.0 
2006 -99.0 -99.0 -99.0 -99.0 -99.0 -99.0 -99.0 -99.0 -99.0 -99.0 -99.0 -99.0 
2007 -99.0 -99.0 -99.0 -99.0 -99.0 -99.0 -99.0 -99.0 -99.0 -99.0 -99.0 -99.0 
2008 -99.0 -99.0 -99.0 -99.0 -99.0  34.8 -99.0 -99.0 -99.0 -99.0  28.2  25.2 
2009  23.5  28.7  31.7  34.7  36.1 -99.0 -99.0 -99.0 -99.0  33.6 -99.0  25.7 
2010  25.3 -99.0  31.9 -99.0  38.0  35.3  32.6  31.4  31.9  33.7 -99.0  25.0 
2011  23.9  27.8  32.8  34.1  37.3 -99.0 -99.0 -99.0 -99.0 -99.0 -99.0 -99.0 
