Number= 612770
Name= SAN
Country= MALI
Lat=   13.3
Long=    4.9
Height= 283
Start year= 1950
End year= 2010
First Good year= 1950
Source ID= 38
Source file= Jones
Jones data to= 2001
Normals source= Data
Normals source start year= 1961
Normals source end year= 1990
Normals=  23.8  26.9  30.1  32.7  33.1  30.6  28.1  27.0  27.5  29.2  27.5  24.3 
Standard deviations source= Data
Standard deviations source start year= 1950
Standard deviations source end year= 1990
Standard deviations=   1.4   1.2   1.0   0.8   0.9   0.9   0.8   0.6   0.7   0.9   0.8   0.9 
Obs:
1950  21.1  23.6  28.0  32.1  33.2  31.1  27.7  25.9  27.4  28.2  27.7  24.5 
1951  24.3  27.3  30.7  32.6  32.4  31.1  27.8  26.9  27.4  28.0  28.0  25.3 
1952  22.9  25.8  29.5  32.3  33.4  31.2  27.9  26.8  26.8  28.5  28.6  24.5 
1953  25.2  27.0  29.0  32.1  32.7  29.0  26.7  26.6  27.6  28.9  28.5  23.5 
1954  23.3  26.2  29.9  32.0  32.8  28.9  27.1  26.0  27.1  27.9  27.9  25.1 
1955  24.9  26.9  30.4  31.5  32.5  29.6  27.3  26.4  26.3  28.5  28.0  24.3 
1956  23.9  28.0  29.1  32.6  32.6  30.8  28.3  26.6  26.5  28.6  27.6  24.2 
1957  22.4  26.4  29.6  32.0  32.4  30.3  28.3  26.9  27.3  28.7  28.2  25.0 
1958  25.3  26.2  30.5  33.5  32.8  29.9  27.5  26.3  27.3  28.9  28.2  24.1 
1959  23.9  26.3  30.5  32.9  32.8  30.9  28.5  26.0  27.6  30.0  28.4  23.2 
1960  23.6  26.8  28.9  32.3  32.1  30.5  27.7  27.5  27.1  29.8  27.4  23.4 
1961  22.2  24.3  28.1  32.6  32.5  31.0  27.7  26.4  27.0  29.5  27.2  23.4 
1962  22.9  25.9  28.4  31.2  32.6  29.7  28.2  26.2  26.5  28.5  27.8  23.0 
1963  25.3  29.0  28.4  32.0  31.7  31.5  28.9  27.2  27.8  26.5  26.6  23.6 
1964  23.5  26.2  31.0  31.7  32.6  29.2  26.8  26.2  26.5  28.3  26.9  25.2 
1965  22.7  26.2  29.2  31.0  33.0  30.4  27.6  26.3  27.1  29.1  26.8  22.3 
1966  23.4  25.8  30.0  32.5  33.8  31.5  29.6  27.7  26.8  27.6  27.0  24.7 
1967  22.3  26.3  28.8  33.1  33.4  30.2  27.7  26.7  26.2  28.6  27.6  22.4 
1968  22.1  27.9  29.8  31.4  32.0  28.7  27.7  27.1  27.5  29.6  28.0  26.2 
1969  25.3  29.0  32.3  32.6  33.4  32.0  28.2  27.1  27.6  28.3  27.4  24.7 
1970  24.8  27.3  29.6  32.6  33.2  31.6  28.0  27.0  27.7  29.5  27.5  24.1 
1971  22.6  27.2  30.2  32.2  33.0  31.2  27.7  26.3  27.0  28.9  27.6  25.2 
1972  24.4  26.9  29.9  32.1  32.1  29.6  29.1  27.4  28.5  29.4  27.0  24.7 
1973  23.8  27.7  30.6  33.0  34.2  31.6  29.1  27.0  27.6  29.9  27.8  23.4 
1974  22.7  25.6  30.1  32.6  33.2  31.2  27.2  26.1  26.6  28.7  26.6  23.8 
1975  22.3  25.2  29.6  32.4  31.8  29.8  27.3  27.0  26.8  28.8  25.8  25.1 
1976  23.0  25.7  28.5  32.0  31.8  29.5  27.5  26.7  27.4  27.9  26.7  24.6 
1977  25.6  26.3  29.3  32.3  32.5  30.6  28.3  27.1  27.1  29.4  26.9  24.4 
1978  25.7  28.4  30.4  31.7  31.8  30.0  27.1  27.3  26.9  28.0  26.9  25.3 
1979  26.7  25.8  30.7  32.7  31.9  28.3  28.9  27.0  27.3  29.3  27.5  24.1 
1980  27.1  27.6  31.0  34.0  33.7  31.0  27.6  26.9  28.1  29.7  28.3  23.9 
1981  22.7  27.9  31.3  33.5  32.5  31.6  27.7  26.9  27.7  30.0  26.9  24.6 
1982  22.2  26.6  30.1  33.1  32.9  30.1  28.8  27.2  29.0  30.0  27.2  23.8 
1983  22.3  28.2  30.0  34.1  34.6  30.9  28.0  28.0  28.1  29.5  28.2  24.9 
1984  24.2  25.6  31.0  33.5  33.0  31.4  30.1  28.6  28.3  30.2  29.0  24.5 
1985  25.5  27.0  31.7  32.7  34.6  31.0  27.2  26.8  28.0  30.2  28.9  23.6 
1986  22.8  28.3  30.0  33.9  33.2  30.6  28.0  27.2  26.8  29.7  27.3  23.6 
1987  25.7  28.5  31.0  33.1  35.2  30.9  30.2  28.0  29.3  30.7  29.0  26.0 
1988  23.7  27.8  32.0  33.8  35.0  31.5  27.9  27.1  27.6  29.8  27.6  23.2 
1989  23.6  25.9  30.0  33.3  34.1  30.9  27.9  26.7  28.1  28.9  28.6  25.7 
1990  24.2  26.9  29.9  34.4  34.1  31.5  27.7  27.8  28.2  30.6  29.2  26.4 
1991  26.3  27.9  31.4 -99.0  32.2  31.0 -99.0 -99.0  28.1  28.1 -99.0 -99.0 
1992 -99.0 -99.0 -99.0 -99.0 -99.0  31.0 -99.0 -99.0  27.5  30.0  26.8  25.7 
1993 -99.0  27.7  31.4  33.8  34.7  31.1  28.2  27.2  27.7  30.1 -99.0  24.8 
1994  23.0  27.3 -99.0  33.6  32.2  30.8  28.2 -99.0  26.7 -99.0  27.2  23.7 
1995  23.2  25.6  31.4  30.1  32.2 -99.0 -99.0  26.9  27.9  29.5  27.9  25.2 
1996  26.7  29.2  31.5  33.0  33.3  31.5  29.1  27.1  27.1  29.0  26.7  25.6 
1997  26.4  26.4  29.2  32.5  32.5  30.3  28.9  27.7  28.3  29.7  28.7  25.3 
1998  24.8  29.6 -99.0 -99.0  32.8 -99.0  28.9  27.3  27.3  29.8  27.8 -99.0 
1999  24.1  25.0  31.0 -99.0 -99.0  32.1  28.2  26.1 -99.0 -99.0  28.1  24.4 
2000  26.8  25.3  30.1  34.3  32.8  30.7 -99.0  27.0  28.0  29.0  27.9  24.3 
2001  24.6  26.1  31.6 -99.0 -99.0  28.9  27.7 -99.0  27.7  29.9  28.4 -99.0 
2002 -99.0 -99.0 -99.0 -99.0 -99.0 -99.0 -99.0 -99.0 -99.0 -99.0 -99.0 -99.0 
2003 -99.0 -99.0 -99.0 -99.0 -99.0 -99.0 -99.0 -99.0 -99.0 -99.0 -99.0 -99.0 
2004 -99.0 -99.0 -99.0 -99.0 -99.0 -99.0 -99.0 -99.0 -99.0 -99.0 -99.0 -99.0 
2005 -99.0 -99.0 -99.0 -99.0 -99.0 -99.0 -99.0 -99.0 -99.0 -99.0 -99.0 -99.0 
2006 -99.0 -99.0 -99.0 -99.0 -99.0 -99.0 -99.0 -99.0 -99.0 -99.0 -99.0 -99.0 
2007 -99.0 -99.0 -99.0 -99.0 -99.0 -99.0 -99.0 -99.0 -99.0 -99.0 -99.0 -99.0 
2008 -99.0 -99.0 -99.0 -99.0 -99.0 -99.0 -99.0 -99.0 -99.0 -99.0 -99.0 -99.0 
2009 -99.0 -99.0 -99.0 -99.0 -99.0 -99.0 -99.0 -99.0 -99.0 -99.0 -99.0 -99.0 
2010 -99.0 -99.0 -99.0 -99.0 -99.0  31.0  29.0  27.4  27.0  29.0  28.6  26.2 
