Number= 612960
Name= BOUGOUNI
Country= MALI
Lat=   11.4
Long=    7.5
Height= 350
Start year= 1950
End year= 2011
First Good year= 1950
Source ID= 10
Source file= Jones+Anders
Jones data to= 2001
Normals source= Data
Normals source start year= 1961
Normals source end year= 1990
Normals=  24.7  27.6  30.0  31.0  29.9  27.6  26.1  25.6  26.0  27.2  26.3  24.3 
Standard deviations source= Data
Standard deviations source start year= 1950
Standard deviations source end year= 1990
Standard deviations=   1.0   0.8   0.8   0.9   1.0   0.7   0.6   0.5   0.4   0.5   0.6   0.7 
Obs:
1950  25.2  27.3  30.1  31.6  30.3  27.3  25.9  24.7  26.0  26.5  26.3  25.3 
1951  26.1  28.3  31.2  30.9  29.1  27.5  25.9  25.7  26.2  26.3  26.7  25.1 
1952  24.8  26.8  29.4  31.0  29.2  27.8  25.7  25.5  24.9  26.5  26.5  24.4 
1953  26.3  27.9  29.4  31.3  30.0  27.0  25.6  25.4  26.0  26.7  26.8  24.1 
1954  24.5  27.4  30.1  28.5  28.7  26.5  25.3  24.7  25.5  26.2  26.1  24.6 
1955  25.5  27.6  29.9  30.1  29.5  26.4  24.8  25.3  25.4  26.3  25.8  23.4 
1956  24.4  27.9  28.9  30.3  28.9  26.7  25.3  24.7  25.4  26.6  26.0  24.9 
1957  23.8  26.6  28.8  30.4  29.3  27.3  25.7  25.4  25.9  26.7  26.6  25.2 
1958  26.9  27.5  30.4  31.7  29.9  27.1  25.8  24.9  26.2  27.0  26.8  24.1 
1959  25.2  27.5  30.3  31.9  29.1  27.7  26.5  24.9  25.7  27.5  27.5  24.3 
1960  25.2  27.9  29.5  31.4  29.6  27.9  25.4  25.7  25.9  27.3  25.7  24.6 
1961  24.0  26.0  29.3  31.1  30.2  27.9  25.3  25.4  25.8  27.7  25.9  23.7 
1962  24.8  28.1  29.2  29.5  29.0  26.6  26.1  25.2  25.7  26.9  27.0  24.1 
1963  26.0  29.2  29.2  30.3  29.6  28.4  26.8  25.5  26.7  25.9  25.5  23.8 
1964  25.1  27.0  30.8  29.7  28.3  26.9  25.5  25.0  25.7  27.3  26.2  25.6 
1965  24.8  27.5  29.7  30.5  29.7  27.2  26.3  25.5  26.0  27.3  25.8  23.2 
1966  24.5  26.4  29.3  31.3  30.4  28.1  26.7  25.9  25.8  26.9  26.1  24.2 
1967  23.5  27.4  28.9  30.4  29.8  27.7  26.0  24.8  25.8  27.0  26.1  23.2 
1968  23.7  28.5  29.5  30.0  29.4  27.9  26.0  26.3  26.0  27.5  26.9  25.8 
1969  25.6  29.1  31.4  31.4  31.6  28.3  26.2  25.7  26.2  26.1  25.6  24.2 
1970  25.2  27.8  29.6  31.4  30.1  27.8  25.8  25.4  25.8  27.7  26.1  24.2 
1971  23.4  27.7  30.3  30.7  30.4  28.4  26.0  24.9  26.0  27.2  26.9  24.8 
1972  25.2  27.6  30.0  30.4  29.0  27.2  26.7  25.9  26.5  27.3  25.9  25.0 
1973  25.2  28.4  30.5  31.7  30.4  28.7  26.9  25.5  26.3  28.0  27.0  24.2 
1974  23.9  27.0  29.9  31.3  30.4  28.1  25.8  24.9  25.7  26.9  25.7  23.9 
1975  23.3  26.1  28.9  31.0  29.1  27.7  25.0  25.6  25.3  26.8  24.6  24.5 
1976  24.2  26.7  28.7  29.5  28.1  26.4  25.9  25.1  26.1  25.9  25.2  23.7 
1977  25.3  26.6  29.1  30.7  30.1  27.5  26.3  25.6  25.8  27.0  25.3  24.0 
1978  25.6  28.0  29.5  29.8  28.5  26.5  25.0  25.0  25.5  26.8  26.0  24.9 
1979  26.3  26.1  29.8  31.1  28.5  26.2  25.9  25.3  25.6  27.4  26.5  24.1 
1980  27.6  28.1  30.8  32.0  30.0  27.7  25.9  25.5  26.3  27.3  26.9  24.3 
1981  24.3  28.4  30.4  31.8  28.5  28.5  26.1  25.8  26.2  28.2  26.5  25.4 
1982  23.5  27.9  30.0  30.4  29.5  27.1  25.9  25.6  26.4  26.8  25.9  23.7 
1983  24.0  28.8  30.5  31.8  30.0  28.0  26.6  26.5  26.2  27.6  26.9  24.7 
1984  25.0  26.6  31.1  31.8  29.3  27.7  25.6  26.5  26.0  27.4  26.7  24.2 
1985  25.9  27.6  31.4  31.3  31.3  27.7  25.5  26.1  26.1  27.5  27.3  23.4 
1986  23.4  28.7  29.7  31.5  29.5  27.4  25.8  25.7  25.8  27.3  26.1  23.5 
1987  26.1  28.6  30.5  32.5  32.1  29.0  28.3  26.0  26.9  27.3  26.8  25.1 
1988  23.8  28.0  31.5  32.5  32.6  27.5  25.5  25.6  26.0  27.7  26.4  23.4 
1989  24.3  26.8  29.2  31.7  31.1  27.3  26.4  25.5  25.9  27.1  27.5  25.2 
1990  24.7  27.5  29.9  31.6  29.4  27.6  25.8  25.6  26.3  27.8  27.2  25.6 
1991  26.5  28.0  30.6 -99.0  29.4  27.8 -99.0 -99.0  26.0  25.9 -99.0 -99.0 
1992 -99.0 -99.0 -99.0 -99.0  29.4  27.3  25.4  25.5 -99.0  26.5  25.0  24.8 
1993 -99.0  28.1  29.7  30.3  30.7 -99.0  26.0 -99.0  25.8  27.0 -99.0  24.8 
1994  24.6  27.4  30.7  31.5  30.1  27.7  25.6  25.3  25.4  25.7  25.5  24.0 
1995  23.5  26.8  30.9  31.4 -99.0  28.0  26.5  25.6  25.8  26.4  25.9  25.1 
1996  26.9  29.2  30.6  31.4  30.1  27.8  26.2  25.6  25.7  26.7  25.3  25.4 
1997  27.2  27.7  29.7 -99.0  29.3 -99.0  26.6 -99.0  26.0 -99.0 -99.0  24.5 
1998  25.3  29.9  31.3  32.6  31.0 -99.0  27.2 -99.0  26.2 -99.0 -99.0  24.8 
1999  25.4  26.5  30.5  31.3 -99.0  28.1 -99.0 -99.0 -99.0 -99.0  26.0  23.8 
2000  27.0  27.5  30.3 -99.0  29.8  27.2  26.1 -99.0 -99.0 -99.0  25.8  24.4 
2001  25.2 -99.0 -99.0 -99.0 -99.0 -99.0 -99.0  25.8  26.2  27.3 -99.0 -99.0 
2002 -99.0 -99.0 -99.0 -99.0 -99.0 -99.0 -99.0  26.1  26.6  27.0  26.5  25.3 
2003  25.4  29.9  31.2  31.8  31.0  27.1  25.8  25.7  24.6  27.6  26.9 -99.0 
2004  26.7  28.5 -99.0  31.0 -99.0 -99.0 -99.0  26.2 -99.0 -99.0 -99.0 -99.0 
2005  25.4 -99.0 -99.0  32.4 -99.0 -99.0 -99.0 -99.0  26.8 -99.0 -99.0 -99.0 
2006 -99.0  28.4 -99.0 -99.0 -99.0 -99.0 -99.0 -99.0  26.1 -99.0 -99.0 -99.0 
2007 -99.0 -99.0 -99.0 -99.0 -99.0 -99.0 -99.0 -99.0 -99.0 -99.0 -99.0 -99.0 
2008 -99.0 -99.0 -99.0 -99.0 -99.0 -99.0 -99.0 -99.0 -99.0 -99.0  26.9 -99.0 
2009  24.1 -99.0 -99.0 -99.0 -99.0 -99.0  26.9  25.5  26.0  27.2  26.1  26.1 
2010  26.7 -99.0  32.0 -99.0 -99.0  28.2  26.2  25.6  25.7  27.0 -99.0  25.7 
2011  25.9  27.7  31.7  30.8  29.9 -99.0 -99.0 -99.0 -99.0 -99.0 -99.0 -99.0 
