Number= 612910
Name= BAMAKO/SENOU
Country= MALI
Lat=   12.5
Long=    8.0
Height= 380
Start year= 1923
End year= 2011
First Good year= 1923
Source ID= 10
Source file= Jones+Anders
Jones data to= 2001
Normals source= Data
Normals source start year= 1961
Normals source end year= 1990
Normals=  25.0  27.9  30.5  32.0  31.6  29.1  26.8  26.2  26.7  28.0  27.0  25.0 
Standard deviations source= Data
Standard deviations source start year= 1941
Standard deviations source end year= 1990
Standard deviations=   1.1   0.8   0.8   1.6   0.8   0.8   0.6   0.5   0.5   0.7   1.0   0.9 
Obs:
1923  23.6  27.2 -99.0 -99.0 -99.0 -99.0 -99.0 -99.0 -99.0 -99.0 -99.0 -99.0 
1924 -99.0 -99.0 -99.0 -99.0 -99.0 -99.0 -99.0  25.6  25.6  27.2  26.7  23.6 
1925  22.5  27.1  29.2  33.3  33.7  30.5  26.9  25.2  25.2  25.5  23.9  23.0 
1926  24.8  28.4  29.4  29.8  31.5  27.0  25.3  25.3  25.5  26.6  24.6  21.7 
1927  21.7  25.9  28.8  30.8  29.5  26.5  26.0 -99.0  25.7  26.9  24.9  23.6 
1928  22.4  24.3  29.0  30.8  29.6  27.7  26.2  24.6  25.6  25.7  25.7 -99.0 
1929  24.0  26.9  30.4  32.2  30.9  27.0  25.9  24.6  25.9  27.4  26.3  23.6 
1930  22.4  26.9  29.0  31.5  32.2  27.4  26.1  24.7  26.3  27.1  25.8  26.2 
1931  25.0  27.1 -99.0 -99.0 -99.0 -99.0  26.7  26.4  25.7  28.5 -99.0  26.6 
1932  24.1 -99.0 -99.0 -99.0 -99.0  29.5  25.8  26.5  26.9  28.5  27.1  23.8 
1933  25.4  27.1  28.4  31.4  32.1  28.5  27.7  27.3  26.7  28.0  27.3  26.5 
1934  24.6  27.5  29.8  32.9  33.8  29.8  27.1  26.1  26.5  27.3  27.3  25.0 
1935 -99.0 -99.0 -99.0 -99.0 -99.0 -99.0 -99.0 -99.0 -99.0 -99.0 -99.0 -99.0 
1936 -99.0 -99.0 -99.0 -99.0 -99.0 -99.0 -99.0 -99.0 -99.0 -99.0 -99.0 -99.0 
1937 -99.0 -99.0 -99.0 -99.0 -99.0 -99.0 -99.0 -99.0 -99.0 -99.0 -99.0 -99.0 
1938 -99.0 -99.0 -99.0 -99.0 -99.0 -99.0 -99.0 -99.0 -99.0 -99.0 -99.0 -99.0 
1939 -99.0 -99.0 -99.0 -99.0 -99.0 -99.0 -99.0 -99.0 -99.0 -99.0 -99.0 -99.0 
1940 -99.0 -99.0 -99.0 -99.0 -99.0 -99.0 -99.0 -99.0 -99.0 -99.0 -99.0 -99.0 
1941  26.3  28.1  31.5  32.8  32.0  29.7  27.4  27.2  27.0  29.0  28.2  26.2 
1942  24.8  28.0  31.4  33.2  31.6  29.3  26.9  25.2  27.7  28.1  28.2  25.2 
1943  24.8  27.5  31.2  31.7  31.6  28.8  26.9  26.0  26.0  27.2  24.7  25.9 
1944  24.8  28.3  30.3  31.9  32.5  29.3  27.5  26.6  26.8  27.9  28.6  26.5 
1945  26.8  29.2  31.1  37.6  31.7  30.3  27.4  25.7  26.7  28.2  27.9  26.0 
1946  25.9  27.4  32.5  37.8  33.0  29.2  26.8  25.9  26.4  27.9  27.6  24.9 
1947  25.8  29.7  31.2  37.8  33.5  30.9  27.9  26.6  26.7  28.0  27.0  26.4 
1948  24.6  28.8  30.9  32.8  32.3  28.4  27.3  26.9  26.9  28.5  27.1  26.2 
1949  25.7  27.5  32.0  33.0  32.2  29.4  26.9  25.7  27.1  28.2  27.4  25.5 
1950  24.9  27.2  30.3  32.6  32.1  29.0  26.8  25.7  26.0  26.9  26.5  24.5 
1951  25.9  28.5  31.2  31.9  31.1  29.3  26.8  26.3  26.6  26.7  26.5  24.5 
1952  24.1  27.0  30.1  32.4  31.4  29.0  26.3  26.2  25.4  26.8  26.3  24.3 
1953  26.4  28.1  29.6  32.2  32.0  27.2  26.3  25.7  26.2  27.6  28.0  24.6 
1954  24.9  27.9  30.9  31.2  31.7  28.0  26.2  25.6  26.4  27.4  27.2  25.5 
1955  25.6  28.1  30.6  31.4  31.8  29.0  26.3  26.0  26.0  27.7  26.5  25.0 
1956  25.1  28.8  30.4  32.0  31.6  28.8  26.8  25.6  26.4  27.4  26.3  25.3 
1957  24.0  27.5  30.2  31.8  32.1  29.4  27.3  26.4  27.0  27.5  26.9  26.3 
1958  26.9  27.5  31.3  32.7  31.7  28.7  26.8  25.6  27.1  27.9  27.6  24.9 
1959  24.9  27.6  30.7  31.8  31.1  28.8  27.3  25.5  26.4  28.2  27.4  24.3 
1960  24.9  27.6  29.9  32.1  31.3  29.4  26.4  26.7  26.5  28.5  26.3  25.0 
1961  24.4  26.4  29.4  31.7  31.4  29.9  26.6  25.8  26.0  27.9  25.9  23.1 
1962  23.4  27.6  29.8  30.3  30.9  28.6  26.8  25.6  26.1  27.3  27.0  23.7 
1963  25.2  28.9  28.9  31.4  30.4  30.9  27.7  26.2  26.8  26.2  25.5  23.6 
1964  24.8  27.3  30.6  31.2  30.0  27.3  25.9  25.3  25.9  27.8  25.8  25.5 
1965  23.9  26.4  28.7  30.3  31.6  28.8  26.5  25.6  26.3  27.5  25.7  23.1 
1966  24.0  26.5  29.8  31.5  32.2  29.5  27.4  26.4  25.8  27.1  26.0  24.7 
1967  24.0  27.1  28.9  31.1  30.8  28.0  26.6  25.4  26.2  27.3  25.9  23.7 
1968  23.6  28.6  29.8  29.8  30.5  28.9  26.6  26.6  26.5  26.8  26.5  26.4 
1969  25.8  28.5  31.7  31.9  32.0  29.7  26.9  26.6  27.1  27.0  26.0  24.7 
1970  25.6  27.9  30.8  32.2  31.9  30.0  26.8  26.7  26.8  28.5  26.8  24.8 
1971  24.2  28.1  31.1  31.9  32.9  30.2  26.8  25.6  27.2  28.3  27.2  25.4 
1972  25.7  28.2  30.7  31.3  31.6  28.8  27.8  26.9  27.7  28.7  26.7  25.9 
1973  25.8  29.1  31.2  33.3  32.4  30.3  27.6  26.5  27.6  29.0  27.5  24.6 
1974  24.2  27.5  30.4  32.2  32.0  29.2  26.5  25.6  26.2  26.9  25.6  24.0 
1975  23.8  27.0  29.8  31.9  30.8  28.9  25.3  26.0  26.1  28.0  26.1  26.0 
1976  24.3  26.8  29.5  31.4  30.7  28.4  26.9  26.1  26.8  26.9  26.0  24.9 
1977  26.5  27.5  30.4  31.6  31.8  29.1  27.0  26.2  26.5  28.5  27.0  25.8 
1978  27.0  29.3  30.4  30.8  30.7  28.8  26.2  26.6  26.5  27.7  26.8  26.1 
1979  28.2  27.7  30.8  32.9  30.3  27.6  27.1  26.1  26.9  28.0  27.3  25.1 
1980  28.1  28.6  31.6  32.8  32.1  29.5  27.2  26.0  27.4  28.3  27.9  25.0 
1981  24.4  28.9  30.9  33.1  30.2  28.9  26.0  26.3  26.9  28.6  27.5  26.3 
1982  24.1  28.0  30.6  32.0  31.1  28.2  27.1  26.4  27.4  28.0  27.0  24.2 
1983  24.1  28.5  30.8  32.7  32.2  30.0  27.8  27.1  27.4  29.0  28.5  25.4 
1984  25.2  26.8  31.8  32.7  31.0  29.0  27.1  27.1  26.8  27.9  28.0  24.9 
1985  25.8  28.4  31.9  31.7  33.3  29.3  26.2  26.7  26.5  28.7  28.4  24.1 
1986  23.4  28.9  30.0  32.9  31.5  29.1  26.4  26.3  26.2  28.3  27.1  24.3 
1987  26.9  28.7  30.7  33.3  32.8  29.3  28.6  26.5 -99.0  28.4  28.5  26.4 
1988  24.2  28.6  32.1  33.3  33.4  29.1  25.9  25.4  26.4  28.7  27.6  23.9 
1989  25.0  26.9  30.3  32.6  32.8  29.2  27.0  26.2  27.3  28.3  29.2  26.6 
1990  24.9  28.3  31.2  33.1  31.9  29.3  26.3  26.9  26.9  28.9  28.6  26.8 
1991  27.2  28.6  31.4 -99.0  31.7  29.5 -99.0 -99.0  27.3  26.8 -99.0 -99.0 
1992 -99.0 -99.0 -99.0 -99.0  31.2  28.4  25.8  25.5  26.3  28.6  27.6  27.1 
1993 -99.0  28.8  31.6  32.6  32.4  25.8  26.9  26.1  26.4  28.5 -99.0  26.0 
1994  24.2  28.3  31.3  33.2  31.1  28.4  26.2  25.2  25.9  26.5  27.5  25.1 
1995  23.7  27.1  31.0  31.3  31.0  29.1  26.9  25.6  26.2  27.4  28.0  25.4 
1996  27.6  29.7  31.2  32.1  31.3  28.7  26.8  25.5  26.1  27.9  27.3  25.6 
1997  27.4  27.8  29.5  31.5  30.6  28.3  26.8  26.2  26.3  27.5  27.6  25.3 
1998  25.4  30.1  31.3  33.6  31.9  29.1  27.3  25.9  26.1  27.6  26.9  25.4 
1999  25.1  25.9  30.9  32.1  31.7  29.9  26.1  24.8  25.2  26.8  26.1  24.4 
2000  26.9  26.7  30.6  32.6  31.2  27.8  26.0  25.3  26.1  26.3 -99.0  24.9 
2001  25.3  27.4  31.3 -99.0 -99.0  28.0  26.1  25.6  26.5  27.3  27.0 -99.0 
2002 -99.0 -99.0  31.4  32.5  33.0  29.3  26.9  25.7 -99.0  27.0  27.0  26.0 
2003  25.2  29.7  31.6  32.8 -99.0  27.8  25.8 -99.0  25.4  27.0  26.5  24.8 
2004  25.2  28.7 -99.0  31.7  31.6 -99.0  25.5  25.6 -99.0 -99.0 -99.0  26.3 
2005  24.8  29.4 -99.0  32.9  31.5 -99.0 -99.0  25.5  26.3 -99.0 -99.0 -99.0 
2006 -99.0  27.3 -99.0 -99.0  30.1 -99.0 -99.0 -99.0  25.6  27.1 -99.0 -99.0 
2007 -99.0 -99.0 -99.0 -99.0 -99.0  30.4  26.5 -99.0  26.2  27.0 -99.0 -99.0 
2008  22.8  28.3  30.6  31.4  31.0  28.9  25.9  25.4 -99.0  26.8  25.4  25.0 
2009  23.5  28.9  31.4  32.7  31.7  29.2  26.9  25.7  26.0  26.9  25.3  25.6 
2010  25.6 -99.0  31.7  32.7  30.1  28.9  26.4  25.5  25.7  26.9 -99.0  24.8 
2011  25.2  26.5  31.4  31.3  30.5 -99.0 -99.0 -99.0 -99.0 -99.0 -99.0 -99.0 
