Number= 614610
Name= BOUTILIMIT
Country= MAURITANIA
Lat=   17.5
Long=   14.7
Height= 77
Start year= 1951
End year= 2009
First Good year= 1951
Source ID= 10
Source file= Jones+Anders
Jones data to= 1991
Normals source= Data
Normals source start year= 1961
Normals source end year= 1990
Normals=  22.4  24.5  26.9  29.4  32.1  32.5  30.5  30.4  30.8  31.3  27.5  23.1 
Standard deviations source= Data
Standard deviations source start year= 1951
Standard deviations source end year= 1990
Standard deviations=   1.7   1.5   1.6   1.4   1.3   1.0   1.2   0.8   1.3   1.1   1.3   1.5 
Obs:
1951  22.0  24.2  27.6  30.4  32.8  33.1  31.3  31.2  31.9  29.3  27.6  22.0 
1952  19.9  23.9  27.3  28.0  31.7  33.6  31.0  29.0  28.6  30.1  28.3  27.8 
1953  25.1  23.7  25.4  29.0  31.3  31.1  30.3  29.9  30.4  29.2  28.1  22.3 
1954  21.4  21.3  25.7  27.6  31.9 -99.0  28.5  29.1  30.4  31.1  27.2  23.9 
1955  23.8  25.9  27.3  30.2  32.0  31.8  29.5  29.1  29.5  30.6  29.2  23.4 
1956  23.5  22.9  25.7  28.5  32.4  30.7  30.4  30.5  29.9  29.6  28.0  21.3 
1957  21.4  24.7  27.9  28.6  29.3  32.5  30.2  30.8  30.7  29.5  27.3  23.0 
1958  23.6  26.6  29.0  30.3  31.9  32.8  31.2  29.7  30.8  31.0  26.6  22.7 
1959 -99.0 -99.0 -99.0 -99.0 -99.0 -99.0 -99.0 -99.0 -99.0 -99.0 -99.0 -99.0 
1960 -99.0 -99.0 -99.0 -99.0 -99.0 -99.0 -99.0 -99.0  30.3  31.9  28.5  20.9 
1961  21.7  24.4  27.2  31.1  32.6  33.0  30.6  30.4  30.5  30.5  27.6  24.4 
1962  24.1  24.5  27.4  28.6 -99.0 -99.0 -99.0 -99.0 -99.0 -99.0 -99.0 -99.0 
1963 -99.0 -99.0 -99.0 -99.0 -99.0 -99.0 -99.0 -99.0 -99.0 -99.0 -99.0 -99.0 
1964 -99.0 -99.0 -99.0 -99.0 -99.0 -99.0 -99.0 -99.0 -99.0 -99.0 -99.0 -99.0 
1965 -99.0 -99.0 -99.0 -99.0 -99.0 -99.0 -99.0 -99.0 -99.0 -99.0 -99.0 -99.0 
1966 -99.0 -99.0 -99.0 -99.0  31.2  33.1  31.6  32.6  30.3  29.2  26.7  24.2 
1967  23.3  23.5  27.3  26.9  31.9  32.0  30.1  29.7  31.2  29.5  27.5  20.8 
1968  20.9  23.6  25.5  28.1  30.7  31.4  30.4  30.9  31.2  31.2  27.3  24.4 
1969  21.8  27.9  29.6  28.9  33.5  33.1  30.9  29.2  30.6  30.3  28.3  24.0 
1970 -99.0 -99.0  27.7  30.8  31.9 -99.0 -99.0  30.1  30.8 -99.0 -99.0 -99.0 
1971  22.3 -99.0  24.9 -99.0  29.8  32.2  30.4 -99.0  30.7 -99.0 -99.0 -99.0 
1972  23.9  23.8  25.8  27.8 -99.0  32.3  30.7  31.6  32.2  33.1  33.1  22.1 
1973  28.4  24.1  27.8  30.4  34.1  34.0  30.6  30.4  31.6  31.8  28.1  20.8 
1974  21.5  21.8  23.5  26.5  32.2  32.4  31.8  29.2 -99.0  30.5  27.7  22.9 
1975 -99.0  25.0 -99.0  27.2  30.5  32.6  28.6  29.8  29.5  31.8  26.4  24.2 
1976  20.4  22.6  25.7  29.7  29.8  32.6  33.0  31.7  25.0  30.4  27.3  21.6 
1977  23.3 -99.0  29.6  29.5  31.5 -99.0  34.2  30.2  31.8  32.0  27.2  25.2 
1978  23.2  25.5  27.5  29.0  32.2  31.9  29.7  30.6  30.1  31.2  27.4  24.2 
1979  23.0 -99.0 -99.0  31.2  32.6  33.2  30.8  29.8  31.8  31.6  27.4  24.0 
1980  22.4 -99.0  25.0  30.8  31.0  31.0  28.8  29.7  31.0  30.7  26.6  21.8 
1981  22.2  23.1 -99.0  30.7  33.1  30.2  30.2  30.6 -99.0  31.5 -99.0 -99.0 
1982 -99.0 -99.0 -99.0 -99.0 -99.0 -99.0 -99.0 -99.0  31.8 -99.0 -99.0  21.3 
1983  23.2  25.4  29.4  30.2  34.8  31.9  30.8  30.1  32.0  32.3  28.7  23.0 
1984  21.7  24.3  25.1  28.8 -99.0  31.8  29.1  31.0  32.2  31.0  26.6  22.8 
1985  20.9  26.8  26.2  28.6  30.8  31.4  29.1  29.8  31.0  33.3  27.8 -99.0 
1986  20.1  23.6  25.2  30.4 -99.0  32.4  29.2  30.4  29.5  31.2  25.1  22.5 
1987  22.9  25.4  27.0  32.7  34.6  35.4 -99.0  31.6  32.0 -99.0 -99.0  24.4 
1988  21.5 -99.0  28.3  29.8  32.7  33.0  29.9  29.8  30.6 -99.0  26.7  21.9 
1989  22.5  25.1 -99.0  28.3  33.1  33.7 -99.0 -99.0  31.0  31.9  27.0  25.2 
1990  20.7 -99.0  30.1  29.4  32.3  32.8 -99.0  30.4 -99.0  32.3  27.1  22.9 
1991 -99.0 -99.0  25.5  29.3  30.0  31.5 -99.0  29.7 -99.0  30.6 -99.0 -99.0 
1992 -99.0 -99.0  26.1  28.2  32.0  34.0  29.5  26.1  31.7  30.7  26.8  24.0 
1993  22.4  24.6 -99.0 -99.0  35.4  32.8 -99.0  30.6  31.2  31.0 -99.0  23.4 
1994  20.8  24.6 -99.0  29.4 -99.0  31.3  29.0 -99.0 -99.0  30.2  28.3  24.5 
1995  21.6  25.7  25.1  27.6  32.5  33.1  31.8 -99.0  30.7  32.2  29.4  23.0 
1996  24.6  26.1  26.9  29.1  32.7  32.8 -99.0  30.4 -99.0 -99.0 -99.0 -99.0 
1997  23.9  27.9 -99.0  28.8  32.4  34.7 -99.0 -99.0 -99.0 -99.0 -99.0 -99.0 
1998  23.9  28.1 -99.0 -99.0 -99.0  34.2  30.1  30.6  31.2  31.8 -99.0  23.9 
1999  20.9  22.5  26.4  30.4  32.5 -99.0 -99.0 -99.0 -99.0 -99.0 -99.0 -99.0 
2000  22.8 -99.0 -99.0  32.4  31.1 -99.0  29.9  30.6 -99.0 -99.0 -99.0  24.3 
2001 -99.0 -99.0 -99.0 -99.0  34.4  31.7  31.1  31.7  31.3 -99.0  28.0  27.3 
2002  22.9 -99.0 -99.0 -99.0  32.6 -99.0  31.6  32.8 -99.0 -99.0 -99.0  26.0 
2003  22.0  24.6 -99.0 -99.0 -99.0  32.0 -99.0 -99.0 -99.0 -99.0 -99.0 -99.0 
2004 -99.0 -99.0 -99.0 -99.0 -99.0 -99.0 -99.0  31.7 -99.0 -99.0 -99.0 -99.0 
2005 -99.0 -99.0 -99.0 -99.0 -99.0 -99.0  31.4  31.4 -99.0 -99.0  28.4  26.5 
2006 -99.0  24.0  29.1 -99.0 -99.0 -99.0  30.5 -99.0  30.8 -99.0 -99.0 -99.0 
2007 -99.0 -99.0 -99.0 -99.0 -99.0 -99.0 -99.0 -99.0 -99.0 -99.0 -99.0 -99.0 
2008 -99.0 -99.0 -99.0 -99.0 -99.0  32.9 -99.0  30.1 -99.0 -99.0 -99.0  23.4 
2009  21.1  23.6  25.4 -99.0  35.4 -99.0  31.2 -99.0 -99.0 -99.0 -99.0 -99.0 
