Number= 615997
Name= GOREE
Country= SENEGAL
Lat=   14.4
Long=   19.5
Height= 6
Start year= 1856
End year= 1865
First Good year= 1856
Source ID= 10
Source file= Jones
Jones data to= 1865
Normals= -99.0 -99.0 -99.0 -99.0 -99.0 -99.0 -99.0 -99.0 -99.0 -99.0 -99.0 -99.0 
Obs:
1856  20.5  18.8  19.4  20.9  23.5  26.2  27.3  27.5  27.5  28.0  26.5  21.0 
1857  20.4  16.9  19.4  19.6  21.2  23.7  27.4  27.5  27.8  27.5  26.0  21.3 
1858  19.5  18.4  19.3  20.6  22.1  26.0  27.4  27.6  27.9  28.3  26.5  21.3 
1859  18.9  18.7  21.0  21.9  22.4  26.6  27.4  27.5  28.0  28.7  26.7  23.7 
1860  20.0  19.2  19.5  19.4  22.3  26.4  27.5  27.5  27.8  27.5  25.1  22.9 
1861  20.6  18.2  20.6  21.2  22.7  26.1  27.3  27.1  27.7  27.9  24.6  22.9 
1862  20.0  20.4  20.9  21.3  21.5  26.1  27.4  27.5  27.6  27.8  22.1  20.9 
1863  21.9  18.7  19.4  19.8  20.3  23.5  26.0  27.3  27.9  26.6  25.7  22.9 
1864  20.3  18.3  19.7  20.4  21.5  25.9  28.0  27.6  28.6  28.2  27.1  23.4 
1865  20.6  21.1  20.9  19.9  22.6  26.6  27.9  28.0  28.1  27.5  25.9  20.8 
