Number= 616120
Name= PODOR
Country= SENEGAL
Lat=   16.6
Long=   14.9
Height= 6
Start year= 1951
End year= 2011
First Good year= 1951
Source ID= 10
Source file= Jones+Anders
Jones data to= 2001
Normals source= Data
Normals source start year= 1961
Normals source end year= 1990
Normals=  23.0  25.8  27.9  29.8  31.9  32.3  30.9  30.1  30.5  30.9  27.9  23.8 
Standard deviations source= Data
Standard deviations source start year= 1951
Standard deviations source end year= 1990
Standard deviations=   1.2   1.4   1.3   1.1   1.2   0.7   0.8   1.0   1.1   1.1   1.1   1.0 
Obs:
1951  23.0  24.8  28.1  30.7  33.4  32.6  31.4  31.2  30.3  28.7  27.8  22.6 
1952  20.5  24.0  27.8  29.0  31.7  33.1  30.7  29.2  28.8  30.3  28.7  23.2 
1953  25.9  25.1  27.1  29.7  31.3  31.4  30.6  30.0  30.0  29.6  28.2  23.4 
1954  23.1  22.9  27.7  30.3  33.2  32.3  30.5  29.3  30.2  30.9  27.4  24.6 
1955  24.1  26.3  27.9 -99.0  32.2  31.7  28.7  28.7  28.9  29.8  28.8 -99.0 
1956  24.0  23.8  26.6  29.3  32.2  31.3  30.8  30.7  29.3  29.1  27.8  22.0 
1957  21.7  24.7  27.9  29.0  29.7  32.2  30.9  30.5  30.0  29.7  28.0  23.7 
1958  23.8 -99.0  28.8  31.0  32.4  32.9  32.2  28.7  30.8  30.4  28.0  23.1 
1959  22.8  24.6  26.7  30.6  31.6  32.0  31.2  29.5  30.4  30.8  27.2  22.4 
1960  22.8  27.2  26.7  29.2  32.8  32.1  30.6  29.7  29.3  30.9  28.2 -99.0 
1961 -99.0 -99.0 -99.0 -99.0  32.6  32.9 -99.0  30.8 -99.0 -99.0 -99.0 -99.0 
1962  23.9  25.1  28.1 -99.0  31.8 -99.0 -99.0  30.0  28.4 -99.0  28.4  23.3 
1963  24.7  26.5  28.0  29.0  30.9  32.7  30.6  30.1  30.5  28.7  27.8  22.5 
1964  23.2  26.5  28.9  29.3  32.2  32.1  30.7  28.6  29.1  29.0  27.0  23.0 
1965  20.3  24.1  28.6  28.3  32.2  30.8  30.7  29.9  29.1  29.9  27.5  22.2 
1966  22.4  26.1  27.4  30.2  31.8  33.0  32.0  30.8  28.8  29.0  27.4  24.1 
1967  22.7  24.0  27.1  28.1  31.6  32.0  30.9  30.2  29.3  29.6  26.9 -99.0 
1968  20.4  29.1  24.6  28.3  30.3  31.8  30.3  30.7  30.9  30.8  28.1  24.9 
1969  25.3  28.0  30.4  30.1  33.4  33.6  32.7  28.9  29.6  29.6  27.2  24.0 
1970  23.8  26.8  28.3  31.1  32.1  33.1  31.0  30.5  30.4  31.2  27.8  24.3 
1971  23.1  25.0  26.0  30.4  30.7  32.0  30.5  30.0  30.4  30.7  26.9  23.1 
1972  23.1  24.5  27.0  28.7  30.7  32.1  31.0  31.0  32.2  32.7  32.7 -99.0 
1973  23.3  25.3  28.3  30.9  33.5  33.4  31.0  30.4  31.2  31.1  28.2  22.0 
1974  22.3 -99.0  24.9  27.6  31.6 -99.0  29.8  29.3  30.3  30.0  26.7  23.6 
1975 -99.0 -99.0 -99.0 -99.0 -99.0 -99.0 -99.0 -99.0 -99.0 -99.0 -99.0 -99.0 
1976  21.4  23.5  26.4  30.5  29.9  32.0  30.9  30.2  30.8  30.6  27.8  23.3 
1977  24.1  25.8  29.6  29.8  31.3  32.3  31.5  30.5  31.0  31.8  27.5  25.5 
1978  24.5  26.1  28.1  29.6  32.4  31.4  29.9  30.5  29.6  30.5  27.5  24.5 
1979  23.6  26.8  27.7  31.7  32.3  32.6  31.0  30.2  31.1  31.8  28.5  24.9 
1980  23.6  25.7  27.0  31.8  31.9  31.0  30.8  26.3  31.8  31.2  26.9  23.1 
1981  22.9  24.7  29.5  32.0  33.6 -99.0  30.9  30.5  30.3  31.6  28.4  24.7 
1982  22.7  23.9  27.1  28.1  30.3 -99.0  30.8  30.1  31.7  31.7  27.8  22.6 
1983  24.0  26.7  30.4  30.4  34.3  31.7  31.6  31.1  32.4  32.2  29.5  23.9 
1984  22.8  25.3  26.5  29.7 -99.0  32.2  32.2  31.4  32.3  31.6  27.9  24.1 
1985  22.4  27.5  27.5  29.6 -99.0 -99.0  29.9  30.3 -99.0  32.3  28.2  23.5 
1986  21.7  24.8  26.6  31.4  31.5  31.9  30.0  30.8  29.4  31.3  24.8  23.6 
1987  23.4  26.4  28.1  28.1  33.9  33.1  32.1  31.5  31.8  31.3  29.5  25.3 
1988  22.5  25.8  29.5  30.9  33.1  32.3  30.5  29.8  29.6  31.0  27.0  22.6 
1989  23.1  25.9  27.8  29.4  29.4  33.0  30.6  29.3  30.7  31.7  27.6  25.4 
1990  22.0  27.7  30.6  30.5  33.2  31.8  30.0  30.4  32.1  32.0  28.3  24.2 
1991  24.3  24.6  27.1  30.1  30.4  31.2  31.5  31.0  31.7  31.2  28.6  26.2 
1992  24.5  25.3  27.2  29.0  31.8  33.2  29.9  27.7  31.3  31.4  27.7  25.1 
1993  23.8  25.3  28.9  30.8  34.0  32.2  32.0  30.6  30.3  30.8  27.0  24.2 
1994  21.6  25.6  28.2  30.1  31.9  31.0  30.0  31.0  29.8  30.6  29.3  24.7 
1995  22.3  26.3  26.4  28.8  32.0  32.3  31.5  30.0  30.3  32.0  29.0  23.9 
1996  25.4  27.2  27.5  31.0  33.0  32.0  32.7  30.2  31.6  32.1  27.9  24.8 
1997  24.7  28.1  27.1  29.8  34.2  33.5  32.2  30.9  31.0  32.5  29.5  24.4 
1998  24.2  28.6  29.5  32.5  33.7  34.0  31.2  31.4  30.5  31.2  28.6  24.9 
1999  21.8  23.5  27.4  30.9  32.6  33.3  31.2  30.8  31.2  30.6  28.8  24.6 
2000  24.3  25.5  29.7  32.6  31.7  31.4  30.8  31.0  31.8  30.4  28.6 -99.0 
2001  26.6 -99.0  30.0  28.9 -99.0 -99.0 -99.0 -99.0 -99.0  32.0  28.1 -99.0 
2002  23.3  25.7 -99.0  28.9 -99.0  32.9  31.9  31.6  32.1 -99.0 -99.0 -99.0 
2003 -99.0  28.5  30.0  31.7  33.6 -99.0 -99.0  30.7  30.4  29.9 -99.0  24.2 
2004  23.1 -99.0 -99.0  30.5 -99.0  32.6 -99.0  29.6  31.0  32.8  28.8 -99.0 
2005  24.2  24.2  29.6  32.1 -99.0  32.3  31.0 -99.0  30.4 -99.0  28.6  26.3 
2006 -99.0  24.6  29.6  31.4  31.2  32.9  30.3 -99.0  30.5  32.0  28.8  23.6 
2007  23.8  26.6 -99.0  30.4  33.1  31.9  30.3  30.0  30.6  31.5  27.7  23.6 
2008  22.0  26.5  29.9  33.1  32.8  32.0  30.5  30.4  31.3  30.7  28.5  24.2 
2009  21.0  24.4  26.5  30.7  33.8  33.1  31.5  30.6  30.4  31.4  28.0  25.7 
2010  25.1  27.7  31.0  31.1  33.4  32.1  31.4  30.3  30.4  31.1  28.4  26.7 
2011  24.1  24.3  28.4  31.0  33.1 -99.0 -99.0 -99.0 -99.0 -99.0 -99.0 -99.0 
