Number= 616410
Name= DAKAR/YOFF
Country= SENEGAL
Lat=   14.7
Long=   17.5
Height= 24
Start year= 1898
End year= 2011
First Good year= 1898
Source ID= 10
Source file= Jones+Anders
Jones data to= 2001
Normals source= Data
Normals source start year= 1961
Normals source end year= 1990
Normals=  20.7  20.6  20.9  21.4  22.8  25.4  26.9  27.2  27.4  27.4  25.3  22.4 
Standard deviations source= Data
Standard deviations source start year= 1941
Standard deviations source end year= 1990
Standard deviations=   1.2   1.2   1.2   1.0   1.1   1.0   0.5   0.4   0.4   0.5   0.8   1.3 
Obs:
1898  22.5  23.9  23.9  23.7  24.9  28.2  28.3  27.7  28.3  29.5  26.3  25.7 
1899  23.9  22.7  22.7  24.9  26.0  26.8  28.0  26.7  28.2  27.9  27.5  24.0 
1900  21.7  22.5  23.5  24.5  23.7  27.7  28.3  29.7  28.4  28.5  26.3  23.2 
1901  21.7  22.5  22.1  24.1  26.7  27.3  27.5  28.4  28.6  27.5  23.2  21.5 
1902  21.6  22.5  20.6  22.7  27.0  29.0 -99.0  29.2  29.9  29.4 -99.0  20.8 
1903  19.5  22.6  23.6  22.8  24.4  26.2  28.7  27.8  27.5  28.4  27.1  21.8 
1904  21.2  22.6  21.7  23.1  23.5  25.3 -99.0  26.4  27.2  27.3  26.3  22.2 
1905  21.8  21.6  21.5  21.7  22.6  26.6  27.4  27.3  28.9  28.2  24.8  22.9 
1906  22.9  22.2  22.8  21.8  23.6  27.6  27.0  26.3  27.3  28.1  26.7  22.9 
1907  21.3  20.6  20.9  21.5  21.8  24.8  27.0  26.4  27.3  27.1  23.2  20.8 
1908  20.6  20.6  21.1  22.6  23.1  25.9  27.7  27.2  28.0  27.6  26.4  24.6 
1909  21.1  21.0  22.6  22.5  24.9  27.1  27.9  27.3  27.8  27.9  25.0  24.2 
1910  21.5  22.5  21.9  23.0  23.7  25.8  27.2  27.4  28.0  28.3  27.9  22.9 
1911  20.6  20.6  20.8  22.7  24.3  26.9  28.3  28.0  28.4  29.4  26.6  24.6 
1912  21.2  21.9  22.8  22.0  23.9  26.6  28.3  27.3  27.9  27.1  26.3  21.2 
1913  21.5  22.0  21.9  22.9  23.8  27.1  27.5  27.8  28.1  28.4  26.9  24.2 
1914  21.2  20.4  21.5  22.5  25.5  30.3  30.1  28.2  28.7  29.1  25.5  23.8 
1915  23.4  21.6  21.8  23.0  24.9  27.5  28.2  28.1  29.0  28.5  25.1  25.1 
1916  22.8  21.3  21.3  22.3  23.9  26.8  27.8  27.7  27.9  29.1  26.0  24.2 
1917  23.1  21.8  22.7  22.4  23.7  25.7  28.8  27.4  27.3  27.2  24.1  21.8 
1918  22.1  22.0  21.4  23.5  25.6  28.3  29.3  27.9  27.8  27.6  24.9  22.9 
1919  21.7  23.7  23.7  22.7  24.1  28.1  28.5  28.7  28.6  29.8  28.4  23.2 
1920  22.9  20.9  21.4  24.6  24.4  26.7  29.2  28.4  29.3  29.2  26.9  24.4 
1921  23.2  20.9  20.8  23.8  23.5  26.1  28.9  28.6  28.0  27.6  24.7  22.6 
1922 -99.0 -99.0 -99.0 -99.0 -99.0 -99.0 -99.0 -99.0  27.3  27.5  26.0  23.7 
1923  21.8  21.5  21.8  21.2  24.0  26.2  27.3  27.7  28.7  28.2  26.4  24.7 
1924  22.6  21.1  22.9  22.6  24.7  27.2  27.7  27.8  28.3  27.1  26.8  23.5 
1925  22.4  22.6  22.2  24.0  25.5  28.7  29.7  28.7  28.7  28.4  26.0  25.0 
1926  24.0  23.7  24.6  23.8 -99.0  28.3  28.7  28.6  28.3  28.8  26.5  24.0 
1927  23.9  22.9  24.8  24.7  26.5  28.3  28.6  27.4  27.6  27.4  27.2  23.7 
1928  20.0  20.7  21.0  21.8  23.7  28.0  28.6  27.1  28.5  28.7  24.9  23.5 
1929  24.5  23.8  21.0  22.6  24.5  27.1  28.7  27.4  28.7  29.0  26.0  23.7 
1930  20.9  20.5  21.4  22.0  22.5  26.5  27.3  27.0  27.7  28.7  28.1  22.7 
1931  20.1  20.2  21.4  22.1  23.7  25.6  27.4  28.4  27.8  28.5  27.3  24.0 
1932  21.9  21.3  20.8  22.2  23.5  26.6  27.6  27.1  27.7  27.8  26.3  23.4 
1933  20.7  21.4  22.3  23.4  24.0  26.1  27.5  27.4  27.4  28.0  25.7  21.4 
1934  21.3  19.4  20.7  21.3  22.3  24.7  26.8  27.6  27.4  27.8  24.3  22.8 
1935  21.9  18.4  19.3  21.7  22.8  25.8  27.0  26.7  27.8  27.3  24.9  24.4 
1936  22.9  20.5  20.9  21.4  23.5  26.4  27.3  26.7  26.9  27.2  25.6  23.9 
1937  22.1  23.0  21.8  21.4  23.0  26.8  27.3  27.9  27.9  27.7  27.3  25.8 
1938  20.7  21.2  21.5  21.9  23.5  25.5  27.1  27.4  27.2  27.2  26.9  21.9 
1939  21.0  19.3  19.8  20.1  22.3  25.9  27.3  26.8  27.4  26.9  25.6  22.9 
1940  20.0  19.6  21.3  20.1  22.4  26.5  27.1  26.6  27.4  25.8  25.2  22.8 
1941  21.3  20.4  20.4  22.1  23.5  24.5  26.4  27.8  27.3  28.1  26.4  22.1 
1942  19.3  19.0  20.0  21.5  21.4  26.2  27.8  26.8  27.4  27.7  25.3  23.2 
1943  20.3  20.6  19.8  22.2  24.5  27.7  27.7  26.9  27.2  26.9  25.8  21.9 
1944  22.5  19.9  21.0  22.3  23.9  27.0  28.2  28.0  28.1  28.1  26.4  22.1 
1945  22.3  21.2  23.8  24.8  23.5  25.4  27.6  27.5  27.6  28.2  26.4  25.5 
1946  20.8  21.6  20.9  20.5  22.7  25.7  27.3  27.8  27.9  28.0  25.4  23.3 
1947  20.3  19.1  21.1  22.1  22.6  24.2  26.8  27.6  27.6  27.9  25.7  24.0 
1948  21.5  22.0  22.8  20.9  22.8  25.6  27.2  27.4  28.0  27.3  26.6  23.3 
1949  20.4  20.6  19.5  21.4  21.4  26.0  26.3  27.6  28.0  28.4  25.5  23.2 
1950  20.8  19.6  22.7  22.4  22.7  26.8  27.3  27.8  27.0  27.2  26.0  23.1 
1951  20.1  19.0  20.1  21.8  22.5  25.7  27.8  27.3  27.3  26.3  24.6  21.9 
1952  19.7  20.2  20.7  21.2  22.0  27.2  28.0  27.7  27.5  27.3  27.4  24.7 
1953  22.5  19.6  20.5  21.1  22.7  25.4  26.9  27.9  27.5  27.4  26.1  23.9 
1954  21.3  18.4  20.1  21.1  23.9  26.5  26.9  26.6  27.6  28.4  26.7  23.4 
1955  22.6  20.5  20.2  22.2  24.1  26.7  26.8  27.0  27.6  27.6  26.3  24.7 
1956  21.8  20.4  20.3  20.8  23.1  25.6  26.8  27.1  27.2  27.7  26.1  23.4 
1957  19.7  20.6  20.3  21.2  21.9  24.8  26.9  27.5  27.3  26.5  25.6  22.9 
1958  21.3  22.3  22.5  22.8  24.7  27.1  27.8  26.6  27.9  27.4  26.3  22.8 
1959  21.6  21.4  20.6  21.9  22.9  25.9  27.7  27.2  27.5  28.1  24.7  21.4 
1960  21.4  21.4  21.3  21.6  22.8  25.3  27.1  27.3  27.1  27.1  26.1  22.3 
1961  20.9  21.5  22.1  22.8  24.8  27.1  27.1  27.5  27.1  26.9  24.4  23.2 
1962  23.2  22.2  22.1  22.3  23.5  25.9  27.5  26.9  27.6  27.2  26.2  23.8 
1963  23.3  21.6  22.5  22.5  23.9  26.1  27.6  27.8  27.8  26.6  25.8  21.1 
1964  21.0  21.5  21.6  21.5  24.9  26.6  26.8  27.1  26.6  27.3  25.7  21.5 
1965  19.5  20.0  21.6  21.4  23.0  25.7  27.3  27.2  27.3  27.3  25.3  22.8 
1966  21.2  22.5  22.1  22.4  24.4  25.8  27.2  27.8  27.1  27.1  26.7  24.1 
1967  22.9  21.0  21.4  20.9  22.3  25.9  27.4  27.5  26.9  27.1  23.7  21.2 
1968  19.4  19.9  19.8  20.9  22.1  24.0  26.6  27.9  27.7  28.2  25.6  23.7 
1969  22.3  21.6  22.9  23.3  24.4  26.3  27.5  27.5  27.9  27.8  25.9  23.5 
1970  21.3  22.0  22.0  23.1  23.6  26.4  27.3  27.2  28.0  28.0  25.7  24.3 
1971  21.2  19.8  19.7  20.3  21.3  24.2  26.7  27.2  27.8  28.0  24.6  21.2 
1972  20.0  18.8  18.7  19.9  20.8  25.0  26.3  26.3  27.6  27.9 -99.0 -99.0 
1973  19.6  19.5  20.4  21.3  23.4  26.6  26.7  27.0  27.1  27.2  26.1  17.3 
1974  19.9  19.0  18.8  19.5  21.2  23.9  26.4  25.9  27.0  26.3  24.0  22.1 
1975  20.9  24.4  20.3  20.0  20.8  24.4  26.1  27.1  26.6  27.5  24.1  22.2 
1976  20.0  18.7  19.1  20.5 -99.0  24.8  26.6  27.6  27.4  26.9  25.3 -99.0 
1977 -99.0  19.5  21.5  22.2  22.2  25.3  27.1 -99.0  27.4  27.3  25.7  22.9 
1978  21.1  20.6  21.1 -99.0  23.8  26.2  26.8  27.1  27.2  27.5  26.2  23.0 
1979  21.0  21.1  20.0  21.8  23.3  26.5  26.9  27.3  27.8  27.7  25.5  24.3 
1980  20.8  20.7  20.3 -99.0  22.0  24.5  26.4  27.1  27.2  26.5  24.6  22.5 
1981  21.1  19.1  22.0 -99.0  22.8 -99.0  27.1  27.4 -99.0  27.7  26.8  24.0 
1982  21.1  19.2 -99.0  20.8  21.5  24.6  26.8  26.9  27.8  27.3  25.4  21.2 
1983  21.7  21.8  22.3  21.6  22.2 -99.0  27.6  27.7  27.8  28.3  26.5  21.3 
1984  19.5  20.8  20.1  21.4  23.5  25.9  26.9 -99.0  27.6  27.0  25.1  21.5 
1985  18.6  19.8  19.6  20.1  20.8  24.3  26.4  27.0  26.9  27.3  24.6  22.7 
1986  18.1  19.0  19.4  21.1  22.6  24.4  26.6  27.1  27.0  27.3  24.4  21.6 
1987  20.1  19.8  21.4  22.9  24.2  26.5  27.4  27.7  27.3  27.5  25.7  23.7 
1988  19.7  19.7  21.9  21.7  23.1  24.9  26.9  27.1  27.1  26.6  25.2  22.0 
1989  20.2  20.4  20.1  19.7  22.8  26.0  27.1  26.7  27.7  27.2  23.6  23.3 
1990  19.3  21.3  22.7  20.8  22.0  24.3  26.5  27.6  28.2  28.1  25.9  21.9 
1991  20.7  20.2  19.7  20.6  21.1  24.1  26.5  27.2  27.7  27.4  26.7  24.6 
1992  22.6  21.0  20.3  20.4  22.9  25.4  26.6  26.9  27.5  26.6  25.8  23.4 
1993  21.0  19.9  20.8  22.0  22.9  25.7  27.2  27.9  27.7  27.6  23.4  22.4 
1994  20.1  19.9  20.3  21.5  22.3  25.0  26.8  27.0  27.2  27.2  26.1  24.4 
1995  21.2  21.2  20.0  20.8  23.2  25.7  28.1  27.7  27.8  27.1  26.5  23.5 
1996  21.4  20.2  20.7  21.9  21.9  26.0  27.3  27.6  27.4  28.1  25.7  23.3 
1997  21.8  23.0  21.9  21.3  23.5  26.3  27.0  27.5  28.0  28.4  27.4  23.8 
1998  23.0  23.2  23.1  22.7  23.0  25.2  26.7  27.6  27.8  28.3  27.1  23.8 
1999  19.3  19.1  19.4  20.9  23.2  26.7  28.2  27.5  27.7  27.6  25.2  23.3 
2000  20.6  21.2  22.4  21.9  21.9  25.8  26.9  27.4  28.0  26.9  25.5  23.4 
2001  20.5  21.1  20.1  21.6  27.5  26.2  27.5  28.2  28.1  28.8  27.5  25.7 
2002  22.1  21.2  20.6  20.4  22.6  26.0  27.5  27.8  28.1  28.0  26.1  24.5 
2003  20.9  19.2  21.5  21.9  23.5  25.4  27.1  27.7  28.2  28.6  26.5  24.6 
2004  21.4  21.5  21.7  21.7  22.2  25.5  27.4  27.9  28.1  28.7  26.8  22.9 
2005  21.6  20.2  22.1  22.5  25.7  27.0  27.9  28.0  27.8  28.4  27.2  26.5 
2006 -99.0  19.9  21.2  22.2  22.8  26.3  27.7  28.1  28.0  28.1  27.3  23.0 
2007  22.4  21.3 -99.0  21.5  23.1  24.8  26.5  27.3  27.8  27.9  26.5  23.2 
2008  22.9  22.7  22.7  22.8  24.0  26.3  28.0  27.7  28.0  27.6  25.1  22.3 
2009  20.2 -99.0  21.3  20.9  22.7  25.8  28.0  27.8  27.9  27.2  26.4  23.8 
2010  22.0  22.3  22.8  23.2  24.0  26.6  28.1  28.3  27.9  28.1  27.0  25.4 
2011  23.6  20.8  20.1  21.7  22.4 -99.0 -99.0 -99.0 -99.0 -99.0 -99.0 -99.0 
