Number= 616660
Name= DIOURBEL
Country= SENEGAL
Lat=   14.7
Long=   16.3
Height= 7
Start year= 1951
End year= 2011
First Good year= 1951
Source ID= 10
Source file= Jones+Anders
Jones data to= 1999
Normals source= Data
Normals source start year= 1961
Normals source end year= 1990
Normals=  24.0  26.1  27.6  28.2  29.3  29.8  29.0  28.3  28.3  29.0  27.5  24.6 
Standard deviations source= Data
Standard deviations source start year= 1951
Standard deviations source end year= 1990
Standard deviations=   0.9   1.1   1.1   1.0   1.2   0.8   0.7   0.7   0.6   0.8   0.8   0.9 
Obs:
1951  23.5  25.0  27.3  29.2  30.7  30.7  29.4  28.8  28.1  27.6  26.2  22.8 
1952  21.5  24.3  27.5  28.5  29.7  30.8  28.9  27.4  27.4  27.9  26.6  23.2 
1953  25.8  25.3  27.0  27.8  29.2  30.1  28.1  28.1  27.6  28.2  27.2  24.2 
1954  23.5  23.3  27.9  29.2  30.9  30.3  29.0  27.5  28.4  29.4  28.0  25.3 
1955  24.4  26.3  27.3  29.5  30.6  30.4  27.8  27.5  27.7  29.0  28.2  23.8 
1956  24.3  24.5  26.9  28.0  29.9  29.4  28.2  27.5  27.3  28.4  27.1  23.6 
1957  23.3  25.7  27.4  28.1  28.4  29.7  28.4  27.9  27.5  27.6  26.8  24.3 
1958  24.2  26.2  28.3  29.3  30.2  30.4  28.8  26.8  28.0  28.0  26.5  23.5 
1959  23.8  24.7  26.5  28.2  28.8  29.2  28.3  27.5  27.2  28.8  26.2  22.8 
1960  23.0  26.5  26.0  27.8  29.3  29.6  28.6  28.0  27.6  29.1  27.2  23.5 
1961 -99.0 -99.0 -99.0 -99.0  30.7  30.4 -99.0  28.1 -99.0 -99.0 -99.0 -99.0 
1962  24.4  26.7  28.6 -99.0  30.2 -99.0 -99.0  28.1  28.3 -99.0  28.2  24.3 
1963  25.3  27.4  28.4  28.4  30.2  31.3  29.1  28.6  28.9  27.9  27.0  25.0 
1964  24.7  26.9  28.3  28.9  31.1  30.3  29.2  27.8  27.2  27.9  26.7  24.0 
1965  21.9  25.1  28.5  28.3  32.0  29.7  29.4  28.3  27.9  28.6  27.1  22.7 
1966  23.4  26.6  27.4  29.4  30.2  30.8  30.8  28.8  27.8  27.7  27.1  24.3 
1967  24.2  24.9  27.5  27.6  29.4  30.1  28.7  27.5  27.1  27.8  26.0  22.3 
1968  22.3  25.0  26.0  27.4  28.9  29.4  29.8  29.8  28.7  29.4  28.3  25.8 
1969  26.0  27.8  29.3  30.6  31.5  32.4  29.2  28.4  28.7  28.6  27.0  24.6 
1970  24.4  26.8  28.4  30.4  30.1  31.4  30.0  28.5  28.8  30.1  27.9  25.3 
1971  23.7  25.1  25.4  27.2  27.8  28.5  29.0  26.9  27.4  28.6  26.4  24.3 
1972  23.4  25.1  26.7  26.7  28.3  29.1  29.3  29.3  28.4  29.3  29.3 -99.0 
1973  24.3  25.4  27.0  28.5  28.6  30.5  28.7  28.0  28.6  29.9  27.9  24.0 
1974  23.8 -99.0  25.5  26.0  28.1  28.5  28.1  27.5  27.9  28.2  25.8  24.2 
1975 -99.0 -99.0 -99.0 -99.0 -99.0 -99.0 -99.0 -99.0 -99.0 -99.0 -99.0 -99.0 
1976  22.7  24.8  26.5  27.7  27.1  29.0  28.7  28.2  28.0  27.8  27.0  23.8 
1977  24.2  26.2  28.5  28.1  27.8  29.8  28.9  28.4  27.9  29.4  26.9  25.5 
1978  25.1  25.5  27.5  27.5  29.0  29.6  28.5  27.8  27.6  28.6  27.0  24.5 
1979  23.8  26.9  27.9  29.2  29.2  29.0  28.5  28.6  28.7  29.4  28.1  25.5 
1980  23.9  26.5  26.8  28.9  28.6  28.9  28.9  28.2  28.4  29.4  27.4 -99.0 
1981  24.7 -99.0  28.8  28.7  29.3 -99.0  27.2  28.0  28.6  29.8  28.4  25.2 
1982  24.0  24.5  26.6  27.4  27.7  29.6  29.2 -99.0  28.6  29.1  27.7  24.0 
1983  25.5  27.2  29.5  27.7 -99.0  29.7  30.0  29.1  29.2  30.3  28.4  25.0 
1984  24.5  26.4  25.9  27.3  29.7  29.3  28.7  29.3  28.6  29.3  27.7  24.8 
1985  23.6  26.7  27.7  27.3  27.7 -99.0  28.5  28.1  27.8  29.5  27.9  24.2 
1986  23.2  25.1  27.0  29.4  28.6  29.0  29.2  28.7  27.8  29.3  27.3  24.8 
1987  24.1  26.4  28.0  28.0  30.2  30.6  30.2  28.8  28.4  28.7  28.1  25.5 
1988  23.7  26.1  29.2  29.6  29.3  29.4  29.4  28.1  28.3  29.6  27.1  24.5 
1989  24.7  26.4  27.3  27.8  27.8  29.6  28.0  27.3  28.6 -99.0  27.5  25.3 
1990  23.6  28.1  29.5  28.1  29.9  28.8  28.8  28.8  29.0  29.3  27.7  25.2 
1991  24.9  25.6  26.6  28.1  27.3  29.3  29.6  29.3  28.3  28.5  28.0  26.7 
1992  25.0  24.9  28.1  27.4  28.5  29.6  28.6  28.8  28.6  29.2  27.9  25.3 
1993  24.6  26.0  27.2  28.1  29.6  30.9  29.1  28.4  28.3  29.3  27.2  24.7 
1994  22.8  26.2  22.7  28.4  28.4  28.7  28.7  27.5  28.1  28.8  28.4  25.7 
1995  24.2  27.2  26.0  26.9  28.9  29.3  29.6  28.0  28.3  29.6  28.2  25.3 
1996  25.6  27.3  26.8  28.2  29.9  29.4  29.3  28.5  29.0  29.7  29.6  25.7 
1997  25.9  28.7  27.3  27.4  30.0  29.2  29.0  28.2  28.5  29.9  28.8  25.0 
1998  25.3  28.6  29.1  29.6  30.6  30.0  29.4  27.9  28.4  29.9  27.9  25.9 
1999  22.9  25.3  26.7  28.4  29.2  29.9  28.3  27.2  27.2  28.6  27.7  24.2 
2000  24.6  26.9  27.8  28.8  27.7  28.5  27.8  26.9  27.1  26.9  26.4  23.4 
2001 -99.0 -99.0 -99.0 -99.0 -99.0 -99.0 -99.0 -99.0 -99.0 -99.0 -99.0 -99.0 
2002 -99.0 -99.0 -99.0 -99.0 -99.0  29.6 -99.0 -99.0 -99.0 -99.0 -99.0 -99.0 
2003 -99.0 -99.0 -99.0 -99.0 -99.0 -99.0 -99.0 -99.0 -99.0 -99.0 -99.0 -99.0 
2004 -99.0 -99.0 -99.0 -99.0 -99.0 -99.0 -99.0 -99.0 -99.0 -99.0 -99.0  26.3 
2005  25.3  25.3  29.0  29.2 -99.0  30.0 -99.0  28.3  29.0 -99.0  27.9  26.9 
2006 -99.0  25.7  28.6  27.7  30.0  29.8 -99.0 -99.0 -99.0 -99.0  28.4  24.8 
2007 -99.0  27.5 -99.0  28.6 -99.0  29.1  29.0  28.3  28.4  29.9  28.4  24.9 
2008  24.3 -99.0  29.0  29.6  30.3  30.2  28.4  28.1  28.9  29.2  28.4  25.7 
2009  23.2  24.1 -99.0  28.8  29.6  30.2 -99.0  28.5  28.3  30.3  28.6  26.4 
2010  26.1  28.2  30.0  29.1  30.0  30.3  29.1  29.1  27.9  29.5  28.4  27.2 
2011  25.0  25.9 -99.0  28.4  28.5 -99.0 -99.0 -99.0 -99.0 -99.0 -99.0 -99.0 
