Number= 618910
Name= DARU
Country= SIERRA LEONE
Lat=    8.0
Long=   10.9
Height= 185
Start year= 1951
End year= 2007
First Good year= 1951
Source ID= 10
Source file= Jones+Anders
Jones data to= 1991
Normals source= Data
Normals source start year= 1961
Normals source end year= 1990
Normals=  25.3  27.0  27.9  27.6  27.4  26.5  25.6  25.5  26.0  26.4  26.3  25.1 
Standard deviations source= Data
Standard deviations source start year= 1951
Standard deviations source end year= 1990
Standard deviations=   1.0   0.6   0.7   0.6   0.6   0.5   0.6   0.6   0.5   0.5   0.6   0.7 
Obs:
1951  25.8  26.2  26.5  26.7  26.3  25.8  25.1  24.7  25.9  25.8  26.2  24.9 
1952  25.1  27.1  27.4  27.1  26.4  25.8  24.8  24.2  25.3  25.7  26.2  25.5 
1953  26.2  26.3  27.1  26.8  26.7  25.7  25.0  24.8  25.3  26.2  26.4  26.3 
1954  25.4  26.6  26.7  26.4  26.8  25.4  23.9  23.8  25.2  25.3  25.6  25.4 
1955  25.4  26.5  26.8  26.9  26.4  25.6  24.7  24.9  25.3  25.8  25.4  23.8 
1956  24.6  25.6  26.3  26.5  26.7  25.8  24.4  24.2  25.8  25.8  25.8  24.5 
1957  23.3  26.1  27.2  27.2  27.2  26.9  25.6  25.3  25.7  25.9  25.9  25.7 
1958  26.9  26.9  27.4  27.4  27.2  26.2  24.5  25.3  25.8  25.8  25.9  24.5 
1959  24.5  26.7  27.8  27.1  26.7  26.2  24.9  24.4  25.0  25.6  25.4  24.6 
1960  24.4  27.2  27.2  26.7  27.1  26.0  25.3  25.2  25.7  26.2  25.9  24.8 
1961  26.4  25.8  27.7  27.1  28.0  25.9  24.8  24.1  25.3  25.8  26.1 -99.0 
1962  26.0  26.2  27.0  27.2  27.2  25.6  25.6  25.0 -99.0 -99.0  26.1  24.6 
1963  26.0  26.8  27.7  27.7  27.6  26.3  25.8  25.4  26.1  25.9  26.3  24.8 
1964  26.3  27.3  27.2  27.3  26.6  26.2  25.1  24.6  25.0  26.4  25.5  25.0 
1965  24.1  25.7  26.7  27.3  26.2  25.5  25.1  25.3  25.4  26.4  26.3  24.8 
1966  24.0  27.2  28.3  27.5  27.2  26.3  25.8  24.9  25.0  25.9  25.5  25.1 
1967  23.9  27.3  28.1  28.1  28.5  27.1  25.5  25.2  26.1  27.1  27.8 -99.0 
1968  26.9 -99.0 -99.0 -99.0 -99.0 -99.0 -99.0 -99.0 -99.0 -99.0  25.6  25.7 
1969  26.4  27.5  28.0  27.8  28.0  26.6 -99.0  25.2 -99.0 -99.0  25.5  26.4 
1970 -99.0  27.3  27.7  28.1  27.2  26.5  25.5  25.1  25.5  26.4  26.3  25.0 
1971  24.6  26.9  27.6  27.2  26.8  26.2  25.3  24.7  25.3  25.9  25.9  25.2 
1972 -99.0  26.7  27.5  26.2  26.8  26.5  25.9  26.1  26.5  26.7  26.3  24.4 
1973  24.5  27.8  27.4  27.9  27.2 -99.0  26.4 -99.0 -99.0 -99.0 -99.0 -99.0 
1974 -99.0 -99.0 -99.0 -99.0  27.4  26.5  24.9  25.2 -99.0 -99.0 -99.0 -99.0 
1975  24.7  27.2  28.2  27.2  25.8  25.7  24.9  25.1  25.2  26.2  26.4  26.4 
1976  25.7  27.1  27.7  27.0  28.0  25.9  24.7  24.8  25.9  25.5  24.7  25.1 
1977  25.9 -99.0  27.9  27.7  27.7 -99.0  25.7  25.4  26.0  26.8  26.7  25.4 
1978  26.9  28.1  28.5  27.9  27.4  26.3  25.4  25.8  26.2  26.4  26.0  25.8 
1979  26.5  27.0  28.3  28.1  28.1  26.7  25.8  26.6  26.4  27.0  26.9  25.4 
1980  26.5  27.2  28.0  27.9  27.3  26.7  25.9  25.7  26.6  26.8  26.2  24.9 
1981  24.1  27.3  28.4  28.4  27.6  27.1  25.5  26.1  26.7  27.0  26.3  25.4 
1982  24.6  27.6  27.3  27.9  27.5  26.8  26.1  25.8  26.7  26.8  26.6  24.4 
1983  24.4 -99.0 -99.0 -99.0 -99.0  27.0  26.0  26.0  26.4  26.7  26.6  25.5 
1984  25.3  26.5  28.6  28.1  27.3  26.7  25.8  26.2  26.5  26.7  26.4  24.6 
1985  25.3  27.1  28.4  27.7  27.0  26.0  25.1  25.6  25.8  26.2  26.1  23.9 
1986  23.9  26.7  27.8  26.1  27.0  27.0  25.3  25.3  26.6  26.3  26.0  24.5 
1987  26.3  27.6  28.7  28.6  27.4  27.2  27.1  26.3  26.7  26.9  27.4  25.3 
1988  23.6  27.2  28.8  28.8  28.7  26.3  25.5  25.8  26.4  26.9  26.6  23.9 
1989  24.9  27.1  27.8  27.4  27.6  26.7  26.2  25.4  26.1  26.2  26.8  25.4 
1990  24.4  26.9  28.9  28.0  27.6  27.0  25.7  26.1  26.4  26.3  26.4  26.1 
1991  25.8  28.4  28.6 -99.0 -99.0 -99.0 -99.0 -99.0 -99.0 -99.0 -99.0 -99.0 
1992 -99.0 -99.0 -99.0 -99.0 -99.0 -99.0 -99.0 -99.0 -99.0 -99.0 -99.0 -99.0 
1993 -99.0 -99.0 -99.0 -99.0 -99.0 -99.0 -99.0 -99.0 -99.0 -99.0 -99.0 -99.0 
1994 -99.0 -99.0 -99.0 -99.0 -99.0 -99.0 -99.0 -99.0 -99.0 -99.0 -99.0 -99.0 
1995 -99.0 -99.0 -99.0 -99.0 -99.0 -99.0 -99.0 -99.0 -99.0 -99.0 -99.0 -99.0 
1996 -99.0 -99.0 -99.0 -99.0 -99.0 -99.0 -99.0 -99.0 -99.0 -99.0 -99.0 -99.0 
1997 -99.0 -99.0 -99.0 -99.0 -99.0 -99.0 -99.0 -99.0 -99.0 -99.0 -99.0 -99.0 
1998 -99.0 -99.0 -99.0 -99.0 -99.0 -99.0 -99.0 -99.0 -99.0 -99.0 -99.0 -99.0 
1999 -99.0 -99.0 -99.0 -99.0 -99.0 -99.0 -99.0 -99.0 -99.0 -99.0 -99.0 -99.0 
2000 -99.0 -99.0 -99.0 -99.0 -99.0 -99.0 -99.0 -99.0 -99.0 -99.0 -99.0 -99.0 
2001 -99.0 -99.0 -99.0 -99.0 -99.0 -99.0 -99.0 -99.0 -99.0 -99.0 -99.0 -99.0 
2002 -99.0 -99.0 -99.0 -99.0 -99.0 -99.0 -99.0 -99.0 -99.0 -99.0 -99.0 -99.0 
2003 -99.0 -99.0 -99.0 -99.0 -99.0 -99.0 -99.0 -99.0 -99.0 -99.0 -99.0 -99.0 
2004 -99.0 -99.0 -99.0 -99.0 -99.0 -99.0 -99.0 -99.0 -99.0 -99.0 -99.0 -99.0 
2005 -99.0 -99.0 -99.0 -99.0 -99.0 -99.0 -99.0 -99.0 -99.0 -99.0 -99.0 -99.0 
2006 -99.0 -99.0 -99.0 -99.0 -99.0 -99.0 -99.0 -99.0 -99.0 -99.0 -99.0 -99.0 
2007 -99.0 -99.0 -99.0 -99.0 -99.0 -99.0 -99.0 -99.0 -99.0 -99.0 -99.0 -99.0 
