Number= 619000
Name= ASCENSION IS.
Country= ASCENSION IS
Lat=   -8.0
Long=   14.5
Height= -999
Start year= 1923
End year= 2007
First Good year= 1923
Source ID= 10
Source file= Jones+Anders
Jones data to= 1976
Normals source= Extrapolated
Normals source start year= 1951
Normals source end year= 1970
Normals=  26.3  27.3  27.7  27.8  27.2  26.1  25.3  24.6  24.4  24.5  25.0  25.4 
Standard deviations source= Data
Standard deviations source start year= 1941
Standard deviations source end year= 1976
Standard deviations=   0.6   0.6   0.7   0.7   0.5   0.5   0.3   0.5   0.5   0.5   0.4   0.6 
Obs:
1923 -99.0 -99.0  27.1  26.8  26.8  26.2  25.1  25.2  24.7  25.4  26.3  27.1 
1924  27.2  27.8  28.1  27.7  27.3  26.6  25.4  24.8  24.3  24.7  24.8  25.2 
1925  25.7  26.7  27.7  27.5  27.1  26.5  25.6  25.2  25.4  25.2 -99.0  25.8 
1926  26.3  27.6  27.9  28.1  26.8  26.3  25.3  25.1  24.6  24.9  24.8  25.4 
1927  26.2  26.9  27.4  27.1  27.1  26.1  25.3  24.9  24.5  24.7  25.1  25.5 
1928  26.1  27.1  27.6  27.6  26.7  25.9  25.1  24.6  24.3  24.2  24.4  25.1 
1929  26.2  27.1  27.9  28.1  27.3  26.3  25.2  24.7  23.9  24.3  24.4  25.1 
1930 -99.0 -99.0 -99.0 -99.0 -99.0 -99.0 -99.0 -99.0 -99.0 -99.0 -99.0 -99.0 
1931  25.9  27.4  27.8  27.7  27.3  26.1  25.1  24.3  24.3  24.1  24.3  25.1 
1932  26.1  26.6  26.8  27.7  26.9  26.1  24.8  24.6  23.9  23.7  24.6  24.8 
1933  26.0  26.8  27.7  27.9  27.2  26.4  25.5  25.2  24.6  24.8  24.5  25.2 
1934  25.9  27.0  27.4  27.7  26.8  26.2  26.1  25.8  25.9  25.8  25.8  26.2 
1935  26.6  27.7  28.1  27.9  27.6  27.0  25.3  25.3  24.7  25.0  25.2  25.6 
1936  26.3  26.8  27.1  27.5  27.1  26.4  25.9  24.8  24.5  24.6  25.0  25.6 
1937  26.3  26.9  27.6  27.8  27.3  26.3  25.8  24.9  25.5  25.6  25.3  25.8 
1938  26.2  26.9  26.8  27.2  27.2  26.9  26.6  25.3  25.4  25.4  25.9  26.2 
1939  26.4  26.6  26.9  27.2  26.9  26.6  25.6  25.4  25.3  25.4  25.4  25.7 
1940  25.9  26.3  26.5  26.8  26.7  26.7  25.6  25.5  25.6  25.9  25.8  26.3 
1941  26.7  27.1  27.1  26.7  26.7  26.4  25.5  25.5  24.3  24.4  24.9  25.3 
1942  25.6  26.6  27.2  26.8  26.4  25.7  24.8  24.5  24.6  24.7  25.1  25.2 
1943  25.4  25.5  25.6  25.6  25.5  25.7  25.5  24.7  24.7  24.9  24.7  25.0 
1944  25.7  25.8  26.2  26.6  26.3  26.5  25.8  25.3  25.0  25.3  25.2  25.7 
1945  25.8  25.8  26.4  26.2  25.9  25.3  25.7  25.2  25.1  25.4  25.7  25.6 
1946  25.7  26.6  26.7  26.9  26.7  26.2  25.6  25.5  24.4  24.3  24.8  25.1 
1947  26.4  27.3  28.2  27.7  27.2  26.1  25.2  25.1  24.7  25.1  25.6  25.8 
1948  26.3  27.4  28.5  28.0  27.6  26.3  25.4  24.8  24.3  24.3  24.7  25.2 
1949  26.3  27.4  28.1  28.4  27.8  26.5  25.9  25.2  25.2  25.2  25.4  25.7 
1950  26.5  27.4  28.1  27.9  27.6  26.2  25.3  24.8  24.6  24.8  24.9  25.2 
1951  25.8  26.6  27.5  27.6  27.1  25.9  25.3  24.7  24.5  24.3  24.9  26.0 
1952  26.5  27.2  28.2  27.9  27.3  25.9  24.9  24.4  24.4  24.3  25.4  25.8 
1953  26.3  26.8  27.9  27.9  27.1  26.2  25.1  24.5  24.6  24.7  25.1  25.6 
1954  26.1  26.9  27.4  27.4  27.1  26.0  25.2  24.6  23.8  24.4  24.9  25.3 
1955  25.8  27.1  27.7  27.8  27.3  26.4  25.5  24.6  24.4  24.5  25.3  25.3 
1956  25.8  26.8  27.2  27.4  27.2  26.2  25.4  25.0  24.8  24.6  25.3  25.5 
1957  26.2  27.4  27.7  28.1  27.5  26.7  25.8  25.1  24.8  24.5  25.2  25.7 
1958  26.1  27.1  27.8  27.8  27.5  27.2  25.3  24.5  23.7  24.0  24.7  24.9 
1959  26.2  26.3  27.1  27.3  26.8  25.9  25.4  24.8  24.3  24.5  24.6  25.1 
1960  25.9  26.7  27.9  27.7  26.9  25.8  25.6  24.6  24.7  24.2  25.1  25.3 
1961  26.7  27.5  28.1  27.7  27.3  26.1  25.3  24.7  24.2  24.3  25.2  25.6 
1962  26.1  27.1  27.5  27.7  27.1  26.0  25.3  24.9  24.5  24.9  25.1  25.7 
1963  26.4  27.5  28.0  28.4  27.3  26.2  25.3  24.5  25.3  25.3  26.1  26.8 
1964  27.6  28.1  28.6  28.3  27.4  26.3  25.6  25.0  24.5  24.9  24.8  25.1 
1965  26.1  26.9  27.9  27.9  27.5  25.4  25.3  25.0  23.9  24.4  24.6  25.3 
1966  25.9  27.1  27.7  27.8  27.3  26.6  25.9  25.1  25.1  24.7  25.2  26.1 
1967  26.7  27.8  28.0  28.0  27.2  25.4  25.0  24.1  24.1  23.9  24.5  25.5 
1968  26.7  27.5  27.5  27.5  27.1  26.1  25.7  25.1  24.8  24.9  25.1  25.1 
1969  25.1  27.1  27.2  27.4  26.5  25.1  24.2  23.3  22.9  23.1  23.9  24.1 
1970  24.5  25.5  26.0  26.1  26.1  25.0  25.1  23.8  23.5  23.3 -99.0  22.8 
1971  25.4  26.7  28.1  28.2  26.6  26.3  25.5  24.8  25.1  24.2  24.4  24.9 
1972  26.5  27.1  27.9  27.0  27.3  26.4  25.7  25.3  25.1  24.7  25.1  25.9 
1973  27.1  27.7  28.5  28.4 -99.0 -99.0 -99.0 -99.0 -99.0 -99.0 -99.0 -99.0 
1974 -99.0  27.8  28.1  28.0  27.2  26.1 -99.0 -99.0 -99.0 -99.0 -99.0 -99.0 
1975 -99.0 -99.0  28.0  28.3 -99.0 -99.0 -99.0 -99.0  24.6  25.1  25.0  25.4 
1976  26.2  27.5  27.9  27.5  26.8 -99.0 -99.0 -99.0 -99.0 -99.0 -99.0 -99.0 
1977 -99.0 -99.0 -99.0 -99.0 -99.0 -99.0 -99.0 -99.0 -99.0 -99.0 -99.0 -99.0 
1978 -99.0 -99.0 -99.0 -99.0 -99.0 -99.0 -99.0 -99.0 -99.0 -99.0 -99.0 -99.0 
1979 -99.0 -99.0 -99.0 -99.0 -99.0 -99.0 -99.0 -99.0 -99.0 -99.0 -99.0 -99.0 
1980 -99.0 -99.0 -99.0 -99.0 -99.0 -99.0 -99.0 -99.0 -99.0 -99.0 -99.0 -99.0 
1981 -99.0 -99.0 -99.0 -99.0 -99.0 -99.0 -99.0 -99.0 -99.0 -99.0 -99.0 -99.0 
1982 -99.0 -99.0 -99.0 -99.0 -99.0 -99.0 -99.0 -99.0 -99.0 -99.0 -99.0 -99.0 
1983 -99.0 -99.0 -99.0 -99.0 -99.0 -99.0 -99.0 -99.0 -99.0 -99.0 -99.0 -99.0 
1984 -99.0 -99.0 -99.0 -99.0 -99.0 -99.0 -99.0 -99.0 -99.0 -99.0 -99.0 -99.0 
1985 -99.0 -99.0 -99.0 -99.0 -99.0 -99.0 -99.0 -99.0 -99.0 -99.0 -99.0 -99.0 
1986 -99.0 -99.0 -99.0 -99.0 -99.0 -99.0 -99.0 -99.0 -99.0 -99.0 -99.0 -99.0 
1987 -99.0 -99.0 -99.0 -99.0 -99.0 -99.0 -99.0 -99.0 -99.0 -99.0 -99.0 -99.0 
1988 -99.0 -99.0 -99.0 -99.0 -99.0 -99.0 -99.0 -99.0 -99.0 -99.0 -99.0 -99.0 
1989 -99.0 -99.0 -99.0 -99.0 -99.0 -99.0 -99.0 -99.0 -99.0 -99.0 -99.0 -99.0 
1990 -99.0 -99.0 -99.0 -99.0 -99.0 -99.0 -99.0 -99.0 -99.0 -99.0 -99.0 -99.0 
1991 -99.0 -99.0 -99.0 -99.0 -99.0 -99.0 -99.0 -99.0 -99.0 -99.0 -99.0 -99.0 
1992 -99.0 -99.0 -99.0 -99.0 -99.0 -99.0 -99.0 -99.0 -99.0 -99.0 -99.0 -99.0 
1993 -99.0 -99.0 -99.0 -99.0 -99.0 -99.0 -99.0 -99.0 -99.0 -99.0 -99.0 -99.0 
1994 -99.0 -99.0 -99.0 -99.0 -99.0 -99.0 -99.0 -99.0 -99.0 -99.0 -99.0 -99.0 
1995 -99.0 -99.0 -99.0 -99.0 -99.0 -99.0 -99.0 -99.0 -99.0 -99.0 -99.0 -99.0 
1996 -99.0 -99.0 -99.0 -99.0 -99.0 -99.0 -99.0 -99.0 -99.0 -99.0 -99.0 -99.0 
1997 -99.0 -99.0 -99.0 -99.0 -99.0 -99.0 -99.0 -99.0 -99.0 -99.0 -99.0 -99.0 
1998 -99.0 -99.0 -99.0 -99.0 -99.0 -99.0 -99.0 -99.0 -99.0 -99.0 -99.0 -99.0 
1999 -99.0 -99.0 -99.0 -99.0 -99.0 -99.0 -99.0 -99.0 -99.0 -99.0 -99.0 -99.0 
2000 -99.0 -99.0 -99.0 -99.0 -99.0 -99.0 -99.0 -99.0 -99.0 -99.0 -99.0 -99.0 
2001 -99.0 -99.0 -99.0 -99.0 -99.0 -99.0 -99.0 -99.0 -99.0 -99.0 -99.0 -99.0 
2002 -99.0 -99.0 -99.0 -99.0 -99.0 -99.0 -99.0 -99.0 -99.0 -99.0 -99.0 -99.0 
2003 -99.0 -99.0 -99.0 -99.0 -99.0 -99.0 -99.0 -99.0 -99.0 -99.0 -99.0 -99.0 
2004 -99.0 -99.0 -99.0 -99.0 -99.0 -99.0 -99.0 -99.0 -99.0 -99.0 -99.0 -99.0 
2005 -99.0 -99.0 -99.0 -99.0 -99.0 -99.0 -99.0 -99.0 -99.0 -99.0 -99.0 -99.0 
2006 -99.0 -99.0 -99.0 -99.0 -99.0 -99.0 -99.0 -99.0 -99.0 -99.0 -99.0 -99.0 
2007 -99.0 -99.0 -99.0 -99.0 -99.0 -99.0 -99.0 -99.0 -99.0 -99.0 -99.0 -99.0 
