Number= 619800
Name= ST. DENIS/GILLOT
Country= REUNION
Lat=  -20.9
Long=  -55.5
Height= 19
Start year= 1951
End year= 2011
First Good year= 1951
Source ID= 10
Source file= Jones+Anders
Jones data to= 2000
Normals source= Data
Normals source start year= 1961
Normals source end year= 1990
Normals=  26.1  26.2  26.0  24.9  23.3  21.8  21.1  20.9  21.4  22.6  24.0  25.4 
Standard deviations source= Data
Standard deviations source start year= 1951
Standard deviations source end year= 1990
Standard deviations=   0.6   0.6   0.6   0.7   0.6   0.6   0.5   0.5   0.5   0.5   0.6   0.5 
Obs:
1951  23.8  23.5  23.7  23.1  21.8  20.0  20.0  19.3  20.0  21.3  22.0  26.4 
1952  27.1  26.8  26.5  25.9  24.7  22.1  21.7  21.4  22.4  22.8  22.8  24.0 
1953  25.5  26.2  26.0  24.4  23.3  22.8  21.2  20.1  21.1  22.2  23.6  24.9 
1954  26.3  26.7  25.6  24.6  23.3  21.4  21.1  21.3  22.0  22.5  24.1  25.0 
1955  26.4  26.0  25.5  24.5  23.0  21.3  20.8  21.0  21.3  21.9  23.6  24.8 
1956  25.7  25.8  25.2  24.0  23.2  21.2  20.3  20.6  21.5  22.6  23.7  25.3 
1957  26.5  25.0  25.6  23.7  22.9  21.4  21.0  21.0  21.5  22.8  23.8  26.0 
1958  26.2  26.4  26.1  25.5  22.4  21.3  20.4  21.1  21.8  22.2  23.5  25.3 
1959  26.0  26.5  26.0  24.1  22.3  20.9  20.2  20.4  20.9  21.8  23.9  25.1 
1960  25.9  26.4  25.5  23.7  22.8  21.9  20.3  21.0  21.5  22.2  23.3  25.1 
1961  26.1  26.6  26.3  25.5  24.7  22.9  21.1  20.9  21.3  22.7  24.1  25.8 
1962  26.2  26.3  26.2  24.2  22.4  21.1  20.6  20.4  21.5  22.2  23.2  25.2 
1963  25.8  26.1  25.4  24.9  22.5  21.5  20.7  19.9  20.5  21.6  23.4  24.5 
1964  25.3  26.6  26.4  24.5  22.5  21.5  20.0  20.0  20.6  21.7  23.1  25.2 
1965  25.4  26.0  24.6  24.0  22.3  20.7  20.7  20.4  21.1  22.2  23.2  24.5 
1966  25.7  26.2  25.4  24.6  23.2  21.5  21.3  20.8  22.0  22.0  23.9  25.7 
1967  27.0  27.0  26.3  25.5  23.3  22.0  21.3  20.6  21.2  22.3  24.0  25.3 
1968  25.7  25.9  25.6  24.3  22.4  21.8  20.7  20.7  21.3  22.2  23.2  24.3 
1969  25.9  26.1  26.6  25.8  23.9  21.9  21.3  20.5  21.3  22.9  25.0  26.1 
1970  26.9  27.0  26.7  24.8  23.3  21.8  21.2  20.6  21.5  22.4  23.9  25.0 
1971  26.3  26.2  25.6  25.0  23.3  21.5  20.8  20.6  21.2  22.0  23.4  25.4 
1972  26.2  25.8  25.4  24.6  23.6  22.0  21.9  21.3  21.7  22.8  23.9  25.7 
1973  26.4  26.2  26.6  24.9  23.8  21.7  21.1  20.7  21.1  22.5  24.1  25.3 
1974  25.3  25.2  24.9  24.4  22.6  21.3  20.3  20.8  20.5  22.3  23.7  25.2 
1975  26.2  26.4  25.5  25.6  23.6  21.5  21.2  20.5  20.8  21.9  24.4  24.7 
1976  25.8  25.7  26.0  24.6  23.6  22.5  21.4  21.5  21.4  23.2  24.4  25.9 
1977  27.0  26.3  26.5  25.3  24.0  22.4  21.7  21.5  22.1  23.0  24.5  26.0 
1978  26.2  26.5  25.8  25.0  23.9  22.2  21.0  21.5  22.1  23.3  24.5  25.8 
1979  26.8  26.4  25.6  24.7  23.4  21.9  21.3  21.6  22.3  23.0  24.7  26.0 
1980  26.3  25.9  26.4  25.3  23.4  21.7  21.1  20.7  21.8  23.2  24.8  26.2 
1981  26.4  26.6  26.4  25.8  22.9  22.0  20.5  21.1  21.6  23.0  24.0  25.3 
1982  25.9  25.9  25.8  24.4  23.2  21.8  21.1  20.7  21.7  22.8  24.1  25.4 
1983  25.6  26.6  25.9  24.9  23.5  22.4  21.5  21.1  21.2  22.5  23.6  25.4 
1984  26.1  26.3  25.7  24.4  22.4  21.4  20.2  20.1  20.7  22.5  24.6  25.4 
1985  26.5  26.6  26.0  24.8  22.9  21.9  21.6  21.4  21.5  22.2  23.4  25.1 
1986  26.1  26.0  25.8  24.9  23.1  20.8  20.3  21.3  21.6  22.8  24.4  26.2 
1987  26.1  26.0  26.8  25.8  24.1  22.2  21.9  21.8  21.9  23.0  24.6  26.0 
1988  26.7  26.7  26.4  25.4  23.3  21.8  21.6  21.0  21.5  23.5  24.4 -99.0 
1989  26.3 -99.0  26.3  25.0  23.7  22.0  21.5  20.9  21.3  22.7  23.7  25.3 
1990  25.4  25.6  25.7  23.7  23.2  22.3  20.9  21.1  22.2  23.4  23.3  25.1 
1991  26.8  26.9  26.4  25.3  23.7  22.0  20.8  21.3  22.8  23.5  24.8  25.1 
1992  27.1  26.8  25.9  24.6  23.8  22.5  21.2  21.0  22.1  23.9  25.0  26.0 
1993  27.4  26.3  25.8  25.5  24.3  22.6  21.4  21.5  21.4  22.7  23.6  25.8 
1994  26.4  26.9  26.4  25.8  24.1  22.2  22.4  21.4  22.0  23.2  23.7  25.5 
1995  26.6  27.0  25.9  25.1  22.7  21.7  21.6  21.1  21.7  22.8  23.6  24.7 
1996  26.1  26.2  26.0  24.9  23.0  22.1  20.6  20.9  21.1  22.4  24.0  25.2 
1997  26.1  25.8  25.7  25.3  23.3  22.2  21.0  21.1  21.2  22.1  24.3  25.6 
1998  27.4  27.2  26.5  25.4  24.2  22.2  21.1  21.3  21.8  23.1  24.2  24.8 
1999  25.9  26.1  25.7  25.1  23.7  22.3  21.0  21.4  21.7  22.1  24.1  25.0 
2000  26.5  26.0  25.6  25.0  23.8  22.1  21.1  21.1  21.5  22.7  24.2  26.3 
2001 -99.0 -99.0 -99.0 -99.0 -99.0 -99.0 -99.0 -99.0 -99.0 -99.0 -99.0 -99.0 
2002 -99.0 -99.0 -99.0 -99.0 -99.0 -99.0 -99.0 -99.0 -99.0 -99.0 -99.0 -99.0 
2003 -99.0 -99.0 -99.0  25.6  24.7  22.0  21.4  20.9  22.2  23.3  24.4  26.0 
2004  26.9  27.4  27.3  26.2  24.1  21.7  21.7  22.0  22.3  22.8  24.3  25.3 
2005  26.8  27.0  26.7  25.5  23.5  22.3 -99.0 -99.0 -99.0 -99.0 -99.0 -99.0 
2006  26.3  26.6  26.6  25.6  23.8  22.9  21.2  20.9  21.6  22.5  24.3  26.3 
2007  26.7  27.1  26.1  25.5  24.4  22.2  21.9 -99.0  21.9  22.3  24.4  25.9 
2008  26.4  26.2  25.9  25.6  23.4  21.4  21.3  21.4  22.6  23.5  25.0  26.2 
2009  27.4  27.4  26.6  25.7  24.0  22.8  21.7  21.2  22.3  23.5  24.5  26.4 
2010  27.0  27.4  26.6  25.8  24.8  23.0  21.4  21.4  22.1  23.6  24.4  25.8 
2011  26.6  27.3  26.7  26.1  24.2 -99.0 -99.0 -99.0 -99.0 -99.0 -99.0 -99.0 
