Number= 524240
Name= AN HSI
Country= CHINA
Lat=   40.7
Long=  -96.0
Height= -999
Start year= 1940
End year= 1948
First Good year= 1940
Source ID= 10
Source file= Jones
Jones data to= 1948
Normals= -99.0 -99.0 -99.0 -99.0 -99.0 -99.0 -99.0 -99.0 -99.0 -99.0 -99.0 -99.0 
Obs:
1940 -99.0 -99.0   5.4  10.5  17.4  23.0  26.3  22.8  17.1  10.3  -1.0  -5.1 
1941  -7.1  -2.3   5.6  12.5  18.8  24.5  26.5  25.4 -99.0  12.4 -99.0 -99.0 
1942  -6.7 -99.0 -99.0 -99.0 -99.0  24.1  26.2  23.9  19.0 -99.0 -99.0 -99.0 
1943  -8.9  -3.1   4.5  11.5  19.7  22.9  26.9  25.7  19.0   9.0  -1.6  -6.4 
1944  -8.0  -3.9   5.8  10.9  18.2  24.0  25.3  24.5  17.3   9.4  -1.2 -14.3 
1945 -12.3  -7.2   3.4  14.4  21.2  24.8  25.5  25.8  18.4  10.7   2.2  -6.3 
1946  -6.1  -0.3   2.6  15.0  18.7  23.1  25.8  24.9  17.6  10.9  -0.2  -8.4 
1947  -7.7  -3.7   5.4  13.8  20.4  23.9  25.7  22.9  18.5  10.5   3.0  -9.0 
1948  -7.5  -2.7   6.0  13.7  16.6  24.5  26.0  24.6  19.3   8.9  -2.1  -5.7 
