Number= 526020
Name= LENGHU
Country= CHINA
Lat=   38.8
Long=  -93.4
Height= 2734
Start year= 1956
End year= 2007
First Good year= 1956
Source ID= 30
Source file= Jones+Anders
Jones data to= 1995
Normals source= Data
Normals source start year= 1961
Normals source end year= 1990
Normals= -12.4  -8.8  -2.7   4.0  10.1  14.3  16.9  16.3  10.3   2.5  -6.0 -11.4 
Standard deviations source= Data
Standard deviations source start year= 1956
Standard deviations source end year= 1990
Standard deviations=   1.5   1.5   1.4   1.3   1.2   0.7   1.1   1.0   0.8   1.1   1.2   1.6 
Obs:
1956 -99.0 -99.0 -99.0 -99.0 -99.0 -99.0 -99.0 -99.0  10.6   1.7  -5.6 -12.6 
1957 -12.1 -11.6  -2.2   3.2   7.5  14.1  17.0  16.4  10.0   0.6  -5.0 -10.1 
1958 -13.0 -10.6  -1.6   4.7   8.8  14.5  17.6  16.0  11.3   1.7  -5.6  -9.6 
1959 -14.5  -9.0  -2.2   4.6   8.4  13.3  18.8  16.2   9.6   3.7  -5.0 -10.9 
1960 -13.3  -5.8  -0.1   2.1  10.0  14.6  17.9  16.4  10.9   0.7  -6.8 -11.9 
1961 -14.7  -9.8  -4.7   4.6   8.2  14.9  17.4  16.6  10.0   2.8  -6.6 -13.6 
1962 -13.3  -9.4  -4.8   4.1  10.3  14.5  17.7  17.1  11.6   1.8  -8.4 -12.1 
1963 -15.6 -10.6  -1.2   3.6  11.2  13.9  17.3  16.6  11.0   2.1  -5.0 -11.4 
1964 -13.6  -9.2  -2.0   7.2   9.0  14.1  17.4  16.6  10.2   1.7  -7.2 -12.2 
1965 -11.7  -8.4  -3.3   5.1  11.0  15.2  15.9  15.5   9.4   2.8  -5.4 -14.1 
1966 -12.9  -8.0  -2.0   4.2   8.4  14.3  16.4  18.2  10.4   1.6  -8.4 -12.2 
1967 -14.3  -9.6  -3.4   2.8  10.6  13.7  16.8  16.0  10.2   1.7  -8.6 -12.2 
1968 -11.7 -11.8  -1.4   3.8  11.0  14.6  16.4  14.4   9.3   1.7  -6.6  -9.9 
1969 -11.9  -9.3   0.4   5.2  12.3  14.6  17.0  15.6   9.2   3.5  -7.0 -12.2 
1970 -12.6  -9.7  -5.6   2.8   9.8  13.3  18.6  16.4   9.6   1.5  -6.8 -10.9 
1971 -13.4  -9.2  -1.4   5.6   9.8  13.7  18.6  17.2   9.8   1.9  -5.6 -10.2 
1972  -9.7 -10.6  -0.4   3.4  12.2  14.8  17.6  18.1  10.4   0.8  -6.4 -11.8 
1973 -13.4  -7.6  -2.4   4.2   9.4  12.0  16.8  16.0  10.6   1.8  -5.8 -13.2 
1974 -11.6  -9.1  -4.6   5.1  10.7  14.9  17.2  16.0   9.0   1.8  -5.7 -13.5 
1975 -12.3  -7.7  -1.8   2.6   8.3  13.9  16.4  17.7  11.0   3.2  -7.0 -14.1 
1976 -12.6  -6.6  -4.0   2.6   9.6  14.0  14.2  13.4  10.6   2.7  -7.4 -12.6 
1977 -12.2 -10.6  -3.8   2.0   7.2  14.0  16.2  17.6  12.4   3.6  -5.4 -10.2 
1978 -14.8  -8.9  -2.5   4.7  10.4  14.9  17.5  17.2   9.6   2.6  -5.1  -8.6 
1979 -11.9  -7.4  -4.4   5.8  10.4  14.8  14.2  16.7   9.5   2.7  -7.1 -10.0 
1980 -12.5  -8.6  -2.2   4.2  10.6  14.0  16.7  15.8  10.6   2.8  -3.5 -11.0 
1981 -11.2  -7.0  -1.4   5.6  11.4  16.1  18.6  15.9   9.8   0.3  -6.5 -13.0 
1982  -9.2  -7.8  -1.8   2.7   9.4  14.2  17.5  15.8  10.4   4.6  -5.3 -13.6 
1983 -12.4 -11.6  -3.7   1.7   9.8  13.7  15.2  15.7  10.7   2.4  -4.8 -11.8 
1984 -14.2  -8.9  -2.7   4.8  10.0  13.6  15.8  14.2  10.0   1.6  -4.6 -11.1 
1985 -11.5  -8.2  -2.8   4.8  10.2  14.2  16.0  17.6   9.2   4.1  -6.8  -9.8 
1986 -12.8  -8.3  -3.0   1.8  10.6  14.4  18.4  16.5   9.2   2.5  -5.2  -9.3 
1987 -10.6  -6.0  -1.0   4.8   9.4  14.6  17.9  15.0  10.6   3.6  -4.1  -8.2 
1988 -10.6  -8.1  -3.4   3.2   9.5  14.8  17.3  17.0  11.2   2.4  -5.0  -9.2 
1989 -13.2  -9.4  -3.8   2.7  10.7  13.8  17.4  16.9  11.4   4.7  -6.3  -9.2 
1990 -10.0  -7.9  -1.0   3.4  10.1  14.8  16.6  15.8  11.4   3.4  -3.6  -9.4 
1991 -11.7  -7.4  -1.5   3.8  10.1  16.2  19.1  16.3  10.6   2.2  -7.4 -10.7 
1992 -12.1  -9.8  -2.3   5.3   9.9  15.0  15.5  16.1  10.6   0.8  -6.7 -10.8 
1993 -13.6  -5.0  -0.2   4.0   8.9  14.2  16.6  14.6  11.0   1.3  -4.2 -10.2 
1994 -11.5  -7.8  -3.9   4.7  10.2  14.7  18.0  16.1  10.8   0.2  -3.4 -10.5 
1995 -15.7  -9.8  -4.7   1.7  10.6  15.1  16.4  15.2  11.6   2.1  -6.1 -12.7 
1996 -99.0 -99.0 -99.0 -99.0 -99.0 -99.0 -99.0 -99.0 -99.0 -99.0 -99.0 -99.0 
1997 -99.0 -99.0 -99.0 -99.0 -99.0 -99.0 -99.0 -99.0 -99.0 -99.0 -99.0 -99.0 
1998 -99.0 -99.0 -99.0 -99.0 -99.0 -99.0 -99.0 -99.0 -99.0 -99.0 -99.0 -99.0 
1999 -99.0 -99.0 -99.0 -99.0 -99.0 -99.0 -99.0 -99.0 -99.0 -99.0 -99.0 -99.0 
2000 -99.0 -99.0 -99.0 -99.0 -99.0 -99.0 -99.0 -99.0 -99.0 -99.0 -99.0 -99.0 
2001 -99.0 -99.0 -99.0 -99.0 -99.0 -99.0 -99.0 -99.0 -99.0 -99.0 -99.0 -99.0 
2002 -99.0 -99.0 -99.0 -99.0 -99.0 -99.0 -99.0 -99.0 -99.0 -99.0 -99.0 -99.0 
2003 -99.0 -99.0 -99.0 -99.0 -99.0 -99.0 -99.0 -99.0 -99.0 -99.0 -99.0 -99.0 
2004 -99.0 -99.0 -99.0 -99.0 -99.0 -99.0 -99.0 -99.0 -99.0 -99.0 -99.0 -99.0 
2005 -99.0 -99.0 -99.0 -99.0 -99.0 -99.0 -99.0 -99.0 -99.0 -99.0 -99.0 -99.0 
2006 -99.0 -99.0 -99.0 -99.0 -99.0 -99.0 -99.0 -99.0 -99.0 -99.0 -99.0 -99.0 
2007 -99.0 -99.0 -99.0 -99.0 -99.0 -99.0 -99.0 -99.0 -99.0 -99.0 -99.0 -99.0 
