Number= 527130
Name= DA-QAIDAM
Country= CHINA
Lat=   37.9
Long=  -95.4
Height= 3174
Start year= 1956
End year= 2007
First Good year= 1956
Source ID= 30
Source file= Jones+Anders
Jones data to= 1995
Normals source= Data
Normals source start year= 1961
Normals source end year= 1990
Normals= -12.6  -9.3  -3.2   2.8   8.4  12.4  15.3  14.8   9.4   2.4  -5.7 -10.7 
Standard deviations source= Data
Standard deviations source start year= 1956
Standard deviations source end year= 1990
Standard deviations=   1.7   1.7   1.3   1.3   1.0   0.7   1.2   1.1   1.1   0.9   1.0   1.6 
Obs:
1956 -99.0 -99.0 -99.0 -99.0   7.1  12.4  13.9  13.1   9.2   1.5  -6.5 -13.9 
1957 -14.7 -13.6  -3.9   2.0   6.0  12.3  16.6  15.9  10.4   1.0  -4.5  -9.9 
1958 -11.8 -10.9  -2.5   4.3   7.3  12.4  16.6  15.7  10.9   2.6  -3.5  -9.3 
1959 -13.3 -10.8  -2.5   3.8   8.0  12.2  16.9  15.5   9.2   3.7  -3.6  -9.2 
1960 -12.9  -6.9  -0.7   1.8   9.3  12.8  16.8  15.8  11.0   2.7  -5.3 -10.4 
1961 -12.9  -9.9  -4.9   3.8   7.2  13.8  15.9  15.3  10.1   4.1  -5.7 -13.3 
1962 -13.6  -9.4  -5.4   3.4   8.3  13.3  16.7  16.1  12.1   3.1  -6.5 -13.3 
1963 -14.4 -10.1  -1.9   3.9  10.1  12.4  16.8  16.5  11.6   3.1  -5.9 -10.9 
1964 -14.2 -11.2  -2.7   5.8   7.7  11.6  15.3  14.7  10.0   3.1  -5.8 -11.4 
1965 -10.7  -8.2  -4.3   3.8   8.5  13.2  14.3  13.5   9.0   2.8  -4.7 -12.4 
1966 -12.1  -8.8  -2.3   3.2   7.3  11.8  15.1  16.3  10.2   2.3  -7.0 -10.7 
1967 -13.2  -9.9  -3.9   1.5   8.4  11.2  14.9  14.9  10.2   2.3  -7.7 -13.1 
1968 -12.3 -12.6  -2.1   3.0   8.5  12.5  14.4  13.8   9.6   2.2  -5.5  -8.7 
1969 -11.9  -9.9  -0.3   4.5  10.4  12.6  15.5  14.8   9.4   3.6  -5.9 -10.9 
1970 -12.8 -12.4  -5.5   1.6   8.2  11.0  16.8  15.2   9.6   1.6  -5.6  -9.3 
1971 -12.9  -9.2  -2.3   4.2   8.0  11.7  17.1  15.6   9.9   2.3  -4.9  -9.4 
1972  -9.6 -10.1  -1.1   2.2  10.3  13.1  16.3  17.2  10.0   1.3  -5.1 -11.1 
1973 -13.7  -8.6  -1.9   3.6   8.0  11.0  16.1  15.4  10.8   3.3  -5.1 -11.6 
1974 -13.0  -8.8  -4.8   3.4   9.2  13.1  15.5  14.6   8.0   1.9  -5.0 -11.8 
1975 -13.0  -8.2  -2.4   1.7   6.7  12.8  14.4  15.6  10.2   2.8  -6.3 -13.0 
1976 -12.2  -6.7  -4.0   1.4   7.8  12.0  13.1  12.7   9.2   2.1  -7.1 -11.8 
1977 -11.4 -11.8  -4.4   1.2   6.2  11.8  14.6  15.0  11.4   2.4  -6.1 -10.6 
1978 -16.8  -9.6  -2.7   2.9   9.1  13.0  15.4  15.3   8.1   1.4  -5.7  -8.3 
1979 -11.4  -8.0  -4.5   4.1   8.6  12.4  12.4  15.6   8.0   1.8  -6.8 -10.5 
1980 -12.8  -8.6  -2.7   3.1   9.1  11.9  15.1  13.8   8.6   1.7  -3.7 -10.9 
1981 -11.4  -7.2  -2.2   4.0   9.6  14.2  17.0  14.7   8.4   0.6  -6.6 -11.9 
1982  -9.0  -8.8  -2.8   2.0   8.1  11.9  15.1  14.2   9.2   3.4  -5.2 -12.2 
1983 -14.3 -12.6  -4.4   0.0   7.8  11.8  13.2  13.8   9.5   2.6  -5.1 -11.4 
1984 -14.2  -8.4  -3.6   3.8   8.0  11.7  14.4  13.1   8.1   1.2  -5.0 -10.3 
1985 -11.2  -9.4  -3.4   3.2   9.0  12.2  14.2  15.6   7.5   2.6  -7.0 -10.6 
1986 -15.6  -8.8  -3.6   0.8   8.5  12.4  16.2  14.4   7.4   0.8  -4.8  -8.7 
1987 -10.6  -6.7  -1.6   3.2   7.4  13.0  16.2  12.9   8.6   3.3  -4.0  -7.4 
1988 -10.6  -8.0  -4.1   2.1   8.4  13.4  15.4  15.2   9.2   2.6  -5.3  -8.1 
1989 -14.6  -9.6  -4.3   1.4   8.6  12.2  16.2  15.5  10.0   3.8  -6.3  -9.5 
1990 -11.0  -8.4  -2.4   1.6   7.8  12.7  15.0  13.6   9.0   1.4  -4.2  -9.1 
1991 -15.0  -7.2  -2.2   2.7   8.5  15.0  16.5  13.9   9.2   1.3  -7.5 -11.0 
1992 -12.5 -10.9  -2.5   4.2   8.4  12.1  12.7  14.3   9.2   0.4  -7.2 -10.6 
1993 -17.2  -7.0  -1.9   3.5   7.4  12.2  14.8  13.4   8.9   0.2  -4.1 -10.0 
1994 -11.2  -9.0  -4.6   4.1   9.3  13.5  16.2  15.1  10.8   0.0  -4.1 -11.1 
1995 -15.6 -11.4  -5.6   1.4  10.4  14.0  15.3  13.5  11.0   1.9  -6.5 -12.3 
1996 -99.0 -99.0 -99.0 -99.0 -99.0 -99.0 -99.0 -99.0 -99.0 -99.0 -99.0 -99.0 
1997 -99.0 -99.0 -99.0 -99.0 -99.0 -99.0 -99.0 -99.0 -99.0 -99.0 -99.0 -99.0 
1998 -99.0 -99.0 -99.0 -99.0 -99.0 -99.0 -99.0 -99.0 -99.0 -99.0 -99.0 -99.0 
1999 -99.0 -99.0 -99.0 -99.0 -99.0 -99.0 -99.0 -99.0 -99.0 -99.0 -99.0 -99.0 
2000 -99.0 -99.0 -99.0 -99.0 -99.0 -99.0 -99.0 -99.0 -99.0 -99.0 -99.0 -99.0 
2001 -99.0 -99.0 -99.0 -99.0 -99.0 -99.0 -99.0 -99.0 -99.0 -99.0 -99.0 -99.0 
2002 -99.0 -99.0 -99.0 -99.0 -99.0 -99.0 -99.0 -99.0 -99.0 -99.0 -99.0 -99.0 
2003 -99.0 -99.0 -99.0 -99.0 -99.0 -99.0 -99.0 -99.0 -99.0 -99.0 -99.0 -99.0 
2004 -99.0 -99.0 -99.0 -99.0 -99.0 -99.0 -99.0 -99.0 -99.0 -99.0 -99.0 -99.0 
2005 -99.0 -99.0 -99.0 -99.0 -99.0 -99.0 -99.0 -99.0 -99.0 -99.0 -99.0 -99.0 
2006 -99.0 -99.0 -99.0 -99.0 -99.0 -99.0 -99.0 -99.0 -99.0 -99.0 -99.0 -99.0 
2007 -99.0 -99.0 -99.0 -99.0 -99.0 -99.0 -99.0 -99.0 -99.0 -99.0 -99.0 -99.0 
