Number= 527370
Name= DELINGHA
Country= CHINA
Lat=   37.4
Long=  -97.4
Height= 2982
Start year= 1955
End year= 2007
First Good year= 1955
Source ID= 30
Source file= Jones+Anders
Jones data to= 1995
Normals source= Data
Normals source start year= 1961
Normals source end year= 1990
Normals= -10.1  -6.3   0.1   5.9  10.9  14.3  17.2  17.0  12.2   5.7  -2.5  -8.3 
Standard deviations source= Data
Standard deviations source start year= 1955
Standard deviations source end year= 1990
Standard deviations=   2.2   1.7   1.4   1.2   1.0   0.8   1.2   1.0   1.0   1.0   1.0   1.5 
Obs:
1955 -99.0 -99.0 -99.0 -99.0 -99.0 -99.0 -99.0  16.3  12.1   7.0  -4.1  -9.2 
1956 -17.0  -8.5   2.0   6.3  10.1  14.9  16.1  16.1  12.1   4.7  -4.5 -10.6 
1957  -8.9  -8.9   0.2   5.7   9.0  14.6  18.4  18.1  12.7   3.5  -1.1  -7.1 
1958  -9.2  -8.0   0.9   7.4  10.1  14.6  18.6  17.1  13.7   5.2  -1.3  -6.9 
1959 -10.8  -6.8   1.0   6.5  10.5  13.8  18.8  17.1  10.9   6.1  -0.8  -6.9 
1960 -11.2  -4.5   2.9   5.3  11.7  14.4  17.8  17.5  13.2   5.9  -2.1  -8.3 
1961 -10.2  -7.7  -0.5   6.9   9.1  16.1  18.8  17.7  12.3   7.6  -1.5 -11.9 
1962 -12.4  -5.9  -2.1   6.3  10.4  14.6  18.1  17.6  14.5   5.9  -2.8  -8.8 
1963 -13.0  -7.5   1.5   6.5  11.8  14.6  18.4  18.3  13.9   5.7  -2.5 -10.7 
1964 -12.7  -7.6   1.5   8.9  10.9  14.4  17.7  17.5  12.6   6.5  -2.7  -9.4 
1965  -9.0  -4.7  -0.9   7.1  11.4  14.8  17.2  16.7  12.9   6.5  -1.2  -9.3 
1966  -9.4  -5.6   1.7   6.7  10.3  14.4  18.6  18.9  12.3   5.3  -3.5  -7.9 
1967 -10.0  -6.6   0.1   5.1  11.5  13.1  17.0  16.6  12.7   6.4  -3.8  -9.3 
1968  -9.6  -9.9   1.7   5.9  11.6  14.9  16.6  15.8  12.5   6.5  -1.3  -5.6 
1969  -8.8  -4.7   2.8   7.8  12.9  14.4  16.9  16.2  12.0   7.1  -2.4  -9.0 
1970 -11.6  -9.3  -1.7   4.7  10.9  12.6  17.3  16.5  11.5   4.8  -2.3  -6.9 
1971 -10.8  -7.1   1.4   7.5  10.9  13.4  18.6  17.1  12.1   5.8  -1.5  -7.5 
1972  -6.4  -6.0   2.8   6.1  13.5  15.1  18.0  19.8  12.7   4.7  -2.1  -8.6 
1973 -10.6  -5.0   0.5   6.2  10.6  13.0  17.6  17.2  13.4   5.3  -2.5  -9.4 
1974  -9.4  -6.5  -2.0   7.4  11.6  14.8  17.2  16.4  11.0   5.0  -1.6  -9.6 
1975 -10.6  -5.7   0.6   4.6   9.7  14.4  15.8  17.6  13.6   6.5  -3.0 -10.4 
1976  -9.6  -4.4  -1.4   4.8  10.4  14.0  14.6  15.4  12.7   6.1  -3.8  -9.1 
1977  -8.9  -8.6  -1.6   4.8   9.0  14.4  16.6  16.3  14.2   5.9  -3.8  -8.8 
1978 -14.4  -6.8   0.2   6.0  11.6  15.0  17.8  18.3  11.6   5.2  -3.0  -5.3 
1979  -8.8  -4.9  -1.5   6.8  11.8  15.4  14.2  17.8  11.1   5.6  -3.7  -7.2 
1980  -9.4  -5.6   0.5   6.0  11.5  14.0  17.2  16.3  12.1   5.6  -0.4  -8.4 
1981  -8.6  -4.2   0.9   5.8  12.3  15.6  19.8  17.7  11.2   4.5  -3.2  -9.4 
1982  -6.2  -6.2   0.6   4.3   9.7  13.4  17.5  16.8  12.0   7.4  -1.4  -9.8 
1983 -12.7 -10.2  -1.8   3.2  10.2  13.6  14.7  15.6  11.5   5.0  -2.6  -9.2 
1984 -11.4  -5.3  -1.0   6.7  11.0  13.8  16.2  14.9  11.0   3.5  -2.5  -8.0 
1985  -8.7  -6.9  -0.1   6.7  11.6  13.5  16.4  18.2  10.0   5.6  -3.9  -8.0 
1986 -12.9  -5.6  -0.4   4.3  10.6  14.1  17.4  16.0  10.2   4.0  -2.4  -7.5 
1987  -8.8  -3.4   1.4   6.0   8.9  15.3  17.4  16.1  12.1   6.0  -2.4  -6.4 
1988  -8.1  -4.6  -0.8   5.4  10.6  15.2  17.2  16.9  11.4   5.7  -2.4  -6.3 
1989 -13.3  -7.8  -0.7   4.3  11.1  12.8  17.0  17.2  12.8   6.4  -2.6  -6.4 
1990  -7.9  -5.0   0.6   4.8  10.5  15.5  16.8  16.2  12.6   5.3  -0.7  -5.8 
1991 -10.7  -4.7   0.2   5.3  11.3  16.3  17.3  15.2  11.6   3.4  -5.2  -8.9 
1992 -10.6  -9.0   0.1   7.5  10.5  13.6  14.4  16.1  11.6   2.8  -4.8  -8.6 
1993 -13.7  -4.5   0.3   6.0   9.3  13.6  16.9  15.5  11.6   2.9  -2.0  -7.8 
1994  -8.9  -5.6  -1.7   6.9  12.0  14.2  17.1  17.5  12.2   2.7  -1.6  -8.9 
1995 -13.5  -8.7  -2.0   4.1  13.4  16.2  17.0  15.8  13.0   4.6  -3.2  -9.1 
1996 -99.0 -99.0 -99.0 -99.0 -99.0 -99.0 -99.0 -99.0 -99.0 -99.0 -99.0 -99.0 
1997 -99.0 -99.0 -99.0 -99.0 -99.0 -99.0 -99.0 -99.0 -99.0 -99.0 -99.0 -99.0 
1998 -99.0 -99.0 -99.0 -99.0 -99.0 -99.0 -99.0 -99.0 -99.0 -99.0 -99.0 -99.0 
1999 -99.0 -99.0 -99.0 -99.0 -99.0 -99.0 -99.0 -99.0 -99.0 -99.0 -99.0 -99.0 
2000 -99.0 -99.0 -99.0 -99.0 -99.0 -99.0 -99.0 -99.0 -99.0 -99.0 -99.0 -99.0 
2001 -99.0 -99.0 -99.0 -99.0 -99.0 -99.0 -99.0 -99.0 -99.0 -99.0 -99.0 -99.0 
2002 -99.0 -99.0 -99.0 -99.0 -99.0 -99.0 -99.0 -99.0 -99.0 -99.0 -99.0 -99.0 
2003 -99.0 -99.0 -99.0 -99.0 -99.0 -99.0 -99.0 -99.0 -99.0 -99.0 -99.0 -99.0 
2004 -99.0 -99.0 -99.0 -99.0 -99.0 -99.0 -99.0 -99.0 -99.0 -99.0 -99.0 -99.0 
2005 -99.0 -99.0 -99.0 -99.0 -99.0 -99.0 -99.0 -99.0 -99.0 -99.0 -99.0 -99.0 
2006 -99.0 -99.0 -99.0 -99.0 -99.0 -99.0 -99.0 -99.0 -99.0 -99.0 -99.0 -99.0 
2007 -99.0 -99.0 -99.0 -99.0 -99.0 -99.0 -99.0 -99.0 -99.0 -99.0 -99.0 -99.0 
