Number= 812017
Name= PARAMARIBO
Country= SURINAM
Lat=    5.8
Long=   55.2
Height= 2
Start year= 1905
End year= 1960
First Good year= 1905
Source ID= 10
Source file= Jones
Jones data to= 1960
Normals source= Extrapolated
Normals source start year= 1777
Normals source end year= 1888
Normals=  24.8  26.6  26.7  27.5  26.8  26.5  26.9  27.5  29.0  27.7  27.9  26.4 
Standard deviations source= Data
Standard deviations source start year= 1941
Standard deviations source end year= 1960
Standard deviations=   0.4   0.4   0.6   0.5   0.4   0.3   0.4   0.4   0.4   0.4   0.5   0.4 
Obs:
1905  26.4  26.3  26.9  26.5  26.3  25.9  26.6  27.8  28.3  27.9  27.5  26.0 
1906  26.1  26.6  26.9  26.3  26.8  26.5  26.8  27.4  28.5  28.1  27.6  27.2 
1907  26.2  25.9  26.0  25.8  26.4  26.6  26.9  27.3  27.3  27.8  28.1  26.5 
1908  26.2  26.3  26.2  26.5  25.9  26.3  26.5  27.5  28.5  28.4  26.9  26.3 
1909  26.5  25.8  26.6  26.5  26.5  26.2  27.0  27.5  29.1  28.5  27.6  26.9 
1910  25.8  26.3  26.6  26.6  26.5  26.2  26.7  27.4  27.8  27.6  26.6  26.2 
1911  25.4  25.6  26.0  26.7  26.6  26.5  26.7  27.4  28.3  27.5  27.4  27.0 
1912  26.3  26.5  26.7  27.1  26.5  26.6  26.6  26.9  28.3  27.9  27.2  26.4 
1913  25.6  25.9  25.9  27.1  27.0  26.5  26.6  27.3  27.8  27.8  27.7  26.2 
1914  26.4  26.4  26.6  26.5  26.4  26.8  26.6  27.8  28.0  28.5  27.7  26.7 
1915  26.4  26.3  27.3  26.9  27.1  27.2  27.4  28.6  28.7  28.6  27.1  26.2 
1916  25.8  26.5  26.7  27.6  26.0  26.3  26.5  27.4  28.1  28.0  27.5  25.9 
1917  24.9  25.7  25.6  26.6  26.5  26.8  27.9  27.4  27.6  27.4  27.1  25.9 
1918  25.3  25.2  25.3  25.4  26.5  26.4  26.5  27.8  28.4  28.2  27.4  25.8 
1919  25.9  26.5  26.3  26.6  26.1  26.4  26.5  27.9  28.1  27.8  27.7  26.5 
1920  25.7  25.9  26.4  26.8  26.8  25.9  26.3  27.4  28.3  27.6  27.2  26.3 
1921  25.9  26.1  26.5  26.4  27.0  26.0  25.7  27.3  27.6  27.4  27.0  25.7 
1922  26.2  26.6  26.6  26.6  26.4  25.9  26.9  27.2  27.9  28.3  27.3  25.8 
1923  25.8  25.7  26.1  26.3  26.7  26.0  26.7  27.3  28.7  27.8  27.4  26.1 
1924  26.0  25.8  26.7  27.3  26.5  26.1  26.4  27.1  27.4  27.2  26.7  25.4 
1925  25.1  25.2  25.3  26.8  26.6  25.5  26.7  27.3  27.9  28.0  27.5  26.6 
1926  26.6  26.7  27.0  27.6  27.0  26.3  26.7  27.6  28.3  28.0  27.5  26.1 
1927  25.5  25.6  26.6  26.8  26.4  26.4  26.9  27.8  28.3  28.1  27.6  26.3 
1928  25.9  26.5  26.3  26.5  26.3  26.0  26.7  28.2  28.2  28.2  27.3  26.2 
1929  25.8  25.7  26.3  26.9  26.1  26.0  26.5  27.7  28.6  28.1  27.0  26.1 
1930  25.5  26.0  26.2  26.4  26.1  26.2  26.3  27.8  28.3  28.1  27.9  27.1 
1931  26.5  26.6  27.4  27.2  26.9  26.8  26.8  27.9  28.4  28.3  27.5  26.4 
1932  26.1  26.3  26.5  26.0  26.7  26.4  26.8  27.4  28.7  28.7  28.6  27.2 
1933  26.2  26.2  26.5  27.2  26.3  26.4  26.8  27.6  28.1  28.0  26.4  25.8 
1934  25.7  25.6  25.9  26.5  26.8  26.2  26.8  27.8  28.2  27.2  27.2  26.3 
1935  26.5  25.5  26.7  27.1  26.9  26.4  26.9  27.6  28.0  28.1  27.8  26.7 
1936  25.7  26.0  26.4  26.3  26.8  26.6  26.9  28.1  28.6  28.2  27.6  26.5 
1937  26.1  26.5  26.8  27.0  26.3  26.2  27.0  28.3  28.9  28.9  28.0  27.2 
1938  26.0  26.1  25.9  26.1  26.1  26.5  27.0  27.9  28.3  28.8  28.2  26.9 
1939  25.9  25.6  25.9  26.3  26.4  26.2  26.9  27.8  28.2  28.3  27.7  26.4 
1940  26.6  27.1  27.4  27.5  27.0  26.6  27.0  27.6  28.2  28.3  27.7  26.7 
1941  26.3  26.7  27.1  27.2  26.8  26.5  27.2  27.9  28.7  28.1  27.6  26.5 
1942  26.8  27.1  27.4  27.1  26.8  26.4  26.6  27.6  28.2  28.4  29.1  26.2 
1943  25.8  26.1  25.4  26.6  26.2  26.2  26.4  27.5  28.6  28.8  27.1  26.4 
1944  26.3  26.3  26.5  26.9  27.3  26.8  27.0  28.5  28.3  28.9  28.4  27.7 
1945  26.3  26.6  27.0  27.4  26.5  26.5  27.2  28.1  29.1  28.6  27.7  26.5 
1946  26.3  26.7  26.8  26.9  26.1  26.7  26.7  27.4  28.4  28.3  27.6  27.2 
1947  26.2  26.8  27.7  27.8  26.8  26.3  27.0  28.0  28.3  28.4  27.3  26.8 
1948  26.3  26.4  26.6  26.4  26.5  26.9  27.2  28.4  28.6  28.2  27.5  26.4 
1949  25.9  26.0  26.7  26.8  26.7  26.8  27.2  27.3  27.8  28.4  27.6  26.5 
1950  25.9  26.8  27.2  27.2  27.0  26.7  27.2  27.8  28.8  28.5  28.0  26.8 
1951  26.0  26.0  26.7  27.5  26.8  26.7  27.3  28.4  28.8  28.4  28.6  27.2 
1952  26.6  27.2  27.8  28.3  27.1  26.8  27.3  27.1  28.7  28.8  27.7  27.3 
1953  26.6  26.4  26.7  27.4  26.5  27.2  27.9  28.2  28.6  29.0  28.3  27.4 
1954  26.1  26.0  26.7  26.2  26.5  26.4  26.7  27.1  27.9  27.8  26.9  26.5 
1955  26.4  26.3  25.8  26.6  26.1  27.0  26.5  27.5  28.3  28.2  27.7  26.4 
1956  26.5  26.1  26.1  26.9  26.0  25.9  26.5  27.1  27.3  27.7  27.5  26.2 
1957  25.8  25.9  26.7  27.1  26.7  26.6  27.2  27.9  28.8  28.9  28.3  26.9 
1958  27.2  27.0  27.5  26.9  27.2  27.4  27.6  28.0  28.7  28.0  28.1  27.5 
1959  26.8  26.8  27.0  26.6  27.1  26.6  26.5  27.7  28.3  27.8  27.1  26.9 
1960  26.7  26.5  27.1  26.9  26.8  26.6  26.8  28.1  28.2  28.0  27.2  26.8 
