Number= 814050
Name= ROCHAMBEAU A
Country= FRENCH GUIANA
Lat=    4.8
Long=   52.4
Height= 5
Start year= 1891
End year= 2011
First Good year= 1891
Source ID= 10
Source file= Jones+Anders
Jones data to= 2001
Normals source= Data
Normals source start year= 1961
Normals source end year= 1990
Normals=  25.7  25.8  26.1  26.3  26.0  25.7  25.9  26.2  26.6  26.8  26.4  26.0 
Standard deviations source= Data
Standard deviations source start year= 1941
Standard deviations source end year= 1990
Standard deviations=   0.5   0.6   0.7   0.7   0.6   0.6   0.6   0.6   0.6   0.6   0.6   0.6 
Obs:
1891  24.7  24.6  25.5  26.0 -99.0  25.0  25.3 -99.0  26.1  26.4  26.6  26.0 
1892 -99.0 -99.0 -99.0 -99.0 -99.0 -99.0 -99.0 -99.0 -99.0 -99.0 -99.0 -99.0 
1893 -99.0 -99.0 -99.0 -99.0 -99.0 -99.0  25.7  25.9  26.4  26.9  25.9  25.3 
1894  25.0  25.5  25.7  26.2  25.8  24.9  24.8  25.4  26.3  26.4  25.6  25.7 
1895  25.9  26.3  25.7  26.6  25.9  25.6  25.5  26.1  26.0  26.3  25.6  25.1 
1896  25.2  25.2  25.9  26.2  25.9  25.3  25.8  26.1  26.3  26.5  26.2  26.1 
1897  26.1  26.0  26.3  26.0  26.4  25.5  25.3  25.9  26.7  26.8  25.7  26.0 
1898  25.2  25.4  25.5  24.7  25.0  24.9  25.3  25.8  26.7  26.2  25.9  24.9 
1899  24.9  25.4  25.1  26.2  25.9  25.0  25.3  26.4  26.4  25.6  25.8  26.4 
1900  25.9  25.6  25.7  25.7  25.4  25.9  25.3  26.2  27.1  27.3  26.7  25.7 
1901  25.6  25.8  24.9  26.1  25.7  26.1  26.1  26.2  26.6  27.0 -99.0  25.3 
1902  24.7  25.5  25.5  26.1  26.2  25.8  25.5  25.9  26.7  27.0  26.0  26.1 
1903  25.9  25.9  26.2  25.9  25.7  25.4  25.8  26.6  26.7  27.1  26.7  25.8 
1904  24.8  24.8  24.5  25.2  24.8  25.0  25.1  26.2  26.3  26.5  25.8  25.6 
1905  25.2  25.0  26.0  25.3  25.6  25.3  24.8  25.2  26.1  25.7  25.5  24.3 
1906  24.5  25.0  24.7  24.6  25.0  24.6  24.8  24.7  25.3  25.4  25.3  25.2 
1907  24.6  24.4  24.3  23.9  25.0  24.5  24.8  25.4  25.4  25.9  25.8  24.8 
1908  24.7  25.0  25.0  25.0  24.9  24.9  24.9  25.2  26.0  25.7  25.1  24.9 
1909  25.2  24.8  25.2  25.1  25.0  24.8  25.1  25.4  26.4  26.5  26.2  25.3 
1910  24.8  25.3  25.1  25.3  25.2  24.5  25.0  25.3  25.8  26.0  25.2  24.9 
1911  24.2  24.9  25.2  25.4  25.5  25.0  24.6  25.3  25.8  25.8  25.6  25.2 
1912  25.4  26.0  26.1  26.3  25.6  24.8  25.3  25.6  26.3  26.2  25.8  25.3 
1913  24.8  25.6  25.0  25.9  25.4  24.9  24.7  25.3  26.0  26.0  26.1  25.3 
1914  25.6  25.1  25.6  25.7  25.4  25.9  25.2  25.8  25.9  26.6  25.7  25.4 
1915 -99.0 -99.0 -99.0 -99.0 -99.0 -99.0 -99.0 -99.0 -99.0 -99.0 -99.0 -99.0 
1916 -99.0 -99.0 -99.0 -99.0 -99.0 -99.0 -99.0 -99.0 -99.0 -99.0 -99.0 -99.0 
1917 -99.0 -99.0 -99.0 -99.0 -99.0 -99.0 -99.0 -99.0 -99.0 -99.0 -99.0 -99.0 
1918 -99.0 -99.0 -99.0 -99.0 -99.0 -99.0 -99.0 -99.0 -99.0 -99.0 -99.0 -99.0 
1919 -99.0 -99.0 -99.0 -99.0 -99.0 -99.0 -99.0 -99.0 -99.0 -99.0 -99.0 -99.0 
1920 -99.0 -99.0 -99.0 -99.0 -99.0 -99.0 -99.0 -99.0 -99.0 -99.0 -99.0 -99.0 
1921 -99.0 -99.0 -99.0 -99.0 -99.0 -99.0 -99.0 -99.0 -99.0 -99.0 -99.0 -99.0 
1922 -99.0 -99.0 -99.0 -99.0 -99.0 -99.0 -99.0 -99.0 -99.0 -99.0 -99.0 -99.0 
1923 -99.0 -99.0 -99.0 -99.0 -99.0 -99.0 -99.0 -99.0 -99.0 -99.0 -99.0 -99.0 
1924 -99.0 -99.0 -99.0 -99.0 -99.0 -99.0 -99.0 -99.0 -99.0 -99.0 -99.0 -99.0 
1925 -99.0 -99.0 -99.0 -99.0 -99.0 -99.0 -99.0 -99.0 -99.0 -99.0 -99.0 -99.0 
1926 -99.0 -99.0 -99.0 -99.0 -99.0 -99.0 -99.0 -99.0 -99.0 -99.0 -99.0 -99.0 
1927 -99.0 -99.0 -99.0 -99.0 -99.0 -99.0 -99.0 -99.0 -99.0 -99.0 -99.0 -99.0 
1928 -99.0 -99.0 -99.0 -99.0 -99.0 -99.0 -99.0 -99.0 -99.0 -99.0 -99.0 -99.0 
1929 -99.0 -99.0 -99.0 -99.0 -99.0 -99.0 -99.0 -99.0 -99.0 -99.0 -99.0 -99.0 
1930 -99.0 -99.0 -99.0 -99.0 -99.0 -99.0 -99.0 -99.0 -99.0 -99.0 -99.0 -99.0 
1931 -99.0 -99.0 -99.0 -99.0 -99.0 -99.0 -99.0 -99.0 -99.0 -99.0 -99.0 -99.0 
1932 -99.0 -99.0 -99.0 -99.0 -99.0 -99.0 -99.0 -99.0 -99.0 -99.0 -99.0 -99.0 
1933 -99.0 -99.0 -99.0 -99.0 -99.0 -99.0 -99.0 -99.0 -99.0 -99.0 -99.0 -99.0 
1934 -99.0 -99.0 -99.0 -99.0 -99.0 -99.0 -99.0 -99.0 -99.0 -99.0 -99.0 -99.0 
1935 -99.0 -99.0 -99.0 -99.0 -99.0 -99.0 -99.0 -99.0 -99.0 -99.0 -99.0 -99.0 
1936 -99.0 -99.0 -99.0 -99.0 -99.0 -99.0 -99.0 -99.0 -99.0 -99.0 -99.0 -99.0 
1937 -99.0 -99.0 -99.0 -99.0 -99.0 -99.0 -99.0 -99.0 -99.0 -99.0 -99.0 -99.0 
1938 -99.0 -99.0 -99.0 -99.0 -99.0 -99.0 -99.0 -99.0 -99.0 -99.0 -99.0 -99.0 
1939 -99.0 -99.0 -99.0 -99.0 -99.0 -99.0 -99.0 -99.0 -99.0 -99.0 -99.0 -99.0 
1940 -99.0 -99.0 -99.0 -99.0 -99.0 -99.0 -99.0 -99.0 -99.0 -99.0 -99.0 -99.0 
1941 -99.0 -99.0 -99.0 -99.0 -99.0 -99.0 -99.0 -99.0 -99.0 -99.0 -99.0 -99.0 
1942 -99.0 -99.0 -99.0 -99.0 -99.0 -99.0 -99.0 -99.0 -99.0 -99.0 -99.0 -99.0 
1943 -99.0 -99.0 -99.0 -99.0 -99.0 -99.0 -99.0 -99.0 -99.0 -99.0 -99.0 -99.0 
1944 -99.0 -99.0 -99.0 -99.0 -99.0 -99.0 -99.0 -99.0 -99.0 -99.0 -99.0 -99.0 
1945 -99.0 -99.0 -99.0 -99.0 -99.0 -99.0 -99.0 -99.0 -99.0 -99.0 -99.0 -99.0 
1946 -99.0 -99.0 -99.0 -99.0 -99.0 -99.0 -99.0 -99.0 -99.0 -99.0 -99.0 -99.0 
1947 -99.0 -99.0 -99.0 -99.0 -99.0 -99.0 -99.0 -99.0 -99.0 -99.0 -99.0 -99.0 
1948 -99.0 -99.0 -99.0 -99.0 -99.0 -99.0 -99.0 -99.0 -99.0 -99.0 -99.0 -99.0 
1949 -99.0 -99.0 -99.0 -99.0 -99.0 -99.0 -99.0 -99.0 -99.0 -99.0 -99.0 -99.0 
1950 -99.0 -99.0 -99.0 -99.0 -99.0 -99.0 -99.0 -99.0 -99.0 -99.0 -99.0 -99.0 
1951  24.7  25.0  25.6  25.5  25.3  25.1  25.2  25.9  26.6  26.8  26.5  26.1 
1952  25.5  26.0  26.2  26.2  25.6  25.5  25.0  25.5  26.3  26.8  26.2  25.8 
1953  25.0  24.9  25.4  25.7  25.4  25.2  25.4  25.8  26.2  26.4  26.3  25.6 
1954  25.3  25.0  25.5  25.5  25.4  25.4  25.2  25.3  26.0  26.0  25.9  25.3 
1955  25.2  25.3  25.3  25.6  25.3  25.0  25.1  25.5  26.2  26.3  25.6  24.8 
1956  25.0  25.0  25.0  25.5  25.2  24.9  24.7  25.3  25.6  26.0  25.6  25.2 
1957  25.1  25.3  25.3  25.7  25.8  25.4  25.4  25.9  26.6  27.0  26.4  25.8 
1958  26.5  25.9  26.5  25.7  26.1  26.0  25.6  25.7  26.1  26.0  25.6  25.6 
1959  25.3  24.8  25.6  25.9  25.5  25.1  25.1  25.5  25.9  25.9  25.4  25.6 
1960  25.2  25.3  25.2  25.4  25.0  24.7  24.9  25.5  25.9  25.8  25.6  25.2 
1961  26.3  26.1  27.0  27.1  26.8  25.9  26.2  26.8  27.2  27.4  26.9  26.4 
1962  25.9  26.3  27.1  26.7  26.8  26.0  26.4  26.9  27.1  27.5  27.2  26.6 
1963  25.8  25.9  26.6  26.7  26.5  26.2  26.6  26.9  27.2  27.5  27.2  26.8 
1964  26.0  26.7  27.2  27.4  26.4  26.3  26.6  26.6  27.2  27.1  26.5  26.2 
1965  25.6  26.1  27.0  26.7  26.4  26.1  26.2  26.6  27.1  27.6  26.8  26.5 
1966  26.6  26.3  26.9  27.2  26.6  26.6  26.4  27.1  27.2  27.7  27.2  26.7 
1967  26.3  26.5  26.7  26.8  25.9  26.0  26.4  26.6  27.0  27.1  27.1  26.3 
1968  26.0  26.1  26.5  27.4  26.4  26.1  26.4  26.7  27.2  27.4  26.7  26.6 
1969  26.3  27.1  27.6  27.7  27.1  27.1  26.8  27.1  27.5  27.7  27.5  27.2 
1970  26.5  26.7  26.8  27.0  26.9  26.6  26.8  26.7  27.3  27.6  27.2  26.6 
1971  24.9  24.7  24.9  25.2  25.1  24.8  25.1  25.3  25.8  25.7  25.4  24.9 
1972  25.1  24.8  25.4  25.3  25.4  25.2  25.7  25.7  26.3  26.1  26.1  25.6 
1973  25.9  25.8  26.0  25.9  25.6  25.0  25.3  25.5  25.7  26.1  25.7  24.8 
1974  24.6  25.0  25.0  25.2  25.6  24.8  24.9  25.4  25.6  25.8  25.4  25.0 
1975  25.0  24.9  25.3  25.6  25.6  25.0  24.8  25.2  25.3  25.9  25.7  25.3 
1976  24.8  24.7  25.0  25.3  25.0  24.9  25.3  25.4  26.2  26.4  26.1  25.5 
1977  25.5  25.3  25.8  25.8  25.2  25.1  25.1  25.9  26.1  26.4  26.1  25.6 
1978  25.1  25.9  25.5  26.1  26.0  25.0  25.7  25.4  25.8  26.2  26.1  25.1 
1979  25.4  25.9  25.4  26.0  25.9  25.3  25.5  26.2  26.2  26.9  26.4  26.0 
1980  25.8  25.7  25.6  25.9  25.8  25.9  25.7  26.2  26.4  26.5  25.9  25.5 
1981  25.8  25.2  26.2  26.1  25.6  25.6  25.3  26.0  26.6  26.5  26.5  26.0 
1982  25.5  25.7  25.8  25.9  25.5  25.8  25.8  26.1  26.4  26.5  26.1  26.0 
1983  25.9  25.8  26.4  26.4  26.7  26.4  26.4  26.6  26.8  26.7  26.6  25.5 
1984  24.9  26.0  25.8  26.2  25.0  25.3  25.5  26.0  25.9  26.2  25.8  25.7 
1985  25.6  25.5  25.8  26.2  26.2  25.3  25.5  25.4  26.4  26.3  26.3  25.7 
1986  25.7  26.0  26.0  26.8  26.1  25.3  25.7  26.4  27.0  26.5  26.0  26.0 
1987  26.4  26.7  26.5  26.8  26.4  26.3  26.2  26.7  27.1  27.5  27.1  26.8 
1988  26.0  26.2  26.2  26.8  26.2  25.8  25.7  26.6  26.4  26.8  26.4  25.6 
1989  25.2  25.4  25.2  26.3  25.8  25.5  25.8  26.4  26.8  26.4  26.3  26.1 
1990  25.3  25.7  26.1  25.7  26.0  25.9  26.0  26.2  27.1  26.9  26.8  26.4 
1991  26.3  26.3  26.2  27.0  26.3  26.1  25.6  25.7  26.2 -99.0  26.0  26.0 
1992 -99.0  25.3 -99.0  26.2  26.0 -99.0  25.1  25.9  26.2 -99.0  26.3  25.8 
1993  25.0  25.6  26.0  25.8  25.7  25.4  25.8  25.9  26.5  26.4  26.1  25.7 
1994  25.2  25.6  26.0  25.9  26.0  25.5  26.3  26.4  26.8  26.9  25.8  25.9 
1995  26.1  25.6  25.7  26.8  26.3  26.0  25.6  26.6  26.8  26.8  26.4  26.1 
1996  26.2  26.0  26.4  26.9  26.8  25.2  25.9  26.1  26.7  27.0  26.2  26.4 
1997  25.1  25.3  25.8  26.2  25.6  25.9  26.2  26.4  27.1  27.6  27.3  26.3 
1998  26.5  27.3  27.1  27.0  26.8  26.4  26.5  26.9  27.2  27.2  26.7  26.0 
1999  25.6  25.7  26.2  26.1  26.0  25.5  25.7  26.1  26.8  26.9  26.9  26.3 
2000  24.9  25.3  25.9  25.6  25.8  25.4  25.9  26.3  26.6  27.1  26.5  26.1 
2001  25.5  25.7  26.5  26.3  26.3  25.6  25.9  26.4  26.9  26.9  26.7  26.6 
2002  25.6  26.0  26.1  26.2  26.3  25.6  26.4  26.4  26.7  26.8  26.6  26.4 
2003  26.2  26.3  26.3  26.8  26.0  25.9  25.8  26.9  27.0  27.1  26.9  26.5 
2004  25.9  26.5  26.3  26.2  26.2  25.4  26.0 -99.0  27.0  27.7  27.3  27.2 
2005  27.0  27.1  26.9  26.9  27.2  27.1  27.0  27.1  27.6  27.7  27.6  26.6 
2006  26.1  26.5  27.0  26.6  26.5  25.4  26.1  26.8  27.0  27.0  26.4  25.9 
2007  26.6  26.1  26.0  26.3  26.0  25.8  26.2  26.7  26.9  27.0  26.8  25.7 
2008  25.8  25.6  25.3  26.2  25.8  25.5  25.3  26.7  27.0  27.1  27.1  26.2 
2009  25.6  26.0  26.4  26.5  27.0  26.3  26.0  26.9  27.1  26.9  26.7  26.3 
2010  26.4  26.7  27.4  26.9  26.3  26.2  26.1  26.7  27.3  27.5  26.7  25.9 
2011  26.0  25.6  26.0  26.6  26.2 -99.0 -99.0 -99.0 -99.0 -99.0 -99.0 -99.0 
