Number= 382620
Name= CHIMBAJ
Country= REPUBLIC OF U
Lat=   43.0
Long=  -59.8
Height= 66
Start year= 1926
End year= 2011
First Good year= 1926
Source ID= 37
Source file= Jones+Anders
Jones data to= 2001
Normals source= Data
Normals source start year= 1961
Normals source end year= 1990
Normals=  -5.6  -4.5   2.9  12.8  20.5  25.2  27.3  24.5  18.3   9.8   3.6  -2.3 
Standard deviations source= Data
Standard deviations source start year= 1941
Standard deviations source end year= 1990
Standard deviations=   3.4   4.6   2.9   1.8   1.3   1.3   1.3   1.0   1.3   1.5   2.6   3.5 
Obs:
1926 -99.0 -99.0 -99.0 -99.0 -99.0 -99.0 -99.0  25.1  17.9  10.7   1.6 -99.0 
1927 -10.9  -6.6  -0.4  13.8  20.5  25.2 -99.0  24.0  18.6  14.4   2.2  -6.8 
1928 -12.7  -5.7  -2.2  10.7  20.4  24.6  25.4  22.3  16.9   8.9   3.6  -5.5 
1929 -11.4 -12.4   0.8  14.2  18.8  23.0  26.8  23.5  18.2   9.2   1.4 -13.8 
1930  -8.7  -8.4   5.1  11.3  20.3  25.0  28.0  24.6  16.2   9.0   4.5  -6.1 
1931 -10.6 -17.3   2.6  12.2  18.6  24.1  28.5  24.2  20.2  10.8   0.2  -5.3 
1932  -5.7  -0.8   2.9  16.6  20.4  24.0  25.9  23.3  18.1   9.2   0.6  -6.3 
1933  -7.3  -6.0  -1.1  13.6  21.0  22.5  27.2  25.0  17.2   8.5   3.4  -3.7 
1934 -12.8  -1.0   3.5   9.7  17.0  24.1  25.8  24.5  15.7   9.1   0.9  -4.8 
1935  -9.2  -0.8   2.5  14.6  20.2  21.8  27.1  26.3  17.6  13.8  -2.0  -5.8 
1936  -6.9  -4.6  -1.5  12.0  18.9  25.1  25.7  23.8  18.0  12.5   4.0  -2.5 
1937  -7.9  -4.0   0.7   9.3  18.4  24.1  27.7  25.6  20.1  12.2   0.3  -4.9 
1938  -2.1  -1.1   2.0  14.6  20.5  23.2  24.2  24.4  18.0  10.4   3.8  -8.2 
1939  -7.9  -2.5   3.4  10.4  20.8  26.9  26.9  23.2  17.2   8.4   2.7   0.5 
1940  -6.2  -6.4   3.5  15.2  16.4  24.2  27.4  25.5  19.5  10.8   3.9   0.7 
1941  -5.6   0.2   5.6  13.5  20.0  25.5  24.9  24.2  18.9  11.0   1.3  -0.3 
1942  -1.6  -7.0   2.4  10.4  20.1  25.4  26.2  22.9  16.6  10.4   2.7  -2.2 
1943  -8.3  -9.4  -1.1  12.2  21.1  23.4  26.9  24.3  16.5  10.4   0.1  -3.5 
1944  -2.3   2.3   9.5  12.6  21.1  23.8  27.0  22.4  17.8   9.6   0.4 -11.5 
1945 -10.4 -15.0  -0.7  11.5  17.7  24.0  25.5  26.0  17.8  12.0  -0.3  -3.4 
1946  -4.6   2.2   4.5  12.4  21.5  22.3  23.9  23.7  19.8  10.2   0.1  -9.7 
1947  -4.8  -4.4   7.2  12.1  17.4  21.8  24.9  23.5  16.7  10.1   6.3  -3.9 
1948  -1.8  -1.0   2.6   9.4  21.2  25.1  25.9  23.1  16.2  10.4   2.1  -6.0 
1949  -7.2  -6.0  -1.9  10.8  19.2  25.0  25.9  23.2  15.7   7.2  -0.7  -4.9 
1950  -8.9  -8.0   2.1  11.9  21.5  23.6  24.5  23.0  17.4  10.1  -3.8 -11.4 
1951  -9.2 -13.1   1.9  13.9  20.7  22.4  25.6  22.7  17.8   9.0   0.1  -0.2 
1952  -4.9   0.6   2.6  10.6  19.3  23.0  27.2  24.4  18.2  10.7  -2.8 -10.1 
1953  -2.7   2.6   3.2  10.7  19.8  23.4  25.9  24.6  17.7   7.5  -1.0  -3.8 
1954  -6.1  -8.5  -2.5  11.4  19.3  22.5  26.8  23.6  18.2  12.1   1.1  -5.3 
1955  -3.9   1.3   3.2  10.5  20.6  24.8  26.2  24.8  18.3   9.8   4.1  -1.6 
1956  -8.1  -6.5   0.3  14.1  18.5  23.3  26.7  24.1  17.4   9.6   4.8  -5.1 
1957  -9.4  -3.6   3.5  11.2  20.2  23.5  24.5  23.5  20.2  10.5   0.5  -0.4 
1958  -0.5   2.7   5.3  10.7  18.5  25.3  26.0  24.0  15.7   8.8  -0.2  -3.0 
1959  -6.0  -3.8   2.2  14.0  19.1  24.1  24.7  24.7  18.8   8.9  -1.9  -9.2 
1960  -1.8  -0.3  -2.5  11.8  17.4  25.2  24.9  24.3  17.5  10.3   0.9  -3.7 
1961  -3.2  -3.0   5.0  13.6  23.9  24.7  26.6  24.8  17.2   8.2   5.0  -0.4 
1962  -4.9  -1.0   7.0  12.1  20.0  24.1  28.2  23.5  17.2  10.3  -0.2  -3.4 
1963  -1.8   1.2   3.9  12.7  20.2  23.7  26.0  22.8  17.2  11.7   4.1  -3.6 
1964  -7.0  -3.4   3.0  11.1  20.3  24.0  26.5  23.9  17.8   7.2   4.6  -5.7 
1965  -6.3  -3.9   2.8  10.7  20.5  24.3  26.6  23.9  18.0   9.7   5.0  -0.6 
1966  -2.7   1.0   5.8  13.3  18.5  25.8  27.6  25.7  17.8   8.0   1.1  -7.1 
1967  -6.7  -7.7   2.5  12.9  20.2  24.4  26.2  25.0  16.7  10.0   4.2   0.0 
1968  -2.8  -5.7   5.4  11.0  21.6  23.7  26.3  24.1  18.1   9.0   2.0  -4.5 
1969 -14.5 -12.0   0.3  11.6  18.7  26.2  25.9  23.8  18.5  10.2   4.0   1.1 
1970  -7.1  -1.1   3.6  14.2  21.3  24.4  26.1  24.7  18.1  10.3   2.7  -5.7 
1971  -6.1  -4.0   3.8  10.1  19.8  24.2  27.3  23.4  19.7  12.2   6.2   2.4 
1972 -10.8  -9.7  -1.0  13.7  19.5  25.3  25.6  23.1  18.0  11.0   5.7  -4.1 
1973 -10.0  -7.5   3.6  13.2  19.9  25.5  26.4  24.8  14.9   9.6   4.7  -0.6 
1974 -10.7 -11.8   1.7  11.3  22.0  25.0  26.6  23.2  18.2  11.7   5.2  -5.7 
1975  -3.4  -5.4   3.9  15.0  20.2  25.9  28.5  24.7  19.7   9.0  -0.3  -1.4 
1976  -1.4  -7.9  -1.7  13.5  21.3  25.7  26.9  26.3  17.5   5.8  -0.4  -7.6 
1977 -15.7  -6.7   6.5  16.0  21.9  28.0  27.3  24.2  19.5   8.2   5.1  -2.0 
1978  -4.7  -6.1   3.5  12.7  18.0  24.5  27.6  22.5  20.5   9.9   3.0  -0.1 
1979  -5.4  -0.7   5.0  12.0  19.4  23.5  28.4  24.7  20.2  13.5   3.0   0.9 
1980  -8.5  -8.6   0.5  14.0  22.6  25.8  28.0  23.8  17.3   9.1   6.2   0.9 
1981  -0.6  -1.5   5.4  11.6  18.5  24.4  28.1  25.7  19.2   9.8   4.4  -1.8 
1982  -5.1  -4.3   1.2  16.1  21.7  23.8  27.3  24.3  18.0  10.1   0.5  -2.2 
1983  -1.8   2.0   3.5  16.3  20.3  24.9  29.6  25.5  18.0  10.6   5.4  -1.6 
1984  -4.6 -11.0   0.9  12.1  20.0  25.6  29.4  26.6  18.2  11.3   2.4 -11.3 
1985  -5.7   4.3  -5.1  15.4  21.4  26.8  27.2  24.6  18.1   8.8   1.6  -1.3 
1986  -1.2  -2.7   0.4  13.9  20.9  25.7  28.2  24.7  20.6   9.6   4.8  -1.6 
1987  -1.5  -3.8   1.6   8.4  21.7  25.6  26.3  25.7  16.8   7.0   4.5  -0.3 
1988  -3.2  -8.6   3.4  15.0  19.3  27.7  28.1  24.7  19.0  10.0   4.2   1.3 
1989  -4.2  -2.0   4.2  10.6  19.5  26.1  29.3  25.4  17.6  12.2   4.5   1.8 
1990  -5.1  -2.5   7.2  10.7  20.7  27.7  27.4  25.2  20.4  10.2   5.1  -3.5 
1991  -4.2  -4.1   2.4  15.7  19.7  26.2  28.0  24.5  18.8  13.0   4.0  -1.6 
1992  -2.1  -1.6   1.3  12.9  17.8  21.1  27.1  24.2  18.1   9.8   5.4 -11.9 
1993  -2.8  -3.2   6.8  12.8  19.1  23.3  27.6  27.3  18.0   9.8  -4.4 -16.4 
1994  -8.3 -12.1   1.2  12.1  20.8  25.4  26.5  26.4  17.6  12.2   5.5  -2.6 
1995   0.0  -0.1   3.6  16.5  18.8  26.5  29.0  27.1  18.6  10.6   7.5  -3.9 
1996  -9.3  -6.0  -0.3  10.4  21.2  27.0  28.5  24.2  18.9  11.3 -99.0   1.5 
1997  -3.1  -2.6   6.5  16.3  21.4  27.6  28.2  25.2  18.7  16.3   0.3  -4.2 
1998  -7.3  -3.2   1.1  14.0  20.0  27.9  29.1  26.7  18.9  10.6   3.0  -1.7 
1999  -2.3   4.1   2.8  13.4  19.7  25.2  26.9  27.4  18.7  13.6   3.0   0.6 
2000  -1.2   0.8   5.2  18.8  20.3  25.6  28.9  27.6  18.5   7.6   0.7  -0.2 
2001  -3.7  -1.1   8.6  15.7  24.3  26.0  27.1  25.3  17.8  10.3   4.0  -1.6 
2002   0.8   2.5   8.9  12.1  18.7  24.0  28.5  26.0  19.7  12.2   4.5  -8.1 
2003  -3.0  -3.4   1.0  12.1  19.6  23.5  26.9  26.7  18.7  13.0   4.5  -1.2 
2004  -0.5   2.7   7.8  12.4  22.0  26.9  26.3  25.3  19.7  10.3   6.6  -2.0 
2005  -3.9  -5.0   8.5  15.6  23.0  27.7  29.1  25.2  21.4  12.5   3.9   0.2 
2006 -13.6   0.8   7.5  15.2  21.4  28.0  26.6  27.4  18.7  12.4   3.7  -2.4 
2007   0.2   0.1   4.6  15.5  21.9  26.4  28.2  26.4  19.3  10.8   3.8  -3.4 
2008 -15.0  -4.2  11.6  16.4  23.1  26.5  29.1  26.9  18.0  11.9   4.7  -2.8 
2009  -4.5   0.4   8.1  10.9  22.2  27.1  28.0  25.2  19.1  11.7   4.5  -1.5 
2010  -3.9  -7.1   6.4  16.1  22.0  28.3  28.4  26.5  18.8  12.2   6.6   0.0 
2011  -5.9 -99.0 -99.0  15.8  23.2 -99.0 -99.0 -99.0 -99.0 -99.0 -99.0 -99.0 
