Number= 386870
Name= CHARDJEV
Country= TURKMENISTAN
Lat=   39.1
Long=  -63.6
Height= 190
Start year= 1894
End year= 2011
First Good year= 1894
Source ID= 37
Source file= Jones+Anders
Jones data to= 2001
Normals source= Data
Normals source start year= 1961
Normals source end year= 1990
Normals=   1.0   3.4   9.6  17.4  23.2  27.7  29.5  26.9  21.2  13.9   8.0   3.3 
Standard deviations source= Data
Standard deviations source start year= 1941
Standard deviations source end year= 1990
Standard deviations=   3.0   3.5   2.3   1.4   1.3   1.1   0.9   0.9   0.9   1.5   2.5   3.0 
Obs:
1894 -99.0 -99.0 -99.0 -99.0 -99.0  28.5  29.3  27.3  22.6  13.7   6.2   0.5 
1895  -2.8   8.1  14.2  18.8  24.0  27.9  29.7  26.5  22.3  14.8   7.5   5.3 
1896   5.3   5.2  10.9  16.0  24.0  27.8  29.4  27.5  21.9  14.1   6.0   2.9 
1897  -2.0   2.9   7.2  15.9  24.0  27.0  30.1  27.9  23.8  14.5   9.7   3.7 
1898  -1.8   3.3   6.4  15.8  23.9  26.9  30.2  26.5  21.9  16.3 -99.0   4.3 
1899   2.9   8.8  13.3  18.6  24.2  29.0  29.2  29.2  22.1  17.7   7.5  -0.6 
1900  -7.3   0.1  12.0  16.4  24.8  28.1  30.2  27.1  22.0  17.0   8.1   5.3 
1901   1.4   5.3  12.3  18.3  23.6  26.6  29.8  26.9  22.2  10.6  11.0   6.0 
1902   5.1   4.6  10.2  16.4  25.1  29.0  28.7  28.1 -99.0 -99.0 -99.0 -99.0 
1903   0.7   6.1   4.1  16.3  21.7  27.8  30.5  28.3  22.9  15.6   6.4   0.7 
1904  -6.5   6.6   9.0  14.1  23.0  26.8  28.7  27.7  21.5  12.2  11.0   5.6 
1905 -99.0 -99.0 -99.0 -99.0 -99.0 -99.0 -99.0 -99.0 -99.0 -99.0 -99.0 -99.0 
1906  -0.5   1.8   8.8  13.4  22.4  28.0  28.8  28.5  21.5  16.2   8.8   5.5 
1907 -99.0   1.3   7.9  17.5  20.2  25.0  29.6  26.6  20.3  10.9   6.0   3.1 
1908   1.4   3.4   7.8  17.1  21.2  26.7  29.5  27.1  21.8  11.6  10.9   4.3 
1909  -0.2   5.5  11.8  19.3  22.9  26.6  28.9  27.5  21.5  12.6  12.8   6.0 
1910   3.5   4.7   8.8  15.7  24.6  26.7  29.9  27.4  21.0  13.7   7.5  -2.0 
1911  -1.0   5.1   8.0  16.4  22.9  28.2  28.1  26.7  20.9 -99.0 -99.0  -0.1 
1912 -99.0 -99.0   8.9  15.8  21.9  27.6  29.2  25.3  19.7  15.9   7.5   3.7 
1913   3.1   0.2   6.9  13.8  24.2  26.5  30.7  26.2  21.9  14.2   8.6   6.5 
1914   6.7   4.5  12.0  17.4  22.6  29.2  29.6  27.2  22.4  14.1   8.4   0.5 
1915   4.9   3.7  14.8  16.9  24.9  28.5  28.0  28.1  24.0  14.7  10.2   5.3 
1916   4.0   1.5   9.6  17.3  23.6  24.8  28.8  29.1  21.4  12.9 -99.0 -99.0 
1917   6.7   6.7  10.2  18.4  26.3  26.5  29.0  27.5  22.0  12.6   6.7   0.5 
1918 -99.0 -99.0 -99.0 -99.0 -99.0 -99.0 -99.0 -99.0 -99.0 -99.0 -99.0 -99.0 
1919 -99.0 -99.0 -99.0 -99.0 -99.0 -99.0 -99.0 -99.0 -99.0 -99.0 -99.0 -99.0 
1920 -99.0 -99.0 -99.0 -99.0 -99.0 -99.0 -99.0 -99.0 -99.0 -99.0 -99.0 -99.0 
1921 -99.0 -99.0 -99.0 -99.0 -99.0 -99.0 -99.0 -99.0 -99.0 -99.0 -99.0 -99.0 
1922 -99.0 -99.0 -99.0 -99.0 -99.0 -99.0 -99.0 -99.0 -99.0 -99.0 -99.0 -99.0 
1923 -99.0 -99.0 -99.0 -99.0 -99.0 -99.0 -99.0  26.3  18.8  13.8   7.4   0.7 
1924   2.6   4.1  10.0  16.2  19.9  25.7  28.9  27.3  20.6  14.6   8.2   1.3 
1925  -0.5   1.2  12.4  17.2  24.3  28.0  29.2  27.0  21.6  15.3   8.1   7.0 
1926   3.0   4.6  10.3  14.1  23.6  26.2  27.0  28.8  21.8  14.4   4.2   5.7 
1927  -3.1   2.5   6.7  18.2  23.9  27.3  29.7  27.0  21.9  17.3   7.3   3.5 
1928  -1.4   3.5   5.4  16.9  24.0  27.8  27.3  25.2  19.5  13.8   8.4   3.0 
1929  -4.7   1.1   9.8  20.7  22.0  25.4  27.6  24.6  21.7  12.2   6.3  -5.8 
1930  -4.0   0.9   9.6  16.2  22.8  27.9  29.8  26.1  18.9  13.2  10.2  -0.3 
1931  -0.8  -4.4  11.1  18.3  20.6  26.0  28.7  26.1  22.7  13.3   5.1   2.4 
1932   1.2   5.8  11.0  20.0  22.3  26.6  29.1  25.0  20.6  12.7   5.3  -3.8 
1933  -2.6   5.5   6.5  17.0  24.8  26.1  29.8  27.5  20.2  13.7   9.1   3.6 
1934  -5.1   5.7  10.0  15.2  19.3  28.0  27.8  27.5  18.9  13.0   5.1   2.9 
1935  -3.2   6.1   8.9  17.9  23.0  25.0  29.7  28.3  20.4  16.1   4.1   2.1 
1936   0.0   4.9   7.5  15.9  23.6  28.1  28.6  26.3  21.9  16.9   9.0   1.2 
1937  -0.4   3.6   7.0  14.1  23.0  27.1  29.3  27.6  22.7  14.4   4.8   0.5 
1938   4.0   6.6   7.8  19.5  24.9  26.2  27.3  26.6  21.4  14.2   6.7   1.3 
1939   2.7   4.9   8.6  14.1  23.0  29.5  29.3  26.5  21.7  13.9   9.2   6.8 
1940   2.4   5.5   8.2  19.7  21.9  28.4  29.3  27.1  22.1  16.3   9.4   6.7 
1941   1.8   8.4  13.2  18.5  25.0  29.2  27.9  27.4  22.1  16.6   8.0   4.0 
1942   4.2   1.7   9.6  15.9  24.4  28.1  29.6  25.9  20.6  15.5   9.8   2.9 
1943   0.7   0.8   5.5  15.9  23.5  26.4  29.6  27.0  20.4  13.4   6.8   4.0 
1944   4.4   7.0  15.7  17.5  24.9  27.4  30.7  26.8  20.7  14.0   7.4  -5.2 
1945   0.8   0.5   7.6  17.1  22.1  26.9  28.5  28.7  22.0  16.2   6.2   3.7 
1946   0.7   7.5  11.6  17.1  26.4  26.2  27.8  26.4  22.7  15.7   4.1  -3.4 
1947   3.8   4.6  13.4  17.7  21.8  25.5  28.3  28.2  21.3  14.7  11.5   1.9 
1948   5.0   6.2   8.1  14.8  23.9  27.8  29.7  26.9  20.7  13.9   7.4  -0.6 
1949  -1.5   2.8   7.0  15.2  21.4  26.8  29.1  26.2  19.9  10.0   4.7   2.9 
1950  -2.0   0.8  11.3  15.8  24.6  27.3  28.1  26.5  20.4  14.2   2.5  -1.9 
1951  -0.7  -3.7   7.2  17.8  23.9  25.6  28.7  26.1  21.2  14.2   6.5   5.7 
1952   2.0   7.4   8.4  17.0  22.2  27.0  29.4  27.2  20.5  13.9   2.8   0.6 
1953   3.8   9.0   8.1  16.0  23.3  26.6  29.6  26.2  21.0  12.0   5.0   1.1 
1954   1.7   1.3   4.7  16.5  22.7  25.4  29.0  26.4  20.8  14.9   5.6   0.8 
1955   2.0   7.2   9.5  15.2  23.0  27.9  29.8  28.0  21.4  12.9   9.4   5.5 
1956  -0.4   2.6   7.6  18.1  23.4  26.2  30.6  26.6  20.6  13.6   8.8   1.0 
1957  -2.9   1.3   9.5  14.6  22.8  26.7  27.5  26.0  20.9  13.2   6.4   4.0 
1958   5.6   6.4  11.6  15.9  21.5  28.0  29.5  25.9  20.2  13.2   3.0   4.2 
1959   1.7   2.3   7.3  19.3  22.6  27.2  27.6  27.5  23.6  13.9   3.4  -1.4 
1960   3.9   8.0   4.7  15.2  21.2  28.1  27.9  26.6  20.6  14.2   6.3   1.0 
1961   2.8   2.9   9.4  16.5  26.3  27.0  29.6  27.0  20.8  11.8   8.4   5.4 
1962   0.6   7.1  12.7  16.2  22.7  26.1  29.8  26.1  19.6  13.1   3.8   2.2 
1963   5.1   8.5  10.0  19.4  23.0  27.6  28.6  25.4  20.5  15.6   7.7   1.8 
1964  -3.0   4.0  11.6  15.2  22.8  27.2  28.8  26.3  20.6  10.6   8.1  -0.9 
1965   0.6   3.6   9.3  16.6  24.6  27.5  29.7  26.5  20.6  14.7   9.7   4.3 
1966   5.8   8.3  10.3  17.0  22.3  29.6  29.8  28.5  22.1  13.7   5.6   3.4 
1967   1.2   2.9   9.5  16.3  22.9  27.2  29.2  27.2  21.4  14.0  10.0   5.2 
1968   4.6   3.6  10.8  15.7  23.6  27.9  28.9  27.0  21.2  14.0   8.6   2.4 
1969  -7.2  -7.0   7.5  15.7  22.1  28.0  29.0  26.6  21.9  15.1   7.4   7.1 
1970  -0.5   6.9   9.6  19.0  25.4  27.5  28.8  27.9  21.5  15.4   8.5   1.3 
1971  -1.0   4.4  12.3  16.2  24.4  28.2  30.0  26.9  22.5  15.6  11.7   7.2 
1972  -4.6  -4.3   6.4  17.8  22.7  28.2  28.4  25.3  22.3  15.8  10.1  -0.1 
1973  -2.0   6.8   8.6  18.1  23.3  29.5  30.4  28.3  19.4  15.6   9.5   2.8 
1974  -1.9  -0.1   9.2  16.0  24.4  28.2  30.2  25.6  20.9  14.3   9.2   0.8 
1975   2.2   2.8  10.6  18.7  23.2  28.5  30.4  27.6  22.0  13.1   4.4   2.6 
1976   5.7   1.1   6.9  17.6  24.0  28.2  30.2  28.5  22.1  12.3   3.6  -0.7 
1977  -4.8   3.5  13.1  19.8  24.6  30.6  29.8  26.8  22.1  13.3  10.0   3.4 
1978   2.0   0.3   8.2  18.4  22.1  27.2  29.5  25.8  23.1  15.1   5.8   6.8 
1979   0.7   5.4  10.1  18.4  20.5  26.5  30.2  27.1  21.9  16.9   6.9   5.9 
1980  -0.1   0.6   8.5  19.8  23.9  28.1  30.4  26.6  21.5  13.5  11.7   4.7 
1981   5.2   5.5  12.4  16.8  22.3  26.9  29.6  27.1  21.7  12.5   7.6   5.1 
1982   0.4   3.1   8.4  19.4  23.1  26.4  28.2  27.0  19.9  13.8   4.4   1.6 
1983   4.5   6.4   8.4  18.5  23.7  28.4  30.8  27.8  21.0  13.5  10.5   3.4 
1984   0.8  -3.4   8.8  17.3  22.6  27.4  30.4  29.0  20.1  14.0   8.9  -5.6 
1985   0.8   7.3   7.2  18.9  22.5  28.9  29.2  25.5  20.8  13.0   6.4   3.5 
1986   4.3   5.8   5.4  16.8  24.0  27.1  28.9  25.9  22.1  14.8   7.3   4.1 
1987   5.3   5.7  10.7  15.1  23.5  26.9  28.4  27.9  20.4  10.3   7.1   5.6 
1988   2.6   2.9  10.3  18.7  21.7  28.7  29.9  25.8  20.7  13.5  11.0   7.0 
1989  -0.2   1.9  10.6  15.6  20.8  27.2  29.5  26.8  19.8  15.7   7.3   6.4 
1990  -0.1   5.4  10.7  16.3  24.2  24.8  28.4  27.4  22.2  13.6  10.1   1.3 
1991   0.4   3.9   8.6  18.6  21.7  27.3  28.8  25.8  21.0  15.1   7.3 -99.0 
1992   2.8 -99.0   8.1  16.7  19.9  27.3  28.4  25.6  19.8  12.6   9.7   5.4 
1993   1.9   4.5   8.9  17.1  21.7  27.8  29.1  25.7  20.9  12.1   4.4   1.5 
1994   2.4   1.4 -99.0  15.5  23.2  28.3  28.5  27.8  18.6  14.6  11.5   2.8 
1995   3.6   5.2   9.7 -99.0 -99.0  27.7  30.0  27.4  20.8  13.5  11.0   2.5 
1996   0.1   1.9 -99.0  16.1  23.0  27.7  29.3  26.2  21.8  13.8   5.8   5.5 
1997   4.4   3.4   9.6  18.3  22.6  29.1  29.7  26.9  22.1  17.8   6.6   3.4 
1998   1.6   2.8   8.6  19.1  22.4  26.6  29.7  27.9  21.7  13.4 -99.0 -99.0 
1999 -99.0  10.2 -99.0 -99.0  22.4 -99.0 -99.0  28.2 -99.0 -99.0   6.8   4.9 
2000   3.3   4.6   9.6  20.9  23.8  26.5  28.4  27.4  21.2  12.6   5.5   4.9 
2001   0.0   5.3  12.3  19.4  25.9  28.4  27.5  25.9  19.0  13.5  10.4   4.3 
2002   5.3   7.3  12.9  17.1  21.9  27.0 -99.0 -99.0  21.5  17.0   9.5   0.2 
2003   4.1   4.1   8.9  15.7  20.9  25.5  28.7  26.8  21.0  16.0   8.8   3.6 
2004   5.9   9.0  11.9  15.8  24.2  27.0  28.2  26.3  21.3  13.1  11.2   3.5 
2005   2.5   1.9  13.5  18.3  23.0  28.4  29.2  26.1  22.6  14.8   8.3   5.7 
2006  -2.1 -99.0  11.9  19.1  24.8  28.7  29.0  28.1  21.0  18.3   9.4   0.9 
2007 -99.0   7.2   9.4  20.0  23.8  28.5  29.0  27.1  21.6  12.5   9.4   2.5 
2008  -9.2   0.9  16.1  19.2  25.2  29.0  29.7  28.1  20.7  14.3   8.3   3.8 
2009   3.1   7.5  13.0  14.4  23.5  26.8  28.6  26.8  21.4  14.7   8.5   5.6 
2010   5.2   4.4  12.6  19.2  23.9  29.2  29.6  27.9  21.3  17.5   9.4   4.4 
2011   1.6   3.5   9.9  19.5  25.2 -99.0 -99.0 -99.0 -99.0 -99.0 -99.0 -99.0 
