Number= 387630
Name= KIZYL-ARVAT
Lat=   39.0
Long=  -56.2
Height= 0
Start year= 1885
End year= 2010
First Good year= 1885
Source ID= 10
Source file= Jones
Jones data to= 1989
Normals source= Data
Normals source start year= 1961
Normals source end year= 1989
Normals=   1.3   2.9   9.4  17.0  23.6  28.8  31.6  29.8  24.2  15.8   9.3   3.8 
Standard deviations source= Data
Standard deviations source start year= 1941
Standard deviations source end year= 1989
Standard deviations=   3.4   4.1   2.4   1.6   1.5   1.2   1.1   1.0   0.9   1.6   2.3   3.0 
Obs:
1885 -99.0 -99.0   9.6  15.9 -99.0 -99.0 -99.0 -99.0 -99.0 -99.0 -99.0 -99.0 
1886 -99.0 -99.0 -99.0 -99.0 -99.0 -99.0 -99.0 -99.0 -99.0 -99.0 -99.0 -99.0 
1887 -99.0 -99.0 -99.0 -99.0 -99.0 -99.0 -99.0 -99.0 -99.0 -99.0 -99.0 -99.0 
1888 -99.0 -99.0 -99.0 -99.0 -99.0 -99.0 -99.0 -99.0 -99.0 -99.0 -99.0 -99.0 
1889 -99.0 -99.0 -99.0 -99.0 -99.0 -99.0 -99.0 -99.0 -99.0 -99.0 -99.0 -99.0 
1890 -99.0 -99.0 -99.0 -99.0 -99.0 -99.0 -99.0 -99.0 -99.0 -99.0 -99.0 -99.0 
1891 -99.0 -99.0 -99.0 -99.0 -99.0 -99.0 -99.0  29.3  24.5  15.8 -99.0 -99.0 
1892   1.9   5.7   7.2  14.7  23.0  28.8  31.2  29.4  23.4  17.0   7.0   5.1 
1893 -99.0 -99.0 -99.0 -99.0 -99.0 -99.0 -99.0 -99.0 -99.0 -99.0 -99.0 -99.0 
1894 -99.0 -99.0 -99.0 -99.0 -99.0 -99.0 -99.0 -99.0 -99.0 -99.0 -99.0 -99.0 
1895 -99.0 -99.0 -99.0 -99.0 -99.0  28.1  29.6  27.1  21.3  16.6   8.2   6.7 
1896   5.2   3.8   9.5  14.2  22.5  27.4  30.3  29.7  24.0  14.5   7.0   3.8 
1897  -2.0   3.4   7.1  15.6  23.9  29.1 -99.0 -99.0 -99.0  16.5   8.9   2.6 
1898  -1.7   3.5   5.2  14.2  24.2  27.4  32.2  29.9  24.0  18.2   6.3   4.6 
1899   3.1   7.2  12.2  18.9  24.3  29.8  31.6  32.2  25.0  18.3   8.0  -1.9 
1900  -7.4  -1.2  11.6  16.5  24.0  28.0  29.6  28.2  23.7  18.5   7.8   5.7 
1901   1.6   6.0  12.0  18.0  24.2  28.3  31.3  29.6  23.1  10.8   9.9   7.6 
1902   4.4   3.0   9.6  15.5  23.8  31.0  30.6  30.5  23.1  15.0   8.3   6.6 
1903   1.4   6.9   4.8  16.8  24.4  29.9  31.7  29.8  23.7  18.4   7.7   1.6 
1904  -5.5   7.4  10.2  15.0  24.3  27.6  30.9  29.3  23.4  14.1  12.0   6.0 
1905   0.3   2.0   4.8  16.2  21.8  29.5  31.2  29.4  24.9  19.7  10.3   4.2 
1906 -99.0 -99.0 -99.0 -99.0 -99.0 -99.0 -99.0 -99.0 -99.0 -99.0 -99.0 -99.0 
1907   2.8   1.9   9.3  16.9  22.7  27.4  33.1  28.9 -99.0 -99.0 -99.0 -99.0 
1908 -99.0 -99.0 -99.0  15.8  21.9  29.3  31.1  29.9  24.3  13.0  10.3   4.2 
1909 -99.0 -99.0 -99.0 -99.0 -99.0 -99.0 -99.0 -99.0 -99.0 -99.0 -99.0 -99.0 
1910   4.0   5.1   8.6  17.0  25.0  27.3  31.7  29.0  23.6  16.3   9.3  -0.1 
1911  -2.9   3.7   5.7  15.6  23.0  28.4  31.2  29.3  22.7  12.7   7.5   0.8 
1912   2.1   6.8  10.1  15.4  22.3  29.9  31.2  28.2  22.7  17.4   8.5   1.8 
1913   1.9   1.2   8.2  14.2  24.7  27.5  33.5  28.8  24.7  15.1   9.6   6.5 
1914   6.3   6.3  13.4  17.4  23.0  29.3  31.9 -99.0  23.5  17.1   7.0   1.7 
1915   5.3   4.7  13.5  15.2  24.2  28.3  30.0  30.8  26.7  16.1  11.4   7.2 
1916   3.7   2.0   8.4  16.0  23.3  24.9  30.7 -99.0 -99.0 -99.0 -99.0 -99.0 
1917 -99.0 -99.0 -99.0 -99.0 -99.0 -99.0 -99.0 -99.0 -99.0 -99.0 -99.0 -99.0 
1918 -99.0 -99.0 -99.0 -99.0 -99.0 -99.0 -99.0 -99.0 -99.0 -99.0 -99.0 -99.0 
1919 -99.0 -99.0 -99.0 -99.0 -99.0 -99.0 -99.0 -99.0 -99.0 -99.0 -99.0 -99.0 
1920 -99.0 -99.0 -99.0 -99.0 -99.0 -99.0 -99.0 -99.0 -99.0 -99.0 -99.0 -99.0 
1921 -99.0 -99.0 -99.0 -99.0 -99.0 -99.0 -99.0 -99.0 -99.0 -99.0 -99.0 -99.0 
1922 -99.0 -99.0 -99.0 -99.0 -99.0 -99.0 -99.0 -99.0 -99.0 -99.0 -99.0 -99.0 
1923 -99.0 -99.0 -99.0 -99.0 -99.0 -99.0 -99.0 -99.0 -99.0 -99.0 -99.0 -99.0 
1924 -99.0 -99.0 -99.0 -99.0 -99.0 -99.0 -99.0 -99.0 -99.0 -99.0 -99.0 -99.0 
1925 -99.0   1.5  13.4  15.8  23.8  28.6  30.6  29.8  24.5  16.2 -99.0 -99.0 
1926 -99.0 -99.0 -99.0 -99.0 -99.0 -99.0 -99.0 -99.0 -99.0 -99.0 -99.0 -99.0 
1927 -99.0 -99.0 -99.0 -99.0 -99.0  29.1  30.5  29.7  23.9  19.5  10.0   2.5 
1928 -99.0   1.9   5.0  17.2  22.7  28.0  28.2  25.8  22.8  15.0   9.0   2.1 
1929  -3.8  -0.8   8.2  17.8  24.4  26.6  30.2  27.6 -99.0 -99.0 -99.0 -99.0 
1930 -99.0  -0.2  10.6  15.8  23.6  28.1  31.9  29.2  22.4  14.7  10.8   0.4 
1931  -2.8  -6.4  10.3  16.1  20.6  27.3  32.1  28.8  25.7  15.5   5.4   1.3 
1932   2.1   6.4   9.7  18.7  23.7  28.2  29.9  27.9  23.2  15.1   6.4  -0.6 
1933  -0.3   5.1   6.7  16.1  24.4  26.6  31.4  30.2  23.4  16.2   9.9   2.1 
1934  -3.2   6.4  10.1  14.3  19.5  27.8  30.6  29.7  21.9  15.8   6.3   3.1 
1935  -4.4   6.5   8.8  18.6  22.6  25.1  30.8  32.2  24.8  18.8   6.2   2.4 
1936   1.4   3.5   7.2  16.7  22.6  28.2  31.0  29.2  24.2  18.5  10.6   2.7 
1937   0.5   3.1   6.7  15.4  22.4  27.5  32.9  32.3  24.9  17.6   7.7   3.6 
1938   4.8   6.8   8.8  19.4  23.6  27.1  29.9  29.3  24.2  16.8   9.4   0.3 
1939   2.8   5.9   9.8  15.3  24.4  31.1  30.7  29.4  23.6  15.9  10.2   6.0 
1940   1.9   3.9   7.4  18.9  21.6  29.1  31.8  29.1  25.0  17.1  11.0   7.6 
1941   2.2   8.5  10.8  17.3  25.5  29.7  31.3  29.7  24.9  17.0   8.6   4.3 
1942   3.9   1.4   8.8  14.9  24.4  29.8  31.6  28.9  23.3  17.7  10.2   3.3 
1943   0.3   0.6   5.5  15.9  23.7  27.1  31.9  29.9  22.7  16.0   7.3   4.6 
1944   4.4   8.4  15.8  16.5  23.8  29.4  32.2  29.4  23.5  15.6   8.1  -4.8 
1945  -0.1   0.6   8.3  16.8  21.9  26.9  30.7  31.2  24.8  18.5   6.9   3.7 
1946   2.2   8.4  11.1  16.3  26.4  28.5  29.8  28.8  25.7  16.3   6.5  -3.3 
1947   4.0   4.5  13.5  17.8  22.4  26.9 -99.0 -99.0  22.5  17.5  13.0   3.6 
1948   5.4   7.0   8.3  14.0  24.6  29.0 -99.0  28.4  24.0  16.2   9.1   0.2 
1949  -3.0   3.2   6.3  15.4  22.4  29.7  32.5  29.2  23.6  12.8   7.2   3.4 
1950  -3.4   0.1  10.3  17.5  25.4  27.2  30.0  28.5  23.2  18.0   5.6  -0.2 
1951   1.6  -3.5   8.9  19.6  25.2  27.6  31.5 -99.0  24.4  14.3   6.5   6.4 
1952   2.1   6.7   9.1  15.1  22.6  27.2  31.0  29.6  24.2  18.1   4.8  -0.6 
1953   5.3  10.0   8.2  16.2  24.0  29.4  31.2  31.0  23.5  14.3   5.2   2.5 
1954   2.3   0.2   4.2  14.9  24.1  27.2  31.9  29.8  23.8  18.5   7.9   3.7 
1955   4.2   9.8  10.1  16.3  23.2  28.7  31.8  30.3  25.2  16.5  10.5   5.7 
1956   0.2   2.4   7.1 -99.0  21.7  27.6  31.1  31.0  23.8  16.3  11.4   1.8 
1957  -2.0   5.3   9.8  16.2  24.6  26.9  29.0  28.8  25.2  15.6   7.4   4.7 
1958   6.0   8.8  13.0  16.1  23.9  29.0  31.0  28.7  23.5  16.0   4.2   4.5 
1959   1.3   3.0   7.1  18.8  23.6  27.4  30.0  30.8  25.4  15.4   4.2  -2.8 
1960   5.4   7.9   4.3  15.8  21.9  29.0  30.7  30.7  24.2  18.1   7.9   2.5 
1961   2.7   4.4  10.6  17.3  27.5  29.9  32.0  30.3  23.7  14.7  10.7   6.9 
1962   2.6   6.7  13.2  16.4  23.9  27.9  33.0  29.0  22.3  14.9   5.2   4.2 
1963   6.0   7.9  10.1  18.2  22.6  28.5  31.5  29.4  24.0  17.4   8.8   0.7 
1964   0.6   4.5  10.5  13.9  23.6  28.9  31.0  30.3  24.6  13.9  10.1  -1.8 
1965  -0.1   4.3   8.4  14.7  23.5  28.2  31.3  29.8  23.2  15.2  10.4   6.2 
1966   6.9   7.4   9.9  17.0  22.7  29.7  31.3  30.9  23.5  15.3   8.2   3.4 
1967   2.3   2.8   8.8  15.9  23.9  27.2  30.3  30.0  23.7  16.5  11.2   5.8 
1968   5.2   3.6  10.0  14.5  24.2  26.8  30.4  29.2  24.5  16.2   8.9   3.1 
1969  -7.7  -9.3   6.6  13.8  21.2  28.6  28.8  28.5  23.2  15.1   7.4   6.8 
1970   0.7   7.0  10.8  18.3  25.7  28.0  30.4  31.2  23.8  16.2  10.4   1.0 
1971   1.2   4.7  11.9  15.3  25.0  28.1  31.6  29.3  24.6  16.9  11.7   7.2 
1972  -5.3  -5.5   6.5  18.9  20.6  28.8  31.0  27.5  25.2  18.7  11.2  -0.2 
1973  -1.4   5.7   9.8  17.3  23.0  28.8  31.5  31.6  23.0  17.5   9.7   3.6 
1974  -2.1  -0.2   9.0  14.4  25.0  29.0  29.7  28.1  23.4  16.1  11.7   1.1 
1975   3.3   3.5   9.6  18.2  25.2  30.7  33.4  30.4  25.1  15.5   6.6   2.5 
1976   5.4  -2.4   5.4  17.2  23.5  28.8  31.3  30.8  25.0  13.5   5.0   0.1 
1977  -8.4   2.8  12.9  19.4  23.6  31.0  31.4  29.7  25.5  14.2  10.1   3.8 
1978   2.3   0.8   9.5  17.0  20.4  26.2  31.6  28.7  26.8  16.7   7.0   6.6 
1979   0.6   4.9  10.2  17.9  21.8  27.7  33.0  29.8  25.7  18.8   8.6   4.7 
1980  -1.0  -0.8   8.2  18.9  24.0  29.0  33.0  29.0  23.7  15.2  12.4   6.2 
1981   4.8   5.4  11.5  14.8  21.8  28.0  31.2  29.9  24.6  15.9  10.8   5.2 
1982   0.8   2.2   8.4  20.5  24.3  28.3  32.1  28.3  22.6  14.7   5.2   2.4 
1983   3.7   6.9   9.4  17.9  25.4  29.3  33.8  30.6  24.5  15.8  11.1   4.4 
1984   1.4  -6.1   8.3  17.5  22.0  28.6  33.8  31.2  23.8  16.2   9.6  -3.6 
1985  -0.3   6.7   6.8  18.7  25.0  30.8  31.1  28.9  24.8  14.5   9.3   5.0 
1986   4.2   4.9   6.1  17.7  24.2  28.4  32.1  30.0  25.2  16.4   7.4   5.1 
1987   6.0   6.1   9.2  14.8  26.3  30.7  31.1  31.6  23.4  11.6   8.3   5.3 
1988   1.7   2.1  10.3  17.8  22.7  30.0  31.2  28.9  23.9  16.1  11.5   7.5 
1989   1.4   3.1  11.6  18.0  22.9  30.2  33.2  31.4  23.8  19.0  10.0   6.4 
1990 -99.0 -99.0 -99.0 -99.0 -99.0 -99.0 -99.0 -99.0 -99.0 -99.0 -99.0 -99.0 
1991 -99.0 -99.0 -99.0 -99.0 -99.0 -99.0 -99.0 -99.0 -99.0 -99.0 -99.0 -99.0 
1992 -99.0 -99.0 -99.0 -99.0 -99.0 -99.0 -99.0 -99.0 -99.0 -99.0 -99.0 -99.0 
1993 -99.0 -99.0 -99.0 -99.0 -99.0 -99.0 -99.0 -99.0 -99.0 -99.0 -99.0 -99.0 
1994 -99.0 -99.0 -99.0 -99.0 -99.0 -99.0 -99.0 -99.0 -99.0 -99.0 -99.0 -99.0 
1995 -99.0 -99.0 -99.0 -99.0 -99.0 -99.0 -99.0 -99.0 -99.0 -99.0 -99.0 -99.0 
1996 -99.0 -99.0 -99.0 -99.0 -99.0 -99.0 -99.0 -99.0 -99.0 -99.0 -99.0 -99.0 
1997 -99.0 -99.0 -99.0 -99.0 -99.0 -99.0 -99.0 -99.0 -99.0 -99.0 -99.0 -99.0 
1998 -99.0 -99.0 -99.0 -99.0 -99.0 -99.0 -99.0 -99.0 -99.0 -99.0 -99.0 -99.0 
1999 -99.0 -99.0 -99.0 -99.0 -99.0 -99.0 -99.0 -99.0 -99.0 -99.0 -99.0 -99.0 
2000 -99.0 -99.0 -99.0 -99.0 -99.0 -99.0 -99.0 -99.0 -99.0 -99.0 -99.0 -99.0 
2001 -99.0 -99.0 -99.0 -99.0 -99.0 -99.0 -99.0 -99.0 -99.0 -99.0 -99.0 -99.0 
2002 -99.0 -99.0 -99.0 -99.0 -99.0 -99.0 -99.0 -99.0 -99.0 -99.0 -99.0 -99.0 
2003 -99.0 -99.0 -99.0 -99.0 -99.0 -99.0 -99.0 -99.0 -99.0 -99.0 -99.0 -99.0 
2004 -99.0 -99.0 -99.0 -99.0 -99.0 -99.0 -99.0 -99.0 -99.0 -99.0 -99.0 -99.0 
2005 -99.0 -99.0 -99.0 -99.0 -99.0 -99.0 -99.0 -99.0 -99.0 -99.0 -99.0 -99.0 
2006 -99.0 -99.0 -99.0 -99.0 -99.0 -99.0 -99.0 -99.0 -99.0 -99.0 -99.0 -99.0 
2007 -99.0 -99.0 -99.0 -99.0 -99.0 -99.0 -99.0 -99.0 -99.0 -99.0 -99.0 -99.0 
2008 -99.0 -99.0 -99.0 -99.0 -99.0 -99.0 -99.0 -99.0 -99.0 -99.0 -99.0 -99.0 
2009 -99.0 -99.0 -99.0 -99.0 -99.0 -99.0 -99.0 -99.0 -99.0 -99.0 -99.0 -99.0 
2010 -99.0 -99.0 -99.0 -99.0 -99.0  32.2  33.1  31.8  24.6  19.7  11.5   6.8 
