Number= 662850
Name= LUSO
Country= ANGOLA
Lat=  -11.7
Long=  -19.9
Height= -999
Start year= 1941
End year= 1975
First Good year= 1941
Source ID= 10
Source file= Jones
Jones data to= 1975
Normals source= Extrapolated
Normals source start year= 1951
Normals source end year= 1970
Normals=  20.6  20.8  20.7  20.6  19.5  17.6  17.7  20.3  22.5  22.1  20.8  20.6 
Standard deviations source= Data
Standard deviations source start year= 1941
Standard deviations source end year= 1975
Standard deviations=   0.7   0.8   0.6   0.5   0.9   1.0   0.6   0.8   0.5   0.8   0.7   0.7 
Obs:
1941  21.6  21.3  21.8  21.8  19.7  17.7  18.2  20.3  22.8  23.0  22.3 -99.0 
1942  21.2  22.4  21.3  21.0  19.0  18.3  17.3  20.0  22.4  21.5  21.1  20.3 
1943  21.0  19.9  21.3  20.6 -99.0  16.1  17.3  19.9  23.2  25.1  21.8  21.4 
1944  21.3  22.2  20.7  22.0  20.1  18.8  19.2  21.0  23.6  22.7  22.2  21.7 
1945  21.9  21.2  21.2  21.6  19.5  17.5  18.4 -99.0  23.0  22.6  21.7  20.7 
1946  21.2  21.3  21.7  21.9  21.9  21.1  17.7  19.9  23.5  21.9  21.0  20.2 
1947  21.1  21.6  21.4  21.0  20.1  18.3  17.4  19.7  22.6  22.9  23.2  22.2 
1948  21.9  21.2  21.4  21.5  19.8  17.4  17.6  20.0  22.2  22.6  20.9  21.8 
1949  20.9  19.9  20.9  20.3  18.6  15.9  16.4  18.9  21.3  21.9  20.8  20.2 
1950  20.4  20.5  20.2  20.0  16.9  15.2  16.5  18.1  21.2  21.2  20.1  20.1 
1951  21.0  20.6  21.7  20.8  19.9  16.7  16.7  19.4  22.3  22.9  21.7  21.2 
1952  22.7  22.1  21.9  21.3  18.4  17.5  17.9  20.8  23.1  22.7  21.5  22.5 
1953  21.2  22.2  21.6  21.0  19.6  16.0  17.0  20.0  21.9  22.4  21.8  21.8 
1954  21.5  22.2  21.5  21.0  20.1  16.0  17.1  20.6  23.1  23.8  21.6  21.7 
1955  21.2  22.0  20.8  20.3  18.8  17.2  17.3  19.3  22.0  22.2  21.3  20.9 
1956  20.7  21.5  20.7  20.5  18.3  16.8  17.2  20.0  22.0  22.9  21.0  21.1 
1957  20.9  21.7  21.0  20.9  19.0  17.4  18.2  20.5  22.7  22.0  22.2  21.4 
1958  21.9  22.3  22.0  21.8  19.5  17.5  17.6  19.7  23.0  22.2  21.6  21.6 
1959  21.6  21.6  21.6  21.3  20.3  18.0  18.4  20.0  22.6  23.1  21.6  21.6 
1960  21.4  21.0  20.6  20.8  18.9  17.8  16.8  20.5  22.8  22.3  21.2  21.4 
1961  20.5  19.8  20.6  20.7  20.4  18.0  18.1  19.4  22.2  22.1  20.5  20.4 
1962  20.5  20.7  20.2  20.7  17.9  17.5  17.9  19.7  22.4  22.5  20.8  20.1 
1963  20.0  20.4  20.1  20.3  18.5  17.1  17.9  20.0  22.4  21.9  20.0  21.1 
1964  20.7  20.8  20.7  20.5 -99.0 -99.0 -99.0  20.0  22.2  21.2  20.6  20.0 
1965  19.4  19.8  20.6  20.6  18.6  18.4  18.0  20.4  21.8  22.4  20.8  20.7 
1966  20.6  20.6  20.5  20.6  20.1  18.3  18.1  20.5  22.3  22.4  21.4  20.8 
1967  20.6  20.5  20.5  20.7  19.4  18.4  17.3  20.2  22.4  21.2  20.1  20.4 
1968  20.2  20.3  20.0  20.3  19.7  16.2  17.9  20.6  22.4  22.7  20.4  20.3 
1969  20.2  20.3  20.8  21.2  19.7  17.6  18.0  21.2  22.3  21.1  20.7  20.3 
1970  20.6  20.8  21.1  21.1  19.7  18.0  18.9  20.6  22.4  22.2  20.8  20.4 
1971  20.6  20.0  20.6  20.3  19.5  17.8  18.3  20.5  22.2  22.3  20.8  19.8 
1972  19.8  20.8  20.1  20.7  20.0  17.4  18.2  20.2  22.4  21.8  20.9  20.8 
1973  21.5  21.4  21.2  21.2  20.2  17.2  18.2  23.1  22.8  22.1  21.0  20.0 
1974  20.2  20.2  20.1  20.0  18.6  17.0  17.4  20.6  22.2  21.4  20.4  20.3 
1975  20.0  20.3  20.3  20.4  20.1  17.6 -99.0 -99.0 -99.0 -99.0 -99.0 -99.0 
