Number= 683120
Name= KEETMANSHOOP
Country= S.AFR
Lat=  -26.5
Long=  -18.1
Height= -999
Start year= 1931
End year= 2010
First Good year= 1931
Source ID= 10
Source file= Jones+Anders
Jones data to= 1989
Normals source= Data
Normals source start year= 1961
Normals source end year= 1989
Normals=  26.5  26.1  24.4  20.7  16.8  13.7  13.5  15.3  19.0  21.6  24.4  26.0 
Standard deviations source= Data
Standard deviations source start year= 1941
Standard deviations source end year= 1989
Standard deviations=   0.8   1.3   1.0   1.2   1.3   1.2   1.1   1.5   1.4   1.3   1.3   1.0 
Obs:
1931  27.7  28.1  25.3  19.0  19.6  15.8  11.7  15.0  18.3  19.6  25.7  25.5 
1932  26.1  25.7  25.3  24.5  17.3  13.5  11.7  16.4  16.3  21.7  24.4  26.5 
1933  27.8  27.8  26.0  22.4  18.3  13.3  13.1  15.7  19.2  22.9  23.3  26.5 
1934  25.5  24.3  22.9  22.0  18.1  16.0  12.3  15.7  19.3  19.1  22.9  25.4 
1935  26.4  25.7  22.9  19.9  15.3  12.4  13.5  13.9  16.9  23.5  22.9  25.5 
1936  24.9  24.7  23.5  22.7  15.0  15.9  14.3  17.4  18.6  20.3  23.3  25.3 
1937  25.9  25.5  23.9  21.6  17.7  12.8  11.8  17.1  17.4  22.4  25.1  25.9 
1938  26.5  26.3  25.3  19.6  17.0  14.7  13.5  14.7  16.7  20.9  21.7  25.4 
1939  26.3  24.3  23.7  20.0  16.6  14.7  14.0  13.7 -99.0 -99.0 -99.0 -99.0 
1940 -99.0 -99.0 -99.0  20.0  16.7  14.4  13.9  17.5  17.3  23.6  22.6  26.7 
1941  27.4  27.4  26.4  21.9  19.4  15.2  15.5  17.0  16.7  23.3  23.3  25.7 
1942  26.9  27.9  24.8  21.0  16.5  13.3  14.8  15.2  18.8  20.5  24.7  25.1 
1943  26.1  25.9  25.3  20.6  17.0  14.2  12.4  12.7  18.2  22.1  22.9  25.2 
1944  27.2  26.4  25.6  22.3  15.3  12.0  14.2  16.6  17.1  23.9  25.0  26.4 
1945  27.9  29.5  25.0  23.5  16.6  13.2  14.2  18.7  22.4  20.3  25.9  25.9 
1946  26.8  27.4  24.7  22.7  17.6  15.4  14.6  16.0  19.1  20.9  24.9  27.3 
1947  27.2  29.0  25.0  22.0  18.1  14.2  11.3  16.9  18.3  23.1  25.0  26.1 
1948  26.3  26.9  23.3  20.8  18.1  15.5  14.3  18.3  18.0  21.2  23.6  25.4 
1949  28.0  26.1  24.3  21.2  17.5  15.3  14.2  14.9  19.6  22.5  22.3  26.0 
1950  28.0  26.5  24.7  18.9  15.5  15.7  11.5  14.9  18.6  21.2  22.7  25.2 
1951  25.4  26.6  23.9  21.5  17.2  13.6  13.0  15.3  18.6  20.6  24.5  27.1 
1952  27.3  26.0  25.1  22.7  16.3  14.9  12.3  14.2  17.2  22.6  24.9  25.2 
1953  27.8  24.9  24.7  19.6  17.9  12.7  13.0  13.4  20.2  22.8  23.4  25.4 
1954  26.4  25.7  22.5  19.7  15.7  13.6  11.5  15.1  19.2  21.6  22.8  25.8 
1955  26.1  23.8  24.0  20.1  19.2  12.7  12.6  13.0  18.4  19.5  22.8  24.1 
1956  27.1  23.3  22.2  20.7  14.9  13.4  13.7  14.4  17.5  21.5  25.0  23.5 
1957  26.7  25.4  25.5  20.8  17.8  11.9  13.5  15.0  17.3  19.2  25.2  26.9 
1958  26.6  25.6  24.9  21.5  16.6  13.9  15.2  16.1  19.2  21.0  24.2  26.5 
1959  25.6  27.1  24.9  20.8  13.5  14.7  13.8  15.0  20.3  20.7  24.8  26.1 
1960  26.8  26.2  24.0  20.2  16.4  13.9  13.3  16.9  20.5  22.7  25.9  24.9 
1961  26.0  26.9  24.7  21.6  15.2  13.6  15.3 -99.0  20.4  20.9  24.7  25.3 
1962  26.9  24.7  25.4 -99.0  18.9  14.0  13.0  16.1  19.1  21.6  22.7  27.8 
1963  24.7  27.1  24.6  19.9  15.4  13.2  12.1  15.9  22.5  22.5  24.8  27.0 
1964  27.3  26.5  25.0  20.6  18.2  11.6  13.2  13.9  17.5  20.2  22.5  26.4 
1965  26.5  26.3  24.2  19.8  18.1  12.3  13.9  17.2  20.6  19.2  23.9  25.0 
1966  27.6  24.9  24.9  19.9  17.3  15.7  13.3  15.8  18.3  23.3  25.0  26.8 
1967  26.0  26.2  23.1  18.2  16.5  13.3  12.7  16.5  20.1  21.3  25.7  26.7 
1968  26.4  25.6  23.9  20.0  16.0  10.8  12.7  14.2  20.3  21.3  26.3  26.0 
1969  27.7  27.1  25.1  20.8  17.6  14.2  14.4  16.8  17.9  20.5  25.1  27.3 
1970  27.9  27.0  26.5  23.0  17.9  13.4  12.9  14.3  17.7  23.1  23.9  24.9 
1971  26.4  26.1  25.3  21.9  17.6  14.4  13.6  13.9  19.4  21.1  23.5  25.2 
1972  25.9  25.7  24.3  21.7  16.2  14.8  14.2  15.7  19.1  24.1  26.6  27.3 
1973  27.2  25.7  25.1  22.2  16.2  15.9  14.5  15.5  18.0  22.7  25.1  23.8 
1974  24.9  23.9  22.4  19.8  15.0  12.9  13.2  12.1  17.3  20.6  23.1  26.1 
1975  27.2  26.8  22.8  19.8  15.6  14.8  13.0  14.5  19.2  20.4  24.0  24.9 
1976  24.6  24.1  22.0  19.1  15.7  11.9  11.5  14.0  17.9  20.2  21.2  25.3 
1977  27.0  25.6  23.3  20.9  15.2  13.4  12.6  14.9  17.4  21.5  24.9  26.2 
1978  26.5  25.1  24.0  19.1  17.4  13.4  14.3  13.8  16.2  19.2  25.9  25.5 
1979  26.4  25.6  24.5  23.0  16.7  13.5  12.1  15.1  18.1  21.7  25.7  28.0 
1980  26.7  26.9  25.6  21.8  17.3  14.7  15.4  17.1  19.1  23.5  20.7  26.6 
1981  25.7  27.3  24.4  22.7  18.3  13.3  13.7  12.9  17.3  21.3  25.1  26.7 
1982  26.1  27.2  24.9  18.8  18.1  14.3  12.9  16.6  21.3  22.3 -99.0  25.6 
1983 -99.0 -99.0 -99.0 -99.0  15.8 -99.0 -99.0 -99.0  19.6  22.4  23.6 -99.0 
1984 -99.0  28.3  25.8  21.0 -99.0  14.2  14.1  16.9  19.8 -99.0  24.8  25.8 
1985  26.7  25.7  23.9  20.8  18.0  14.6  14.6  17.4  18.7  23.5 -99.0 -99.0 
1986 -99.0 -99.0 -99.0 -99.0 -99.0 -99.0 -99.0 -99.0 -99.0 -99.0 -99.0 -99.0 
1987 -99.0 -99.0  25.7 -99.0 -99.0 -99.0 -99.0 -99.0 -99.0 -99.0 -99.0  25.7 
1988 -99.0 -99.0 -99.0 -99.0 -99.0 -99.0 -99.0 -99.0 -99.0 -99.0 -99.0 -99.0 
1989  26.8  26.2  24.0  20.2  16.4  13.9  13.3  16.9  20.5  22.7  25.9  24.9 
1990 -99.0 -99.0 -99.0 -99.0 -99.0 -99.0 -99.0 -99.0 -99.0 -99.0 -99.0 -99.0 
1991 -99.0 -99.0 -99.0 -99.0 -99.0 -99.0 -99.0 -99.0 -99.0 -99.0 -99.0 -99.0 
1992 -99.0 -99.0 -99.0 -99.0 -99.0 -99.0 -99.0 -99.0 -99.0 -99.0 -99.0 -99.0 
1993 -99.0 -99.0 -99.0 -99.0 -99.0 -99.0 -99.0 -99.0 -99.0 -99.0 -99.0 -99.0 
1994 -99.0 -99.0 -99.0 -99.0 -99.0 -99.0 -99.0 -99.0 -99.0 -99.0 -99.0 -99.0 
1995 -99.0 -99.0 -99.0 -99.0 -99.0 -99.0 -99.0 -99.0 -99.0 -99.0 -99.0 -99.0 
1996 -99.0 -99.0 -99.0 -99.0 -99.0 -99.0 -99.0 -99.0 -99.0 -99.0 -99.0 -99.0 
1997 -99.0 -99.0 -99.0 -99.0 -99.0 -99.0 -99.0 -99.0 -99.0 -99.0 -99.0 -99.0 
1998 -99.0 -99.0 -99.0 -99.0 -99.0 -99.0 -99.0 -99.0 -99.0 -99.0 -99.0 -99.0 
1999 -99.0 -99.0 -99.0 -99.0 -99.0 -99.0 -99.0 -99.0 -99.0 -99.0 -99.0 -99.0 
2000 -99.0 -99.0 -99.0 -99.0 -99.0 -99.0 -99.0 -99.0 -99.0 -99.0 -99.0 -99.0 
2001 -99.0 -99.0 -99.0 -99.0 -99.0 -99.0 -99.0 -99.0 -99.0 -99.0 -99.0 -99.0 
2002 -99.0 -99.0 -99.0 -99.0 -99.0 -99.0 -99.0 -99.0 -99.0 -99.0 -99.0 -99.0 
2003 -99.0 -99.0 -99.0 -99.0 -99.0 -99.0 -99.0 -99.0 -99.0 -99.0 -99.0 -99.0 
2004 -99.0 -99.0 -99.0 -99.0 -99.0 -99.0 -99.0 -99.0 -99.0  23.7  26.9  26.5 
2005  26.7  27.9 -99.0 -99.0 -99.0 -99.0 -99.0  14.7  21.0  22.9  24.0  27.4 
2006  26.9  26.2  24.4  22.0  16.6  14.7  15.0 -99.0  22.5  23.2 -99.0 -99.0 
2007 -99.0 -99.0 -99.0  23.8  18.1 -99.0  13.9  14.7  20.6  22.7  23.7 -99.0 
2008  28.0 -99.0 -99.0  21.0  17.8  15.1  14.9  16.8  18.1  22.5 -99.0  27.2 
2009  26.6  26.6  24.7  24.2  18.2  14.1  14.8  17.9 -99.0  25.1  26.4  28.3 
2010  26.1  28.6  28.6 -99.0  19.4  15.6  16.9 -99.0 -99.0 -99.0 -99.0 -99.0 
