Number= 683500
Name= POTCHEFSTROOM-------
Country= SOUTH-AFRICA
Lat=  -26.7
Long=  -27.1
Height= 1300
Start year= 1940
End year= 2007
First Good year= 1940
Source ID= 30
Source file= Jones+Anders
Jones data to= 1991
Normals source= Data
Normals source start year= 1961
Normals source end year= 1990
Normals=  22.3  21.5  20.1  16.5  12.9   9.7   9.9  12.8  17.0  19.3  20.8  21.9 
Standard deviations source= Data
Standard deviations source start year= 1941
Standard deviations source end year= 1990
Standard deviations=   1.2   1.1   1.1   1.2   1.0   1.1   0.9   1.3   1.1   1.1   1.0   1.0 
Obs:
1940  22.1  21.8  19.6  16.4  12.3  10.2   9.3  13.8  17.1  19.0  21.4  23.2 
1941  21.4 -99.0  20.7  18.3  14.6  10.1  10.2  14.1  15.9  21.0  22.8  23.2 
1942 -99.0 -99.0 -99.0 -99.0 -99.0 -99.0 -99.0 -99.0 -99.0 -99.0 -99.0 -99.0 
1943  21.0  20.8  18.9  16.6  12.0   8.8   9.8  10.2  15.5  19.5  19.6  20.0 
1944 -99.0 -99.0 -99.0 -99.0 -99.0 -99.0 -99.0 -99.0 -99.0 -99.0 -99.0 -99.0 
1945 -99.0 -99.0 -99.0 -99.0 -99.0 -99.0 -99.0 -99.0 -99.0 -99.0 -99.0 -99.0 
1946 -99.0 -99.0 -99.0 -99.0 -99.0 -99.0 -99.0 -99.0 -99.0 -99.0 -99.0 -99.0 
1947 -99.0 -99.0 -99.0 -99.0  12.0 -99.0 -99.0 -99.0 -99.0 -99.0 -99.0 -99.0 
1948  21.5  20.8  19.7  15.3  13.6   9.7  10.9 -99.0  15.8 -99.0 -99.0  22.6 
1949  23.7  21.6  18.8  16.9  12.5  10.4   9.4  13.2  18.5  20.9  20.2  21.3 
1950  22.0 -99.0  20.9  16.7 -99.0  11.1 -99.0  13.4  18.0  18.2  20.8 -99.0 
1951 -99.0 -99.0 -99.0 -99.0 -99.0 -99.0 -99.0 -99.0 -99.0 -99.0 -99.0  23.3 
1952 -99.0 -99.0 -99.0 -99.0 -99.0 -99.0 -99.0 -99.0  14.9 -99.0 -99.0 -99.0 
1953  22.8  21.7  18.7  16.0  12.9   7.9   7.7  12.4  14.8  19.4  20.0  21.5 
1954  21.4  20.7  19.5  16.3  12.4   8.5   8.1 -99.0  17.3  20.8  20.5  21.7 
1955  21.2 -99.0  17.9  15.7  13.0   9.5 -99.0  10.9  15.5  17.2 -99.0  20.7 
1956  21.7  21.3  19.9  16.7  13.0  10.2  10.8  13.1 -99.0  20.3 -99.0 -99.0 
1957 -99.0 -99.0  20.2 -99.0 -99.0 -99.0 -99.0 -99.0 -99.0 -99.0 -99.0 -99.0 
1958  21.6  21.4  19.9  17.4  14.8   8.8  10.5  12.1  16.0  19.6  21.8  21.4 
1959  21.2  21.5 -99.0 -99.0 -99.0 -99.0 -99.0 -99.0 -99.0 -99.0 -99.0  20.6 
1960  21.0  20.6  19.4  15.4  11.0   8.6   8.3  13.9  16.9  19.9  19.5  20.7 
1961  20.3  21.4  20.1  16.6  12.9  10.5  10.3  10.4  18.2  19.0  20.4  20.6 
1962  22.2  21.6  19.5  15.3  12.0   9.5   9.6  12.6  18.2  20.6  20.2  22.1 
1963  20.9  21.4  19.2  15.3  11.1   9.2   8.7  11.4  18.3  19.6  20.6  22.2 
1964  22.5  23.2  22.2  16.7  12.8   7.8   7.8  12.4  17.1  18.6  20.6  20.6 
1965  22.0  22.4  20.8  15.9  13.0   7.9  10.0  14.2  17.3  17.6  20.6  22.5 
1966  23.7  20.1  19.8  15.4  12.4  11.3   9.7  12.8  15.8  19.6  21.5  21.8 
1967  21.0  20.0  18.8  15.2  12.6   9.0   7.7  11.9  16.9  19.0  20.6  21.5 
1968  22.9  21.5  18.2  14.4  11.7   6.3  11.0  13.4  16.6  19.7  19.1  22.0 
1969  23.9  22.5  19.4  17.0  12.2  10.5  10.9  12.4  16.0  17.7  21.4  22.0 
1970  23.1  21.6  20.9  17.5  13.2   9.9   9.9  12.9  17.4  19.3  21.5  21.0 
1971  21.5  20.5  20.6  16.8  11.9  10.3  10.1  11.6  17.7  18.2  19.5 -99.0 
1972  20.5  20.8  19.0  16.6  12.3   8.9  10.0  12.4  17.1  21.0  21.3  23.8 
1973  24.4  21.0  21.7  15.5  12.5  10.2   9.6  11.8  15.9  18.9  19.7  20.5 
1974  21.2  20.5  19.0  15.3  11.9   9.8   9.7  11.4  15.9  19.9  19.7  21.1 
1975  21.4  20.2  18.9  15.7  12.6   9.9   9.5  12.1  18.5  18.9  20.6  20.1 
1976  19.8  19.6  19.0  15.6  12.0   9.4   9.5  11.9  17.3  17.6  19.4  20.6 
1977  22.1  21.4  18.8  17.5  12.2  10.2   9.9  12.6  16.9  20.4  21.8  22.1 
1978  21.1  20.9  20.1  14.8  12.6   7.8  11.1  16.2  16.2  18.5  22.2  22.3 
1979  21.6  22.2  21.2  18.7  14.3  10.1   9.8  14.1  16.5  19.6  20.1  21.6 
1980  21.6  21.0  20.3  16.4  13.6   9.1   9.4  12.9  15.7  20.5  20.2  21.3 
1981  22.6  21.1  18.5  16.7  13.1   9.5  11.1  11.9  15.3  16.6  22.2  22.1 
1982  23.2  23.0  20.5  15.1  13.6  10.1  10.4  13.0  18.6  19.4  21.5  23.3 
1983  24.7  23.9  21.6  19.7  13.7  11.0  10.8  11.6  18.0  19.3  21.3  22.4 
1984  23.6  24.4  22.3  17.1  12.9   9.5  10.4  13.5  18.5  20.2  20.3  22.3 
1985  23.0  22.2  19.9  16.5  13.0  10.6   9.7  14.4  17.7  21.1  22.2  21.8 
1986  22.9  21.3  20.2  18.0  14.5  10.2  10.3  14.4  17.0  19.2  19.9  22.9 
1987  22.9  23.8  21.0  20.0  15.0   9.4   9.3  12.4  15.8  19.3  22.5  23.0 
1988  23.9  22.6  21.5  16.8  13.4  11.8  10.0  13.9  16.8  18.3  19.8  21.1 
1989  21.3  19.6  19.1  16.0  14.7  10.2   9.8  15.4  16.0  19.3  20.0  22.1 
1990  22.8  20.3  20.6  17.6  12.9  10.2  10.7  13.2  17.3  21.1  23.3  23.4 
1991  22.4  21.8  20.1  16.9  13.5  10.5  10.3  12.8  17.2  19.8  21.3  21.8 
1992 -99.0 -99.0 -99.0 -99.0 -99.0 -99.0 -99.0 -99.0 -99.0 -99.0 -99.0 -99.0 
1993 -99.0 -99.0 -99.0 -99.0 -99.0 -99.0 -99.0 -99.0 -99.0 -99.0 -99.0 -99.0 
1994 -99.0 -99.0 -99.0 -99.0 -99.0 -99.0 -99.0 -99.0 -99.0 -99.0 -99.0 -99.0 
1995 -99.0 -99.0 -99.0 -99.0 -99.0 -99.0 -99.0 -99.0 -99.0 -99.0 -99.0 -99.0 
1996 -99.0 -99.0 -99.0 -99.0 -99.0 -99.0 -99.0 -99.0 -99.0 -99.0 -99.0 -99.0 
1997 -99.0 -99.0 -99.0 -99.0 -99.0 -99.0 -99.0 -99.0 -99.0 -99.0 -99.0 -99.0 
1998 -99.0 -99.0 -99.0 -99.0 -99.0 -99.0 -99.0 -99.0 -99.0 -99.0 -99.0 -99.0 
1999 -99.0 -99.0 -99.0 -99.0 -99.0 -99.0 -99.0 -99.0 -99.0 -99.0 -99.0 -99.0 
2000 -99.0 -99.0 -99.0 -99.0 -99.0 -99.0 -99.0 -99.0 -99.0 -99.0 -99.0 -99.0 
2001 -99.0 -99.0 -99.0 -99.0 -99.0 -99.0 -99.0 -99.0 -99.0 -99.0 -99.0 -99.0 
2002 -99.0 -99.0 -99.0 -99.0 -99.0 -99.0 -99.0 -99.0 -99.0 -99.0 -99.0 -99.0 
2003 -99.0 -99.0 -99.0 -99.0 -99.0 -99.0 -99.0 -99.0 -99.0 -99.0 -99.0 -99.0 
2004 -99.0 -99.0 -99.0 -99.0 -99.0 -99.0 -99.0 -99.0 -99.0 -99.0 -99.0 -99.0 
2005 -99.0 -99.0 -99.0 -99.0 -99.0 -99.0 -99.0 -99.0 -99.0 -99.0 -99.0 -99.0 
2006 -99.0 -99.0 -99.0 -99.0 -99.0 -99.0 -99.0 -99.0 -99.0 -99.0 -99.0 -99.0 
2007 -99.0 -99.0 -99.0 -99.0 -99.0 -99.0 -99.0 -99.0 -99.0 -99.0 -99.0 -99.0 
