Number= 684060
Name= ALEXANDER BAY
Country= SOUTH AFRICA
Lat=  -28.6
Long=  -16.5
Height= 21
Start year= 1951
End year= 2007
First Good year= 1951
Source ID= 10
Source file= Jones+Anders
Jones data to= 1997
Normals source= Data
Normals source start year= 1961
Normals source end year= 1990
Normals=  19.2  18.9  18.3  17.1  15.8  14.8  14.0  13.8  14.7  15.9  17.2  18.4 
Standard deviations source= Data
Standard deviations source start year= 1951
Standard deviations source end year= 1990
Standard deviations=   0.7   0.7   0.9   1.0   1.1   1.0   1.0   1.0   0.8   0.7   0.6   0.7 
Obs:
1951 -99.0 -99.0 -99.0 -99.0 -99.0 -99.0 -99.0 -99.0 -99.0 -99.0 -99.0  17.2 
1952  18.3  19.9  17.8  16.2  13.7  14.9  13.7  13.5  15.5  15.5  18.3  17.5 
1953  18.6  19.3  18.7  17.2  16.3  14.4  14.7  13.9  15.1  15.0  16.4  18.1 
1954  18.1  18.5  19.2  17.5  14.5  16.6  11.9  12.1  13.9  15.0  16.5  17.8 
1955  18.3  17.9  19.3  16.1  14.2  13.6  12.9  14.1  13.8  14.7  16.7  16.6 
1956  18.4  17.5  18.2  16.4  13.8  13.4  13.2  12.2  14.5  14.5  17.1  18.8 
1957  19.4  19.9  17.6  15.5  14.6  13.0  12.8  13.1  14.5  14.6  16.4  17.7 
1958  19.2  18.5  17.3  15.2  13.4  14.0  12.3  14.2  13.5  15.2  16.9  18.8 
1959  17.9  18.3  18.3  16.1  14.8  15.2  14.2  15.1  15.3  15.5  16.7  17.4 
1960  18.2  18.8  17.9  17.0  14.4  14.4  14.6  13.0  14.7  15.7  17.8  19.4 
1961  19.1  18.6  17.9  16.6  14.5  15.2  16.4  15.0  14.9  15.2  16.6  17.5 
1962  18.8  19.4  18.1 -99.0  15.6  14.4  14.1  13.6  14.5  15.7  16.8  17.6 
1963  21.1  18.4  18.5  17.3  17.2  15.7  14.4  14.5  15.3  16.5  18.3  18.8 
1964  19.1  18.9  17.9  17.8  16.4  14.7  14.9  13.5  12.9  15.2  17.0  17.9 
1965  18.9  19.3  17.9  17.6  15.1  14.1  12.3  12.9  14.5  16.8  16.8  17.7 
1966  17.8  17.5  17.8  18.9  15.3  15.8  12.3  13.2  15.1  16.1  16.9  18.3 
1967  17.6  17.7  17.7  16.0  15.1  13.7  14.3  12.9  15.4  16.1  18.0  18.9 
1968  19.2  17.9  17.6  16.5  15.9  14.5  13.5  14.0  14.8  16.0  17.4  18.6 
1969  19.7  19.1  19.0  16.4  14.2  13.6  14.0  14.7  14.8  15.8  17.2  17.7 
1970  18.8  19.2  18.1  16.3  14.2  13.9  11.9  12.3  13.3  15.9  16.0  17.2 
1971  18.3  17.7  17.6  14.7  15.8  13.5  13.3  12.6  13.0  15.2  16.8  18.4 
1972  19.1  18.5  19.0  16.3  17.0  15.3  13.7  14.1  15.8  16.1  18.4  18.7 
1973  19.1  20.0  18.9  18.3  15.3  15.5  14.0  13.4  14.0  16.5  17.4  18.6 
1974  19.3  19.3  21.3  17.4  16.7  15.3  13.3  14.3  14.7  15.4  17.6  18.0 
1975  18.6  19.7  19.4  17.5  16.9  14.5  13.2  12.7  14.1  15.4  17.0  18.0 
1976  19.8  19.0  18.5  17.9  17.0  15.8  14.4  13.5  14.4  15.3  16.5  18.7 
1977  19.0  19.6  18.0  17.5  14.3  14.1  13.1  15.7  14.8  15.5  17.1  19.1 
1978  19.5  18.6  18.4  17.2  15.1  15.8  14.3  13.1  14.4  14.8  17.1  18.6 
1979  19.9  19.6  17.6  15.7  16.8  15.9  13.4  13.0  14.0  14.9  16.5  17.7 
1980  19.0  18.5  17.7  16.6  15.6  14.5  15.6 -99.0  14.9  14.9  17.1  18.1 
1981  18.9  18.7  17.6  16.8  15.9  13.2  13.7  13.6  16.2  16.7  17.7  18.7 
1982  19.4  19.2  17.3  16.0  15.1  14.1  15.3  13.0  15.6  17.1  17.0  18.4 
1983  19.3  18.8  17.8  18.1  16.1  13.5  14.9  15.2  14.5  16.0  17.2  19.1 
1984  20.5  19.3  19.5  19.2  16.6  16.1  14.0  13.5  15.0  15.6  17.7  18.6 
1985  19.8  19.3  16.8  17.5  16.3  14.3  14.5  15.6  15.1  16.1  18.2  19.3 
1986  19.1  19.0  18.5  16.7  15.2  16.0  14.7  15.3  15.9  16.7  17.9  19.1 
1987  19.4  19.3  17.7  17.1  18.4  16.1  14.7  14.8  15.1  16.6  17.0  19.7 
1988  19.0  19.6  19.9 -99.0 -99.0 -99.0 -99.0 -99.0 -99.0 -99.0 -99.0 -99.0 
1989 -99.0 -99.0 -99.0 -99.0 -99.0 -99.0 -99.0 -99.0 -99.0 -99.0 -99.0 -99.0 
1990 -99.0 -99.0 -99.0 -99.0 -99.0 -99.0 -99.0 -99.0 -99.0 -99.0 -99.0 -99.0 
1991  19.1  19.1  20.1  18.2  17.9  15.8  16.6  14.9  16.2  16.9  17.2  19.0 
1992  19.2  20.2  19.2  17.4  15.6  16.1  15.0  14.7  15.3  16.8  18.6  19.0 
1993  19.8  18.8  20.0  18.3  15.7  16.5  17.8  15.6  16.2  16.1  17.8  18.6 
1994  19.1  19.9  19.5  20.6  14.9  13.8  14.8  14.2  15.7  16.6  18.3  20.0 
1995  20.5 -99.0  19.6  17.9  17.4  15.0  12.7  13.0  15.6  15.8  16.7  18.7 
1996  19.6  19.2  17.5  18.5  15.3  15.7  13.2  13.2  14.0  15.5  15.7  17.9 
1997  18.2  17.9  17.2  16.6  16.2  14.6  16.3  14.3  16.4  17.8  18.1  19.2 
1998  19.5  20.9  19.0  18.0  17.2  13.3  13.8  15.2  14.3  15.2  16.3  18.3 
1999  18.8  19.0  19.7  17.6  16.2  16.9  15.0  15.1  15.3  16.7  16.6  20.4 
2000  21.4  19.7  19.0  17.6  15.2  17.6  16.2  15.3  15.8  16.3  18.0  17.9 
2001 -99.0 -99.0 -99.0 -99.0 -99.0 -99.0 -99.0 -99.0 -99.0 -99.0 -99.0 -99.0 
2002 -99.0 -99.0 -99.0 -99.0 -99.0 -99.0 -99.0 -99.0 -99.0 -99.0 -99.0 -99.0 
2003 -99.0 -99.0 -99.0 -99.0 -99.0 -99.0 -99.0 -99.0 -99.0 -99.0 -99.0 -99.0 
2004 -99.0 -99.0 -99.0 -99.0 -99.0 -99.0 -99.0 -99.0 -99.0 -99.0 -99.0 -99.0 
2005 -99.0 -99.0 -99.0 -99.0 -99.0 -99.0 -99.0 -99.0 -99.0 -99.0 -99.0 -99.0 
2006 -99.0 -99.0 -99.0 -99.0 -99.0 -99.0 -99.0 -99.0 -99.0 -99.0 -99.0 -99.0 
2007 -99.0 -99.0 -99.0 -99.0 -99.0 -99.0 -99.0 -99.0 -99.0 -99.0 -99.0 -99.0 
