Number= 684240
Name= UPINGTON
Country= SOUTH AFRICA
Lat=  -28.4
Long=  -21.3
Height= 836
Start year= 1951
End year= 2011
First Good year= 1951
Source ID= 10
Source file= Jones+Anders
Jones data to= 2001
Normals source= Data
Normals source start year= 1961
Normals source end year= 1990
Normals=  27.8  26.9  24.7  20.2  15.7  12.1  11.9  14.0  18.1  21.4  24.7  26.9 
Standard deviations source= Data
Standard deviations source start year= 1951
Standard deviations source end year= 1990
Standard deviations=   1.1   1.2   1.2   1.3   1.4   1.3   1.2   1.5   1.4   1.4   1.3   1.2 
Obs:
1951 -99.0 -99.0 -99.0 -99.0 -99.0 -99.0 -99.0  13.4  16.1  20.5  24.7  28.1 
1952 -99.0  26.4  23.0  20.7  14.8  13.3  11.4  12.6  15.7  22.3  25.6  26.3 
1953  29.3  26.9  25.0  18.6  14.7  10.0  10.3  11.9  18.8  22.7  23.8  26.1 
1954  27.0  27.0  23.0  18.2  14.2  10.9   8.8  12.9  17.9  20.4  23.6  26.9 
1955  27.6  24.4  23.3  18.0  17.2  11.2  10.0  10.7  16.3  18.7  22.7  23.9 
1956  28.1  24.7  23.2  19.4  13.6  11.2  12.5  11.9  16.3  20.9  25.1  25.0 
1957  28.0  26.8  26.5  19.5  15.5  10.8  12.4  13.6  16.9  19.4  25.7  27.8 
1958  27.2  26.1  25.2  20.5  13.9  11.4  13.1  13.8  17.7  20.8  24.6  28.2 
1959  26.5  27.5  25.0  19.8  12.5  12.8  12.0  13.5  18.4  20.6  25.8  26.8 
1960  27.9  27.1  24.7  19.5  14.8  11.4  11.4  15.7  19.3  22.4  26.3  26.4 
1961  26.5  27.5  24.2  20.6  14.1  12.7  13.7  13.7  18.9  19.8  25.2  26.1 
1962  28.3  26.2  25.6 -99.0  16.4  11.3  12.8  14.9  18.2  21.6  23.8  28.9 
1963  27.6  27.5  24.6  19.0  14.2  11.5  10.0  13.7  21.3  21.9  25.0  27.6 
1964  28.3  26.7  25.4  19.3  16.5  10.6  11.3  13.5  17.1  20.6  22.8  27.1 
1965  28.1  27.1  24.2  19.6  15.1   9.4  12.3  15.9  20.6  19.8  24.3  25.8 
1966  29.4  25.6  25.3  20.3  15.5  14.1  11.6  14.9  17.1  23.7  25.4  28.3 
1967  27.2  27.1  24.2  18.0  14.7  11.8   9.6  14.2  18.4  21.2  26.1  28.5 
1968  27.0  25.7  23.7  18.4  14.0   8.2  10.1  11.8  17.6  20.3  26.1  26.6 
1969  28.6  27.9  25.1  18.6  15.2  11.7  12.1  14.7  16.8  20.4  24.3  28.2 
1970  28.3  28.3  26.2  22.1  16.5  11.7  10.8  11.8  16.7  22.8  23.3  25.1 
1971  27.5  26.2  25.1  20.2  16.2  13.7  12.5  12.1  17.6  20.8  24.0  26.2 
1972  26.8  26.5  25.1  21.2  14.9  13.0  12.9  13.5  18.1  23.4  27.6  27.2 
1973  28.3  27.3  25.1  20.6  14.4  14.2  13.2  13.7  16.1  21.9  24.7  25.1 
1974  25.8  24.1  21.8  19.0  14.1  11.4  11.4  10.6  16.7  19.3  23.4  26.1 
1975  27.2  25.8  22.0  18.3  13.7  13.3  11.0  12.6  19.0  19.3  23.7  23.9 
1976  24.8  24.3  22.6  19.4  15.8  10.9  10.7  12.6  18.0  20.3  21.1  25.9 
1977  27.5  26.8  23.2  20.6  13.5  11.4  11.1  13.2  17.3  21.6  24.9  27.3 
1978  26.9  26.7  25.4  18.8  15.2  11.3  13.9  11.9  15.6  18.8  25.7  26.9 
1979  27.3  27.8  24.7  22.7  16.2  13.0  11.4  14.7  17.1  21.0  25.6  28.6 
1980  28.2  27.6  25.4  19.9  15.6  13.1  13.6  16.4  18.2  22.9  22.4  26.6 
1981  26.9  28.1  23.7  22.1  17.4  12.1  12.7  12.0  16.2  20.6  25.1  27.2 
1982  27.0  28.2  25.2  18.7  16.8  12.6  12.1  15.3  21.2  22.7  23.7  25.9 
1983  30.0  26.3  26.1  23.1  15.2  13.2  12.5  14.0  19.3  23.0  23.6  27.1 
1984  28.5  29.6  27.0  20.8  15.3  13.4  12.4  15.5  19.4  21.7  26.1  26.5 
1985  29.0  27.4  23.7  20.5  16.7  13.1  12.5  16.2  18.4  24.5  27.3  25.5 
1986  29.2  27.2  25.0  21.6  18.3  13.6  12.1  14.4  18.6  22.3  25.0  29.3 
1987  27.9  28.7  26.8  22.6  19.1  12.4  12.3  14.9  17.6  23.6  25.4  27.5 
1988  29.4  28.1  25.3  19.1  16.6  11.5  11.7  15.6  17.9  20.3  25.5  26.4 
1989  27.1  24.4  24.4  20.6  16.9  10.6  11.1  14.8  17.7  20.2  24.5  28.0 
1990  29.2  26.7  26.1  20.2  16.9  11.7  11.5  15.4  19.7  21.9  25.2  26.8 
1991  22.9  26.8  23.5  21.4  16.6  11.2  10.6  12.0  17.2  20.9  25.6  26.8 
1992  29.1  27.3  26.2  22.3  15.9  11.4  12.8  13.7  19.1  20.8  24.1  27.2 
1993  29.5  26.2  26.3  19.7  15.4  12.4  14.4  16.0  20.9  24.6  26.2  28.3 
1994  28.3  27.5  24.9  22.1  17.5  11.0  11.4  15.4  20.6  22.2  25.0  27.9 
1995  29.0  31.1  26.1  21.0  17.3  13.0  11.2  16.2  19.5  20.0  25.1  25.8 
1996  29.0  27.4  25.3  21.7  17.8  13.2   9.8  11.9  17.0  21.0  21.9  26.3 
1997  27.9  27.4  23.9  18.2  14.9  12.1  12.6  16.3  21.3  24.0  23.8  28.0 
1998  27.6  29.1  25.6  22.8  16.2  13.7  13.2  15.4  18.9  22.1  24.7  27.4 
1999  29.2  30.0  28.8  22.0  16.2  13.6  14.2  14.1  17.6  23.4  26.2  25.8 
2000  24.8  27.3  24.9  19.9  14.0  12.8  12.2  15.9  16.2  23.2  24.0  28.5 
2001  27.9  27.8  27.3  20.3  16.5  13.6  11.9  13.9  17.1  23.4  24.4  26.5 
2002  26.8  27.9  24.8  22.0  15.3  11.2  10.7  14.3  19.6  23.8  24.3  28.0 
2003  29.3  28.6  25.7  23.7  16.3  12.6  13.3  12.7  18.0  22.7  25.7  26.8 
2004  28.1  28.6  25.8  21.1  19.9  14.2  11.9  15.6  18.2  22.7  27.8  27.9 
2005  28.9  28.9  25.1  19.4  16.9  12.8  15.3  14.3  19.9  21.9  24.6  26.8 
2006  28.4  26.9  23.3  20.4  13.9  13.4  13.5  13.7  19.8  23.2  25.5  27.0 
2007  29.2 -99.0  25.6  23.3  16.4  12.5  12.5  14.2  19.4  21.9  22.8  26.3 
2008  28.1  28.1  25.5  20.3  18.1  13.6  13.7  15.7  15.9  22.6 -99.0  28.6 
2009  28.4  27.8  25.4  23.1  16.6  13.3  12.5  16.1  18.1  22.8  24.6  27.2 
2010  27.4  28.2  27.5  22.2  17.8  12.7  15.2  16.1  20.3  21.6  24.9  27.1 
2011  28.4  26.9  26.4  20.4  16.1 -99.0 -99.0 -99.0 -99.0 -99.0 -99.0 -99.0 
