Number= 684381
Name= GLEN-COLLEGE---AGR--
Country= SOUTH-AFRICA
Lat=  -29.0
Long=  -26.3
Height= 1345
Start year= 1960
End year= 2007
First Good year= 1960
Source ID= 30
Source file= Jones+Anders
Jones data to= 1991
Normals source= Data
Normals source start year= 1961
Normals source end year= 1990
Normals=  23.2  22.0  19.9  15.7  11.6   8.2   8.3  10.7  15.1  17.9  20.1  22.2 
Standard deviations source= Data
Standard deviations source start year= 1960
Standard deviations source end year= 1990
Standard deviations=   1.2   1.2   1.2   1.3   0.8   1.1   0.9   1.0   1.3   1.2   1.1   1.2 
Obs:
1960  22.3  22.8  19.7  14.2  10.1   7.4   7.5  12.9  15.5  18.5  20.5  22.2 
1961  21.6  23.3  20.6  16.0  11.4   9.8   9.4   9.6  16.7  17.1  20.8  22.0 
1962  24.4  21.3  19.8  14.6  10.9   7.5   8.8  11.5  16.1  18.8  19.5  23.0 
1963  21.1  21.8  18.8  14.1   9.7   8.1   7.1   9.7  17.7  19.0  19.8  21.8 
1964  23.7  22.8  22.4  14.9  11.9   6.6   6.1  10.2  15.3  18.0  18.6  20.8 
1965  22.5  22.1  20.8  15.6  11.5   6.1   8.6  12.2  16.1  16.1  20.0  22.9 
1966  24.9  19.6  20.0  14.9  11.2   9.2   7.5  11.3  14.0  19.6  21.9  23.9 
1967  22.3  20.8  18.9  14.2  11.6   7.6   5.9  10.6  15.4  17.5  20.3  23.1 
1968  24.1  22.0  18.6  13.4  10.7   4.9   8.3  10.2  14.5  17.2  20.3  21.6 
1969  24.6  24.1  19.4  15.1  11.1   8.7   9.5  10.9  13.8  17.1  20.5  23.8 
1970  23.9  23.0  20.8  17.2  12.0   8.0   7.7   9.9  14.6  18.2  20.4  20.9 
1971  22.7  21.0  21.4  16.4  11.4   9.5   9.1   9.6  16.2  18.0  20.3  21.6 
1972  22.4  20.9  19.1  16.0  10.7   8.2   8.5   9.7  14.8  19.4  21.9  24.1 
1973  25.0  21.7  21.4  16.1  11.2   9.6   8.9   9.9  13.7  18.4  20.1  21.4 
1974  22.6  21.6  19.0  15.0  11.4   8.7   8.5   9.2  14.2  17.8  19.2  21.0 
1975  22.2  20.4  17.8  15.0  11.1   9.5   8.1  10.3  17.0  17.4  19.4  19.2 
1976  20.6  20.3  19.2  15.3  11.4   8.0   8.1   9.4  16.1  16.6  16.5  20.7 
1977  22.7  22.7  18.4  16.7  10.3   8.3   8.3  10.1  15.8  18.4  20.9  23.7 
1978  23.3  22.5  20.6  13.5  11.0   6.7   9.8  11.3  13.9  16.2  22.3  22.8 
1979  21.9  23.3  20.4  18.4  12.5   8.7   8.2  11.9  14.0  17.8  20.8  23.3 
1980  23.0  22.6  20.8  15.5  11.8   8.2   8.5  12.1  14.2  18.8  18.9  21.9 
1981  22.8  21.4  17.6  15.7  12.5   8.0   9.0   9.5  12.2  14.9  21.1  21.1 
1982  23.0  22.8  19.5  13.9  12.3   8.5   9.0  10.9  17.4  18.8  19.4  23.0 
1983  25.7  22.8  20.7  18.4  11.9   9.1   9.1  10.1  16.1  19.4  20.1  23.0 
1984  24.1  24.6  21.8  15.8  11.3   8.4   8.7  11.4  16.0  18.3  20.3  21.6 
1985  24.5  22.7  18.9  15.8  11.6   9.5   8.4  12.5  16.3  20.2  21.2  21.2 
1986  23.5  22.3  20.4  17.7  12.9   9.1   8.6  11.9  14.9  17.9  19.1  23.4 
1987  24.5  23.9  20.6  17.8  13.3   7.9   7.6  10.3  13.8  17.9  21.0  22.9 
1988  24.6  22.2  20.5 -99.0  11.8   7.3   8.2  11.6  14.2  15.8  19.1  19.9 
1989  21.8  20.2  18.4  15.4  12.6   8.5   7.7  12.3  13.4  17.2  19.3  22.6 
1990  23.2  20.4  19.9  16.7  12.0   8.2   8.0  11.0  15.6  18.3  21.4  22.5 
1991  23.1  21.6 -99.0 -99.0 -99.0 -99.0 -99.0 -99.0 -99.0 -99.0 -99.0 -99.0 
1992 -99.0 -99.0 -99.0 -99.0 -99.0 -99.0 -99.0 -99.0 -99.0 -99.0 -99.0 -99.0 
1993 -99.0 -99.0 -99.0 -99.0 -99.0 -99.0 -99.0 -99.0 -99.0 -99.0 -99.0 -99.0 
1994 -99.0 -99.0 -99.0 -99.0 -99.0 -99.0 -99.0 -99.0 -99.0 -99.0 -99.0 -99.0 
1995 -99.0 -99.0 -99.0 -99.0 -99.0 -99.0 -99.0 -99.0 -99.0 -99.0 -99.0 -99.0 
1996 -99.0 -99.0 -99.0 -99.0 -99.0 -99.0 -99.0 -99.0 -99.0 -99.0 -99.0 -99.0 
1997 -99.0 -99.0 -99.0 -99.0 -99.0 -99.0 -99.0 -99.0 -99.0 -99.0 -99.0 -99.0 
1998 -99.0 -99.0 -99.0 -99.0 -99.0 -99.0 -99.0 -99.0 -99.0 -99.0 -99.0 -99.0 
1999 -99.0 -99.0 -99.0 -99.0 -99.0 -99.0 -99.0 -99.0 -99.0 -99.0 -99.0 -99.0 
2000 -99.0 -99.0 -99.0 -99.0 -99.0 -99.0 -99.0 -99.0 -99.0 -99.0 -99.0 -99.0 
2001 -99.0 -99.0 -99.0 -99.0 -99.0 -99.0 -99.0 -99.0 -99.0 -99.0 -99.0 -99.0 
2002 -99.0 -99.0 -99.0 -99.0 -99.0 -99.0 -99.0 -99.0 -99.0 -99.0 -99.0 -99.0 
2003 -99.0 -99.0 -99.0 -99.0 -99.0 -99.0 -99.0 -99.0 -99.0 -99.0 -99.0 -99.0 
2004 -99.0 -99.0 -99.0 -99.0 -99.0 -99.0 -99.0 -99.0 -99.0 -99.0 -99.0 -99.0 
2005 -99.0 -99.0 -99.0 -99.0 -99.0 -99.0 -99.0 -99.0 -99.0 -99.0 -99.0 -99.0 
2006 -99.0 -99.0 -99.0 -99.0 -99.0 -99.0 -99.0 -99.0 -99.0 -99.0 -99.0 -99.0 
2007 -99.0 -99.0 -99.0 -99.0 -99.0 -99.0 -99.0 -99.0 -99.0 -99.0 -99.0 -99.0 
