Number= 685380
Name= DE-AAR--------------
Country= SOUTH-AFRICA
Lat=  -30.7
Long=  -24.0
Height= 1200
Start year= 1940
End year= 2011
First Good year= 1940
Source ID= 30
Source file= Jones+Anders
Jones data to= 1991
Normals source= Data
Normals source start year= 1961
Normals source end year= 1990
Normals=  24.0  23.0  20.7  16.0  12.1   8.8   8.7  10.7  14.5  17.3  20.2  22.7 
Standard deviations source= Data
Standard deviations source start year= 1941
Standard deviations source end year= 1990
Standard deviations=   1.0   1.2   1.1   1.2   0.9   0.9   0.8   1.1   1.4   1.2   1.1   1.1 
Obs:
1940 -99.0  23.6 -99.0  13.8 -99.0   9.1   8.8  12.2  13.1  17.8  18.0  23.7 
1941  23.5  21.4  20.6  15.9  11.8   8.2   8.8  11.4  11.9  17.5  18.2  22.5 
1942  24.1  24.5  19.6  16.0  11.4   8.2   9.2  10.4  13.6  15.7  19.5  21.1 
1943  21.9  21.1  20.9  15.1  11.0   7.8 -99.0 -99.0  12.8  16.3  19.2 -99.0 
1944  23.5  22.8  19.7  15.7  10.0   7.1   7.7  11.9  13.1  19.4  20.2  21.6 
1945 -99.0  25.0  19.5  17.2  11.2 -99.0   8.1  10.8 -99.0  15.8  21.3  21.4 
1946  23.3  24.8  20.9 -99.0 -99.0   8.5   8.5  10.0  16.5  16.3  22.6  23.4 
1947  24.2  25.4 -99.0 -99.0  12.7   9.3   6.3  12.1  12.4  19.4 -99.0  22.2 
1948  23.9  22.2  18.3  15.0  12.7   8.6   8.9  11.6  12.1  16.9  19.7  22.0 
1949  25.6  22.8  20.9  17.1  11.8  10.7   9.5  10.4 -99.0  17.6  19.4  23.3 
1950  24.4  24.0 -99.0  14.2  12.0  10.5   8.2  10.8  13.3  17.0  19.4  21.4 
1951 -99.0  24.0 -99.0 -99.0  12.0 -99.0   7.3 -99.0  13.2 -99.0  20.7  23.4 
1952 -99.0  22.4  20.5 -99.0 -99.0 -99.0 -99.0 -99.0 -99.0 -99.0 -99.0 -99.0 
1953 -99.0 -99.0  21.0  14.7  13.3   8.7   8.1   9.7  15.9  19.1  20.1  21.8 
1954  22.2  23.4  19.8  15.7  12.1   8.7   7.3  11.0 -99.0 -99.0 -99.0 -99.0 
1955  22.9  21.5  20.6  15.1 -99.0   9.4   8.6   8.5  12.7 -99.0 -99.0  19.5 
1956 -99.0 -99.0 -99.0 -99.0 -99.0 -99.0 -99.0 -99.0 -99.0  17.8  19.9 -99.0 
1957 -99.0 -99.0 -99.0  16.1  13.1 -99.0 -99.0 -99.0 -99.0  15.4 -99.0 -99.0 
1958 -99.0 -99.0 -99.0 -99.0 -99.0 -99.0 -99.0 -99.0 -99.0 -99.0 -99.0 -99.0 
1959  22.0  22.9  20.9  15.9   9.7   9.1   9.6  10.5  15.0  16.8  21.3  22.3 
1960  23.6  23.4  21.0  15.0  11.7   9.0   8.5  13.0  15.6  18.6  21.7  23.0 
1961  22.9  23.8  20.6  16.4  10.9   9.7   9.8  10.0  14.5  15.4  20.9  21.4 
1962  23.9  22.2  21.6  16.0  12.7   8.5   9.8  11.6  14.9  17.8  19.7  24.3 
1963  22.2  22.6  18.9  14.7  11.4   8.8   7.5  10.2  17.6  18.4  20.2  22.2 
1964  23.9  22.6  22.9  15.3  12.9   7.3   7.7   9.7  13.5  16.9  18.8  21.8 
1965  24.0  23.2  20.4  15.2  12.0   6.7   9.1  12.2  16.0  14.8  19.0  21.5 
1966  25.3  21.6  21.0  16.0  12.0  10.3   8.3  11.8  13.3  18.5  20.6  24.6 
1967  23.6  22.4  20.1  14.5  11.9   8.9   6.9  11.3  15.1  17.4  20.5  23.7 
1968  24.1  22.2  19.8  14.1  11.3   6.6   8.3   9.5  14.0  16.4  20.7  23.1 
1969  25.2  24.6  21.3  15.1  12.5   9.2   9.5  11.9  13.6  16.9  20.4  24.2 
1970  25.2  24.1  22.0  18.1  13.2   9.0   8.2   9.3  14.2  18.3  19.8  22.0 
1971  24.5  23.1  21.9  16.7  12.3  10.4 -99.0 -99.0  15.0  16.5  19.7  22.1 
1972  22.9  21.8  19.8  16.3  11.2   9.0   8.6   9.9  14.0  19.3  22.5  23.0 
1973  24.2  22.6  21.0  15.5  10.9   9.9   9.1   9.6  12.1  17.0  19.4 -99.0 
1974 -99.0 -99.0 -99.0 -99.0 -99.0 -99.0 -99.0   8.2 -99.0  16.4  20.1  22.3 
1975  23.2  22.0  18.5  15.2  11.4  10.0   8.6  10.3  16.7  16.1  20.0  19.8 
1976  21.7  21.1  19.0  16.2  11.9   8.1   8.2   9.9  15.7  16.6  17.0  22.2 
1977  23.5  23.8  19.3  17.3  10.3   9.2   8.7  10.1  15.3  18.1  21.2  23.7 
1978  22.7  23.2  22.7  14.7  11.9   8.4 -99.0   9.9  12.8  15.5  21.4  22.4 
1979  23.0  24.5  20.6  18.8  12.0   9.0   8.0  10.9  13.2  16.8  21.2  24.5 
1980  23.9  23.5  21.7  15.8  11.7   9.2   9.7  12.6  13.6  18.4  18.6  22.8 
1981  23.4  22.9  18.6  16.8  13.0   8.2   8.8   8.7  12.0  15.5  20.7  22.6 
1982  23.6  24.0  20.9  14.2  11.9   9.5   8.7  10.9  17.2  18.2  19.6  22.6 
1983  26.1  22.6  21.3  18.6  11.1   9.3   8.8   9.9  15.1  18.6  19.8  23.3 
1984  24.7  25.0  22.1  16.1  11.5   9.5   9.2  11.9  15.3  17.2  20.6  21.7 
1985  25.1  23.4  19.3  16.4  12.0   9.7   9.1  12.3  14.9  19.2  21.7  20.8 
1986  23.5  22.4  20.4  17.6  13.6   9.4   8.9  11.5  15.1  18.6  20.0  24.2 
1987  24.5  24.8  22.3  16.5  14.5   8.9   8.5  11.2  13.7  18.9  21.4  23.1 
1988  25.3  23.1  20.9  12.9  12.2   7.8   8.8  12.2  13.6 -99.0 -99.0 -99.0 
1989  23.7  20.6  19.9  16.2  12.8   7.7   9.0  11.7  14.0  16.2  19.9  23.7 
1990  25.0  21.9  20.7  16.2  12.5   8.3   8.5  11.7  15.5  17.6  19.8  22.5 
1991  23.5  23.0  20.1  17.8  13.1   8.4   8.2   9.8  14.3  17.1  20.4  22.7 
1992 -99.0 -99.0 -99.0 -99.0 -99.0 -99.0 -99.0 -99.0 -99.0 -99.0 -99.0 -99.0 
1993 -99.0 -99.0 -99.0 -99.0 -99.0 -99.0 -99.0 -99.0 -99.0 -99.0 -99.0 -99.0 
1994 -99.0 -99.0 -99.0 -99.0 -99.0 -99.0 -99.0 -99.0 -99.0 -99.0 -99.0 -99.0 
1995 -99.0 -99.0 -99.0 -99.0  12.8   9.1   8.2  12.7  16.3  16.4  20.2  19.5 
1996  24.4  22.6  20.3  16.6  13.6   9.8   6.3   8.4  14.0  17.4  17.4  21.8 
1997  23.3  23.4  19.6  14.3  10.9   8.4   8.7  13.4  17.3  19.1  19.1  23.8 
1998  23.0  24.6  20.7  18.4  12.6  10.7   9.7  12.3  15.1  18.0  20.6  23.0 
1999  24.9  25.2  24.1  18.4  12.0  10.1  11.0  11.8  14.0  18.6  22.9  22.0 
2000  20.8  23.3  20.4  15.2  11.4  10.4   9.0  13.4  13.2  18.8  19.4  23.9 
2001  23.7  23.7  23.1  15.9  13.2  11.2   8.6  11.2  13.5  19.7  20.0  22.3 
2002  23.4  24.2  22.2  19.5  13.2   8.5   8.6  11.5  15.8  19.9  20.2  23.3 
2003  25.6  25.2  21.7  19.3  13.1 -99.0  10.5   9.8  15.0  19.5  21.7  23.8 
2004  24.2  24.6  21.3  16.6 -99.0  10.9   8.6  13.1  14.5  18.5  24.4  24.4 
2005  24.2  24.7  21.0  16.8  14.0  10.1  12.1  12.1  17.5  18.9  21.1  22.6 
2006  24.2  22.9  19.2  16.1   9.9  10.1  10.5  10.4  15.4  19.2  21.4  23.0 
2007  24.8  24.6  20.8  18.3  13.6   9.7   9.3  12.0  17.3  17.6  19.3  22.1 
2008  23.4  23.6  20.6  16.4  14.0  10.0  10.0  11.9  12.7  19.4  21.4  24.3 
2009  24.9  22.4  21.0  18.1  12.9   9.4   9.2  12.6  15.4  18.9  20.1  23.5 
2010  24.1  24.1  22.8  17.6  14.6   9.8  12.0  13.2  17.4  18.4  21.8  23.0 
2011  23.4  23.3  22.1  15.2  12.4 -99.0 -99.0 -99.0 -99.0 -99.0 -99.0 -99.0 
