Number= 685840
Name= PORT-SHEPSTON-------
Country= SOUTH-AFRICA
Lat=  -30.7
Long=  -30.5
Height= 17
Start year= 1960
End year= 2007
First Good year= 1960
Source ID= 30
Source file= Jones+Anders
Jones data to= 1991
Normals source= Data
Normals source start year= 1961
Normals source end year= 1990
Normals=  23.5  23.6  22.8  20.9  18.9  17.1  16.7  17.1  18.4  19.4  20.8  22.5 
Standard deviations source= Data
Standard deviations source start year= 1960
Standard deviations source end year= 1990
Standard deviations=   0.6   0.7   0.7   0.8   0.6   0.6   0.6   0.7   0.7   0.7   0.6   0.6 
Obs:
1960  22.5  22.5  22.6  19.9  18.8  17.1  16.5  17.7  18.3  20.0  21.3  23.3 
1961  24.1  23.7  23.3  21.3  18.8  18.1  17.6  16.5  18.2  18.3  20.5  21.2 
1962  22.5  23.0  22.3  20.4  18.1  18.1  17.8  17.8  18.9 -99.0  21.4  23.3 
1963  22.9  23.4  21.6  20.0  18.3  16.7  16.0  16.9  19.4  20.6  21.5  22.8 
1964  23.1  23.5  24.0  20.6  18.6  16.9  15.9  16.3  18.1  19.1  20.6  22.6 
1965  23.5  24.0  22.8  20.5  18.4  15.5  16.8  17.4  18.9  18.3  19.6  21.4 
1966  24.5  22.4  22.8  19.1  18.1  17.4  16.5  16.9  17.9  19.4  20.9  23.1 
1967  23.4  23.7  22.3  20.8  19.0  16.9  15.1  16.3  18.1  19.4  21.1  22.0 
1968  23.4  22.4  21.6  19.3  18.3  15.5  16.4  16.6  17.5  18.2  19.3  22.4 
1969  23.8  23.9  22.7  20.3  18.3  16.8  16.8  17.0  17.7  19.5  20.6  22.0 
1970  23.5  23.0  22.6  20.3  18.9  16.4  16.1  16.6  18.4  18.9  20.7  22.4 
1971  22.9  22.8  23.2  21.3  18.6  16.8 -99.0  16.5  17.8  19.2  19.8  22.0 
1972  24.1  22.6  22.2  21.3  18.8  16.9  16.9  16.5  17.9  19.5  20.2  22.7 
1973  23.0  23.2  23.4  19.8  18.4  17.8  16.2  16.1  17.3  19.3  20.5  22.0 
1974  24.0  24.4  23.2  20.5  18.3  16.5  16.6  16.9  18.3  19.6  21.1  22.6 
1975  23.0 -99.0  21.3  21.2  19.6  17.8  16.9  17.3  19.6  19.4  20.1  21.7 
1976  23.5  23.5  22.6  20.9  18.2  17.1  17.4  16.6  18.7  19.4  21.0  23.2 
1977  23.9  24.7  22.0  22.1  19.6  17.9  16.5  16.9  19.1  20.3  21.2  23.6 
1978  23.5  23.1  23.9  20.0  18.9  16.8  17.0  17.6  17.9  18.9  20.7  22.1 
1979  22.6  24.5  22.4  22.1  19.3  17.6  16.4  17.7  17.6  20.2  21.1  22.3 
1980  22.9  23.9  23.4  21.6  19.1  17.4  16.3  17.7  18.2  19.3  21.2  23.2 
1981  23.7  24.0  22.9  21.4  19.1  16.8  16.8  16.4  17.2  18.4  21.1  22.0 
1982  23.1  23.3  22.9  20.5  18.9  16.6  17.4  17.7  19.4  19.2  21.1  22.8 
1983  23.9  23.2  23.1  22.5  19.9  17.9  17.3  17.2  19.2  19.7  21.4  23.2 
1984  23.7  23.1  22.4  20.7  19.0  17.1  17.2  17.3  18.9  20.3  21.0  22.9 
1985  24.7  24.3  23.0  20.8  19.3  18.0  17.0  18.0  19.0  21.1  22.5  22.6 
1986  23.9  23.7  23.5  22.1  19.8  17.5  17.4  18.3  19.2  19.7  20.6  23.3 
1987  23.8  25.0  23.4  21.9  20.6  17.1  16.5  16.8  18.3  19.3  20.6  23.3 
1988  23.0 -99.0  23.3  21.1  19.7  17.1  17.1  18.8  18.8  19.4  20.7  21.8 
1989  23.6  23.4  24.2  21.3  19.5  17.2  16.5  18.2  17.9  18.6  21.1  23.1 
1990  24.0  23.7  22.6  21.9  18.9  17.2  17.0  16.8  17.6  19.7  20.7  22.1 
1991  23.8  24.4 -99.0 -99.0 -99.0 -99.0 -99.0 -99.0 -99.0 -99.0 -99.0 -99.0 
1992 -99.0 -99.0 -99.0 -99.0 -99.0 -99.0 -99.0 -99.0 -99.0 -99.0 -99.0 -99.0 
1993 -99.0 -99.0 -99.0 -99.0 -99.0 -99.0 -99.0 -99.0 -99.0 -99.0 -99.0 -99.0 
1994 -99.0 -99.0 -99.0 -99.0 -99.0 -99.0 -99.0 -99.0 -99.0 -99.0 -99.0 -99.0 
1995 -99.0 -99.0 -99.0 -99.0 -99.0 -99.0 -99.0 -99.0 -99.0 -99.0 -99.0 -99.0 
1996 -99.0 -99.0 -99.0 -99.0 -99.0 -99.0 -99.0 -99.0 -99.0 -99.0 -99.0 -99.0 
1997 -99.0 -99.0 -99.0 -99.0 -99.0 -99.0 -99.0 -99.0 -99.0 -99.0 -99.0 -99.0 
1998 -99.0 -99.0 -99.0 -99.0 -99.0 -99.0 -99.0 -99.0 -99.0 -99.0 -99.0 -99.0 
1999 -99.0 -99.0 -99.0 -99.0 -99.0 -99.0 -99.0 -99.0 -99.0 -99.0 -99.0 -99.0 
2000 -99.0 -99.0 -99.0 -99.0 -99.0 -99.0 -99.0 -99.0 -99.0 -99.0 -99.0 -99.0 
2001 -99.0 -99.0 -99.0 -99.0 -99.0 -99.0 -99.0 -99.0 -99.0 -99.0 -99.0 -99.0 
2002 -99.0 -99.0 -99.0 -99.0 -99.0 -99.0 -99.0 -99.0 -99.0 -99.0 -99.0 -99.0 
2003 -99.0 -99.0 -99.0 -99.0 -99.0 -99.0 -99.0 -99.0 -99.0 -99.0 -99.0 -99.0 
2004 -99.0 -99.0 -99.0 -99.0 -99.0 -99.0 -99.0 -99.0 -99.0 -99.0 -99.0 -99.0 
2005 -99.0 -99.0 -99.0 -99.0 -99.0 -99.0 -99.0 -99.0 -99.0 -99.0 -99.0 -99.0 
2006 -99.0 -99.0 -99.0 -99.0 -99.0 -99.0 -99.0 -99.0 -99.0 -99.0 -99.0 -99.0 
2007 -99.0 -99.0 -99.0 -99.0 -99.0 -99.0 -99.0 -99.0 -99.0 -99.0 -99.0 -99.0 
