Number= 688423
Name= BATHURST
Country= SOUTH AFRICA
Lat=  -33.5
Long=  -26.8
Height= 259
Start year= 1960
End year= 2007
First Good year= 1960
Source ID= 30
Source file= Jones+Anders
Jones data to= 1999
Normals source= Data
Normals source start year= 1961
Normals source end year= 1990
Normals=  21.7  21.9  21.1  19.4  17.6  15.9  15.4  15.8  16.3  17.3  18.6  20.4 
Standard deviations source= Data
Standard deviations source start year= 1960
Standard deviations source end year= 1990
Standard deviations=   0.7   0.7   0.7   0.9   0.9   1.0   0.7   1.0   0.9   0.8   0.7   0.7 
Obs:
1960  20.6 -99.0  21.1  18.7  16.9  16.4  16.0  16.2  17.3  18.4  19.3  21.1 
1961  22.0 -99.0  21.8  19.4  16.2  17.1  16.3  16.6  17.1  15.7  19.1  19.7 
1962  21.0  21.9  20.6  19.9  17.3  16.4  16.4  16.9 -99.0  17.5  18.9  20.8 
1963  22.4 -99.0 -99.0  17.5  16.9  16.0  14.0  16.6  17.7  18.1  20.1  20.7 
1964  21.0  21.4  20.6  18.6  18.8  14.8  15.4  14.7  15.2  17.2  18.3  21.2 
1965  21.4  22.0  22.1  19.6  17.1  14.1  16.2  17.0  17.6  18.6  17.5  19.2 
1966  21.5  20.0  22.1  18.6  17.1  16.8  15.3  15.4  16.2  17.5  18.6  21.3 
1967  21.5  22.0  21.4  18.4  18.2  15.4  14.5  16.6  16.3  18.2  19.8  21.4 
1968  21.9  20.4  20.6  17.6  17.0  12.9  14.5  13.9  15.7  16.8  18.3  21.6 
1969  22.0  22.9  21.2  17.9  17.2  14.6  15.4  17.2  16.0  18.3  18.8  20.8 
1970  23.1  22.6  21.8  19.2  18.0  16.1  14.6  14.8  16.2  16.4  17.0  18.9 
1971  21.0  21.5  21.2 -99.0  17.0  15.1  14.2  14.2  14.7  17.0  17.5  19.8 
1972  22.7  20.8  21.0  19.6  17.5  15.7  15.7  14.8  17.0  18.3  19.5  20.7 
1973  21.2 -99.0  21.3  20.5  16.6  17.8  16.6  15.7  15.2  17.7  18.2  19.6 
1974  21.5  22.4  20.5  19.9  16.8  16.0  15.8  14.9  15.1  16.8  18.8  20.5 
1975  20.8  22.1  20.4  20.0  17.7  17.2 -99.0 -99.0  16.6  16.9  18.4  19.2 
1976  22.5  22.0  20.7  19.8  18.3  16.0  14.7  14.6  16.4  17.0  17.5  20.2 
1977  21.7  22.6  20.3  20.0  16.1  15.8  15.6  15.3  16.2  17.4  18.5  21.1 
1978  21.3  21.7  22.5  18.3  16.4  15.3  15.6  14.6  15.8  15.7  18.6  20.2 
1979  20.7  22.8  20.5  20.1  17.9  15.8  14.1  15.0  15.5  17.1  19.3  20.3 
1980  21.1  22.1  22.4  20.2  18.5  16.0  17.1  17.1  15.5  17.2  18.3  20.6 
1981  20.7  21.5  20.0  20.1  17.6  14.8  15.5  14.1  15.8  17.2  19.1  19.9 
1982  20.7  21.6  20.4  17.9  18.2  16.7  15.7  16.2  17.6  18.1  18.7  20.6 
1983  22.6  21.5  21.3  21.1  18.7  16.6  15.6  16.0  16.8  17.1  18.8  21.5 
1984  22.1  21.9  20.9  19.9  17.8  16.9  14.9  15.7  16.8  17.2  18.7  20.2 
1985  22.6  22.2  21.2  20.6  18.1  16.6  15.6  17.9  18.1  19.2  20.0  20.0 
1986  21.5  21.4  20.1  19.6  18.9  16.8  15.4  16.0  17.4  17.2  18.1  20.0 
1987  21.1  22.8  21.2  19.6  19.8  16.3  16.1  16.1  16.1  17.6  18.5  20.7 
1988  21.8  22.0  21.9 -99.0  18.8  15.3  15.1  17.1 -99.0  17.1  18.5  19.4 
1989  22.8  22.1  22.1  19.8  17.5 -99.0  15.0  16.3  16.2  16.1  18.3  20.8 
1990  22.6  22.1  20.0  19.4  17.1  15.2  15.7  15.9  16.7  16.2  18.7  20.6 
1991  21.5  22.2  21.8  22.0  19.2  15.2  16.6  14.7  17.0  18.0  19.5  21.4 
1992  21.9  23.3  21.8  20.1  18.4  16.3  17.4  15.9  16.3  17.0  18.6  20.4 
1993  22.3  23.1  22.5  20.1  17.7  16.0  17.6  16.8  17.5  17.5  20.1  20.1 
1994  21.3  21.9  21.1  20.4  17.8  16.1  15.3  14.8  17.3  16.6  19.2  19.7 
1995  21.4  22.4  20.5  17.5  18.1  15.2  14.5  16.6  17.5  16.5  18.9  20.2 
1996  22.6  22.7  20.4  19.8  19.3  17.0  13.8  14.7  17.1  17.9  17.8  21.0 
1997  21.9  21.4  21.2  17.8  17.6  15.1  15.3  16.1  17.2  19.4  18.7  20.7 
1998  21.5  23.1  20.9  20.6  17.8  16.4  16.3  16.1  15.9  18.3  19.7  21.1 
1999  22.8  22.5  23.4  20.4  18.1  17.8  17.6  17.5  16.7  18.8  20.4  23.8 
2000 -99.0 -99.0 -99.0 -99.0 -99.0 -99.0 -99.0 -99.0 -99.0 -99.0 -99.0 -99.0 
2001 -99.0 -99.0 -99.0 -99.0 -99.0 -99.0 -99.0 -99.0 -99.0 -99.0 -99.0 -99.0 
2002 -99.0 -99.0 -99.0 -99.0 -99.0 -99.0 -99.0 -99.0 -99.0 -99.0 -99.0 -99.0 
2003 -99.0 -99.0 -99.0 -99.0 -99.0 -99.0 -99.0 -99.0 -99.0 -99.0 -99.0 -99.0 
2004 -99.0 -99.0 -99.0 -99.0 -99.0 -99.0 -99.0 -99.0 -99.0 -99.0 -99.0 -99.0 
2005 -99.0 -99.0 -99.0 -99.0 -99.0 -99.0 -99.0 -99.0 -99.0 -99.0 -99.0 -99.0 
2006 -99.0 -99.0 -99.0 -99.0 -99.0 -99.0 -99.0 -99.0 -99.0 -99.0 -99.0 -99.0 
2007 -99.0 -99.0 -99.0 -99.0 -99.0 -99.0 -99.0 -99.0 -99.0 -99.0 -99.0 -99.0 
