Number= 471080
Name= SEOUL
Country= REPUBLIC OF K
Lat=   37.6
Long= -127.0
Height= 85
Start year= 1907
End year= 2011
First Good year= 1907
Source ID= 30
Source file= Jones+Anders
Jones data to= 1996
Normals source= Data
Normals source start year= 1961
Normals source end year= 1990
Normals=  -3.6  -1.2   4.2  11.7  17.2  21.3  24.4  25.2  20.4  14.0   6.4  -0.7 
Standard deviations source= Data
Standard deviations source start year= 1941
Standard deviations source end year= 1990
Standard deviations=   2.2   2.0   1.6   1.1   1.0   0.9   1.1   1.1   0.7   1.1   1.7   2.3 
Obs:
1907 -99.0 -99.0 -99.0 -99.0 -99.0 -99.0 -99.0 -99.0 -99.0  13.7   4.9  -4.2 
1908  -3.6  -3.9   3.1  10.1  14.6  20.3  23.2  24.1  19.2  13.4   3.2  -1.1 
1909  -2.6  -3.1   2.0  10.4  15.1  20.2  24.3  25.1  20.1  12.0   4.8  -3.7 
1910  -2.3  -3.3   2.7   9.9  16.0  19.4  23.0  24.0  19.0  13.5   5.2  -4.9 
1911  -5.1  -1.0   4.2   9.4  15.4  19.9  23.2  24.9  20.7  11.4   5.7  -3.3 
1912  -4.8   1.1   4.3   9.8  14.6  20.3  23.5  24.5  17.6  10.9   1.0  -3.3 
1913  -5.4  -3.8   1.8  10.6  13.9  19.6  21.9  23.5  19.0  12.6   4.4  -2.4 
1914  -2.5   0.4   5.1  10.2  16.8  20.9  25.6  25.2  20.4  13.3   5.6  -1.5 
1915  -4.2  -2.8   0.5   9.1  14.8  20.1  24.6  24.1  19.0  14.3   5.7   0.3 
1916  -0.3  -0.9   0.3  10.2  14.0  19.5  23.1  25.2  19.0  12.3   6.0  -1.9 
1917  -9.3  -3.5   2.7   9.9  13.6  21.0  25.2  24.5  19.8  12.8   2.8  -6.2 
1918  -7.8   0.0   4.2  10.6  14.3  19.5  22.9  24.4  19.0  12.5   4.1  -2.0 
1919  -5.0  -1.8   4.8   9.9  15.6  20.5  25.1  26.0  19.2  12.4   5.3  -3.2 
1920  -7.1  -3.3   5.0  10.1  16.8  21.0  24.8  24.7  20.9  14.3   6.8  -1.7 
1921  -3.0  -1.4   3.2  10.6  15.7  19.5  23.5  25.3  19.5  11.9   2.9  -1.2 
1922  -8.1   0.6   2.6  12.0  15.5  21.1  23.6  25.5  20.5  13.7   3.0  -4.4 
1923  -6.1  -3.1   4.7   9.0  16.1  20.4  23.8  25.8  19.1  12.1   4.2  -2.6 
1924  -2.8  -1.9   1.0  10.8  15.5  20.6  25.1  26.7  20.0  12.2   2.8  -2.1 
1925  -4.4  -3.0   1.4   9.5  15.6  20.0  22.9  24.9  19.5  12.9   6.9  -1.9 
1926  -5.1  -2.6   3.0   8.8  16.2  20.1  23.6  25.1  20.0  11.1   5.8  -4.5 
1927  -4.4  -3.0   3.3  11.4  13.3  20.6  25.2  24.7  19.4  12.4   7.2  -2.5 
1928  -5.5  -2.4   4.0  11.8  16.0  21.0  24.5  25.4  20.0  11.9   4.7  -2.4 
1929  -5.1  -2.9   4.3  10.1  16.2  22.4  25.5  25.9  18.5  12.4   4.4   1.0 
1930  -4.8   0.8   6.2  12.2  16.2  20.9  25.0  26.1  19.2  13.6   2.6  -1.3 
1931  -4.2  -2.8   4.6   8.5  15.8  20.9  22.0  24.7  19.8  11.5   7.2  -1.5 
1932  -0.9  -1.5   2.7   9.6  16.5  21.1  25.5  25.3  20.0  11.8   5.3   0.1 
1933  -6.4  -3.5   0.9  10.4  16.3  20.5  25.2  23.8  19.8  12.7   5.2   0.1 
1934  -8.3  -2.1   2.3   9.3  16.9  20.0  23.5  23.8  19.0  11.4   4.0   0.5 
1935  -3.2   0.0   5.4  10.5  16.0  19.9  23.5  24.7  20.0  14.3   6.3  -4.2 
1936  -8.8  -4.2   0.1   9.3  15.8  20.5  23.3  22.4  19.8  12.9   5.4  -0.8 
1937  -3.6   0.3   3.9  10.8  15.8  21.4  24.3  26.4  20.0  13.5   6.9  -4.2 
1938  -6.3  -3.1   5.0  11.6  16.5  19.8  24.9  26.0  19.0  14.7   4.5  -2.6 
1939  -5.2  -1.8   4.4  11.8  15.7  20.6  27.3  27.2  20.7  14.0   5.6  -1.2 
1940  -7.4  -2.1   4.0   9.9  16.3  19.9  23.1  24.0  19.6  14.4   6.5  -0.5 
1941  -3.8  -2.2   4.1  10.2  16.7  21.0  23.4  23.5  19.4  12.6   7.4   0.1 
1942  -6.4  -3.3   6.2  10.1  15.3  21.8  25.7  25.1  19.7  12.2   4.4  -1.5 
1943  -6.6  -2.2   5.7  10.8  16.7  21.3  25.7  27.5  20.6  13.5   5.8  -0.3 
1944  -4.3  -2.2   3.5   9.8  15.9  21.2  25.0  25.2  20.4  13.2   7.5  -6.0 
1945  -7.8  -4.7   2.6  11.2  13.6  19.9  22.9  25.2  21.0  13.2   8.1  -2.0 
1946  -3.2  -0.5   2.8  11.1  16.0  20.7  25.3  25.4  19.6  13.5   8.5  -4.6 
1947  -3.9  -5.1   1.8  10.7  15.9  18.5  22.6  24.8  19.3  11.5   3.2  -5.7 
1948  -4.5  -1.2   5.0  12.7  16.0  20.7  24.0  25.5  19.9  13.0   4.8   3.5 
1949  -3.0   1.5   3.7  10.1  16.4  20.3  24.5  25.8  20.5  13.6   6.7  -1.6 
1950  -1.3  -0.2   4.9  13.3  17.5  20.6  25.7  26.2 -99.0 -99.0 -99.0 -99.0 
1951 -99.0 -99.0 -99.0 -99.0 -99.0 -99.0 -99.0 -99.0 -99.0 -99.0 -99.0 -99.0 
1952 -99.0 -99.0 -99.0 -99.0 -99.0 -99.0 -99.0 -99.0 -99.0 -99.0 -99.0 -99.0 
1953 -99.0 -99.0 -99.0 -99.0 -99.0 -99.0 -99.0 -99.0 -99.0 -99.0 -99.0   0.3 
1954  -1.5   0.6   3.4  12.0  16.6  19.4  21.6  25.4  20.0  12.2   9.2  -3.0 
1955  -5.6   0.1   4.7  11.3  15.9  21.2  24.2  25.9  20.4  12.3   5.6   0.3 
1956  -3.9  -3.2   4.0   9.7  15.1  19.5  24.0  24.5  20.1  12.5   2.9  -5.5 
1957  -3.5  -4.1   0.3  10.6  16.9  19.9  22.1  23.8  18.6  12.2   8.0  -0.8 
1958  -6.0  -0.6   4.0  11.0  16.3  22.0  25.3  23.5  19.5  12.4   6.4   3.7 
1959  -5.1   2.6   6.3  10.4  17.9  20.2  24.1  25.5  20.5  14.5   5.5   0.8 
1960  -3.3   1.9   7.0  10.8  16.5  20.4  24.5  25.9  20.5  14.8   6.8  -2.1 
1961  -5.5  -1.0   5.3  11.6  17.0  21.5  25.8  26.4  21.1  15.1   8.3  -1.1 
1962  -3.7  -0.8   3.1   9.9  17.3  20.7  25.6  24.7  19.9  13.1   5.8   0.6 
1963  -9.4  -2.5   5.4  11.3  16.6  20.8  24.0  25.3  20.1  13.0   5.9   0.3 
1964  -0.4  -3.6   3.7  14.0  18.3  21.2  24.2  25.9  19.9  13.3   5.7  -0.3 
1965  -4.5  -1.3   2.6  10.2  17.0  21.7  23.6  24.0  20.5  14.3   6.4  -2.5 
1966  -4.9   0.0   4.7  11.7  18.0  20.1  23.1  26.3  19.3  13.9   5.3  -3.5 
1967  -4.7  -2.5   4.7  11.7  19.0  20.9  25.0  26.3  20.3  14.0   5.9  -5.4 
1968  -4.3  -4.5   4.3  12.5  16.9  20.6  24.2  24.5  20.5  12.5   7.0   2.6 
1969  -3.8  -2.8   2.8  10.5  16.1  19.6  23.5  24.4  20.4  13.4   4.4  -2.5 
1970  -5.1  -0.3   0.3  12.1  18.4  20.1  22.5  25.5  20.8  14.4   5.1  -1.5 
1971  -2.7  -0.8   1.9  11.1  16.3  21.2  23.5  24.2  20.2  12.5   8.1  -1.7 
1972   0.5  -0.7   5.2  11.4  16.1  21.3  25.2  22.7  18.6  13.3   4.6   0.1 
1973   0.2   0.4   4.3  12.2  17.2  21.1  26.6  25.7  20.1  12.8   4.5  -3.2 
1974  -2.6  -2.3   3.5  10.5  16.5  19.5  23.3  24.9  20.4  12.4   5.2  -0.7 
1975  -2.9  -1.0   4.2  13.1  16.5  21.1  24.7  26.8  22.4  15.2   8.8  -1.8 
1976  -4.0   2.6   4.6  11.1  16.5  21.0  22.9  23.5  19.7  13.5   3.3   0.2 
1977  -6.9  -2.6   5.2  12.3  17.2  22.2  25.8  24.4  21.3  16.5   7.4   2.2 
1978  -2.6  -2.7   4.0  11.3  18.3  21.6  26.2  25.6  20.7  14.3   7.7   1.4 
1979   0.7   0.4   5.8  11.0  16.3  21.1  24.1  25.2  19.9  15.7   5.5   1.2 
1980  -3.9  -3.3   5.0   9.9  16.3  21.4  22.5  22.6  19.4  12.8   8.4  -4.0 
1981  -7.0  -1.4   0.7  11.9  15.9  21.8  25.4  24.5  20.0  13.4   3.6   0.1 
1982  -3.6   0.6   5.9  12.3  17.9  21.9  25.1  25.4  20.8  15.8   7.9  -0.1 
1983  -1.7  -1.7   6.4  13.6  18.5  22.2  23.6  26.0  22.0  14.2   6.7  -1.1 
1984  -5.9  -3.5   2.5  12.1  18.2  22.6  25.2  26.3  20.1  13.8   8.1  -0.9 
1985  -5.9  -0.3   4.3  11.6  18.1  22.1  25.3  26.3  20.2  14.7   5.6  -3.4 
1986  -5.4  -3.4   4.9  11.9  17.1  21.9  23.5  24.5  19.9  12.7   5.2   1.9 
1987  -3.0  -0.1   4.0  10.8  17.0  22.4  23.7  24.4  20.1  15.5   7.5   0.9 
1988  -2.1  -1.5   4.3  11.3  17.9  22.3  24.4  26.4  21.4  15.0   5.5   0.1 
1989   0.8   2.4   6.1  14.3  17.9  21.2  24.5  25.5  20.7  13.6   7.1   1.4 
1990  -3.2   2.7   7.2  11.3  16.2  20.7  24.9  26.4  21.1  15.4  10.0   0.8 
1991  -2.6  -0.9   4.9  13.0  17.5  22.6  24.3  25.5  21.1  13.8   6.5   2.2 
1992  -0.2   0.7   7.6  12.0  16.4  20.9  24.8  24.8  24.8  14.0   6.2   1.5 
1993  -1.9   0.9   5.8  10.6  18.2  21.3  23.3  23.2  21.2  13.4   8.5  -0.2 
1994  -0.9   7.9   4.0  15.2  17.9  22.8  28.5  27.6  21.0  15.2   9.3   1.1 
1995  -2.1   1.2   6.0  11.3  17.1  21.6  24.5  26.0  20.0  15.5   6.2 -10.0 
1996  -2.2  -1.8   4.9  10.2  18.4  22.3  25.0  26.0  22.0  14.5   6.1   1.6 
1997  -3.3   0.7   6.8  13.0  17.0  23.4  26.1  26.8  20.2  13.4   8.8   1.8 
1998  -1.3   3.4   7.3  15.6  19.0  21.9  24.9  25.0  23.0  17.0   7.3   2.3 
1999  -0.8   0.7   6.7  13.9  17.5  23.1  25.9  26.0  22.9  14.3   7.9   0.4 
2000  -2.1  -1.7   6.3  11.9  17.5  23.7  26.8  26.2  20.7  14.9   7.0   0.9 
2001  -4.1  -0.3   5.0  13.6  19.1  22.5  25.9  26.5  22.5  16.5   7.0  -0.6 
2002   0.3   2.9   7.6  13.6  18.2  22.2  25.2  24.2  21.6  12.8   4.0   1.7 
2003  -2.5   2.7   6.5  13.2  19.6  21.5  23.8  24.1  20.9  13.9   9.5   0.7 
2004  -1.5   2.3   6.3  13.1  17.6  23.2  24.8  26.1  21.7  15.2   9.1   1.9 
2005  -2.5  -1.9   4.1  13.2  17.7  22.7  25.3  25.1  21.8  14.7   8.6  -3.9 
2006  -0.2   0.1   5.2  11.6  18.4  21.8  23.1  27.0  21.1  17.9   8.4   1.4 
2007   0.4   4.0   6.1  11.4  18.1  23.2  24.2  26.5  21.5  15.1   6.7   1.8 
2008  -1.7  -1.2   7.3  14.1  17.7  21.5  25.1  25.3  22.0  16.1   7.6   1.1 
2009  -2.0   2.9   6.0  12.7  19.1  22.4  24.3  25.7  21.8  16.0   6.9  -1.0 
2010  -4.5   1.4   4.3   9.5  17.2  23.4  25.8  26.5  21.8  14.5   6.5  -1.3 
2011  -7.2   1.2   3.6  10.7  17.9 -99.0 -99.0 -99.0 -99.0 -99.0 -99.0 -99.0 
