Number= 471350
Name= CHUPUNGNYONG--------
Country= REPUBLIC-OF-
Lat=   36.2
Long= -128.0
Height= 249
Start year= 1949
End year= 2007
First Good year= 1949
Source ID= 30
Source file= Jones+Anders
Jones data to= 1993
Normals source= Data
Normals source start year= 1961
Normals source end year= 1990
Normals=  -3.1  -1.2   4.2  11.6  17.1  20.9  24.1  24.4  19.0  12.8   5.8  -0.4 
Standard deviations source= Data
Standard deviations source start year= 1949
Standard deviations source end year= 1990
Standard deviations=   1.8   1.7   1.3   0.9   0.8   0.8   1.2   1.2   0.8   1.0   1.4   1.7 
Obs:
1949  -2.2   1.3   3.4   9.7  17.1  19.2  23.3  25.1  19.7  12.7   6.2  -0.3 
1950  -0.7  -0.7   4.4  12.3  17.3 -99.0 -99.0 -99.0 -99.0 -99.0 -99.0 -99.0 
1951 -99.0 -99.0 -99.0 -99.0 -99.0 -99.0 -99.0 -99.0 -99.0 -99.0 -99.0 -99.0 
1952 -99.0  -1.0 -99.0 -99.0 -99.0 -99.0 -99.0 -99.0 -99.0  11.4   7.2  -1.6 
1953  -4.4  -2.1   4.4   9.9  16.5  19.9  24.7  24.5  19.5  14.0   4.9   1.3 
1954  -1.1   0.4   3.9  11.6  16.3  18.1  21.7  25.3  19.4  11.3   8.8  -1.3 
1955  -4.7   0.5   4.8  11.3  16.4  21.5  24.7  24.2  19.1  11.4   5.4   1.1 
1956  -3.1  -2.9   3.8  10.0  15.3  19.4  24.3  23.0  18.5  11.9   3.0  -3.8 
1957  -2.0  -3.4   0.7  10.7  17.0  19.5  22.6  23.2  17.0  12.0   7.3   0.1 
1958  -4.8  -0.1   4.6  11.3  16.2  22.0  24.6  22.5  18.6  11.4   6.6   3.5 
1959  -4.1   2.0   6.0  10.5  17.7  20.5  24.5  24.5  19.6  13.4   5.8   1.0 
1960  -3.1   1.4   6.8  10.5  16.4  20.8  25.4  25.4  19.2  13.0   6.4  -1.5 
1961  -4.6  -1.1   5.2  12.3  17.4  21.3  26.2  25.8  20.5  14.4   7.6  -0.5 
1962  -3.2  -0.4   3.4  10.4  18.4  21.2  25.2  24.7  18.9  12.3   5.2   1.4 
1963  -7.7  -2.6   5.2  11.0  16.7  20.0  24.4  24.7  19.0  11.7   6.1   0.8 
1964  -0.7  -3.3   4.0  13.1  18.2  21.0  25.7  25.9  19.9  12.8   6.2   0.0 
1965  -4.2  -1.3   2.9  10.1  17.5  21.7  23.2  24.7  19.2  13.8   6.7  -1.6 
1966  -3.7   0.2   4.5  11.0  17.4  20.6  24.0  26.0  18.4  13.2   5.2  -2.3 
1967  -4.4  -2.2   4.6  11.4  19.3  21.6  24.9  26.6  19.0  12.8   5.8  -4.1 
1968  -3.1  -4.5   4.3  12.4  16.9  21.4  24.5  23.7  19.1  11.4   6.2   2.7 
1969  -3.3  -2.8   2.6  11.0  17.0  20.1  23.3  24.0  19.2  11.8   4.2  -2.1 
1970  -4.8   0.0   0.5  11.1  17.3  19.6  23.3  24.8  20.0  13.2   4.3  -1.0 
1971  -3.0  -1.7   2.0  11.4  17.0  20.9  24.7  23.5  19.1  11.4   6.8  -1.0 
1972   0.0  -0.7   4.5  11.1  15.4  21.0  24.5  23.1  17.8  12.6   4.8  -0.4 
1973  -0.5   0.4   4.1  12.5  16.6  20.6  26.3  26.0  18.7  11.7   4.3  -2.7 
1974  -3.3  -2.5   3.1  11.1  17.0  19.9  21.9  24.5  18.5  12.1   4.4  -1.1 
1975  -2.6  -1.1   3.9  12.1  15.9  20.7  24.3  25.1  21.0  13.6   7.6  -1.1 
1976  -3.7   1.9   4.2  10.5  15.9  20.3  22.2  23.5  17.9  12.4   3.2  -0.4 
1977  -6.4  -2.3   5.0  12.6  17.5  21.2  25.7  23.0  20.0  15.0   6.3   1.8 
1978  -1.9  -1.9   4.1  12.3  18.3  21.8  26.3  25.2  19.2  12.9   7.1   1.2 
1979   0.3   0.8   5.2  10.7  16.2  21.3  23.6  24.0  18.0  13.8   4.8   0.9 
1980  -3.2  -2.7   4.9  10.2  16.9  21.6  22.0  20.7  17.7  11.5   7.1  -3.2 
1981  -5.5  -1.8   5.7  12.5  16.8  21.2  25.1  23.1  18.0  11.5   3.2  -0.3 
1982  -3.3  -0.3   5.5  11.9  18.1  21.3  23.5  24.2  18.4  13.8   7.2  -0.6 
1983  -1.8  -2.1   5.0  12.9  17.4  21.5  23.3  24.6  20.3  13.0   5.3  -1.2 
1984  -4.9  -3.5   2.3  11.3  17.8  21.4  24.2  25.8  18.5  12.1   6.7  -0.9 
1985  -4.8   0.0   4.4  11.8  17.5  20.3  24.4  25.4  19.5  13.9   5.8  -2.5 
1986  -3.8  -2.6   4.6  12.2  16.7  20.8  22.3  23.6  18.2  11.3   5.1   2.1 
1987  -1.9   0.7   4.4  11.2  17.0  20.8  23.2  23.6  17.9  13.9   6.3   1.0 
1988  -1.3  -1.5   3.5  11.3  16.7  21.3  23.0  24.1  19.2  13.6   5.3   0.1 
1989   0.3   1.6   5.3  13.8  17.5  19.9  22.9  23.5  19.1  12.3   6.5   2.1 
1990  -2.9   2.4   6.6  10.8  16.1  20.7  24.7  25.4  20.1  13.7   9.3   0.6 
1991  -1.8  -1.3   4.6  12.0  16.3  21.9  23.3  22.8  19.4  12.5   5.6   2.1 
1992   0.1   0.1   6.3  11.8  15.7  20.1  24.8  23.3  19.1  12.4   5.7   1.5 
1993  -1.7   1.1   4.8  11.3  16.7  21.0  21.5  21.2  18.8  11.8   7.4   0.0 
1994 -99.0 -99.0 -99.0 -99.0 -99.0 -99.0 -99.0 -99.0 -99.0 -99.0 -99.0 -99.0 
1995 -99.0 -99.0 -99.0 -99.0 -99.0 -99.0 -99.0 -99.0 -99.0 -99.0 -99.0 -99.0 
1996 -99.0 -99.0 -99.0 -99.0 -99.0 -99.0 -99.0 -99.0 -99.0 -99.0 -99.0 -99.0 
1997 -99.0 -99.0 -99.0 -99.0 -99.0 -99.0 -99.0 -99.0 -99.0 -99.0 -99.0 -99.0 
1998 -99.0 -99.0 -99.0 -99.0 -99.0 -99.0 -99.0 -99.0 -99.0 -99.0 -99.0 -99.0 
1999 -99.0 -99.0 -99.0 -99.0 -99.0 -99.0 -99.0 -99.0 -99.0 -99.0 -99.0 -99.0 
2000 -99.0 -99.0 -99.0 -99.0 -99.0 -99.0 -99.0 -99.0 -99.0 -99.0 -99.0 -99.0 
2001 -99.0 -99.0 -99.0 -99.0 -99.0 -99.0 -99.0 -99.0 -99.0 -99.0 -99.0 -99.0 
2002 -99.0 -99.0 -99.0 -99.0 -99.0 -99.0 -99.0 -99.0 -99.0 -99.0 -99.0 -99.0 
2003 -99.0 -99.0 -99.0 -99.0 -99.0 -99.0 -99.0 -99.0 -99.0 -99.0 -99.0 -99.0 
2004 -99.0 -99.0 -99.0 -99.0 -99.0 -99.0 -99.0 -99.0 -99.0 -99.0 -99.0 -99.0 
2005 -99.0 -99.0 -99.0 -99.0 -99.0 -99.0 -99.0 -99.0 -99.0 -99.0 -99.0 -99.0 
2006 -99.0 -99.0 -99.0 -99.0 -99.0 -99.0 -99.0 -99.0 -99.0 -99.0 -99.0 -99.0 
2007 -99.0 -99.0 -99.0 -99.0 -99.0 -99.0 -99.0 -99.0 -99.0 -99.0 -99.0 -99.0 
