Number= 474120
Name= SAPPORO
Country= JAPAN
Lat=   43.1
Long= -141.3
Height= 17
Start year= 1889
End year= 2011
First Good year= 1889
Source ID= 10
Source file= Jones+Anders
Jones data to= 2001
Normals source= Data
Normals source start year= 1961
Normals source end year= 1990
Normals=  -4.6  -4.0  -0.1   6.5  12.0  16.1  20.2  21.7  17.2  10.8   4.3  -1.4 
Standard deviations source= Data
Standard deviations source start year= 1941
Standard deviations source end year= 1990
Standard deviations=   1.4   1.5   1.2   1.2   1.1   1.1   1.4   1.4   0.9   1.0   1.3   1.8 
Obs:
1889  -7.2  -4.7  -1.1   5.1   9.6  14.5  20.1  21.3  15.3   8.2   1.9  -2.0 
1890  -6.4  -2.8   1.7   7.4  12.5  16.0  19.9  23.4  20.0   9.6   4.2   1.5 
1891  -7.0  -4.2   2.2   5.5  12.3  16.7  19.7  19.7  16.3   9.6   3.3  -1.7 
1892  -6.4  -5.2  -3.4   5.3  11.5  16.4  22.1  21.3  18.4   9.4   1.9  -5.7 
1893  -6.6  -6.9  -0.9   5.4   9.2  15.4  18.6  21.2  14.9  10.3   4.1  -3.1 
1894  -6.4  -4.1  -0.4   6.7  10.0  18.3  21.4  21.1  16.8   8.8   4.5  -2.5 
1895  -8.3  -4.2  -3.2   5.6  11.2  14.5  18.0  21.6  16.8  10.8   2.5  -1.8 
1896  -5.3  -5.1  -2.8   6.1  12.9  17.0  19.1  21.8  16.1   9.1   3.9  -3.2 
1897  -5.8  -4.7  -2.2   3.8  10.4  13.6  18.9  20.8  16.0   9.0   3.2  -5.4 
1898  -5.0  -5.3  -5.2   5.3   9.6  15.2  20.2  21.4  14.8   8.9   3.3  -1.2 
1899  -4.3  -3.8  -1.0   6.1  12.4  16.0  20.3  20.2  15.2   9.9   2.7  -2.8 
1900  -7.0  -6.7  -2.5   5.4  11.4  15.2  18.0  21.5  16.5  10.4   4.2  -2.9 
1901  -4.8  -4.6  -1.0   7.4  12.0  14.7  19.0  21.4  16.3  10.0   3.5  -4.2 
1902  -6.9  -5.7  -0.1   4.8   9.8  13.7  17.2  18.5  17.7  10.5   4.3   0.3 
1903  -2.1  -4.0   1.6   8.0  10.4  14.5  18.7  19.8  17.4   9.1   2.3  -4.5 
1904  -7.0  -3.1  -0.4   6.6  11.4  17.2  20.2  22.6  15.6   9.9   1.9  -1.7 
1905  -2.7  -6.4  -1.7   3.4  11.8  15.8  19.4  19.3  16.4  10.4   3.4  -1.5 
1906  -6.5  -6.1  -0.7   5.7  11.7  13.6  20.8  20.4  15.3   9.7   0.3  -1.8 
1907  -4.8  -5.4  -1.8   6.3  11.2  14.2  18.9  23.9  16.3   8.8   2.8  -4.6 
1908  -7.9  -5.7  -2.5   5.5   9.8  14.2  18.2  22.6  15.7   9.6   1.0  -3.8 
1909  -8.8  -5.2  -3.1   6.9  11.6  16.0  19.8  21.4  16.4   8.5   3.9  -3.6 
1910  -4.3  -5.0  -1.6   6.0  11.2  15.9  19.6  21.2  15.5  10.6   3.2  -5.9 
1911  -5.8  -4.7  -0.4   5.7  11.9  16.4  19.4  20.3  17.6  10.6   5.9  -2.8 
1912  -5.1  -3.1  -1.2   5.3  10.3  15.6  18.8  21.4  14.8   9.2   0.7  -4.9 
1913  -8.1  -4.7  -2.1   6.2  10.0  13.5  17.7  19.0  14.3   9.6   2.7  -2.9 
1914  -2.7  -3.8   1.7   5.3  13.1  15.5  19.3  20.9  17.3   9.9   5.6  -3.2 
1915  -6.3  -3.7  -1.7   4.5   8.8  16.8  18.7  21.9  17.9  11.4   4.0  -0.5 
1916  -3.2  -3.6  -2.6   4.6  10.3  17.4  20.9  23.5  17.1  10.6   4.8  -2.3 
1917  -6.0  -4.4  -1.3   5.4  10.4  15.3  20.4  22.0  16.9  11.5   2.3  -0.2 
1918  -5.4  -4.1  -0.3   5.7  11.6  15.9  20.7  22.0  18.2  10.2   3.1  -3.7 
1919  -6.4  -4.2  -0.6   5.4  10.8  14.9  21.3  20.5  17.6  11.3   5.2  -1.7 
1920  -1.4  -5.6   0.3   6.9  11.7  17.1  22.1  23.1  16.1   9.9   5.1  -3.5 
1921  -5.5  -4.3  -1.2   7.3  10.5  15.2  21.2  21.8  17.4  10.2   2.6  -2.4 
1922  -9.6  -1.5  -2.0   6.9  10.5  16.2  20.7  21.8  17.2  11.7   3.8  -2.9 
1923  -6.5  -5.1   0.2   5.2  11.3  15.1  19.6  21.6  17.4  10.7   4.1  -1.8 
1924  -5.8  -5.0  -3.8   7.1  10.1  15.6  23.6  22.8  17.1   9.7   4.4  -3.3 
1925  -4.8  -4.8  -3.0   5.5  11.2  17.7  19.7  23.2  18.1  11.0   4.3  -0.8 
1926  -5.6  -2.9  -0.6   3.8  10.6  15.1  19.7  20.5  17.5   8.2   3.2  -2.3 
1927  -5.2  -6.8  -1.0   7.4  10.6  15.4  21.8  22.6  16.6  11.4   5.1  -2.3 
1928  -4.6  -5.7   0.1   6.2  12.2  15.4  21.3  23.2  18.9  11.5   4.8  -3.2 
1929  -6.4  -5.5  -1.2   4.2  10.6  15.0  22.2  21.9  16.0  11.6   3.6  -1.0 
1930  -6.6  -3.4   1.0   6.2  11.5  15.7  21.0  22.8  17.7  11.2   3.4  -3.8 
1931  -7.1  -7.2   0.1   4.8   9.8  14.1  16.8  21.9  17.5  10.8   4.6  -2.0 
1932  -1.9  -4.9  -0.7   5.9  12.1  16.6  19.3  20.4  16.7  11.7   5.6  -1.0 
1933  -6.2  -6.4  -3.1   4.8  12.1  15.9  23.2  23.4  17.0   9.6   4.1  -1.5 
1934  -4.3  -4.2  -1.0   5.4  11.5  17.4  18.5  20.2  16.4   9.7   4.0  -2.0 
1935  -4.9  -2.2   0.2   6.0  11.0  15.5  20.0  19.9  16.4  12.5   3.9  -3.6 
1936  -5.4  -3.6  -0.9   5.0  10.8  16.9  19.8  21.1  17.9  10.8   3.9  -0.9 
1937  -4.8  -2.8  -1.2   5.5  10.3  15.4  22.9  22.3  16.7  10.2   3.3  -4.4 
1938  -5.4  -4.3   0.5   7.0  13.0  16.0  20.7  24.1  17.2   9.8   3.4  -3.8 
1939  -7.2  -5.3  -0.7   5.3  11.0  16.8  21.1  22.1  18.7  10.3   3.9  -2.4 
1940  -7.3  -4.6   0.1   4.8  11.5  14.6  20.0  21.0  15.2  11.0   5.2  -0.8 
1941  -5.4  -5.0  -1.3   4.7  10.6  14.9  17.5  19.6  16.6  10.6   3.9  -1.6 
1942  -7.1  -7.0   0.1   6.2  10.6  15.8  20.4  20.0  16.3  10.3   3.3  -3.5 
1943  -5.6  -4.8  -1.0   5.1  10.6  16.7  22.3  23.6  17.9  10.7   2.5  -2.7 
1944  -6.4  -6.3  -1.2   3.8  11.7  16.3  21.2  22.7  17.7  10.5   2.8  -6.9 
1945  -8.8  -6.5  -1.3   5.8   9.1  13.9  16.7  22.1  16.1  10.8   4.2  -4.1 
1946  -5.3  -5.2  -2.8   6.1  10.1  18.1  21.4  24.2  17.2  11.7   5.1  -2.8 
1947  -4.4  -5.3  -1.4   5.9  11.3  14.5  20.4  21.1  15.9   9.6   2.4  -4.4 
1948  -2.4  -4.1  -0.4   8.0  13.5  16.4  21.7  23.7  17.1  10.5   3.5  -0.2 
1949  -1.9  -1.4  -2.1   4.2  13.1  15.2  20.4  23.5  17.7  10.7   2.8  -3.7 
1950  -4.8  -3.1  -0.3   6.8  12.5  16.4  22.8  24.0  17.1   8.3   3.7  -2.9 
1951  -6.3  -5.0  -1.2   5.8  12.2  15.9  19.7  24.0  15.6   9.7   4.0  -0.5 
1952  -4.8  -6.9  -1.4   6.1  11.4  16.4  20.4  21.3  16.4  10.5   1.5  -6.0 
1953  -6.6  -6.1  -0.3   5.5  11.3  15.5  20.1  20.2  16.8  10.3   0.3  -1.8 
1954  -5.5  -3.1  -1.3   6.8  10.6  13.8  17.7  20.6  18.0   9.4   3.7   0.8 
1955  -5.8  -3.7  -0.8   6.0  10.2  16.3  23.7  22.3  16.2  10.8   3.8  -0.1 
1956  -5.2  -4.6   0.0   6.4  14.1  14.9  18.2  19.1  17.7  11.9   3.5  -3.8 
1957  -4.2  -5.1  -1.8   6.6  12.2  14.0  19.7  21.6  15.8  10.8   5.3  -0.1 
1958  -3.9  -2.3  -0.5   5.9  11.4  16.0  20.1  20.7  17.0  10.4   4.2  -0.1 
1959  -5.4  -1.9   1.6   8.4  12.9  15.7  20.1  21.3  17.2  11.3   3.4  -2.4 
1960  -6.2  -3.2  -0.4   5.2  11.0  15.3  20.0  23.0  18.0  10.2   4.6  -3.0 
1961  -6.2  -4.0   0.0   7.4  12.5  17.5  21.6  21.7  19.3  10.9   4.2  -1.2 
1962  -3.6  -3.9  -0.8   8.4  12.7  16.1  20.1  20.5  17.7   9.7   3.6  -0.9 
1963  -4.7  -2.9   1.1   6.6  12.9  15.6  20.3  21.5  16.0  10.6   5.4   0.1 
1964  -3.8  -6.1   0.1   6.2  12.7  15.8  18.7  21.5  15.7   9.4   3.9  -1.7 
1965  -2.8  -4.3  -1.2   4.6  11.8  16.1  18.6 -99.0  17.2  10.5   3.7  -2.0 
1966  -4.7  -3.8   0.8   5.4  12.2  15.7  18.5  22.0  15.8  12.3   4.9  -4.2 
1967  -6.3  -4.4   0.6   6.5  13.6  15.7  20.9  22.1  16.3  10.4   2.7  -2.1 
1968  -3.4  -4.7   1.7   7.1  11.6  16.7  20.6  20.8  17.1   8.7   6.2   0.6 
1969  -5.5  -5.3  -1.4   6.0  11.0  15.0  20.6  19.6  16.4   9.8   3.8  -3.6 
1970  -5.9  -3.0  -3.0   5.9  13.8  16.0  21.4  21.5  17.4  11.2   4.9  -2.2 
1971  -5.0  -3.7   0.0   6.4  10.4  14.4  19.0  20.3  15.6  10.5   4.4  -1.4 
1972  -3.9  -3.8   0.2   6.9  11.8  15.7  20.6  21.7  16.8  11.9   3.7   0.0 
1973  -2.7  -2.3  -1.9   6.8  12.1  15.8  20.6  23.0  16.8  10.3   3.7  -1.9 
1974  -3.3  -3.2  -0.9   6.4  12.0  16.1  19.9  21.3  17.3  10.5   3.1  -4.0 
1975  -4.2  -4.4  -0.3   7.6  11.9  16.5  19.9  22.3  18.6  10.4   4.8  -3.1 
1976  -4.1  -2.8   0.0   5.9  12.7  15.4  20.4  19.4  16.2  10.5   2.8  -2.0 
1977  -7.5  -5.5  -0.1   5.2  11.2  15.9  21.3  20.3  17.4  11.3   5.2  -0.6 
1978  -5.2  -7.6  -0.7 -99.0  12.0  17.8  23.2  23.2  17.0   9.7   4.5  -1.0 
1979  -5.3  -2.6  -0.6   4.6  10.9  17.5  19.4  22.1  16.9  12.5   4.7   0.9 
1980  -3.9  -5.7  -0.5   4.1  12.3  17.6  19.4  19.0  16.9  10.8   5.1  -0.3 
1981  -4.9  -3.2  -0.5   6.6  10.3  14.9  21.0  20.9  16.2  11.0   1.8  -0.2 
1982  -4.4  -4.6   0.7   6.1  13.0  15.8  20.4  22.8  17.8  12.5   5.9   0.3 
1983  -2.9  -4.5   0.1   9.5  12.4  13.6  18.2  22.3  17.7   9.7   5.1  -1.8 
1984  -4.7  -5.6  -2.2   5.0  11.4  18.2  22.1  23.6  17.7  10.3   3.7  -2.1 
1985  -6.9  -2.2  -0.1   7.6  12.4  15.5  20.3  24.6  17.1  10.9   4.1  -3.5 
1986  -5.8  -5.5  -0.4   6.9  11.4  16.1  18.2  22.3  18.1   8.9   3.5  -1.5 
1987  -4.9  -3.8  -0.1   6.0  12.0  17.3  20.6  20.6  17.8  11.9   3.6  -2.3 
1988  -3.8  -5.2  -0.1   7.1  11.4  16.6  18.3  22.9  17.6  10.9   2.9  -0.4 
1989  -1.9  -1.4   2.4   7.3  11.4  15.2  21.0  23.0  18.4  11.8   6.6  -0.6 
1990  -4.9  -0.7   2.9   7.9  13.4  17.7  20.8  23.1  18.7  13.0   7.5   1.9 
1991  -1.2  -2.8   0.3   8.0  13.8  18.8  20.2  21.5  18.4  12.7   4.7  -0.9 
1992  -2.4  -2.5   1.0   6.9  11.7  16.4  20.7  21.1  16.2  11.6   4.8   0.1 
1993  -1.7  -2.1   1.3   6.2  11.9  15.4  19.1  20.0  17.5  11.5   5.8  -0.1 
1994  -4.7  -1.3  -0.5   7.0  13.5  16.9  22.2  24.8  19.8  12.4   5.4  -1.4 
1995  -3.3  -2.3   0.9   7.3  13.3  15.6  21.5  21.3  17.4  13.1   5.5   0.0 
1996  -3.7  -3.4   0.5   5.8  10.5  15.7  20.4  20.9  18.2  11.5   4.1  -0.7 
1997  -2.5  -1.8   0.2   7.2  11.9  15.8  22.0  20.5  17.1  10.8   7.1   0.4 
1998  -5.9  -3.6   1.6   9.0  13.5  15.5  20.3  21.1  19.2  13.2   3.2  -1.7 
1999  -3.2  -3.6  -0.5   6.9  11.9  17.8  22.1  24.9  19.7  11.9   5.5  -1.1 
2000  -3.1  -3.8   0.2   6.1  14.0  16.7  22.2  23.9  18.6  11.6   3.9  -2.5 
2001  -5.7  -5.5   0.2   8.3  13.4  16.7  20.7  21.1  17.1  12.1   5.0  -3.4 
2002  -2.5  -0.6   2.5   9.6  13.6  15.9  20.5  20.1  17.7  12.0   2.8  -3.0 
2003  -3.6  -3.5   0.7   8.2  12.9  17.1  17.7  20.7  17.5  11.6   6.2   0.0 
2004  -2.5  -1.3   0.7   6.6  13.8  18.5  21.3  21.9  18.4  12.5   7.2  -0.8 
2005  -3.5  -3.9   0.1   6.2  10.7  18.3  20.1  23.5  18.8  13.2   5.5  -2.6 
2006  -4.1  -2.7   1.3   5.2  12.9  15.7  20.6  24.3  18.5  11.7   6.2  -0.5 
2007  -1.8  -1.5   0.9   6.3  12.5  18.8  19.6  23.5  19.1  11.7   3.9  -0.6 
2008  -4.3  -3.4   3.3   9.4  12.4  17.0  21.4  21.2  19.2  12.9   4.6   0.8 
2009  -1.3  -2.2   1.5   7.7  13.9  17.5  19.7  21.5  17.8  12.5   5.1  -0.7 
2010  -2.0  -3.2  -0.1   5.5  12.2  19.2  22.1  24.8  20.0  12.2   5.9   0.6 
2011  -3.8  -1.1   0.7   6.9  11.1 -99.0 -99.0 -99.0 -99.0 -99.0 -99.0 -99.0 
