Number= 475900
Name= SENDAI
Country= JAPAN
Lat=   38.3
Long= -140.9
Height= 39
Start year= 1951
End year= 2011
First Good year= 1951
Source ID= 10
Source file= Jones+Anders
Jones data to= 2001
Normals source= Data
Normals source start year= 1961
Normals source end year= 1990
Normals=   1.0   1.3   4.2  10.0  14.9  18.3  22.0  24.1  20.1  14.4   8.9   4.0 
Standard deviations source= Data
Standard deviations source start year= 1951
Standard deviations source end year= 1990
Standard deviations=   1.0   1.3   1.2   1.0   0.8   1.2   1.4   1.2   1.0   0.8   1.1   1.3 
Obs:
1951  -0.9   1.3   3.8   9.5  14.2  18.2  21.6  25.2  18.4  14.2   7.9   4.7 
1952   0.8  -1.0   3.4   9.4  14.3  18.4  22.2  23.5  19.9  13.9   8.3   1.8 
1953   0.3   0.4   5.5   9.0  13.8  17.1  22.0  22.4  19.3  14.3   6.8   4.2 
1954   0.8   3.0   4.2  11.1  14.7  15.8  19.4  24.5  21.6  13.3   8.5   3.6 
1955   0.5   2.1   4.6  10.4  14.3  19.9  24.9  24.6  19.2  14.8   7.8   4.8 
1956   0.7   0.1   4.3   9.4  15.0  18.6  20.6  22.0  19.9  14.9   8.3   1.4 
1957   1.7   0.1   2.8  10.3  14.1  16.7  21.4  24.4  18.8  14.5   9.3   4.6 
1958   1.1   2.3   4.2   9.6  14.4  19.0  22.0  22.8  19.7  13.4   7.8   5.5 
1959   0.7   3.6   5.8  11.4  15.5  18.0  22.6  23.2  20.9  15.1   9.1   3.7 
1960   0.5   2.7   6.7   9.1  14.7  18.5  22.8  24.7  20.8  14.1   9.6   3.4 
1961  -0.3   0.9   4.3  11.2  16.5  19.3  24.4  24.0  22.3  15.2   9.6   3.7 
1962   1.6   1.8   4.0  10.4  15.4  18.3  22.2  25.2  20.9  13.6   8.6   4.3 
1963   0.3   1.5   4.4  10.8  15.0  18.2  21.8  23.9  19.0  13.7   9.1   5.0 
1964   1.8   0.3   4.0  10.8  15.2  18.5  22.5  24.9  18.9  13.3   8.5   3.8 
1965   1.9   0.9   3.0   8.0  14.4  18.4  20.9  24.3  20.3  14.0   8.8   3.8 
1966   0.9   2.8   5.7  10.1  15.0  17.0  21.6  24.0  20.0  15.9   9.0   1.6 
1967  -0.1   0.8   5.3  10.7  16.3  20.1  23.8  24.9  19.5  14.2   8.1   2.6 
1968   1.1  -0.1   5.7   9.8  13.5  18.5  22.5  23.5  19.7  13.1   9.8   6.2 
1969   0.9   0.9   3.3  10.5  15.6  18.9  21.3  23.8  20.2  13.9   8.7   2.2 
1970   0.4   1.6   1.0   9.4  16.0  18.8  22.7  23.6  20.4  14.3   8.2   2.7 
1971   1.7   1.5   4.0   9.5  14.3  18.1  23.1  23.1  18.0  13.1   8.7   3.8 
1972   2.6   1.5   5.4  10.4  15.3  18.7  22.6  24.1  19.9  15.4   8.8   4.9 
1973   2.9   3.2   3.2  11.3  14.8  16.7  22.8  26.4  20.4  14.1   7.9   2.6 
1974   0.8   0.8   2.6   9.7  15.1  17.9  20.3  23.9  19.4  14.3   7.1   1.8 
1975   0.8   0.8   4.2  10.7  14.7  18.3  22.6  24.9  21.8  14.6   9.9   3.4 
1976   1.2   2.3   4.7   9.5  15.2  18.1  20.8  21.5  19.1  14.5   7.5   2.8 
1977  -1.5   1.0   4.9   9.6  13.7  17.6  22.8  22.7  21.1  15.6  10.7   4.7 
1978   1.1  -0.9   4.0 -99.0  14.6  20.2  25.0  25.6  19.5  13.6   8.8   5.4 
1979   2.7   4.1   4.9   9.3  14.9  21.4  22.0  24.9  20.6  16.5  10.5   5.7 
1980   1.4  -0.2   3.8   9.2  15.6  20.2  19.9  20.1  19.6  14.3   9.6   3.6 
1981   0.0   1.4   4.0  10.0  13.3  15.5  23.0  23.3  18.5  14.2   6.5   4.1 
1982   1.1   0.9   5.1   9.6  16.3  18.0  20.3  23.7  19.7  15.1  10.1   5.6 
1983   2.2   0.6   4.3  12.4  15.3  16.4  19.9  24.0  20.4  13.7   8.1   2.8 
1984  -0.5  -1.0   1.5   6.9  12.4  17.8  22.3  25.7  19.9  13.5   8.0   3.1 
1985  -1.1   2.4   3.7   9.9  15.0  17.4  23.3  26.2  20.2  14.4   9.2   3.0 
1986   0.1  -0.3   3.8   9.4  14.5  17.4  20.1  23.6  21.1  13.1   7.8   5.0 
1987   1.0   1.9   4.5   9.3  14.9  18.8  23.1  23.3  20.3  15.3   9.0   4.8 
1988   2.5  -0.1   4.1  10.2  14.3  18.2  18.6  24.5  19.8  14.2   7.2   4.4 
1989   3.1   3.3   6.2  11.3  14.5  17.0  21.1  24.5  20.9  14.5  10.9   5.0 
1990   0.8   4.3   6.2  10.4  16.1  20.1  22.2  25.9  22.1  16.2  11.5   7.2 
1991   2.4   1.7   5.1  11.1  15.6  20.6  21.9  22.2  20.6  15.5   8.9   4.9 
1992   2.7   2.4   5.0  10.1  13.3  17.3  22.5  23.4  19.9  14.7   9.7   5.0 
1993   2.8   3.4   4.6   9.5  14.4  18.1  18.5  21.6  19.8  14.1  10.5   4.6 
1994   1.8   2.8   4.0  11.0  15.5  18.6  24.2  26.6  22.2  16.6   9.6   4.4 
1995   1.1   2.4   4.7  11.3  15.6  17.0  23.7  25.4  20.3  16.4   8.8   3.9 
1996   1.3   1.8   4.3   8.5  13.9  18.0  22.5  22.9  20.0  15.1   8.9   5.4 
1997   2.4   2.6   5.7  11.1  15.0  18.6  23.1  23.9  19.7  14.4  10.5   5.2 
1998   0.5   2.4   6.1  11.6  16.5  17.6  21.6  23.1  21.9  16.8   9.0   5.2 
1999   2.1   2.4   5.3  11.0  16.5  19.7  23.4  25.4  22.3  15.8  10.7   4.3 
2000   3.6   1.8   4.6  10.0  15.9  19.6  24.3  25.3  22.0  15.5   9.1   3.6 
2001   0.0   1.1   4.9  11.6  15.4  19.3  24.7  21.8  20.1  15.3   9.4   2.7 
2002   3.2   3.6   7.5  11.9  14.6  17.9  23.3  24.4  20.5  15.6   7.0   3.2 
2003   1.5   2.5   4.8  11.1  14.6  19.1  18.4  22.2  20.2  14.5  10.3   5.9 
2004   1.7   3.1   5.4  10.9  15.3  19.9  23.8  23.6  21.2  14.5  11.8   5.4 
2005   1.6   0.8   4.1  11.0  13.4  19.5  21.4  25.0  21.5  16.3   9.5   1.8 
2006   0.7   2.2   5.0   9.0  15.2  18.9  21.5  24.5  20.4  15.5  10.1   4.8 
2007   3.8   3.9   5.3   9.5  15.4  19.8  20.9  25.6  22.3  16.0   9.2   4.9 
2008   1.3   1.6   6.6  11.1  14.8  18.5  22.9  23.1  21.0  16.2   9.4   5.5 
2009   2.9   3.2   5.5  11.5  16.5  19.2  22.7  22.9  19.9  15.6  10.4   4.9 
2010   2.8   2.1   4.4   8.2  14.7  20.4  25.3  27.2  21.7  16.2  10.1   5.7 
2011   0.5   3.2   3.8  10.0  15.6 -99.0 -99.0 -99.0 -99.0 -99.0 -99.0 -99.0 
