Number= 476960
Name= YOKOSUKA------------
Country= JAPAN-------
Lat=   35.3
Long= -139.7
Height= 53
Start year= 1953
End year= 2007
First Good year= 1953
Source ID= 30
Source file= Jones+Anders
Jones data to= 1991
Normals source= Data
Normals source start year= 1961
Normals source end year= 1990
Normals=   6.1   6.3   8.8  14.2  18.6  21.4  25.0  26.7  23.2  17.8  13.4   8.9 
Standard deviations source= Data
Standard deviations source start year= 1953
Standard deviations source end year= 1990
Standard deviations=   1.0   1.3   1.1   1.0   0.8   1.0   1.1   1.0   1.2   0.9   1.0   1.1 
Obs:
1953 -99.0 -99.0  10.3  13.3  18.2  20.9  24.6  24.8  22.8  18.1  12.8  10.1 
1954   6.7   7.7   9.5  15.7  18.2  18.8  22.5  27.1  25.0  16.8  13.8   9.9 
1955   6.9   8.3  10.0  14.9  18.8  22.6  27.3  26.7  22.9  18.5  13.1  10.6 
1956   7.3   6.7  10.4  14.7  19.4  23.0  25.0  26.1  23.9  19.0  13.9   8.2 
1957   7.6   5.6   8.2  15.1  17.5  20.1  24.5  27.0  21.1  18.1  14.4  10.1 
1958   7.0   7.6   9.4  14.9  18.3  22.0  25.3  26.3  23.8  17.2  13.0  10.2 
1959   6.4   8.6  10.2  16.0  19.0  20.8  25.6  26.8  24.2  18.4  14.0   9.6 
1960   7.1   8.2  10.3  13.5  18.3  21.4  25.5  26.1  24.2  17.5  13.9   9.4 
1961   5.9   5.9   9.2  15.3  19.6  22.4  27.0  26.9  25.3  19.0  14.3   9.4 
1962   6.4   7.3   9.6  14.4  18.4  21.0  24.8  27.4  24.9  17.5  12.7   9.4 
1963   5.5   6.0   8.5  14.5  18.4  21.5  25.5  26.3  21.8  17.1  13.8  10.1 
1964   7.0   5.2   8.7  15.8  19.1  21.5  25.0  27.6  22.7  17.2  13.2   9.1 
1965   6.3   6.5   7.9  11.8  17.8  22.0  24.6  26.7  22.4  17.5  14.3   8.6 
1966   6.2   8.2  10.4  14.0  17.8  20.3  24.4  26.8  23.3  19.1  13.9   7.7 
1967   5.7   5.7   9.9  14.3  19.6  22.9  26.0  27.4  22.7  17.4  13.0   8.1 
1968   6.9   5.0  10.1  14.3  17.7  21.7  24.5  26.5  21.8  16.6  14.7  11.2 
1969   6.8   6.5   8.4  15.0  19.5  21.5  24.4  27.1  23.0  17.1  13.2   8.7 
1970   5.9   7.1   6.7  13.3  19.3  20.5  24.5  26.5  23.7  17.8  13.3   7.9 
1971   6.3   6.4   8.9  13.7  18.1  21.5  25.7  27.0  21.7  16.5  12.8   9.3 
1972   8.2   6.5  10.1  13.9  18.7  21.7  25.4  26.6  23.3  19.0  13.3   9.4 
1973   7.6   8.1   8.9  15.6  18.3  20.4  25.9  28.2  23.3  17.8  12.9   7.9 
1974   5.1   5.7   7.7  15.0  19.0  21.8  23.2  26.7  22.7  17.8  12.1   7.3 
1975   5.3   5.5   8.2  14.1  18.3  21.4  25.1  26.7  25.3  17.4  13.0   7.8 
1976   6.2   7.4   9.2  12.9  17.7  21.4  23.5  25.2  22.0  17.5  11.9   8.0 
1977   4.3   5.8   9.4  14.9  18.1  20.4  25.4  24.5  23.9  18.5  15.1  10.0 
1978   6.8   4.8   8.7  13.6  18.8  23.0  27.1  28.3  21.8  17.5  13.0   9.3 
1979   7.2   9.1  10.2  13.6  17.9  23.1  24.4  27.0  23.8  19.0  14.4  10.2 
1980   6.4   5.5   8.3  13.4  18.4  22.8  23.6  23.1  22.6  18.1  13.0   8.1 
1981   4.9   5.5   8.8  13.5  17.2  20.1  25.6  25.9  21.6  17.7  11.2   8.5 
1982   6.5   6.1   9.6  13.8  19.9  21.0  22.5  26.3  21.5  17.1  14.0   9.5 
1983   6.4   5.8   8.4  15.3  18.9  19.6  23.5  26.6  22.7  17.0  11.7   7.0 
1984   3.8   3.0   5.4  11.1  16.5  21.3  26.3  28.2  22.7  16.6  12.5   7.8 
1985   4.1   6.8   7.9  14.2  18.9  19.9  25.9 -99.0  22.8  17.6  13.3   7.6 
1986   4.4   4.2   9.0  14.9  18.5  21.4  25.1  27.8  24.3  17.7  13.1   9.5 
1987   7.3   7.8  10.0  14.6  19.6 -99.0 -99.0 -99.0 -99.0  19.5  14.2   9.5 
1988 -99.0   6.3 -99.0  14.8 -99.0  22.7 -99.0  27.4 -99.0  18.1 -99.0 -99.0 
1989 -99.0 -99.0 -99.0 -99.0  18.3 -99.0 -99.0 -99.0  25.9 -99.0  14.9  10.3 
1990   6.9   8.6 -99.0  15.5  19.9 -99.0 -99.0 -99.0  25.6  20.2  16.3  11.4 
1991   7.9   8.2  10.5  16.2  19.5  23.9  27.3  26.5  24.5  18.9  14.2  10.3 
1992 -99.0 -99.0 -99.0 -99.0 -99.0 -99.0 -99.0 -99.0 -99.0 -99.0 -99.0 -99.0 
1993 -99.0 -99.0 -99.0 -99.0 -99.0 -99.0 -99.0 -99.0 -99.0 -99.0 -99.0 -99.0 
1994 -99.0 -99.0 -99.0 -99.0 -99.0 -99.0 -99.0 -99.0 -99.0 -99.0 -99.0 -99.0 
1995 -99.0 -99.0 -99.0 -99.0 -99.0 -99.0 -99.0 -99.0 -99.0 -99.0 -99.0 -99.0 
1996 -99.0 -99.0 -99.0 -99.0 -99.0 -99.0 -99.0 -99.0 -99.0 -99.0 -99.0 -99.0 
1997 -99.0 -99.0 -99.0 -99.0 -99.0 -99.0 -99.0 -99.0 -99.0 -99.0 -99.0 -99.0 
1998 -99.0 -99.0 -99.0 -99.0 -99.0 -99.0 -99.0 -99.0 -99.0 -99.0 -99.0 -99.0 
1999 -99.0 -99.0 -99.0 -99.0 -99.0 -99.0 -99.0 -99.0 -99.0 -99.0 -99.0 -99.0 
2000 -99.0 -99.0 -99.0 -99.0 -99.0 -99.0 -99.0 -99.0 -99.0 -99.0 -99.0 -99.0 
2001 -99.0 -99.0 -99.0 -99.0 -99.0 -99.0 -99.0 -99.0 -99.0 -99.0 -99.0 -99.0 
2002 -99.0 -99.0 -99.0 -99.0 -99.0 -99.0 -99.0 -99.0 -99.0 -99.0 -99.0 -99.0 
2003 -99.0 -99.0 -99.0 -99.0 -99.0 -99.0 -99.0 -99.0 -99.0 -99.0 -99.0 -99.0 
2004 -99.0 -99.0 -99.0 -99.0 -99.0 -99.0 -99.0 -99.0 -99.0 -99.0 -99.0 -99.0 
2005 -99.0 -99.0 -99.0 -99.0 -99.0 -99.0 -99.0 -99.0 -99.0 -99.0 -99.0 -99.0 
2006 -99.0 -99.0 -99.0 -99.0 -99.0 -99.0 -99.0 -99.0 -99.0 -99.0 -99.0 -99.0 
2007 -99.0 -99.0 -99.0 -99.0 -99.0 -99.0 -99.0 -99.0 -99.0 -99.0 -99.0 -99.0 
