Number= 477550
Name= HAMADA
Country= JAPAN
Lat=   34.9
Long= -132.1
Height= 19
Start year= 1893
End year= 2007
First Good year= 1893
Source ID= 10
Source file= Jones+Anders
Jones data to= 1990
Normals source= WMO
Normals source start year= 1961
Normals source end year= 1990
Normals source percent availability= 100
Normals source variable code= 14
Normals=   5.5   5.5   8.0  13.0  17.0  20.7  25.1  26.3  22.2  16.8  12.4   8.2 
Standard deviations source= Data
Standard deviations source start year= 1941
Standard deviations source end year= 1990
Standard deviations=   1.2   1.5   1.1   0.9   0.8   0.9   1.1   0.7   0.9   0.7   0.9   1.2 
Obs:
1893   3.9   2.9   7.1  12.0  15.1  19.5  25.9  26.2  23.7  16.0  10.4   6.8 
1894   5.1   5.2   8.4  13.2  16.0  23.0  26.8  27.7  21.4  15.8  13.0   7.8 
1895   4.2   4.5   8.0  12.6  17.0  20.4  22.7  25.6  22.1  16.6  12.6   7.4 
1896   5.4   4.1   5.7  13.4  16.3  21.9  23.9  25.6  21.0  16.4  11.8   6.7 
1897   5.9   3.8   7.5  11.4  16.2  19.3  24.3  26.6  21.4  15.9  12.9   6.3 
1898   7.2   5.9   7.2  11.3  16.7  20.5  25.6  26.5  22.3  17.0  12.9   8.3 
1899   5.0   6.1   9.0  12.4  17.7  22.2  25.1  25.6  20.4  15.0  10.9   8.7 
1900   3.7   4.7   7.3  12.6  17.1  19.7  23.4  26.3  22.4  16.5  12.0   7.5 
1901   6.9   3.6   7.0  12.9  15.2  20.1  22.3  25.4  21.1  17.2  11.7   6.2 
1902   5.9   5.2   9.1  11.7  16.5  19.5  23.0  23.5  21.3  15.9  13.5   9.7 
1903   6.8   5.9   8.8  12.9  15.9  19.6  22.9  26.4  22.7  16.0  11.2   6.7 
1904   4.4   6.0   7.3  13.0  15.7  21.1  24.8  25.7  20.5  15.9  11.2   8.7 
1905   7.1   4.3   7.3  11.0  16.9  19.8  25.2  23.6  22.1  16.5  12.2   9.5 
1906   4.9   4.3   7.7  12.2  16.4  19.6  23.2  25.0  21.1  16.2  11.0   7.7 
1907   6.3   3.3   7.4  12.2  16.9  19.5  23.6  25.9  20.5  16.2  12.4   7.4 
1908   6.9   5.0   7.5  11.5  16.4  20.3  23.1  25.5  20.9  16.5  11.4   8.4 
1909   5.5   4.6   6.4  12.8  15.9  20.2  24.6  25.9  22.7  15.8  12.5   7.3 
1910   6.5   4.0   6.8  11.3  16.1  21.2  24.2  24.8  20.8  15.2  11.6   6.0 
1911   5.3   5.7   8.1  11.6  15.8  20.1  24.6  25.4  23.3  15.8  12.6   7.2 
1912   4.9   7.9   8.3  13.2  16.0  19.8  24.2  25.1  20.3  15.5  10.6   7.5 
1913   5.2   5.4   6.9  13.4  15.2  20.4  22.8  23.8  19.9  16.0  11.9   7.4 
1914   6.6   5.7  10.0  11.4  16.8  21.0  27.0  26.1  22.7  16.7  13.5   8.8 
1915   5.6   5.6   7.1  12.5  15.5  21.4  24.5  25.7  22.2  18.0  13.2   8.9 
1916   7.5   5.3   6.3  12.7  16.3  22.6  24.6  25.6  23.9  17.3  12.8   8.5 
1917   3.1   4.3   6.9  12.0  15.6  20.2  25.7  25.4  23.2  16.7  10.0   5.2 
1918   3.3   5.0   7.0  11.9  16.0  20.5  24.6  24.9  21.1  16.6  11.5   7.3 
1919   4.9   5.4   9.1  13.1  16.7  20.9  24.3  25.3  21.5  16.7  12.2   7.2 
1920   5.2   4.5   7.5  12.0  14.7  20.6  26.1  25.3  22.2  16.1  13.8   7.8 
1921   6.2   5.4   7.0  12.9  15.8  18.6  23.8  26.2  21.2  15.4  10.7   7.3 
1922   3.6   7.1   7.2  13.2  16.7  21.4  25.4  27.2  23.1  16.9  11.4   7.2 
1923   4.1   4.5   9.3  12.2  17.5  19.7  23.8  27.4  22.1  16.4  11.9   7.7 
1924   5.8   5.0   5.5  12.8  15.8  19.0  26.0  26.1  21.2  16.6  10.8   7.4 
1925   4.6   3.4   6.9  11.1  16.4  20.2  24.1  25.6  22.2  16.1  13.0   7.8 
1926   4.7   5.8   7.3  11.1  16.3  19.1  24.5  27.1  22.8  15.8  11.4   5.8 
1927   4.9   3.6   7.0  11.4  15.4  20.2  25.8  26.1  20.7  16.2  12.7   8.1 
1928   5.2   5.0   7.5  12.4  17.6  20.0  24.7  24.7  23.2  16.8  12.7   7.6 
1929   4.8   4.2   7.5  12.1  15.8  21.3  25.4  27.1  21.4  15.9  11.6   9.4 
1930   4.5   6.4   8.9  13.2  16.9  20.6  26.9  26.5  20.9  16.4  11.0   8.3 
1931   5.7   4.8   8.5  11.4  15.7  20.5  22.6  26.1  22.0  15.8  12.4   8.5 
1932   7.4   4.8   7.2  11.6  16.8  19.6  25.0  26.0  20.4  15.6  11.9   8.3 
1933   4.0   4.5   6.3  11.7  17.5  21.7  26.8  26.1  22.0  16.8  12.1   8.1 
1934   3.3   4.7   7.2  11.4  16.9  21.4  25.0  25.9  21.3  15.1  11.3   8.4 
1935   5.4   5.9   8.4  12.2  16.7  20.6  24.8  25.4  21.2  17.0  12.0   7.0 
1936   2.7   3.6   5.1  11.6  15.9  20.9  24.6  25.6  23.0  16.7  11.9   8.8 
1937   6.1   7.1   8.2  12.8  16.7  19.8  25.2  26.9  22.6  16.7  12.5   7.1 
1938   4.1   4.2   8.8  13.1  18.0  19.9  24.3  25.9  21.0  17.9  11.3   7.6 
1939   4.7   4.9   7.2  12.1  15.8  20.6  26.0  25.2  21.8  17.3  12.4   7.6 
1940   4.2   4.3   6.9  11.6  16.1  20.3  26.4  24.3  21.2  16.4  12.8   9.0 
1941   6.1   5.1   9.4  12.1  17.0  20.9  22.9  24.6  20.3  16.0  13.1   8.7 
1942   5.0   4.3   9.5  12.3  15.3  20.5  26.4  26.3  22.0  15.4  11.8   7.3 
1943   3.6   4.3   7.3  10.7  16.4  20.4  24.1  26.2  22.4  16.5  11.4   8.6 
1944   5.3   4.6   6.6  11.3  16.7  21.1  25.6  26.0  21.8  16.0  12.8   5.9 
1945   2.8   2.8   7.5  12.4  15.1  20.6  23.1  26.1  22.0  16.2  12.2   7.3 
1946   6.0   5.3   6.8  13.1  15.8  22.1  25.5  26.0  22.0  16.6  13.3   6.9 
1947   5.4   2.8   6.7  11.9  14.3  18.4  25.0  26.1  22.4  14.8  10.2   5.9 
1948   5.5   5.6   6.9  12.9  16.3  20.9  25.4  25.1  21.6  17.1  12.1  10.5 
1949   6.6   6.6   6.8  10.8  17.3  19.2  23.3  25.5  22.4  15.5  11.3   7.8 
1950   7.1   5.3   7.8  11.9  17.0  19.9  25.7  25.7  22.0  16.3  11.9   6.9 
1951   5.6   6.4   7.3  12.0  16.4  19.7  23.2  27.0  20.3  16.8  12.0   9.9 
1952   5.9   4.4   7.4  13.0  16.1  20.0  24.0  25.7  21.9  15.9  13.2   8.2 
1953   5.5   5.9   9.1  11.6  17.2  20.3  25.1  26.7  22.2  17.8  12.3   9.5 
1954   7.4   6.8   8.1  13.1  17.3  19.2  23.3  26.2  22.7  15.9  13.6   8.2 
1955   5.2   7.4   9.3  13.5  17.0  22.4  26.5  25.6  22.4  16.4  11.2   9.4 
1956   5.6   4.6   8.1  12.5  16.3  20.8  25.4  25.0  22.5  17.0  11.3   6.5 
1957   6.4   4.6   6.6  13.4  16.5  19.7  24.5  25.6  20.2  16.3  12.6   8.8 
1958   5.9   6.6   8.7  13.6  16.7  21.1  25.9  25.4  22.8  16.5  12.1  10.0 
1959   5.3   8.5   9.7  13.6  17.3  20.3  25.7  26.1  23.4  17.4  13.3   9.0 
1960   6.1   8.1   9.9  12.2  17.1  21.2  25.4  26.9  22.8  16.7  13.1   7.8 
1961 -99.0 -99.0 -99.0 -99.0 -99.0 -99.0 -99.0 -99.0 -99.0 -99.0 -99.0 -99.0 
1962 -99.0 -99.0 -99.0 -99.0 -99.0 -99.0 -99.0 -99.0 -99.0 -99.0 -99.0 -99.0 
1963 -99.0 -99.0 -99.0 -99.0 -99.0 -99.0 -99.0 -99.0 -99.0 -99.0 -99.0 -99.0 
1964 -99.0 -99.0 -99.0 -99.0 -99.0 -99.0 -99.0 -99.0 -99.0 -99.0 -99.0 -99.0 
1965 -99.0 -99.0 -99.0 -99.0 -99.0 -99.0 -99.0 -99.0 -99.0 -99.0 -99.0 -99.0 
1966 -99.0 -99.0 -99.0 -99.0 -99.0 -99.0 -99.0 -99.0 -99.0 -99.0 -99.0 -99.0 
1967 -99.0 -99.0 -99.0 -99.0 -99.0 -99.0 -99.0 -99.0 -99.0 -99.0 -99.0 -99.0 
1968 -99.0 -99.0 -99.0 -99.0 -99.0 -99.0 -99.0 -99.0 -99.0 -99.0 -99.0 -99.0 
1969 -99.0 -99.0 -99.0 -99.0 -99.0 -99.0 -99.0 -99.0 -99.0 -99.0 -99.0 -99.0 
1970 -99.0 -99.0 -99.0 -99.0 -99.0 -99.0 -99.0 -99.0 -99.0 -99.0 -99.0 -99.0 
1971 -99.0 -99.0 -99.0 -99.0 -99.0 -99.0 -99.0 -99.0 -99.0 -99.0 -99.0 -99.0 
1972 -99.0 -99.0 -99.0 -99.0 -99.0 -99.0 -99.0 -99.0 -99.0 -99.0 -99.0 -99.0 
1973 -99.0 -99.0 -99.0 -99.0 -99.0 -99.0 -99.0 -99.0 -99.0 -99.0 -99.0 -99.0 
1974 -99.0 -99.0 -99.0 -99.0 -99.0 -99.0 -99.0 -99.0 -99.0 -99.0 -99.0 -99.0 
1975 -99.0 -99.0 -99.0 -99.0 -99.0 -99.0 -99.0 -99.0 -99.0 -99.0 -99.0 -99.0 
1976 -99.0 -99.0 -99.0 -99.0 -99.0 -99.0 -99.0 -99.0 -99.0 -99.0 -99.0 -99.0 
1977 -99.0 -99.0 -99.0 -99.0 -99.0 -99.0 -99.0 -99.0 -99.0 -99.0 -99.0 -99.0 
1978 -99.0 -99.0 -99.0 -99.0 -99.0 -99.0 -99.0 -99.0 -99.0 -99.0 -99.0 -99.0 
1979 -99.0 -99.0 -99.0 -99.0 -99.0 -99.0 -99.0 -99.0 -99.0 -99.0 -99.0 -99.0 
1980 -99.0 -99.0 -99.0 -99.0 -99.0 -99.0 -99.0 -99.0 -99.0 -99.0 -99.0 -99.0 
1981   3.4   4.6   8.8  12.6  16.6  20.8  26.5  25.8  21.1  16.7  11.3   8.1 
1982   5.3   5.6   9.1  12.4  18.3  20.4  23.1  25.6  20.8  17.0  13.7   8.9 
1983   6.4   4.9   8.2  14.9  17.2  20.2  24.4  26.5  23.0  16.8  11.6   7.2 
1984   3.8   3.0   6.2  12.1  16.0  22.2  26.1  27.3  22.4  17.0  13.0   7.6 
1985   4.5   6.1   8.4  12.7  17.4  20.1  25.8  27.9  23.5  17.8  12.3   6.4 
1986   4.0   3.8   7.3  13.1  17.0  20.5  23.4  26.5  22.0  15.6  12.2   9.5 
1987   7.0   7.1   8.3  12.3  16.8  20.8  25.3  25.9  21.2  17.8  13.0   9.3 
1988   7.2   5.2   7.7  12.8  16.9  20.9  24.2  25.6  22.2  16.7  11.5   8.6 
1989   7.5   7.1   8.7  14.0  17.0  20.0  24.6  25.4  22.6  16.7  12.9   9.2 
1990   5.4   8.1   9.6  13.4  17.4  22.1  26.5  27.6  23.4  17.1  14.6   9.4 
1991   6.0   5.5   8.6  13.0  17.1  22.0  25.6  24.9  22.6  17.0  12.2   9.5 
1992   7.5   5.5   8.9  13.9  16.8  19.9  25.0  25.8  22.6  17.1  12.3   9.4 
1993   6.8   7.6   7.3  12.7  16.5  20.8  22.9  23.0  21.0  16.2  13.2   8.4 
1994   6.2   5.6   7.2  14.3  18.4  20.2  27.4  28.2  23.0  17.9  14.1   9.6 
1995   6.3   5.8   9.2  13.0  16.4  19.5  25.4  27.7  21.3  17.3  11.5   7.1 
1996   6.2   5.0   8.0  10.7  17.0  21.8  25.0  26.2  21.6  16.9  12.8   8.6 
1997   5.7   5.7   9.3  13.1  17.9  21.5  24.5  26.4  21.6  17.1  13.5   8.8 
1998   6.0   7.8   9.6  15.5  19.1  21.1  25.6  27.2  23.6  19.0  13.7  10.1 
1999   6.9   6.5   9.6  13.3  18.0  21.3  24.1  26.6  24.8  18.0  12.8   8.7 
2000   6.6   5.2   9.0  13.2  17.6  21.1  26.7  27.2  22.9  17.5  12.9   9.0 
2001   5.1   6.4   9.1  13.9  18.5  21.7  26.1  26.7  21.9  17.8  12.5   7.9 
2002   7.3   7.3  10.9  15.3  17.3  21.7  26.5  26.8  22.5  17.4  10.8   8.3 
2003   5.5   6.4   7.8  13.9  17.7  21.7  23.1  25.4  23.5  17.1  14.8   9.4 
2004   5.8   8.1   9.0  14.4  18.8  21.9  27.2  26.7  23.4  17.2  14.3   9.3 
2005   5.7   5.4   8.5  14.9  17.0  22.6  25.5  27.0  23.8  18.2  13.1   5.7 
2006   5.8   6.4   8.2  12.8  17.4  21.2  25.0  27.7  21.4  18.4  13.6   8.5 
2007   6.9   8.3   9.6  13.2  18.5  21.7  23.8  27.8  24.9  18.6 -99.0 -99.0 
