Number= 450050
Name= ROYAL OBSERVATORY
Country= HONG KONG
Lat=   22.3
Long= -114.2
Height= 32
Start year= 1853
End year= 2007
First Good year= 1879
Source ID= 10
Source file= Jones+Anders
Jones data to= 1992
Normals source= Data
Normals source start year= 1961
Normals source end year= 1990
Normals=  15.8  16.0  18.6  22.1  25.9  27.8  28.8  28.5  27.6  25.2  21.5  17.6 
Standard deviations source= Data
Standard deviations source start year= 1941
Standard deviations source end year= 1990
Standard deviations=   1.2   1.6   1.4   1.2   0.9   0.6   0.4   0.5   0.5   0.6   1.0   1.2 
Obs:
1853  16.0  15.5  20.8  24.6  28.3  29.2  29.4  29.8  29.1  26.3  24.2  17.8 
1854  18.0  17.1  20.0  22.2  28.3  29.4  30.7  29.8  27.8  24.8  21.9  18.8 
1855  16.2  17.4  19.0  23.3  27.4  27.5  28.4  28.8  27.5  24.2  21.6  18.3 
1856  15.3  15.8  18.4  21.9  26.4  28.1  27.5  28.0  28.7  24.8  20.2  17.2 
1857  16.5  18.1  19.7  22.7  26.5  27.6  28.9  27.3  27.5  25.1 -99.0 -99.0 
1858  16.7  15.7  18.1  21.8  25.8 -99.0 -99.0 -99.0 -99.0  26.6  22.3  19.8 
1859  16.3 -99.0  16.4  22.7  27.9  29.7  28.7  29.2  28.3  27.0  21.8  17.6 
1860  17.0  17.7  19.8  21.6  25.9  28.4  28.4  29.3  28.0  26.6  22.1  19.8 
1861  17.6  15.1  17.6  22.0  25.6  28.3  28.1  29.5  28.1  26.4  23.3  18.2 
1862  15.0  15.3  17.0 -99.0 -99.0 -99.0 -99.0 -99.0 -99.0 -99.0 -99.0 -99.0 
1863 -99.0 -99.0 -99.0 -99.0 -99.0 -99.0 -99.0 -99.0 -99.0 -99.0 -99.0 -99.0 
1864 -99.0 -99.0 -99.0 -99.0 -99.0 -99.0 -99.0 -99.0 -99.0 -99.0 -99.0 -99.0 
1865  18.9  19.5  19.4  23.7  27.0  29.4  32.6  30.3  29.0  26.0  21.6  17.1 
1866  16.8  17.0  18.0  21.3  28.2  27.6  30.3  31.5  28.7  25.8  21.9  17.3 
1867  15.7  17.6  19.9  23.9  26.6  30.4 -99.0  29.4  29.4  27.3  21.2  18.2 
1868  18.0  19.3  19.1  23.2  26.9  28.3  29.6  30.0  29.4  27.3  23.1  19.0 
1869  17.1  17.5  19.0  22.2  27.3  29.8  31.3  30.6  29.4  26.1  20.3  18.2 
1870  16.9  16.6  20.5  25.5  27.5  30.9  31.3  30.0  28.0  26.4  21.1  17.9 
1871  17.9  17.2  19.6  25.4  28.7  28.8  29.9  29.8  28.2  25.9  20.9  15.4 
1872  15.7  13.6  18.4  25.3  28.3  29.9  30.6  30.9  29.1  25.9  22.7  19.6 
1873  14.6  16.5  18.5  22.6  26.1  28.6  28.9  29.0  29.3  26.0  23.4  19.2 
1874  15.4  17.2  18.9  22.5  26.5  31.1  30.7  30.0  29.8  27.7  21.4  19.3 
1875  15.0  17.1  20.8  22.9  28.8  30.4  30.7  31.5  29.0  26.4  22.6  15.4 
1876  15.1  16.6  18.1  22.4  26.4  29.7  29.2  29.0  28.5  25.8  21.7  17.4 
1877  17.9  15.8  18.4  22.4  26.8  29.5  29.9  30.5  29.1  26.0  23.9  19.4 
1878  13.9  14.6  18.4  24.6  28.0  29.1  31.0  29.8  30.4  27.3  23.5  18.2 
1879  16.6  18.1  18.1  23.2  28.9  28.7  29.4  29.9  28.8  27.0  22.3  18.3 
1880  15.7  16.4  19.4  21.9  26.4  28.1  29.2  29.1  28.7  26.5  21.3  16.5 
1881 -99.0 -99.0 -99.0 -99.0 -99.0 -99.0 -99.0 -99.0 -99.0 -99.0 -99.0 -99.0 
1882 -99.0 -99.0 -99.0 -99.0 -99.0 -99.0 -99.0 -99.0 -99.0 -99.0 -99.0 -99.0 
1883 -99.0 -99.0 -99.0 -99.0 -99.0 -99.0 -99.0 -99.0 -99.0 -99.0 -99.0 -99.0 
1884  17.2  14.5  17.1  19.7  23.7  26.4  28.0  28.1  27.6  25.5  20.6  16.0 
1885  15.6  13.5  16.6  21.8  26.0  27.5  27.7  27.4  26.6  24.6  21.0  18.1 
1886  15.6  12.8  17.4  21.3  25.0  27.1  27.5  28.0  27.2  25.6  21.6  15.9 
1887  15.6  14.1  17.0  21.1  24.5  28.1  27.9  27.6  28.4  25.1  21.7  17.9 
1888  17.0  13.7  18.7  23.0  26.3  27.3  28.9  28.1  27.9  24.9  22.8  18.9 
1889  15.6  15.1  18.4  21.2  26.3  28.3  29.2  27.9  27.6  26.8  21.4  17.5 
1890  15.8  18.1  17.3  22.3  26.1  27.9  27.7  27.5  26.8  24.6  21.4  19.3 
1891  17.8  15.7  16.9  20.2  25.1  26.8  27.8  28.0  28.0  27.0  22.0  18.1 
1892  16.2  17.1  16.9  21.8  24.9  27.5  27.9  27.7  26.6  24.4  21.9  15.4 
1893  13.9  13.9  17.3  21.7  24.7  27.8  27.2  28.0  27.3  24.8  20.9  17.3 
1894  16.1  16.4  18.1  22.3  25.6  27.1  27.8  27.9  27.9  24.3  22.1  17.4 
1895  14.4  16.5  18.0  22.9  25.8  27.8  28.3  28.1  27.4  24.5  20.8  17.8 
1896  17.5  14.1  15.9  22.1  25.1  27.6  28.8  28.7  28.2  26.2  23.1  17.3 
1897  18.1  13.1  18.1  20.7  26.9  28.0  28.3  27.8  28.0  25.6  22.0  16.4 
1898  16.4  17.9  18.6  21.2  26.5  28.1  28.1  28.2  27.9  24.5  21.8  17.2 
1899  15.8  16.1  19.0  21.6  26.0  27.0  28.8  27.9  27.5  24.5  20.9  19.5 
1900  13.9  14.6  17.2  23.0  26.3  26.8  27.9  29.1  28.0  25.5  21.4  18.5 
1901  19.1  13.5  18.3  22.7  25.8  28.0  28.4  27.7  27.5  25.9  21.8  16.9 
1902  18.1  16.1  20.8  23.3  27.0  27.3  28.2  28.4  27.8  25.5  22.9  18.6 
1903  15.4  15.5  19.8  22.9  24.8  28.3  28.1  27.9  26.6  25.2  20.6  16.7 
1904  16.1  17.8  18.0  22.0  24.9  27.1  27.8  27.8  27.5  25.4  21.4  16.4 
1905  18.7  13.7  15.6  20.4  26.3  27.8  28.4  28.0  27.4  25.1  21.7  19.0 
1906  15.5  16.6  17.1  21.1  25.4  28.5  28.8  29.1  27.9  24.9  20.7  18.0 
1907  17.1  15.6  18.4  21.2  25.3  27.1  28.6  28.4  27.7  26.8  22.9  17.1 
1908  17.5  15.4  16.9  20.8  25.2  27.3  28.4  28.5  27.9  25.6  22.2  17.9 
1909  16.7  16.6  18.5  22.2  24.5  28.3  28.4  28.9  28.6  26.1  22.3  18.1 
1910  17.4  16.4  18.1  21.4  26.8  28.4  28.4  28.6  27.2  24.8  21.4  15.9 
1911  15.7  16.5  19.3  21.4  24.9  28.8  28.3  28.4  28.0  24.2  21.6  18.4 
1912  14.9  16.3  18.6  21.6  26.8  28.1  28.8  28.4  27.1  25.2  21.7  16.8 
1913  15.9  16.6  17.2  22.3  25.8  27.8  28.7  28.3  27.6  25.2  22.1  16.6 
1914  17.9  18.1  20.3  22.4  26.5  28.3  28.2  28.6  27.6  26.0  22.1  18.3 
1915  16.4  18.4  19.0  24.2  24.9  28.1  28.9  29.3  27.9  26.8  22.6  17.9 
1916  16.7  16.1  16.4  21.9  26.3  26.9  28.7  28.8  27.6  25.1  20.9  17.6 
1917  14.0  16.0  17.1  21.3  24.5  28.2  27.8  28.5  28.5  25.7  21.1  15.6 
1918  13.0  15.9  18.5  21.8  25.3  26.9  28.2  27.1  27.1  25.4  21.7  18.9 
1919  17.2  15.2  20.0  23.0  25.5  28.6  28.2  28.9  27.4  24.1  21.1  16.6 
1920  15.9  15.7  17.6  21.2  25.2  27.7  28.6  28.3  28.0  25.2  22.6  18.7 
1921  15.7  16.2  18.4  22.7  25.8  27.7  28.1  28.6  27.4  25.0  22.0  18.6 
1922  16.6  17.1  18.5  22.2  26.6  28.2  28.6  28.7  27.6  24.9  21.2  17.0 
1923  16.4  15.7  19.1  22.4  26.1  27.5  28.3  28.0  28.0  25.1  23.0  18.4 
1924  17.7  16.5  17.6  21.2  27.1  27.4  28.1  28.4  28.6  25.4  21.1  17.1 
1925  14.6  14.1  18.3  18.9  25.9  27.8  28.6  28.8  28.1  24.8  23.2  17.7 
1926  17.0  16.4  18.4  21.0  25.2  25.9  28.3  28.5  28.2  24.3  21.5  17.6 
1927  16.2  15.5  16.3  20.1  24.9  28.1  28.2  28.5  27.0  24.5  22.7  19.1 
1928  17.2  15.6  18.0  22.1  25.9  27.1  29.1  28.7  28.3  24.6  21.7  19.2 
1929  17.7  15.7  19.0  22.3  26.3  28.6  28.1  28.0  28.0  25.4  20.8  18.7 
1930  13.4  16.5  18.4  23.6  26.8  28.2  28.4  28.5  27.0  25.6  22.5  18.3 
1931  17.1  17.1  18.3  22.1  25.7  27.9  28.7  28.9  28.0  24.3  22.3  17.9 
1932  16.6  14.7  17.7  22.2  28.0  28.2  28.1  28.5  27.3  25.2  22.3  17.6 
1933  13.8  16.4  18.3  22.6  26.5  28.6  28.4  29.5  28.4  25.5  21.6  18.7 
1934  14.1  16.3  18.2  20.6  25.5  27.7  28.3  27.7  28.5  24.3  21.9  17.9 
1935  16.4  16.9  19.6  21.8  25.9  28.4  28.2  28.5  26.5  26.1  22.8  16.3 
1936  15.1  16.0  14.6  22.1  25.5  28.6  28.9  28.6  27.9  25.1  22.4  18.8 
1937  17.2  17.0  18.9  22.6  26.7  27.9  28.7  28.6  28.5  26.0  22.6  18.8 
1938  16.5  15.7  17.9  22.7  26.5  29.3  28.4  28.4  28.3  26.1  21.8  18.7 
1939  16.6  17.9  18.8  20.7  25.1  28.0  28.4  28.3  27.9  26.1  22.8  17.1 
1940  16.9  17.0  18.3  20.5  25.0  27.4  28.5  27.8  28.7  26.2  22.6  19.4 
1941  19.0  17.4  18.6  21.3  25.9  28.1  29.0  29.0  27.5  25.7  22.3 -99.0 
1942 -99.0 -99.0 -99.0 -99.0 -99.0 -99.0 -99.0 -99.0 -99.0 -99.0 -99.0 -99.0 
1943 -99.0 -99.0 -99.0 -99.0 -99.0 -99.0 -99.0 -99.0 -99.0 -99.0 -99.0 -99.0 
1944 -99.0 -99.0 -99.0 -99.0 -99.0 -99.0 -99.0 -99.0 -99.0 -99.0 -99.0 -99.0 
1945 -99.0 -99.0 -99.0 -99.0 -99.0 -99.0 -99.0 -99.0 -99.0 -99.0 -99.0 -99.0 
1946 -99.0 -99.0 -99.0 -99.0 -99.0  28.5  28.6  28.6  28.5  24.3  22.4  17.8 
1947  17.2  14.6  17.9  20.8  25.6  27.6  28.1  28.3  27.7  24.3  22.3  17.7 
1948  16.0  17.5  20.5  22.8  26.6  27.9  28.4  28.8  27.9  25.4  20.2  19.7 
1949  15.6  17.4  19.5  21.9  26.7  28.2  28.7  28.1  28.0  25.5  22.0  18.8 
1950  18.7  16.2  19.4  21.2  25.4  26.8  28.9  28.4  28.5  26.2  21.9  15.9 
1951  15.5  16.7  16.5  20.8  25.4  26.7  28.6  28.4  28.3  26.0  22.0  18.6 
1952  17.2  17.0  19.1  22.6  27.6  28.4  28.8  28.3  27.5  25.5  23.2  16.1 
1953  16.5  17.0  18.9  19.4  24.9  28.3  29.3  29.3  27.3  26.4  22.6  18.2 
1954  17.9  16.7  16.7  21.9  27.3  28.7  29.2  28.8  28.1  25.1  22.4  16.6 
1955  14.6  17.5  20.6  22.4  26.6  27.6  28.2  28.3  28.8  25.2  20.7  18.3 
1956  14.9  16.5  18.5  23.8  26.1  28.4  29.1  28.6  28.6  25.4  20.2  16.7 
1957  16.8  13.4  17.3  22.6  25.8  27.6  29.0  28.9  27.7  24.4  22.8  18.9 
1958  15.9  15.4  20.4  24.2  27.1  27.9  29.0  28.4  28.1  24.8  21.7  18.6 
1959  16.0  18.0  19.1  23.0  26.5  28.6  28.5  28.5  27.6  25.9  23.0  19.3 
1960  17.0  18.2  21.9  22.1  26.0  27.8  29.4  28.8  28.1  25.5  22.8  17.4 
1961  15.9  16.2  19.0  22.5  26.0  29.2  28.8  28.6  27.7  26.5  23.3 -99.0 
1962  14.1  16.6  18.2  20.5  26.7  27.5  29.1  29.2  27.5  25.0  20.5  17.7 
1963  14.2  15.7  18.8  22.7  28.2  28.1  28.0  28.7  28.5  25.0  22.7  18.4 
1964  16.0  14.3  17.7  24.0  25.8  27.6  29.0  28.1  27.4  25.9  21.1  17.3 
1965  16.5  17.8  18.6  21.5  25.1  26.9  28.6  28.7  27.1  25.4  22.9  18.0 
1966  17.7  18.0  20.6  23.5 -99.0  27.2  28.4  28.9  28.0  25.8  23.1  18.7 
1967  14.5  14.6  18.7  22.1  28.0  28.3  29.7  28.5  27.4  24.8  22.5  15.4 
1968  16.4  11.7  17.7  21.4  26.2  27.4  29.3  28.5  27.8  24.9  22.5  21.3 
1969  16.9  14.4  16.9  21.1  26.7  27.1  29.0  28.7  29.0  25.2  20.6  16.9 
1970  14.9  17.7  15.8  21.2  25.8  28.4  29.3  28.3  27.3  24.7  21.5  18.2 
1971  14.2  15.7  18.4  23.1  25.9  28.5  28.8  28.1  27.9  24.2  20.8  17.3 
1972  15.7  14.7  19.5  21.5  25.0  27.7  28.8  27.5  27.7  25.6  22.4  17.8 
1973  16.0  19.2  20.8  24.0  26.8  27.5  27.9  27.6  27.3  24.8  20.9  16.6 
1974  16.1  14.3  17.7  22.0  26.6  27.4  28.7  28.7  27.6  25.3  20.9  17.7 
1975  16.0  17.0  18.5  24.2  26.6  27.4  28.4  27.7  27.8  25.2  20.3  14.5 
1976  15.6  17.6  18.2  21.1  25.9  27.4  28.1  27.9  26.8  24.9  19.1  17.3 
1977  13.7  14.0  19.9  24.2  27.8  28.8  28.7  29.0  27.8  25.7  20.7  19.4 
1978  15.9  16.0  18.1  21.9  25.0  28.4  28.9  28.2  27.9  24.0  20.9  18.6 
1979  17.6  18.9  19.3  21.7  24.4  26.9  29.2  27.9  27.1  24.7  20.4  18.6 
1980  16.6  14.0  19.8  21.1  24.6  28.4  28.7  28.8  27.3  25.5  22.3  18.1 
1981  16.3  17.6  20.6  24.2  25.2  26.9  28.4  29.1  27.2  24.8  20.3  16.4 
1982  16.9  15.9  19.2  20.9  25.3  27.2  28.6  28.3  27.5  25.8  22.3  16.7 
1983  15.0  14.8  17.1  23.2  26.0  28.6  29.4  29.0  28.4  26.4  21.5  16.8 
1984  14.1  14.5  18.0  21.4  24.6  27.9  29.0  28.2  27.3  25.3  22.3  17.0 
1985  15.4  15.8  16.7  20.5  26.8  27.2  28.4  28.0  26.8  25.8  22.4  17.2 
1986  15.9  14.7  17.6  22.6  25.9  28.0  28.5  29.0  27.8  25.0  20.5  17.7 
1987  17.3  18.3  21.3  21.9  25.0  27.5  28.9  28.6  27.3  25.7  21.8  16.8 
1988  17.9  16.3  16.8  20.8  26.6  28.6  29.0  27.8  27.6  24.4  19.9  17.7 
1989  15.7  16.6  18.6  22.0  25.1  27.5  28.8  28.9  28.1  25.1  21.5  17.8 
1990  15.9  16.2  18.5  21.4  24.6  27.9  29.0  29.5  27.8  25.2  22.1  18.8 
1991  16.9  17.1  20.3  22.8  26.5  28.4  28.9  28.6  28.1  24.8  21.0  18.4 
1992  15.7  15.4  18.0  21.9  24.8  27.2  27.9  29.1  28.5 -99.0 -99.0 -99.0 
1993 -99.0 -99.0 -99.0 -99.0 -99.0 -99.0 -99.0 -99.0 -99.0 -99.0 -99.0 -99.0 
1994 -99.0 -99.0 -99.0 -99.0 -99.0 -99.0 -99.0 -99.0 -99.0 -99.0 -99.0 -99.0 
1995 -99.0 -99.0 -99.0 -99.0 -99.0 -99.0 -99.0 -99.0 -99.0 -99.0 -99.0 -99.0 
1996 -99.0 -99.0 -99.0 -99.0 -99.0 -99.0 -99.0 -99.0 -99.0 -99.0 -99.0 -99.0 
1997 -99.0 -99.0 -99.0 -99.0 -99.0 -99.0 -99.0 -99.0 -99.0 -99.0 -99.0 -99.0 
1998 -99.0 -99.0 -99.0 -99.0 -99.0 -99.0 -99.0 -99.0 -99.0 -99.0 -99.0 -99.0 
1999 -99.0 -99.0 -99.0 -99.0 -99.0 -99.0 -99.0 -99.0 -99.0 -99.0 -99.0 -99.0 
2000 -99.0 -99.0 -99.0 -99.0 -99.0 -99.0 -99.0 -99.0 -99.0 -99.0 -99.0 -99.0 
2001 -99.0 -99.0 -99.0 -99.0 -99.0 -99.0 -99.0 -99.0 -99.0 -99.0 -99.0 -99.0 
2002 -99.0 -99.0 -99.0 -99.0 -99.0 -99.0 -99.0 -99.0 -99.0 -99.0 -99.0 -99.0 
2003 -99.0 -99.0 -99.0 -99.0 -99.0 -99.0 -99.0 -99.0 -99.0 -99.0 -99.0 -99.0 
2004 -99.0 -99.0 -99.0 -99.0 -99.0  28.1 -99.0 -99.0 -99.0 -99.0 -99.0 -99.0 
2005 -99.0 -99.0 -99.0 -99.0 -99.0 -99.0 -99.0 -99.0 -99.0 -99.0 -99.0 -99.0 
2006 -99.0 -99.0 -99.0 -99.0 -99.0 -99.0 -99.0 -99.0 -99.0 -99.0 -99.0 -99.0 
2007 -99.0 -99.0 -99.0 -99.0 -99.0 -99.0 -99.0 -99.0 -99.0 -99.0 -99.0 -99.0 
