Number= 730380
Name= SOCORRO-------------
Country= USA---------
Lat=   34.1
Long=  106.9
Height= 1397
Start year= 1849
End year= 1990
First Good year= 1849
Source ID= 30
Source file= New
Normals source= Data
Normals source start year= 1961
Normals source end year= 1990
Normals=   2.0   5.3   8.9  13.1  17.6  22.2  24.5  23.2  19.5  14.0   7.2   2.7 
Standard deviations source= Data
Standard deviations source start year= 1941
Standard deviations source end year= 1990
Standard deviations=   1.7   1.8   1.4   1.5   1.1   1.1   0.9   0.9   1.4   1.3   1.4   1.6 
Obs:
1849 -99.0 -99.0 -99.0 -99.0 -99.0 -99.0 -99.0 -99.0 -99.0 -99.0   5.2   2.7 
1850   4.3   4.5   9.3  12.9  17.4  23.1  26.2  28.1  23.1  15.8   6.6  -1.3 
1851   1.9   2.2   8.9  15.2  20.0  26.3  26.7  25.8 -99.0 -99.0 -99.0 -99.0 
1852 -99.0 -99.0 -99.0 -99.0 -99.0 -99.0 -99.0 -99.0 -99.0 -99.0 -99.0 -99.0 
1853 -99.0 -99.0 -99.0 -99.0 -99.0 -99.0 -99.0 -99.0 -99.0 -99.0 -99.0 -99.0 
1854 -99.0 -99.0 -99.0 -99.0 -99.0 -99.0 -99.0 -99.0 -99.0 -99.0 -99.0 -99.0 
1855 -99.0 -99.0 -99.0 -99.0 -99.0 -99.0 -99.0 -99.0 -99.0 -99.0 -99.0 -99.0 
1856 -99.0 -99.0 -99.0 -99.0 -99.0 -99.0 -99.0 -99.0 -99.0 -99.0 -99.0 -99.0 
1857 -99.0 -99.0 -99.0 -99.0 -99.0 -99.0 -99.0 -99.0 -99.0 -99.0 -99.0 -99.0 
1858 -99.0 -99.0 -99.0 -99.0 -99.0 -99.0 -99.0 -99.0 -99.0 -99.0 -99.0 -99.0 
1859 -99.0 -99.0 -99.0 -99.0 -99.0 -99.0 -99.0 -99.0 -99.0 -99.0 -99.0 -99.0 
1860 -99.0 -99.0 -99.0 -99.0 -99.0 -99.0 -99.0 -99.0 -99.0 -99.0 -99.0 -99.0 
1861 -99.0 -99.0 -99.0 -99.0 -99.0 -99.0 -99.0 -99.0 -99.0 -99.0 -99.0 -99.0 
1862 -99.0 -99.0 -99.0 -99.0 -99.0 -99.0 -99.0 -99.0 -99.0 -99.0 -99.0 -99.0 
1863 -99.0 -99.0 -99.0 -99.0 -99.0 -99.0 -99.0 -99.0 -99.0 -99.0 -99.0 -99.0 
1864 -99.0 -99.0 -99.0 -99.0 -99.0 -99.0 -99.0 -99.0 -99.0 -99.0 -99.0 -99.0 
1865 -99.0 -99.0 -99.0 -99.0 -99.0 -99.0 -99.0 -99.0 -99.0 -99.0 -99.0 -99.0 
1866 -99.0 -99.0 -99.0 -99.0 -99.0 -99.0 -99.0 -99.0 -99.0 -99.0 -99.0 -99.0 
1867 -99.0 -99.0 -99.0 -99.0 -99.0 -99.0 -99.0 -99.0 -99.0 -99.0 -99.0 -99.0 
1868 -99.0 -99.0 -99.0 -99.0 -99.0 -99.0 -99.0 -99.0 -99.0 -99.0 -99.0 -99.0 
1869 -99.0 -99.0 -99.0 -99.0 -99.0 -99.0 -99.0 -99.0 -99.0 -99.0 -99.0 -99.0 
1870 -99.0 -99.0 -99.0 -99.0 -99.0 -99.0 -99.0 -99.0 -99.0 -99.0 -99.0 -99.0 
1871 -99.0 -99.0 -99.0 -99.0 -99.0 -99.0 -99.0 -99.0 -99.0 -99.0 -99.0 -99.0 
1872 -99.0 -99.0 -99.0 -99.0 -99.0 -99.0 -99.0 -99.0 -99.0 -99.0 -99.0 -99.0 
1873 -99.0 -99.0 -99.0 -99.0 -99.0 -99.0 -99.0 -99.0 -99.0 -99.0 -99.0 -99.0 
1874 -99.0 -99.0 -99.0 -99.0 -99.0 -99.0 -99.0 -99.0 -99.0 -99.0 -99.0 -99.0 
1875 -99.0 -99.0 -99.0 -99.0 -99.0 -99.0 -99.0 -99.0 -99.0 -99.0 -99.0 -99.0 
1876 -99.0 -99.0 -99.0 -99.0 -99.0 -99.0 -99.0 -99.0 -99.0 -99.0 -99.0 -99.0 
1877 -99.0 -99.0 -99.0 -99.0 -99.0 -99.0 -99.0 -99.0 -99.0 -99.0 -99.0 -99.0 
1878 -99.0 -99.0 -99.0 -99.0 -99.0 -99.0 -99.0 -99.0 -99.0 -99.0 -99.0 -99.0 
1879 -99.0 -99.0 -99.0 -99.0 -99.0 -99.0  25.9  23.8  20.3  14.6   8.3   4.3 
1880   4.7   3.4   9.0  14.6  20.2  24.5  24.3  22.6  20.1 -99.0   3.4   1.3 
1881  -2.0   6.6   8.4  16.7  19.8 -99.0 -99.0 -99.0 -99.0 -99.0 -99.0 -99.0 
1882 -99.0 -99.0 -99.0 -99.0 -99.0 -99.0 -99.0 -99.0 -99.0 -99.0 -99.0 -99.0 
1883 -99.0 -99.0 -99.0 -99.0 -99.0 -99.0 -99.0 -99.0 -99.0 -99.0 -99.0 -99.0 
1884 -99.0 -99.0 -99.0 -99.0 -99.0 -99.0 -99.0 -99.0 -99.0 -99.0 -99.0 -99.0 
1885 -99.0 -99.0 -99.0 -99.0 -99.0 -99.0 -99.0 -99.0 -99.0 -99.0 -99.0 -99.0 
1886 -99.0 -99.0 -99.0 -99.0 -99.0 -99.0 -99.0 -99.0 -99.0 -99.0 -99.0 -99.0 
1887 -99.0 -99.0 -99.0 -99.0 -99.0 -99.0 -99.0 -99.0 -99.0 -99.0 -99.0 -99.0 
1888 -99.0 -99.0 -99.0 -99.0 -99.0 -99.0 -99.0 -99.0 -99.0 -99.0 -99.0 -99.0 
1889 -99.0 -99.0 -99.0 -99.0 -99.0 -99.0 -99.0 -99.0 -99.0 -99.0 -99.0 -99.0 
1890 -99.0 -99.0 -99.0 -99.0 -99.0 -99.0 -99.0 -99.0 -99.0 -99.0 -99.0 -99.0 
1891 -99.0 -99.0 -99.0 -99.0 -99.0 -99.0 -99.0 -99.0 -99.0  13.9  10.5   3.8 
1892   5.1   9.1  10.6  16.2  19.2  24.7  26.9  25.8  22.6  14.2   7.6   1.9 
1893   2.4   6.5   8.8  15.3  18.6  26.5  24.2  24.2  20.9  12.2   7.4   3.6 
1894   1.8   2.3   9.3  15.4  21.3  24.1  25.5  23.5  20.5 -99.0 -99.0 -99.0 
1895 -99.0 -99.0 -99.0  13.4  19.2  21.4  23.1 -99.0 -99.0 -99.0 -99.0 -99.0 
1896 -99.0 -99.0 -99.0 -99.0 -99.0  25.6  24.4  23.1  19.8 -99.0   7.5   3.3 
1897   0.3   5.1   8.8  13.8  20.0  24.3  24.5  23.5  20.2  13.4   7.7   2.0 
1898   0.2   6.3   8.3 -99.0 -99.0 -99.0 -99.0 -99.0 -99.0  13.2   5.5  -1.4 
1899   0.5   3.0 -99.0 -99.0  18.5  23.8  25.0  24.9  20.8  13.7   8.4   2.4 
1900   4.6   5.8  10.9  10.7  20.4  26.5 -99.0  25.0  21.2  14.9   7.7   1.9 
1901   3.2   5.9   8.9  12.7  19.3  24.3  27.0  27.4  22.2  14.9   8.9   4.3 
1902   4.4   6.7   8.5  17.0  20.3  26.9  25.5 -99.0 -99.0 -99.0 -99.0 -99.0 
1903 -99.0 -99.0 -99.0 -99.0 -99.0 -99.0 -99.0 -99.0 -99.0 -99.0 -99.0 -99.0 
1904 -99.0 -99.0 -99.0 -99.0 -99.0 -99.0 -99.0 -99.0  20.2  13.2   6.0   2.1 
1905   2.3   4.3   9.5  12.0  17.7  24.1  23.8  24.3  19.9  12.8   8.8  -1.8 
1906   0.7   3.8   6.6  12.6  17.4  23.7  23.9  22.9  20.5  13.5   5.0   2.8 
1907   4.4   7.1  10.2  11.7  15.0  21.0  24.2  20.8  19.3  14.7   6.6   2.2 
1908   0.9   3.3 -99.0  11.9  15.0  21.8  24.3  22.6  18.4  11.3   7.9   3.1 
1909   7.3   5.7   7.7  13.0  15.4  23.7  25.1  24.1  20.2  14.9   9.6  -4.1 
1910   1.4   3.2  11.6  15.7  17.8  25.2  25.8  25.1  21.8  15.2   9.8   4.8 
1911   6.6   7.5  12.3  14.1  16.8  22.3  23.5  23.8  20.5  13.1   7.5   2.0 
1912   3.3   5.1  10.1  12.2 -99.0  22.7  25.3  25.5  20.6  13.9   6.1  -0.5 
1913   1.6 -99.0   7.2  12.4 -99.0  21.7  25.0  24.1  18.3  14.2  10.4   1.3 
1914   5.6   3.9   8.7  14.0  18.1  23.7  24.3  23.1  20.8  14.0  11.2   2.6 
1915   0.7   4.4   8.0  12.5  15.7  22.9  24.7  23.0  19.6  13.8   5.6   0.5 
1916   3.1   6.3  11.0  12.5  17.2  23.5  24.1  22.5  20.6  15.0   6.6   1.2 
1917   1.1   4.4   8.0  11.4  13.4  22.8  25.1  23.6  20.6  14.6   9.7   4.6 
1918   1.5   8.1  10.7  11.7  15.7  23.5  23.5  23.0  19.0  14.0   6.0  -1.0 
1919 -99.0   2.7   6.1  12.2  15.8  19.9  23.8  23.0  19.9  13.7   8.3   3.5 
1920   3.1   6.3   7.8  11.0  17.0  21.7  24.3  22.5  19.4  13.0   6.9   1.6 
1921   3.9   6.5  11.4  11.9  17.0  22.3  23.6  23.0  21.6  16.0   9.7   5.6 
1922 -99.0 -99.0   7.6  12.5  18.0  24.1  25.2  24.5  21.0  13.6   6.1   4.9 
1923   5.5   5.2   6.6  13.3  17.9  22.4  24.8  23.0  18.6  12.3   6.7   2.3 
1924   1.6   6.2   6.2  12.0  17.8  24.9  24.2  24.2  20.0  14.5   7.6  -0.1 
1925  -0.9   6.6   9.5  15.0  18.8  23.0  25.5  22.8  20.2  14.0   5.5   0.9 
1926  -0.2   6.6   7.2  12.2  16.2  22.8  24.0  23.5  21.3  14.1   6.8   1.1 
1927   4.3   8.0   8.5  13.3  18.8  22.3  24.9  22.5  19.4  13.3   9.8   1.0 
1928   2.7   4.7   9.6  12.4  17.0  23.2  25.0  22.3  19.5  14.9   5.6   1.3 
1929   2.5   3.5   7.9  12.7  17.2  22.8  24.3  22.5  18.6 -99.0   2.1 -99.0 
1930   0.1   7.1   6.5  14.5  15.1  22.9  24.2  23.0  19.0  12.9   4.8 -99.0 
1931   0.4   6.0   7.4  13.2  17.1  23.9  25.2  23.3  22.1  15.9   7.1   2.3 
1932   1.0   8.3   7.4  13.8  17.0  22.9  25.6  24.7  19.6  13.5   7.1   0.4 
1933   1.6   3.4   9.9  10.8  16.4  23.9  26.2  24.2  22.3  15.6   8.4   4.9 
1934   2.7   8.3  10.1  13.9  20.2  23.1  26.9  25.9  20.6  15.1   8.1   3.8 
1935   4.3   5.3   9.7  13.9  15.2  23.5  25.6  24.2  20.0  15.2   7.4   2.7 
1936   2.4   6.8   9.6  14.3  19.1  24.5  25.4  24.9  20.3  13.6   6.5   3.3 
1937   0.4   5.4   7.6  13.7  19.2  23.0  25.8  25.7  21.9  15.1   8.7   4.1 
1938   3.6   7.2   9.9  13.6  18.1  23.8  24.4  24.2  19.5  14.5   4.8   4.1 
1939   2.7   2.4   8.1  13.2  18.6  24.5  25.1  24.8  21.6  14.0   7.2   3.9 
1940   2.0   5.4   9.6  12.8  18.7  23.1  26.3  24.8  21.4  16.0   7.3   5.6 
1941   4.3   7.7   7.6  10.9  17.7  21.1  24.4  23.6  21.1  15.1   8.5   4.8 
1942   4.7   4.2   6.5  12.5  17.8  23.9  25.3  23.2  20.4  15.4  10.7   6.2 
1943   5.1   8.4   9.7  16.6  19.4  23.6  25.2  25.9  22.4  15.4   8.0   1.6 
1944   0.1   6.2   7.9  12.5  18.1  22.7  25.3  24.3  21.0  16.1   7.2   3.6 
1945   4.2   7.5   7.8  11.9  18.9  22.3  24.9  24.8  22.1  15.9   8.8   2.4 
1946   1.1   5.8   9.2  15.9  17.6  24.6  24.8  23.7  22.4  14.7   6.4   6.2 
1947   1.9   7.0   8.6  12.9  19.2  23.0  26.4  24.4  22.7  16.5   6.3   2.1 
1948   1.9   4.9   6.8  15.7  19.2  23.0  25.8  24.9  22.3  14.2   4.5   4.4 
1949   0.6   4.3   8.8  12.5  17.2  23.3  25.4  23.4  20.6  13.1   9.1   1.8 
1950   3.8   7.9   9.6  14.8  18.3  23.9  24.0  23.1  20.1  17.8   8.7   5.6 
1951   3.5   4.7   7.6  13.3  18.9  23.1  27.4  24.6  22.4  15.1   6.2   3.3 
1952   5.3   5.6   6.5  13.3  18.3  24.4  24.7  25.2  21.2  14.7   5.6   2.4 
1953   6.5   4.7   9.8  13.2  15.5  23.9  24.6  23.2  21.3  14.3   8.1   0.4 
1954   3.4   8.1   8.3  16.3  18.6  23.3  26.1  23.1  22.1  16.2   8.9   2.8 
1955   1.9   2.8   8.6  12.8  16.7  21.8  22.9  23.7  21.6  15.4   7.7   4.3 
1956   5.7   3.3   8.5  12.3  18.5  24.5  23.8  22.7  21.7  15.3   4.5   1.9 
1957   5.4  10.4   8.6  12.2  16.1  22.9  25.4  23.0  20.1  13.3   6.1   4.1 
1958   2.4   7.7   6.2  12.3  18.3  24.1  25.1  24.7  20.5  14.0   7.4   4.4 
1959   2.9   5.8   7.6  13.6  17.2  23.7  24.7  23.5  21.2  14.5   6.6   3.8 
1960   1.6   3.9  10.1  13.6  16.6  23.5  23.7  24.1  21.3  13.7   8.6  -1.3 
1961   0.2   6.2   8.6  12.5  18.1  22.9  24.4  23.5  18.9  14.2   6.3   3.2 
1962   2.1   8.4   5.8  14.3  17.3  22.1  23.6  24.5  21.3  15.4   9.6   4.3 
1963   1.2   6.8   8.6  13.9  19.4  21.7  25.7  23.4  22.2  16.6   9.0   2.4 
1964   0.4   0.3   7.2  12.4  18.3  22.3  25.1  23.9  21.0  15.3   7.7   2.8 
1965   4.4   4.9   7.1  13.6  17.1  20.5  25.1  23.4  20.2  14.9  10.1   4.3 
1966   0.3   3.4   8.9  13.7  18.7  21.9  25.5  23.3  20.1  14.9 -99.0   2.6 
1967   1.5   5.9  11.6  14.3  17.1  21.2  25.1  22.7  18.9  13.6   7.7   0.7 
1968   2.4   6.6   8.4  12.1  17.8  22.7  23.7  21.5  18.3  14.4   6.9   1.2 
1969   5.5   4.8   6.1  14.6  17.9  22.0  24.9  24.8  20.2  14.1 -99.0   3.5 
1970   3.3   5.8   7.6  11.7  18.2  21.1  24.9  23.5  18.9  11.9   6.5   3.2 
1971   1.1   4.6   9.7  11.9  16.5  22.6  25.0  22.3  18.1  12.5   6.3   1.3 
1972   2.3   5.0  11.1  13.4  16.5  21.7  24.4  22.7  18.9  14.2   4.7   2.0 
1973   0.6   3.9   7.8  10.2  17.1  20.2  23.0  22.3  18.1  13.0   7.6 -99.0 
1974   1.9   2.8  12.3  13.2  19.7  23.2  23.4  22.2  18.5  13.0   6.0   0.0 
1975   0.8   4.6   8.6  10.6  15.6  22.0  23.6  23.0  18.2  12.9   6.2   2.0 
1976   1.5   7.3   9.3  13.0  16.9  21.5  23.5  22.5  18.9  11.4   4.2 -99.0 
1977   0.9   5.1   6.9  12.6  16.3  22.6  24.3  24.3 -99.0  13.9   7.8   5.3 
1978   3.9   4.8   9.9  14.1  17.0  23.8  25.5  23.2  19.5  14.7   8.5   2.5 
1979   1.3   4.6   8.9  12.5  16.9  20.9  24.0  21.7  19.1  14.4   5.6   2.7 
1980 -99.0   6.4   7.7  12.3  16.4  23.3  26.0  23.4  19.8 -99.0   5.7   5.6 
1981   3.5   6.0   8.1  14.5  18.4  24.1  25.0  23.6  20.2  13.7   8.3   4.6 
1982   3.6   5.7  10.0  13.8  16.8  22.1  24.6  24.0  19.9  12.7   6.5   2.0 
1983   2.4   5.7   9.4  10.3  16.2  21.0  24.3  24.4  21.5  14.5   8.0   4.0 
1984   2.0   4.2   8.9  11.8  20.9  21.5  24.0  23.0  20.0 -99.0   6.9   2.1 
1985   1.3   3.9   9.8  14.4  17.7  22.7  24.2  23.5  18.5  14.0   8.3   2.6 
1986   4.5   8.2  10.4  15.0  17.8  22.5  23.3  24.4  18.7  12.5   6.5   2.6 
1987   0.5   5.1   7.5  12.2  17.2  22.0  24.4  22.9  19.1  15.4   6.9   1.6 
1988   1.3   6.5   8.6  13.1  18.0  22.1  25.0  23.3  18.4  15.5   7.9 -99.0 
1989 -99.0   7.1  11.3  16.5 -99.0  23.3  24.9 -99.0  19.8  13.5   7.6 -99.0 
1990   2.2   4.9  10.3  14.9  18.3  25.0  24.5  22.4  20.8  13.7   7.7   1.6 
