Number= 730720
Name= NEWCASTLE-----------
Country= USA---------
Lat=   43.9
Long=  104.2
Height= 1315
Start year= 1906
End year= 1990
First Good year= 1906
Source ID= 30
Source file= New
Normals source= Data
Normals source start year= 1961
Normals source end year= 1990
Normals=  -5.2  -2.6   1.3   7.3  13.1  18.8  23.0  21.5  15.7   9.2   1.3  -4.2 
Standard deviations source= Data
Standard deviations source start year= 1941
Standard deviations source end year= 1990
Standard deviations=   3.1   2.6   2.5   2.0   1.6   2.0   1.3   1.4   1.9   2.0   2.4   2.7 
Obs:
1906 -99.0 -99.0 -99.0 -99.0 -99.0 -99.0  21.5  21.5  18.1  10.5   2.0   0.4 
1907  -8.0  -0.2   3.7   2.8   8.6  17.0  21.4  21.0  16.6   7.8   0.2  -1.7 
1908  -2.0  -0.8   0.2   9.6  10.4  16.8  21.9  20.1  18.4   8.2   2.2  -3.3 
1909  -6.0  -3.3   0.0   0.7   7.8  18.6  23.0  25.0  16.9   9.1   2.7  -9.4 
1910  -5.2  -6.9   8.1  10.5  11.4  20.6  24.5  21.2  16.5  10.7   2.7  -1.9 
1911  -3.6  -3.6   2.4   5.8  13.2  22.3  21.4  18.8  18.1   6.7  -2.1  -5.0 
1912  -7.6  -3.8  -5.4   6.5  11.9  18.6  21.9  20.5  10.3   9.2   3.9  -3.2 
1913  -6.5  -8.4  -2.7   8.7  12.2  20.7  22.4  25.3  16.4   6.8   4.6  -2.1 
1914  -1.3  -5.9   0.6   6.6  13.2  20.6  24.7  22.2 -99.0  10.8 -99.0 -99.0 
1915 -99.0 -99.0 -99.0 -99.0 -99.0 -99.0  18.8  19.0 -99.0 -99.0 -99.0 -99.0 
1916 -99.0 -99.0 -99.0 -99.0 -99.0 -99.0 -99.0 -99.0 -99.0 -99.0 -99.0 -99.0 
1917 -99.0 -99.0 -99.0 -99.0 -99.0 -99.0 -99.0 -99.0 -99.0 -99.0 -99.0 -99.0 
1918  -6.4  -1.9   7.3   3.1  11.7 -99.0  21.8  22.1  14.4  10.4   1.2  -1.1 
1919  -0.7  -3.3   2.2   6.1  14.0  22.4  25.0  22.8  17.2   4.3  -1.6  -4.5 
1920  -2.1  -1.5  -0.4   2.2  11.3  17.5  23.1  21.8  16.4  10.2  -0.1  -1.6 
1921  -0.4   0.9   2.6   5.9  11.9  20.3  23.6  22.4  15.8  11.5   1.1  -1.4 
1922  -7.5  -6.5   1.5   5.2  11.9  20.0  20.6  23.6  18.8  10.6   1.6  -5.0 
1923  -0.7  -5.4  -1.7   6.0  12.6  19.2  23.8  20.3  16.4   6.7   4.9  -1.4 
1924  -6.3   0.6  -3.7   5.6   9.8  17.5  22.7  22.2  15.4  11.3   3.0  -6.9 
1925  -4.3   1.8   2.4   9.5  13.2  17.7  22.4  20.9  17.6   2.4   3.1   0.2 
1926  -2.3   1.5   1.0   7.6  14.2  18.7  22.4  22.2  14.3   9.7   1.5  -3.2 
1927  -4.1   0.2   1.3   5.8  11.0  16.2  21.3  18.9  15.8  10.9   2.0  -8.0 
1928  -1.8   1.0   2.2   5.0  14.8  14.5  21.8  21.3  15.2   8.9   2.4  -1.4 
1929  -9.7  -8.0   1.2   5.8  10.5  17.2  23.1  23.0  13.1   9.5  -1.4  -0.9 
1930 -11.3   1.6  -0.6  10.7  10.5  17.4  24.9  21.9  15.6   6.9   2.7  -0.7 
1931  -0.6   2.2  -0.5   6.4  11.2  21.9  24.4  21.9  18.9   9.9   1.3  -0.1 
1932  -5.6  -0.6  -3.4   8.7  13.5  19.1  23.4  22.5  16.5   5.5   3.5  -6.4 
1933  -2.2  -7.0   2.8   5.5  10.6  23.0  25.6  21.1  17.6  11.0   3.9   1.0 
1934   0.9   1.7   2.3   8.2  18.6  20.2  25.4  22.0  13.0  11.6   5.1  -2.2 
1935  -1.5   1.3   1.3   3.9   8.3  16.8  25.6  22.3  16.4   8.3  -0.1  -1.1 
1936  -5.1 -12.2   0.5   5.2  16.2  21.2  27.8  23.6  16.9   8.7   2.1  -0.7 
1937 -13.9  -5.2  -0.3   6.2  14.1  17.1  23.3  25.0  18.1   9.9   0.8  -2.6 
1938  -2.6  -0.8   2.9   7.3  11.1  19.1  22.6  22.9  18.8  12.1  -0.9  -1.9 
1939  -0.8  -7.3   2.6   7.2  15.8  17.4  25.3  20.6  17.8   9.6   5.2   2.9 
1940  -6.9  -0.8   3.1   5.6  15.0  20.9  25.5  23.7  20.1  13.0   0.3   0.6 
1941   0.1   1.2   1.2   7.1  15.4  18.0  23.1  22.5  14.9   8.5   4.2   0.3 
1942  -2.9  -3.0   0.5  10.0  10.8  16.4  22.6  21.3  14.3   9.6   2.3  -0.8 
1943  -5.0   1.3  -4.0   9.9  10.6  16.9  23.4  23.7  16.0  11.4   2.7   0.0 
1944  -1.8  -2.6  -3.2   5.8  14.1  15.3  20.9  21.2  15.8  11.8   1.7  -2.6 
1945  -1.8  -1.8   1.6   4.3  11.3  13.7  22.2  21.5  13.8  11.1   2.5  -3.6 
1946  -1.0   0.9   5.3  11.3   9.8  17.6  23.1  20.7  15.6   6.4   1.9  -0.5 
1947  -3.0  -4.1  -1.1   6.1  12.0  14.6  23.1  23.6  17.3  12.6  -2.2  -0.4 
1948  -3.5  -4.0  -1.4   8.8  13.4  17.6  21.5  22.2  19.4  10.4  -0.1  -3.5 
1949  -9.9  -4.9   0.4   9.7  14.0  17.0  23.0  22.9  14.9   7.3   6.8  -3.1 
1950  -8.4   1.9  -2.6   4.7   9.9  17.2  19.5  20.1  15.1  11.8   1.2  -0.4 
1951  -4.4 -99.0  -3.1   4.3  13.6  15.4  22.8  21.0  14.5   9.6   1.6  -4.6 
1952  -3.1  -0.2  -0.8   9.7  13.2  20.3  22.2  21.5  19.8  11.7   1.4  -0.8 
1953   1.3  -0.5   3.2 -99.0  10.6 -99.0  23.9  22.1 -99.0  12.8   3.8  -2.2 
1954  -4.4   4.2  -1.6   7.9  12.3  18.3 -99.0 -99.0  17.3   8.1   5.7   0.9 
1955  -4.5  -5.4  -2.8   8.6  13.1  16.3  24.6  22.9  16.3  10.0  -3.5  -2.6 
1956  -3.4  -3.2   0.4   4.0  13.4  22.1  21.4  20.0  17.1  11.0   0.1  -0.9 
1957 -10.1  -1.4   0.7   5.0  11.6  16.3  23.5  21.8  14.5   8.1   0.0   0.2 
1958  -0.4  -2.7  -0.7   5.2  17.2  17.1  19.4  23.6  17.0  12.8   0.9  -2.8 
1959  -3.6  -5.3   1.5   6.2  11.1  21.8  22.7  22.8 -99.0   7.7  -1.7   0.8 
1960  -4.1  -6.3  -0.2   7.4  13.5  18.1  24.8  21.8  17.1   9.8   1.8  -2.0 
1961  -2.3   0.1   3.5   5.0  13.3  21.8  23.0  24.3  12.0   9.0   0.9  -4.5 
1962  -7.9  -2.8  -0.4   9.7  14.5  18.1  21.0  21.2  16.2  12.1   4.9  -0.7 
1963  -9.6   0.8   3.7   7.0  13.9  20.4 -99.0  23.2  19.6  14.5   3.8  -4.9 
1964  -3.6  -4.0  -1.6   6.9  13.9  17.6  25.1 -99.0  15.9  10.6   1.5  -3.6 
1965  -0.4  -3.6  -5.5   8.2  12.5  17.9  22.1  20.7   9.8  12.7   4.5   0.6 
1966  -6.4  -4.1   3.5   4.9  15.8  19.0  25.6  20.4  17.9   9.0   2.5  -3.7 
1967  -2.4  -2.2   3.4   8.2  10.5  16.3  21.9  21.3  16.4 -99.0   1.0  -5.3 
1968  -3.4  -0.6   5.0   7.1  11.7  18.0  21.9  19.7  15.9  10.5   1.3  -5.8 
1969  -5.6  -2.4  -2.0   9.8  13.8  15.0  22.4  23.4  18.0   4.7   1.4  -3.0 
1970  -6.8  -0.6  -1.5   4.0  13.5  19.2  23.0  23.9  14.8   6.0   2.7  -5.8 
1971  -5.3  -5.4  -2.2   6.2 -99.0  19.2  20.5  23.3  13.7 -99.0 -99.0  -6.0 
1972 -10.1  -4.9 -99.0   6.1 -99.0 -99.0 -99.0  20.7  14.8   8.2  -0.3  -7.4 
1973  -5.2  -1.4   2.6   4.6  11.8  18.5  22.0  22.1  14.3  10.2   0.5  -2.6 
1974  -6.5  -0.2   2.7   8.7  12.8  20.4  24.5  19.4  14.1  10.8   1.8  -3.2 
1975  -5.0  -5.6  -1.1   4.4  12.3  16.6  24.0  21.2  14.6   9.6   0.0  -1.2 
1976  -5.2  -0.7   0.1   7.7  13.6  18.3  23.8  20.9  16.8   7.4  -0.4  -3.8 
1977  -8.5  -0.9   1.0   9.2  15.1  21.3  23.5  19.2  16.5   9.6   0.9  -4.7 
1978  -8.7  -6.1   1.5   7.6  12.3  18.5  22.2  19.6  17.5   9.7  -1.4  -9.3 
1979 -12.6  -4.9   1.6   7.2  12.2  18.6  22.7  19.9  18.0  10.3  -1.4  -0.9 
1980  -6.3  -1.4   0.2   8.1  13.3  20.6  24.4  20.2  15.9   8.7   1.9  -0.8 
1981  -0.3  -2.2   3.8  10.4  12.3  19.2  23.2  20.8  18.1   8.4   4.3  -3.0 
1982  -8.9  -3.8   1.1   5.5  12.6  16.2  22.2  22.1  15.1   7.3  -0.5  -3.0 
1983  -1.0   1.3   2.5   4.9  10.8  18.5  23.7  24.6  16.3   9.7   0.9 -11.9 
1984  -4.1  -0.2   1.3   5.8  12.9  17.9  22.9  22.5  13.8   6.8   2.2  -5.1 
1985  -6.5  -5.8   1.7   9.6  15.7  17.8  23.7  20.3  13.3   7.6  -7.3  -5.8 
1986  -0.8  -2.6   5.9   6.8  12.7  20.5  21.8  21.1  14.2   8.2  -0.6  -1.8 
1987  -2.6  -0.2   1.1  10.6  15.1  19.7  23.1  19.9  15.9   8.6   3.8  -2.1 
1988  -5.8  -3.4   1.9   9.1  14.5  23.2  24.2  22.8  16.1  10.2   1.5  -1.9 
1989  -1.8  -9.0   1.5   7.7  13.1  17.9  24.8  22.2  16.0   9.3   2.4  -6.3 
1990  -1.2  -2.6   2.4   7.5  11.1  19.2  21.8  21.8  18.8   8.8   4.6  -8.2 
