Number= 730710
Name= LAKE-YELLOWSTONE----
Country= USA---------
Lat=   44.6
Long=  110.4
Height= 2368
Start year= 1904
End year= 1990
First Good year= 1904
Source ID= 30
Source file= New
Normals source= Data
Normals source start year= 1961
Normals source end year= 1990
Normals= -12.7 -10.6  -7.6  -2.2   3.3   8.4  12.7  11.9   6.7   1.6  -5.6 -10.8 
Standard deviations source= Data
Standard deviations source start year= 1941
Standard deviations source end year= 1990
Standard deviations=   2.6   2.4   2.2   1.8   1.6   1.5   1.2   1.2   1.7   1.5   1.8   2.2 
Obs:
1904 -99.0  -7.7  -6.1   0.4   4.7   7.7  11.4  12.6   8.1   3.5  -1.1  -8.4 
1905  -9.8 -12.9  -4.8  -1.3   1.5   6.8  12.5  13.4   8.1 -99.0  -3.8 -12.2 
1906 -10.6  -9.3  -8.0  -0.6 -99.0   6.8  11.8  11.1   7.8   2.2  -5.0  -4.8 
1907 -10.9  -5.3  -5.2  -1.8   2.5   6.6 -99.0 -99.0   6.5   3.7  -5.0 -13.4 
1908 -14.4 -11.7  -6.9   0.5   3.4   7.5  12.8  11.0   8.3   1.7 -99.0 -99.0 
1909 -10.2 -10.8  -6.3  -4.9   1.2   9.2  12.6  13.5   7.0   1.5  -4.7 -14.7 
1910 -14.3 -14.5  -2.2   1.2   4.6  10.3  14.2  11.5   7.8   2.2  -2.2  -9.0 
1911 -11.4 -15.2  -6.7  -2.9   2.3   9.1  11.4  11.0   6.6  -0.8  -8.4 -13.9 
1912 -10.8 -11.0  -8.1  -1.7   2.0   8.5  10.8  10.8   3.5  -0.9  -4.9 -12.4 
1913 -14.7 -15.9  -8.0  -2.2   4.1   9.7  11.3  14.2   8.8  -0.9  -5.0 -12.1 
1914  -8.1 -11.6  -6.0  -0.4   4.8   9.4  13.9  13.7   7.9   3.3  -2.3 -13.4 
1915 -12.3  -7.7  -3.9   3.0   3.1   6.9  10.8  12.0   5.1   1.5  -6.0 -11.1 
1916 -15.9  -9.7  -4.4  -1.5   0.4   6.6  12.7  11.1   5.4 -99.0 -99.0 -99.0 
1917 -99.0 -99.0 -99.0 -99.0 -99.0 -99.0 -99.0 -99.0 -99.0  -0.4  -2.1 -99.0 
1918 -99.0 -12.6 -99.0  -3.7 -99.0 -99.0 -99.0 -99.0 -99.0 -99.0 -99.0 -99.0 
1919 -99.0 -99.0 -99.0 -99.0 -99.0 -99.0 -99.0 -99.0 -99.0 -99.0  -8.6 -13.8 
1920 -10.5 -99.0  -8.4  -5.0   2.4   7.7  12.1  11.2   5.4  -0.5  -6.6 -99.0 
1921 -12.1 -10.4  -5.1  -3.6   4.5  12.0  14.2  12.9   5.6   2.9  -3.4 -99.0 
1922 -99.0 -14.4 -99.0 -99.0   3.5  11.2  12.7  13.8   8.3   2.9  -5.9 -99.0 
1923 -11.4 -99.0 -10.2  -2.7   4.0   9.0  14.2  11.9   8.2 -99.0  -5.1 -13.6 
1924 -13.8  -9.9 -10.9  -2.0   4.0   9.2  12.3  11.8   5.9   0.3  -6.6 -99.0 
1925 -11.4  -8.0  -5.2  -0.2   4.1   7.3  13.3  10.3   5.9  -1.4  -5.9  -7.7 
1926 -13.6  -8.4  -7.2   1.1   5.5  10.4  13.4  12.1   3.8   1.9  -2.9 -11.0 
1927 -13.6 -11.1 -99.0  -2.9   1.6   9.4  13.1   9.2   7.4   3.0  -1.8 -12.5 
1928  -8.4 -11.2  -6.3  -3.9   5.5   7.7  13.3  10.5   7.2   3.2  -4.9 -11.7 
1929 -99.0 -99.0  -7.1  -3.7   1.0   8.3  14.2  14.9   5.7   2.1  -7.8  -7.5 
1930 -19.4  -6.8  -7.2   1.6   4.4   9.2  13.6  12.9   6.9   1.5  -4.6 -12.7 
1931 -99.0 -10.7  -7.7  -1.7   4.2  11.3  13.6  12.0   6.4   0.8  -7.4 -10.8 
1932 -15.6 -11.6  -9.4  -2.4   3.5   8.7  13.4  12.0   7.1  -0.8  -4.9 -16.0 
1933 -11.1 -16.5  -7.9  -2.8   1.3  11.9  14.7  11.7   6.9   3.7  -3.4  -5.1 
1934  -9.5  -6.9  -2.7   2.9   8.2   9.1  13.8  12.8   6.8   4.8  -2.4  -9.1 
1935  -9.9 -11.0  -7.6  -2.6   3.1  10.2  13.9  11.5   8.4   1.5  -7.0 -10.2 
1936 -13.5 -11.9  -9.1  -1.5   4.4  11.1  15.1  12.9   6.3   1.2  -7.3  -8.7 
1937 -99.0 -99.0 -99.0 -99.0   4.9   8.1  13.7  13.1   7.7   3.0  -3.8 -99.0 
1938 -11.4  -8.3 -99.0 -99.0 -99.0   9.8  12.3  12.1   9.6   2.9  -9.4 -99.0 
1939 -99.0 -99.0 -99.0   0.8   5.5   7.3  13.7  12.3   7.9   2.3  -3.1  -5.5 
1940 -12.1  -8.0  -4.2   0.0   5.4  10.8  13.8  13.4   8.8   3.8  -7.0  -8.3 
1941 -11.0  -9.1  -4.2  -0.7   4.4   9.1  13.1  12.0   4.4   1.0  -5.8  -8.1 
1942 -14.8 -14.1  -9.3   0.0   1.9   6.7  12.9  12.1   6.5   1.1  -6.3  -8.6 
1943 -13.5 -99.0 -99.0   1.7   2.1   6.8  12.3  12.1   7.3   2.0 -99.0 -99.0 
1944 -99.0 -99.0 -99.0 -99.0 -99.0   7.6  14.1  14.1   6.0   2.9  -4.7  -9.2 
1945  -9.5 -10.4  -6.6  -4.8   3.8   6.1  10.6  11.6   4.9   2.3  -6.0 -11.2 
1946 -13.8 -11.1  -4.4   0.6   3.2   9.3  13.5  11.6   5.7  -1.7  -5.5  -7.9 
1947 -14.8 -10.4  -5.9  -2.2   5.3   6.4  13.2  11.4   8.2   3.4  -7.7 -99.0 
1948 -13.9 -10.8 -10.3  -2.6 -99.0  10.0  14.4  14.9   7.9   1.8  -9.0 -13.2 
1949 -19.4 -12.6  -6.3   0.0   5.1   8.2  12.3  12.4   7.0  -0.6  -1.0 -10.4 
1950 -14.1  -9.3  -8.2  -2.8   0.9   7.0  10.4  10.8   5.7   2.5  -5.0  -6.6 
1951 -13.9  -9.6  -9.4  -1.2   5.0   5.3  13.0  11.5   6.0  -0.5  -7.0 -11.9 
1952 -13.0 -12.6 -10.5  -0.2   4.9   9.2  11.1  11.5   8.3   3.4  -7.9  -8.8 
1953  -6.3 -10.4  -6.3  -4.2   1.8   7.8  13.9  12.2 -99.0   3.6  -2.4 -10.5 
1954  -9.4  -8.8  -8.9  -1.6   4.4   6.4  16.6  10.6   7.3   0.8  -2.4 -10.4 
1955 -14.5 -12.9 -11.4  -3.4   3.2   7.3  13.5  13.2   6.6   1.6  -8.5 -10.1 
1956 -11.5 -16.1  -9.2  -1.6   5.4  11.7  12.7  11.0   8.2   1.5  -7.3  -9.8 
1957 -16.9  -7.6  -7.6  -1.9   5.5   8.2  12.6  12.9   7.3   1.5  -7.8  -8.8 
1958 -12.4  -7.1  -8.2  -3.3   6.1   9.4  10.6  13.1 -99.0   2.5  -5.5  -7.2 
1959 -11.3 -10.2  -7.7  -1.8   2.2   9.4  13.0  13.4   6.1   1.4  -6.5 -10.2 
1960 -12.4 -13.9  -5.4  -0.6   4.0   9.5  13.3  11.1   8.2   2.0  -5.3 -10.0 
1961 -12.6  -7.2  -5.7  -2.4   4.6  10.9  13.5  13.2   3.8   0.3  -6.3 -12.7 
1962 -16.1  -9.0  -8.1  -0.8   3.9   8.4  10.8  10.5   7.2   3.4  -3.8  -8.2 
1963 -15.5  -7.2  -7.4  -2.5   4.5   7.3  11.6  11.6   8.7   3.8  -4.8 -10.1 
1964 -13.9 -15.5 -10.5  -1.5   3.2   6.2  12.9  10.4   6.4   1.7 -99.0 -11.2 
1965 -12.3 -13.4 -14.3  -1.3   2.1   6.7  11.9  11.1   2.8   2.9  -3.2  -9.2 
1966 -12.3 -13.4  -6.8  -2.8   5.2   7.5  13.6  11.5   9.4   0.3  -4.5 -10.1 
1967  -9.9 -10.9  -6.8  -3.3   2.4   7.3  12.8  12.1   7.9   0.9  -4.9 -13.3 
1968 -13.1  -8.7  -5.5  -4.0 -99.0 -99.0  12.1  10.0 -99.0 -99.0  -7.6 -10.2 
1969 -10.6 -11.5  -9.8   0.1   5.6   7.8  13.2  14.6   9.8 -99.0  -5.1  -9.4 
1970 -10.6  -9.1  -8.1  -5.5   3.0 -99.0  12.8  13.2 -99.0 -99.0  -5.6 -11.2 
1971 -10.9 -12.0  -8.6  -3.1   3.0 -99.0  11.0  14.8 -99.0 -99.0  -6.9 -12.6 
1972 -13.0 -10.2  -5.4  -3.4   2.7   9.2  11.4  12.0   3.7   0.1  -6.5 -13.2 
1973 -15.4 -11.3  -8.4  -4.9   2.5   8.9  12.3  12.4   6.1   2.4  -6.6 -10.2 
1974 -13.1 -11.9  -7.9 -99.0   0.3  10.0  14.4  11.6   6.6   2.0  -5.7 -11.9 
1975 -14.4 -12.5  -8.6  -6.9   0.3   6.6  13.7  10.1   5.6   0.4  -8.8  -8.8 
1976 -12.6 -11.2 -11.3  -2.0 -99.0   7.9  13.5  11.4   7.7   0.3 -99.0 -99.0 
1977 -15.8 -10.8 -10.8 -99.0 -99.0  11.0  12.7  10.9 -99.0 -99.0 -99.0 -99.0 
1978 -99.0 -99.0 -99.0 -99.0 -99.0 -99.0 -99.0 -99.0   6.6   3.1  -5.8 -15.1 
1979 -19.0  -9.2  -6.1  -1.2   3.3   8.0  13.1  12.2   8.8   2.9  -8.0  -7.8 
1980 -12.5  -7.6  -7.2  -1.5   4.8   9.2  13.6  11.3   7.8   2.1  -3.5  -5.1 
1981  -7.1  -8.7  -4.3  -0.8   4.4   7.7  12.6  13.2   8.9   0.7  -2.6  -8.6 
1982 -11.6 -11.9  -5.7  -5.2   2.2   7.4  11.9  13.5   7.1   0.7  -6.9  -9.6 
1983 -10.0  -8.8  -5.5  -2.9   2.5   7.2  11.5  13.8   6.8   2.7  -5.0 -14.1 
1984 -99.0 -11.5  -6.1  -2.9   1.7   6.7  12.5  12.0   4.3  -2.0  -5.9 -13.9 
1985 -15.5 -16.0  -9.7  -1.2   4.4   7.8  12.4   9.0   3.2  -0.8  -8.9 -10.2 
1986  -8.2  -6.1 -99.0  -1.2   1.6 -99.0  11.0  12.3   4.8   1.9  -5.9  -9.7 
1987 -12.4  -7.9  -4.3   1.9   7.6  10.5  12.9  10.9   8.8   3.1  -3.6 -99.0 
1988 -14.1 -10.1  -7.9  -0.6   5.3  12.2  14.4  12.2   5.8   4.9  -6.4 -11.0 
1989 -12.6 -13.3  -5.4  -1.4 -99.0   9.0  14.3  11.3   6.6   2.0  -4.5  -9.6 
1990 -10.4 -11.1  -5.4   1.0   2.5   8.4  12.8  12.4  10.2   0.4  -4.2 -15.6 
