Number= 730950
Name= HAZELTON------------
Country= USA---------
Lat=   42.6
Long=  114.1
Height= 1237
Start year= 1917
End year= 1990
First Good year= 1917
Source ID= 30
Source file= New
Normals source= Data
Normals source start year= 1961
Normals source end year= 1990
Normals=  -3.4   0.0   3.7   7.9  12.5  17.4  21.6  20.5  15.0   9.3   2.5  -2.6 
Standard deviations source= Data
Standard deviations source start year= 1941
Standard deviations source end year= 1990
Standard deviations=   3.0   2.6   2.0   1.7   1.5   1.7   1.2   1.4   1.6   1.7   1.7   2.3 
Obs:
1917 -99.0 -99.0 -99.0 -99.0  10.5  15.2  22.6  19.5  15.4   9.1   4.1   3.0 
1918  -1.6  -1.3   5.2   6.4  11.0  20.3  21.0  18.0  16.1   9.3   1.5  -2.0 
1919  -2.4  -1.7   3.2   7.9  12.4  18.2  22.8  22.1  14.8   4.6   0.3  -7.0 
1920  -2.8  -0.3   1.7   4.7  11.3  16.6  23.1  21.1  14.8   7.2   1.6  -1.6 
1921  -1.8  -0.2   5.8   5.5  12.7  18.3  23.3  22.0  11.9  11.0   4.7  -1.0 
1922 -10.1  -3.5  -1.8 -99.0 -99.0 -99.0 -99.0  20.1  15.7  10.2  -0.4  -3.1 
1923  -0.8  -4.3   1.8   7.5  12.9  16.3  25.1  20.3  15.6   6.0   3.6  -4.2 
1924  -5.1   3.0   1.6   8.2 -99.0  17.3  22.9  20.2 -99.0   9.2   1.8  -6.5 
1925  -3.3   1.8 -99.0   8.3  12.6  17.4  24.8  19.2 -99.0 -99.0   1.6   1.2 
1926  -3.0   2.0   5.7 -99.0 -99.0  21.2  23.5  21.7  12.2   9.1   4.8  -3.7 
1927 -99.0  -0.1 -99.0   6.4  11.2  19.4  22.7  20.1  14.1   8.8   5.2  -4.4 
1928  -2.9   0.0   4.6   6.0  16.1  16.4  23.0  20.8  15.8   8.4   3.4  -5.4 
1929  -8.5  -6.8   3.3   6.3  12.2  18.0  24.1  23.9  13.6   8.9   0.9   1.5 
1930  -8.5   3.4   4.7  12.5  12.2  17.8  24.4  22.2 -99.0 -99.0 -99.0  -6.4 
1931  -4.4  -1.0   3.3   8.5  14.7  19.7  24.3  22.1  15.5  10.5   0.2  -4.4 
1932  -5.9  -5.0   1.8   7.8  12.7  17.8  22.5  20.6  16.3   7.8   4.7  -7.3 
1933  -4.4  -8.7   1.8   6.6  10.1  21.0  25.0  21.5  15.4  11.7   4.1   2.1 
1934   1.6   4.7   8.2  12.5  17.4  18.1  24.4  23.1  14.8  11.3   5.4  -1.1 
1935  -3.0  -0.9   2.9   7.7  11.1  18.0  24.0  22.6  18.3   9.7  -0.3  -2.0 
1936  -4.1  -3.9   2.4  10.2  16.2  20.0  25.0  21.6  14.8  10.1   1.7  -1.2 
1937 -11.8  -4.2   3.0   6.3  14.0  17.3  23.9  21.7  17.6  11.6   4.4  -0.9 
1938  -0.2   1.6   3.1   9.2  12.5  18.9  22.4  21.8  19.5  10.8   0.3   0.2 
1939  -0.9  -3.1   4.6  10.7  16.0  17.5  23.1  22.9  17.0  10.2   4.8   2.6 
1940  -2.2   1.9   6.4   9.3  16.6  21.6  24.0  22.6  15.9  10.6   1.2   0.0 
1941  -2.0   2.2   5.7   8.1  14.7  17.7  24.0  21.5  13.2   8.5   4.8  -0.5 
1942  -6.4  -2.8 -99.0  10.1  11.4  16.9  24.6  22.4  17.2  11.3   2.6  -0.4 
1943  -1.9 -99.0 -99.0 -99.0 -99.0 -99.0 -99.0  21.0  18.3  11.1   3.9  -0.4 
1944  -6.3  -0.9   2.3   7.2  14.0  15.2  21.9  20.5  16.2  13.4   2.4  -1.5 
1945  -1.4   1.4   3.3   6.7  13.3  15.9  23.4  22.2  14.6 -99.0   2.2  -1.9 
1946  -3.1  -0.6   5.4  11.0  13.4  18.8  23.7  22.3  15.7   6.5   2.0   2.0 
1947  -6.2   1.9   5.5   8.2  14.9  15.0  22.9  20.5  15.9  11.5   1.5  -1.2 
1948  -1.6  -1.2   1.5   7.7  12.9  17.5  20.4  20.2  15.4   9.4   1.1  -6.1 
1949 -15.1  -4.0   3.4  10.0  14.1  16.9  21.4  21.1  17.0   7.0   6.5  -2.0 
1950  -5.0  -0.2   2.6   6.8  10.7  15.5  20.3  19.6  15.1  11.4   4.4   1.4 
1951  -4.1   0.9   1.2   8.5  12.9  15.3  22.1  19.5  15.5   7.6   1.9  -4.4 
1952  -5.9  -4.8  -0.6   9.7  13.5  16.5  20.8  21.0  16.4  11.9  -1.3  -0.3 
1953   3.2   1.4   4.6   6.7   9.8  14.9  20.8  19.0  15.6   9.5   5.3  -1.4 
1954  -0.7   2.8   1.9   8.3  14.1  15.4  22.7  19.2  15.7   8.3   4.9  -3.7 
1955  -6.3  -3.7   0.4   5.9  11.6  16.9  20.6  21.7  15.0   9.9   0.3  -0.4 
1956  -0.9  -5.2   3.7   8.8  13.7  17.3  22.0  19.0  16.0   8.1   0.9  -1.7 
1957  -6.6   0.2   4.6   7.2  12.8  17.2  21.8  20.7  15.8   8.3   0.3   0.1 
1958  -2.7   3.9   2.9   6.5  16.4  17.4  20.6  21.8  15.7  11.0   2.8   2.2 
1959  -0.3   1.0   3.5   9.0  10.1  19.1  22.2  19.2  13.8   9.0   2.9  -1.9 
1960  -5.7  -2.6   4.8   8.3  12.0  18.5  23.5  18.9  16.9   8.8   3.1  -2.3 
1961  -1.6   3.0   4.1   7.1  13.5  20.4  22.3  22.2  12.0   8.8   1.7  -2.7 
1962  -7.2  -1.4   1.1  10.0  11.2  16.5  20.1  18.7  15.9  10.0   3.8  -0.1 
1963  -7.1   4.6   3.5   5.9  13.4  14.6  20.1  20.6  17.6  12.3   3.5  -3.5 
1964  -5.0  -5.8  -0.7   5.7  12.0  15.0  22.3  19.0  13.5  10.5   1.8  -0.3 
1965  -0.9   1.2   1.7   8.8  10.4  15.8  20.4  18.5  11.4  10.4   5.1  -1.9 
1966  -2.0  -1.1   4.0   7.5  14.2  16.6  21.5  20.3  16.8   8.3   4.2  -2.4 
1967   0.1   2.3 -99.0 -99.0  12.4  15.9  22.6  22.4  17.6   9.8   3.6  -5.1 
1968  -2.8   2.1   5.7   6.3  11.8  16.9  22.4  17.5  14.4   8.9   2.2  -2.2 
1969  -1.5  -1.7   1.7   9.0  14.6  16.2  21.4  21.6  16.9   6.1   2.9  -1.0 
1970  -0.8   3.1   3.0   4.5  12.5  17.1  21.7  21.9  12.7   6.8   3.0  -2.0 
1971  -1.3   0.6   2.3   7.0  12.9  16.2  20.9  22.2  12.3   7.3   2.2  -4.0 
1972  -3.8  -0.1   5.9   6.9  13.1  17.9  20.8  20.8  12.9   8.4   2.1  -5.5 
1973  -3.9  -0.4   2.9   6.7  13.5  17.3  21.1  20.2  15.1   9.6   1.9  -0.2 
1974  -5.3   0.4   4.1   7.5  11.4  19.4  21.3  19.1  15.3 -99.0   3.3  -2.0 
1975  -4.6  -1.6   2.7   4.0  10.1  15.3  22.6 -99.0  15.0   8.6   0.8  -0.3 
1976  -3.2  -2.2   0.3   6.7  14.5  16.3  22.5  18.2  16.4   8.4 -99.0  -1.5 
1977  -4.2   1.4   2.7  10.2  10.2  20.3  21.2  20.6  14.5  10.2   2.5   0.8 
1978   1.1   1.5   6.9   7.9  10.9  16.6  21.0  19.3  14.0  10.4   0.6  -3.5 
1979  -8.6  -0.4   4.8   8.0  13.7  18.2  22.2  21.0  17.2  10.5  -0.1  -0.6 
1980  -3.4   2.4   3.6   9.9  11.9  16.0  20.9  18.4  14.3   9.1   2.5   0.2 
1981  -0.6   0.0   4.7   8.4  11.1  16.3  21.0  22.6  16.2   8.0   5.2   0.3 
1982  -5.0  -3.4   4.1   6.4  12.0  17.7  20.1  19.6  14.4   7.9   1.4  -2.4 
1983   0.6   2.1   5.6   6.6  11.9  16.7  19.8  22.6  15.5  10.1   3.5  -4.7 
1984  -5.6  -3.6   3.2   6.9  11.8  15.5  22.3  22.1  14.6   7.2   2.8  -5.2 
1985  -8.5  -5.5  -0.8  10.5  14.6  19.0  24.0  19.4 -99.0   8.9  -2.8 -10.0 
1986  -2.3   3.1   8.3   8.4  13.6  21.7  20.1  22.6  12.4   9.9   2.4  -2.5 
1987  -4.6   2.4   4.8  11.4  15.2  19.3  20.7  20.3  16.4  11.2   3.7  -1.7 
1988  -3.9   2.3   4.8   9.9  13.3  21.1  23.1  20.9  15.0  13.5   2.3  -4.1 
1989  -4.5  -4.4   4.8  10.1  12.6  18.3  24.0  19.7  16.6   8.8   3.2  -0.9 
1990  -0.6  -0.4   6.1  11.5  11.5  18.3  22.9  21.1  18.3   9.8   3.8  -7.5 
