Number= 260630
Name= ST PETERSBURG
Country= RUSSIA EUROPE
Lat=   60.0
Long=  -30.3
Height= 4
Start year= 1743
End year= 2011
First Good year= 1743
Source ID= 35
Source file= Jones+Anders
Jones data to= 2001
Normals source= Data
Normals source start year= 1961
Normals source end year= 1990
Normals=  -7.8  -6.9  -2.2   4.0  10.9  15.6  17.7  16.2  11.0   5.7   0.1  -4.6 
Standard deviations source= Data
Standard deviations source start year= 1941
Standard deviations source end year= 1990
Standard deviations=   4.4   3.9   3.1   1.9   1.9   1.8   1.5   1.2   1.6   1.8   1.8   3.3 
Obs:
1743 -99.0 -99.0 -99.0   2.8 -99.0 -99.0 -99.0 -99.0 -99.0   0.9  -1.0  -5.9 
1744  -8.8  -8.8  -4.6   5.6   7.9  14.5  17.8  14.2  11.7   2.6   0.5  -5.3 
1745 -10.1  -9.0  -6.1   1.7 -99.0 -99.0 -99.0 -99.0 -99.0 -99.0 -99.0 -99.0 
1746 -99.0 -99.0 -99.0 -99.0 -99.0 -99.0 -99.0 -99.0 -99.0 -99.0 -99.0 -99.0 
1747 -99.0 -99.0 -99.0 -99.0 -99.0 -99.0 -99.0 -99.0 -99.0 -99.0 -99.0 -99.0 
1748 -99.0 -99.0 -99.0 -99.0 -99.0 -99.0 -99.0 -99.0 -99.0 -99.0 -99.0 -99.0 
1749 -99.0 -99.0 -99.0 -99.0 -99.0 -99.0 -99.0 -99.0 -99.0 -99.0 -99.0 -99.0 
1750 -99.0 -99.0 -99.0 -99.0 -99.0 -99.0 -99.0 -99.0 -99.0 -99.0 -99.0 -99.0 
1751 -99.0 -99.0 -99.0 -99.0 -99.0 -99.0 -99.0 -99.0 -99.0   2.6  -3.3  -5.4 
1752 -11.1  -6.1  -1.3   3.8  10.3  14.4  20.9  17.9  10.1   5.0   1.0  -4.0 
1753  -9.0  -9.6  -1.1   3.3  10.3  14.4  17.5  16.2  11.9   6.7   0.1 -12.7 
1754  -9.6 -11.5  -3.7   6.7  10.6  16.5  17.8  14.4   9.9   5.7  -1.3  -4.5 
1755  -9.6 -11.6  -4.7   2.6  11.4  17.8  19.9  14.9  11.0   7.2   1.3  -8.2 
1756  -5.8  -2.6  -3.8   3.9   8.5  17.0  18.8  13.6  10.7   5.1  -2.1  -9.7 
1757 -11.8  -5.0  -3.0   6.1  10.5  19.1  23.2  18.1  13.0  -0.3   0.1 -10.5 
1758 -15.7 -10.0  -4.8   1.4   8.0  14.7  18.3  14.7   9.0   2.2  -1.7  -8.0 
1759  -5.4  -6.1  -3.4   1.2   6.7  16.2  17.4  19.1  10.8   2.9  -3.4 -14.3 
1760 -17.6  -7.3  -7.7  -1.0   8.7  14.2  16.3  15.2  11.3   1.8  -0.7  -8.4 
1761  -9.8  -8.2  -1.2   2.2  10.0  17.5  20.3  18.2  12.8   1.9  -1.2 -12.8 
1762  -4.1  -3.3  -4.0   3.8   8.0  16.1  16.5  15.1   8.0   0.2   1.0  -7.7 
1763 -10.1 -10.9  -8.9   1.5   9.4  13.6  20.5  16.0   9.7   2.1 -99.0 -99.0 
1764 -99.0 -99.0 -99.0   2.6   8.2  12.6  18.6  15.9  11.1   5.7  -1.2  -5.0 
1765  -7.0  -8.8  -1.1   4.3   8.6  13.1  18.6  16.5  10.0   4.6   0.1  -5.9 
1766 -12.5  -7.9  -2.0   4.4  10.0  14.7  18.2  15.9  11.7   5.5   1.4  -7.0 
1767 -14.1  -8.0  -1.1  -0.3   8.8  15.4  16.0  18.4  13.4   5.9   4.1  -6.5 
1768 -14.2 -12.8  -9.0   2.2   6.9  15.4  19.0  15.9  10.6   3.4   0.5  -0.7 
1769  -4.2  -7.2  -2.1   2.6  11.2  16.8  17.5  17.2  11.0   1.3  -3.9  -9.9 
1770  -8.0  -7.7 -10.4   6.6   9.5  13.6  14.8  15.5  12.6   8.1   0.2  -0.9 
1771  -8.1 -14.1 -10.2  -0.6   6.8  18.0  18.0  15.9  11.6   6.1  -2.0  -4.3 
1772 -12.4 -15.7  -7.9   2.7   7.0  13.1  17.9  17.4  11.3   8.0   4.2  -2.2 
1773 -13.8  -8.1  -3.1   6.6  12.6  15.7  19.6  18.3  12.5   7.0  -1.4  -3.3 
1774 -13.3  -5.6  -3.3   3.7  15.1  19.7  21.9  16.8  10.5   4.1 -10.0  -7.4 
1775  -8.9  -6.3  -1.1   2.6   9.3  14.3  20.6  19.6  14.5   9.3  -2.5  -5.2 
1776 -16.6  -2.7  -2.9   1.6  11.2  17.1  20.2  17.3  10.2   5.0  -2.7  -2.7 
1777  -7.7  -9.5  -5.5   0.1  12.1  15.7  17.1  15.2   9.7   4.4   0.8  -2.3 
1778  -9.2  -5.1  -3.4   5.5  10.2  15.2  18.7  15.3  12.2   2.1  -3.9  -5.3 
1779  -9.8  -4.8  -0.6   4.1  12.1  15.1  17.7  18.0  12.7   6.3  -0.9  -8.0 
1780 -12.5  -9.9  -2.6   1.0   9.4  13.4  18.4  14.2   8.7   5.0  -2.1  -7.8 
1781 -10.4  -9.7  -5.2   1.6   6.4  13.3  15.8  17.6  12.9   4.7   1.8 -10.6 
1782  -7.6 -15.0  -7.1   0.1   7.7  13.6  14.7  15.1   9.8   4.5  -3.5 -14.7 
1783 -18.9  -7.5  -6.3   2.3  10.5  16.5  17.3  17.4  10.9   5.2  -6.0  -8.4 
1784  -8.8 -10.6  -9.4   3.5   5.3  12.9  18.7  18.7   8.1   3.5  -0.3  -6.7 
1785  -8.5 -11.4 -10.7  -0.6   6.0  12.9  16.1  16.5   8.7   2.5  -0.8 -10.1 
1786 -10.0 -10.4  -7.5   3.0   7.8  13.5  17.6  17.2  10.8   2.5  -9.2  -9.2 
1787  -9.2  -9.1  -3.0   1.4  12.6  17.0  17.0  15.1   9.3   6.5  -2.3 -10.0 
1788 -10.6  -9.1  -6.5   3.8   7.2  16.0  20.1  15.7  11.9   2.4  -2.6 -18.4 
1789 -12.2 -10.3 -10.1   1.7   9.9  15.8  21.0  18.0  11.7   7.2   0.3  -2.6 
1790  -8.1  -8.3  -3.8  -3.8   8.4  14.0  14.8  13.5   8.3   3.4  -2.4  -2.5 
1791  -2.7  -4.1  -3.3   3.2   6.2  15.5  16.4  14.7   9.0   3.0  -1.9  -4.3 
1792 -15.3 -11.6  -6.2   1.7   8.4  15.4  19.7  14.2  12.9   2.6  -2.6  -3.5 
1793 -11.5  -1.1  -3.0   3.4   9.0  15.0  19.2  16.0   8.6   5.2   0.9  -9.9 
1794  -3.1  -4.4  -1.5   3.7  11.5  15.3  16.9  15.1   9.7   6.7  -0.1  -7.2 
1795 -10.9  -9.0  -6.1   4.0   7.9  15.3  17.5  14.2  10.8   3.3  -0.2  -7.9 
1796  -5.0  -7.4  -6.6   1.6   9.0  17.1  19.0  16.9   8.5   4.6  -2.3 -10.4 
1797  -7.7  -1.7  -3.8  -0.1   7.5  16.8  16.8  15.2  13.5   6.0  -2.2  -3.0 
1798  -7.8  -7.9  -3.9   2.4  11.7  14.8  19.5  18.3   9.4   4.3  -1.7 -10.4 
1799  -9.7 -19.5  -7.5   1.8   7.3  16.3  18.6  15.5  10.8   5.0   1.7  -9.9 
1800 -11.3 -13.3 -10.0   2.3   7.9  14.3  15.0  15.1   8.2   5.4  -0.1  -2.7 
1801 -99.0 -99.0 -99.0 -99.0 -99.0 -99.0 -99.0 -99.0 -99.0 -99.0 -99.0 -99.0 
1802 -99.0 -99.0 -99.0 -99.0 -99.0 -99.0 -99.0 -99.0 -99.0 -99.0 -99.0 -99.0 
1803 -99.0 -99.0 -99.0 -99.0 -99.0 -99.0 -99.0 -99.0 -99.0 -99.0 -99.0 -99.0 
1804 -99.0 -99.0 -99.0 -99.0 -99.0 -99.0 -99.0 -99.0 -99.0 -99.0 -99.0 -99.0 
1805  -9.0 -11.8  -2.8   2.5   9.1  14.4  19.6  18.9  11.6   0.7  -4.9  -4.2 
1806  -6.5 -10.8  -5.6   1.6  10.1  12.3  15.2  18.5  13.4   3.7  -2.2  -2.4 
1807 -10.6  -2.8  -4.0  -0.2   6.2  14.0  16.3  17.5  10.0   3.4   0.3  -3.4 
1808  -4.7  -9.5  -9.2  -1.4   7.1  15.2  17.2  15.4  12.2   5.6  -2.2 -12.2 
1809 -18.6 -13.9 -10.6  -1.7   7.4  14.8  16.4  16.0  11.3   3.6  -6.8  -4.1 
1810  -8.3 -10.7  -9.5  -2.6   4.2  11.0  14.8  14.9   9.3   3.1  -5.1  -4.9 
1811  -8.6 -10.8  -1.5  -0.4   8.2  15.9  16.0  14.6   7.8  -0.1  -1.4  -3.6 
1812  -9.3  -8.1  -5.4   1.3   6.8  13.7  17.9  19.6   7.7   4.8  -5.2 -14.0 
1813 -15.8  -7.7  -2.5   4.3   8.3  13.2  20.3  16.0  13.8   2.3   1.7  -7.9 
1814 -21.5 -11.5  -4.9   1.6   5.9  15.3  20.7  17.0  10.3   2.2   0.9  -4.6 
1815 -10.3  -9.0  -4.0   2.4   8.3  13.1  14.6  16.8  10.7   4.7   0.1  -6.4 
1816  -6.3 -14.3  -5.2   3.6   7.5  15.1  19.1  14.7  12.3   3.0  -2.4  -5.1 
1817  -3.2  -4.1  -3.6   2.0  11.6  14.0  19.1  17.5   8.1   1.4  -3.4 -17.4 
1818  -5.9  -5.1  -2.6  -0.4   7.3  13.2  20.3  14.0  11.8   5.2  -1.8  -2.7 
1819  -3.7  -7.4  -4.6   0.4   7.9  17.4  18.5  18.3  14.0   6.3  -4.7 -16.6 
1820 -17.2 -10.9  -2.1   3.9  10.2  15.0  17.1  15.8  12.1   5.9  -0.9 -10.6 
1821  -7.3  -8.6  -5.9   2.6  10.1  11.2  15.3  13.6   9.2   7.0   0.7  -1.8 
1822  -6.2  -1.7   1.4   6.0   9.2  12.6  17.2  15.7  11.0   5.6   0.3  -2.1 
1823 -12.8 -10.3  -0.2   0.9   7.9  16.4  17.0  16.7  10.6   6.9  -3.3  -2.6 
1824  -6.2  -6.4  -2.4   3.1   8.1  12.0  14.8  13.8  13.2   4.1  -0.2  -3.1 
1825  -5.0  -6.2  -3.6   1.5   6.5  14.7  14.7  15.4   9.4   5.6   1.9  -5.6 
1826 -11.3  -6.7  -1.1   3.9  13.0  17.7  20.9  18.7  10.9   7.5   2.0  -0.3 
1827  -6.6  -9.2  -2.0   7.5  11.5  16.8  16.6  16.4  11.6   3.9  -2.8  -4.0 
1828 -12.1 -12.4  -6.3   2.1  10.5  16.2  19.6  17.0   9.8   5.0  -2.2 -10.1 
1829 -12.3 -13.3  -8.8  -0.4   8.8  14.8  20.1  15.1  12.3   3.2  -3.3  -8.4 
1830 -10.9  -9.5  -3.9   2.4   6.3  15.0  16.9  17.5  10.0   5.2   0.2  -5.3 
1831 -12.6  -5.2  -7.7   2.8   8.1  16.6  19.0  15.4   8.7   4.4  -0.6  -6.8 
1832  -7.6  -3.6  -3.6   1.5   7.8  13.8  14.1  14.4   9.0   5.1  -4.3  -7.4 
1833  -8.5  -5.9  -6.7   2.0   8.1  16.4  17.1  13.0  11.6   5.6   1.7  -7.8 
1834 -14.2  -8.0  -3.5   1.5   8.6  13.1  17.3  18.4  10.0   4.6  -2.0  -5.7 
1835  -6.0  -3.7  -1.7   1.4   7.6  15.7  16.6  13.0  11.3   4.9  -4.8 -11.7 
1836  -9.5  -5.5   1.5   6.1   7.9  13.7  15.6  14.1   9.5   7.1  -1.7  -5.3 
1837  -9.4  -4.3  -5.4   2.0   9.6  13.6  14.6  16.5  10.1   2.8   1.2  -7.6 
1838 -15.7 -14.8  -7.4   1.9   8.0  12.6  16.9  15.1  13.4   3.3  -1.6  -3.7 
1839  -7.5  -9.2  -9.9  -2.1  13.7  14.3  19.2  17.0  11.6   4.6  -3.2 -14.1 
1840  -7.7  -9.6  -6.7   0.9   7.3  14.4  16.4  15.1  11.2   2.9  -4.3 -12.7 
1841  -9.8 -10.3  -3.5   4.2  11.0  17.3  16.7  16.7  10.3   5.9  -0.7  -1.0 
1842 -10.5  -2.7  -3.4  -0.5  10.7  13.9  16.7  17.1   9.4   2.9  -2.0  -1.6 
1843  -1.9  -2.4  -4.2  -0.3   5.4  15.2  16.9  17.7  10.2   4.7  -2.1  -2.7 
1844  -8.8 -14.6  -5.6   1.7  11.3  13.1  16.0  16.7  11.4   4.5  -5.1  -8.3 
1845  -3.3 -13.6 -10.3  -1.7   5.8  12.8  17.4  16.4  10.7   3.4   1.2  -4.2 
1846 -10.0 -12.6  -0.3   2.5   6.9  12.1  18.5  19.4  10.5   7.5  -1.0  -8.4 
1847  -6.2 -11.5  -5.6  -1.6   7.0  15.6  15.3  18.3  13.5   4.5   2.1  -3.6 
1848 -13.0  -3.7   0.2   5.8   9.2  14.0  15.5  14.4  10.6   4.1  -0.5  -6.3 
1849 -12.8  -7.1  -5.3   0.6   8.0  11.8  16.3  16.0  10.3   4.2   0.7  -7.8 
1850 -15.2  -7.2  -7.2   2.1  10.9  15.0  17.7  17.5   9.7   3.6  -1.6  -2.0 
1851  -6.6 -10.8  -6.6   4.5   8.3  14.0  18.6  15.4  13.1   6.0   2.7  -2.2 
1852  -8.1  -9.6  -3.3  -2.4   8.1  16.4  15.3  15.8  11.4   1.6  -6.0  -3.8 
1853  -4.5  -5.5  -7.8   0.4   8.7  15.4  17.8  15.0  10.4   6.1  -0.1  -5.0 
1854 -11.8  -8.6  -5.1   1.3  11.7  16.2  19.2  18.1   9.6   7.2  -1.4  -2.5 
1855  -8.5 -14.6  -6.0   2.6  10.4  15.8  19.4  14.8   9.9   6.3  -2.7  -9.4 
1856  -6.5 -11.8 -10.6   0.8   9.0  14.1  17.5  12.7   9.1   3.8  -6.2  -5.7 
1857  -9.1  -4.3  -0.5   1.5   7.0  13.2  15.7  16.5   8.9   6.2  -0.5  -1.5 
1858  -5.7  -6.7  -4.0   1.6  11.1  14.6  19.8  17.5  11.7   6.5  -4.4  -4.1 
1859  -3.3  -3.5  -3.8   3.4  10.7  17.0  16.5  15.0  10.5   3.7   0.2  -4.3 
1860  -6.3 -10.0  -5.2   3.9   8.3  16.3  18.3  16.5  12.1   4.6  -2.1 -11.2 
1861 -17.5  -5.5  -0.1  -0.4   7.6  15.1  21.1  15.9  10.0   5.4  -2.9  -4.7 
1862 -17.3 -14.3  -6.6   2.0   7.8  13.0  15.2  13.0   9.7   4.6  -4.2  -8.3 
1863  -2.1  -3.8  -1.8   3.7   9.3  14.2  15.2  15.8  14.3   6.5   2.0  -3.6 
1864  -6.4  -5.8  -2.7   2.8   5.0  16.8  19.4  14.2  10.3   1.9  -6.0  -5.9 
1865  -5.6 -11.0  -5.6   1.3   8.1  11.3  20.2  13.4   9.8   3.6   0.5  -2.9 
1866  -1.6 -10.8  -5.1   2.7   7.6  15.9  16.3  17.6  14.1   4.0  -2.1  -6.4 
1867 -12.8  -6.5  -9.1  -0.8   2.1  13.9  16.7  14.7   8.6   6.1  -4.1 -11.3 
1868 -12.1 -10.3  -1.5   1.6   8.9  14.3  18.9  18.3  10.5   6.7  -4.6  -4.8 
1869 -10.4  -3.7  -1.3   3.0   9.6  13.8  18.1  16.5  11.2   5.0  -0.4  -2.7 
1870  -5.5 -12.8  -4.3   2.8   7.4  15.0  17.8  14.5   9.9   3.6   0.2 -13.6 
1871 -10.5 -19.5  -0.4   0.6   5.5  12.5  19.4  15.5   7.9   3.2  -2.7  -5.1 
1872  -4.7 -10.1  -4.1   3.9  11.5  16.7  16.5  16.4   9.8   6.5   1.0  -4.8 
1873  -5.7  -9.9  -4.3  -0.9   7.2  16.6  18.3  15.5  12.1   6.4  -2.5  -4.7 
1874  -2.5  -6.2  -4.1   1.4   6.0  13.2  16.5  15.2  11.2   7.9  -0.8  -6.7 
1875 -14.7  -8.3  -7.4  -1.2   8.2  14.9  18.2  14.8   8.6   1.6  -4.5 -13.0 
1876  -9.9  -9.1  -0.9   2.6   4.2  17.9  17.9  15.8  12.3   3.5  -4.0 -15.7 
1877 -10.3  -9.5  -8.0   0.4   6.2  13.1  17.0  14.3   7.6   4.7   4.0  -4.5 
1878  -9.2  -6.0  -3.5   3.1   7.9  15.3  14.1  15.2  12.6   8.6   1.9  -2.6 
1879 -10.2  -5.5  -4.9   1.9  11.1  15.1  15.8  15.5  12.3   5.4  -3.7  -6.8 
1880  -8.4  -5.3  -5.3   2.0   9.1  14.9  17.7  18.0  12.8  -0.5  -1.8  -6.7 
1881 -11.7  -9.3  -6.4  -0.8   7.3  15.5  17.9  15.4  11.0   2.9   0.0  -4.8 
1882  -1.4  -3.8  -0.1   4.0  11.1  15.6  19.6  19.3  12.2   2.9  -5.1 -10.9 
1883 -12.8  -8.8  -8.2   3.3  10.2  18.0  18.1  14.8  12.2   5.3   2.7  -2.4 
1884  -6.5  -6.4  -5.4   0.8   7.1  16.3  17.8  13.9  10.8   6.4  -2.4  -6.6 
1885  -6.6  -4.9  -3.9   1.5   9.3  14.4  21.6  15.6   9.1   4.4  -3.2  -4.5 
1886  -9.4  -9.5  -5.9   4.9  10.3  16.7  18.8  17.1  10.2   4.3   1.6  -1.9 
1887  -4.3  -3.5  -3.9   3.2  11.5  13.8  18.5  15.5  12.7   3.2  -0.5  -6.6 
1888 -11.4 -12.1 -10.2   2.1   7.8  13.4  16.5  15.7  10.8   3.5  -1.4  -8.1 
1889  -7.8 -11.1  -7.3   2.2  12.9  16.1  18.0  15.4   9.6   7.3   2.0  -3.8 
1890  -5.7  -5.2   0.4   6.5  11.6  16.2  18.3  17.0  12.1   3.8  -2.9  -6.4 
1891  -9.0  -3.6  -2.8   3.2  10.5  13.9  19.1  13.9   9.8   5.6  -5.4  -2.9 
1892 -10.6  -8.4  -5.1   1.3   9.0  12.8  17.0  15.0  11.7   4.1  -0.6 -10.4 
1893 -15.3 -17.1  -5.0   0.0   8.5  15.7  16.9  15.5   8.8   6.8  -1.8  -3.2 
1894  -3.9  -3.9  -3.0   6.1  11.2  15.5  17.4  16.3   7.1   2.1   0.5  -5.0 
1895  -7.8 -15.1  -5.0   2.1  11.3  16.8  17.3  15.8  10.5   6.4   1.1  -6.1 
1896  -6.4  -8.7  -3.1   2.6   9.9  18.4  19.9  15.9  10.6   8.0  -2.8  -6.1 
1897 -10.0  -8.6  -4.5   4.8  16.5  15.1  19.1  16.8  10.8   5.5  -0.2  -5.2 
1898  -3.7  -8.5  -6.8   2.0  12.1  16.5  17.6  17.4   9.8   2.7   2.4  -2.9 
1899  -6.9  -8.1  -8.1   3.2   9.0  12.3  20.4  13.5  10.9   6.1   1.5  -7.8 
1900  -8.6  -8.7  -5.6   2.0   8.4  13.8  17.1  17.7   9.6   5.9  -1.5  -4.8 
1901  -3.2 -10.2  -5.7   3.5  10.0  18.1  20.1  17.8  11.8   6.9  -2.6  -8.9 
1902  -9.3  -7.6  -5.2  -1.3   8.6  13.2  15.6  13.8   9.2   2.3  -3.2  -8.8 
1903  -6.6  -3.5   0.4   5.8  10.6  17.1  17.3  15.0  11.6   1.2   1.1  -3.7 
1904  -3.1  -7.6  -3.9   4.3   7.4  13.0  15.1  14.4  10.6   6.3  -2.0  -6.0 
1905  -8.5  -4.2  -1.3   2.5  11.5  17.5  17.7  15.1  10.1   3.9   0.1  -3.5 
1906  -4.8  -4.9  -4.3   4.8  16.0  16.5  19.4  14.7   8.7   4.9   0.0  -4.8 
1907 -12.6  -6.8  -2.6   3.6   7.6  16.0  18.5  13.9  10.1   7.6  -2.0 -13.2 
1908  -8.0  -5.9  -4.7   3.8   7.8  14.5  17.4  15.4   9.7   4.7  -3.5  -3.8 
1909  -4.4 -10.9  -3.3   0.4   6.4  14.8  17.1  15.4  12.6   9.2  -2.4  -2.6 
1910  -5.4  -2.4   0.2   6.2  11.6  16.0  18.3  13.8  11.9   3.9  -2.4  -1.6 
1911  -6.3 -12.3  -3.6   1.8  11.0  14.3  16.7  18.1  10.5   4.2   2.6  -3.4 
1912 -11.8 -11.7   0.6   0.4   9.0  16.9  18.0  17.8  10.0   1.4  -0.4  -1.8 
1913  -6.0  -7.1  -0.8   6.6   8.8  14.3  19.8  18.0  11.8   3.7   2.0  -5.2 
1914  -8.8  -2.0  -2.6   3.6  11.6  17.0  21.9  13.9  10.7   2.9  -1.0  -0.6 
1915  -7.9  -6.8  -8.5   2.8   9.1  13.4  19.9  15.5  10.4   3.1  -2.7 -13.1 
1916  -4.8  -4.1  -4.5   4.3   8.4  15.1  20.2  13.9   8.7   2.2   1.8  -4.0 
1917 -10.9 -14.5 -11.1   3.1   7.5  19.3  16.7  19.3  11.4   7.2   0.8  -5.3 
1918 -10.6  -6.8  -4.7   4.8   7.0  13.2  18.7  13.9  10.5   8.0   1.8  -5.6 
1919  -5.2  -9.7  -7.4   2.5  10.1  17.0  20.3  14.8  12.5   5.4  -5.1  -8.4 
1920  -9.5  -4.0   0.8   7.9  14.5  15.4  20.5  17.4  12.6   2.3   0.6  -4.1 
1921  -7.6  -9.5   0.6   8.4  14.5  15.8  15.7  16.0  10.0   3.2  -5.7  -6.5 
1922  -9.9  -8.0  -3.9   3.0  10.0  15.4  17.7  15.9  11.3   3.2  -0.8  -5.5 
1923  -3.8 -13.3  -5.2  -0.3   8.0  11.9  17.1  13.4  11.8   6.3   2.4  -4.3 
1924 -10.0  -8.1  -4.6   0.8   9.7  14.4  17.3  17.4  13.2   6.7   1.3  -2.0 
1925  -0.3  -1.4  -4.6   5.6  11.1  14.2  20.2  16.2  10.8   3.0  -3.5  -7.5 
1926 -12.8  -8.8  -4.2   0.9  10.7  16.0  18.0  15.0  11.1   2.4   1.9  -7.0 
1927  -9.6  -6.8  -1.7   2.6   7.4  13.8  21.9  18.6  11.0   3.1  -2.8  -7.9 
1928  -5.7  -7.8  -4.3   2.9  10.6  11.9  15.0  15.2  10.9   5.1   2.8  -3.0 
1929 -10.2 -16.4  -5.0  -1.7  12.2  14.0  17.9  16.8  10.5   7.0   2.6   0.3 
1930  -0.8  -6.5  -1.5   5.1  12.6  15.0  18.5  17.6   8.7   5.8   1.3  -6.8 
1931  -7.7 -10.3  -6.5   3.4  12.6  13.4  19.9  17.4   9.0   4.4   0.2  -5.6 
1932  -2.3 -10.4  -6.5   3.8  11.5  15.1  21.1  18.9  12.3   5.2   0.1   1.1 
1933  -8.8  -7.7  -2.9   3.8   8.7  16.6  19.7  15.0  11.1   5.3  -2.0  -6.8 
1934  -2.9  -5.4  -2.0   4.4  13.3  14.8  20.8  17.4  14.6   7.7   3.0  -5.2 
1935  -8.0  -4.2  -2.9   3.3   7.6  16.7  16.5  16.8  10.7   7.9   0.0  -1.8 
1936  -4.3 -10.7  -0.5   4.3  11.5  19.2  20.6  16.7  10.6   2.5   2.0   0.0 
1937  -7.5  -6.6  -1.6   6.6  11.8  18.2  18.2  19.0  13.1   6.5   2.0  -8.9 
1938  -6.7  -3.6   0.4   3.0   9.7  14.4  21.6  19.5  14.9   6.5   3.4  -6.3 
1939  -7.3  -1.7  -2.5   1.7   9.1  15.8  18.9  19.8   8.8   2.2   0.7  -6.1 
1940 -14.6 -14.5  -8.4   1.7  11.6  14.7  19.2  16.4  11.2   4.7   1.0  -5.9 
1941 -14.0  -8.6  -6.2   0.0   6.6  12.1  21.3  17.1   8.5   1.4  -4.2 -12.4 
1942 -18.7 -12.4 -11.7   1.8   8.5  14.3  16.8  16.9  10.9   6.9  -2.4  -4.0 
1943 -11.8  -3.2  -0.5   4.4  10.3  16.3  17.7  16.0  11.4   7.8   1.3  -0.8 
1944  -3.4  -5.6  -2.9   0.3   9.7  14.3  18.7  17.1  11.3   6.6  -0.2  -3.1 
1945  -6.6  -4.9  -6.1   3.0   8.0  14.3  19.3  17.7   9.1   2.5  -1.2  -9.5 
1946  -5.7 -10.0  -4.4   3.5   8.9  16.8  18.9  16.5  11.3   2.0  -1.3  -3.8 
1947  -8.4 -14.8  -7.0   3.5   8.9  16.8  17.3  16.1  12.4   4.5  -1.1  -4.4 
1948  -7.7  -9.6  -4.1   4.0  12.9  17.4  16.9  15.6  11.2   5.1   0.6  -1.1 
1949  -2.2  -2.9  -2.5   4.5  13.0  14.0  17.3  14.8  13.8   6.0   0.9  -1.4 
1950 -13.9  -5.9  -2.5   7.2  10.4  14.2  16.1  15.6  11.8   5.7   0.4  -3.5 
1951  -8.3  -7.5  -5.7   5.5   7.1  14.8  16.1  18.6  12.6   5.8  -2.0  -0.8 
1952  -2.4  -4.8  -9.5   4.1   7.4  14.7  17.3  15.2   9.5   2.7  -1.1  -3.6 
1953  -7.2 -12.0  -2.0   5.6   9.7  18.0  18.1  16.0   9.5   6.8   0.3  -3.1 
1954  -8.7 -12.1  -1.1   1.9  10.7  15.8  18.5  16.4  11.8   5.6  -0.9  -1.2 
1955  -6.0  -7.9  -6.0  -0.8   7.1  13.0  17.5  18.9  14.2   7.2  -2.4 -13.9 
1956  -9.2 -14.8  -4.2   0.4   9.0  18.1  15.3  14.0   9.1   4.8  -3.5  -2.4 
1957  -3.3  -2.3  -7.2   3.0  11.1  13.6  19.5  16.1  10.6   5.8   1.1  -2.3 
1958  -7.6  -8.7  -6.9   2.3   9.3  14.0  16.6  14.5  10.7   6.3   2.5  -8.0 
1959  -4.1  -3.7  -0.7   4.7  10.4  16.3  19.1  17.9   8.5   3.8  -0.8  -6.7 
1960 -10.0  -9.6  -5.3   3.7  12.0  16.7  20.2  16.6  10.2   2.8  -1.5   0.0 
1961  -3.4  -0.7   0.0   2.5  11.2  18.4  17.8  15.8  10.2   8.3   1.2  -5.4 
1962  -3.2  -5.3  -7.0   6.0   9.7  12.4  16.2  14.0  10.7   6.8   1.8  -5.1 
1963 -12.9 -11.2  -9.8   3.9  14.1  14.2  18.4  17.9  13.9   6.4  -0.1  -6.4 
1964  -4.0  -8.4  -5.2   3.4  10.7  15.8  18.0  15.3  10.9   8.2  -1.4  -3.1 
1965  -5.3  -8.8  -3.5   4.2   7.2  15.8  15.6  15.3  13.1   5.2  -4.3  -2.9 
1966 -14.9 -13.9  -2.8   1.2  10.7  17.0  18.3  15.3   9.2   5.8   0.9  -8.1 
1967 -12.2  -6.7   1.7   4.5  11.2  14.1  17.5  17.4  13.4   8.9   2.8  -9.1 
1968 -16.5  -5.9  -0.7   3.8   9.4  17.1  14.2  17.4  11.1   2.6  -1.1  -3.0 
1969 -12.2  -9.3  -6.0   3.7   8.8  14.7  16.8  16.2  10.2   5.4   0.6  -5.8 
1970  -9.6  -9.6  -0.5   4.2  10.4  16.9  18.4  16.2  10.9   4.7  -0.9  -4.1 
1971  -2.3  -7.9  -4.5   2.8  10.6  14.5  17.5  16.4  10.2   4.3  -1.5  -3.7 
1972 -11.2  -4.1  -2.4   3.2  10.3  18.3  22.1  19.8  11.5   5.0   0.3   1.8 
1973  -5.3  -4.3  -1.5   5.0  11.6  17.4  20.3  15.9   8.1   3.0  -1.7  -6.0 
1974  -7.1   0.1   0.3   1.9   7.1  16.0  18.2  15.8  13.8   7.3   2.2   0.1 
1975  -2.0  -4.8   0.7   5.4  13.6  14.7  18.6  16.9  13.8   5.2  -0.6  -2.2 
1976 -11.2  -8.5  -3.7   2.7  10.3  11.9  16.5  14.4   9.4   1.0   0.0  -3.9 
1977  -7.2  -7.9  -2.5   4.4  11.3  16.0  17.3  16.0   9.7   4.4   2.4  -6.1 
1978  -7.0 -11.5  -1.3   2.5  10.7  14.5  16.6  14.8   9.7   3.9   2.6 -13.5 
1979  -8.9 -10.1  -0.7   2.6  12.5  16.4  16.6  17.3  11.1   5.0   1.6  -3.2 
1980  -8.9  -8.1  -4.6   5.0   7.7  18.6  17.0  15.5  11.1   5.9  -1.7  -3.4 
1981  -4.4  -5.0  -4.6   1.7  11.9  16.0  19.1  15.6  11.1   7.9  -0.1  -5.3 
1982 -10.6  -6.8  -0.1   4.1  10.4  11.9  17.7  16.6  11.2   5.3   3.7  -0.3 
1983  -2.2  -8.6  -2.6   7.6  13.6  14.6  18.7  16.8  12.6   6.4  -0.4  -2.8 
1984  -3.4  -5.4  -2.8   5.8  14.5  15.5  17.0  15.7  11.3   7.8  -0.5  -4.6 
1985 -13.7 -14.8  -0.8   2.3  10.1  13.4  16.3  18.4  10.9   7.5  -1.0  -6.0 
1986  -6.7 -11.1   0.9   5.0  11.0  17.4  18.6  15.5   8.2   5.6   3.2  -7.8 
1987 -17.9  -5.6  -4.7   2.6  10.2  14.9  15.9  13.9   9.8   6.4  -2.0  -5.5 
1988  -4.7  -4.0  -0.6   3.1  13.2  17.9  21.0  15.7  12.2   6.2  -3.4  -6.1 
1989  -0.7   0.6   2.5   7.7  12.5  18.4  18.9  16.4  12.9   6.0   0.6  -5.0 
1990  -5.4   1.7   1.4   8.1   9.8  14.3  17.0  16.6   9.0   5.8  -0.5  -1.8 
1991  -4.4  -5.8  -0.8   4.8   9.9  15.3  18.4  17.5  11.2   7.2   3.4  -1.4 
1992  -2.7  -2.6   1.8   3.3  11.0  16.7  17.8  16.6  13.8   1.5  -2.5  -0.1 
1993  -2.3  -2.6  -1.1   4.1  13.9  12.9  16.9  14.8   7.3   4.3  -5.7  -3.2 
1994  -3.3 -12.0  -1.9   7.1   9.4  14.2  19.7  16.4  12.7   5.4  -0.9  -3.0 
1995  -4.1  -0.3   1.1   4.8  11.1  19.2  16.5  16.9  12.3   8.3  -1.8  -8.6 
1996  -7.0 -10.7  -2.9   3.4  10.2  14.7  16.2  18.4   9.7   6.6   4.1  -5.2 
1997  -5.6  -3.8  -1.2   2.5   9.1  16.7  19.6  18.8  10.6   3.7  -0.5  -5.4 
1998  -1.7  -7.3  -4.2   3.6  10.8  16.4  18.1  14.7  11.8   6.5  -5.2  -4.1 
1999  -7.2  -8.0  -0.2   7.6   7.7  20.5  20.6  15.1  13.0   7.2  -0.1  -1.3 
2000  -4.4  -2.4  -0.5   8.1  10.5  15.4  18.2  16.6  10.6   8.4   2.6  -0.5 
2001  -2.5  -6.9  -3.8   8.0  10.2  15.2  21.8  16.8  12.7   7.1  -0.1  -8.8 
2002  -4.4  -0.6   0.5   6.0  12.4  16.8  20.8  18.8  11.7   1.5  -2.3  -9.7 
2003  -9.5  -5.8  -1.1   2.3  12.1  13.0  21.4  16.6  12.4   5.1   2.4  -0.8 
2004  -8.2  -5.4  -0.5   5.0  11.1  14.7  18.5  17.8  13.3   6.6  -0.1  -0.7 
2005  -1.6  -6.4  -6.1   4.7  11.1  15.4  20.1  17.9  13.6   7.7   3.5  -3.6 
2006  -5.8 -10.7  -5.9   5.4  11.8  17.0  19.2  18.9  14.2   8.1   1.7   3.0 
2007  -2.5 -10.6   3.6   5.2  12.3  16.0  18.5  19.6  12.1   7.5  -0.7   0.8 
2008  -1.7  -0.2   0.4   7.0  11.0  15.1  17.8  16.1  10.7   8.8   3.1  -0.8 
2009  -3.5  -3.9  -0.8   4.3  12.1  15.0  18.2  16.8  13.9   4.6   2.4  -5.1 
2010 -12.1  -8.4  -2.4   6.7  13.4  15.5  24.4  19.6  12.3   5.6   0.3  -8.3 
2011  -5.8 -11.0  -1.9   5.7  11.0 -99.0 -99.0 -99.0 -99.0 -99.0 -99.0 -99.0 
