Number= 262980
Name= BOLOGOE
Country= USSR
Lat=   57.9
Long=  -34.1
Height= 178
Start year= 1951
End year= 2007
First Good year= 1951
Source ID= 10
Source file= Jones+Anders
Jones data to= 1970
Normals source= Extrapolated
Normals source start year= 1951
Normals source end year= 1970
Normals= -10.1  -9.0  -3.7   3.5  11.2  15.1  16.6  14.9   9.9   4.3  -1.9  -6.6 
Standard deviations source= Data
Standard deviations source start year= 1951
Standard deviations source end year= 1970
Standard deviations=   4.1   3.8   3.1   1.8   2.0   1.8   1.5   1.2   1.5   1.7   2.0   3.5 
Obs:
1951 -11.3 -10.2  -5.0   6.4   7.6  15.1  15.8  17.3  11.0   2.4  -4.4  -2.2 
1952  -4.0  -7.4 -10.8   5.5   8.6  14.6  16.2  14.9   9.6   2.5  -2.0  -5.0 
1953 -10.4 -15.2  -3.1   5.8   9.8  17.2  17.3  15.5   8.7   5.4  -2.7  -5.5 
1954 -12.6 -13.6  -2.2   1.7  11.5  16.8  18.5  16.0  10.8   4.5  -2.2  -4.0 
1955  -7.2  -7.8  -7.1  -0.6   8.4  13.0  16.7  17.2  13.0   6.6  -3.6 -15.8 
1956 -11.4 -18.2  -4.6   0.8   9.6  19.0  14.0  13.2   7.6   3.3  -5.0  -4.1 
1957  -4.8  -2.5  -7.4   4.6  11.8  13.6  17.7  15.1   9.7   4.8  -0.7  -5.0 
1958  -8.4  -8.7  -7.2   1.8  10.7  13.1  16.0  13.8   8.5   5.2  -0.2  -9.2 
1959  -5.0  -5.0  -1.9   4.2   9.8  16.1  18.6  16.0   7.4   1.7  -4.6 -10.4 
1960 -12.6  -9.9  -6.4   3.6  11.2  16.6  19.7  15.1   8.2   1.2  -3.5   0.0 
1961  -6.2  -2.1  -0.6   2.8  10.7  17.3  16.8  14.4   8.8   6.0  -1.1  -7.8 
1962  -4.8  -7.0  -7.3   5.8  10.8  11.9  15.0  13.2   9.5   5.2  -0.2  -8.1 
1963 -16.0 -11.4 -10.9   3.0  15.6  12.4  18.0  16.8  12.3   4.9  -1.2  -8.4 
1964  -7.4 -10.4  -7.1   3.0  10.3  17.0  17.8  14.6  10.0   6.4  -3.4  -5.1 
1965  -9.1 -11.1  -4.6   1.4   7.5  15.1  14.7  14.1  11.8   3.4  -7.5  -3.5 
1966 -13.9 -11.9  -1.6   3.6  13.1  16.4  17.5  14.6   7.9   4.9  -0.9 -10.8 
1967 -14.9  -9.0   0.5   4.6  14.0  14.9  16.3  16.3  10.7   7.9   0.6 -10.6 
1968 -17.4  -8.6  -2.0   3.8   9.8  16.6  14.0  16.7  10.0   1.8  -2.9  -5.6 
1969 -15.9 -13.5  -7.6   3.6   9.5  13.6  16.2  14.8   9.0   3.8   0.4  -9.4 
1970 -11.8 -10.2  -2.8   4.0  11.2  15.2  17.6  15.2   9.8   3.9  -2.8  -6.8 
1971 -99.0 -99.0 -99.0 -99.0 -99.0 -99.0 -99.0 -99.0 -99.0 -99.0 -99.0 -99.0 
1972 -99.0 -99.0 -99.0 -99.0 -99.0 -99.0 -99.0 -99.0 -99.0 -99.0 -99.0 -99.0 
1973 -99.0 -99.0 -99.0 -99.0 -99.0 -99.0 -99.0 -99.0 -99.0 -99.0 -99.0 -99.0 
1974 -99.0 -99.0 -99.0 -99.0 -99.0 -99.0 -99.0 -99.0 -99.0 -99.0 -99.0 -99.0 
1975 -99.0 -99.0 -99.0 -99.0 -99.0 -99.0 -99.0 -99.0 -99.0 -99.0 -99.0 -99.0 
1976 -99.0 -99.0 -99.0 -99.0 -99.0 -99.0 -99.0 -99.0 -99.0 -99.0 -99.0 -99.0 
1977 -99.0 -99.0 -99.0 -99.0 -99.0 -99.0 -99.0 -99.0 -99.0 -99.0 -99.0 -99.0 
1978 -99.0 -99.0 -99.0 -99.0 -99.0 -99.0 -99.0 -99.0 -99.0 -99.0 -99.0 -99.0 
1979 -99.0 -99.0 -99.0 -99.0 -99.0 -99.0 -99.0 -99.0 -99.0 -99.0 -99.0 -99.0 
1980 -99.0 -99.0 -99.0 -99.0 -99.0 -99.0 -99.0 -99.0 -99.0 -99.0 -99.0 -99.0 
1981 -99.0 -99.0 -99.0 -99.0 -99.0 -99.0 -99.0 -99.0 -99.0 -99.0 -99.0 -99.0 
1982 -99.0 -99.0 -99.0 -99.0 -99.0 -99.0 -99.0 -99.0 -99.0 -99.0 -99.0 -99.0 
1983 -99.0 -99.0 -99.0 -99.0 -99.0 -99.0 -99.0 -99.0 -99.0 -99.0 -99.0 -99.0 
1984 -99.0 -99.0 -99.0 -99.0 -99.0 -99.0 -99.0 -99.0 -99.0 -99.0 -99.0 -99.0 
1985 -99.0 -99.0 -99.0 -99.0 -99.0 -99.0 -99.0 -99.0 -99.0 -99.0 -99.0 -99.0 
1986 -99.0 -99.0 -99.0 -99.0 -99.0 -99.0 -99.0 -99.0 -99.0 -99.0 -99.0 -99.0 
1987 -99.0 -99.0 -99.0 -99.0 -99.0 -99.0 -99.0 -99.0 -99.0 -99.0 -99.0 -99.0 
1988 -99.0 -99.0 -99.0 -99.0 -99.0 -99.0 -99.0 -99.0 -99.0 -99.0 -99.0 -99.0 
1989 -99.0 -99.0 -99.0 -99.0 -99.0 -99.0 -99.0 -99.0 -99.0 -99.0 -99.0 -99.0 
1990 -99.0 -99.0 -99.0 -99.0 -99.0 -99.0 -99.0 -99.0 -99.0 -99.0 -99.0 -99.0 
1991 -99.0 -99.0 -99.0 -99.0 -99.0 -99.0 -99.0 -99.0 -99.0 -99.0 -99.0 -99.0 
1992 -99.0 -99.0 -99.0 -99.0 -99.0 -99.0 -99.0 -99.0 -99.0   0.0  -4.4 -99.0 
1993  -5.2 -99.0  -2.7 -99.0 -99.0 -99.0 -99.0 -99.0 -99.0 -99.0 -99.0 -99.0 
1994 -99.0 -99.0 -99.0 -99.0 -99.0 -99.0 -99.0 -99.0 -99.0 -99.0 -99.0 -99.0 
1995 -99.0 -99.0 -99.0   6.1 -99.0 -99.0 -99.0 -99.0 -99.0 -99.0 -99.0 -99.0 
1996 -99.0 -99.0 -99.0 -99.0 -99.0 -99.0 -99.0 -99.0 -99.0 -99.0 -99.0 -99.0 
1997 -99.0 -99.0 -99.0 -99.0 -99.0 -99.0 -99.0 -99.0 -99.0 -99.0 -99.0 -99.0 
1998 -99.0 -99.0 -99.0 -99.0 -99.0 -99.0 -99.0 -99.0 -99.0 -99.0 -99.0 -99.0 
1999 -99.0 -99.0 -99.0 -99.0 -99.0 -99.0 -99.0 -99.0 -99.0 -99.0 -99.0 -99.0 
2000 -99.0 -99.0 -99.0 -99.0 -99.0 -99.0 -99.0 -99.0 -99.0 -99.0 -99.0 -99.0 
2001 -99.0 -99.0 -99.0 -99.0 -99.0 -99.0 -99.0 -99.0 -99.0 -99.0 -99.0 -99.0 
2002 -99.0 -99.0 -99.0 -99.0 -99.0 -99.0 -99.0 -99.0 -99.0 -99.0 -99.0 -99.0 
2003 -99.0 -99.0 -99.0 -99.0 -99.0 -99.0 -99.0 -99.0 -99.0 -99.0 -99.0 -99.0 
2004 -99.0 -99.0 -99.0 -99.0 -99.0 -99.0 -99.0 -99.0 -99.0 -99.0 -99.0 -99.0 
2005 -99.0 -99.0 -99.0 -99.0 -99.0 -99.0 -99.0 -99.0 -99.0 -99.0 -99.0 -99.0 
2006 -99.0 -99.0 -99.0 -99.0 -99.0 -99.0 -99.0 -99.0 -99.0 -99.0 -99.0 -99.0 
2007 -99.0 -99.0 -99.0 -99.0 -99.0 -99.0 -99.0 -99.0 -99.0 -99.0 -99.0 -99.0 
