Number= 264220
Name= RIGA
Country= USSR
Lat=   57.0
Long=  -24.1
Height= 3
Start year= 1795
End year= 2007
First Good year= 1795
Source ID= 10
Source file= Jones+Anders
Jones data to= 1989
Normals source= Data
Normals source start year= 1961
Normals source end year= 1989
Normals=  -5.0  -4.6  -0.7   5.2  11.5  15.5  17.0  16.3  12.1   7.3   2.0  -2.4 
Standard deviations source= Data
Standard deviations source start year= 1941
Standard deviations source end year= 1989
Standard deviations=   4.1   3.8   2.9   1.5   1.7   1.5   1.4   1.1   1.3   1.5   1.7   2.5 
Obs:
1795 -99.0  -5.3  -1.8   8.2   9.4  16.8  17.0  17.2  12.4   7.2   2.0  -3.6 
1796   2.3  -2.8  -3.9   4.0  11.5  17.1  18.2  18.9  12.9   7.8   1.3  -6.8 
1797  -1.5   1.3  -0.3   5.4  10.9  19.2  18.8  17.9  17.1   8.8   2.2  -0.7 
1798  -4.2  -2.7   0.0   6.3  15.8  17.1  21.2  20.5  14.3   7.4  -0.2  -8.0 
1799  -7.2 -16.4  -6.1   4.8   9.5  15.1  17.2  15.9  13.3   7.6   5.5  -7.5 
1800  -7.2  -4.2  -6.8   7.6  11.6  13.9  15.2  16.6  10.4   7.9   3.8  -1.5 
1801  -4.3  -5.1   1.9   5.3  16.8  15.2  18.2  16.5  12.2   6.6   3.0  -2.9 
1802  -6.8  -3.1   3.0   8.2   9.9  13.4  17.6  18.9  11.7   9.0  -1.8  -2.5 
1803 -17.1  -9.8  -1.5   8.4  13.9  14.2  19.0  20.3  12.0   6.2   0.4  -8.9 
1804  -2.2  -6.4  -3.9   6.5  13.8  16.0  19.1  19.1  15.0   8.7   0.7  -8.7 
1805  -5.2  -6.2   1.5   5.2  11.1  15.2  20.7  19.5  14.9   2.1  -0.2  -0.4 
1806  -0.8  -5.8  -1.6   3.8  10.3  11.5  15.0  19.3  17.4   7.7   2.0   0.1 
1807  -3.9  -1.5  -3.8   2.8   9.1  14.0  18.1  17.1  12.0   6.0   2.8   0.3 
1808  -2.0  -4.9  -5.9   1.2  10.4  15.8  19.0  19.6  15.2   8.2   0.5  -8.2 
1809 -14.7  -5.7  -6.7   1.6  10.4  15.0  18.3  18.0  14.6   5.4  -1.0  -0.1 
1810  -3.1  -4.3  -3.8   0.6   7.6  11.6  17.0  16.8  13.9   6.3  -0.3  -1.4 
1811  -6.0  -5.4   1.2   3.8  13.0  18.7  19.2  18.1  11.6   4.9   2.3   0.1 
1812  -7.3  -5.0  -2.8   1.0   8.5  14.7  16.9  19.0  10.0   7.7  -2.0  -9.2 
1813  -8.6  -1.7   0.7   6.2   9.9  13.9  18.9  16.8  13.5   4.5   2.6  -3.6 
1814 -10.0  -9.9  -1.8   5.6   6.8  13.6 -99.0 -99.0 -99.0 -99.0 -99.0 -99.0 
1815 -99.0 -99.0 -99.0 -99.0 -99.0 -99.0 -99.0 -99.0 -99.0 -99.0 -99.0 -99.0 
1816 -99.0 -99.0 -99.0 -99.0 -99.0 -99.0 -99.0 -99.0 -99.0 -99.0 -99.0 -99.0 
1817 -99.0 -99.0 -99.0 -99.0 -99.0 -99.0 -99.0 -99.0 -99.0 -99.0 -99.0 -99.0 
1818 -99.0 -99.0 -99.0 -99.0 -99.0 -99.0 -99.0 -99.0 -99.0 -99.0 -99.0 -99.0 
1819 -99.0 -99.0 -99.0 -99.0 -99.0 -99.0 -99.0 -99.0 -99.0 -99.0 -99.0 -99.0 
1820 -99.0 -99.0 -99.0 -99.0 -99.0 -99.0 -99.0 -99.0 -99.0 -99.0 -99.0 -99.0 
1821 -99.0 -99.0 -99.0 -99.0 -99.0 -99.0 -99.0 -99.0 -99.0 -99.0 -99.0 -99.0 
1822 -99.0 -99.0 -99.0 -99.0 -99.0 -99.0 -99.0 -99.0 -99.0 -99.0 -99.0 -99.0 
1823 -99.0 -99.0 -99.0 -99.0 -99.0 -99.0 -99.0 -99.0 -99.0 -99.0 -99.0 -99.0 
1824   1.8   0.2   2.0   7.8  11.8  15.6  17.5  17.2  17.1   8.4   3.5   2.7 
1825   0.7  -1.8   0.2   6.2  12.6  16.8  17.6  17.6  13.9   9.1   5.2  -0.8 
1826  -6.8  -0.6   1.6   6.3  14.4  18.9  22.5  20.7  14.1  10.1   4.0   2.1 
1827  -2.4  -4.1   1.9   9.8  13.8  18.9  17.9  17.0  14.5   8.3   0.9   1.1 
1828  -6.4  -5.5  -1.1   6.2  12.0  15.9  19.6  17.2  12.1   7.1   1.9  -4.7 
1829  -9.9  -7.9  -4.3   2.4   9.1  13.4  17.9  15.5  12.8   4.2  -1.0  -6.7 
1830  -9.2  -6.0   0.0   4.5   7.4  13.5  14.8  15.2  10.2   6.5   2.3  -1.8 
1831  -6.8  -1.6  -2.0   6.9  10.3  15.5  17.6  15.2   9.8   7.5 -99.0 -99.0 
1832 -99.0 -99.0 -99.0 -99.0 -99.0 -99.0 -99.0 -99.0 -99.0 -99.0 -99.0 -99.0 
1833 -99.0 -99.0 -99.0 -99.0 -99.0 -99.0 -99.0 -99.0 -99.0 -99.0 -99.0 -99.0 
1834 -99.0 -99.0 -99.0 -99.0 -99.0 -99.0 -99.0 -99.0 -99.0 -99.0 -99.0 -99.0 
1835 -99.0 -99.0 -99.0 -99.0 -99.0 -99.0 -99.0 -99.0 -99.0 -99.0 -99.0 -99.0 
1836 -99.0 -99.0 -99.0 -99.0 -99.0 -99.0 -99.0 -99.0 -99.0 -99.0 -99.0 -99.0 
1837 -99.0 -99.0 -99.0 -99.0 -99.0 -99.0 -99.0 -99.0 -99.0 -99.0 -99.0 -99.0 
1838 -99.0 -99.0 -99.0 -99.0 -99.0 -99.0 -99.0 -99.0 -99.0 -99.0 -99.0 -99.0 
1839 -99.0 -99.0 -99.0 -99.0 -99.0 -99.0 -99.0 -99.0 -99.0 -99.0 -99.0 -10.6 
1840  -5.3  -6.5  -3.5   3.1   7.9  14.8  16.1  15.9  14.8   5.1  -0.2  -8.7 
1841  -8.1 -12.4  -2.3   4.9  13.1  17.2  16.8  17.3  12.7   7.5   0.9   0.6 
1842 -10.5  -2.7  -0.5   0.9  12.5  15.0  15.3  19.0  11.2   4.1  -2.5   1.5 
1843  -1.8  -0.7  -2.7   3.7   7.1  16.4  17.5  19.5  11.9   5.9   2.1   2.4 
1844  -5.2  -7.9  -2.6   3.4  13.0  12.7  15.2  16.0  13.4   7.8  -1.6  -5.6 
1845  -1.7 -11.7  -7.2   3.8  10.1  16.2  19.0  17.8  12.3   6.1   3.6  -1.2 
1846  -5.2  -6.0   2.7   5.7   9.2  13.4  18.3  21.6  14.0   9.9   1.5  -4.9 
1847  -6.4  -6.4  -1.0   2.0  10.0  16.0  15.1  18.8  13.7   5.9   3.6  -3.6 
1848 -12.6  -1.0   3.1   8.4  11.4  16.7  17.9  16.4  12.2   7.1   1.6 -99.0 
1849 -99.0 -99.0 -99.0 -99.0 -99.0 -99.0 -99.0 -99.0 -99.0 -99.0 -99.0 -99.0 
1850 -99.0 -99.0 -99.0 -99.0 -99.0 -99.0 -99.0 -99.0  11.3   5.2   0.8   0.6 
1851  -4.4  -4.8  -3.0   7.1   8.9  14.7  17.0  16.2  13.8   8.7   4.1   0.9 
1852  -3.5  -4.6  -1.5  -0.2  10.2  17.3  17.2  16.9  12.6   3.7  -0.4  -0.1 
1853  -2.2  -4.2  -5.0   2.6  11.2  17.0  18.1  15.6  12.4   8.2   0.2  -3.8 
1854  -8.0  -4.5  -1.1   3.7  13.6  15.6  20.0  18.5  11.6   7.5  -0.4  -0.7 
1855  -7.0 -11.8  -1.7   3.3  10.6  17.1  20.2  16.5  11.1   8.3  -0.3 -10.1 
1856  -3.0  -5.6  -5.1   5.1  11.5  15.7  16.4  14.4  11.4   6.7  -3.4  -1.4 
1857  -6.3  -4.1   0.2   3.8   8.6  14.1  16.8  18.9  11.7   7.6   1.2   1.6 
1858  -4.1  -4.8  -1.6   4.1  11.6  16.7  20.1  19.6  14.2   8.2  -2.4  -2.7 
1859   0.5  -0.5   0.7   4.9  12.2  17.4  17.9  18.0  12.3   6.0   1.3  -4.8 
1860  -2.7  -4.6  -2.3   6.4  10.9  17.7  18.9  17.1  13.6   5.6  -0.7  -6.3 
1861 -12.3  -1.0   1.7   2.7   9.0  17.4  20.5  16.7  11.3   6.5   0.3  -0.8 
1862 -11.1  -9.1  -1.7   4.3  11.6  15.7  16.0  15.5  12.1   7.0  -1.8  -6.7 
1863   0.8  -0.1   0.8   5.1  10.8  16.1  15.0  16.4  13.8   8.2   3.7  -0.4 
1864  -3.1  -2.3  -1.2   4.4   6.0  17.0  17.6  13.9  11.1   4.1  -2.1  -4.1 
1865  -1.5  -9.0  -2.3   4.1  12.6  12.2  21.1  15.1  11.8   5.3   2.6  -0.8 
1866   0.7  -4.6  -1.5   5.1   9.0  18.1  17.0  17.0  15.7   6.2   0.7  -2.3 
1867  -6.5  -2.8  -4.7   3.4   6.3  14.7  17.1  16.9  11.3   7.9  -0.6  -7.7 
1868  -8.6  -3.4   0.3   5.1  11.4  16.6  20.4  21.1  13.3   7.5  -1.7  -1.1 
1869  -5.2   0.1   0.7   6.4  11.5  14.0  17.0  17.1  12.6   6.7   0.4  -1.1 
1870  -3.7  -9.8  -1.6   5.8  10.3  14.6  18.6  16.3  11.5   5.8   3.4 -10.5 
1871  -6.1 -12.7   2.1   2.9   7.6  15.5  18.2  16.6  10.3   4.1 -99.0 -99.0 
1872 -99.0 -99.0 -99.0 -99.0  15.0  18.5  18.2  16.8  12.6 -99.0 -99.0 -99.0 
1873  -0.2  -3.9   2.0   3.1   9.3  16.8  18.3  16.7  12.8   8.1   2.1   1.1 
1874  -0.8  -2.6  -1.0   4.2   7.1  14.4  17.7  15.1  13.0   9.1   0.9  -4.4 
1875  -8.4  -7.1  -4.9   0.9  10.8  16.3  18.9  16.8  11.4   2.2  -2.3  -8.9 
1876  -8.7  -4.0   1.2   6.5   6.4  19.1  18.1  16.4  12.3   5.9  -4.3 -11.5 
1877  -4.4  -4.4  -4.8   2.9   8.3  15.8  17.4  15.6   9.1   5.4   5.0  -2.8 
1878  -3.9  -1.3  -0.8   6.4  10.4  16.3  15.2  16.2  13.6  10.1   3.4  -0.5 
1879  -7.3  -2.8  -2.4   4.3  10.8  16.0  16.2  16.6  13.6   6.3  -0.3  -4.5 
1880  -4.6  -3.5  -1.6   5.3  10.8  15.6  18.4  17.8  13.7   2.5   1.8  -2.2 
1881  -8.6  -5.3  -3.7   1.1  10.5  16.9  16.8  15.1  12.6   3.8   2.7  -1.7 
1882   1.4  -0.4   2.6   6.0  11.8  16.1  19.8  17.8  13.5   4.7  -1.6  -5.5 
1883  -6.6  -4.4  -5.2   3.5  10.1  17.3  17.5  15.7  13.6   7.0   4.1  -0.8 
1884  -1.0  -0.9  -1.0   3.8   9.3  15.9  18.2  14.5  13.0   7.3  -1.7  -0.9 
1885  -4.1  -1.6  -0.2   5.7   9.8  15.7  19.8  14.2  10.6   6.3   0.7  -1.9 
1886  -5.3  -7.6  -4.4   7.1  11.5  16.2  16.4  17.0  12.3   6.1   4.0  -0.7 
1887  -2.5  -1.7  -0.9   5.5  11.9  14.0  18.1  15.6  13.6   4.9   0.9  -2.6 
1888  -6.6  -8.5  -7.0   3.2   9.5  14.1  16.3  15.8  12.5   6.3   0.1  -3.0 
1889  -5.7  -5.7  -5.6   4.4  15.0  18.3  16.7  15.3  10.0   8.6   3.3  -3.4 
1890  -1.3  -2.9   1.3   8.7  14.5  15.2  17.2  17.6  12.6   5.2   0.7  -5.5 
1891  -6.3  -1.4  -0.3   4.2  11.6  14.2  19.1  14.7  12.1   7.9  -0.8  -0.2 
1892  -6.0  -4.7  -2.3   5.6  11.1  14.0  15.6  16.4  12.9   6.1   0.9  -5.2 
1893 -14.7  -7.8  -1.4   1.3   9.2  15.2  16.3  15.0   9.2   7.3  -0.7  -1.7 
1894  -3.9  -0.8   1.8   8.6  11.8  14.0  17.7  16.3   9.2   5.0   3.0   0.2 
1895  -3.8  -9.3  -2.6   5.3  14.2  16.7  18.0  15.9  12.2   7.3   2.8  -6.2 
1896  -3.0  -3.2   1.3   4.0  10.2  19.1  20.2  16.3  11.5   9.1  -1.8  -4.3 
1897  -8.1  -4.7   0.0   7.2  15.3  17.2  19.0  18.3  11.8   6.9   1.4  -1.1 
1898  -0.1  -2.7  -1.6   3.6  13.1  16.0  16.0  17.4  10.9   5.2   3.6   1.2 
1899  -1.5  -2.6  -2.1   5.6  10.4  12.0  20.2  14.5  12.6   7.5   4.1  -6.2 
1900  -5.4  -5.1  -3.2   3.3   8.8  14.9  17.4  18.0  11.6   7.1   1.9  -1.2 
1901  -4.2  -5.9  -2.0   4.5  11.4  17.2  20.0  18.2  12.7   8.7   0.4  -3.9 
1902  -1.4  -6.1  -1.5   1.1   8.7  13.7  14.3  13.7  10.6   4.4  -0.5  -7.8 
1903  -2.4   0.2   3.4   6.2  12.3  16.6  17.0  14.4  12.8   4.0   2.1  -2.2 
1904  -2.7  -3.7  -3.2   4.5   8.2  12.6  14.0  14.8  11.1   6.4   0.2  -2.2 
1905  -6.7  -2.0   0.3   3.4  11.3  17.9  17.2  16.0  11.1   4.5   1.9  -1.5 
1906  -2.6  -2.1  -1.1   6.9  15.8  15.3  17.9  15.0  10.6   6.0   4.0  -3.9 
1907  -6.3  -5.1  -1.7   3.2   9.8  14.7  16.9  13.7  10.9  10.4  -0.1  -9.0 
1908  -3.1  -2.1  -2.5   4.3   9.1  14.5  17.8  15.7  10.8   5.9  -1.9  -3.3 
1909  -4.2  -7.9  -1.9   1.7   6.9  14.6  15.1  15.6  13.4   9.6  -1.1  -0.5 
1910  -1.8   0.1   1.4   7.1  13.5  16.5  17.2  15.0  12.6   5.2  -0.2   0.3 
1911  -2.2  -6.8  -0.6   4.7  13.1  13.7  15.5  17.8  12.5   6.7   3.0  -2.2 
1912  -9.6  -6.8   2.1   3.2   8.5  16.0  18.4  17.1   9.3   3.2   0.6   1.5 
1913  -5.3  -1.7   1.4   7.2  10.6  14.4  18.2  17.3  12.0   6.0   4.3  -1.4 
1914  -5.0   0.7   0.3   6.2  11.9  16.6  22.3  15.2  11.1   4.1  -0.3   1.1 
1915  -4.6  -3.3  -5.5   4.6   9.9  14.0  17.6  15.7  11.6   3.3  -0.1  -5.0 
1916  -2.1  -2.4  -1.5   7.2  10.2  13.7  17.9  14.4   9.9   5.2   2.9  -1.9 
1917  -6.9  -9.5  -8.9   3.0   8.9  18.2  16.2  17.8  12.7   7.7   3.3  -3.8 
1918  -4.6  -3.4  -1.5   8.9   9.7  11.9  18.0  15.5  11.9   8.8   2.1  -3.2 
1919  -3.9  -4.3  -3.2   4.2  10.9  14.8  18.1  14.4  13.5   5.9  -4.5  -5.5 
1920  -6.2  -1.2   2.5   9.7  13.2  14.2  19.8  17.1  12.7   4.0   1.7  -4.0 
1921  -2.2  -4.8   3.1   8.1  13.5  14.6  16.0  16.6  10.6   6.6  -3.0  -4.3 
1922  -8.2  -5.9  -1.8   3.8  10.8  14.2  17.5  15.3  11.5   4.0   0.3  -2.4 
1923  -0.9  -9.1  -0.9   1.8   9.5  10.9  16.7  14.4  12.6   8.4   3.3  -3.2 
1924  -9.5  -6.5  -3.6   1.8  11.6  15.0  16.5  16.9  13.3   8.7   3.4  -0.7 
1925   1.4   1.7  -1.0   6.8  12.9  12.7  19.0  15.6  11.3   5.0  -0.5  -3.5 
1926  -7.2  -4.3  -1.4   4.8  11.9  15.7  18.2  15.3  11.8   4.2   4.7  -4.2 
1927  -5.4  -3.9   1.6   4.0   7.2  13.7  20.4  17.8  12.3   6.4  -1.1  -6.2 
1928  -3.0  -3.9  -2.3   4.4  10.0  10.7  14.9  14.6  11.8   7.0   5.4  -3.8 
1929  -7.8 -13.9  -2.6   0.2  12.4  12.5  16.0  16.2  11.9   8.9   3.7   1.5 
1930   0.1  -3.8   0.9   7.3  11.7  15.5  16.9  16.2  10.5   8.0   2.9  -3.9 
1931  -5.0  -6.8  -5.0   2.4  13.0  12.7  17.8  15.9   9.7   5.8   1.1  -1.5 
1932   0.1  -7.4  -5.5   4.6  12.5  13.1  19.9  16.7  13.2   6.6   2.3   1.7 
1933  -7.4  -4.4   0.1   3.2   9.8  15.2  17.9  15.1  12.3   6.7  -1.7  -5.7 
1934  -2.1  -0.7   0.7   7.5  12.9  14.4  17.8  17.3  15.6   9.2   4.8  -3.0 
1935  -6.9  -2.1  -0.6   5.5   8.0  16.7  15.9  16.3  12.3   8.8   1.6  -1.1 
1936  -1.2  -6.5   1.4   5.8  11.9  17.4  19.6  16.7  11.4   4.2   2.7   1.1 
1937  -7.6  -3.5  -0.7   7.1  13.8  17.3  17.1  18.6  13.8   7.9   2.5  -6.3 
1938  -2.8  -0.8   3.2   4.2  10.2  14.7  18.8  19.3  14.3   8.6   4.9  -5.6 
1939  -3.3   1.1  -0.9   5.2   9.9  16.1  18.8  20.9  11.7   3.4   2.5  -3.7 
1940 -12.8 -13.8  -6.0   3.0  12.9  16.0  17.8  14.6  10.6   5.8   3.4  -3.5 
1941 -12.5  -7.1  -2.9   3.8   8.1  12.8  20.0  16.0  10.0   3.7  -3.3  -4.1 
1942 -13.4 -12.2 -10.0   2.9   9.3  12.3  15.9  17.0  12.7   8.1   0.0  -1.9 
1943  -8.0   0.6   2.0   6.6  10.3  15.6  15.3  15.9  12.9   8.7   1.2   0.9 
1944   0.1  -2.2  -0.5   3.4  10.0  13.2  18.5  18.1  12.4   7.9   2.2  -1.5 
1945  -5.4  -1.5  -0.8   5.2   9.6  13.7  18.5  17.4  10.8   5.6   1.4  -4.8 
1946  -3.9  -4.4  -2.1   6.4  11.0  15.2  18.0  16.7  12.9   4.0  -0.8  -3.5 
1947  -8.1 -12.0  -3.9   5.0  11.1  16.7  18.0  16.8  13.2   6.0   1.0  -1.4 
1948  -3.1  -6.6   0.2   6.7  13.2  15.1  17.0  16.4  12.4   6.7   2.4   0.1 
1949  -0.2  -0.5  -1.0   6.2  13.6  14.7  17.0  14.8  14.0   7.8   3.7   1.3 
1950 -12.0  -2.5  -0.2   7.9  11.8  14.6  15.8  16.2  12.7   6.6   1.6  -0.5 
1951  -6.3  -4.4  -3.2   6.7   8.2  14.8  16.0  18.6  13.1   5.7   1.8   1.5 
1952  -1.1  -3.7  -7.7   6.6   8.9  13.6  16.4  16.5  10.0   5.5   0.0  -1.9 
1953  -4.6  -6.8  -0.2   6.7  10.8  17.2  17.8  15.7  11.9   8.5   1.4  -2.8 
1954  -7.5 -12.4   0.4   2.6  12.8  15.8  16.6  16.0  12.2   7.2   0.9   0.4 
1955  -4.2  -5.1  -3.7   0.8   8.5  12.8  18.1  18.5  14.1   7.7   1.7  -4.3 
1956  -4.9 -12.0  -2.9   1.7   9.8  17.7  15.8  13.3   9.9   6.6  -1.0  -0.6 
1957  -0.9   0.2  -2.8   4.8  10.1  14.2  18.2  15.8  10.7   7.9   3.3  -1.0 
1958  -4.6  -4.9  -4.2   3.3  11.3  14.0  16.6  15.1  11.4   8.8   3.7  -2.2 
1959  -1.6  -0.4   1.9   6.6  10.1  15.4  19.5  18.0  10.4   6.4   1.6  -5.0 
1960  -6.8  -6.6  -2.7   5.1  11.2  15.8  17.8  16.2  11.0   5.2   2.3   2.4 
1961  -2.0   0.6   2.2   5.9  11.1  17.2  15.8  14.7  11.6   8.9   3.1  -3.0 
1962  -0.7  -3.3  -5.8   6.9   9.2  12.6  15.0  14.3  10.8   8.1   2.6  -4.4 
1963 -10.4  -9.1  -6.2   4.9  14.9  14.2  18.3  17.6  13.2   7.2   1.8  -4.8 
1964  -2.0  -8.3  -4.1   4.9  11.0  17.2  17.4  15.3  11.4   7.2   2.0  -1.3 
1965  -3.0  -6.6  -2.4   5.6   8.1  15.2  14.6  15.2  13.8   7.5  -2.8  -1.6 
1966  -8.6  -8.1   0.5   3.7  11.9  17.3  18.0  15.1  10.9   7.6   1.0  -3.6 
1967  -9.4  -2.7   2.6   5.0  12.2  14.6  17.2  16.3  14.2   9.9   3.8  -6.1 
1968  -9.2  -4.5   0.1   6.1   9.7  16.9  15.5  17.6  12.7   5.6   0.8  -1.9 
1969 -10.1  -6.7  -5.2   4.8  10.6  15.2  17.7  16.2  11.5   6.8   2.6  -7.8 
1970  -9.3  -9.0  -0.8   4.8  11.6  16.4  16.9  16.3  11.6   5.8   2.0  -2.2 
1971  -1.3  -2.0  -2.9   5.6  12.4  15.1  17.5  17.6  11.5   7.4   0.4   0.8 
1972  -9.1  -1.8   0.9   4.6  11.6  17.4  20.6  18.4  12.2   5.8   2.9   1.4 
1973  -3.0  -0.7   2.3   5.5  11.1  16.8  18.8  16.3   9.9   5.0   0.7  -3.7 
1974  -2.1   0.2   1.5   4.0   8.9  15.0  15.8  15.9  13.6   7.3   3.2   1.2 
1975   0.7  -0.8   2.4   5.5  13.6  14.4  18.4  17.7  15.1   7.9   1.0   1.0 
1976  -6.2  -6.3  -2.3   4.0  10.7  13.0  16.8  15.1  11.1   2.9   2.7  -2.4 
1977  -5.0  -4.5   0.4   4.2  11.2  15.7  15.6  15.5  10.3   7.1   3.8  -2.5 
1978  -3.3  -7.2   1.8   4.5  10.1  14.0  15.5  16.1  10.3   6.7   5.7 -10.6 
1979  -8.5  -7.1   0.3   4.1  13.3  17.1  14.4  16.8  12.1   6.2   1.9  -1.2 
1980  -6.9  -6.9  -3.7   5.8   8.1  17.1  17.0  15.4  12.3   7.6   0.0  -0.9 
1981  -3.6  -2.7  -1.3   2.9  13.6  15.8  17.9  15.8  12.8   8.2   1.7  -4.1 
1982  -5.5  -4.6   1.5   4.4  11.7  12.7  17.3  17.1  12.4   7.1   4.3   0.6 
1983   1.3  -4.5  -0.2   7.7  14.1  14.4  17.7  17.1  13.7   8.2   1.9  -0.9 
1984  -1.3  -3.4  -0.7   7.7  14.4  14.7  15.5  16.9  12.1   9.7   1.4  -1.6 
1985 -10.5 -13.6  -0.1   4.0  12.5  14.5  16.6  18.0  11.1   9.5   0.5  -2.8 
1986  -2.9  -9.2   1.7   5.7  12.6  16.1  17.2  16.2  10.0   7.8   4.8  -2.7 
1987 -14.4  -3.1  -4.9   4.5  10.2  14.6  16.2  15.3  11.6   8.0   2.6  -0.9 
1988  -1.4  -1.8  -0.5   4.4  12.7  17.1  19.7  16.0  13.5   7.2  -0.6  -2.6 
1989   2.6   3.1   4.0   7.9  11.8  16.6  17.7  16.6  13.2   8.0   1.8  -1.3 
1990 -99.0 -99.0 -99.0 -99.0 -99.0 -99.0 -99.0 -99.0 -99.0 -99.0 -99.0 -99.0 
1991  -0.1  -3.3   1.9   5.9   9.1  14.2  17.8  18.1  12.7   7.9   4.2   0.5 
1992   1.3   0.3   2.9   4.7  12.1  16.4  18.4  17.9  13.3   3.8   1.5   0.9 
1993  -0.5  -0.3   0.0   6.3  15.2  13.6  16.7  15.1   9.0   6.1  -3.8  -0.7 
1994  -0.7  -9.1  -0.1   8.2   9.9  13.4  19.3  17.2  13.5   6.0   2.0  -0.6 
1995  -2.8   1.8   1.9   6.0  11.2  17.6  17.4  17.4  12.3   9.3   0.0  -5.6 
1996  -6.4  -9.0  -3.0   6.1  11.9  14.4  15.8  19.2  10.3   8.5   4.6  -4.9 
1997  -2.1   0.3   0.5   3.7   9.6  16.8  19.6  20.4  12.4   5.4   2.3  -3.5 
1998   0.5   0.3  -0.5   7.7  12.6  16.7  16.7  15.0  12.7   6.9  -4.3  -2.9 
1999  -2.3  -4.0   2.0   9.0  10.0  19.4  20.0  17.1  15.0   7.3   2.2  -0.3 
2000  -1.4   0.8   1.7  10.7  12.2  15.1  17.0  16.3  10.9  10.0   5.2   1.5 
2001 -99.0 -99.0 -99.0 -99.0 -99.0 -99.0 -99.0 -99.0 -99.0 -99.0 -99.0 -99.0 
2002 -99.0 -99.0 -99.0 -99.0 -99.0 -99.0 -99.0 -99.0 -99.0 -99.0 -99.0 -99.0 
2003 -99.0 -99.0 -99.0 -99.0 -99.0 -99.0 -99.0 -99.0 -99.0 -99.0 -99.0 -99.0 
2004 -99.0 -99.0 -99.0 -99.0 -99.0 -99.0 -99.0 -99.0 -99.0 -99.0 -99.0 -99.0 
2005 -99.0 -99.0 -99.0 -99.0 -99.0 -99.0 -99.0 -99.0 -99.0 -99.0 -99.0 -99.0 
2006 -99.0 -99.0 -99.0 -99.0 -99.0 -99.0 -99.0 -99.0 -99.0 -99.0 -99.0 -99.0 
2007 -99.0 -99.0 -99.0 -99.0 -99.0 -99.0 -99.0 -99.0 -99.0 -99.0 -99.0 -99.0 
