Number= 840320
Name= TULCAN
Country= ECUADOR
Lat=    0.8
Long=   77.7
Height= -999
Start year= 1961
End year= 1970
First Good year= 1961
Source ID= 10
Source file= Jones
Jones data to= 1970
Normals= -99.0 -99.0 -99.0 -99.0 -99.0 -99.0 -99.0 -99.0 -99.0 -99.0 -99.0 -99.0 
Obs:
1961  11.5  10.5  11.0  11.2  10.9  10.3   9.7   9.3   9.4  10.6  10.4  10.4 
1962  11.0  11.0  10.7  10.8  11.2   9.9   9.7   9.5  10.0  10.8  11.2  10.1 
1963  10.8  10.5  11.2  11.3  11.4  10.5   9.8   9.6  10.1  11.1  10.9  11.6 
1964  10.8  11.3  10.5  11.5  11.1  10.2  10.0   9.7   9.9  10.4  10.9  10.7 
1965  10.8  10.3  10.7  11.0  11.2  10.1  10.1   9.8  10.9  11.1  11.7  11.1 
1966  10.9  11.0  10.8  11.2  11.7  10.4   9.9  10.2  10.2  11.2  11.4  11.3 
1967  10.8  11.0  11.1  10.9  11.2  10.1   9.8   9.4   9.8  10.9  11.6  11.0 
1968  10.3  10.7  10.0  11.2  10.8  10.8   9.7   9.7  10.6  10.8  11.0  10.7 
1969  10.6  11.3  11.2  12.0  11.4  11.4  10.0   9.9  10.9  11.0  11.5  11.2 
1970  11.2  11.6  11.4  11.5  11.6  10.6  10.0   9.8  10.3  11.2  11.1  10.9 
