Number= 841350
Name= PORTOVIEJO
Country= ECUADOR
Lat=   -1.0
Long=   80.5
Height= 48
Start year= 1961
End year= 2011
First Good year= 1961
Source ID= 10
Source file= Jones+Anders
Jones data to= 1999
Normals source= Data
Normals source start year= 1961
Normals source end year= 1990
Normals=  26.0  26.2  26.3  26.3  25.6  24.6  24.1  23.9  24.1  24.3  24.5  25.3 
Standard deviations source= Data
Standard deviations source start year= 1961
Standard deviations source end year= 1990
Standard deviations=   0.6   0.6   0.7   0.6   0.7   0.9   0.8   0.6   0.6   0.6   0.7   0.6 
Obs:
1961  26.1  25.8  25.7  26.2  25.6  24.4  23.3  23.4  23.7  24.2  24.2  25.4 
1962  26.2  26.1  25.7  26.1  25.6  23.9  24.0  23.7  24.5  24.4  24.4  25.5 
1963  26.3  26.5  26.6  26.5  25.9  24.4  24.6  24.9  24.8  24.9  23.8  25.0 
1964  25.3  25.3  25.4  25.1  24.5  23.2  22.5  23.0  23.0  23.2  24.2  24.3 
1965  27.1  26.1  26.2  26.1  25.9  25.5  24.7  24.0  24.2  24.7  24.5  26.0 
1966  26.7  26.0  25.9  26.1  25.7  24.0  23.8  24.1  24.4  24.8  24.6  25.0 
1967  25.4  26.4  27.0  26.2  25.7  23.8  23.5  23.5  23.7  24.3  23.3  24.8 
1968  25.7  26.0  25.5  25.7  24.1  23.4  24.1  23.7  24.1  23.6  24.4  25.0 
1969  25.3  26.5  27.2  27.3  26.8  26.0  24.8  24.1  24.7  24.9  25.1  25.1 
1970  26.4  26.7  26.5  26.3  25.6  24.5  23.7  23.6  23.9  24.6  24.2  25.1 
1971 -99.0 -99.0 -99.0 -99.0 -99.0 -99.0 -99.0 -99.0 -99.0 -99.0 -99.0 -99.0 
1972 -99.0 -99.0 -99.0 -99.0 -99.0 -99.0 -99.0 -99.0 -99.0 -99.0 -99.0 -99.0 
1973 -99.0 -99.0 -99.0 -99.0 -99.0 -99.0 -99.0 -99.0 -99.0 -99.0 -99.0 -99.0 
1974 -99.0 -99.0 -99.0 -99.0 -99.0 -99.0 -99.0 -99.0 -99.0 -99.0 -99.0 -99.0 
1975 -99.0 -99.0 -99.0 -99.0 -99.0 -99.0 -99.0 -99.0 -99.0 -99.0 -99.0 -99.0 
1976 -99.0 -99.0 -99.0 -99.0 -99.0 -99.0 -99.0 -99.0 -99.0 -99.0 -99.0 -99.0 
1977 -99.0 -99.0 -99.0 -99.0 -99.0 -99.0  23.7  23.8  24.1  24.2  24.4  25.8 
1978  25.7  26.3  26.0  25.9  26.0  24.7  23.8  23.5  23.9  24.5  25.2  25.7 
1979  26.1  26.5  26.4  26.9  26.4  25.3  24.4  24.5  25.0  24.4  23.7  24.3 
1980  25.5  25.5  25.5  25.7  25.2  24.3  24.3  23.0  23.0  23.9  23.9  24.6 
1981  25.5  25.7  26.2  26.4  24.9  24.5  24.3  23.6  24.2  23.8  24.5  25.6 
1982  26.6  27.5  27.4  27.2  25.8  25.7  25.5  25.2  25.4  26.1  27.1  27.0 
1983  27.0  27.6  27.8  27.4  27.4  27.1  26.5  25.2  24.6  24.1  24.5  24.6 
1984  25.6  25.8  26.9  26.0  25.4  24.4  23.3  23.6  23.7  23.8  24.2  25.3 
1985  25.0  25.8  26.0  25.9  24.6  24.8  22.9  23.6  23.7  23.8  24.4  24.6 
1986  25.0  25.9  26.1  25.9  25.1  24.0  24.3  24.3  24.2  24.2  24.9  25.9 
1987  26.7  26.6  27.2  27.0  26.0  25.3  24.8  24.6  24.6  25.0  25.4  26.1 
1988  26.5  26.5  26.1  26.6  26.3  24.2  24.1  23.7  24.0  24.3  24.3  25.2 
1989  25.7  25.4  25.7  25.8  25.0  23.4  23.2  23.3  23.6  24.3  25.1  25.1 
1990  26.4  26.3  26.7  26.5  26.4  25.9  24.5  24.1  24.1  24.1  24.4  25.5 
1991  26.0  26.3  27.3  27.2  27.0  26.0  25.0  24.7  24.4  24.7  25.6  26.2 
1992  26.4  26.3  26.8  26.9  26.5  25.1  23.8  23.5  23.6  24.3  24.5  25.3 
1993  26.5  26.0  26.4  26.9  26.5  25.9  25.4  24.4  24.6  24.6  25.1  26.0 
1994  26.0  26.2  25.9  25.9  25.8  24.8  24.2  23.5  24.1  24.9  26.4  26.2 
1995  26.2  26.0  26.6  27.8  26.9  24.7  24.6  24.3  26.2  26.0  26.4  26.8 
1996  26.2  27.1  27.5  26.9  26.2  25.6  24.7  25.7  24.7  23.9  25.7  26.4 
1997  25.8  26.3  26.4  27.8  27.0  26.9  27.9  25.2  26.6 -99.0  25.4  27.0 
1998  27.2  28.2  27.6  28.9  28.6  27.8  26.5  25.4  24.2  25.7  25.4  26.3 
1999  27.2  26.5  27.0  27.1  25.6  24.5  23.2  24.4  25.2  24.0  24.6  25.3 
2000  25.8  25.9  26.2  26.4  25.2  24.0  23.8  24.0  23.8  24.8  24.3  25.3 
2001 -99.0 -99.0 -99.0 -99.0 -99.0 -99.0 -99.0 -99.0 -99.0 -99.0 -99.0 -99.0 
2002 -99.0 -99.0 -99.0 -99.0 -99.0 -99.0 -99.0 -99.0 -99.0 -99.0 -99.0 -99.0 
2003 -99.0 -99.0 -99.0 -99.0 -99.0 -99.0 -99.0 -99.0 -99.0 -99.0 -99.0 -99.0 
2004 -99.0 -99.0 -99.0 -99.0 -99.0 -99.0 -99.0 -99.0 -99.0 -99.0 -99.0 -99.0 
2005 -99.0 -99.0 -99.0 -99.0 -99.0 -99.0 -99.0 -99.0 -99.0 -99.0 -99.0 -99.0 
2006 -99.0 -99.0 -99.0 -99.0 -99.0 -99.0 -99.0 -99.0 -99.0 -99.0 -99.0 -99.0 
2007 -99.0 -99.0 -99.0 -99.0 -99.0 -99.0 -99.0 -99.0 -99.0 -99.0 -99.0 -99.0 
2008 -99.0 -99.0 -99.0 -99.0 -99.0 -99.0 -99.0 -99.0 -99.0 -99.0 -99.0 -99.0 
2009  25.8  26.1  25.0  27.4  27.0  26.1  25.8  26.1 -99.0 -99.0 -99.0  26.2 
2010  26.5  26.7  27.0  27.1  26.3  24.9  24.5  24.7  24.8  24.2  24.8  24.5 
2011  25.5 -99.0  26.3 -99.0 -99.0 -99.0 -99.0 -99.0 -99.0 -99.0 -99.0 -99.0 
