Number= 841470
Name= RIOBAMBA
Country= ECUADOR
Lat=   -1.7
Long=   78.6
Height= -999
Start year= 1961
End year= 1970
First Good year= 1961
Source ID= 10
Source file= Jones
Jones data to= 1970
Normals= -99.0 -99.0 -99.0 -99.0 -99.0 -99.0 -99.0 -99.0 -99.0 -99.0 -99.0 -99.0 
Obs:
1961 -99.0  13.3  13.0  13.4  13.1  11.7  12.2  12.3  12.0  11.6  11.8  13.0 
1962  12.9  13.1  12.9  12.9  13.5  12.0  12.4  12.3  12.8 -99.0  13.5  13.7 
1963  13.2  12.9  13.5  14.1  13.5  13.0  12.9  13.2  13.6  14.0  13.8  14.4 
1964  14.6  14.7  13.6  13.7  13.7  12.2  12.2  12.0  12.1  13.4  13.7  13.7 
1965  14.1  13.9  13.8  13.9  13.4  12.3  12.7  12.6  13.7  14.2  13.8  13.9 
1966  14.4  14.2  14.0  13.6  14.6  13.2  12.6  13.3  13.3  14.2  15.0  14.2 
1967  13.3  13.8  14.0  13.3  14.1  11.8  12.3  12.3  12.7  13.5  14.3  14.2 
1968  13.3  13.8  12.8  14.5  13.8  12.5  12.0  13.0  13.5  13.7  14.4  14.9 
1969  14.1  15.0  14.4  14.1  13.9  13.0  12.1 -99.0  13.4  14.0  13.8  13.7 
1970  13.7  13.7  13.5  13.6  12.9  12.1  12.8 -99.0  12.4  13.8  13.2  13.4 
