Number= 842650
Name= MACARA
Country= ECUADOR
Lat=   -4.4
Long=   80.0
Height= -999
Start year= 1961
End year= 1970
First Good year= 1961
Source ID= 10
Source file= Jones
Jones data to= 1970
Normals= -99.0 -99.0 -99.0 -99.0 -99.0 -99.0 -99.0 -99.0 -99.0 -99.0 -99.0 -99.0 
Obs:
1961  26.0  26.2  25.2  24.6  24.9  23.9  23.7  24.2  24.1  25.2  24.8  26.0 
1962  25.9  25.0  24.0  24.2  24.5  23.2  23.4  24.4  24.7  25.3  25.0  25.6 
1963  24.7  26.6  25.2  25.6  26.0  23.8  23.3  24.4  24.4  25.1  24.4  25.7 
1964  26.3  25.8  26.7  25.1  25.0  24.2  23.2  23.8  25.0  25.1  25.6  25.7 
1965  25.9  27.0  24.9  25.3  24.2  23.1  22.3  24.0  24.5  25.1  25.6  26.1 
1966  26.4  25.7  24.8  25.0  23.8  23.5  23.0  24.1  24.8  24.7  25.0  25.8 
1967  25.6  25.8  25.2  26.7  26.0  22.9  23.0  23.8  24.7  25.2  25.0  25.9 
1968  25.9  26.7  26.5  27.2  25.4  25.1  24.0  24.9  25.5  25.3  25.4  26.3 
1969  26.6  26.5  26.0  25.0  25.1  24.6  25.1  25.5  26.1  25.6  25.6  26.6 
1970  26.6  26.0  26.0  27.0  24.6  22.0  23.6  23.9  24.8  25.1  24.8  28.7 
