Number= 842970
Name= BANOS
Country= ECUADOR
Lat=   -1.4
Long=   78.4
Height= -999
Start year= 1961
End year= 1970
First Good year= 1961
Source ID= 10
Source file= Jones
Jones data to= 1970
Normals= -99.0 -99.0 -99.0 -99.0 -99.0 -99.0 -99.0 -99.0 -99.0 -99.0 -99.0 -99.0 
Obs:
1961  17.3  16.9  17.3  17.4  16.9  16.0  15.2  15.5  16.2  16.7  17.3  17.0 
1962  16.7  16.9  16.9  16.8  16.6  15.7  15.3  15.6  16.4  16.8  17.2  17.4 
1963  16.8  17.0  16.5  17.5  16.8  16.3  15.4  16.2  16.6  17.1  17.7  17.0 
1964  17.4  17.4  16.6  17.1  16.6  15.7  16.0  15.9  16.2  17.3  17.1  17.4 
1965  17.4  17.2  16.7  17.6  17.2  15.7  15.8  15.8  16.9  17.7  18.1  17.3 
1966  17.3  17.3  17.4  17.3  17.8  17.2  16.7  16.5  16.9  17.9  18.6  17.9 
1967  16.4  17.2  17.6  17.3  15.9  15.9  15.2  15.3  16.5  17.1  18.3  17.6 
1968  16.6  17.6  16.8  18.0  16.3  16.3  15.3  16.6  16.8  17.5  18.1  17.9 
1969  17.8  18.1  18.3  18.3  16.9  16.9  15.8  15.9  17.3  18.0  18.1  17.8 
1970  17.7  17.8  17.1  17.4  16.4  16.4  16.1  15.7  16.4  17.7  17.9  17.2 
