Number= 844010
Name= PIURA
Country= PERU
Lat=   -5.2
Long=   80.6
Height= 55
Start year= 1955
End year= 2011
First Good year= 1955
Source ID= 10
Source file= Jones+Anders
Jones data to= 2001
Normals source= Data
Normals source start year= 1961
Normals source end year= 1990
Normals=  26.9  27.9  28.0  26.8  24.6  23.2  21.7  21.7  22.1  22.4  23.3  25.1 
Standard deviations source= Data
Standard deviations source start year= 1955
Standard deviations source end year= 1990
Standard deviations=   0.7   0.6   0.7   1.0   1.5   1.4   1.3   1.2   0.9   0.8   0.9   0.8 
Obs:
1955 -99.0 -99.0 -99.0 -99.0  23.7  22.1  21.2  20.6  21.5  21.4  23.5  24.8 
1956  25.7  27.6  27.3  25.6  23.8  22.2  21.1  21.5  22.2  22.1  23.0  23.9 
1957  26.2  27.1  28.5  28.1  27.5  25.5  24.0  23.4  23.9  23.5  23.9  25.4 
1958  27.8  28.6  28.5  27.1  24.7  23.1  21.9  21.2  21.4  22.8  22.8  24.6 
1959  26.1  28.4  28.8  27.4  25.4  23.1  22.6  22.2  23.0  23.6  24.0  25.8 
1960  27.3  28.2  28.4  27.0  24.7  23.2  22.2  22.0  22.6  22.5  23.5  26.0 
1961  28.1  27.9  28.0  26.1  25.5  22.6  21.3  22.1  22.1  23.3  23.3  25.7 
1962  27.3  28.0  27.5  26.8  24.5  22.0  20.8  21.9  22.6  22.4  23.8  25.7 
1963  27.3  27.9  28.4  26.6  25.6  22.8  22.2  22.7  22.7  23.1  23.5  25.6 
1964  27.2  27.6  27.8  26.5  23.9  22.7  20.8  21.1  21.6  21.9  23.4  24.5 
1965  26.7  27.7  28.0  28.1  27.2  25.5  23.9  24.2  22.5  22.9  24.5  25.6 
1966  27.3  28.4  28.7  27.4  25.3  23.4  22.2  22.5  22.9  23.3  24.2  25.3 
1967  27.2  28.0  28.3  28.0  25.8  22.1  21.4  21.4  21.0  22.0  21.6  23.8 
1968  26.6  27.3  27.2  25.5  22.5  21.2  21.8  22.4  23.2  23.3  23.8  25.4 
1969  27.3  28.8  29.5  28.6  27.8  26.1  22.8  23.3  23.6  23.6 -99.0  25.9 
1970  27.7  28.2  28.5  27.6  25.2  23.1  21.2  21.8  22.9  23.0  23.5  25.3 
1971  26.6  27.6  27.6  26.6  24.4  22.8  22.2  22.0  21.7  22.8  23.6  25.4 
1972  27.5  29.2  28.5  27.9  26.6  26.0  25.1  24.7  23.6  24.5  25.1  27.3 
1973  28.6  28.9  28.7  26.7  24.6  22.1  20.8  20.4  21.8  21.4  23.0  24.1 
1974  26.6  27.8  27.7  27.0  25.8  22.5  20.8  20.7  20.1  22.5  24.2  25.2 
1975  26.6  27.8  28.2  27.5  24.4  22.9  21.7  21.7  21.4  22.4  22.5  24.3 
1976  26.8  27.9  28.3  27.1  25.6  24.4  23.7  23.6  23.0  22.9  24.4  26.5 
1977  27.9  28.6  28.6  27.6  25.6  24.0  22.4  21.6  22.4  22.7  23.7  26.2 
1978  27.2  28.5  27.6  26.4  24.4  22.9  22.2  21.8  22.8  22.6  24.4  26.3 
1979  27.6  28.3  28.5  26.8  24.4  24.4  22.2  22.4  22.6  22.6  23.6  25.2 
1980  27.2  28.0  27.9  27.6  25.2  23.5  22.4  21.3  21.6  22.3  23.3  24.7 
1981  26.0  26.8  26.6  25.4  22.9  21.3  20.0  19.2  22.0  21.7  20.6  24.0 
1982 -99.0 -99.0 -99.0 -99.0 -99.0 -99.0 -99.0  21.2  22.2 -99.0 -99.0 -99.0 
1983 -99.0  28.6  28.4 -99.0 -99.0  26.5  24.6 -99.0  22.0  22.1  23.3  24.9 
1984  25.8  27.2  26.7  25.7  23.0  23.3  21.2 -99.0 -99.0 -99.0  22.2  24.7 
1985  25.7  26.6 -99.0  24.8  21.6 -99.0  19.9  19.7  20.5  21.1  21.9  24.0 
1986  26.4 -99.0 -99.0 -99.0  22.2  20.9  20.1  21.3  21.1  21.5  22.0  24.9 
1987  27.1  28.1  28.1  27.5  24.5  23.1  22.3  21.7  22.0  22.3  24.1  25.0 
1988  26.2  27.6  26.1  25.4  24.1 -99.0  19.7  19.5 -99.0  20.6  22.3  24.0 
1989  26.0  26.9 -99.0  25.6  21.8  21.5  19.7  20.5  20.6  21.3  22.6  24.4 
1990  26.0  27.0  27.3  25.7  24.3  22.4  21.0  20.5 -99.0  21.7 -99.0 -99.0 
1991  26.0  27.7  28.3  26.5  25.3  23.9  21.0  20.5  21.6  22.0  23.0  25.1 
1992  27.3  27.7  28.5  27.4  26.4  23.3  21.3  21.3  21.6  22.6  23.0  24.4 
1993  26.4  27.9  27.6  27.1  25.4  23.5  22.3  21.7  22.1  22.5  22.7  24.6 
1994  26.4  27.5  26.3  26.0  23.6  22.0  20.6  20.5  22.0  22.3  23.3  25.2 
1995  27.3  27.8  27.4  27.0  24.2  24.1  21.8  20.9  21.0  21.9  21.9  23.3 
1996  25.4  26.3  27.4  24.1  22.6  18.8  19.5  19.8  21.8  20.8  22.8  23.1 
1997  26.3  26.3  27.0  27.0  27.5  25.4  25.2  25.0  25.4  24.9  25.8  27.1 
1998  27.5  27.8  28.2  27.7  26.0  24.3  22.8  21.3  21.6  21.3  23.7  23.8 
1999  25.4  26.8  27.5  25.7  23.2  21.7  20.7  20.4  20.6  21.8  22.2  24.2 
2000  26.0  26.9  27.1  26.3  23.9  21.4  20.8  21.3  21.6  22.2  22.0  24.2 
2001  26.5  27.8  27.2  26.1  22.9  20.8  20.9  20.8  20.8  21.0  22.3  24.3 
2002  26.1  27.7  28.4  27.8  25.4  22.2  20.9  21.1  21.4  22.3  24.4  25.4 
2003  27.0  27.7 -99.0  26.0  23.6  22.1  21.1 -99.0 -99.0  22.9  23.3  24.8 
2004  26.4  28.1  28.1  26.0  22.9  20.9  20.7  20.5  21.6  23.2  22.7  26.4 
2005  26.6  27.4  26.8  26.3  23.4  21.6  21.0  20.8  20.5  20.9  20.9  20.9 
2006  26.6  26.6  27.6  25.5  23.5  23.5  21.6  21.7 -99.0 -99.0  23.5  24.9 
2007  27.4 -99.0  27.6 -99.0  23.3  20.5  20.5  19.8  20.0  20.1  21.9  23.2 
2008  26.3  27.3  27.8  25.9  23.2  22.1  22.0  21.9  22.3  22.0  22.5  24.1 
2009  26.3  27.5  27.6 -99.0  24.3  22.8  22.2  21.5  21.8  22.0  22.5  25.0 
2010  26.9  27.8  27.6  26.3  24.3  22.5  21.0  20.3  20.1  20.4  21.0  23.5 
2011  25.7  26.9  26.6  26.6  24.2 -99.0 -99.0 -99.0 -99.0 -99.0 -99.0 -99.0 
