Number= 844250
Name= YURIMAGUAS
Country= PERU
Lat=   -5.9
Long=   76.1
Height= 184
Start year= 1949
End year= 2007
First Good year= 1949
Source ID= 37
Source file= Jones+Anders
Jones data to= 2001
Normals source= Data
Normals source start year= 1961
Normals source end year= 1990
Normals=  26.8  26.9  26.6  26.7  26.6  26.2  26.2  27.1  27.4  27.3  27.2  27.1 
Standard deviations source= Data
Standard deviations source start year= 1949
Standard deviations source end year= 1990
Standard deviations=   0.8   0.9   0.7   0.7   0.7   0.7   0.7   0.8   0.8   0.7   0.6   0.6 
Obs:
1949 -99.0 -99.0 -99.0  24.9  24.9  24.5 -99.0  25.1  25.5  25.6  26.2  26.4 
1950  26.1  25.3  25.3  25.4  26.2  25.0  24.9  25.8  26.4  26.3  26.4  25.8 
1951  25.8  25.1  25.5  24.9  25.6  24.9  25.7  25.8  26.3  25.9  25.6  26.1 
1952  26.5  25.8  26.3  25.5  25.7  24.9  25.3  25.9  26.4  26.0  25.8  26.1 
1953  25.7  25.4  25.0  25.8  26.2  25.9  25.3  26.2  27.4  26.2  26.2  26.1 
1954  26.0  26.3  26.0  26.8  26.1  26.2  25.9  26.8  27.2  25.8  26.2  25.9 
1955  26.1  26.2  25.6  25.5  26.0  26.4  25.3  25.9  26.2  26.8  26.9  26.4 
1956  25.9  25.5  25.4  26.0  26.0  25.6  25.3  25.6  26.3  26.0  26.4  26.8 
1957  26.0  25.8  26.0  25.5  25.4  25.7  25.2  26.2  27.1  26.3  26.1  26.8 
1958  26.8  26.7  25.8  26.4  26.2  26.0  26.3  26.2  27.3  26.4  26.0  27.0 
1959  27.1  25.9  26.6  26.6  25.7  26.4 -99.0 -99.0  25.2  26.6  27.6  27.0 
1960  28.2  27.3  27.5  26.6  26.3  26.8  26.8  27.4  26.7  27.6  27.1  27.9 
1961  26.8  26.5  26.4  27.3  26.5  25.6  27.2  28.1  27.7  27.4  26.9  26.9 
1962  27.0  27.0  26.9  26.6  25.7  25.8  25.2  27.2  27.8  26.6  27.6  27.9 
1963  27.0  26.3  26.1  26.2  26.5  26.4  26.6  28.0  28.4  27.5  27.4  27.1 
1964  28.0  27.9  26.5  26.5  26.0  25.8  25.4  26.8  26.9  27.1  26.5  27.4 
1965  27.3  27.0  26.0  25.8  26.1  25.5  25.9  27.0  26.9  27.5  26.6  26.6 
1966  26.8  27.5  26.9  26.9  26.1  26.5  25.7  26.4  26.7  27.0  26.9  26.6 
1967  26.7  26.0  26.1  26.1  26.1  25.9  25.9  26.7  27.8  26.6  26.9  27.0 
1968  26.6  26.6  26.0  26.6  25.8  26.4  26.4  26.7  26.8  26.9  27.4  26.9 
1969  27.6  27.3  27.4  27.2  27.0  26.6  26.3  26.6  27.4  27.5  27.6  27.9 
1970  27.4  26.9  26.7  26.5  26.9  26.2  25.9  27.6  27.0  27.7  27.1  26.6 
1971  26.1  25.6  26.1  26.1  26.0  25.6  26.3  26.3  27.1  26.7  27.0  26.6 
1972  26.0  26.6  26.0  26.6  26.8  26.2  26.3  26.7  26.9  27.7  27.0  27.4 
1973  26.3  26.7  27.0  27.0  26.4  26.6  25.7  27.0  27.2  27.6  26.5  26.2 
1974  26.3  25.4  25.9  25.7  25.3  25.8  24.3  25.2  25.0  26.0  27.2  26.7 
1975  25.4  26.4  25.9  27.1  25.9  26.1  25.3  27.3  26.9  27.9  27.1  26.0 
1976  25.4  26.4  25.9  24.6  25.1  24.6  25.4  26.3  26.4  26.4  26.7  26.4 
1977  26.4  25.8  25.8  26.3  26.4  25.9  26.8  26.9  27.3  27.1  26.6  27.2 
1978  26.4  27.6  26.6  26.6  26.8  26.9  26.6  26.3  27.2  27.2  27.6  26.5 
1979  28.5  27.6  26.5  27.4  27.2  26.4  26.8  28.4  28.3  28.4  27.1  27.9 
1980  28.4  28.4  26.9  27.3  27.3  27.3  26.8  27.4  28.4  27.4  27.6  27.9 
1981  28.2  26.0  27.0  27.2  28.0  26.0  26.0  27.4  27.2  27.4  27.6 -99.0 
1982 -99.0 -99.0 -99.0 -99.0 -99.0 -99.0 -99.0  27.2 -99.0 -99.0 -99.0  27.0 
1983 -99.0  28.6  28.3  27.1  27.7  27.0 -99.0 -99.0  28.7  27.8  27.4  27.0 
1984  26.4 -99.0 -99.0  26.8  26.9  26.6  26.8 -99.0  27.1 -99.0  27.6 -99.0 
1985 -99.0  27.6  26.3  26.6  27.4 -99.0  26.7  27.0  27.6  28.2  27.0  28.3 
1986  27.6 -99.0 -99.0 -99.0  27.7  27.6  26.3 -99.0 -99.0 -99.0 -99.0  27.0 
1987  26.0  26.7  27.3  27.1  27.2 -99.0  27.6 -99.0  28.0 -99.0  27.6  27.5 
1988 -99.0  27.4  27.2  27.2  27.1  26.3  27.3  28.5 -99.0  27.8 -99.0 -99.0 
1989  26.2  26.5  27.7 -99.0  26.9  26.5  26.8  27.7  28.6  27.3  28.0 -99.0 
1990  26.5  27.4 -99.0  27.6  27.5  26.6  26.2  27.7 -99.0 -99.0 -99.0 -99.0 
1991 -99.0  27.9  27.1 -99.0 -99.0 -99.0 -99.0 -99.0  27.6  27.4 -99.0 -99.0 
1992  28.0 -99.0 -99.0 -99.0 -99.0 -99.0 -99.0 -99.0 -99.0 -99.0 -99.0  27.2 
1993 -99.0 -99.0 -99.0 -99.0 -99.0 -99.0 -99.0 -99.0  27.8  27.6 -99.0  27.6 
1994  27.2  26.4  26.6 -99.0  27.5  26.5  27.4  27.9  28.0 -99.0  27.5  27.4 
1995 -99.0 -99.0  27.0  28.0  27.6 -99.0  28.1  28.3  28.0  28.1  28.1  26.6 
1996  26.6  26.7  27.0  27.2  27.7  27.1  26.8  27.2  27.4  27.5 -99.0  27.0 
1997  27.7  26.3  27.0 -99.0 -99.0 -99.0 -99.0 -99.0 -99.0  28.6 -99.0 -99.0 
1998 -99.0 -99.0 -99.0 -99.0 -99.0 -99.0  27.6 -99.0 -99.0  28.2 -99.0  27.4 
1999 -99.0 -99.0  27.5 -99.0  26.1 -99.0  26.7 -99.0  28.5 -99.0 -99.0 -99.0 
2000 -99.0 -99.0 -99.0 -99.0 -99.0 -99.0 -99.0  27.8 -99.0  28.0  28.8 -99.0 
2001  26.9  27.1 -99.0 -99.0 -99.0 -99.0 -99.0 -99.0 -99.0 -99.0 -99.0 -99.0 
2002 -99.0 -99.0 -99.0 -99.0 -99.0 -99.0 -99.0  27.1  28.7 -99.0  27.2  27.4 
2003  27.3  27.5 -99.0 -99.0  26.9  27.2  27.0 -99.0 -99.0 -99.0 -99.0 -99.0 
2004 -99.0 -99.0 -99.0 -99.0 -99.0 -99.0 -99.0 -99.0 -99.0 -99.0 -99.0 -99.0 
2005 -99.0 -99.0 -99.0 -99.0 -99.0 -99.0 -99.0 -99.0 -99.0 -99.0 -99.0 -99.0 
2006 -99.0 -99.0 -99.0 -99.0 -99.0 -99.0 -99.0 -99.0 -99.0 -99.0 -99.0 -99.0 
2007 -99.0 -99.0 -99.0 -99.0 -99.0 -99.0 -99.0 -99.0 -99.0 -99.0 -99.0 -99.0 
