Number= 844350
Name= MOYOBAMBA
Country= PERU
Lat=   -6.0
Long=   77.0
Height= 834
Start year= 1961
End year= 1988
First Good year= 1961
Source ID= 10
Source file= Jones
Jones data to= 1988
Normals source= Data
Normals source start year= 1961
Normals source end year= 1988
Normals=  23.0  22.8  23.0  23.2  23.2  23.1  22.7  22.9  23.3  23.3  23.8  23.5 
Standard deviations source= Data
Standard deviations source start year= 1961
Standard deviations source end year= 1988
Standard deviations=   0.8   1.0   0.8   0.5   0.7   0.8   0.7   0.7   0.8   0.7   0.8   0.9 
Obs:
1961  23.0  19.7 -99.0  23.6 -99.0  22.6 -99.0  23.3  22.6  22.9  23.3  23.0 
1962  22.5  22.7  22.9  23.1  22.6  22.8  22.2  24.6  23.2  23.2  24.2  21.4 
1963  22.3  22.8  22.1  23.1  22.8  23.8  23.2  23.7  24.5  23.2 -99.0  23.8 
1964  23.6  23.8  23.1  23.6  23.1  23.3  22.8  23.2  23.2  23.3  23.4  23.2 
1965  23.9  22.4  22.3  22.4  22.6  22.2  22.1  22.3  22.4  22.9  23.2  23.2 
1966  23.2  22.8  23.3  23.2  22.8  23.1  23.2  23.0  23.0  23.0  23.3  23.1 
1967  21.6  22.2  22.4  22.8  22.7  22.0  22.7  22.2  22.8  22.5  23.8  22.9 
1968  21.9 -99.0  21.7  22.6 -99.0  22.2  22.2  22.1  22.5  22.5  23.3  23.3 
1969  23.7  23.1  23.2  23.4  23.7  22.9  22.4  22.2  23.3  23.1  23.6  23.5 
1970  22.9  23.2  22.6  22.7  23.2  22.7  22.1  22.8  22.5  23.5  22.9  22.8 
1971  22.3  21.8  22.0  22.4  22.2  22.3  21.9  21.9  22.5  22.9  23.2  22.5 
1972  22.3 -99.0 -99.0 -99.0 -99.0 -99.0 -99.0 -99.0 -99.0 -99.0 -99.0 -99.0 
1973  22.2  22.9  23.1  22.9  22.5  23.2 -99.0  22.8  22.6 -99.0  23.6  22.4 
1974  22.2  21.8 -99.0  22.6 -99.0 -99.0 -99.0 -99.0 -99.0  23.0  23.9 -99.0 
1975 -99.0  22.4 -99.0 -99.0 -99.0  21.5  21.6  22.7 -99.0 -99.0 -99.0 -99.0 
1976  22.4  22.5  22.9  23.1  22.7  23.6  22.2 -99.0 -99.0 -99.0  22.0  23.1 
1977 -99.0  22.3  22.5  23.2  23.0  22.5  22.2  22.7 -99.0 -99.0 -99.0 -99.0 
1978  23.6  24.0  23.5  23.6  23.9  23.3  22.5  22.1  22.8  23.9  24.6  23.0 
1979  24.1  24.4  23.2  23.6  23.4  23.2  22.4  23.7  23.7  23.9  24.1  24.4 
1980  23.5  24.1  22.8  23.6  23.9  22.5  22.9  23.4  23.7  23.4  23.8  24.3 
1981 -99.0  22.7  23.8  23.8  23.6  23.2  22.5  23.4  23.3  23.8  24.5 -99.0 
1982 -99.0 -99.0 -99.0 -99.0 -99.0 -99.0 -99.0  22.7  23.5 -99.0 -99.0  24.4 
1983 -99.0 -99.0  24.6 -99.0 -99.0  24.2  23.9 -99.0  23.4  23.4  23.6  23.3 
1984  23.0  22.5  23.0 -99.0 -99.0  24.1  24.3 -99.0  24.8 -99.0  25.1  24.7 
1985 -99.0  23.1 -99.0 -99.0  24.4 -99.0 -99.0  23.7  24.5  25.5  25.3  25.2 
1986  23.6 -99.0 -99.0 -99.0 -99.0  24.6  22.6 -99.0 -99.0 -99.0 -99.0  24.2 
1987  23.9  24.1  24.8  24.2  25.1  24.9  23.8 -99.0  25.3 -99.0  25.6  25.0 
1988  24.5 -99.0 -99.0 -99.0 -99.0 -99.0 -99.0 -99.0 -99.0 -99.0 -99.0 -99.0 
