Number= 844720
Name= CAJAMARCA
Country= PERU
Lat=   -7.2
Long=   78.5
Height= 2444
Start year= 1961
End year= 2007
First Good year= 1961
Source ID= 10
Source file= Jones+Anders
Jones data to= 2001
Normals source= Data
Normals source start year= 1961
Normals source end year= 1990
Normals=  15.6  15.2  15.3  15.3  15.3  14.8  14.6  15.4  15.5  15.4  15.7  15.6 
Standard deviations source= Data
Standard deviations source start year= 1961
Standard deviations source end year= 1990
Standard deviations=   0.9   0.9   0.7   0.8   0.8   0.7   0.7   0.7   0.6   0.8   0.8   1.1 
Obs:
1961  14.9  14.1 -99.0  15.5  15.7  15.1 -99.0  15.5  16.2  15.6  15.0  14.8 
1962  15.2  13.7  14.7  15.0  14.7  14.5  15.1  15.2  15.5  16.2  16.4  16.0 
1963  15.1  14.4  14.8  14.0  15.1  14.6 -99.0  15.8  15.6  15.4 -99.0  12.6 
1964  16.1  15.8  15.4  14.8  14.9  14.6  14.3  14.9  15.1  14.3  15.2  14.9 
1965  15.2  15.4  15.2  14.7  14.9  15.0  14.8  15.3  15.7  15.8  15.5  16.1 
1966  16.5  16.2  15.4  15.6  15.4  14.8  15.0  15.7  15.9  15.4  15.4  14.9 
1967  14.9  14.8  14.6  14.6  15.2  14.5  14.5  15.1  15.6  15.6  15.8  16.4 
1968  17.9  15.4  14.5  14.2 -99.0  14.5  14.4  15.7  15.3  15.4  15.7  15.9 
1969  15.9  15.9  15.8  15.8  16.1  14.9  15.0  14.7  15.5  15.3  15.4  15.2 
1970  15.1  15.8  15.2  15.7  14.1  14.5  14.5  14.7  14.9  15.3  14.7  15.3 
1971  15.0  14.4  13.9  14.0  13.8  14.0  14.0  13.8  14.1  14.4  14.4  14.6 
1972  14.5 -99.0 -99.0 -99.0 -99.0 -99.0 -99.0 -99.0 -99.0 -99.0 -99.0 -99.0 
1973  15.3  15.4  15.1  14.7  14.7  14.2 -99.0  14.6  14.2 -99.0  15.3  14.1 
1974  14.2  13.9 -99.0  14.8 -99.0 -99.0 -99.0 -99.0 -99.0  14.7  15.5 -99.0 
1975 -99.0  14.5 -99.0 -99.0 -99.0  14.3  13.7  14.1 -99.0 -99.0 -99.0 -99.0 
1976  14.2  14.1  14.5  14.1  14.1  13.2  14.4 -99.0 -99.0 -99.0  16.1  15.1 
1977 -99.0  14.8  15.8  15.7  14.8  14.8  15.2  15.5 -99.0 -99.0 -99.0 -99.0 
1978  16.0  16.7  15.4  15.6  14.9  14.7  14.9  16.2  15.6  15.9  17.3  16.2 
1979  16.2  15.5  15.3  15.6  15.8  15.2  15.2  15.7  15.7  16.4  16.7  16.5 
1980  16.7  16.1  16.1  17.1  16.3  15.6  15.6  15.4  16.7  15.6  15.7  15.8 
1981  15.5  15.5  15.2  16.0  15.9  15.5  14.5  14.9  16.0 -99.0  15.8 -99.0 
1982 -99.0 -99.0 -99.0 -99.0 -99.0 -99.0 -99.0  15.4  15.5 -99.0 -99.0  17.8 
1983 -99.0 -99.0  15.8  15.9  16.2  16.1  15.7 -99.0 -99.0  15.9  16.8  15.6 
1984  15.9 -99.0  15.0  15.5 -99.0  14.8  14.1 -99.0  15.6 -99.0  15.1  16.2 
1985 -99.0  15.7  16.0 -99.0  15.0 -99.0 -99.0  15.7  15.6  16.2 -99.0 -99.0 
1986 -99.0 -99.0 -99.0  16.0 -99.0 -99.0  14.8  16.6 -99.0  17.0 -99.0  16.5 
1987  16.5  16.6  16.7  16.5  16.8  16.6 -99.0  17.3  16.6 -99.0  16.7  16.8 
1988  16.4  16.4  16.0  15.6  15.8  15.2  15.1 -99.0 -99.0  13.0  14.0 -99.0 
1989  15.0  13.8 -99.0 -99.0  15.1 -99.0  14.5  15.4  15.4  15.3  16.1 -99.0 
1990  16.8  16.1  16.3  16.4  16.1 -99.0  12.3  15.6 -99.0 -99.0 -99.0  16.6 
1991 -99.0  16.6  16.0 -99.0 -99.0 -99.0  15.1 -99.0  16.2 -99.0 -99.0 -99.0 
1992 -99.0 -99.0 -99.0 -99.0 -99.0 -99.0 -99.0 -99.0 -99.0 -99.0 -99.0  16.2 
1993  16.2 -99.0 -99.0 -99.0 -99.0 -99.0 -99.0  16.0 -99.0  16.5 -99.0  16.3 
1994 -99.0 -99.0  15.9 -99.0  16.5  15.5  15.3 -99.0  16.0 -99.0  15.3 -99.0 
1995 -99.0 -99.0  16.4  15.6  15.3 -99.0  15.2  15.6  14.4  15.6  15.6  15.7 
1996  15.1 -99.0 -99.0  15.5  14.9  15.2  14.9  14.7 -99.0  16.0 -99.0  15.8 
1997 -99.0  15.0  15.5 -99.0 -99.0 -99.0 -99.0 -99.0 -99.0  16.4 -99.0 -99.0 
1998 -99.0 -99.0 -99.0 -99.0 -99.0 -99.0  15.6 -99.0 -99.0  16.8 -99.0  16.5 
1999 -99.0 -99.0  15.7 -99.0  15.4 -99.0  14.8 -99.0  15.4 -99.0 -99.0 -99.0 
2000 -99.0 -99.0 -99.0 -99.0 -99.0 -99.0 -99.0  15.4 -99.0  16.6  16.4 -99.0 
2001  15.4  15.6 -99.0 -99.0 -99.0 -99.0 -99.0 -99.0 -99.0 -99.0 -99.0 -99.0 
2002 -99.0 -99.0 -99.0 -99.0 -99.0 -99.0 -99.0 -99.0 -99.0 -99.0 -99.0 -99.0 
2003 -99.0 -99.0 -99.0 -99.0 -99.0 -99.0 -99.0 -99.0 -99.0 -99.0 -99.0 -99.0 
2004 -99.0 -99.0 -99.0 -99.0 -99.0 -99.0 -99.0 -99.0 -99.0 -99.0 -99.0 -99.0 
2005 -99.0 -99.0 -99.0 -99.0 -99.0 -99.0 -99.0 -99.0 -99.0 -99.0 -99.0 -99.0 
2006 -99.0 -99.0 -99.0 -99.0 -99.0 -99.0 -99.0 -99.0 -99.0 -99.0 -99.0 -99.0 
2007 -99.0 -99.0 -99.0 -99.0 -99.0 -99.0 -99.0 -99.0 -99.0 -99.0 -99.0 -99.0 
