Number= 845340
Name= TINGO MARIA
Country= PERU
Lat=   -9.1
Long=   76.0
Height= 665
Start year= 1951
End year= 2007
First Good year= 1951
Source ID= 37
Source file= Jones+Anders
Jones data to= 2001
Normals source= Data
Normals source start year= 1961
Normals source end year= 1990
Normals=  24.4  24.2  24.5  25.1  25.2  24.7  24.4  25.1  25.1  25.1  25.2  24.7 
Standard deviations source= Data
Standard deviations source start year= 1951
Standard deviations source end year= 1990
Standard deviations=   0.8   0.8   0.6   0.8   0.8   0.8   0.8   0.9   0.7   0.6   0.7   0.7 
Obs:
1951  21.8  21.5  22.8  22.1  22.4  21.9  21.7  23.3  24.3  24.2  24.2  24.1 
1952  24.2  23.8  23.8  24.2  23.9  23.0  23.1  24.2  23.9  24.4  23.8  24.2 
1953  23.6  23.6  23.9  24.8  24.8  23.6  22.4  24.3  25.2  23.7  24.1  24.4 
1954  23.6  24.0  24.1  24.7  24.0  24.2  23.3  24.0  24.4  24.5  26.2  24.2 
1955  23.8  23.9  23.3  24.0  23.8  23.3  23.4  23.8  23.7  24.6  24.2  23.5 
1956  23.0  23.2  24.0  23.6  23.3  23.1  23.2  23.7  23.4  24.1  24.4  24.7 
1957  23.8  24.0  24.3  23.9  24.3  22.9  22.5  22.6  23.2  24.2  24.1  24.4 
1958  23.8  24.9  23.7  23.9  24.0  23.4  23.1  23.7  24.4  23.7  23.8  24.6 
1959  25.0  23.6  23.9  23.9  24.0  23.4  24.2  23.8  23.9  23.2  24.0  23.7 
1960  24.0  23.6  24.2  23.8  23.7  23.8  23.7  23.9  23.8  24.2  24.7  24.6 
1961  23.7  24.3  24.5  25.0  25.3  24.5  24.9  24.5  24.6  25.7  24.0  24.2 
1962  23.7  23.8  24.3  24.8  25.1  24.7  24.4  25.4  25.1  24.8  27.1  25.1 
1963  23.8  23.6  24.6  25.0  25.8  24.7  25.3  26.5  25.4  24.4  25.0  21.9 
1964  26.1  24.0  24.6  25.3  25.1  25.2  24.5  25.0  25.2  25.2  25.2  25.1 
1965  24.3  24.0  24.7  24.7  25.2  24.8  24.9  25.3  25.1  26.1  25.5  24.7 
1966  25.2  24.8  25.5  26.7  25.2  25.1  24.8  24.9  24.8  24.3  25.5  24.4 
1967  24.8  24.2  24.0  24.8  24.6  24.5  24.0  24.2  24.3  24.7  24.8  24.6 
1968  24.4  24.5  23.7  25.1  23.5  24.3  24.3  24.7  24.5  24.8  25.0  24.5 
1969  25.4  24.3  25.1  24.9  25.6  24.1  24.5  25.6  25.6 -99.0 -99.0  25.1 
1970  24.5  24.5  24.1  25.1  25.0  25.0  24.2  25.6  25.7  25.5  25.3  24.7 
1971  24.5  23.6  24.1  23.9  25.2  24.5  24.6  24.8  24.6  24.4  25.3  24.5 
1972  24.0 -99.0 -99.0  25.1  25.3  25.5  25.2  25.2 -99.0  25.6  25.2  25.9 
1973  25.0  24.4  24.8  25.2 -99.0  24.8  23.9  24.7  24.7  25.0  24.9  24.3 
1974  23.2  22.9 -99.0  24.6 -99.0 -99.0 -99.0 -99.0 -99.0  24.6  25.3 -99.0 
1975 -99.0  23.8 -99.0 -99.0 -99.0  24.2  23.0  25.9 -99.0 -99.0 -99.0 -99.0 
1976  24.0  23.6  24.5  25.0  25.2  25.0  24.4 -99.0 -99.0 -99.0  25.1  24.7 
1977  25.2  24.3  25.0  25.6  25.0  24.9  24.6  25.1  25.4  24.8  24.9  25.1 
1978  24.6  25.9  25.1  25.6  25.3  24.8  24.4  24.6  25.3  25.1  25.3  24.6 
1979  25.5  24.1  24.1  25.4  25.6  24.6  24.4  25.7  25.0  26.1  25.3  25.2 
1980  25.0  24.0  24.7  25.5  25.9  25.0  24.7  25.0  25.4  24.8  25.2  25.4 
1981  23.9  25.2  23.8  25.4  25.4  24.5  23.7  24.7  24.7  24.8  24.2  23.4 
1982 -99.0  23.8  23.8  24.9  24.5  24.7  24.9  25.1  24.7  25.0 -99.0  24.5 
1983 -99.0  25.5  25.7  26.1  25.6  25.0  24.9 -99.0  25.2  24.9  24.7 -99.0 
1984  23.2  23.5  24.1  24.5  25.4  24.0  24.1  23.7  25.3  25.3  24.9  24.6 
1985  23.5  23.4  23.7  25.0  25.3  24.3  24.1  24.2  24.3  25.5  25.1  25.3 
1986  24.3  23.6  23.4  24.8  25.1  25.0  23.7  24.4  24.8  25.4  25.5  24.5 
1987  24.0  25.1  25.2  25.0  25.1  24.9  24.8 -99.0  25.8 -99.0  25.0  25.1 
1988  25.1  25.6  25.0  25.1  25.6  25.1  24.9  26.5 -99.0  24.7  25.6  24.8 
1989  23.8  23.7  24.1  24.1  24.8  24.6  24.4  25.0  25.8  25.0  26.1  25.2 
1990  24.3  25.0  25.5  25.7  24.9  24.6  24.2  25.5  25.4  24.9 -99.0 -99.0 
1991  24.6  25.0  24.3  25.5 -99.0 -99.0  24.1 -99.0  25.2  24.8 -99.0 -99.0 
1992  25.6 -99.0 -99.0 -99.0 -99.0 -99.0 -99.0 -99.0 -99.0 -99.0 -99.0 -99.0 
1993  24.4 -99.0 -99.0 -99.0 -99.0 -99.0 -99.0  24.3  24.8 -99.0 -99.0  24.4 
1994  24.3  24.2  24.7 -99.0  25.3  24.5  24.0  24.3  24.9 -99.0  24.9  25.4 
1995 -99.0 -99.0  24.6  26.0  25.5 -99.0  24.9  25.3  25.9  25.2  25.2  25.4 
1996  23.6  24.0 -99.0  24.4  24.7  24.7  24.2  24.5  25.1  25.2 -99.0  24.9 
1997  23.3  24.1  24.9 -99.0 -99.0 -99.0 -99.0 -99.0 -99.0  25.9 -99.0 -99.0 
1998 -99.0 -99.0 -99.0 -99.0 -99.0 -99.0  25.3 -99.0 -99.0  26.0 -99.0  25.6 
1999 -99.0 -99.0  24.1 -99.0  24.6 -99.0  24.9 -99.0  25.5 -99.0 -99.0 -99.0 
2000 -99.0 -99.0 -99.0 -99.0 -99.0 -99.0 -99.0  25.9 -99.0  26.0  26.1 -99.0 
2001  24.1  24.8 -99.0 -99.0 -99.0 -99.0 -99.0 -99.0 -99.0 -99.0 -99.0 -99.0 
2002 -99.0 -99.0 -99.0 -99.0 -99.0 -99.0 -99.0 -99.0 -99.0 -99.0 -99.0 -99.0 
2003 -99.0 -99.0 -99.0 -99.0 -99.0 -99.0 -99.0 -99.0 -99.0 -99.0 -99.0 -99.0 
2004 -99.0 -99.0 -99.0 -99.0 -99.0 -99.0 -99.0 -99.0 -99.0 -99.0 -99.0 -99.0 
2005 -99.0 -99.0 -99.0 -99.0 -99.0 -99.0 -99.0 -99.0 -99.0 -99.0 -99.0 -99.0 
2006 -99.0 -99.0 -99.0 -99.0 -99.0 -99.0 -99.0 -99.0 -99.0 -99.0 -99.0 -99.0 
2007 -99.0 -99.0 -99.0 -99.0 -99.0 -99.0 -99.0 -99.0 -99.0 -99.0 -99.0 -99.0 
