Number= 845930
Name= CERRO DE PASCO
Country= PERU
Lat=  -10.8
Long=   76.2
Height= -999
Start year= 1955
End year= 1981
First Good year= 1955
Source ID= 10
Source file= Jones
Jones data to= 1981
Normals= -99.0 -99.0 -99.0 -99.0 -99.0 -99.0 -99.0 -99.0 -99.0 -99.0 -99.0 -99.0 
Standard deviations source= Data
Standard deviations source start year= 1955
Standard deviations source end year= 1981
Standard deviations=   1.1   1.0   1.1   0.9   1.1   1.1   0.9   1.1   1.0   1.0   1.2   1.2 
Obs:
1955   4.8   4.7   5.5   5.0   4.9   3.7   4.0   4.0   4.8   5.5   7.6   6.6 
1956   3.3   3.9   4.1   3.9   3.5   4.3   4.1   4.1   4.1   4.3   4.1   4.7 
1957   3.8   5.4   4.4   5.5   4.8   4.7   5.2   3.7   4.4   4.6   5.0   5.7 
1958   6.0   5.3   5.6   5.9   5.8   5.4   4.1   5.3   4.6   4.2   4.5   5.5 
1959   4.2   4.2   4.7   4.5   4.0   4.5   5.0   4.8   3.7   4.4   4.6   4.6 
1960   5.2   4.8   4.9   3.9   4.9   5.0   4.7   4.8   4.2   5.0   4.7   5.1 
1961   5.5   4.5   5.0   4.7   4.7   3.2   3.2   2.5   3.4   4.4   3.9   3.7 
1962   4.1   4.4   4.2   3.7   4.0   3.0   3.0   2.9   3.6   4.5   4.3   4.8 
1963   4.4   3.6   4.5   4.1   3.2   3.0   2.4   3.4   4.3   4.5   4.1   4.6 
1964   5.4   5.2   4.0   3.9   3.5   3.0   3.0   3.8   3.5   3.5   3.2   3.5 
1965   3.7   3.9   4.9   4.1   3.5   2.3   2.8   2.7   3.6   4.7   5.1   4.3 
1966   5.2 -99.0 -99.0   4.4   4.1 -99.0 -99.0   3.1   3.4   3.4   4.0   4.1 
1967   4.7   3.6   3.5   3.3   4.5   3.1   3.4 -99.0 -99.0 -99.0 -99.0 -99.0 
1968 -99.0 -99.0 -99.0   4.5   3.3   2.6   2.6   3.5   3.8   5.0   5.4   6.1 
1969 -99.0 -99.0 -99.0 -99.0 -99.0 -99.0 -99.0 -99.0 -99.0 -99.0 -99.0 -99.0 
1970 -99.0   5.0   4.7 -99.0 -99.0 -99.0 -99.0 -99.0   4.5 -99.0   5.6   5.8 
1971   5.0   4.5   5.0   4.8   4.2   3.1   2.5   2.3   3.4   4.0   4.2   4.5 
1972   4.5   4.8   3.5 -99.0   4.5 -99.0 -99.0 -99.0 -99.0 -99.0 -99.0 -99.0 
1973 -99.0 -99.0 -99.0 -99.0 -99.0 -99.0 -99.0 -99.0 -99.0 -99.0 -99.0 -99.0 
1974 -99.0 -99.0 -99.0 -99.0 -99.0   4.7   3.7   4.6 -99.0   5.9   5.6   6.1 
1975   5.6   5.4   5.5   5.8 -99.0   5.0   4.8   4.8   4.4   5.3   5.3   5.5 
1976 -99.0   6.3 -99.0 -99.0   7.1   5.0   3.5   4.6   5.9   6.9   6.7   7.7 
1977   7.8   5.6   5.2   5.7   4.3   4.9   4.2   6.2   5.5   6.6   7.0   7.6 
1978   6.4 -99.0 -99.0 -99.0 -99.0 -99.0 -99.0 -99.0 -99.0 -99.0 -99.0 -99.0 
1979 -99.0   6.3   5.9 -99.0   5.8   5.2 -99.0 -99.0   6.2   6.6 -99.0   6.0 
1980   6.6   7.8   6.3 -99.0   6.4 -99.0   5.0   5.7   6.6   6.2   7.0   6.8 
1981   6.2   6.2   8.6   6.9   6.1   6.3   5.4   5.4   6.6   6.6   6.4   6.7 
