Number= 846310
Name= LIMATAMBO
Country= PERU
Lat=  -12.1
Long=   77.0
Height= 135
Start year= 1961
End year= 1972
First Good year= 1961
Source ID= 10
Source file= Jones
Jones data to= 1972
Normals= -99.0 -99.0 -99.0 -99.0 -99.0 -99.0 -99.0 -99.0 -99.0 -99.0 -99.0 -99.0 
Obs:
1961  22.4 -99.0 -99.0  19.5  18.1  15.3 -99.0  15.4  15.3  16.7  19.1  20.7 
1962  21.9  23.2  22.1  20.2  19.0  16.4  15.6  16.6  17.0  17.1  18.7  21.2 
1963  22.7  23.7 -99.0 -99.0 -99.0 -99.0 -99.0 -99.0 -99.0 -99.0 -99.0 -99.0 
1964 -99.0 -99.0  21.2  19.9  16.3  14.5  13.9 -99.0 -99.0 -99.0 -99.0 -99.0 
1965 -99.0 -99.0 -99.0 -99.0 -99.0 -99.0  16.9 -99.0 -99.0 -99.0 -99.0 -99.0 
1966 -99.0 -99.0 -99.0 -99.0 -99.0 -99.0  15.1 -99.0 -99.0 -99.0 -99.0 -99.0 
1967 -99.0 -99.0 -99.0 -99.0 -99.0  15.0  14.2 -99.0 -99.0 -99.0 -99.0 -99.0 
1968 -99.0 -99.0 -99.0 -99.0 -99.0 -99.0 -99.0 -99.0 -99.0 -99.0 -99.0 -99.0 
1969  21.0 -99.0 -99.0 -99.0 -99.0 -99.0  15.3 -99.0 -99.0 -99.0 -99.0 -99.0 
1970 -99.0 -99.0  22.1  19.7 -99.0 -99.0 -99.0 -99.0 -99.0 -99.0 -99.0 -99.0 
1971 -99.0 -99.0 -99.0 -99.0 -99.0 -99.0 -99.0 -99.0 -99.0 -99.0  17.8  19.4 
1972  21.0 -99.0 -99.0 -99.0 -99.0 -99.0 -99.0 -99.0 -99.0 -99.0 -99.0 -99.0 
