Number= 847820
Name= TACNA
Country= PERU
Lat=  -18.1
Long=   70.3
Height= 468
Start year= 1949
End year= 2011
First Good year= 1949
Source ID= 10
Source file= Jones+Anders
Jones data to= 2000
Normals source= Data
Normals source start year= 1961
Normals source end year= 1990
Normals=  22.1  22.4  21.8  19.3  16.8  15.0  14.0  14.2  15.2  16.7  18.3  20.2 
Standard deviations source= Data
Standard deviations source start year= 1949
Standard deviations source end year= 1990
Standard deviations=   0.9   1.3   0.9   1.1   1.1   1.1   0.8   0.7   0.7   0.8   1.0   1.7 
Obs:
1949 -99.0 -99.0 -99.0 -99.0 -99.0 -99.0 -99.0 -99.0 -99.0  18.5  18.8  20.0 
1950  21.2  21.5  20.7  18.8  15.0  11.7  12.4  12.7  14.7  15.4  17.2  19.9 
1951  21.3  21.4  19.9  17.3  16.5  14.4  14.0  14.0  15.0  17.2  18.8  19.7 
1952  22.0  23.2  21.7  18.4  16.0  13.5  12.3  13.4  15.1  16.1  17.3  19.9 
1953  21.6  22.8  21.2  18.7  16.0  14.3  13.7  14.4  16.0  15.9  18.2  19.3 
1954  21.2  22.8  21.4  19.0  14.6  13.7  12.4  13.1  14.1  15.9  17.9  20.9 
1955  22.0  21.6  21.3  18.8  16.0  13.4  13.0  13.2  13.6  14.7  16.6  19.0 
1956  20.4  21.2  19.6  16.9  14.9  13.3  12.5  13.3  14.1  15.6  17.0  18.4 
1957  20.8  22.9  22.0  19.7  17.6  15.8  15.3  15.1  15.8  16.7  18.9  20.7 
1958  22.3  23.5  22.6  19.8  17.5  15.6  14.2  14.0  14.5  16.5  18.5  19.3 
1959  20.3  22.4  21.7  18.6  16.8  14.7  14.0  14.1  15.4  16.6  18.2  20.5 
1960  21.4  21.9  20.7  19.5  16.8  14.6  14.0  14.0  14.6  15.5  17.8  20.6 
1961  22.4  23.4  22.2  19.2  16.5  14.7  13.3  14.3  15.0  17.0  18.8  21.5 
1962  22.1  22.4  21.2  20.3  17.7  14.4  14.0  14.6  15.6  16.7  18.4  21.0 
1963  22.9  23.6  21.8  19.8  17.8  15.6  14.9  15.0  15.8  16.7  18.5  20.6 
1964  21.8  21.9  21.9  19.2  15.8  13.8  13.1  13.3  15.1  16.8  19.5  20.9 
1965  22.9  23.1  22.5  20.3  17.6  16.5  15.6  15.6  15.3  16.9  18.7  21.4 
1966  22.2  22.0  21.7  18.8  17.0 -99.0  13.8  13.7  14.9  17.2  19.4  21.1 
1967  22.3  23.3  22.6  21.7  17.6  15.1  13.6  14.1  14.6  16.6  18.4  20.7 
1968  22.3  23.4  21.8  19.6  16.7  15.4  14.4  14.8  16.1  17.2  18.9  22.2 
1969  22.8  23.2  22.9  20.2  18.3  16.2  14.9  15.2  16.8  18.5  19.9  21.8 
1970  23.2  23.8  23.1  20.5  17.7  15.2  13.2  14.1  15.6  16.6  19.1  20.2 
1971  21.8  22.0  21.3  19.7  16.9  14.5  13.1  14.0  15.8  16.6  19.2  20.9 
1972  24.1  24.3  22.7  18.9  17.1  16.2  14.4  16.2  16.0  18.5  19.5  22.7 
1973  24.3  24.7  23.1  20.0  17.3  15.9  14.6  14.3  15.0  16.0  18.3  20.0 
1974  22.2  22.9  21.5  19.8  16.9  14.4  13.6  13.4  14.4  17.1  19.3  20.1 
1975  21.8  23.4  22.2  19.5  16.2  14.3  13.4  13.6  14.1  16.4  17.8  21.2 
1976  22.1  23.4  22.3  18.3  16.2  14.7  14.6  14.9  14.0  16.4  18.2  20.7 
1977  22.9  22.1  21.3  18.7  13.3  15.4  14.4  14.0  15.2  16.8  18.5  19.2 
1978  20.0  21.4  19.9  17.8  16.1  14.2  13.7  13.8  14.5  16.5  18.5  19.4 
1979  21.3  21.0  21.0  18.4  16.7  14.8  14.0  14.6  15.1  16.4  17.9  20.0 
1980  21.6  21.3  21.5  19.8  17.6  14.9  14.8  13.9  14.5  16.0  16.0  19.5 
1981  20.8  21.4  21.3  18.9  16.6  14.7  13.0  14.0  15.1  15.9  17.2 -99.0 
1982 -99.0 -99.0 -99.0 -99.0 -99.0 -99.0 -99.0  14.4  15.9  18.0 -99.0  21.6 
1983 -99.0 -99.0  23.8  21.5  19.7  17.6 -99.0 -99.0  15.5  16.3  14.2  15.4 
1984  21.8  16.5  21.2  18.9  16.2  14.2  13.8 -99.0  15.2 -99.0  18.4  12.5 
1985  21.0  21.3  21.6  15.2  16.0 -99.0  13.8  13.1  14.7  16.8  17.7  19.8 
1986  21.0 -99.0 -99.0  18.5 -99.0  14.1 -99.0  14.1  14.7  16.2  18.3  20.4 
1987  22.0  22.6  22.2  19.7  17.2  15.5  14.7 -99.0  15.5 -99.0 -99.0 -99.0 
1988 -99.0  21.5  20.5  18.9 -99.0  13.2  12.8  13.6 -99.0  15.9  17.7  19.4 
1989 -99.0  22.7  21.7  19.3  15.9  14.8  13.8  14.2  14.2  16.2  18.0  19.9 
1990  20.7  21.5  20.8  18.3  15.8  14.3  14.2  13.2  15.2 -99.0 -99.0 -99.0 
1991  21.5  21.8  20.2  18.3  16.7  15.6  14.2  13.8  15.2  16.4  18.1  19.8 
1992  20.7  21.2  21.9  20.4  18.7  15.7  14.1  14.0  15.0  16.8  18.8  19.8 
1993  21.9  21.9  20.9  19.8  17.6  15.3  14.6  14.7  15.3  16.4  18.1  19.5 
1994  21.2  21.4  20.9  18.5  16.8  14.6  13.6  13.6  15.7  17.1  18.4  20.2 
1995  22.1  21.6  20.6  18.4  18.1  14.8  13.5  13.4  14.9  16.0  16.0  18.9 
1996  20.7  21.1  20.0  18.4  15.9  13.7  12.7  13.1  14.4  16.1  17.5  19.3 
1997  21.6  21.4  21.5  19.5  18.3  16.7  17.2 -99.0  17.4  17.9  18.8  20.5 
1998  23.7  23.6  22.3  20.2  18.4  15.4  15.0  14.2  13.9  15.4  18.0  19.5 
1999  20.5  21.1  21.3  17.8  15.6  14.1  13.8  13.9  14.5  15.8  17.3  19.3 
2000  21.4  21.4  20.6  19.5  16.9  14.7  13.5  14.0  15.4  16.7  18.0  20.8 
2001  22.6 -99.0 -99.0 -99.0 -99.0 -99.0 -99.0 -99.0 -99.0 -99.0 -99.0 -99.0 
2002 -99.0 -99.0 -99.0 -99.0 -99.0 -99.0 -99.0  14.5  16.0  17.8  19.0  20.8 
2003  22.3  24.0 -99.0  19.5  17.3  15.1  14.5 -99.0 -99.0  18.2  19.9  19.9 
2004  22.7  22.9  22.3  20.0  16.8  14.6  14.6  14.7  16.3  17.4  18.8  21.6 
2005  23.0  22.1  21.7  19.4  16.7  14.8  14.3  14.7  14.7  16.0  16.0  16.0 
2006  22.7  22.7  22.4  19.5  17.5  17.5  15.8  15.3 -99.0 -99.0  19.1  20.9 
2007  23.6 -99.0  22.0 -99.0  14.7  13.0 -99.0  11.6  12.5  14.5  17.0  18.6 
2008  22.1  21.6  21.3  18.1  14.8  14.2  13.4  13.8  14.8  15.6  17.6  19.6 
2009  21.3  22.4  21.4 -99.0  17.7  15.4  14.6  13.9  14.6  16.1  18.9  20.3 
2010  21.5  22.9  20.9  19.6  17.3  14.0  12.3  12.9  14.2  15.6  17.2  18.7 
2011  20.7  22.2  20.2  20.2  16.4 -99.0 -99.0 -99.0 -99.0 -99.0 -99.0 -99.0 
