Number= 670090
Name= DIEGO-SUAREZ
Country= MADAGASCAR
Lat=  -12.4
Long=  -49.3
Height= 114
Start year= 1941
End year= 2011
First Good year= 1941
Source ID= 10
Source file= Jones+Anders
Jones data to= 2001
Normals source= Data
Normals source start year= 1961
Normals source end year= 1990
Normals=  26.2  26.2  26.4  26.4  25.6  24.2  23.7  23.7  24.5  25.5  26.5  26.7 
Standard deviations source= Data
Standard deviations source start year= 1941
Standard deviations source end year= 1990
Standard deviations=   0.5   0.5   0.5   0.4   0.5   0.6   0.7   0.6   0.5   0.5   0.6   0.5 
Obs:
1941  25.2  26.6  26.8  26.9  26.1  24.4  23.5  24.0  25.0  25.7  26.5  27.0 
1942  26.2  27.4  27.3  27.4  26.3  24.0  22.8  23.2  24.0  25.2  26.7  26.9 
1943  26.1  26.1  26.3  26.9  26.4  23.8  22.5  23.1  22.7  23.9  25.2  26.0 
1944  25.4  26.6  26.9  26.6  26.4  24.7  23.1  23.4  24.9  26.1  28.2  27.7 
1945  26.2  26.1  27.1  27.4  26.3  23.8  24.2  24.1  24.7  26.1  27.7  26.3 
1946  25.2  26.5  26.0  27.1  26.5  24.7  23.9  24.3  24.0  25.8  27.2  25.9 
1947  25.7  26.1  26.4  26.4  26.1  24.8  24.4  24.3  24.4  25.5  26.7  27.1 
1948  26.0  26.7  26.4  27.1  26.6  25.0  23.4  24.0  25.0  26.0  26.8  26.1 
1949  25.9  25.6  25.9  26.1  25.6  24.3  23.5  23.6  24.2  25.5  26.4  26.6 
1950  26.0  26.0  26.7  27.1  25.9  24.7  23.9  24.1  24.8  26.2  27.4  27.4 
1951  25.8  26.1  26.1  26.9  26.2  24.9  24.2  24.0  24.9  26.2  27.2  26.6 
1952  25.9  26.4  26.7  25.9  25.9  24.2  23.9  23.4  24.9  25.2  26.3  26.9 
1953  26.7  26.5  26.9  26.8  26.3  25.1  24.3  23.8  24.3  25.3  26.6  26.5 
1954  26.0  26.0  25.8  26.2  26.0  24.8  24.2  24.5  25.0  25.5  26.4  26.9 
1955  26.9  25.8  25.9  26.7  25.8  23.7  23.1  23.7  24.4  25.2  26.6  26.8 
1956  25.9  26.2  26.6  25.9  24.5  23.7  22.7  23.6  24.4  25.3  26.3  27.1 
1957  25.5  25.2  26.3  26.5  25.4  24.3  23.7  23.8  23.9  25.0  26.3  26.1 
1958  27.3  26.7  26.5  26.7  25.5  24.6  24.4  24.8  25.4  25.6  26.8  27.3 
1959  26.9  26.3  26.3  26.2  25.7  24.3  23.2  23.9  24.6  26.1  26.7  26.4 
1960  26.5  26.7  26.9  26.5  26.4  24.9  23.8  23.9  23.9  24.7  25.4  26.5 
1961  26.9  27.0  27.1  26.8  26.2  25.2  24.3  24.1  24.8  26.3  27.4  26.7 
1962  26.1  26.7  26.7  26.4  25.4  24.5  24.0  24.3  25.1  25.7  27.1  27.0 
1963  26.9  26.3  26.6  27.1  26.0  24.5  23.5  23.2  24.1  25.8  27.7  27.4 
1964  27.2  26.8  27.1  26.5  24.8  24.2  23.4  23.5  24.2  25.1  26.2  27.1 
1965  26.4  26.0  26.1  26.3  25.2  23.8  23.8  23.9  24.8  25.9  27.0  26.8 
1966  26.7  26.9  26.7  26.4  26.0  25.0  24.3  24.1  25.0  25.7  26.7  26.9 
1967  25.7  26.3  26.5  26.5  25.7  24.6  24.1  23.7  24.6  25.9  27.1  25.8 
1968  25.6  25.9  26.0  26.2  25.3  24.4  23.8  23.5  24.2  25.1  26.3  26.7 
1969  26.1  26.2  27.4  27.3  26.7  24.3  23.8  23.5  24.4  25.8  26.5  27.3 
1970  26.5  26.7  26.7  26.5  26.0  24.9  24.8  24.3  24.6  25.1  26.7  26.8 
1971  25.8  25.2  25.9  26.7  24.6  23.9  22.8  22.1  23.6  24.2  25.5  25.8 
1972  25.7  26.7  25.6  26.2  25.8  24.2  23.7  24.0  24.2 -99.0  26.7  27.1 
1973  26.4  25.8  26.3  26.7  26.3  24.3  23.7  23.5  24.6  24.7  26.4  26.0 
1974  26.1  25.7  25.6  26.4 -99.0 -99.0 -99.0 -99.0 -99.0 -99.0 -99.0 -99.0 
1975  25.8  25.7  25.6  26.3  25.6  24.0  23.7  23.0  23.7  25.2  26.3  25.5 
1976  25.3 -99.0  25.7  25.6  25.5  24.6  23.4  23.5  25.4  25.3  26.4  26.3 
1977  26.2  25.9  26.2  26.2  26.1  25.1  23.9  24.3  24.8  25.9  27.0  27.2 
1978  26.3  26.4  26.3  26.4  26.0  24.7  24.6  23.8  24.7  25.5  26.6  26.9 
1979  26.6  26.4  26.5  26.3  25.9  24.7  24.1  24.1  24.8  26.0  26.9  27.2 
1980  25.7  26.3  26.5  26.6  25.2  24.4  24.8  24.7  24.4  25.6  26.6  26.3 
1981  26.7  26.0  26.6  26.4  25.5  24.2  24.0  24.1  24.6  25.8  26.4  27.2 
1982  26.6  25.8  26.2  26.6  26.0  24.7  23.7  23.9  25.0  25.8  27.1  26.6 
1983  26.7  26.5  27.0  26.9  25.8  24.8  24.2  23.8  24.2  25.3  26.0  26.2 
1984  25.4  25.5  26.1  25.5  24.1  23.1  20.9  22.7  23.7  24.9  26.0  26.0 
1985  26.2  25.6  26.4  26.3  25.5  23.7  23.3  23.3  24.1  24.8  26.1  27.3 
1986  25.9  26.4  25.9  26.4  25.6  23.9  23.1  23.6  24.4  25.6  26.6  26.7 
1987  25.9  26.2  26.9  26.7  26.0  21.5  24.3  25.0  24.6  26.8  26.7  27.3 
1988  26.9  26.3  26.6  26.3 -99.0 -99.0  23.7  24.1  24.4  25.9  26.6  27.4 
1989  25.4 -99.0  26.2  25.9  25.2  23.5  22.7  22.3  23.8  24.7  25.9  26.1 
1990  26.1  26.6  26.9  26.4  25.4  24.2  23.1  23.6  24.7  25.7  25.4  26.5 
1991  26.8  26.2  26.5  26.1  25.7  24.2  23.4 -99.0 -99.0 -99.0 -99.0 -99.0 
1992  26.5 -99.0  27.0  26.9  25.4  24.5  22.9 -99.0 -99.0 -99.0 -99.0 -99.0 
1993 -99.0 -99.0 -99.0 -99.0 -99.0  24.5 -99.0 -99.0 -99.0 -99.0 -99.0 -99.0 
1994 -99.0 -99.0  26.8  27.1  26.6 -99.0  24.6  24.7  25.1  25.3  25.8  26.6 
1995  27.2  26.6  26.3  26.1  24.9  23.8 -99.0  23.8  24.2  25.0  25.7  26.5 
1996  26.1  25.8  26.2  26.0  24.8  23.8  22.7  23.0  24.7  24.4  26.0  26.4 
1997  26.1  24.9 -99.0  26.5  26.4  23.9  23.2 -99.0  24.9  25.4  28.1  27.4 
1998  28.4  27.4  27.1  26.9  26.0  25.1  23.9  24.0  24.3  25.2  27.4  26.2 
1999  26.2  26.5  27.5  26.1  25.9 -99.0 -99.0  24.1  25.0  25.1  27.4  27.3 
2000 -99.0 -99.0 -99.0  25.4  26.7  23.9  23.2 -99.0  24.9  25.2  26.5  27.0 
2001 -99.0  26.5  28.0  27.0  26.3 -99.0 -99.0 -99.0 -99.0  25.1 -99.0 -99.0 
2002 -99.0 -99.0  26.3 -99.0  25.5  23.8  23.7  23.0  23.0  25.3  26.5  26.7 
2003  26.3  25.9  27.4  26.2  25.7  23.9  23.7 -99.0  24.2  25.2  26.7  26.3 
2004  26.3 -99.0  26.2  25.7  24.6  23.2  23.0  23.1  24.2  25.5  26.4  26.7 
2005  26.2 -99.0  26.4  26.5  25.7  24.3  24.0 -99.0 -99.0 -99.0 -99.0 -99.0 
2006 -99.0 -99.0 -99.0 -99.0 -99.0 -99.0 -99.0 -99.0 -99.0 -99.0 -99.0 -99.0 
2007 -99.0 -99.0 -99.0 -99.0 -99.0 -99.0 -99.0 -99.0 -99.0 -99.0 -99.0 -99.0 
2008 -99.0 -99.0 -99.0 -99.0 -99.0 -99.0 -99.0 -99.0 -99.0 -99.0 -99.0 -99.0 
2009 -99.0 -99.0 -99.0 -99.0 -99.0 -99.0 -99.0 -99.0 -99.0 -99.0 -99.0 -99.0 
2010 -99.0 -99.0 -99.0 -99.0  26.1 -99.0  23.8  23.7 -99.0  25.4  25.5 -99.0 
2011 -99.0 -99.0  27.1 -99.0 -99.0 -99.0 -99.0 -99.0 -99.0 -99.0 -99.0 -99.0 
