Number= 670270
Name= MAJUNGA
Country= MADAGASCAR
Lat=  -15.7
Long=  -46.4
Height= 18
Start year= 1951
End year= 2011
First Good year= 1951
Source ID= 10
Source file= Jones+Anders
Jones data to= 1990
Normals source= Data
Normals source start year= 1961
Normals source end year= 1990
Normals=  27.3  27.2  27.6  27.5  26.1  24.7  24.3  24.7  25.5  26.9  27.7  27.3 
Standard deviations source= Data
Standard deviations source start year= 1951
Standard deviations source end year= 1990
Standard deviations=   0.6   0.6   0.5   0.5   0.6   0.6   0.6   0.6   0.5   0.5   0.5   0.5 
Obs:
1951  26.0  27.1  27.1  27.9  26.7  25.6  25.5  26.3  26.4  28.1  28.5  28.4 
1952  27.3  27.7  27.9  28.2  27.9  25.5  25.0  25.9  27.2  27.6  28.1  28.3 
1953  27.8  27.9  27.6  27.9  26.4  25.7  25.2  25.3  25.7  27.5  27.9  27.5 
1954  26.5  27.3  27.3  27.9  27.2  25.1  24.8  25.6  26.6  27.2  27.5  27.7 
1955  27.8  26.8  26.9  27.5  26.6  24.9  25.0  24.7  25.9  27.0  27.9  27.5 
1956  26.5  27.3  27.9  27.7  26.4  24.9  24.3  25.2  25.8  27.0  27.1  27.4 
1957  27.4  26.0  27.1  27.2  25.7  24.4  24.0  24.8  26.1  27.3  27.5  27.3 
1958  27.3  26.9  27.2  28.2  25.6  24.7  24.3  25.3  26.3  27.1  27.5  26.5 
1959  26.9  27.3  26.9  26.8  25.5  24.4  23.7  24.4  25.7  26.5  27.6  27.8 
1960  27.1  27.7  27.1  27.5  26.3  25.1  24.1  24.6  25.7  26.7  27.6  27.5 
1961  27.9  28.0  27.7  27.8  27.1  25.2  25.5  25.2  26.3  27.5  28.6  27.0 
1962  27.2  27.4  27.8  28.0  25.5  24.4  24.0  25.1  26.0  27.3  27.1  27.6 
1963  27.3  27.1  28.2  27.9  25.8  24.7  24.1  23.7  25.3  26.5  28.2  27.6 
1964  27.8  27.8  27.9  28.4  26.0  24.6  23.2  24.2  25.4  26.3  27.2  27.4 
1965  26.6  26.8  27.3  26.9  25.7  23.3  23.6  24.7  25.8  27.5  28.3  27.2 
1966  28.9  27.6  28.0  28.2  26.6  25.7  25.4  25.0  26.4  27.3  27.7  27.9 
1967  27.0  27.9  27.5  27.7  27.1  25.5  25.2  25.8  26.4  27.5  28.1  27.1 
1968  27.1  27.4  27.7  27.3  25.6  24.4  24.3  24.5  25.7  26.8  28.1  27.3 
1969  28.1  27.1  28.4  28.3  26.9  25.0  25.4  24.9  25.5  27.5  28.6  27.7 
1970  26.8  27.9  27.9  27.4  26.3  24.8  24.3  25.0  25.6  26.9  26.7  26.8 
1971  26.7  26.5  27.5  27.7  25.5  24.2  24.0  24.0  24.8  25.7  26.6  26.5 
1972  26.5  25.9  26.2  27.0  26.4  23.3  24.5  24.5  25.4  26.9  27.2  27.7 
1973  26.8  27.5  27.6  27.6  25.5  25.1  23.8  24.6  25.4  26.6  26.8  26.4 
1974  26.9  26.1  27.2  27.1  25.4  23.9  23.6  24.1  24.7  26.0  27.1  26.7 
1975  26.6  26.8  27.0  27.4  26.0  24.2  23.9  24.0  24.8  26.0 -99.0 -99.0 
1976 -99.0  26.7  27.1  26.9  26.1  24.9  24.2  24.1  25.0  26.3  27.4  27.5 
1977  27.4  26.3  27.1 -99.0  26.6  25.0  24.4  25.1  25.8 -99.0 -99.0 -99.0 
1978  27.5  27.4  27.7  27.5  26.2  25.2  24.4  25.1  25.6  27.3  27.8  26.5 
1979  27.7  26.9  28.0  27.0  26.4  24.5  24.0  24.6  25.9  27.2  27.3  27.6 
1980  27.3  28.1  27.1  27.2  25.8  24.1  24.4  24.9  25.1  27.0  28.1  27.2 
1981  28.0  27.0  27.3  27.5  25.7  24.3  23.8  25.0  25.6  27.2  27.5  27.7 
1982  26.9  27.0  27.3  27.1  26.1  25.7  24.7  25.0  25.8  27.3  27.7  27.5 
1983  27.0  27.6  27.8  27.6  26.5  25.4  24.7  24.7  25.5  26.9  27.6  26.9 
1984  26.6  26.3  27.6  26.8  25.8  24.4  23.6  23.9  24.7  27.0  28.0  27.1 
1985  28.1  26.8  27.3  26.7  25.2  24.2  24.3  25.2  25.6  26.2  27.0  27.5 
1986  27.0  27.3  27.8  27.9  26.1  24.0  23.5  24.4  25.3  26.7  28.1  27.7 
1987  26.8  27.4  28.4  28.0  26.5  24.3  24.5  25.7  25.9  27.2  28.4 -99.0 
1988  27.6  27.5  28.0  27.9  26.0  25.4  24.5  24.9  25.4  27.4  27.9  28.0 
1989  26.8  26.9  27.3  27.1  26.5  24.9  24.4  24.9  25.5  26.5  27.8  27.9 
1990  27.4  27.7  28.2  27.9  26.3  25.0 -99.0 -99.0 -99.0 -99.0 -99.0 -99.0 
1991  28.2  27.1  27.6  27.2  26.6  24.4  23.9 -99.0 -99.0 -99.0 -99.0 -99.0 
1992  27.4 -99.0  27.9  27.7  26.5  25.1 -99.0 -99.0 -99.0 -99.0 -99.0 -99.0 
1993 -99.0 -99.0 -99.0 -99.0 -99.0  25.1 -99.0 -99.0  24.9 -99.0 -99.0 -99.0 
1994 -99.0 -99.0 -99.0 -99.0 -99.0 -99.0  23.6 -99.0 -99.0  27.4  28.3  28.3 
1995  27.3  27.7  27.6  27.8  26.5  24.5 -99.0  25.3  25.9  27.2  27.7  27.5 
1996  27.3  27.2  27.7  27.8  26.2  25.0  23.9  24.4 -99.0  26.7  28.0  27.5 
1997  27.3  26.8  27.9  28.2  26.2  25.2  24.7 -99.0  26.1  27.3 -99.0  28.5 
1998 -99.0  27.8  28.9 -99.0 -99.0  25.2  24.7  25.5 -99.0 -99.0 -99.0 -99.0 
1999  27.9 -99.0 -99.0 -99.0 -99.0  26.9 -99.0 -99.0 -99.0  26.8 -99.0 -99.0 
2000  27.4 -99.0  28.3  27.7 -99.0  25.1 -99.0  25.2 -99.0 -99.0  28.0 -99.0 
2001  27.1 -99.0  28.3  28.3  27.2 -99.0 -99.0 -99.0 -99.0  27.2 -99.0 -99.0 
2002 -99.0 -99.0 -99.0 -99.0 -99.0 -99.0  25.0 -99.0 -99.0 -99.0 -99.0 -99.0 
2003 -99.0 -99.0 -99.0 -99.0 -99.0 -99.0 -99.0 -99.0 -99.0  27.1  28.6  27.6 
2004  27.4  27.8  28.0  27.8  26.2 -99.0  24.6  24.8  26.2 -99.0 -99.0  27.2 
2005  28.1  28.7 -99.0  28.3 -99.0  25.5 -99.0 -99.0 -99.0 -99.0 -99.0 -99.0 
2006 -99.0 -99.0 -99.0 -99.0 -99.0 -99.0 -99.0 -99.0 -99.0 -99.0 -99.0 -99.0 
2007 -99.0 -99.0 -99.0 -99.0 -99.0 -99.0 -99.0 -99.0 -99.0 -99.0 -99.0 -99.0 
2008 -99.0 -99.0 -99.0 -99.0 -99.0 -99.0 -99.0 -99.0 -99.0 -99.0 -99.0 -99.0 
2009 -99.0 -99.0 -99.0 -99.0 -99.0 -99.0 -99.0 -99.0 -99.0 -99.0 -99.0 -99.0 
2010 -99.0 -99.0 -99.0 -99.0  27.9 -99.0  25.1  25.4 -99.0  27.5  28.3  27.6 
2011 -99.0 -99.0  27.6  28.2 -99.0 -99.0 -99.0 -99.0 -99.0 -99.0 -99.0 -99.0 
