Number= 675610
Name= NDOLA
Country= ZAMBIA
Lat=  -13.0
Long=  -28.7
Height= 1270
Start year= 1935
End year= 1960
First Good year= 1936
Source ID= 10
Source file= Jones
Jones data to= 1960
Normals source= WMO
Normals source start year= 1961
Normals source end year= 1988
Normals source percent availability= 93
Normals source variable code= 14
Normals=  20.8  20.8  21.0  20.5  18.6  16.5  16.7  19.2  22.5  23.7  22.5  21.0 
Standard deviations source= Data
Standard deviations source start year= 1941
Standard deviations source end year= 1960
Standard deviations=   0.5   0.5   0.3   0.5   0.7   1.0   0.8   0.9   0.8   0.6   0.9   0.4 
Obs:
1935  24.8  24.1  24.7  23.3  22.8  19.3  18.9  18.1  23.4  25.7  24.1  24.4 
1936  22.5  22.3  21.9  20.0  19.7  17.2  16.3  18.4  22.2  25.8  25.4  22.9 
1937  21.8  21.2  20.6  21.1  18.5  16.3  15.0  16.6  20.6  22.3  23.5  21.4 
1938  21.7  21.1  20.8  21.5  18.3  15.9  16.9  18.4  22.1  24.1  22.7  21.6 
1939  21.3  21.3  20.9  19.9  18.9  15.8  16.4  18.8  20.8  23.4  22.1  21.6 
1940  21.4  21.3  21.5  20.8  18.2  16.6  15.6  18.8  22.4  22.8  22.5  22.6 
1941  21.9  22.3  21.6  21.7  18.8  16.7  16.6  18.7  22.6  24.6  22.7  22.0 
1942  22.2  22.3  21.9  20.0  18.9  17.6  15.8  19.2  22.2  22.8  21.9  21.7 
1943  21.5  21.1  21.4  21.3  19.1  15.8  16.5  19.0  21.5  24.1  23.2  21.5 
1944  21.3  21.3  21.1  19.8  17.5  16.4  15.8  17.7  21.1  24.1  22.2  21.7 
1945  21.4  21.3  21.6  20.1  17.1  13.3  14.5  16.3  20.7  23.7  23.2  21.9 
1946  21.7  22.0  21.0  19.6  17.7  14.2  14.4  16.2  21.1  23.9  22.8  21.9 
1947  21.4  21.2  21.3  20.7  17.4  14.7  14.6  17.1  21.0  23.2  23.3  21.4 
1948  21.0  21.6  21.2  20.4  17.9  14.9  15.3  17.4  19.8  23.3  22.4  21.9 
1949  22.3  20.9  21.4  19.9  17.6  15.6  15.9  18.7  21.3  22.6  23.4  21.6 
1950  21.3  21.2  20.9  20.1  16.2  15.9  15.7  16.6  20.3  21.8  22.1  21.7 
1951  20.9  20.7  21.5  20.3  17.7  14.6  14.5  17.8  20.9  23.5  22.4  21.4 
1952  22.1  21.2  20.8  20.1  17.1  15.9  15.3  17.7  21.3  23.2  21.7  21.7 
1953  21.7  21.7  21.6  20.4  17.8  14.6  14.9  17.7  20.0  23.6  24.2  21.9 
1954  21.6  21.9  21.4  19.9  18.6  14.7  14.9  18.2  21.9  23.8  22.4  21.7 
1955  21.3  21.7  21.2  20.1  17.7  15.6  15.7  17.5  21.1  23.6  23.3  21.6 
1956  20.9  21.2  21.7  20.3  17.9  15.7  14.8  18.5  20.9  23.4  21.7  20.9 
1957  21.2  21.3  21.4  20.4  17.4  14.9  16.4  18.9  22.6  24.3  25.3  22.4 
1958  22.4  22.4  21.7  21.3  18.1  15.7  14.6  17.4  22.6  24.4  24.1  22.5 
1959  22.4  21.7  21.3  20.8  19.1  16.5  17.1  18.2  21.8  23.9  23.6  22.2 
1960  21.8  21.4  20.9  20.4  18.4  16.9  15.3  18.8  21.3  23.8  23.2  22.5 
