Number= 467330
Name= AMOY
Country= CHINA
Lat=   24.4
Long= -118.1
Height= 5
Start year= 1915
End year= 1942
First Good year= 1915
Source ID= 10
Source file= Jones
Jones data to= 1942
Normals= -99.0 -99.0 -99.0 -99.0 -99.0 -99.0 -99.0 -99.0 -99.0 -99.0 -99.0 -99.0 
Obs:
1915  13.2  12.9  15.2  19.3  21.7  27.4  29.1  30.0  27.6  26.2  21.2 -99.0 
1916 -99.0 -99.0 -99.0 -99.0 -99.0 -99.0 -99.0 -99.0 -99.0 -99.0 -99.0 -99.0 
1917  13.3  13.5  14.4  18.7  22.2  27.5  28.0  29.6  29.2  24.7  19.7  14.4 
1918  11.3  14.2  15.3  19.7  22.6  26.0  28.5  27.3  27.5  24.5  20.5  18.2 
1919  14.3  12.5  17.7  19.9  23.9  28.1  28.9  29.7  27.2  23.5  19.4  15.4 
1920  13.6  12.9  15.2  18.4  23.1  25.9  28.4  28.7  28.7  24.7  21.1  17.8 
1921  15.5  14.6  16.0  20.5  23.1  26.9  28.8  29.2  27.1  23.8  20.4  17.4 
1922  15.3  15.1  15.6  18.9  24.2  26.7  29.5  28.7  27.7  24.1  19.8  15.8 
1923  14.2  12.6  16.6  19.5 -99.0 -99.0 -99.0 -99.0 -99.0 -99.0 -99.0 -99.0 
1924  14.6  13.1  15.2  19.3  25.3  26.2  28.9  28.9  27.5  24.9  19.6  16.2 
1925  13.6  12.2  15.8  16.7  23.5  27.7  29.2  29.5  28.3  24.6  21.7  16.6 
1926  14.9  13.7  16.0  18.8  23.6  25.7  29.3  30.0  29.3  24.6  20.6  16.7 
1927  14.0  12.6  14.2  17.9  22.8  26.8  28.4  29.2  27.2  24.6  21.2  17.4 
1928  14.7  13.2  15.6  20.1  23.9  26.2  30.4  28.8  28.4  24.7  20.6  18.2 
1929  14.9  13.2  15.8  19.7  24.4  28.1  28.4  28.6  27.9  24.2  19.3  17.2 
1930  12.0  13.0  14.9  20.5  24.6  27.3  28.6  28.2  27.0  23.9  19.4  16.2 
1931  13.6  13.4  15.9  19.3  23.6  26.8  28.9  29.5  28.1  24.3  21.2  16.2 
1932  14.2  12.3  15.1  19.4  25.9  26.7  29.1  28.7  26.9  24.3  20.4  16.3 
1933  12.3  13.4  15.2  20.3  24.7  26.9  29.1  30.1  29.1  25.0  20.0  16.3 
1934  12.1  13.7  15.7  18.5  24.5  26.8  28.8  29.1  29.1  24.6  20.1  17.7 
1935  14.5  14.7  17.6  19.0  24.0  27.2  28.6  28.7  26.8  26.1  22.0  16.0 
1936  13.4  13.1  12.6  19.3  23.1  27.6  29.7  29.4  28.1  24.2  20.8  17.4 
1937  15.4  14.4  15.5  20.6  24.7  26.6  29.6  28.5  29.1  25.6  21.8  17.2 
1938  14.6  13.7  15.3  21.2  24.5  28.7  28.4  28.0  28.5  26.1  20.1  17.7 
1939  14.2  14.4  15.9  18.7  23.4  26.6  28.3  29.3  27.6  24.5  21.2  15.5 
1940  14.4  14.6  14.8  18.9  22.4  26.0  28.7  28.9  28.7  25.1  21.0  17.1 
1941  15.2  14.5  16.2  19.1  24.6  27.7  28.8  29.7  27.6  24.7  20.8  17.3 
1942  13.6  13.1  17.4  20.4  23.8  28.4  28.8  29.5  27.8  25.7  20.9  15.4 
