Number= 467540
Name= TAWU
Country= TAIWAN
Lat=   22.4
Long= -120.9
Height= 8
Start year= 1940
End year= 2007
First Good year= 1940
Source ID= 31
Source file= Jones+Anders
Jones data to= 2000
Normals source= Data
Normals source start year= 1961
Normals source end year= 1990
Normals=  19.9  20.6  22.3  24.7  26.8  27.9  28.6  28.1  27.2  25.9  23.7  21.1 
Standard deviations source= Data
Standard deviations source start year= 1941
Standard deviations source end year= 1990
Standard deviations=   1.0   1.0   0.9   0.8   0.8   0.8   0.6   0.5   0.5   0.6   0.6   0.9 
Obs:
1940  18.9  19.8  20.8  22.6  25.3  27.1  27.6  27.0  26.7  25.7  23.8  21.4 
1941  20.7  20.7  22.2  23.7  26.2  27.4  28.2  28.6  26.9  25.8  23.7  22.1 
1942  19.8  21.8  24.2  24.7  26.4  28.0  27.4  27.5  26.5  25.6  23.1  20.3 
1943  19.2  19.9  22.2  22.7  26.2  26.9  27.0  27.1  27.2  25.4  23.9  21.5 
1944  21.1  20.2  20.4  23.9  26.6  27.1  27.2  27.3  27.1  26.1  24.2  20.7 
1945  19.9  19.9  22.4  24.1  25.1  27.1  27.9  26.6  26.7  25.0  24.4  21.6 
1946  21.6  21.0  24.0  25.0  27.5  27.6  27.7  28.1  27.7  25.2  23.4  21.3 
1947  21.2  19.9  21.0  23.6  25.7  26.5  27.4  27.5  26.9  24.6  23.3  21.2 
1948  19.4  21.6  22.0  23.5  26.5  27.8  27.6  27.7  26.7  25.4  22.8  22.7 
1949  18.9  21.3  22.4  24.3  27.9  28.2  28.0  27.3  26.9  25.6  23.8  22.2 
1950  21.2  20.7  22.4  23.9  26.3  26.4  28.4  27.8  27.9  25.8  23.5  19.8 
1951  20.8  20.9  22.1  24.7  25.2  26.6  28.3  27.6  27.6  26.0  23.7  22.0 
1952  20.3  21.6  24.1  24.9  28.4  28.8  28.2  27.7  27.0  26.3  24.5  21.1 
1953  20.6  21.3  22.5  22.9  25.7  28.1  28.4  28.5  27.0  25.8  24.4  22.5 
1954  21.8  21.5  21.6  25.7  28.8  29.6  29.9  28.6  27.6  25.7  23.8  21.1 
1955  19.4  21.5  23.3  24.5  27.5  27.5  28.4  27.1  27.6  25.2  23.1  20.7 
1956  19.1  20.2  22.5  25.3  27.2  28.3  29.3  28.1  26.6  25.5  23.2  20.7 
1957  20.7  20.2  22.0  25.3  26.8  26.9  28.9  28.6  26.8  25.0  23.5  21.9 
1958  20.7  20.2  23.0  26.1  27.0  27.1  27.9  27.6  27.2  25.9  23.5  21.7 
1959  19.6  22.6  22.9  24.7  26.6  29.0  28.5  28.1  27.4  25.2  23.9  22.4 
1960  20.5  20.5  24.1  24.2  26.6  27.6  29.2  27.7  27.4  25.9  24.2  21.0 
1961  19.7  20.7  22.9  24.6  27.1  29.3  27.9  28.0  27.1  26.0  24.6  22.2 
1962  18.3  20.0  22.0  23.2  27.8  29.3  28.8  28.7  27.5  25.7  23.6  21.0 
1963  16.9  18.4  21.4  24.1  28.3  27.9  28.1  29.3  28.1  25.3  23.9  21.4 
1964  20.9  20.4  21.4  26.4  26.8  28.1  29.3  28.3  27.4  26.3  23.5  20.8 
1965  19.9  21.8  22.2  25.1  26.7  27.8  27.9  28.3  26.6  25.4  24.4  21.9 
1966  21.8  22.6  24.2  26.0  25.8  27.6  28.0  28.2  26.7  25.9  24.3  22.3 
1967  19.8  20.0  22.2  25.0  27.5  27.6  29.0  28.5  26.8  25.0  24.0  18.7 
1968  19.4  18.1  21.4  23.5  26.4  27.1  28.8  28.0  26.1  24.5  22.6  21.7 
1969  20.9  20.0  22.2  24.3  26.9  27.1  28.4  27.6  27.4  24.6  22.7  20.3 
1970  19.2  20.5  21.4  24.4  27.1  28.1  28.8  27.8  27.8  26.4  23.9  22.5 
1971  18.9  20.0  21.5  24.1  25.9  28.7  28.8  27.8  27.5  25.5  23.3  21.2 
1972  20.2  20.8  21.3  23.6  26.7  27.8  27.9  27.3  27.4  26.0  24.2  21.8 
1973  20.9  23.2  23.0  25.7  28.0  28.6  27.9  27.1  27.5  26.3  23.8  20.1 
1974  20.1  19.2  21.5  24.7  27.2  27.2  28.9  27.5  26.8  26.3  24.2  22.7 
1975  20.2  20.9  22.1  25.4  27.1  27.7  29.0  28.0  27.5  26.5  23.4  20.3 
1976  19.3  21.2  21.7  24.9  26.3  28.3  28.1  28.1  27.0  26.1  22.8  21.4 
1977  20.5  19.5  22.8  26.0  27.4  27.9  28.5  28.5  27.5  26.0  22.9  22.0 
1978  19.7  19.7  22.6  24.8  26.7  28.5  29.2  27.6  27.5  25.4  23.1  21.2 
1979  20.9  21.4  22.6  24.9  25.7  27.1  29.2  28.2  27.2  25.1  22.7  21.2 
1980  19.5  20.5  23.9  24.7  27.0  29.2  29.0  28.5  27.4  26.0  24.3  20.3 
1981  19.2  20.9  22.8  25.4  25.9  27.3  28.2  29.2  26.9  26.2  23.6  20.0 
1982  19.6  20.9  23.3  23.3  27.1  28.3  28.5  28.1  27.3  25.9  24.1  20.8 
1983  20.2  20.4  21.9  25.7  26.3  28.5  29.7  28.1  28.2  27.0  23.1  19.8 
1984  19.3  20.1  22.5  24.5  25.8  28.2  28.4  27.8  27.5  26.0  24.2  20.7 
1985  19.6  21.6  23.2  24.2  27.0  26.6  28.0  27.9  26.8  26.4  23.1  21.1 
1986  18.8  18.8  21.4  25.0  25.6  27.2  28.5  28.3  26.6  25.4  24.0  20.7 
1987  19.5  20.5  23.0  24.7  27.1  27.4  28.8  28.6  26.8  26.5  24.7  21.1 
1988  21.3  21.3  23.4  23.7  27.5  28.3  28.6  28.0  27.9  26.3  21.9  19.8 
1989  20.8  20.7  21.1  24.3  25.5  27.3  28.4  28.0  27.9  26.9  24.4  21.6 
1990  21.5  23.0  23.2  24.4  27.0  27.9  29.0  28.6  26.6  25.8  24.8  22.1 
1991  21.1  21.0  24.2  25.2  27.4  29.0  29.4  28.9  26.9  24.8  22.9  21.1 
1992  20.1  19.9  23.7  24.7  26.0  29.1  28.8  28.6  27.7  25.3  22.7  22.4 
1993  20.2  21.0  21.7  24.9  27.1  28.9  29.4  28.6  27.3  25.6  24.5  21.7 
1994  20.5  21.2  22.2  26.0  26.8  28.1  28.2  27.8  26.6  25.5  24.4  23.2 
1995  19.7  18.9  21.5  25.2  25.6  28.6  27.5  27.3  27.2  26.3  22.8  20.6 
1996  20.0  19.7  22.9  22.1  24.6  28.3  28.6  27.7  27.3  25.4  24.9  20.6 
1997  19.6  20.1  22.4  24.3  26.2  26.4  27.5  27.7  26.1  25.6  24.0  21.9 
1998  21.3  21.6  22.9  25.2  26.8  27.8  29.1  29.0  27.5  26.7  24.9  22.9 
1999  21.0  20.3  23.8  24.3  25.2  27.8  28.9  27.4  26.8  26.0  23.6  21.1 
2000  20.9  20.6  22.5  24.7  25.7  27.9  28.0  27.6  26.8  26.6 -99.0 -99.0 
2001 -99.0 -99.0 -99.0 -99.0 -99.0 -99.0 -99.0 -99.0 -99.0 -99.0 -99.0 -99.0 
2002 -99.0 -99.0 -99.0 -99.0 -99.0 -99.0 -99.0 -99.0 -99.0 -99.0 -99.0 -99.0 
2003 -99.0 -99.0 -99.0 -99.0 -99.0 -99.0 -99.0 -99.0 -99.0 -99.0 -99.0 -99.0 
2004 -99.0 -99.0 -99.0 -99.0 -99.0 -99.0 -99.0 -99.0 -99.0 -99.0 -99.0 -99.0 
2005 -99.0 -99.0 -99.0 -99.0 -99.0 -99.0 -99.0 -99.0 -99.0 -99.0 -99.0 -99.0 
2006 -99.0 -99.0 -99.0 -99.0 -99.0 -99.0 -99.0 -99.0 -99.0 -99.0 -99.0 -99.0 
2007 -99.0 -99.0 -99.0 -99.0 -99.0 -99.0 -99.0 -99.0 -99.0 -99.0 -99.0 -99.0 
