Number= 030680
Name= GORDON CASTLE
Country= UK
Lat=   57.6
Long=    3.1
Height= 32
Start year= 1900
End year= 1975
First Good year= 1900
Source ID= 10
Source file= Jones
Jones data to= 1975
Normals source= Extrapolated
Normals source start year= 1951
Normals source end year= 1970
Normals=   3.4   3.2   5.3   7.1   9.8  12.8  13.9  13.7  12.2   9.8   5.8   4.0 
Standard deviations source= Data
Standard deviations source start year= 1941
Standard deviations source end year= 1975
Standard deviations=   1.6   1.8   1.8   1.2   1.1   0.9   1.0   1.2   1.1   1.1   1.1   1.3 
Obs:
1900   3.8   0.5   3.0   7.2   9.2  12.8  14.4  13.7  12.3   7.6   5.8   5.8 
1901   3.4   2.6   3.9   7.3  10.3  11.8  16.3  14.2  12.8   8.2   5.5   2.8 
1902   3.3   1.5   5.8   6.8   7.2  11.7  12.1  12.1  11.8   8.4   7.2   4.0 
1903   2.9   6.1   5.8   5.3   9.8  11.7  13.0  12.4  11.9   8.7   5.5   2.4 
1904   4.3   2.1   4.0   7.5   9.6  12.9  14.6  13.7  11.7   9.1   5.2   4.1 
1905   4.6   4.1   5.5   5.0   9.6  13.5  15.0  13.1  11.1   6.5   4.7   5.7 
1906   4.4   2.2   3.4   6.1   8.0  13.1  13.7  14.1  12.4   8.8   7.0   3.4 
1907   3.7   3.1   6.1   6.5   8.8  11.2  12.0  11.8  12.6   8.6   5.4   3.3 
1908   3.4   4.7   3.5   4.9  10.8  13.1  13.4  12.5  12.1  11.7   6.7   4.4 
1909   3.7   3.9   1.9   6.7   9.2  10.6  13.1  13.5  10.6   8.2   4.6   2.0 
1910   1.9   3.7   6.3   5.3   9.5  12.2  12.4  13.6  11.1   9.2   2.6   5.3 
1911   4.4   4.2   4.2   6.8  11.0  12.8  14.8  15.1  12.2   7.2   4.6   5.0 
1912   3.3   4.3   6.3   8.2   9.7  12.3  13.8  11.3  10.0   7.6   5.4   4.5 
1913   3.3   4.8   4.7   6.9  10.0  13.0  13.1  13.6  11.5   9.9   7.0   4.5 
1914   3.3   6.2   4.4   9.5   9.6  12.8  14.9  14.3  12.2   9.5   5.8   2.5 
1915   3.0   3.4   4.5   6.8   8.5  12.0  13.4  14.2  12.5   8.5   3.3   2.4 
1916   6.4   3.0   2.3   7.2   9.7  10.3  14.2  13.5  12.1   8.8   6.8   2.9 
1917   2.0   3.1   3.2   4.1  10.3  13.2  14.9  14.9  12.5   6.6   7.0   3.1 
1918   2.1   6.2   5.6   5.9  11.6  12.2  13.7  14.6   8.9   9.0   5.4   4.8 
1919   2.9   1.1   2.3   6.9  12.0  12.7  12.6  13.7  11.7   8.1   1.9   3.4 
1920   3.3   5.6   6.0   6.6  10.5  13.1  13.2  12.6  11.5  10.0   7.6   3.4 
1921   5.0   5.5   5.9   7.7  10.4  12.2  15.1  12.7  12.4  11.3   4.4   5.7 
1922   2.7   3.9   4.4   4.6  10.4  11.8  12.3  12.3  10.9   8.2   6.2   4.7 
1923   5.6   4.2   6.1   6.0   7.3  11.0  15.5  13.1  10.8   8.2   3.0   3.0 
1924   4.3   4.2   3.2   6.3   8.9  11.9  14.5  13.6  11.6   8.8   6.9   6.5 
1925   4.8   3.7   4.4   6.5  10.4  13.4  15.6  14.2  10.5   9.5   4.3   1.3 
1926   4.6   5.0   5.7   8.7   8.6  12.8  15.3  14.6  12.4   6.5   4.9   4.9 
1927   3.8   5.0   6.8   6.2   7.9  10.0  15.4  14.5  10.6   8.7   5.3   0.7 
1928   4.0   4.9   4.6   7.2   9.4  10.5  14.0  13.8  11.3   8.6   6.3   3.9 
1929   1.7   1.6   7.3   5.6  10.7  11.4  14.2  13.7  13.4   7.9   6.0   4.6 
1930   4.1   2.5   3.5   7.1   9.2  14.1  14.2  14.6  12.5   8.5   4.4   4.7 
1931   2.9   3.2   2.9   6.7  10.4  11.6  14.3  12.8  11.1   8.9   7.6   5.7 
1932   6.1   5.0   4.7   5.5   9.2  12.7  14.8  14.9  11.4   7.2   5.3   5.1 
1933   2.8   3.2   7.2   8.1  10.4  14.8  17.0  16.1  13.2   9.2   6.0   3.9 
1934   5.5   6.2   4.4   6.7  10.0  12.8  16.4  14.2  12.7   8.7   5.7   6.6 
1935   5.1   4.5   6.3   6.4   8.6  13.0  14.9  15.2  11.4   8.0   5.2   1.9 
1936   2.0   2.6   6.0   5.6  10.0  13.3  14.8  15.1  12.8   8.5   5.3   4.8 
1937   4.3   3.1   2.0   7.9  11.3  12.6  14.1  14.8  11.9   9.3   5.6   2.2 
1938   4.8   5.0   9.2   7.8   9.3  12.2  13.9  14.6  12.8   9.5   7.3   3.9 
1939   2.3   6.2   5.6   7.1  10.7  13.4  13.6  15.1  12.8   7.4   6.4   3.6 
1940   0.7   2.9   5.0   6.6  12.2  14.9  13.2  13.5  10.6   8.7   5.7   3.5 
1941  -0.6   2.2   3.4   5.2   8.7  13.0  15.0  12.9  13.8   8.8   5.5   5.3 
1942   1.7   1.8   4.2   7.8   9.5  12.2  14.1  14.6  11.7   8.5   5.6   5.9 
1943   3.5   6.2   6.7   8.8  10.0  13.2  13.8  12.9  11.6  10.3   5.7   3.8 
1944   5.1   3.7   5.3   9.2   9.5  11.7  14.5  15.4  11.1   8.3   4.0   3.9 
1945   0.1   6.0   8.8   8.5  10.5  13.2  15.4  14.0  13.3  10.7   7.0   5.0 
1946   3.1   4.4   5.1   8.5   9.4  12.3  14.4  13.5  12.8   8.0   6.3   3.3 
1947   2.9  -1.2   1.2   7.3  11.7  13.3  15.5  17.6  12.7  10.0   5.4   4.2 
1948   2.4   4.2   8.5   8.2  10.1  12.4  14.5  13.0  12.2   8.6   7.2   5.2 
1949   4.7   5.7   4.2   9.0  10.2  12.1  14.9  14.3  13.8  10.2   5.7   3.7 
1950   4.4   3.2   6.9   6.1   9.4  14.0  14.7  14.7  11.4   8.8   4.0   1.2 
1951   2.8   2.6   3.3   4.9   8.4  11.5  14.3  13.3  12.5  10.3   7.0   4.5 
1952   1.2   3.6   5.8   8.6  11.4  11.8  14.5  13.7   9.4   7.9   3.4   3.4 
1953   5.1   5.3   7.0   6.4  10.9  13.0  14.1  14.6  14.1  10.4   7.8   5.9 
1954   3.5   2.3   4.9   7.6  10.8  12.6  13.4  13.5  11.1   9.5   5.9   5.1 
1955   1.7  -0.5   3.6   8.7   8.4  12.6  16.4  16.2  13.5   8.6   7.6   3.5 
1956   2.1   1.8   5.7   5.9  11.6  12.0  13.8  11.8  11.7 -99.0   6.1   6.0 
1957   5.2   3.5   8.2   8.5   9.5  13.4  13.6  13.4  10.7  10.6   6.3   4.5 
1958   2.7   2.4   2.2   6.7   9.2  12.5  14.2  14.0  13.9  10.4   6.6   4.3 
1959   1.0   4.4   6.7   7.9  10.7  13.5  15.2  15.7  13.1  11.2   6.3   4.0 
1960   3.0   2.2   5.0   8.5  11.4  14.2  13.4  12.8  11.3   8.9   5.3   2.7 
1961   2.6   5.6   8.4   7.9   8.9  12.3  12.8  13.1  12.8   9.3   4.7   0.9 
1962   3.9   4.1   1.9   6.0   8.6  12.6  12.3  12.5  11.0  10.4   5.4   3.6 
1963  -0.4   0.4   6.1   7.8   9.3  13.1  13.7  12.6  12.1  10.1   5.8   3.9 
1964   5.4   4.8   4.3   7.9  11.4  12.1  14.0  13.0  12.2   8.8   6.8   3.4 
1965   2.5   4.3   4.7   7.4   9.5  12.9  11.5  13.4  11.8  10.1   3.7   2.6 
1966   2.9   2.9   6.5   5.2  10.0  14.3  13.0  12.9  13.4   8.9   4.7   3.8 
1967   4.2   5.3   6.0   7.3   8.7  13.2  15.4  13.9  13.0   8.5   6.0   4.6 
1968   3.6   1.6   5.6   7.4   7.8  13.6  12.6  13.2  12.3  10.6   5.4   3.8 
1969   4.7   0.3   2.9   6.4   9.1  13.5  15.8  15.7  12.4  11.9   3.3   3.5 
1970   2.8   1.6   3.4   5.5  10.7  14.7  12.8  14.6  12.8   9.5   5.4   4.4 
1971   5.0   5.2   5.4   7.3  11.2  10.4  14.3  13.9  13.2  10.2   5.8   7.4 
1972   3.6   3.9   6.1   7.5  10.1  11.3  14.1  13.5  10.5  10.5   5.8   5.5 
1973   4.8   3.9   6.7   5.5   9.8  13.9  14.5  15.0  12.1   8.5   5.4   3.8 
1974   5.7   5.2   5.4   7.5  10.3  12.2  13.3  14.1  10.8   7.3   5.9   6.1 
1975   4.9   3.6   4.1   6.9   8.0 -99.0 -99.0 -99.0 -99.0 -99.0 -99.0 -99.0 
