Number= 030882
Name= BEN NEVIS
Country= UK
Lat=   56.8
Long=    5.1
Height= 1343
Start year= 1884
End year= 1903
First Good year= 1884
Source ID= 10
Source file= Jones
Jones data to= 1903
Normals= -99.0 -99.0 -99.0 -99.0 -99.0 -99.0 -99.0 -99.0 -99.0 -99.0 -99.0 -99.0 
Obs:
1884  -3.6  -4.8  -4.1  -2.7   0.3   2.8   5.0   5.7   4.3   0.4  -3.3  -4.3 
1885  -4.5  -4.7  -5.4  -2.8  -2.8   1.9   5.6   4.3   1.3  -3.1  -1.8  -3.4 
1886  -6.7  -6.1  -5.5  -2.9  -0.8   2.3   3.7   4.5   2.4   1.4  -1.3  -6.6 
1887  -3.9  -2.6  -4.4  -3.4   0.2   7.6   5.3   4.6   2.6  -1.8  -3.3  -5.1 
1888  -1.8  -6.2  -6.2  -3.6   0.1   4.2   3.8   3.8   4.0   0.9  -2.6  -2.1 
1889  -2.6  -5.9  -4.2  -3.4   3.4   6.2   4.9   3.7   3.2  -0.9  -0.9  -2.9 
1890  -2.8  -4.0  -3.7  -3.1   1.8   2.4   2.8   3.7   5.5   0.9  -2.6  -5.4 
1891  -4.9  -0.8  -6.7  -4.4  -1.2   6.2   4.8   3.9   3.8  -0.3  -2.2  -3.1 
1892  -5.7  -5.2  -6.5  -2.3   0.6   2.2   4.8   3.9   1.3  -2.7  -1.2  -4.4 
1893  -4.9  -4.6  -1.9   1.6   3.0   5.8   5.6   6.4   2.3  -0.1  -3.4  -2.9 
1894  -5.7  -4.4  -2.1  -0.5  -1.6   3.4   6.3   4.0   2.9   0.4  -0.4  -2.4 
1895  -8.1  -7.4  -4.1  -1.2   2.4   4.3   3.4   5.1   6.3  -2.7  -2.1  -4.9 
1896  -2.1  -2.2  -3.8  -1.4   3.8   5.1   4.7   3.7   2.8  -2.9  -1.2  -3.8 
1897  -6.7  -3.2  -4.2  -3.7   0.2   4.6   7.3   5.9   1.7   2.4   0.9  -2.6 
1898  -1.5  -5.3  -4.8  -1.2  -0.4   3.8   4.7   4.9   5.9   2.1  -1.7  -2.1 
1899  -4.6  -3.1  -3.7  -3.1   0.0   6.5   6.2   9.3   1.9   0.9   0.2  -4.6 
1900  -4.3  -7.3  -5.3  -1.7   0.2   5.4   5.7   4.9   4.3  -0.9  -1.8  -2.0 
1901  -4.4  -5.6  -4.8  -1.9   3.5   2.7   8.8   4.8   3.9  -0.6  -2.0  -4.9 
1902  -4.4  -5.5  -3.4  -2.7  -2.4   4.2   3.2   3.3   3.7   0.2  -1.2  -3.3 
1903  -5.7  -2.6  -4.1  -4.2   0.8   3.7   4.3   3.1   2.9  -0.2  -2.1  -4.3 
