Number= 031620
Name= ESKDALEMUIR
Country= UNITED KINGDO
Lat=   55.3
Long=    3.2
Height= 242
Start year= 1931
End year= 2011
First Good year= 1931
Source ID= 10
Source file= Jones+Anders
Jones data to= 2001
Normals source= Data
Normals source start year= 1961
Normals source end year= 1990
Normals=   1.8   1.8   3.5   5.7   8.6  11.6  13.1  12.8  10.7   8.2   4.2   2.6 
Standard deviations source= Data
Standard deviations source start year= 1941
Standard deviations source end year= 1990
Standard deviations=   1.7   1.9   1.5   1.1   1.0   0.9   1.0   1.1   1.0   1.2   1.1   1.5 
Obs:
1931   0.9   1.8   1.7   5.3   8.7  10.5  13.1  11.9   8.7   6.5   5.8   4.2 
1932   4.5   2.3   2.9   4.2   8.1  11.8  13.4  13.3   9.7   5.7   4.3   4.4 
1933   0.5   2.2   4.9   6.7  10.0  13.1  15.2  14.1  12.3   7.6   3.5   1.4 
1934   2.8   3.9   2.3   4.9   8.6  12.2  15.2  12.3  11.4   7.6   3.9   5.9 
1935   2.8   2.9   5.1   5.4   7.9  12.0  13.4  13.3   9.9   6.5   3.9   0.3 
1936   0.9   0.5   4.3   4.2   9.2  12.3  13.0  13.2  12.2   7.1   3.3   3.4 
1937   3.2   2.2   0.3   7.1   9.8  11.4  13.4  13.8  10.2   7.9   3.8   0.3 
1938   3.6   3.3   6.7   5.6   7.8  11.0  11.8  13.1  11.1   8.0   6.4   2.6 
1939   1.3   3.6   4.2   6.2   9.4  12.0  12.9  13.8  11.2   6.1   5.6   1.9 
1940  -2.7   0.8   3.1   5.6  10.2  13.3  12.2  12.3   9.2   7.5   4.8   2.4 
1941  -1.8   0.3   2.1   4.2   7.4  11.8  13.3  12.0  12.4   8.0   4.4   3.6 
1942  -0.3  -1.7   2.3   6.6   8.3  10.9  12.4  13.3  10.4   7.5   3.4   4.5 
1943   2.4   4.7   4.6   7.5   8.4  11.4  12.9  12.1  10.0   8.1   4.3   2.5 
1944   3.8   1.9   3.7   7.6   8.2  11.1  13.7  13.6   9.3   6.5   3.5   2.5 
1945  -1.2   4.6   5.5   6.7   8.8  11.5  13.8  13.2  11.3   9.2   5.9   3.0 
1946   0.6   3.3   3.2   6.8   8.7   9.9  12.8  11.4  11.0   7.1   5.8   1.3 
1947   0.9  -2.8   0.1   5.1  10.1  12.4  13.7  15.9  10.9   8.7   4.3   3.4 
1948   1.9   2.7   6.1   6.4   8.7  11.2  13.4  11.7  10.8   7.4   5.2   3.2 
1949   3.2   3.5   3.5   7.3   8.5  12.4  13.7  13.8  13.3   9.1   4.7   3.5 
1950   2.6   1.7   4.9   4.3   9.2  12.7  13.1  12.5   9.8   7.3   3.0  -0.6 
1951   1.4   1.1   1.2   4.0   7.4  11.2  13.5  12.2  11.4   8.1   6.0   3.1 
1952  -0.7   1.7   4.5   7.2  10.8  11.1  13.6  13.2   8.5   6.6   2.4   1.3 
1953   2.7   3.2   4.2   4.5  10.6  12.6  12.6  12.8  11.7   7.9   6.4   4.9 
1954   1.5  -0.1   3.5   5.7   9.6  11.1  11.5  11.8   9.2   8.8   4.5   4.0 
1955   0.3  -1.1   1.2   7.5   7.3  10.8  15.4  15.0  11.6   6.4   5.7   2.9 
1956   0.7  -0.3   4.5   4.5   9.2  10.9  13.1  10.4  11.8   7.9   4.6   4.4 
1957   3.1   2.1   6.8   6.7   8.3  12.2  14.2  13.1   9.7   8.1   5.3   2.8 
1958   0.9   1.9   1.5   5.6   7.8  11.3  13.8  13.5  12.8   8.6   4.7   2.1 
1959  -0.7   3.3   5.6   6.3  10.8  12.4  13.4  14.5  11.9  10.6   5.4   3.7 
1960   2.1   1.1   4.6   7.3  10.5  13.4  12.6  12.7  10.5   8.8   4.7   1.7 
1961   1.1   4.6   6.4   7.5   9.1  11.3  12.3  12.1  12.5   8.3   4.4   0.0 
1962   2.2   3.1   0.8   5.6   8.3  10.7  11.9  11.9  10.4   8.5   3.3   0.9 
1963  -1.9  -2.5   4.1   6.3   7.9  12.5  12.7  12.0  10.2   8.6   4.9   1.9 
1964   2.8   2.7   2.7   6.9  10.3  11.5  12.9  12.5  11.3   7.1   5.1   1.5 
1965   1.1   2.2   2.8   5.9   9.1  12.1  11.1  12.1  10.2   8.9   2.3   1.9 
1966   1.3   2.1   4.9   4.3   8.8  13.1  12.5  11.9  11.9   7.4   3.8   2.6 
1967   2.9   3.3   4.7   6.1   7.5  12.1  12.8  13.1  11.3   7.9   3.9   2.9 
1968   2.5  -1.1   4.1   5.9   7.2  12.5  12.5  12.9  11.3  10.2   4.5   1.9 
1969   3.3  -0.9   0.9   5.1   8.6  11.7  13.5  14.1  11.3  10.9   2.1   1.6 
1970   1.5   0.1   2.3   4.1  10.0  13.7  12.2  13.8  11.5   8.4   4.9   2.9 
1971   2.9   3.4   3.3   5.7   8.7   9.9  13.6  12.7  11.9   9.1   4.1   5.7 
1972   2.1   2.3   4.3   6.5   8.3   9.3  13.2  11.6   8.9   8.5   3.1   3.5 
1973   2.3   2.0   4.5   4.1   8.5  12.4  13.1  12.7  11.0   6.7   3.1   2.5 
1974   3.9   3.4   3.4   5.7   8.7  10.7  12.1  12.0   9.0   5.8   4.3   5.4 
1975   4.1   2.9   3.2   6.4   7.1  11.9  14.1  15.7  10.1   8.1   4.1   3.9 
1976   3.8   3.1   2.5   6.4   8.8  12.6  14.8  13.9  10.6   8.2   4.1  -0.3 
1977   0.2   1.9   4.3   5.1   7.9  10.5  13.6  12.5  10.3   9.7   3.5   3.9 
1978   0.3  -0.1   4.1   4.5   9.9  11.0  11.9  12.5  11.4   9.8   6.2   1.7 
1979  -2.1  -0.5   1.9   5.1   6.5  11.7  12.3  11.9  10.1   9.0   4.1   3.1 
1980   0.3   3.1   1.9   6.7   8.6  10.8  11.9  12.5  11.6   6.3   4.7   3.7 
1981   2.3   1.4   4.7   6.0   9.5  11.1  12.8  13.6  11.4   4.7   5.5  -2.4 
1982   0.3   3.2   3.8   7.1   8.9  12.2  14.2  13.1  10.9   8.0   4.8   1.8 
1983   4.3   0.5   4.4   4.5   8.1  11.6  16.1  14.5  10.6   7.6   5.1   4.2 
1984   0.5   2.1   3.3   6.1   8.6  12.2  14.5  14.4  10.5   8.5   5.9   3.5 
1985  -0.3   0.9   2.3   6.1   8.6  10.0  12.9  11.8  11.1   8.4   1.3   3.8 
1986   0.8  -1.9   3.1   3.6   8.4  12.1  12.5  10.6   9.0   8.0   5.4   3.3 
1987  -0.8   1.8   2.1   7.1   7.8  10.1  13.4  12.9  10.2   6.7   4.4   3.5 
1988   2.8   3.0   3.8   5.7   9.1  12.7  12.3  12.6  10.3   8.1   3.4   5.4 
1989   5.0   3.6   4.3   4.4   9.5  11.7  15.2  13.1  10.4   9.1   4.6   1.9 
1990   4.3   4.5   5.9   5.7  10.2  11.1  13.7  14.1   9.7   9.0   4.4   1.9 
1991   0.9   0.8   5.6   5.6   9.1   9.5  15.1  13.9  11.1   7.7   4.5   2.6 
1992   2.2   3.8   5.0   6.1  10.8  13.3  12.8  12.1  10.9   5.0   4.6   1.8 
1993   3.2   4.3   4.3   6.7   8.4  12.2  12.3  11.4   9.8   5.7   2.6   1.9 
1994   2.4   0.9   4.3   5.1   7.8  11.2  14.0  12.2   9.8   7.7   7.4   4.0 
1995   1.8   3.7   2.5   6.4   9.0  12.4  14.7  15.6  11.1  10.7   5.9   0.3 
1996   3.5   1.2   2.6   6.0   6.7  11.5  13.2  14.2  11.4   9.0   3.0   1.3 
1997   1.3   4.1   6.0   7.0   8.7  11.3  14.2  15.7  11.1   8.0   6.8   3.8 
1998   3.1   6.0   5.7   5.5  10.6  11.0  12.9  13.0  12.3   7.5   4.0   3.7 
1999   3.1   3.3   4.9   7.1  10.3  11.3  14.5  13.3  12.9   8.3   5.8   1.8 
2000   3.0   3.7   5.7   5.7   9.8  11.2  13.2  13.4  12.1   7.7   4.6   3.2 
2001   1.9   1.8   1.9   5.2  10.4  11.0  13.9  12.9  11.0  11.1   5.9   2.2 
2002   3.9   4.2   5.2   6.9   9.6  11.9  12.8  14.7  11.7   6.9   6.0   3.5 
2003   2.6   2.3   5.5   8.3   9.4  13.2  14.9  15.0  11.5   7.0   6.6   2.9 
2004   3.2   3.3   4.4   7.4  10.3  12.7  13.2  15.1  12.0   8.2   6.0   4.0 
2005   4.6   3.1   5.5   6.8   8.6  12.7  14.0  13.3  12.1  10.0   3.9   3.1 
2006   2.9   3.1   2.3   6.1   9.3  13.2  16.5  13.5  13.7  10.5   6.0   4.1 
2007   4.6   4.0   5.2   9.0   9.3  12.7  13.2  13.1  11.3   9.3   6.0   2.9 
2008   3.7   4.1   4.0   5.8  11.4  11.7  14.7  14.0  11.0   7.3   5.1   1.9 
2009   1.8   2.7   5.0   7.8   9.6  13.1  14.4  14.1  11.9   9.0   5.8   0.6 
2010  -0.6   0.8   3.9   6.7   8.5  13.4  13.5  13.0  11.9   8.3   3.0  -2.1 
2011   1.6   3.9   4.2   9.5   9.4 -99.0 -99.0 -99.0 -99.0 -99.0 -99.0 -99.0 
