Number= 033400
Name= SHEFFIELD
Country= UK
Lat=   53.4
Long=    1.5
Height= -999
Start year= 1882
End year= 1978
First Good year= 1882
Source ID= 10
Source file= Jones
Jones data to= 1978
Normals source= Data
Normals source start year= 1961
Normals source end year= 1978
Normals=   3.9   3.7   5.4   7.7  11.1  14.4  15.8  15.8  13.5  10.6   6.2   4.3 
Standard deviations source= Data
Standard deviations source start year= 1941
Standard deviations source end year= 1978
Standard deviations=   1.6   2.1   1.8   1.2   1.2   1.2   1.1   1.2   1.1   1.1   1.0   1.4 
Obs:
1882 -99.0 -99.0 -99.0 -99.0 -99.0 -99.0 -99.0 -99.0 -99.0 -99.0 -99.0   2.6 
1883   4.0   5.4   1.6   8.0  10.4  13.5  14.7  15.3  13.4   9.5   6.0   4.8 
1884   5.9   5.1   6.0   6.9  11.1  13.4  16.3  17.2  14.4   9.3   6.2   4.1 
1885   2.5   5.4   4.3   7.5   8.6  13.9  16.2  13.3  12.1   7.5   5.6   3.9 
1886   1.9   1.4   3.1   6.9   9.8  12.9  16.2  16.2  13.7  10.9   6.7   2.2 
1887   2.3   4.0   3.6   8.0   8.8  15.6  18.1  15.7  11.7   7.5   5.1   3.3 
1888   3.7   2.0   2.6   5.8  10.9  12.7  12.9  14.1  12.4   8.1   7.3   5.2 
1889   3.5   3.3   4.5   6.7  12.4  15.2  14.7  15.0  12.8   8.4   6.9   3.9 
1890   5.4   3.4   6.3   6.4  11.5  13.6  14.2  14.4  15.2  10.2   5.9  -0.2 
1891   1.8   5.1   4.1   5.2   9.2  13.9  15.0  14.2  14.4   9.4   5.6   4.0 
1892   2.2   2.9   2.5   7.2  11.0  12.9  13.3  15.1  12.2   7.2   6.4   2.2 
1893   2.5   4.3   8.0   9.4  12.2  14.6  15.7  17.3  12.7  10.1   5.1   4.8 
1894   3.1   4.9   6.3   9.1   8.5  13.4  15.8  14.0  11.5   8.8   8.1   5.3 
1895  -0.3  -1.3   5.3   8.2  12.0  14.4  15.2  16.0  15.8   7.3   7.3   3.7 
1896   5.2   4.8   6.4   8.9  11.5  15.8  16.2  14.0  12.7   6.9   5.0   4.0 
1897   1.2   5.3   6.4   6.5   9.7  14.6  15.8  16.1  12.0   9.8   7.5   5.1 
1898   6.9   4.7   4.2   8.0   9.4  13.4  15.1  16.2  15.3  11.4   7.2   7.1 
1899   4.8   4.9   5.5   7.7   9.2  15.2  17.1  17.2  13.1   9.7   8.7   2.2 
1900   4.1   2.4   3.3   8.3   9.8  14.7  17.9  15.0  13.6   9.8   7.1   7.1 
1901   3.1   2.5   4.0   8.5  11.1  13.7  18.1  16.2  13.7   9.3   5.5   3.4 
1902   4.9   1.5   7.0   7.2   8.5  13.5  14.4  13.5  12.9   9.5   6.9   4.9 
1903   4.1   6.8   6.9   6.3  10.2  12.8  15.4  14.2  12.9  10.1   6.7   3.2 
1904   4.1   2.9   4.3   8.6  10.7  13.2  16.8  15.2  12.8  10.1   6.2   4.1 
1905   4.0   5.0   6.9   6.9  10.7  14.5  17.6  14.8  12.5   7.4   5.2   5.2 
1906   5.0   3.0   5.0   7.1  10.4  14.3  16.0  17.0  14.4  10.8   7.6   3.3 
1907   3.8   3.2   6.9   7.4  10.1  12.5  13.5  14.4  13.8   9.8   7.0   4.4 
1908   3.1   5.4   3.9   5.7  12.5  13.8  15.6  14.3  13.0  12.2   7.4   3.8 
1909   3.7   3.2   3.5   9.0  10.7  11.6  14.6  15.9  11.8  10.3   5.6   3.9 
1910   3.5   4.8   6.5   7.0  10.8  14.6  14.0  15.1  12.5  10.8   3.4   6.1 
1911   4.0   5.0   4.6   7.4  12.9  14.2  17.9  18.2  14.0   9.2   6.1   6.0 
1912   3.3   4.9   7.0   8.6  11.5  13.7  15.4  12.8  11.1   8.8   6.6   6.7 
1913   3.7   5.2   5.7   7.6  11.4  14.0  14.2  15.1  13.9  10.9   8.4   5.3 
1914   4.0   6.9   6.1  10.0  10.6  14.5  16.3  16.4  13.3  10.5   6.8   4.5 
1915   4.2   4.0   5.4   7.7  10.4  14.3  14.7  15.4  13.5   9.2   3.8   5.0 
1916   7.7   3.5   2.7   8.4  11.5  11.5  15.2  16.7  12.8  10.5   7.0   2.7 
1917   1.7   1.6   2.9   5.0  12.4  14.9  16.0  15.6  14.4   7.8   8.6   2.9 
1918   3.9   6.3   5.7   6.7  13.1  13.2 -99.0 -99.0 -99.0 -99.0 -99.0 -99.0 
1919 -99.0 -99.0 -99.0 -99.0 -99.0 -99.0 -99.0 -99.0 -99.0 -99.0 -99.0 -99.0 
1920   5.1   5.9   7.2   7.6  11.6  14.0  14.1  13.7  13.0  10.4   7.2   4.5 
1921   7.0   4.9   7.3   8.3  11.4  14.5  18.2  15.4  14.4  13.1   4.8   6.7 
1922   3.1   3.9   4.2   5.3  13.1  13.6  13.5  13.5  12.1   8.5   6.4   5.6 
1923   6.3   4.7   6.4   7.1   8.9  12.1 -99.0 -99.0 -99.0 -99.0 -99.0 -99.0 
1924   4.4   3.4   3.6   6.8  11.4  14.0  15.3  14.1  13.2  10.0   7.3   7.0 
1925   5.1   4.8   5.0   7.3  11.7  14.7  17.2  15.8  11.5  10.4   4.1   3.1 
1926   4.5   6.5   6.1   9.4   9.7  13.6  16.9  16.3  14.1   8.1   6.0   4.6 
1927   4.9   4.6   7.1   8.1  10.3  12.0  15.5  15.7  12.5  10.3   6.1   1.5 
1928   5.3   5.9   5.8   7.9  10.1  12.6  16.3  15.4  12.9  10.0   7.9   3.7 
1929   2.0   0.0   7.3   6.5  11.3  13.3  16.4  15.1  15.5   9.5   6.7   5.4 
1930   5.2   2.5   5.1   7.9  10.3  15.1  15.0  15.9  13.6  10.5   6.4   4.1 
1931   3.6   3.7   3.5   7.8  11.3  14.1  15.7  14.1  12.0   9.2   7.6   5.6 
1932   6.2   3.9   5.0   6.5   9.9  13.7  16.2  17.2  13.2   8.8   6.7   5.8 
1933   2.7   4.2   7.3   9.3  12.0  15.6  18.3  18.1  15.4  10.3   6.4   2.6 
1934   4.7   4.9   4.8   7.7  11.7  14.7  18.6  15.4  14.7  10.4   6.6   7.8 
1935   4.9   5.6   6.6   7.9   9.7  15.3  17.4  17.4  13.5   9.2   6.7   3.0 
1936   3.4   1.7   6.5   6.3  10.8  14.5  15.5  16.4  14.6   9.9   5.8   5.4 
1937   4.7   5.0   2.9   8.4  11.9  14.1  16.1  16.9  13.5  10.7   5.6   3.1 
1938   5.8   5.0  10.0   7.9  10.7  14.5  15.0  15.9  13.7  10.4   9.0   4.0 
1939   4.0   5.4   5.7   8.4  11.4  13.8  15.5  16.3  14.1   8.1   8.2   4.2 
1940  -0.9   1.4   6.0   8.1  12.6  17.0  15.4  15.7  12.9   9.6   6.9   4.4 
1941   0.1   2.9   4.5   6.1   9.1  15.0  17.9  14.9  14.8  10.5   6.1   6.3 
1942   1.2   0.0   4.5   8.7  11.0  14.8  15.6  16.4  13.7  10.7   6.3   6.6 
1943   4.3   6.2   7.0  10.7  12.0  14.6  16.3  15.7  13.3  10.9   6.4   4.4 
1944   6.1   3.5   5.6  10.0  11.2  13.1  16.1  16.6  12.5   9.3   6.2   4.2 
1945   1.2   7.1   8.7  10.2  12.0  14.7  17.0  15.9  14.2  12.0   7.5   5.3 
1946   3.1   5.8   5.4  10.2  10.0  13.3  16.6  14.7  13.9   9.6   8.0   3.6 
1947   1.8  -2.1   2.7   8.4  13.4  15.7  17.1  18.6  14.9  11.4   7.2   5.5 
1948   4.9   4.4   8.2   8.9  11.2  13.3  15.7  15.0  13.8  10.3   7.7   5.5 
1949   5.4   5.8   4.5   9.9  11.2  15.1  17.1  16.8  16.1  11.3   6.4   5.7 
1950   4.4   4.9   7.7   7.1  10.4  16.2  16.0  15.8  12.8   9.8   5.7   1.5 
1951   3.7   3.4   3.7   6.9   9.4  13.6  16.4  14.8  14.2  10.0   8.3   5.4 
1952   2.9   3.6   6.3   9.6  13.3  14.4  16.4  15.9  10.9   9.0   4.4   3.7 
1953   4.4   5.0   6.3   7.2  12.9  14.2  15.7  16.3  14.1   9.9   8.7   6.9 
1954   3.1   2.0   5.5   7.9  11.1  13.1  14.1  14.3  12.7  12.0   6.8   6.6 
1955   2.7   1.3   3.2   9.7   9.3  13.2  17.8  17.7  14.7   9.9   7.4   5.5 
1956   3.8   0.6   5.7   6.5  12.3  12.9  15.5  13.4  14.2   9.9   6.6   5.7 
1957   5.5   5.0   9.0   8.5  10.4  15.3  16.2  15.1  12.5  10.9   6.8   4.7 
1958   3.7   4.4   3.4   7.6  11.4  13.5  15.9  15.9  15.1  10.8   6.8   4.7 
1959   2.2   5.1   7.1   9.6  12.8  15.5  17.7  17.8  15.3  12.4   6.9   5.7 
1960   4.0   3.8   5.5   9.5  13.2  16.6  15.2  15.2  13.4   9.9   7.1   4.4 
1961   3.2   6.9   9.2   9.5  10.7  14.8  15.0  15.5  15.3  10.8   6.4   2.4 
1962   4.7   4.4   2.7   7.5   9.9  13.8  14.3  14.3  12.6  10.6   5.4   2.4 
1963  -0.8  -1.0   5.3   8.0  10.5  14.8  15.4  14.1  13.1  10.5   7.6   3.1 
1964   3.4   4.2   3.4   9.0  13.4  13.6  15.8  15.5  14.0   9.1   7.2   3.3 
1965   3.5   3.5   4.9   8.2  11.5  14.7  13.7  15.0  12.5  10.9   4.2   4.5 
1966   2.5   4.8   6.6   6.1  11.5  15.4  14.9  14.8  13.9   9.8   5.6   5.1 
1967   4.0   5.4   7.2   7.8  10.1  14.8  17.1  16.0  13.2  10.7   5.2   4.4 
1968   4.3   2.0   6.4   8.4   9.8  14.9  14.9  15.6  13.9  12.4   6.1   3.1 
1969   5.3   0.5   2.1   7.3  11.0  14.0  17.2  16.2  13.9  12.7   4.9   3.7 
1970   3.6   2.8   3.7   6.9  12.9  16.5  15.5  16.3  14.7  10.8   7.3   4.4 
1971   4.5   5.0   5.4   7.7  11.7  12.2  17.4  15.6  14.4  11.7   6.4   6.8 
1972 -99.0   3.8   6.2   8.4  10.6  12.2  15.6  15.4  11.8  10.3   6.9   5.2 
1973   4.7   4.7   7.1   7.0  11.4  15.4  15.9  16.4  14.2   9.1   6.1   4.8 
1974   5.5   5.5   5.3   7.6  11.3  13.7  15.2  15.5  12.2   7.7   6.2   7.5 
1975   6.4   4.1   4.3   8.7   9.7  14.9  17.4  19.3  13.4   9.9   6.1   5.8 
1976   5.4   4.4   4.6   8.0  11.8  17.2  18.6  17.4  13.0  10.2   5.9   2.0 
1977   2.5   3.9   6.4   7.1  10.3  12.3  15.7  15.5  13.1  11.1   5.9   5.5 
1978   3.0   1.9   6.7   6.2  11.6  13.7  14.6  15.1  14.1  12.3   8.6   2.9 
