Number= 033770
Name= WADDINGTON
Country= UNITED KINGDO
Lat=   53.2
Long=    0.5
Height= 68
Start year= 1951
End year= 2011
First Good year= 1951
Source ID= 10
Source file= Jones+Anders
Jones data to= 2001
Normals source= Data
Normals source start year= 1961
Normals source end year= 1990
Normals=   3.3   3.4   5.4   7.6  10.9  14.0  15.9  15.8  13.7  10.4   6.1   4.1 
Standard deviations source= Data
Standard deviations source start year= 1951
Standard deviations source end year= 1990
Standard deviations=   1.8   2.0   1.6   1.0   1.1   1.1   1.2   1.2   1.0   1.2   1.1   1.6 
Obs:
1951   3.1   3.2   3.9   6.6   9.6  13.3  16.4  15.1  14.3   9.5   7.9   4.9 
1952   2.3   3.1   6.2   9.3  12.8  14.4  16.5  16.5  11.2   8.7   3.9   2.9 
1953   3.3   4.3   5.6   6.9  12.4  13.6  15.4  16.1  13.8   9.3   7.9   6.2 
1954   2.3   1.2   4.9   7.1  11.1  13.1  13.9  14.3  12.4  11.7   6.3   5.9 
1955   1.9   0.2   2.6   9.1   9.1  13.2  17.1  17.8  14.4   9.5   7.1   4.9 
1956   2.5  -0.7   5.7   6.1  12.1  12.6  15.6  13.3  14.1   9.2   5.9   5.3 
1957   5.3   4.7   8.5   7.9  10.9  14.7  16.1  14.9  12.4  10.6   6.1   4.3 
1958   2.6   4.4   3.3   7.1  11.4  13.3  16.0  15.8  14.8  10.4   5.9   3.9 
1959   1.2   4.4   6.9   9.5  11.9  15.4  17.6  17.7  15.1  12.5   6.3   5.7 
1960   3.7   3.6   5.4   8.7  12.5  15.9  15.2  14.9  13.1  10.2   6.9   3.7 
1961   2.9   6.5   8.3   9.7  10.3  14.9  14.7  15.4  15.1  10.7   5.7   1.6 
1962   4.0   4.4   2.4   7.3   9.7  13.7  14.3  14.4  12.7  10.4   5.0   1.1 
1963  -1.9  -1.6   5.5   8.1  10.3  14.4  15.0  13.7  13.1  10.7   7.8   2.7 
1964   2.5   4.3   3.4   8.8  13.3  13.5  16.1  15.8  14.0   8.7   6.8   2.7 
1965   3.1   3.2   4.8   7.9  11.4  14.1  13.3  14.5  12.7  10.7   4.2   3.9 
1966   2.1   5.1   6.4   6.5  10.9  15.4  14.7  14.8  13.9  10.1   5.1   4.6 
1967   3.9   5.2   7.3   7.3   9.9  13.8  17.1  15.8  13.6  10.7   5.1   3.8 
1968   4.0   1.7   6.5   8.3   9.7  14.5  14.5  15.3  13.6  12.3   6.2   2.3 
1969   5.1   0.3   2.7   7.1  11.0  13.4  17.0  15.8  13.6  12.5   4.9   2.7 
1970   3.0   2.7   3.3   6.6  12.6  15.9  15.5  15.9  14.2  10.7   7.2   3.9 
1971   3.9   4.6   4.9   7.3  11.2  11.9  17.0  15.6  14.5  11.5   5.6   6.2 
1972   3.3   3.8   6.3   8.2  10.8  12.3  14.9  15.2  11.6  10.3   6.3   4.9 
1973   4.3   4.6   6.6   7.0  11.1  15.3  15.7  16.3  14.4   9.1   5.5   4.5 
1974   5.3   5.3   5.3   7.1  10.9  13.3  15.1  15.4  12.1   7.6   6.1   7.5 
1975   6.1   3.8   4.5   8.3   9.5  14.4  17.4  19.1  13.7   9.8   5.6   5.0 
1976   5.4   4.4   4.6   7.9  11.8  17.1  18.1  17.1  13.3  10.5   5.4   1.6 
1977   2.4   4.3   6.5   7.1   9.9  12.3  15.5  15.3  13.5  11.5   6.2   5.7 
1978   2.9   1.7   6.9   5.8  10.6  13.7  14.5  15.0  14.2  11.9   8.3   3.4 
1979  -0.5   0.7   4.3   7.7  10.2  14.1  16.1  15.3  13.9  10.9   6.5   5.4 
1980   1.9   5.1   4.4   8.5  10.3  13.9  14.3  15.7  14.7   8.7   6.5   5.1 
1981   4.2   2.6   7.5   7.1  11.1  13.3  15.9  16.2  14.8   8.1   7.2  -0.6 
1982   1.9   4.3   5.9   8.5  11.7  15.3  16.4  16.0  14.3   9.8   7.4   3.6 
1983   6.2   1.1   6.3   6.6   9.7  13.7  18.8  17.2  13.5  10.2   7.1   4.9 
1984   2.7   2.7   4.3   7.5   9.3  14.4  16.5  17.3  13.5  10.9   7.6   4.6 
1985   0.6   2.0   4.3   8.1  10.3  12.2  16.1  14.7  14.7  11.2   3.6   6.0 
1986   2.9  -1.4   4.7   5.7  11.5  14.3  16.1  13.6  11.6  10.5   7.3   5.4 
1987   0.5   3.2   3.9   9.9   9.8  12.8  15.7  15.5  13.6   9.4   6.1   5.5 
1988   4.7   4.5   5.8   8.0  11.5  14.0  15.1  15.7  13.3  10.3   5.0   6.9 
1989   5.8   5.5   7.2   6.1  12.9  14.6  17.8  16.9  15.0  11.6   6.1   4.7 
1990   6.1   7.1   8.5   8.2  12.6  13.7  16.7  18.6  13.5  11.9   6.5   4.3 
1991   2.8   1.8   7.9   7.7  10.6  12.0  18.0  17.7  14.8  10.2   6.4   4.4 
1992   3.4   5.5   7.1   8.7  13.4  15.9  16.4  15.8  13.3   7.7   7.2   3.2 
1993   5.1   4.6   6.3   9.2  11.2  14.6  15.2  14.6  12.3   8.4   4.6   5.0 
1994   4.7   2.6   7.5   8.3  10.0  15.1  18.6  16.2  12.8   9.6   9.5   5.8 
1995   4.2   6.3   5.3   8.8  11.7  13.6  19.0  18.6  13.8  13.0   7.6   2.0 
1996   3.2   2.5   3.6   8.2   9.1  14.5  16.7  16.9  13.6  11.4   5.6   2.7 
1997   2.1   6.7   8.3   8.9  11.4  13.8  16.7  19.1  13.9  10.0   8.3   5.5 
1998   4.9   7.6   7.9   7.9  12.5  14.3  15.6  16.1  14.5  10.4   5.3   4.9 
1999   5.2   5.2   7.6   9.6  12.9  13.8  17.6  16.3  16.0  10.7   7.6   4.2 
2000   4.9   5.9   7.3   7.9  11.7  14.8  14.9  17.1  15.0  10.3   6.7   5.0 
2001   2.9   4.5   4.9   7.5  12.3  14.0  17.4  17.4  13.2  13.5   7.3   3.4 
2002   5.3   7.1   7.3   9.3  12.1  14.8  16.3  17.5  14.4   9.7   7.7   5.2 
2003   4.4   3.8   7.6   9.8  12.6  16.4  17.6  18.2  14.9   9.5   8.0   4.7 
2004   5.1   5.6   6.6   9.8  12.4  15.8  16.1  17.9  14.9  10.7   7.7   5.7 
2005   5.9   4.2   7.1   8.9  11.4  15.7  16.7  16.4  15.3  13.0   6.4   4.7 
2006   4.2   4.0   4.6   8.4  12.3  16.2  20.0  16.3  17.0  13.0   8.1   6.2 
2007   6.8   6.0   7.1  11.3  11.7  15.0  15.7  16.2  14.5  11.3   7.4   4.9 
2008   6.6   5.4   6.0   7.9  13.1  14.5  16.8  17.1  13.9  10.2   7.1   3.6 
2009   3.2   4.1   7.3  10.0  12.4  14.8  16.8  17.3  14.7  11.5   8.3   3.1 
2010   1.4   2.4   6.5   9.3  11.1  15.4  18.0  15.8  14.3  10.6   5.2  -0.6 
2011   4.0   6.3   6.9  12.0  12.6 -99.0 -99.0 -99.0 -99.0 -99.0 -99.0 -99.0 
