Number= 034970
Name= GORLESTON
Country= UK
Lat=   52.6
Long=   -1.7
Height= 2
Start year= 1931
End year= 1975
First Good year= 1931
Source ID= 10
Source file= Jones
Jones data to= 1975
Normals source= Extrapolated
Normals source start year= 1951
Normals source end year= 1970
Normals=   3.9   3.8   5.5   7.6  11.0  13.9  16.0  16.2  14.6  11.8   7.6   5.1 
Standard deviations source= Data
Standard deviations source start year= 1941
Standard deviations source end year= 1975
Standard deviations=   1.6   2.1   1.5   1.1   0.8   0.8   0.8   0.9   1.1   1.2   0.9   1.3 
Obs:
1931   3.9   4.1   3.6   7.6  11.3  14.7  16.1  14.9  12.4  10.2   8.9   5.5 
1932   6.3   4.2   4.9   7.0  10.4  13.3  16.7  17.9  14.7   9.7   7.8   5.7 
1933   3.6   4.6   6.9   9.1  10.5  13.9  17.4  17.9  16.2  11.6   6.9   2.5 
1934   4.6   4.4   5.0   7.6  10.8  13.9  17.1  16.5  15.7  11.4   7.2   8.7 
1935   4.9   6.3   6.3   7.9   9.5  14.8  16.9  17.1  14.7  10.7   8.2   3.4 
1936   4.7   3.2   5.8   6.5  10.3  14.2  16.1  16.3  15.3  10.2   7.1   5.4 
1937   5.2   5.6   4.2   7.8  11.2  14.1  16.3  16.5  14.8  12.0   7.0   4.2 
1938   5.6   5.3   9.3   7.6  10.4  14.9  15.7  16.8  15.2  10.9   9.4   4.4 
1939   4.9   5.8   5.5   8.7   9.9  13.6  16.3  17.1  16.2  10.2   8.9   3.8 
1940   0.6   1.7   5.7   7.7  11.1  14.8  15.4  15.5  13.6  11.1   7.8   4.2 
1941   1.2   3.5   4.8   6.9   9.1  13.4  17.5  15.3  14.6  11.1   7.3   5.5 
1942   1.1   0.3   3.2   7.8  10.7  13.1  15.7  17.0  15.2  12.3   7.1   6.3 
1943   5.1   6.1   6.4  10.9  12.1  14.6  15.8  16.9  14.4  12.6   7.2   4.8 
1944   6.6   4.2   5.2   8.9  10.6  13.5  16.4  17.4  13.5  10.5   6.9   3.8 
1945   1.2   7.3   8.1   9.1  12.0  15.0  17.0  15.9  15.3  12.9   9.0   5.8 
1946   4.6   6.5   5.1   9.2  10.2  13.3  16.4  15.4  14.7  11.6   8.7   3.8 
1947   2.5  -1.4   3.3   8.7  11.7  15.5  17.3  18.6  16.5  12.1   7.9   6.1 
1948   6.2   5.2   7.7   9.4  10.9  14.1  15.2  15.8  15.0  11.6   7.4   7.3 
1949   5.6   6.4   4.7  10.6  10.4  13.7  16.7  17.2  18.1  13.2   7.5   6.4 
1950   4.8   6.1   7.6   7.8  10.9  15.9  16.9  17.1  14.2  11.2   6.9   2.2 
1951   4.6   4.0   4.8   6.6   9.8  13.6  16.4  15.9  15.2  11.9   9.1   6.2 
1952   3.7   3.1   5.4   8.2  12.1  14.5  16.9  17.2  12.5   9.8   5.5   3.5 
1953   3.3   4.6   5.8   7.4  11.9  13.6  15.9  16.9  14.8  11.8   8.8   7.8 
1954   3.8   2.3   4.9   7.2  10.4  13.8  14.8  15.4  13.5  12.5   8.2   6.7 
1955   2.7   2.1   3.3   8.4   9.4  13.0  15.3  17.0  14.9  10.1   8.6   6.6 
1956   3.9  -0.2   4.8   5.8  11.5  12.7  15.8  14.2  14.7  10.2   6.9   6.6 
1957   5.9   5.4   8.2   8.2  10.1  14.1  16.5  15.7  13.3  11.6   7.8   5.4 
1958   3.7   4.8   3.1   6.4  11.2  12.7  15.6  16.2  15.7  11.5   7.9   5.6 
1959   2.2   4.2   6.3   8.7  10.8  14.7  17.2  17.8  16.4  13.3   7.8   6.4 
1960   4.4   4.4   5.4   8.1  11.1  14.7  15.3  15.6  14.3  11.6   8.2   5.4 
1961   4.1   6.6   7.9   9.3  11.1  14.9  15.9  16.1  15.8  12.4   7.7   4.7 
1962   4.7   4.5   3.2   7.4  10.1  13.5  14.3  15.5  13.5  11.5   6.5   2.9 
1963  -0.6  -0.4   5.1   7.1   9.9  13.7  15.3  15.1  13.7  11.1   9.1   3.9 
1964   2.8   4.5   3.3   8.1  12.8  14.1  16.2  16.3  15.1   9.5   8.3   4.5 
1965   4.1   3.7   5.1   7.4  11.3  14.0  14.6  15.7  13.5  12.5   6.1   4.6 
1966   3.5   5.5   6.4   7.2  11.3  15.0  15.3  15.6  15.1  12.4   6.7   4.9 
1967   4.3   5.9   7.9   7.5  10.5  13.7  17.6  16.3  15.0  11.9   6.1   4.1 
1968   3.9   2.7   6.3   7.5   9.5  13.9  14.7  15.5  14.9  13.3   8.1   3.8 
1969   5.7   1.8   3.7   7.1  11.0  13.4  16.9  16.5  15.0  13.5   6.9   3.7 
1970   3.3   2.7   3.5   6.1  11.2  15.0  15.7  16.1  15.1  11.9   8.5   5.2 
1971   4.4   5.1   5.1   7.2  11.2  12.5  16.0  16.9  15.1  12.6   7.0   6.7 
1972   3.9   4.6   6.2   8.5  11.0  13.0  15.6  16.0  13.4 -99.0 -99.0 -99.0 
1973 -99.0 -99.0 -99.0   7.1  11.3  15.2  15.8  16.7  14.3  10.1   6.0   4.8 
1974   5.9   5.6   5.3   6.9  10.5  13.0  15.5  16.2  13.2   8.1   7.1   7.2 
1975 -99.0   4.7 -99.0 -99.0 -99.0 -99.0 -99.0 -99.0 -99.0 -99.0 -99.0 -99.0 
