Number= 040650
Name= GRIMSEY
Country= ICELAND
Lat=   66.6
Long=   18.0
Height= 6
Start year= 1874
End year= 1970
First Good year= 1874
Source ID= 10
Source file= Jones
Jones data to= 1970
Normals source= Extrapolated
Normals source start year= 1951
Normals source end year= 1970
Normals=  -1.4  -1.5  -2.0  -0.1   2.2   5.4   7.3   7.6   5.6   2.7   1.0  -0.6 
Standard deviations source= Data
Standard deviations source start year= 1941
Standard deviations source end year= 1970
Standard deviations=   2.0   1.7   2.6   1.7   1.5   1.1   1.1   1.3   1.4   1.4   1.6   1.4 
Obs:
1874 -99.0 -99.0 -99.0 -99.0 -99.0 -99.0   7.9   6.7   5.1   1.5  -0.1  -1.5 
1875  -2.1   0.3   1.1   1.9   3.6   4.7   7.7   8.5   6.3   4.1  -0.3   2.3 
1876   1.5  -1.9  -5.2  -7.1   3.5   5.7   7.4   9.0   6.7   4.3   1.9   1.2 
1877  -1.1  -3.4  -3.9  -2.4   2.1   4.7   6.2   7.0   7.7   2.5  -1.1  -1.7 
1878  -3.0  -3.0  -4.3  -1.9   0.5   7.3  10.0   9.2   5.9   1.3  -0.5  -5.9 
1879  -1.0  -3.5  -3.7  -0.1   2.7   5.7   6.0   9.1   6.1   4.3   2.1   0.5 
1880   0.5  -1.0   1.3   3.9   3.9   7.7  11.1  11.3   5.1   1.1  -3.8  -9.1 
1881 -12.9 -10.4 -16.4  -1.3   2.3   5.5   6.9   6.2   8.4   4.3   1.5  -0.1 
1882  -1.5  -6.7  -5.3  -4.9   0.0   2.2   4.3   2.7   4.1   4.7   0.1  -2.0 
1883  -0.9   0.5  -1.3   1.6   0.3   5.5   7.8   6.5   6.9   3.9   1.4  -0.1 
1884  -2.5  -0.1   0.9   1.3   1.1   7.1   8.3   9.5   7.3   2.5   0.4  -0.2 
1885   1.3  -7.2  -4.1  -1.5   1.1   4.9   6.7   8.1   6.0   1.3   0.1  -3.0 
1886  -6.3  -3.0  -3.9  -3.2   0.0   3.5   5.1   5.7   5.4   4.9   1.3  -2.9 
1887   0.2  -2.0  -2.9  -3.1   1.1   4.6   4.3   4.8   4.9   1.5  -1.8  -2.9 
1888  -0.9  -2.9  -7.9  -2.7  -0.6   5.7   5.2   5.2   5.3   1.0   1.1  -0.3 
1889  -1.8  -4.1  -2.4  -1.2   5.7   9.1  10.2   9.5   8.0   4.9   2.9   0.5 
1890  -0.5   1.3  -4.6   0.7   3.5   5.1   7.1   7.7   5.9   1.9   1.9   1.9 
1891  -1.4  -0.3  -7.1  -0.1   1.3   6.9   8.9   6.9   5.6   5.1   0.2  -0.7 
1892  -3.8  -6.7  -6.4  -3.6  -0.9   3.0   5.6   5.8   4.1   2.1  -0.5  -3.3 
1893  -1.0  -2.2  -1.9   1.5   4.1   6.1   8.9   8.3   4.1   0.3  -2.8  -2.0 
1894  -3.1  -2.8  -0.9   2.3   2.1   9.3  10.5   9.3   8.9   3.1   1.3  -2.0 
1895  -3.5  -0.4  -3.3  -3.1   4.1   7.5   8.0   7.3 -99.0 -99.0 -99.0 -99.0 
1896 -99.0 -99.0 -99.0 -99.0 -99.0   4.1   7.2   6.8   4.7  -0.1  -0.3   0.6 
1897  -0.5  -3.3  -1.2   1.8   2.9   5.5   8.7   6.7   4.9   3.5  -0.1   0.9 
1898  -1.0  -3.2  -2.3   0.7   2.1   7.0   8.6   7.5   6.3   4.3   0.2  -1.4 
1899  -1.8  -1.3  -5.1  -2.7   2.9   8.3   9.7   9.6   5.1   1.2  -1.9  -0.4 
1900   0.3  -3.0  -2.2  -0.4   2.1   8.1   8.1   8.7   6.9   1.5   1.5  -0.5 
1901   0.7  -1.5  -1.7  -2.3   3.8   7.1   9.8   8.5   8.6   1.5   0.5  -2.5 
1902  -6.7  -6.5  -5.9  -2.3   0.3   4.4   5.9   6.5   6.3   4.2   2.3   0.7 
1903  -1.7  -3.0  -3.7  -2.2   1.9   5.7   7.3   4.5   5.5   2.5  -0.5   0.4 
1904  -1.7  -1.3  -1.5  -0.4   3.3   7.9   9.9   7.3   7.9   2.0  -1.1  -1.3 
1905  -2.9  -4.1   0.3  -1.1   3.1   9.1   8.3   6.8   5.6   1.5   0.4   0.7 
1906   0.3  -3.1  -1.7  -1.3  -0.1   7.0   5.9   6.3   6.6   3.5   0.5  -3.1 
1907  -1.3  -5.0  -3.9  -0.7   2.5   3.7   6.9   5.5   4.5   1.9   0.5   2.2 
1908  -0.7  -3.3   0.7   0.8   3.2   7.1  11.5   8.5   7.3   5.7   0.2   0.3 
1909  -0.9   0.9  -2.7   2.2   2.5   9.4   7.7   8.4   7.1   1.4   0.8  -4.0 
1910  -2.7  -2.6  -1.0  -2.6   2.3   5.1   7.9   8.6   5.9   4.4  -1.9  -1.1 
1911  -0.9  -4.1   0.0  -1.9   3.9   5.8   8.7   7.3   4.7   3.6   0.7   0.4 
1912   0.3  -3.5  -1.3   0.7   4.5   8.4   9.7   6.5   6.9   3.7  -0.4  -1.1 
1913  -0.7  -1.0  -3.5   1.4   3.4   6.2   9.9   8.3   7.5   2.7   0.5  -0.9 
1914   0.1  -3.8  -4.7  -2.0  -0.5   6.7   7.5   9.3   5.5   4.7  -1.3  -0.7 
1915  -0.7  -2.3  -3.5  -0.1   1.3   4.6   4.6   6.5   5.5   7.0   2.5  -1.8 
1916  -0.3   0.3  -2.2  -1.7   1.5   6.5  10.3   8.7   7.2   4.3   0.9  -3.7 
1917   0.5  -0.6  -0.7  -5.1   2.7   4.8   9.9   8.3   4.5  -1.3  -2.1  -4.9 
1918 -13.5  -4.9  -0.7  -2.1   4.3   6.2   6.0   8.1   3.7   3.0   0.7  -0.9 
1919  -0.3  -3.5  -5.7  -2.4   3.7   7.1  10.0   7.1   4.7   2.5  -2.1  -0.9 
1920  -3.5  -2.7  -2.4  -2.5   1.7   7.5   7.9   8.3   7.3   6.4   3.4   0.8 
1921  -3.9   1.5  -3.2  -0.5   1.2   6.2   7.5   5.9   5.0   2.0   0.7  -1.0 
1922   0.9   1.1  -0.7  -1.0   1.9   5.3   7.3   7.6   4.7   4.3   0.3   1.4 
1923  -2.3   0.5   2.9   2.9   2.8   6.5   7.9   7.3   4.1   2.1  -1.7  -2.0 
1924   0.2  -0.9  -2.9  -1.2   1.3   5.0   7.9   7.3   4.6   3.1   2.0   0.5 
1925  -0.4  -2.4  -1.2   0.6   2.9   9.0  10.3   9.0   6.7   2.1   1.2  -2.7 
1926   0.3   0.7  -1.9   3.3   3.2   7.1  11.6   8.3   5.3   0.3   1.1  -1.0 
1927  -2.9   1.3   0.6  -0.9   4.9   7.2  11.6   8.8   5.8   2.1   1.1   1.1 
1928  -1.2  -0.1   0.2   3.3   5.8 -99.0 -99.0   8.5   8.1   5.0   1.9   0.1 
1929   1.2   2.1   4.3   1.9   3.4   6.2 -99.0   7.4   4.8   0.7   0.6   0.9 
1930  -2.3   0.5  -4.3   2.6   4.4   8.0   8.5   8.1   7.7   1.4  -1.7   1.1 
1931 -99.0 -99.0 -99.0 -99.0 -99.0 -99.0 -99.0 -99.0 -99.0 -99.0 -99.0 -99.0 
1932 -99.0 -99.0 -99.0 -99.0 -99.0 -99.0 -99.0 -99.0 -99.0 -99.0 -99.0 -99.0 
1933 -99.0 -99.0 -99.0 -99.0 -99.0 -99.0 -99.0 -99.0 -99.0 -99.0 -99.0 -99.0 
1934 -99.0 -99.0 -99.0 -99.0 -99.0 -99.0 -99.0 -99.0 -99.0 -99.0 -99.0 -99.0 
1935 -99.0 -99.0 -99.0 -99.0 -99.0 -99.0 -99.0 -99.0 -99.0 -99.0 -99.0 -99.0 
1936 -99.0 -99.0 -99.0 -99.0 -99.0 -99.0 -99.0 -99.0 -99.0 -99.0 -99.0 -99.0 
1937 -99.0 -99.0 -99.0 -99.0 -99.0 -99.0 -99.0 -99.0 -99.0 -99.0 -99.0 -99.0 
1938 -99.0 -99.0 -99.0 -99.0 -99.0 -99.0 -99.0 -99.0 -99.0 -99.0 -99.0 -99.0 
1939 -99.0 -99.0 -99.0 -99.0 -99.0 -99.0 -99.0 -99.0 -99.0 -99.0 -99.0 -99.0 
1940 -99.0 -99.0 -99.0 -99.0 -99.0 -99.0 -99.0 -99.0 -99.0 -99.0 -99.0 -99.0 
1941  -0.7  -3.3  -1.2   1.7   4.9   8.1   9.7   7.8   9.2   5.4   4.0   1.9 
1942   1.6  -1.1   0.1   1.4   3.8   6.3   7.7   8.9   4.9   1.6   2.0   0.3 
1943  -1.7  -4.1  -1.2  -0.6   1.2   5.1   8.2   5.0   5.7   3.4   1.1   1.9 
1944  -3.5  -1.4  -0.5  -0.9   2.9   5.9   8.4   8.9   7.2   4.0   0.2  -0.5 
1945  -2.9  -0.9   1.7   1.1   3.3   6.1   9.0   9.4   7.4   5.1   2.9  -0.5 
1946   2.5  -1.6   0.6   0.9   4.7   4.5   8.0   8.0   6.5   7.0   0.5   2.8 
1947   3.1  -1.8  -3.8  -1.0   4.6   6.6   9.9  10.5   7.0   5.2  -0.7  -0.8 
1948   0.3   1.6   2.1  -0.6   1.8   5.5   7.5   8.8   4.6   2.6   1.4  -0.8 
1949  -2.8  -0.6  -1.6  -3.2   0.0   7.2   8.3   7.6   7.6   3.3   2.0  -0.4 
1950   2.4  -1.4  -0.5  -1.3   4.0   6.3 -99.0 -99.0 -99.0 -99.0 -99.0 -99.0 
1951  -1.4  -0.5  -3.7  -2.4   3.6   4.9   7.5   7.6   6.2   3.6   0.5  -0.6 
1952  -2.0  -1.1  -0.7   0.4   2.2   3.2   7.3   7.0   5.6   5.0   1.9   0.4 
1953  -0.4   0.8   0.7  -2.7   3.6   8.5   8.7   9.4   7.9   4.2   2.2   3.3 
1954   1.4   0.2  -0.7   2.2   4.5   6.0   7.3   8.2   4.4   2.8   2.9   0.2 
1955  -2.0  -1.5  -0.3   2.2   2.6   6.5  10.2   9.8   7.0   3.2   2.0  -2.4 
1956  -3.0   1.8   1.9   0.2   3.4   5.1   7.1   6.1   6.2   3.4   3.9   2.0 
1957   1.8  -2.1  -0.5   2.8   3.6   6.3   7.7   8.7   6.0   3.7   3.1  -0.3 
1958  -1.3  -2.5  -0.9   2.0   1.7   6.2   7.1   6.1   8.6   5.2   3.6  -0.2 
1959  -3.1   1.5   2.3  -0.6   4.6   6.0   8.3   7.2   8.1   6.6   1.7   1.2 
1960   1.0  -2.1   1.7   2.0   5.0   7.6   8.5   7.8   7.2   4.7   3.9   0.6 
1961   1.4   0.5  -1.0  -1.0   4.8   5.6   7.9   8.5   7.6   5.0   2.3  -1.4 
1962   0.7  -0.6  -3.2   2.3   3.8   5.7   8.2   7.0   6.3   3.6   1.5   0.2 
1963  -0.4  -1.1   2.0   0.1   2.0   6.7   6.1   5.9   4.1   2.9  -1.6   0.0 
1964   1.0   1.7   3.8   2.0   4.1   6.5   8.2   6.2   4.1   3.3  -0.2  -1.9 
1965  -2.2   1.6  -5.3  -1.5   1.1   4.7   7.2   7.3   3.7   4.6  -0.6  -1.7 
1966  -2.2  -2.4  -3.0   0.8   1.9   7.3   7.4   7.2   5.6   2.3  -0.4  -2.0 
1967  -0.3   0.0  -5.4  -1.0   0.0   4.8   5.3   7.3   7.2   1.8   0.0  -2.3 
1968  -4.1  -3.1  -6.2  -2.4   0.4   4.1   7.2   7.4   6.4   0.9   3.1  -0.8 
1969  -3.9  -4.0  -4.8  -2.7   1.3   5.5   6.5   9.7   5.4   3.1  -1.4  -0.6 
1970  -0.9  -2.6  -4.6  -0.7   2.1   7.0   5.5   7.2   5.8   2.7   0.6   0.6 
