Number= 042020
Name= THULE US AFB
Country= GREENLAND
Lat=   76.5
Long=   68.8
Height= 11
Start year= 1946
End year= 2007
First Good year= 1946
Source ID= 10
Source file= Jones+Anders
Jones data to= 1964
Normals source= WMO
Normals source start year= 1961
Normals source end year= 1990
Normals source percent availability= 100
Normals source variable code= 14
Normals= -23.3 -24.6 -24.1 -17.0  -5.6   1.5   4.6   3.8  -1.7  -9.8 -16.6 -21.6 
Standard deviations source= Data
Standard deviations source start year= 1946
Standard deviations source end year= 1964
Standard deviations=   3.2   5.2   3.3   2.9   2.0   1.1   1.1   1.1   2.2   2.5   2.8   3.1 
Obs:
1946 -99.0 -99.0 -99.0 -99.0 -99.0 -99.0 -99.0 -99.0  -2.9  -8.8 -15.2 -20.7 
1947 -16.8 -14.1 -19.1 -16.4  -4.6   1.3   4.8   2.6  -1.8  -8.7 -11.4 -18.9 
1948 -23.2 -29.1 -27.6 -18.3  -6.2   2.4   4.6   3.3  -2.4  -8.3 -16.3 -28.8 
1949 -26.4 -30.2 -24.2 -19.7  -6.2   2.0   6.1   4.2  -4.6 -11.5 -17.2 -23.6 
1950 -24.1 -27.4 -23.5 -21.9  -5.7   2.6   5.6   4.7  -2.8  -9.4 -13.7 -19.6 
1951 -25.9 -29.6 -27.1 -17.8  -5.2   1.4   4.2   2.4  -2.7 -15.1 -13.9 -26.6 
1952 -26.4 -25.5 -27.9 -17.4  -3.1   4.0   4.8   4.8  -0.9 -11.4 -14.8 -17.9 
1953 -22.1 -27.1 -26.8 -10.4  -2.2   0.7   5.4   4.1  -2.6 -13.3 -22.9 -28.6 
1954 -23.2 -26.7 -25.5 -12.3  -3.9   2.6   5.0   5.4  -2.0 -10.0 -17.8 -25.1 
1955 -28.2 -24.7 -24.1 -19.1  -9.6   2.8   5.2   4.1  -1.7  -4.4 -17.8 -21.4 
1956 -23.6 -25.1 -28.1 -16.6  -7.2   2.1   5.9   4.6  -2.8  -7.9 -18.0 -22.2 
1957 -26.6 -20.9 -22.4 -18.3  -2.3   5.1   8.2   6.3   1.1 -12.1 -17.9 -22.7 
1958 -23.2 -21.3 -23.6 -22.3  -4.2   3.3   5.7   3.3  -4.7 -12.2 -21.4 -20.3 
1959 -18.3 -25.0 -29.2 -17.1  -6.0   2.8   5.7   3.8  -2.1 -11.5 -16.9 -25.2 
1960 -24.3 -24.7 -29.4 -19.8  -5.4   3.1   7.2   5.4  -3.3  -6.0 -14.4 -23.2 
1961 -29.7 -29.8 -32.0 -18.7  -8.7   1.5 -99.0   5.1  -3.9 -11.6 -14.8 -22.1 
1962 -20.7 -26.8 -19.2 -17.0  -5.9   1.7   5.6   3.1   4.8  -9.7 -13.1 -19.7 
1963 -99.0 -16.8 -24.2 -18.3  -7.3   1.3   3.7 -99.0   0.0 -11.5 -16.8 -99.0 
1964 -22.0 -38.4 -28.0 -21.5 -99.0 -99.0 -99.0 -99.0 -99.0 -99.0 -99.0 -99.0 
1965 -99.0 -99.0 -99.0 -99.0 -99.0 -99.0 -99.0 -99.0 -99.0 -99.0 -99.0 -99.0 
1966 -99.0 -99.0 -99.0 -99.0 -99.0 -99.0 -99.0 -99.0 -99.0 -99.0 -99.0 -99.0 
1967 -99.0 -99.0 -99.0 -99.0 -99.0 -99.0 -99.0 -99.0 -99.0 -99.0 -99.0 -99.0 
1968 -99.0 -99.0 -99.0 -99.0 -99.0 -99.0 -99.0 -99.0 -99.0 -99.0 -99.0 -99.0 
1969 -99.0 -99.0 -99.0 -99.0 -99.0 -99.0 -99.0 -99.0 -99.0 -99.0 -99.0 -99.0 
1970 -99.0 -99.0 -99.0 -99.0 -99.0 -99.0 -99.0 -99.0 -99.0 -99.0 -99.0 -99.0 
1971 -99.0 -99.0 -99.0 -99.0 -99.0 -99.0 -99.0 -99.0 -99.0 -99.0 -99.0 -99.0 
1972 -99.0 -99.0 -99.0 -99.0 -99.0 -99.0 -99.0 -99.0 -99.0 -99.0 -99.0 -99.0 
1973 -99.0 -99.0 -99.0 -99.0 -99.0 -99.0 -99.0 -99.0 -99.0 -99.0 -99.0 -99.0 
1974 -99.0 -99.0 -99.0 -99.0 -99.0 -99.0 -99.0 -99.0 -99.0 -99.0 -99.0 -99.0 
1975 -99.0 -99.0 -99.0 -99.0 -99.0 -99.0 -99.0 -99.0 -99.0 -99.0 -99.0 -99.0 
1976 -99.0 -99.0 -99.0 -99.0 -99.0 -99.0 -99.0 -99.0 -99.0 -99.0 -99.0 -99.0 
1977 -99.0 -99.0 -99.0 -99.0 -99.0 -99.0 -99.0 -99.0 -99.0 -99.0 -99.0 -99.0 
1978 -99.0 -99.0 -99.0 -99.0 -99.0 -99.0 -99.0 -99.0 -99.0 -99.0 -99.0 -99.0 
1979 -99.0 -99.0 -99.0 -99.0 -99.0 -99.0 -99.0 -99.0 -99.0 -99.0 -99.0 -99.0 
1980 -99.0 -99.0 -99.0 -99.0 -99.0 -99.0 -99.0 -99.0 -99.0 -99.0 -99.0 -99.0 
1981 -99.0 -99.0 -99.0 -99.0 -99.0 -99.0 -99.0 -99.0 -99.0 -99.0 -99.0 -99.0 
1982 -99.0 -99.0 -99.0 -99.0 -99.0 -99.0 -99.0 -99.0 -99.0 -99.0 -99.0 -99.0 
1983 -99.0 -99.0 -99.0 -99.0 -99.0 -99.0 -99.0 -99.0 -99.0 -99.0 -99.0 -99.0 
1984 -99.0 -99.0 -99.0 -99.0 -99.0 -99.0 -99.0 -99.0 -99.0 -99.0 -99.0 -99.0 
1985 -99.0 -99.0 -99.0 -99.0 -99.0 -99.0 -99.0 -99.0 -99.0 -99.0 -99.0 -99.0 
1986 -99.0 -99.0 -99.0 -99.0 -99.0 -99.0 -99.0 -99.0 -99.0 -99.0 -99.0 -99.0 
1987 -99.0 -99.0 -99.0 -99.0 -99.0 -99.0 -99.0 -99.0 -99.0 -99.0 -99.0 -99.0 
1988 -99.0 -99.0 -99.0 -99.0 -99.0 -99.0 -99.0 -99.0 -99.0 -99.0 -99.0 -99.0 
1989 -99.0 -99.0 -99.0 -99.0 -99.0 -99.0 -99.0 -99.0 -99.0 -99.0 -99.0 -99.0 
1990 -99.0 -99.0 -99.0 -99.0 -99.0 -99.0 -99.0 -99.0 -99.0 -99.0 -99.0 -99.0 
1991 -26.9 -21.4 -22.2 -20.2  -6.2   2.1 -99.0   2.8  -2.7 -10.7 -99.0 -99.0 
1992 -99.0 -29.7 -28.1 -19.0  -8.2   1.4   3.6   2.0  -2.5 -99.0 -21.6 -23.4 
1993 -29.2 -27.7 -28.6 -17.1  -4.5 -99.0   5.4   2.0  -0.4  -7.8 -23.0 -24.6 
1994 -26.2  23.3 -28.8 -14.6  -2.7   2.1   6.1   4.3  -2.6 -11.9 -16.5 -25.0 
1995 -27.9 -29.9 -27.4 -12.1  -3.1   3.0   5.3   2.9  -1.1 -11.8 -10.2 -24.5 
1996 -22.7 -22.5 -24.2 -14.4  -5.9   0.4   2.9   0.7  -4.2 -12.8 -15.1 -13.1 
1997 -24.2 -26.4 -23.3 -17.6  -3.6   2.7   3.7   1.7  -6.7  -9.1 -15.2 -20.6 
1998 -21.1 -27.9 -23.6 -11.4  -2.0   4.9   5.5   2.4   0.1 -99.0 -99.0 -19.8 
1999 -25.6 -99.0 -99.0 -99.0  -9.5 -99.0   5.9   5.2  -0.9 -11.6 -14.8 -22.6 
2000 -99.0 -19.3 -21.8 -10.8  -5.8   4.5   7.6 -99.0 -99.0 -99.0 -99.0 -99.0 
2001 -99.0 -99.0 -99.0 -99.0 -99.0 -99.0 -99.0 -99.0 -99.0 -99.0 -99.0 -99.0 
2002 -99.0 -99.0 -99.0 -99.0 -99.0 -99.0 -99.0 -99.0 -99.0 -99.0 -99.0 -99.0 
2003 -99.0 -99.0 -99.0 -99.0 -99.0 -99.0 -99.0 -99.0 -99.0 -99.0 -99.0 -99.0 
2004 -99.0 -99.0 -99.0 -99.0 -99.0 -99.0 -99.0 -99.0 -99.0 -99.0 -99.0 -99.0 
2005 -99.0 -99.0 -99.0 -99.0 -99.0 -99.0 -99.0 -99.0 -99.0 -99.0 -99.0 -99.0 
2006 -99.0 -99.0 -99.0 -99.0 -99.0 -99.0 -99.0 -99.0 -99.0 -99.0 -99.0 -99.0 
2007 -99.0 -99.0 -99.0 -99.0 -99.0 -99.0 -99.0 -99.0 -99.0 -99.0 -99.0 -99.0 
