Number= 042610
Name= GROENNEDAL
Country= GREENLAND
Lat=   61.2
Long=   48.1
Height= 27
Start year= 1961
End year= 1970
First Good year= 1961
Source ID= 10
Source file= Jones
Jones data to= 1970
Normals= -99.0 -99.0 -99.0 -99.0 -99.0 -99.0 -99.0 -99.0 -99.0 -99.0 -99.0 -99.0 
Obs:
1961  -1.8  -7.1  -6.3   2.4   4.6   7.4   8.7   8.7   5.7   3.4  -1.2  -0.8 
1962  -5.3  -5.0   2.5  -0.4   5.2   7.0   9.1   8.1   5.5   2.5  -1.3  -3.9 
1963  -2.9  -1.1  -2.1   1.5   2.5   6.9   7.7   8.7   3.8  -1.2  -3.2   0.9 
1964  -2.4  -0.3  -6.7  -0.6   4.2   6.1   7.9   8.8   6.4   1.5  -1.0  -4.4 
1965  -5.7   0.2   1.0   0.5   6.0   7.5   9.5   8.3   5.3   1.7   1.0  -2.9 
1966  -4.4   0.0  -3.7   2.0   3.9   6.6   9.3   8.8   6.4   4.4  -1.6  -4.6 
1967  -0.7  -5.6  -8.9  -3.0   4.1   6.2   8.6   7.7   4.8   0.2  -2.7  -2.3 
1968  -3.9  -2.5  -4.8   1.2   6.3   7.0   9.4   7.1   6.0   1.0  -1.6  -3.4 
1969  -2.7  -1.8  -1.0  -1.4   3.3   6.3   6.5   6.9   3.0   0.0  -2.6  -4.9 
1970  -2.9  -5.2  -0.5   0.6   1.8   5.2   7.1   7.3   4.6   1.1  -3.1  -3.2 
