Number= 337110
Name= KIROVOGRAD
Country= USSR
Lat=   48.5
Long=  -32.3
Height= 148
Start year= 1951
End year= 2010
First Good year= 1951
Source ID= 10
Source file= Jones
Jones data to= 1978
Normals source= WMO
Normals source start year= 1961
Normals source end year= 1990
Normals source percent availability= 100
Normals source variable code= 14
Normals=  -5.7  -4.3   0.5   8.9  15.2  18.6  20.0  19.4  14.7   8.1   2.3  -2.3 
Standard deviations source= Data
Standard deviations source start year= 1951
Standard deviations source end year= 1978
Standard deviations=   3.8   3.6   2.5   2.2   1.5   1.7   1.4   1.2   1.6   2.0   2.4   2.4 
Obs:
1951  -5.2  -5.8   1.6  12.0  15.3  20.2  22.2  22.1  15.0   4.0   2.1  -1.1 
1952  -0.6  -2.6  -6.0   8.9  13.3  17.6  20.0  20.7  15.7   9.8   2.8  -2.8 
1953  -3.7  -6.2  -0.4   7.5  14.2  20.8  21.9  20.5  13.6   7.6  -3.1  -4.9 
1954 -13.4 -15.0   0.2   5.8  16.1  22.7  21.1  21.6  16.9   8.5   3.1  -2.1 
1955  -2.3  -2.1   0.1   4.6  13.9  17.1  21.4  19.8  16.3  11.0  -1.2  -2.2 
1956  -3.4 -11.8  -3.0   7.3  14.0  20.3  19.3  20.2  12.3   8.0  -3.0  -2.2 
1957  -4.5   0.2  -0.8   9.4  15.3  19.7  22.1  21.4  15.0   7.1   3.1  -3.6 
1958  -3.4  -0.7  -0.3   6.2  18.2  17.0  20.3  19.2  12.1   6.9   0.6  -0.1 
1959  -1.6  -3.3   1.0   7.5  14.1  19.4  24.4  20.1  11.3   4.9   0.0  -4.4 
1960  -3.8  -4.9  -1.9   8.1  15.3  20.4  22.3  19.0  12.0  10.4   4.2   3.6 
1961  -4.6  -3.1   3.0   9.9  13.1  20.0  20.5  20.1  15.0   8.3   3.3  -3.2 
1962  -1.6  -3.2  -0.1  10.4  16.0  18.8  19.0  20.3  14.2   9.0   4.2  -3.7 
1963 -15.1  -4.7  -4.2   6.4  17.8  18.4  22.6  21.9  17.0   8.9   4.4  -7.2 
1964  -8.4  -7.4  -3.9   7.9  13.6  22.2  21.3  17.7  14.8   9.8   1.9   1.2 
1965  -4.8  -7.5   0.1   4.6  13.4  19.2  20.1  18.6  15.1   6.9  -0.8   1.2 
1966  -2.0   0.2   3.9  11.8  16.0  16.7  22.2  21.3  13.9  11.7   3.4  -2.3 
1967  -8.5  -7.6   0.5  10.2  17.0  18.4  21.6  20.3  16.6  11.0   4.5  -3.8 
1968  -8.4  -4.0   1.5  11.2  16.9  20.5  19.3  19.9  15.8  10.8   1.6  -2.8 
1969  -8.4  -6.6  -3.2   6.8  14.4  17.9  19.0  19.3  13.4   6.7   5.5  -5.7 
1970  -4.4  -3.2   1.8  10.7  14.9  16.8  22.5  17.6  13.9   6.8   3.2  -2.1 
1971 -99.0 -99.0 -99.0 -99.0 -99.0 -99.0 -99.0 -99.0 -99.0 -99.0 -99.0 -99.0 
1972 -99.0 -99.0 -99.0 -99.0 -99.0 -99.0 -99.0 -99.0 -99.0 -99.0 -99.0 -99.0 
1973 -99.0 -99.0 -99.0 -99.0 -99.0 -99.0 -99.0 -99.0 -99.0 -99.0 -99.0 -99.0 
1974 -99.0 -99.0 -99.0 -99.0 -99.0 -99.0 -99.0 -99.0 -99.0 -99.0 -99.0 -99.0 
1975 -99.0 -99.0 -99.0 -99.0 -99.0 -99.0 -99.0 -99.0 -99.0 -99.0 -99.0 -99.0 
1976 -99.0 -99.0 -99.0 -99.0 -99.0 -99.0 -99.0 -99.0 -99.0 -99.0 -99.0 -99.0 
1977 -99.0 -99.0 -99.0 -99.0 -99.0 -99.0 -99.0 -99.0 -99.0 -99.0 -99.0 -99.0 
1978 -99.0  -4.6 -99.0 -99.0 -99.0 -99.0 -99.0 -99.0 -99.0 -99.0 -99.0 -99.0 
1979 -99.0 -99.0 -99.0 -99.0 -99.0 -99.0 -99.0 -99.0 -99.0 -99.0 -99.0 -99.0 
1980 -99.0 -99.0 -99.0 -99.0 -99.0 -99.0 -99.0 -99.0 -99.0 -99.0 -99.0 -99.0 
1981 -99.0 -99.0 -99.0 -99.0 -99.0 -99.0 -99.0 -99.0 -99.0 -99.0 -99.0 -99.0 
1982 -99.0 -99.0 -99.0 -99.0 -99.0 -99.0 -99.0 -99.0 -99.0 -99.0 -99.0 -99.0 
1983 -99.0 -99.0 -99.0 -99.0 -99.0 -99.0 -99.0 -99.0 -99.0 -99.0 -99.0 -99.0 
1984 -99.0 -99.0 -99.0 -99.0 -99.0 -99.0 -99.0 -99.0 -99.0 -99.0 -99.0 -99.0 
1985 -99.0 -99.0 -99.0 -99.0 -99.0 -99.0 -99.0 -99.0 -99.0 -99.0 -99.0 -99.0 
1986 -99.0 -99.0 -99.0 -99.0 -99.0 -99.0 -99.0 -99.0 -99.0 -99.0 -99.0 -99.0 
1987 -99.0 -99.0 -99.0 -99.0 -99.0 -99.0 -99.0 -99.0 -99.0 -99.0 -99.0 -99.0 
1988 -99.0 -99.0 -99.0 -99.0 -99.0 -99.0 -99.0 -99.0 -99.0 -99.0 -99.0 -99.0 
1989 -99.0 -99.0 -99.0 -99.0 -99.0 -99.0 -99.0 -99.0 -99.0 -99.0 -99.0 -99.0 
1990 -99.0 -99.0 -99.0 -99.0 -99.0 -99.0 -99.0 -99.0 -99.0 -99.0 -99.0 -99.0 
1991 -99.0 -99.0 -99.0 -99.0 -99.0 -99.0 -99.0 -99.0 -99.0 -99.0 -99.0 -99.0 
1992 -99.0 -99.0 -99.0 -99.0 -99.0 -99.0 -99.0 -99.0 -99.0 -99.0 -99.0 -99.0 
1993 -99.0 -99.0 -99.0 -99.0 -99.0 -99.0 -99.0 -99.0 -99.0 -99.0 -99.0 -99.0 
1994 -99.0 -99.0 -99.0 -99.0 -99.0 -99.0 -99.0 -99.0 -99.0 -99.0 -99.0 -99.0 
1995 -99.0 -99.0 -99.0 -99.0 -99.0 -99.0 -99.0 -99.0 -99.0 -99.0 -99.0 -99.0 
1996 -99.0 -99.0 -99.0 -99.0 -99.0 -99.0 -99.0 -99.0 -99.0 -99.0 -99.0 -99.0 
1997 -99.0 -99.0 -99.0 -99.0 -99.0 -99.0 -99.0 -99.0 -99.0 -99.0 -99.0 -99.0 
1998 -99.0 -99.0 -99.0 -99.0 -99.0 -99.0 -99.0 -99.0 -99.0 -99.0 -99.0 -99.0 
1999 -99.0 -99.0 -99.0 -99.0 -99.0 -99.0 -99.0 -99.0 -99.0 -99.0 -99.0 -99.0 
2000 -99.0 -99.0 -99.0 -99.0 -99.0 -99.0 -99.0 -99.0 -99.0 -99.0 -99.0 -99.0 
2001 -99.0 -99.0 -99.0 -99.0 -99.0 -99.0 -99.0 -99.0 -99.0 -99.0 -99.0 -99.0 
2002 -99.0 -99.0 -99.0 -99.0 -99.0 -99.0 -99.0 -99.0 -99.0 -99.0 -99.0 -99.0 
2003 -99.0 -99.0 -99.0 -99.0 -99.0 -99.0 -99.0 -99.0 -99.0 -99.0 -99.0 -99.0 
2004 -99.0 -99.0 -99.0 -99.0 -99.0 -99.0 -99.0 -99.0 -99.0 -99.0 -99.0 -99.0 
2005 -99.0 -99.0 -99.0 -99.0 -99.0 -99.0 -99.0 -99.0 -99.0 -99.0 -99.0 -99.0 
2006 -99.0 -99.0 -99.0 -99.0 -99.0 -99.0 -99.0 -99.0 -99.0 -99.0 -99.0 -99.0 
2007 -99.0 -99.0 -99.0 -99.0 -99.0 -99.0 -99.0 -99.0 -99.0 -99.0 -99.0 -99.0 
2008 -99.0 -99.0 -99.0 -99.0 -99.0 -99.0 -99.0 -99.0 -99.0 -99.0 -99.0 -99.0 
2009 -99.0 -99.0 -99.0 -99.0 -99.0 -99.0 -99.0 -99.0 -99.0 -99.0 -99.0 -99.0 
2010 -99.0 -99.0 -99.0 -99.0 -99.0  21.6  23.8  24.8  15.5   6.3   9.0  -2.4 
