Number= 339150
Name= ASKANIJA-NOVA
Lat=   46.5
Long=  -33.8
Height= 0
Start year= 1910
End year= 2010
First Good year= 1910
Source ID= 10
Source file= Jones
Jones data to= 1989
Normals source= Data
Normals source start year= 1961
Normals source end year= 1989
Normals=  -3.1  -1.9   2.5   9.7  15.7  19.9  22.3  21.6  16.6  10.0   4.4   0.3 
Standard deviations source= Data
Standard deviations source start year= 1941
Standard deviations source end year= 1989
Standard deviations=   3.8   3.7   2.4   1.8   1.4   1.4   1.2   1.3   1.4   2.1   2.2   2.5 
Obs:
1910   2.9   1.8   3.6  11.4  16.3  19.9  21.7  19.4  15.9   9.0   7.4   1.1 
1911  -5.3 -11.5   1.4   9.7  18.4  20.7  23.0  22.0  16.1  11.1   5.9  -1.7 
1912  -4.0  -1.0   4.9   9.0  15.3  21.6  20.7  20.7  16.5   6.8   4.0   2.0 
1913  -2.0  -2.9   5.2  11.2  15.1  19.1  21.5  22.0  17.6   9.1   6.2   1.6 
1914  -2.5   2.4   6.8   9.9  16.0  20.6  23.1  20.1  14.3   9.0  -0.4  -0.1 
1915   3.5  -0.1   2.7  10.3  14.6  19.7  23.3  19.6  14.7   9.3   5.3   2.3 
1916  -1.6   1.0   5.2  10.1  15.9  19.6  21.6  19.5  13.8  11.0   4.2   0.2 
1917 -99.0 -99.0 -99.0 -99.0 -99.0 -99.0 -99.0 -99.0 -99.0 -99.0 -99.0 -99.0 
1918 -99.0 -99.0 -99.0 -99.0 -99.0 -99.0 -99.0 -99.0 -99.0 -99.0 -99.0 -99.0 
1919 -99.0 -99.0 -99.0 -99.0 -99.0 -99.0 -99.0 -99.0 -99.0 -99.0 -99.0 -99.0 
1920 -99.0 -99.0 -99.0 -99.0 -99.0 -99.0 -99.0 -99.0 -99.0 -99.0 -99.0 -99.0 
1921 -99.0 -99.0 -99.0 -99.0 -99.0 -99.0 -99.0 -99.0 -99.0 -99.0 -99.0 -99.0 
1922 -99.0 -99.0 -99.0 -99.0 -99.0 -99.0 -99.0 -99.0 -99.0 -99.0 -99.0 -99.0 
1923 -99.0 -99.0 -99.0 -99.0 -99.0 -99.0 -99.0 -99.0 -99.0 -99.0 -99.0 -99.0 
1924 -99.0 -99.0 -99.0 -99.0 -99.0 -99.0 -99.0 -99.0 -99.0 -99.0 -99.0 -99.0 
1925 -99.0 -99.0 -99.0 -99.0 -99.0 -99.0 -99.0 -99.0 -99.0 -99.0 -99.0 -99.0 
1926 -99.0 -99.0 -99.0 -99.0 -99.0 -99.0 -99.0 -99.0 -99.0 -99.0 -99.0 -99.0 
1927 -99.0 -99.0 -99.0 -99.0 -99.0 -99.0 -99.0 -99.0 -99.0 -99.0 -99.0 -99.0 
1928 -99.0 -99.0 -99.0 -99.0 -99.0 -99.0 -99.0 -99.0 -99.0 -99.0 -99.0 -99.0 
1929 -99.0 -99.0 -99.0 -99.0 -99.0 -99.0 -99.0 -99.0 -99.0 -99.0 -99.0 -99.0 
1930 -99.0 -99.0 -99.0 -99.0 -99.0 -99.0 -99.0  23.2 -99.0  11.3 -99.0 -99.0 
1931 -99.0 -99.0 -99.0 -99.0 -99.0 -99.0 -99.0 -99.0 -99.0 -99.0 -99.0 -99.0 
1932  -1.7 -99.0 -99.0   9.1  15.6  20.0  21.9  21.2  18.3  13.4   3.3 -99.0 
1933 -99.0  -3.3   1.2 -99.0 -99.0 -99.0 -99.0 -99.0  14.4  11.2 -99.0 -99.0 
1934 -99.0 -99.0 -99.0 -99.0 -99.0 -99.0 -99.0 -99.0 -99.0 -99.0 -99.0 -99.0 
1935  -7.9  -1.0   1.8   9.5  14.5  20.9  21.9  22.1  17.3  13.5   1.2   2.9 
1936   2.2  -2.2   4.4   9.2  15.1  19.8  25.4  22.2  15.5   9.2   5.1  -0.4 
1937  -5.7  -2.4   5.4   8.5  16.7  19.4  24.2  22.1  19.6  10.3   5.9   4.1 
1938  -2.8  -1.4   3.6   8.4  14.6  20.0  26.0  23.7  17.9  12.6   6.0  -3.5 
1939   0.5   0.6   2.1  10.0  16.0  21.5  23.9  22.8  16.0   9.1   3.6   0.6 
1940  -7.4  -2.4   1.2   8.6  13.2  19.5  22.9  21.4  16.2   9.5   7.8  -4.1 
1941  -3.6   1.1   1.6  10.8  14.1  18.8  23.0 -99.0 -99.0   8.6 -99.0 -99.0 
1942 -11.0  -3.6  -1.9   6.5  15.3  19.9  21.7  21.1  17.0  10.4   1.8  -0.9 
1943  -5.0  -4.9   1.5  10.3  15.5  19.5  21.3  22.4  16.8 -99.0 -99.0 -99.0 
1944 -99.0 -99.0   3.9   8.3  13.3  19.8  22.3  20.5  17.5  12.4   6.8  -1.7 
1945  -2.9  -4.6   0.5   7.3  14.4  19.6  22.1  21.7  16.7   8.8   2.3  -3.2 
1946  -3.7   0.3   2.7   9.5  17.7  23.1  23.6  24.3 -99.0   6.5   4.1  -3.9 
1947 -11.1  -2.7   5.6  10.0  15.0  21.7  24.1  21.3  16.3   6.3   4.6   2.4 
1948   3.4  -2.0  -0.3   8.4  17.3  21.4  21.7  23.1  16.0  10.1   1.9  -6.2 
1949  -1.8  -3.7   2.6   7.5  17.8  19.1  21.8  21.0  16.7   8.7   7.1   2.6 
1950 -11.7  -1.4   3.3  14.1  18.1  19.9  22.1  20.7  18.5   9.3   5.0   3.3 
1951  -2.5  -2.0   4.7  12.4  16.2  20.4  23.7  23.9  17.0   5.7   5.4   0.6 
1952   1.9   0.9  -0.6  10.0  13.9  18.4  22.1  23.1  18.5  13.1   6.8   1.3 
1953  -1.1  -1.5   1.4   8.8  14.5  21.8  23.8  23.2  15.8   9.7  -2.2  -4.5 
1954 -12.3 -15.0   0.6   6.8  16.8  23.3  24.1  23.6  19.4  11.6   7.2   0.5 
1955   0.8   3.0   1.5   6.8  15.1  18.5  23.3  21.7  18.1  14.1   1.8   0.2 
1956  -1.3  -9.0  -0.1   9.1  14.3  19.6  20.4  22.3  14.0  10.1   0.1  -0.9 
1957  -3.5   1.5   0.6  10.6  15.9  20.7  23.7  23.8  18.2   9.0   5.1   0.2 
1958  -0.7   2.6   2.2   8.3  17.5  19.0  22.4  22.6  14.2   8.9   2.6   2.3 
1959  -0.2  -4.2   2.1   9.0  15.1  19.5  25.4  22.1  13.8   6.6   3.4  -1.8 
1960  -0.3  -1.3   0.4   9.0  15.3  21.1  22.9  20.8  14.4  13.3   7.3   5.8 
1961  -2.0  -0.9   4.5  10.8  14.4  21.2  21.9  22.3  16.5   9.7   5.8   0.1 
1962  -0.4  -1.2   4.4  10.6  16.2  20.3  22.0  22.7  16.9  11.6   6.5  -0.4 
1963  -9.4  -0.7  -0.8   9.0  17.4  20.2  24.1  23.1  19.0  10.3   7.0  -2.6 
1964  -6.0  -3.2   0.1   9.0  13.4  21.9  22.3  20.0  16.8  11.9   4.3   3.5 
1965  -1.6  -6.3   3.1   5.9  14.2  20.5  22.0  20.8  17.5   8.0   4.2   4.1 
1966   2.0   3.1   5.0  12.4  15.6  18.0  23.6  22.9  15.4  13.2   6.4   2.4 
1967  -5.1  -4.7   2.1   9.9  17.0  18.8  22.7  23.1  17.5  12.7   6.7  -0.3 
1968  -3.9  -1.0   4.2  10.8  18.4  20.5  21.8  21.3  17.7   9.5   4.3  -0.9 
1969  -6.7  -4.2   0.1   8.4  15.2  19.8  20.6  22.0  15.7   8.4   6.7  -0.4 
1970  -1.2   0.6   4.4  11.9  15.4  18.4  24.2  20.5  15.7   8.3   5.2  -0.6 
1971   0.2  -1.9   1.9   8.5  16.0  19.9  23.3  22.8  17.3   8.8   5.7   1.6 
1972 -10.5  -3.8   1.8  13.0  16.8  23.0  24.6  23.6  16.6  10.0   5.7   0.4 
1973  -6.2   1.6   2.3  10.1  14.9  18.3  22.0  19.3  14.2   9.5   1.7   0.6 
1974  -5.0   0.7   3.2   7.0  13.9  19.0  21.2  21.7  17.5  14.5   4.6   2.5 
1975   0.6  -1.5   4.5  12.8  17.5  23.1  23.8  22.5  18.7  10.2   2.1  -0.5 
1976  -2.2  -9.5   1.3  11.1  13.7  18.5  21.0  18.9  15.1   5.6   3.3   1.3 
1977  -5.4   3.6   3.9   9.5  15.3  19.0  21.1  21.0  14.4   7.9   7.2  -3.2 
1978  -4.0  -0.1   5.4   9.1  13.6  18.3  20.7  19.8  16.5  10.6   4.6  -1.6 
1979  -1.4  -1.1   5.0   8.8  18.7  21.5  20.8  22.6  16.8   8.1   4.4   2.2 
1980  -5.9  -1.2   0.4   8.9 -99.0  18.8  22.3  20.1  15.3  10.6   5.5   2.9 
1981   0.4   1.4   3.4   7.6  14.0  22.3  23.4  22.1  16.7  12.4   4.9   4.1 
1982  -3.0  -3.4   2.5   8.9  15.3  18.9  20.5  21.7  18.0   9.3   3.8   3.5 
1983  -0.4  -0.3   3.7  11.4  17.4  19.4  22.6  19.9  17.1   9.6   2.3  -0.9 
1984   1.2  -3.3   2.3   8.9  17.0  19.2  21.7  20.5  18.0  12.0   2.6  -3.3 
1985  -3.4 -11.4  -4.4   9.9  17.4  18.4  20.3  22.7  14.7   8.6   3.3  -0.8 
1986   0.7  -4.7   2.6  10.9  15.1  20.3  21.7  23.0  17.1   9.2   1.7  -2.1 
1987  -7.8 -99.0  -5.4   6.2  14.4  19.4  23.5  19.5  15.7   8.3   5.0  -1.4 
1988  -3.6  -1.2   4.3   9.6  15.6  20.2  24.0  22.2  16.3   9.6  -0.1  -1.2 
1989  -0.3   2.7   6.4  11.8  15.2  20.3  21.8  23.0  16.5  10.4   3.0   0.8 
1990 -99.0 -99.0 -99.0 -99.0 -99.0 -99.0 -99.0 -99.0 -99.0 -99.0 -99.0 -99.0 
1991 -99.0 -99.0 -99.0 -99.0 -99.0 -99.0 -99.0 -99.0 -99.0 -99.0 -99.0 -99.0 
1992 -99.0 -99.0 -99.0 -99.0 -99.0 -99.0 -99.0 -99.0 -99.0 -99.0 -99.0 -99.0 
1993 -99.0 -99.0 -99.0 -99.0 -99.0 -99.0 -99.0 -99.0 -99.0 -99.0 -99.0 -99.0 
1994 -99.0 -99.0 -99.0 -99.0 -99.0 -99.0 -99.0 -99.0 -99.0 -99.0 -99.0 -99.0 
1995 -99.0 -99.0 -99.0 -99.0 -99.0 -99.0 -99.0 -99.0 -99.0 -99.0 -99.0 -99.0 
1996 -99.0 -99.0 -99.0 -99.0 -99.0 -99.0 -99.0 -99.0 -99.0 -99.0 -99.0 -99.0 
1997 -99.0 -99.0 -99.0 -99.0 -99.0 -99.0 -99.0 -99.0 -99.0 -99.0 -99.0 -99.0 
1998 -99.0 -99.0 -99.0 -99.0 -99.0 -99.0 -99.0 -99.0 -99.0 -99.0 -99.0 -99.0 
1999 -99.0 -99.0 -99.0 -99.0 -99.0 -99.0 -99.0 -99.0 -99.0 -99.0 -99.0 -99.0 
2000 -99.0 -99.0 -99.0 -99.0 -99.0 -99.0 -99.0 -99.0 -99.0 -99.0 -99.0 -99.0 
2001 -99.0 -99.0 -99.0 -99.0 -99.0 -99.0 -99.0 -99.0 -99.0 -99.0 -99.0 -99.0 
2002 -99.0 -99.0 -99.0 -99.0 -99.0 -99.0 -99.0 -99.0 -99.0 -99.0 -99.0 -99.0 
2003 -99.0 -99.0 -99.0 -99.0 -99.0 -99.0 -99.0 -99.0 -99.0 -99.0 -99.0 -99.0 
2004 -99.0 -99.0 -99.0 -99.0 -99.0 -99.0 -99.0 -99.0 -99.0 -99.0 -99.0 -99.0 
2005 -99.0 -99.0 -99.0 -99.0 -99.0 -99.0 -99.0 -99.0 -99.0 -99.0 -99.0 -99.0 
2006 -99.0 -99.0 -99.0 -99.0 -99.0 -99.0 -99.0 -99.0 -99.0 -99.0 -99.0 -99.0 
2007 -99.0 -99.0 -99.0 -99.0 -99.0 -99.0 -99.0 -99.0 -99.0 -99.0 -99.0 -99.0 
2008 -99.0 -99.0 -99.0 -99.0 -99.0 -99.0 -99.0 -99.0 -99.0 -99.0 -99.0 -99.0 
2009 -99.0 -99.0 -99.0 -99.0 -99.0 -99.0 -99.0 -99.0 -99.0 -99.0 -99.0 -99.0 
2010 -99.0 -99.0 -99.0 -99.0 -99.0  22.5  24.7  26.0  17.8   7.8   9.7   2.0 
