Number= 339460
Name= SIMFEROPOL'
Country= UKRAINE
Lat=   45.0
Long=  -34.0
Height= 205
Start year= 1821
End year= 2011
First Good year= 1821
Source ID= 10
Source file= Jones+Anders
Jones data to= 2001
Normals source= Data
Normals source start year= 1961
Normals source end year= 1990
Normals=  -0.4   0.3   3.6  10.2  15.2  19.2  21.5  21.0  16.5  10.7   6.3   2.4 
Standard deviations source= Data
Standard deviations source start year= 1941
Standard deviations source end year= 1990
Standard deviations=   2.7   3.5   2.3   1.9   1.3   1.2   1.2   1.3   1.4   2.2   2.3   2.1 
Obs:
1821 -99.0 -99.0 -99.0 -99.0 -99.0 -99.0 -99.0  19.1  15.0  10.3   4.3   3.1 
1822   3.0  -0.9   2.9   8.8  12.6  13.8  20.0  18.9  14.6  10.1   5.2  -1.7 
1823  -1.7   3.7   6.7   8.8 -99.0 -99.0  21.2 -99.0  13.9   9.4   4.7   4.1 
1824   2.6   1.6   6.7   8.6  14.2  18.7  19.6  21.8  17.4  12.5   7.2   5.1 
1825  -1.6  -1.5  -0.4   5.5  12.2  17.4  18.6  19.4  15.4  10.3  10.9   4.0 
1826   0.0  -3.4   1.4   6.4  12.6  16.4  22.1 -99.0  16.8   9.2   8.0   4.9 
1827   3.8   0.6   6.7   9.5  14.7  20.9  22.8  22.7  15.5  12.2   8.0   1.7 
1828  -3.3  -3.0   6.3  10.8  14.8  21.1  23.3  22.3  14.5   9.5   6.9  -2.2 
1829  -0.7   0.9   3.9  12.4  14.1  17.1  20.1  21.3  17.2  10.8   3.7  -1.8 
1830  -1.5  -0.6   1.4   8.4  16.4  20.3  20.5  22.4  16.8   9.2   4.9   6.3 
1831  -0.6   1.6   4.2   8.9  15.7  19.8  20.3  19.4  14.1   8.6   5.3   0.4 
1832  -2.0  -3.1   0.2   6.2  14.7  17.2  18.2 -99.0 -99.0   8.4   1.4  -0.8 
1833  -1.8   1.8   2.6   9.9  14.9  20.6  21.4 -99.0 -99.0 -99.0   4.1   1.5 
1834   0.1  -3.8   4.2   8.7  16.8  19.2  19.3  20.1 -99.0 -99.0   4.8  -0.4 
1835  -0.1   2.4   4.3   8.7  14.4  17.6  20.0  17.6 -99.0 -99.0   3.5  -2.6 
1836  -4.8  -1.5   7.5  10.0  13.2  18.4  17.9  18.1  16.6  14.1   7.1   4.3 
1837   0.4  -1.8   4.7  11.8  14.7  17.0  18.2  19.8  16.8   8.1   7.0  -3.2 
1838  -5.5   1.3   3.9   9.5  13.9  17.2  18.8  18.7  18.0   7.5   8.2  -0.9 
1839  -0.2   0.8  -0.1   6.0  14.6  18.2  20.9  23.5  17.3  10.3   6.8  -0.8 
1840  -1.3  -0.8   0.6   5.2  13.3  17.0  23.4  19.2  16.1  11.2   6.8  -3.7 
1841   1.6  -1.0   0.8  10.8  14.5  18.5  22.6  21.1  17.9  13.7   5.4   2.4 
1842  -1.1  -2.2   2.7   7.5  14.2  18.2  19.7  18.4  17.2 -99.0   8.8   1.9 
1843   1.4   4.3   2.6   8.3  13.0  18.1  19.1  18.7  14.3  12.2   4.9   1.4 
1844   0.6   5.3   4.6   6.0  14.5  17.4  21.9  20.8  18.1  11.0   6.3  -3.9 
1845  -0.5   0.0   5.4  11.0  15.4  19.2  22.4  20.9  14.8  12.0   5.8   4.2 
1846   1.1   0.8   5.2  10.9  13.8  16.1  21.3  22.0  18.2  12.2   1.3   7.1 
1847  -4.4   2.9   3.2  11.2  15.6  18.2  21.6  22.0  18.8  11.1   5.3  -2.5 
1848  -2.4   3.5   5.4  12.8  14.4  21.6  22.5  23.0  16.4  13.0   7.4  -0.8 
1849  -2.0  -0.4   3.1  10.3  14.5  18.8  20.9  20.1  15.1  12.8   9.8   2.2 
1850  -3.7   0.0   1.3   8.0  14.3  20.7  21.6  22.8  16.0  13.9   7.3   1.2 
1851  -2.1  -0.8   4.7  10.0  19.0  18.5  20.9  21.4  18.0  12.5  12.1   0.9 
1852   1.2   0.6   2.2   7.0  13.5  18.6  19.3  19.6  15.8  12.4   8.3   3.9 
1853   2.7   4.6   6.8 -99.0 -99.0 -99.0 -99.0 -99.0 -99.0 -99.0 -99.0 -99.0 
1854 -99.0 -99.0 -99.0 -99.0 -99.0 -99.0 -99.0 -99.0 -99.0 -99.0 -99.0 -99.0 
1855 -99.0 -99.0 -99.0 -99.0 -99.0 -99.0 -99.0 -99.0 -99.0 -99.0 -99.0 -99.0 
1856 -99.0 -99.0 -99.0 -99.0 -99.0 -99.0 -99.0 -99.0 -99.0 -99.0 -99.0 -99.0 
1857 -99.0 -99.0 -99.0 -99.0 -99.0 -99.0 -99.0 -99.0 -99.0 -99.0 -99.0 -99.0 
1858 -99.0 -99.0 -99.0 -99.0 -99.0 -99.0 -99.0 -99.0 -99.0 -99.0 -99.0 -99.0 
1859 -99.0 -99.0 -99.0 -99.0 -99.0 -99.0 -99.0 -99.0 -99.0 -99.0 -99.0 -99.0 
1860 -99.0 -99.0 -99.0 -99.0 -99.0 -99.0 -99.0 -99.0 -99.0 -99.0 -99.0 -99.0 
1861 -99.0 -99.0 -99.0 -99.0 -99.0 -99.0 -99.0 -99.0 -99.0 -99.0 -99.0 -99.0 
1862 -99.0 -99.0 -99.0 -99.0 -99.0 -99.0 -99.0 -99.0 -99.0 -99.0 -99.0 -99.0 
1863 -99.0 -99.0 -99.0 -99.0 -99.0 -99.0 -99.0 -99.0 -99.0 -99.0 -99.0 -99.0 
1864 -99.0 -99.0 -99.0 -99.0 -99.0 -99.0 -99.0 -99.0 -99.0 -99.0 -99.0 -99.0 
1865 -99.0 -99.0 -99.0 -99.0 -99.0 -99.0 -99.0 -99.0 -99.0 -99.0 -99.0 -99.0 
1866  -0.3   0.6   8.6   9.0  13.9  19.4  21.9  20.1  14.9   6.8   4.6   0.2 
1867   5.2   0.3  -0.1  10.4  14.8  17.4  21.4  18.4  14.3  10.4   2.8   2.4 
1868   0.0  -4.3   2.5   7.5  13.4  19.8  19.5  21.1  16.8  13.4   4.2   2.0 
1869  -6.6   1.5   8.4   8.9  15.8  19.6  19.5  23.2  15.3  12.4   7.6   3.8 
1870   1.1  -3.5   4.8   6.3  16.9  17.9  20.8  19.7  14.7   9.5  10.6   3.3 
1871  -1.9  -1.3   2.8   8.6  12.7  18.3  22.1  22.4  14.5   8.7   9.0  -0.8 
1872   1.6  -5.4   5.9  12.6  18.5  17.5 -99.0 -99.0 -99.0 -99.0 -99.0 -99.0 
1873 -99.0 -99.0 -99.0 -99.0 -99.0 -99.0 -99.0 -99.0 -99.0 -99.0 -99.0 -99.0 
1874 -99.0 -99.0 -99.0 -99.0 -99.0 -99.0 -99.0 -99.0 -99.0 -99.0 -99.0 -99.0 
1875 -99.0 -99.0 -99.0 -99.0 -99.0 -99.0 -99.0 -99.0 -99.0 -99.0 -99.0 -99.0 
1876 -99.0 -99.0 -99.0 -99.0 -99.0 -99.0 -99.0 -99.0 -99.0 -99.0 -99.0 -99.0 
1877 -99.0 -99.0 -99.0 -99.0 -99.0 -99.0 -99.0 -99.0 -99.0 -99.0 -99.0 -99.0 
1878 -99.0 -99.0 -99.0 -99.0 -99.0 -99.0 -99.0 -99.0 -99.0 -99.0 -99.0 -99.0 
1879 -99.0 -99.0 -99.0 -99.0 -99.0 -99.0 -99.0 -99.0 -99.0 -99.0 -99.0 -99.0 
1880 -99.0 -99.0 -99.0 -99.0 -99.0 -99.0 -99.0 -99.0 -99.0 -99.0 -99.0 -99.0 
1881 -99.0 -99.0 -99.0 -99.0 -99.0 -99.0 -99.0 -99.0 -99.0 -99.0 -99.0 -99.0 
1882 -99.0 -99.0 -99.0 -99.0 -99.0 -99.0 -99.0 -99.0 -99.0 -99.0 -99.0 -99.0 
1883 -99.0 -99.0 -99.0 -99.0 -99.0 -99.0 -99.0 -99.0 -99.0 -99.0 -99.0 -99.0 
1884 -99.0 -99.0 -99.0 -99.0 -99.0 -99.0 -99.0 -99.0 -99.0 -99.0 -99.0 -99.0 
1885 -99.0 -99.0 -99.0 -99.0 -99.0 -99.0 -99.0 -99.0 -99.0 -99.0 -99.0 -99.0 
1886 -99.0 -99.0 -99.0 -99.0 -99.0 -99.0 -99.0 -99.0 -99.0 -99.0 -99.0 -99.0 
1887 -99.0 -99.0 -99.0 -99.0 -99.0 -99.0 -99.0 -99.0 -99.0 -99.0 -99.0 -99.0 
1888 -99.0 -99.0 -99.0 -99.0 -99.0 -99.0 -99.0 -99.0 -99.0 -99.0 -99.0 -99.0 
1889 -99.0 -99.0 -99.0 -99.0 -99.0 -99.0 -99.0 -99.0 -99.0 -99.0 -99.0 -99.0 
1890 -99.0 -99.0 -99.0 -99.0 -99.0 -99.0 -99.0 -99.0 -99.0 -99.0 -99.0 -99.0 
1891 -99.0 -99.0 -99.0 -99.0 -99.0 -99.0 -99.0 -99.0 -99.0 -99.0 -99.0 -99.0 
1892 -99.0 -99.0 -99.0 -99.0 -99.0 -99.0 -99.0 -99.0 -99.0 -99.0 -99.0 -99.0 
1893 -99.0 -99.0 -99.0 -99.0 -99.0 -99.0 -99.0 -99.0 -99.0 -99.0 -99.0 -99.0 
1894 -99.0 -99.0 -99.0 -99.0 -99.0 -99.0 -99.0 -99.0 -99.0 -99.0 -99.0 -99.0 
1895 -99.0 -99.0 -99.0 -99.0 -99.0 -99.0 -99.0 -99.0 -99.0 -99.0 -99.0 -99.0 
1896 -99.0 -99.0 -99.0 -99.0 -99.0 -99.0 -99.0 -99.0 -99.0 -99.0 -99.0 -99.0 
1897 -99.0 -99.0 -99.0 -99.0 -99.0 -99.0 -99.0 -99.0 -99.0 -99.0 -99.0 -99.0 
1898 -99.0 -99.0 -99.0 -99.0 -99.0 -99.0 -99.0 -99.0 -99.0 -99.0 -99.0 -99.0 
1899 -99.0 -99.0 -99.0 -99.0 -99.0 -99.0 -99.0 -99.0 -99.0 -99.0 -99.0 -99.0 
1900 -99.0 -99.0 -99.0 -99.0 -99.0 -99.0 -99.0 -99.0 -99.0 -99.0 -99.0 -99.0 
1901 -99.0 -99.0 -99.0 -99.0 -99.0 -99.0 -99.0 -99.0 -99.0 -99.0 -99.0 -99.0 
1902 -99.0 -99.0 -99.0 -99.0 -99.0 -99.0 -99.0 -99.0 -99.0 -99.0 -99.0 -99.0 
1903 -99.0 -99.0 -99.0 -99.0 -99.0 -99.0 -99.0 -99.0 -99.0 -99.0 -99.0 -99.0 
1904 -99.0 -99.0 -99.0 -99.0 -99.0 -99.0 -99.0 -99.0 -99.0 -99.0 -99.0 -99.0 
1905 -99.0 -99.0 -99.0 -99.0 -99.0 -99.0 -99.0 -99.0 -99.0 -99.0 -99.0 -99.0 
1906 -99.0 -99.0 -99.0 -99.0 -99.0 -99.0 -99.0 -99.0 -99.0 -99.0 -99.0 -99.0 
1907 -99.0 -99.0 -99.0 -99.0 -99.0 -99.0 -99.0 -99.0 -99.0 -99.0 -99.0 -99.0 
1908 -99.0 -99.0 -99.0 -99.0 -99.0 -99.0 -99.0 -99.0 -99.0 -99.0 -99.0 -99.0 
1909 -99.0 -99.0 -99.0 -99.0 -99.0 -99.0 -99.0 -99.0 -99.0 -99.0 -99.0 -99.0 
1910 -99.0 -99.0 -99.0 -99.0 -99.0 -99.0 -99.0 -99.0 -99.0 -99.0 -99.0 -99.0 
1911 -99.0 -99.0 -99.0 -99.0 -99.0 -99.0 -99.0 -99.0 -99.0 -99.0 -99.0 -99.0 
1912 -99.0 -99.0 -99.0 -99.0 -99.0 -99.0 -99.0 -99.0 -99.0 -99.0 -99.0 -99.0 
1913 -99.0 -99.0 -99.0 -99.0 -99.0 -99.0 -99.0 -99.0 -99.0 -99.0 -99.0 -99.0 
1914 -99.0 -99.0 -99.0 -99.0 -99.0 -99.0 -99.0 -99.0 -99.0 -99.0 -99.0 -99.0 
1915 -99.0 -99.0 -99.0 -99.0 -99.0 -99.0 -99.0 -99.0 -99.0 -99.0 -99.0 -99.0 
1916 -99.0 -99.0 -99.0 -99.0 -99.0 -99.0 -99.0 -99.0 -99.0 -99.0 -99.0 -99.0 
1917 -99.0 -99.0 -99.0 -99.0 -99.0 -99.0 -99.0 -99.0 -99.0 -99.0 -99.0 -99.0 
1918 -99.0 -99.0 -99.0 -99.0 -99.0 -99.0 -99.0 -99.0 -99.0 -99.0 -99.0 -99.0 
1919 -99.0 -99.0 -99.0 -99.0 -99.0 -99.0 -99.0 -99.0 -99.0 -99.0 -99.0 -99.0 
1920 -99.0 -99.0 -99.0 -99.0 -99.0 -99.0 -99.0 -99.0 -99.0 -99.0 -99.0 -99.0 
1921 -99.0 -99.0 -99.0 -99.0 -99.0 -99.0 -99.0 -99.0 -99.0 -99.0 -99.0 -99.0 
1922 -99.0 -99.0 -99.0 -99.0 -99.0 -99.0 -99.0 -99.0 -99.0 -99.0 -99.0 -99.0 
1923 -99.0 -99.0 -99.0 -99.0 -99.0 -99.0 -99.0 -99.0 -99.0 -99.0 -99.0 -99.0 
1924 -99.0 -99.0 -99.0 -99.0 -99.0 -99.0 -99.0 -99.0 -99.0 -99.0 -99.0 -99.0 
1925 -99.0 -99.0 -99.0 -99.0 -99.0 -99.0 -99.0 -99.0 -99.0 -99.0 -99.0 -99.0 
1926 -99.0 -99.0 -99.0 -99.0 -99.0 -99.0 -99.0 -99.0 -99.0 -99.0 -99.0 -99.0 
1927 -99.0 -99.0 -99.0 -99.0 -99.0 -99.0 -99.0 -99.0 -99.0 -99.0 -99.0 -99.0 
1928 -99.0 -99.0 -99.0 -99.0 -99.0 -99.0 -99.0 -99.0 -99.0 -99.0 -99.0 -99.0 
1929 -99.0 -99.0 -99.0 -99.0 -99.0 -99.0 -99.0 -99.0 -99.0 -99.0 -99.0 -99.0 
1930 -99.0 -99.0 -99.0 -99.0 -99.0 -99.0 -99.0 -99.0 -99.0 -99.0 -99.0 -99.0 
1931 -99.0 -99.0 -99.0 -99.0 -99.0 -99.0 -99.0 -99.0 -99.0 -99.0 -99.0 -99.0 
1932 -99.0 -99.0 -99.0 -99.0 -99.0 -99.0 -99.0 -99.0 -99.0 -99.0 -99.0 -99.0 
1933 -99.0 -99.0 -99.0 -99.0 -99.0 -99.0 -99.0 -99.0 -99.0 -99.0 -99.0 -99.0 
1934 -99.0 -99.0 -99.0 -99.0 -99.0 -99.0 -99.0 -99.0 -99.0 -99.0 -99.0 -99.0 
1935 -99.0 -99.0 -99.0 -99.0 -99.0 -99.0 -99.0 -99.0 -99.0 -99.0 -99.0 -99.0 
1936 -99.0 -99.0 -99.0 -99.0 -99.0 -99.0 -99.0 -99.0 -99.0 -99.0 -99.0 -99.0 
1937 -99.0 -99.0 -99.0 -99.0 -99.0 -99.0 -99.0 -99.0 -99.0 -99.0 -99.0 -99.0 
1938 -99.0 -99.0 -99.0 -99.0 -99.0 -99.0 -99.0 -99.0 -99.0 -99.0 -99.0 -99.0 
1939 -99.0 -99.0 -99.0 -99.0 -99.0 -99.0 -99.0 -99.0 -99.0 -99.0 -99.0 -99.0 
1940 -99.0 -99.0 -99.0 -99.0 -99.0 -99.0 -99.0 -99.0 -99.0 -99.0 -99.0 -99.0 
1941 -99.0 -99.0 -99.0 -99.0 -99.0 -99.0 -99.0 -99.0 -99.0 -99.0 -99.0 -99.0 
1942 -99.0 -99.0 -99.0 -99.0 -99.0 -99.0 -99.0 -99.0 -99.0 -99.0 -99.0 -99.0 
1943 -99.0 -99.0 -99.0 -99.0 -99.0 -99.0 -99.0 -99.0 -99.0 -99.0 -99.0 -99.0 
1944 -99.0 -99.0 -99.0 -99.0 -99.0 -99.0 -99.0 -99.0 -99.0 -99.0 -99.0 -99.0 
1945 -99.0 -99.0 -99.0 -99.0 -99.0 -99.0 -99.0 -99.0 -99.0 -99.0 -99.0 -99.0 
1946 -99.0 -99.0 -99.0 -99.0 -99.0 -99.0 -99.0 -99.0 -99.0 -99.0 -99.0 -99.0 
1947 -99.0 -99.0 -99.0 -99.0 -99.0 -99.0 -99.0 -99.0 -99.0 -99.0 -99.0 -99.0 
1948 -99.0 -99.0 -99.0 -99.0 -99.0 -99.0 -99.0 -99.0 -99.0 -99.0 -99.0 -99.0 
1949 -99.0 -99.0 -99.0 -99.0 -99.0 -99.0 -99.0 -99.0 -99.0 -99.0 -99.0 -99.0 
1950 -99.0 -99.0 -99.0 -99.0 -99.0 -99.0 -99.0 -99.0 -99.0 -99.0 -99.0 -99.0 
1951  -0.2   0.2   5.6  12.2  15.5  19.3  22.0  22.8  16.6   5.5   7.3   1.0 
1952   2.8   2.1   0.9   8.8  13.0  18.0  21.6  22.5  18.4  13.7   8.4   4.3 
1953   1.1   0.8   0.4   8.6  14.2  20.5  22.8  22.2  15.5  10.1  -0.4  -2.4 
1954  -7.0  -9.8   2.2   7.0  16.4  21.5  22.8  23.0  18.6  11.8   8.8   2.4 
1955   2.8   4.6   2.6   6.9  14.5  18.4  22.1  20.2  17.7  14.8   3.3   1.8 
1956   1.0  -6.3  -0.8   9.6  13.2  18.5  19.8  21.6  13.6  10.2   1.7   0.3 
1957  -1.6   3.1   1.5   9.8  14.1  20.6  23.0  23.0  18.0   9.7   5.6   1.6 
1958   0.6   4.6   3.1   8.4  17.2  18.4  21.8  22.0  14.3   9.6   4.2   4.6 
1959   1.9  -3.1   1.5   9.4  14.4  18.8  24.0  21.2  13.0   6.6   5.4   2.4 
1960   1.9  -0.4   0.7   8.6  15.2  19.8  21.6  19.7  14.6  14.4   8.8   8.4 
1961   0.0  -1.0   4.1  12.0  14.5  20.4  21.5  21.9  15.4  10.0   7.4   2.5 
1962   1.6   0.8   5.9  10.5  16.6  19.6  21.6  22.1  16.5  11.8  10.0   2.2 
1963  -4.5   2.8   0.6   8.5  16.2  19.8  23.5  22.5  18.5  10.5   8.1   0.5 
1964  -4.6  -1.4   2.1   9.5  12.4  20.9  21.5  19.1  16.4  12.3   5.4   4.6 
1965   0.8  -2.8   3.7   6.7  14.2  20.2  21.3  20.4  17.0   8.2   6.8   6.1 
1966   3.7   5.2   5.4  12.2  14.9  17.7  23.2  21.9  15.8  14.9   9.2   4.5 
1967  -1.2  -1.9   3.3  11.0  16.4  18.1  22.1  22.2  17.3  12.8   7.7   2.8 
1968  -1.1   1.1   4.5  11.5  18.4  19.1  20.8  20.3  17.9  10.2   5.9   1.0 
1969  -3.9  -0.7   1.7   8.1  15.6  20.0  19.3  21.7  16.2   9.1   8.5   2.8 
1970   2.1   3.4   5.1  12.8  14.3  18.0  23.2  20.1  15.9   9.2   6.8   1.6 
1971   3.5   0.5   3.8   9.7  15.8  18.9  22.4  22.4  17.8   9.0   7.1   2.1 
1972  -6.4  -1.6   2.5  13.3  16.5  21.0  22.8  22.1  16.6  10.8   7.2   0.9 
1973  -3.3   4.1   3.3  10.7  14.3  17.9  20.6  18.7  15.5  10.9   3.4   2.9 
1974  -3.1   2.4   4.1   6.9  14.6  19.1  20.4  20.8  16.0  15.9   6.5   3.8 
1975   1.6  -1.5   6.4  13.3  15.9  22.4  22.7  21.8  18.1  11.0   4.7   0.8 
1976  -0.2  -5.9   2.2  11.5  14.0  18.1  20.1  18.8  15.4   7.4   5.8   3.4 
1977  -2.2   6.5   4.0  10.4  14.6  18.1  21.3  21.0  14.6   8.4   9.0  -0.9 
1978  -0.5   3.7   6.3   9.3  14.1  18.1  20.3  19.3  16.5  11.4   5.4   0.8 
1979   1.8   0.6   6.7   9.8  17.5  20.8  19.8  21.8  17.0   9.1   6.4   3.6 
1980  -2.9  -2.9   1.6   9.4  14.1  18.2  21.7  19.8  15.0  12.1   7.0   4.6 
1981   1.9   1.9   4.4   7.9  13.5  21.4  22.4  21.3  16.8  14.0   6.0   6.8 
1982  -0.3  -2.3   2.0   9.5  15.7  18.9  19.5  20.8  18.1  10.5   5.2   4.8 
1983   0.8   1.2   4.6  12.2  16.8  18.5  21.3  19.5  17.1  10.3   4.1   1.9 
1984   3.5   0.2   4.1   8.6  16.6  18.7  21.2  19.2  19.0  12.7   5.2  -1.2 
1985  -0.1  -8.0  -1.2   9.8  17.1  17.9  19.1  22.3  14.3   9.0   5.5   2.1 
1986   3.3  -2.3   3.4  11.8  14.5  20.2  21.2  22.7  17.3   9.7   2.5   0.8 
1987  -2.5  -0.1  -3.9   6.7  14.0  18.4  22.8  18.9  15.9   9.1   6.4   0.2 
1988  -0.8   0.6   4.6   9.8  14.7  19.2  23.1  21.9  16.0   9.8   1.4   0.8 
1989  -0.3   2.5   6.2  12.9  14.6  18.4  21.3  23.0  16.3  10.9   4.2   2.4 
1990   0.4   3.0   5.9  10.3  14.2  18.6  22.3  20.8  16.0  10.6   9.3   2.8 
1991   0.7  -1.9   2.1   9.6  13.6  19.8  23.5  21.3  16.0   6.7   6.5   0.2 
1992  -1.2  -1.5   4.7   8.7  13.4  18.4  20.2  23.4  15.1  11.5   5.7  -5.7 
1993  -0.8  -1.3   4.4   8.3  14.5  18.3  20.1  21.2  15.1  11.6  -1.8   3.4 
1994   2.5  -1.6   4.0  12.8  14.6  18.0  22.8  22.3  21.4  13.4   4.3   0.4 
1995   0.7   4.0   6.2   9.3 -99.0  20.8  22.7  21.2  16.9  10.5   4.2  -0.2 
1996  -3.6   0.3   0.7   8.7  17.2  19.1  23.6  20.6  14.6  10.4   9.4   2.5 
1997  -1.6  -0.2   1.4   7.4  16.4  19.4  20.8  20.2  12.8   9.9   6.8   2.5 
1998   0.3   0.6   3.2  12.7  15.2  20.4  23.1  22.5  17.7  12.3   4.6  -0.1 
1999   2.4   3.1   6.3  11.4  12.7  20.8  24.1  21.6  17.8  10.7   4.4   5.5 
2000  -2.2   2.1   3.7  12.6  15.0  18.7  23.0  22.9  15.9  10.5   8.3   4.7 
2001   2.3   1.5   7.3  10.5  13.6  17.9  25.9  24.1  18.0  11.1   6.3  -1.9 
2002  -1.3   5.5   6.9   8.8  15.5  20.2  25.8  21.2  17.9  11.6   8.3  -3.6 
2003   0.4  -4.2   0.3   7.3  17.5  19.2  20.6  21.8  16.0  11.4   6.2   2.7 
2004   1.4   0.8   5.6  10.1  14.3  18.2  21.2  20.7  17.1  11.4   6.8   3.2 
2005   3.0   1.0   1.9  10.2  16.4  18.4  22.7  23.6  19.2  10.9   6.7   3.6 
2006  -5.4  -0.7   5.5   9.9  14.6  20.2  21.3  24.1  17.6  12.3   6.2   2.8 
2007   4.6   1.1   5.8   8.1  17.3  21.9  24.7  25.0  17.6  13.6   4.5   2.0 
2008  -2.7   0.8   7.7  11.4  14.0  19.8  22.6  24.1  17.1  12.5   7.4   2.6 
2009   1.1   3.5   5.0   9.2  14.7  22.2  23.8  21.4  17.8  14.6   7.8   4.6 
2010   0.5   3.2   4.5   9.8  16.3  21.9  23.8  25.8  18.7   9.2  12.3   5.5 
2011  -0.5  -1.7   3.1   8.5  14.8 -99.0 -99.0 -99.0 -99.0 -99.0 -99.0 -99.0 
