Number= 339667
Name= ENISSALA
Country= USSR
Lat=   44.9
Long=  -34.6
Height= 460
Start year= 1833
End year= 1872
First Good year= 1833
Source ID= 10
Source file= Jones
Jones data to= 1872
Normals= -99.0 -99.0 -99.0 -99.0 -99.0 -99.0 -99.0 -99.0 -99.0 -99.0 -99.0 -99.0 
Obs:
1833 -99.0 -99.0 -99.0 -99.0 -99.0 -99.0 -99.0 -99.0 -99.0 -99.0 -99.0   0.6 
1834  -0.7  -4.7   2.9   7.2  15.8  17.8  18.1  19.1  15.8   9.1   5.0  -0.3 
1835   0.1   2.5   4.2   8.3  13.7  17.5  19.2  17.5  11.7  12.8   3.3  -2.7 
1836  -3.8  -1.1   9.0 -99.0 -99.0 -99.0 -99.0 -99.0 -99.0 -99.0 -99.0 -99.0 
1837 -99.0 -99.0 -99.0 -99.0 -99.0 -99.0 -99.0 -99.0 -99.0 -99.0 -99.0 -99.0 
1838 -99.0 -99.0 -99.0 -99.0 -99.0 -99.0 -99.0 -99.0 -99.0 -99.0 -99.0 -99.0 
1839 -99.0 -99.0 -99.0 -99.0 -99.0 -99.0 -99.0 -99.0 -99.0 -99.0 -99.0 -99.0 
1840 -99.0 -99.0 -99.0 -99.0 -99.0 -99.0 -99.0 -99.0 -99.0 -99.0 -99.0 -99.0 
1841   2.3   0.2   1.7  11.5  14.6  17.8  22.8  21.2  17.4  14.5   6.3   4.3 
1842   1.5  -0.5   2.0   7.5  13.9  17.3  19.2 -99.0 -99.0 -99.0 -99.0 -99.0 
1843 -99.0 -99.0 -99.0 -99.0 -99.0 -99.0 -99.0 -99.0 -99.0 -99.0 -99.0 -99.0 
1844 -99.0 -99.0 -99.0   4.6  13.1  17.3  21.3  20.7  17.9  10.8   5.4  -2.7 
1845   0.2  -0.1   4.6  10.7  14.4  17.6  22.0 -99.0  14.6  11.8   6.8   3.2 
1846   0.7  -0.3   5.0   9.9  13.2  15.0  20.8  21.3  17.1  12.9   1.0   7.4 
1847  -2.5   1.9   2.9  10.3  15.9  17.3  20.7  20.6  18.1  10.5   5.2  -1.2 
1848  -0.9   2.6   4.4  13.0  13.5  21.3  22.0  22.8  15.6  13.2   6.4  -1.9 
1849  -2.5  -1.3   2.2   9.7  13.6  18.7  19.4  21.3  14.1  12.9  10.0   2.2 
1850  -2.5  -0.6  -0.4   7.6  13.2  20.2  21.0  23.1  15.5  13.2   7.1   0.5 
1851  -0.9  -1.2   5.3   9.1  18.8  17.4  19.3  21.9  18.4  12.6  12.8   0.6 
1852   0.9   0.9   1.8   6.8  13.0  17.2  18.4  18.5  16.1  12.3   8.5   3.1 
1853   2.2   4.8   6.5   7.8  15.3  17.3  21.4  23.3  16.8  16.6   6.2   2.2 
1854   1.1   0.0  -0.6   5.0  16.4  18.2  21.8  20.7  15.2  14.2   9.5   5.9 
1855  -1.2   3.1   8.8  10.1  16.6  21.9  20.5  22.4  13.7  15.0   8.3  -0.2 
1856   3.1   0.7  -2.0   4.9  14.2  19.3  19.4  20.6  16.9   9.4   5.4   6.0 
1857   4.5  -2.8   3.5  11.3  14.2  17.5  18.2  17.1  12.9  12.0   6.2  -0.1 
1858  -4.1  -2.4   3.6   8.4  15.3  16.6  21.9  20.7  17.3  15.9   6.9   4.5 
1859  -1.6   1.8   3.4  11.2  17.6  16.9  19.9  22.9  18.4  12.5   5.1   8.2 
1860   2.4   0.8   3.1  11.4  14.0  20.4  21.6  21.6  19.4  11.7   6.0   3.6 
1861  -4.2   0.6   6.4   5.9   9.8  17.7  21.0  19.2  14.9   9.1   9.8  -1.6 
1862  -0.6  -1.9   8.7   9.5  14.6  19.5  20.7  19.7  14.9   8.0   3.0  -2.1 
1863   0.7   0.0   6.9   6.1  15.7  17.0  20.4  19.9  19.2  11.9   5.8   0.8 
1864  -7.0   2.4   8.6   7.9  11.6  19.1  17.1  19.7  16.4   9.8   6.8   0.9 
1865   6.0   3.6   6.2   6.1  13.1  14.2  20.2  19.4  12.2  13.1   7.0  -2.2 
1866  -0.3   0.2   7.8   8.3  12.1  17.6  20.3  19.5  17.6   7.9   4.8   0.5 
1867   5.4   0.3   0.2   9.9  14.3  14.8  20.0  17.8  15.0  11.6   3.1   3.2 
1868   1.6  -2.9   3.0   7.1  11.6  18.7  18.4  20.7  17.1  14.2   4.6   3.3 
1869  -4.7   2.7   7.1   8.0  15.0  17.7  16.6  21.7  14.5  13.4   6.3   4.0 
1870   2.9  -1.7   4.9   5.2  15.7  15.8  18.8  18.1  13.8   8.8  11.4   3.5 
1871   0.4   0.0   3.7   8.3  11.0  16.3  20.8  21.5  13.2   8.6   9.9   1.0 
1872   3.2  -1.8   6.3  11.7  17.5  15.0 -99.0 -99.0 -99.0 -99.0 -99.0 -99.0 
