Number= 339830
Name= KERCH
Country= UKRAINE
Lat=   45.4
Long=  -36.4
Height= 49
Start year= 1874
End year= 2007
First Good year= 1874
Source ID= 37
Source file= Jones+Anders
Jones data to= 1990
Normals source= Data
Normals source start year= 1961
Normals source end year= 1990
Normals=   0.5   0.8   3.3   9.8  15.4  20.1  22.7  22.2  17.6  11.5   6.7   2.9 
Standard deviations source= Data
Standard deviations source start year= 1941
Standard deviations source end year= 1990
Standard deviations=   3.2   3.4   1.9   1.6   1.4   1.4   1.1   1.3   1.5   2.0   1.9   2.3 
Obs:
1874   0.4  -0.3   0.4  10.0  14.6  21.3  23.0  24.3  19.1  13.4   8.6   9.8 
1875   1.2   1.5  -1.6   6.7  15.4  23.7  24.9  23.7  16.4  14.2   9.3  -2.1 
1876  -6.3   0.5   7.7  13.2  16.2  22.5  24.7  22.6  20.8  11.2   4.6   2.7 
1877   0.7  -1.0   7.0  10.3  15.6  21.2  22.8  23.3  18.6  12.1   8.2   2.8 
1878  -1.3  -0.2   4.6  10.0  15.1  21.8  21.5  21.8  21.1  15.2  12.4   7.8 
1879   2.3   6.0   4.2  11.1  16.7  21.4  24.1  21.2  18.6  14.0   7.5  -0.2 
1880  -6.2  -6.0  -1.2   7.0  13.3  19.7  24.4  22.6  17.2  13.9   6.8   2.5 
1881  -1.0  -0.2   3.6   8.7  15.1  18.9  23.4  22.2  16.8  11.2   4.4  -1.5 
1882   0.3  -1.7   5.0   7.7  15.0  19.2  25.3  23.2  19.1  10.0  10.1   1.9 
1883  -6.0  -3.8   1.9   7.5  15.7  20.8  25.0  22.6  19.2  13.4   7.5   2.8 
1884  -1.3   0.6   2.2   8.1  14.9  19.0  23.6  21.6  16.0  13.5   6.8   6.4 
1885  -3.5   1.2   4.7   9.6  17.1  21.3  24.8  21.7  18.2  15.0   5.2   4.1 
1886   3.1  -1.7   2.8   8.8  16.1  20.4  21.7  23.0  17.6  10.9   7.3   9.3 
1887  -0.3  -1.4   3.7   8.6  17.6  19.6  23.6  23.5  20.9  13.6   8.5   6.9 
1888  -1.7   0.1   4.2  11.4  16.1  20.2  23.2  23.5  18.2  15.3   4.2  -2.0 
1889  -6.3   2.7   2.5   9.6  15.1  19.5  24.3  23.4  16.8  14.7   6.6  -1.2 
1890  -2.8  -3.5   4.5  10.1  16.1  19.1  24.6  24.7  18.5  12.1   6.9  -3.1 
1891  -2.4  -5.7   4.3   8.3  14.8  20.3  24.5  24.5  18.0  12.0   5.0   3.8 
1892  -0.6   2.0   4.2   7.9  15.0  21.6  23.0  22.9  20.3  14.2   5.2   0.9 
1893  -7.2  -0.5   1.7   5.2  12.9  18.4  22.7  23.1  17.9  13.4   8.4   0.7 
1894  -7.1  -0.5   2.6   8.3  14.4  18.1  23.4  23.3  15.4  13.0   4.7   0.3 
1895   5.2   2.0   3.8   8.4  14.5  19.4  24.9  23.3  17.1  14.9   6.4   0.2 
1896  -6.8  -3.2   0.6   5.7  14.0  19.3  21.8  24.0  18.4  15.0   5.6   1.4 
1897  -2.7   0.5   4.2  10.6  16.7  21.9  24.4  23.7  20.1  13.2   2.6  -1.5 
1898  -1.3   1.3   0.0   7.3  14.0  19.0  22.6  22.3  17.0  11.0   6.8   4.1 
1899   3.6   0.6   3.3  10.0  16.4  18.8  23.4  22.3  19.7  12.3   6.0  -3.1 
1900  -0.2   0.9   2.4   8.1  15.3  19.6  24.0  23.8  15.8  14.2   3.8   3.9 
1901  -1.2   2.4   6.2  10.4  15.5  23.3  24.3  24.0  17.0  12.1   5.1   6.3 
1902   2.9   1.7   3.2   8.3  14.4  20.8  21.5  24.3  16.7  10.6   1.5   0.3 
1903  -0.1   1.7   4.0  11.4  15.3  20.9  23.4  23.2  18.3  13.3   6.7   1.5 
1904  -4.8   3.4   2.2   7.9  14.0  19.2  23.7  22.9 -99.0  13.1   5.9   2.6 
1905  -2.4  -1.5   2.7   8.7  15.9  20.4  24.1  24.3  19.2  15.4  10.1   2.0 
1906   1.5   1.2   6.4 -99.0  18.2  22.2  23.4  21.5  15.9  10.8   7.0   5.4 
1907  -2.4  -4.1   1.7   6.6  15.4  20.4  23.3  22.5  16.1  12.7   3.2   1.0 
1908  -2.1   2.1   2.4   8.6  14.9  20.1  22.7  22.5  18.1  10.7   4.1  -1.3 
1909  -4.6  -2.9   4.1   7.2  15.4  18.9  24.2  23.5  21.8  15.4  10.2   4.0 
1910   2.4   2.1   3.0  10.0  15.4  20.5  23.3  21.9  17.5  11.3   9.2   2.6 
1911  -3.8  -8.9   0.9   7.9  16.3  18.3  23.1  22.8  17.4  11.0   7.4   1.0 
1912  -1.0   0.2   4.3   7.9  12.1  18.4  20.3  20.4  18.0   8.9   5.4   3.5 
1913  -0.3  -2.9   4.2  10.5  13.9  18.1  21.3  23.2  18.8  10.6   7.8   5.3 
1914   0.8   3.0   6.9   9.0  15.0  20.4  23.9  21.6  16.0  11.7   2.7   0.7 
1915   6.6   0.9   3.5   9.8  13.1  19.9  23.6  20.7  15.8  11.4   7.7   5.4 
1916   0.7   1.3   5.8   9.8  15.5  20.1  22.7  21.6  16.3  11.6   7.3   2.5 
1917  -1.5  -4.4   2.3  10.3  13.0  20.0  22.1  22.8  17.8  12.2  10.3   1.9 
1918   2.3   0.4   2.4   9.2  14.4  18.7  22.1  22.0  20.2  17.3   6.8   3.1 
1919   1.6   0.8   3.3  11.2  13.2  18.5  22.2  21.5  19.3  16.2   7.9   3.9 
1920   1.2  -5.8   4.0  11.2  17.3  21.4  24.7  24.9  17.8   7.9  -1.3  -3.4 
1921   1.7  -4.9   1.9   9.1  17.1  19.7  23.5  23.5  15.6  10.4   4.5  -0.8 
1922  -0.8  -0.6   5.3   9.6  15.7  20.2  24.9  22.1  17.0  11.1   8.5   3.7 
1923   2.0  -0.8   4.5   7.9  16.3  21.1  23.6  21.8  20.0  14.1  11.1   4.9 
1924  -2.3  -2.6   2.8   8.4  17.1  23.6  23.2  23.1  21.1  12.7   5.9  -1.8 
1925  -0.8   3.3   5.6   9.1  15.7  17.9  22.3  22.0  18.3  11.3   8.9   3.6 
1926   0.4  -1.4   1.8   9.2  16.0  20.6  23.5  21.0  15.0  11.4   8.0   4.6 
1927  -1.7  -5.1   3.6   9.4  15.4  22.3  23.6  24.0  19.2  14.4   7.1  -2.3 
1928  -2.2  -4.0  -1.1   9.0  14.3  18.8  24.6  20.7  18.2  11.1   9.3   3.8 
1929  -0.7  -9.9  -3.0   4.6  16.0  19.4  23.4  26.1  17.0  15.5   8.6   1.8 
1930  -0.1  -1.2   5.5  10.1  15.6  18.5  22.8  23.6  17.4  13.6   9.4   1.2 
1931  -0.3  -1.6   3.3   6.2  15.0  21.0  25.3  23.0  17.9  11.8   4.0  -0.5 
1932  -0.5  -5.8   0.5   8.3  14.0  20.5  22.2  22.9  19.3  15.2   6.8   2.4 
1933  -2.8  -0.7   1.9   6.8  13.5  17.3  22.4  21.5  16.8  13.1   8.8  -1.1 
1934  -1.9  -0.1   4.7  10.0  17.3  19.8  23.1  22.8  19.0  13.6   7.8  -0.6 
1935  -3.6   1.4   2.5   9.5  15.1  21.3  22.3  23.4  19.2  15.6   4.7   5.5 
1936   4.0  -0.3   4.3   9.3  15.8  20.8  26.2  24.0  16.4  12.1   8.3   2.6 
1937  -3.1   0.7   5.6   9.3  17.2  20.0  25.4  24.2  22.0  12.8   8.8   7.7 
1938   2.0   0.9   3.6   8.7  15.6  21.0  26.6  25.5  19.9  14.4   8.4   0.8 
1939   2.6   1.5   3.1   9.2  16.6  22.3  25.2  23.1  17.7  11.6   6.1   4.6 
1940  -3.4   0.4   1.7   8.7  13.8  20.6  24.1  23.1  17.6  12.1   9.6   2.5 
1941  -0.3   2.7   2.5   9.7  14.1  19.7  23.2 -99.0 -99.0  10.5 -99.0 -99.0 
1942 -99.0   2.2   3.1  10.9 -99.0 -99.0 -99.0 -99.0 -99.0 -99.0 -99.0 -99.0 
1943 -99.0 -99.0 -99.0 -99.0 -99.0 -99.0 -99.0 -99.0 -99.0 -99.0 -99.0 -99.0 
1944 -99.0 -99.0 -99.0 -99.0 -99.0  20.3  23.3  21.4  18.9  13.6   9.0   1.4 
1945   0.0  -2.7   1.0   6.8  13.6  19.3  23.0  22.4  18.0  10.6   4.4  -1.5 
1946  -2.6   1.6   3.4   8.8  17.1  23.2  24.3  25.0  20.4   9.5   6.3  -1.5 
1947  -6.5   0.0   5.3  10.4  15.6  22.0  24.4  22.4  17.9   9.6   7.8   7.1 
1948   5.6   0.7   0.2   8.9  16.6  22.0  22.5  23.7  17.4  11.5   4.6  -2.9 
1949  -1.2  -3.7   2.8   7.5  17.1  19.7  22.9  22.6  17.1  10.2   9.0   3.9 
1950  -7.4  -0.9   3.5  12.4  17.2  19.8  22.8  21.6  19.9  11.7   7.3   5.6 
1951   0.7  -0.8   5.3  11.6  16.3  20.8  23.1  24.3  18.8   8.6   7.5   3.5 
1952   3.6   3.3   1.9   9.3  14.1  18.8  23.2  24.2  19.8  15.4   8.9   4.6 
1953   2.8   2.1   1.6   9.0  14.8  22.0  24.3  24.0  17.2  11.9   1.6  -1.2 
1954  -6.0 -11.8   0.5   6.1  15.7  22.0  24.4  24.3  20.5  14.1   9.9   3.5 
1955   3.8   5.8   3.1   8.2  14.5  18.9  23.2  22.0  18.9  16.3   5.2   2.3 
1956   2.3  -7.0  -0.2   9.5  14.0  19.2  20.3  22.3  15.0  11.3   2.9   0.9 
1957  -2.0   2.9   2.0  10.6  15.4  21.0  23.7  24.2  19.8  10.7   6.4   3.0 
1958   1.8   4.1   3.5   8.8  16.6  18.6  22.3  22.8  15.2  11.3   5.0   5.0 
1959   3.9  -2.0   2.2   9.7  14.6  19.3  24.8  23.2  15.0   7.4   5.5   1.2 
1960   2.8   0.7   0.8   9.1  15.4  21.0  23.5  21.4  15.4  15.0   9.1   7.5 
1961   1.6   0.8   4.8  10.4  15.3  21.9  23.6  24.0  17.1  11.8   7.2   4.0 
1962   1.7   1.2   5.7  10.9  15.6  21.1  23.6  23.3  18.4  13.5   9.1   3.6 
1963  -3.4   1.2   0.9   7.8  17.0  20.8  24.0  23.0  20.2  11.2   8.6   1.0 
1964  -3.6  -0.8   1.4   9.3  13.1  21.4  22.3  20.0  17.3  12.3   6.0   4.9 
1965   0.6  -2.8   3.5   6.7  13.9  20.5  22.0  21.3  17.8   9.2   7.5   6.4 
1966   4.6   4.7   5.5  11.9  15.7  18.5  23.8  23.3  15.9  13.6   9.0   5.1 
1967   0.1   2.9   2.2   9.7  16.2  18.6  22.3  21.5  17.5  12.7   8.8   3.9 
1968  -0.4   0.8   4.2  11.0  18.4  20.4  22.3  21.5  18.5  11.1   6.1   1.5 
1969   4.7   2.4   1.2   8.2  14.4  20.4  20.9  22.6  17.6   9.6   8.5   3.6 
1970   1.1   3.0   5.0  11.7  15.3  18.5  24.3  20.9  16.8  10.3   7.0   1.2 
1971   1.7   0.7   3.6   9.1  15.7  19.7  23.5  23.4  19.4  10.1   8.0   3.2 
1972  -7.7   2.7   1.6  12.3  16.8  23.2  24.4  24.4  17.8  12.0   8.0   1.8 
1973   3.6   4.1   4.0  10.6  14.6  18.9  22.4  19.8  15.5  11.6   4.4   2.9 
1974   3.6   0.9   3.7   7.6  14.7  19.9  21.9  22.2  18.3  16.4   7.2   3.7 
1975   1.1   0.6   4.6  12.1  17.1  23.4  24.5  23.3  19.1  11.9   4.7   1.6 
1976   0.8  -5.7   1.3  10.6  14.6  19.5  21.3  20.7  16.2   7.4   5.1   3.4 
1977  -4.4   5.0   3.9  10.6  15.2  19.3  22.4  21.7  16.2   8.3   8.8  -0.4 
1978  -1.8   1.7   6.0   9.4  13.9  18.2  21.6  20.4  17.5  11.8   6.3   1.7 
1979   1.0   0.7   5.3   9.3  18.4  22.2  21.6  23.0  17.9  10.1   6.5   4.0 
1980  -2.2  -0.4   0.9   8.4  13.6  19.0  22.9  21.2  16.3  12.0   8.1   5.5 
1981   5.4   2.4   4.1   8.0  12.0  22.4  24.4  22.8  18.5  14.8   6.8   6.8 
1982  -0.4  -2.4   1.8   9.7  15.3  19.0  20.6  21.9  17.2  11.5   5.4   4.5 
1983   1.1   1.1   3.5  11.2  17.2  19.9  23.0  21.6  18.4  11.7   5.3   1.8 
1984   3.6  -0.7   4.3   9.0  16.4  19.6  22.4  21.1  19.1  13.5   6.2  -1.2 
1985  -0.4  -7.0  -2.2   8.1  16.7  18.7  20.7  24.0  15.7  10.6   6.5   2.2 
1986   3.8  -2.3   3.0  11.5  16.1  20.2  22.5  24.8  18.2  10.7   3.6   1.6 
1987  -1.6   0.5  -1.0   6.1  14.1  19.2  23.6  20.6  16.7  10.3   6.4   1.9 
1988  -0.5  -0.8   4.6   9.6  14.7  20.4  24.3  22.8  17.0  11.6   2.9   1.6 
1989  -0.2   2.5   6.1  11.8  14.8  19.3  21.8  23.6  17.5  11.5   5.3   3.0 
1990   1.2   5.5   6.0  10.5 -99.0 -99.0 -99.0 -99.0 -99.0 -99.0 -99.0 -99.0 
1991 -99.0 -99.0 -99.0 -99.0 -99.0 -99.0 -99.0 -99.0 -99.0 -99.0 -99.0 -99.0 
1992 -99.0 -99.0 -99.0 -99.0 -99.0 -99.0 -99.0 -99.0 -99.0 -99.0 -99.0 -99.0 
1993 -99.0 -99.0 -99.0 -99.0 -99.0 -99.0 -99.0 -99.0 -99.0 -99.0 -99.0 -99.0 
1994 -99.0 -99.0 -99.0 -99.0 -99.0 -99.0 -99.0 -99.0 -99.0 -99.0 -99.0 -99.0 
1995 -99.0 -99.0 -99.0 -99.0 -99.0 -99.0 -99.0 -99.0 -99.0 -99.0 -99.0 -99.0 
1996  -3.6   0.5   1.8   8.4  16.9  19.7  24.8  22.5  15.5  11.5   9.2   3.3 
1997  -1.9   0.0   2.5   7.6  16.0  20.3  22.3  21.6  14.2  11.3   6.3   2.6 
1998   0.0   0.1   3.6  11.5  15.6  21.4 -99.0  23.3  18.2  12.5   5.3   1.0 
1999   2.9   3.1   6.2  11.2  13.0  22.2  25.4  23.8 -99.0  11.9   4.0   6.0 
2000  -0.7   2.3   3.6  12.5  15.0  19.4  23.2  23.0  17.0  11.3   6.5   4.0 
2001   2.8   2.0   6.6  10.6  14.3  18.5  26.6  24.7  18.8  11.8   7.1  -0.5 
2002  -1.4   5.2   6.8   9.7  15.9  20.6  26.6  22.0  18.9  12.3   8.4  -3.4 
2003   0.6  -3.1   0.7   7.3  17.6  19.9  22.0  22.6  16.7  12.7   6.5   3.0 
2004   2.7   1.7 -99.0 -99.0 -99.0 -99.0 -99.0 -99.0 -99.0 -99.0 -99.0 -99.0 
2005 -99.0 -99.0 -99.0 -99.0 -99.0 -99.0 -99.0 -99.0 -99.0 -99.0 -99.0 -99.0 
2006 -99.0 -99.0 -99.0 -99.0 -99.0 -99.0 -99.0 -99.0 -99.0 -99.0 -99.0 -99.0 
2007 -99.0 -99.0 -99.0 -99.0 -99.0 -99.0 -99.0 -99.0 -99.0 -99.0 -99.0 -99.0 
