Number= 511560
Name= HOBOKSAR
Country= CHINA
Lat=   46.7
Long=  -85.7
Height= -999
Start year= 1961
End year= 1970
First Good year= 1961
Source ID= 10
Source file= Jones
Jones data to= 1970
Normals= -99.0 -99.0 -99.0 -99.0 -99.0 -99.0 -99.0 -99.0 -99.0 -99.0 -99.0 -99.0 
Obs:
1961 -15.2  -9.7  -2.7   8.5  12.5  15.9  17.4  16.2  11.4  -0.7  -4.0 -11.0 
1962 -14.4 -10.3  -1.1   5.4  15.1  18.0  20.1  18.8  12.8   3.7  -8.1  -9.5 
1963  -9.8  -6.5   2.2   0.8  11.6  17.3  19.4  17.5   9.8   3.4  -3.0 -10.7 
1964 -12.8 -17.1  -3.8   4.6  11.1  17.2  18.2  17.2  11.1   0.5  -3.0 -11.4 
1965 -11.1  -9.3  -2.5   6.0  13.8  17.3  20.3  17.2  11.3   3.7  -5.7 -14.0 
1966 -13.5  -9.9  -2.7   2.8  10.4  17.6  18.9  18.3  14.3   2.4  -8.8 -16.8 
1967 -15.6 -12.3  -2.4   5.8  15.4  17.7  18.1  15.0   9.6   4.3  -9.1 -10.6 
1968 -13.5 -14.3  -1.3   2.4  14.2  17.4  18.9  17.3   7.8   2.6  -5.9 -12.7 
1969 -20.4 -19.6  -5.5   5.6  11.2  16.7  19.0  15.4  10.0   3.4  -5.6 -10.5 
1970 -13.1  -9.6  -7.5   5.3  10.7  16.4  18.1  16.8  11.1   2.3  -7.1 -13.3 
