Number= 514310
Name= YINING
Country= CHINA
Lat=   44.0
Long=  -81.3
Height= 663
Start year= 1951
End year= 2011
First Good year= 1951
Source ID= 10
Source file= Jones+Anders
Jones data to= 2001
Normals source= Data
Normals source start year= 1961
Normals source end year= 1990
Normals=  -9.2  -6.8   3.2  12.5  17.2  20.7  22.8  21.9  16.8   9.3   1.6  -5.0 
Standard deviations source= Data
Standard deviations source start year= 1951
Standard deviations source end year= 1990
Standard deviations=   2.8   3.7   2.6   1.4   1.3   1.1   0.9   0.9   1.0   1.2   2.6   4.1 
Obs:
1951 -99.0 -99.0 -99.0 -99.0 -99.0 -99.0 -99.0  22.0  18.1  10.7   0.3  -1.8 
1952  -7.7  -4.4   4.0  11.4  16.0  19.2  23.4  23.3  16.8   8.4  -6.2 -11.9 
1953  -9.3  -4.4   4.4  10.7  19.0  21.2  24.1  21.2  19.2   7.2  -3.1  -7.4 
1954 -11.3  -9.0  -3.2  12.7  14.7  18.2  20.9  21.6  16.8  10.5  -1.6 -14.5 
1955 -12.9  -6.6   0.7   8.3  17.4  21.7  22.3  22.9  16.3   8.1   2.4  -3.3 
1956 -14.1  -8.2   1.3  13.0  17.0  18.5  24.8  21.1  17.1   9.5   3.8  -5.7 
1957 -13.1 -10.5   2.6   9.6  16.0  22.5  22.5  21.7  17.1   9.1   0.6  -3.1 
1958  -7.8  -3.5   6.1  11.8  14.5  19.3  22.9  20.2  16.2   9.0  -1.4  -2.8 
1959  -7.4  -7.4  -1.0  13.0  15.2  20.7  21.5  21.5  19.5  10.1  -1.4 -10.6 
1960  -8.5  -4.6  -0.5  10.3  13.5  20.1  21.2  21.9  16.8   9.8  -1.2  -6.6 
1961  -9.3  -6.8   3.3  13.8  19.2  20.4  21.7  21.1  17.7   7.3   1.4  -3.8 
1962  -9.6  -0.4   8.4  12.1  18.5  20.6  23.2  22.5  16.9   9.4  -2.1  -7.8 
1963  -7.4  -0.7   7.4  10.8  17.3  21.6  22.8  21.4  15.8  10.5   3.1  -6.0 
1964 -11.1  -9.8   3.2  11.7  15.9  20.0  21.5  21.4  15.8   7.8   2.8  -9.9 
1965  -8.7  -7.8   3.6  13.6  18.1  21.2  23.7  21.7  16.4  10.0   3.7  -4.6 
1966  -6.5  -2.8   4.1  10.5  14.9  21.8  22.4  22.8  18.2   8.7  -2.2  -7.4 
1967 -12.2  -8.5   3.2  13.4  17.4  20.4  21.9  20.8  16.2   9.5  -1.8  -2.0 
1968  -4.8  -7.8   7.2  10.9  17.7  21.1  22.4  21.1  15.8   8.5   2.2  -9.3 
1969 -16.6 -17.2  -0.7  12.3  16.6  19.5  21.8  20.2  15.4   9.7   2.4  -1.0 
1970  -8.6  -3.7   1.7  12.8  17.3  20.0  21.9  21.8  17.1   9.7   0.6  -7.5 
1971 -12.2  -6.4   1.4  12.2  16.0  21.3  21.4  21.6  16.1  10.7   4.6   0.3 
1972 -11.0 -14.8   0.4  11.6  18.4  19.9  21.0  21.0  15.9   9.2   3.4  -6.0 
1973 -10.1  -7.0   0.9  13.2  16.0  20.3  23.7  21.7  15.9   9.0   4.2  -3.5 
1974 -11.5 -13.2  -0.3  13.5  18.3  21.2  24.1  20.9  16.7   8.7   2.7 -11.0 
1975  -7.2  -5.4   4.9  12.9  16.5  20.7  23.1  22.1  17.3   9.5  -1.1  -7.7 
1976  -5.9  -5.9   1.6  11.6  18.1  19.5  22.9  22.9  16.3   8.1  -3.1  -9.8 
1977 -14.7  -9.1   3.2  13.6  17.8  22.3  22.5  22.3  18.1  10.3   4.5  -5.4 
1978 -11.7  -8.0   4.2  14.5  17.7  21.4  24.0  21.5  18.0  10.0   1.4   0.0 
1979  -9.0  -2.5   2.6  11.5  15.2  19.9  22.2  22.3  15.8  11.8  -0.5  -1.0 
1980 -10.5  -6.4   2.5  13.0  18.7  19.6  23.8  22.0  17.3  11.0   6.3   1.3 
1981  -5.6  -5.7   6.6  13.2  17.7  21.2  23.3  21.7  16.7   8.0   0.3  -5.4 
1982  -6.7  -4.6   3.1  14.2  18.6  20.8  22.8  21.1  16.3  10.3  -0.3  -6.6 
1983  -5.7  -1.2   5.6  13.3  16.5  20.0  23.7  24.0  17.0   9.8   3.3  -4.4 
1984 -12.0 -11.9   4.2  11.1  17.1  21.4  22.7  24.1  16.2   9.2   2.3 -17.5 
1985 -10.9  -4.5  -1.5  13.8  16.7  20.7  23.3  21.6  17.0   8.7  -0.9  -5.7 
1986  -6.9  -6.9   1.4  12.0  17.1  20.1  23.9  21.8  18.6   9.1   0.7  -4.7 
1987  -5.2  -1.4   4.9  11.2  16.9  18.6  23.5  23.8  17.7   5.4   0.2  -1.6 
1988  -7.4 -10.4   1.1  14.2  15.0  21.5  23.1  20.9  17.5   9.2   5.1  -0.5 
1989  -7.8  -8.3   3.4   9.6  16.6  20.4  23.1  22.0  16.9  10.8   1.7   0.0 
1990  -8.8  -5.9   3.9  12.2  17.8  23.5  22.5  22.1  18.6   9.5   3.1  -1.9 
1991  -8.6  -7.6   1.8  13.6  18.1  21.2  23.9  21.9  18.0  10.5   2.0  -4.3 
1992  -6.7  -2.3   3.1  14.3  16.2  20.6  23.0  19.9  14.9   9.1   3.8  -3.9 
1993  -8.6  -3.0   4.5  11.9  15.3  20.5  21.8  20.6  17.3   8.8   0.5  -6.7 
1994  -9.0  -9.0   2.6  10.2  17.8  21.4  23.2  22.2  14.8   8.7   6.0  -4.9 
1995 -10.4  -3.6   4.3  13.2  17.4  22.8  23.2  22.5  18.2   9.3   4.2  -7.2 
1996 -10.7  -5.2   1.9  10.0  16.5  20.8  23.6  21.3  17.7   9.5   0.9  -3.2 
1997  -4.8  -5.8   6.3  16.8  18.0  22.1  24.4  22.2  18.8  13.1  -0.4  -7.6 
1998 -10.2  -3.6   0.5  11.9  15.6  21.5  23.4  23.4  18.3   9.8   2.7  -4.3 
1999  -8.2  -0.9   3.0  12.3  18.4  20.8  23.4  22.8  17.7  11.3   2.1  -1.6 
2000  -6.8  -5.0   3.5  15.2  19.5  19.5  24.0  24.0  17.9   7.1   1.4  -3.9 
2001  -8.5  -3.6   8.3  12.5  20.3  23.2  23.6  22.8  16.5   9.5   4.7  -8.2 
2002  -4.4  -2.2   7.5  11.5  16.7  21.5  22.9  24.1  17.8  11.5 -99.0  -6.8 
2003  -5.1  -3.3   2.4   9.4  16.8  21.9  21.2 -99.0  17.9  10.4   2.0  -5.1 
2004  -5.8  -1.1   6.3  14.1  18.7  22.0  23.0  22.1  17.8 -99.0   4.9  -4.2 
2005  -7.7  -9.1   7.5  13.6  18.0  22.7  25.0  21.5  18.6  10.8   2.6  -4.7 
2006 -11.7   0.8   7.9  13.8  18.7  22.0  23.6  23.4  16.8  12.0   3.6  -5.3 
2007  -6.8   0.1   5.1  16.1  18.7  22.2  23.0  22.5  17.9   8.1   4.3  -5.8 
2008 -13.2  -5.6   8.8  13.2  21.2  24.9  24.6  23.5  17.6  10.9   2.8  -2.7 
2009  -5.1  -0.5   6.9  12.9  17.2  21.5  23.2  22.4  16.3  10.5   1.5  -5.2 
2010  -4.4  -5.6   4.9  13.5  17.3  22.6  23.6  22.6  17.5  11.0   3.9  -2.9 
2011 -12.6  -2.7   2.7  15.4  18.4 -99.0 -99.0 -99.0 -99.0 -99.0 -99.0 -99.0 
