Number= 517770
Name= RUOQIANG
Country= CHINA
Lat=   39.0
Long=  -88.2
Height= 888
Start year= 1953
End year= 2011
First Good year= 1953
Source ID= 10
Source file= Jones+Anders
Jones data to= 2001
Normals source= Data
Normals source start year= 1961
Normals source end year= 1990
Normals=  -7.8  -2.2   7.0  15.3  21.2  25.1  27.2  26.0  20.0  11.2   1.7  -6.2 
Standard deviations source= Data
Standard deviations source start year= 1953
Standard deviations source end year= 1990
Standard deviations=   2.0   2.0   1.4   1.3   1.0   0.8   0.9   0.7   0.8   0.9   1.3   2.4 
Obs:
1953 -99.0 -99.0   9.2  14.6  22.7  26.6  29.8  26.7  21.8  11.3   1.0  -8.5 
1954 -11.1  -3.8   5.9  16.7  19.8  25.9  27.8  27.2  21.1  10.0   1.8 -13.3 
1955 -13.6  -2.3   7.3  14.6  21.0  26.6  28.1  27.0  19.9  11.5   1.1 -13.0 
1956  -8.7  -0.7   6.9  17.1  21.9  25.5  29.6  26.7  20.7  10.7   1.0  -6.6 
1957  -7.1  -3.8   8.4  14.0  18.9  26.1  27.4  26.2  19.5  11.1   2.9  -2.9 
1958  -8.0  -0.5   8.8  17.0  20.2  25.1  28.8  25.1  20.4  10.6   0.9  -3.6 
1959  -7.6  -0.8   6.0  18.0  18.3  25.4  28.5  26.0  22.5  13.0   0.8  -7.0 
1960  -9.3   1.2   7.5  13.1  20.1  25.2  28.1  26.3  20.3   9.8   0.8  -5.6 
1961  -8.0  -1.8   6.6  16.1  20.3  25.5  27.4  24.8  19.7  10.0   2.0  -6.0 
1962  -8.6  -1.5   7.1  13.8  21.3  25.0  27.0  26.2  20.2  12.0   0.2  -6.7 
1963  -7.7  -0.4  10.4  12.9  22.1  24.8  26.9  26.4  20.1  12.2   3.8  -6.5 
1964  -7.6  -5.6   8.5  17.2  20.1  25.3  27.3  26.8  20.5  10.8   1.0  -6.2 
1965  -5.8  -2.0   7.3  16.6  21.9  26.4  27.1  25.6  19.2  11.8   3.3  -7.8 
1966  -7.1   0.3   8.3  14.7  19.6  26.6  26.6  26.9  20.4  10.9   0.9  -7.7 
1967 -14.0  -3.2   6.9  15.0  21.9  24.5  27.2  25.3  19.6  11.2  -1.5  -8.1 
1968  -7.5  -4.0   8.1  13.9  21.0  26.1  27.1  25.9  18.9  11.3   2.2  -5.1 
1969  -9.7  -7.3   7.8  15.1  22.3  24.1  27.4  25.5  18.9  12.2   1.7  -5.4 
1970  -8.1  -0.7   4.0  14.1  21.8  24.7  26.3  26.1  19.2  10.2   0.9  -5.6 
1971  -7.3  -1.5   8.7  15.7  20.7  24.7  26.9  25.8  19.4  10.2   2.9  -3.7 
1972  -6.0  -5.5   7.4  15.3  21.9  25.3  25.1  25.8  19.7  10.1   2.0  -6.4 
1973  -7.2  -0.7   7.2  16.6  20.3  24.3  27.9  26.4  20.4  10.5   2.5  -5.2 
1974  -7.3  -4.2   5.5  17.4  21.8  24.7  28.3  25.4  19.7   9.9   2.5 -11.2 
1975  -7.4  -1.7   8.5  15.0  19.3  24.7  27.3  25.9  20.9  11.8   0.8  -9.7 
1976  -7.6   0.4   4.6  14.6  21.5  24.9  26.2  25.0  19.8  11.3  -1.3  -7.9 
1977 -10.3  -3.3   6.8  13.9  20.6  25.9  27.1  27.7  21.3  12.5   3.3  -3.8 
1978 -12.2  -5.0   7.0  16.8  22.8  25.8  28.3  25.8  20.3  11.0   2.5  -4.0 
1979  -7.0  -0.1   5.3  14.6  20.3  25.3  26.1  25.3  19.8  12.7   0.4  -4.6 
1980  -7.5 -99.0   5.5  15.6  21.9  25.1  27.8  26.0  19.5  11.7   4.6  -4.2 
1981  -7.4  -1.8   8.4  17.1  21.4  26.1  27.1  24.8  19.5   8.9  -0.2  -7.7 
1982  -5.1  -0.7   8.1  14.7  21.3  24.7  27.2  25.7  19.5  12.8   1.0  -6.1 
1983  -7.8  -1.3   6.9  14.0  21.3  23.9  26.6  27.4  20.7  10.9   2.5  -6.8 
1984 -10.3  -5.1   7.2  14.6  21.8  24.5  26.8  26.6  19.8  10.3   2.6  -9.4 
1985  -7.9  -1.1   5.4  16.9  20.5  24.8  27.9  26.7  19.4  11.3   1.5  -5.2 
1986  -6.1  -1.5   5.0  14.4  22.1  24.7  28.9  26.7  19.4  11.8   0.8  -5.4 
1987  -5.8   1.0   7.3  15.6  21.1  23.5  28.0  26.1  20.7  10.4   1.5  -5.0 
1988  -6.4  -3.3   4.8  16.3  20.2  25.5  28.1  26.7  21.0  10.7   2.6  -4.1 
1989  -6.8  -2.7   6.3  14.8  22.0  24.2  27.1  25.2  20.2  12.1   1.3  -3.1 
1990  -6.0  -0.9   7.6  14.6  21.7  26.5  26.6  26.3  21.1  11.6   2.9  -5.9 
1991  -6.2  -2.1   7.1  15.3  20.7  26.3  27.8  24.5  20.0  10.9   1.5  -4.4 
1992  -8.3  -1.2   6.9  17.0  20.0  25.2  26.7  25.4  18.8  10.0   0.6  -4.4 
1993  -6.5   1.6   8.8  15.7  18.7  24.8  27.7  24.8  20.1  10.0   1.1  -6.8 
1994  -7.0  -1.2   5.9  15.8  22.0  26.1  28.7  26.7  18.3   9.7   5.0  -2.3 
1995  -8.3  -0.1   6.3  13.8  22.5  26.4  27.0  26.3  20.1  11.3   2.2  -6.5 
1996  -8.8  -2.3   6.3  14.4  21.5  25.5  26.8  25.2  19.8  10.7   2.0  -6.0 
1997  -5.3  -1.4   9.4  17.3  23.4  26.1  28.6  26.0  20.0  11.7  -0.5  -7.0 
1998  -7.4   0.4   6.8  17.2  20.9  27.8  28.2  26.1  21.1  11.8   3.6  -2.7 
1999  -7.5   0.7   7.0  15.8  21.9  26.8  28.7  26.3  21.6  11.8   2.1  -5.0 
2000  -6.9  -2.7   7.3  16.4  23.9  23.9  28.6  28.6  20.3  10.2   1.4  -5.1 
2001  -8.1  -0.5   8.7  15.6  22.5  27.3  28.9  27.0  20.6  11.9   3.5  -8.0 
2002  -5.2   0.3   8.9  15.3  21.0  27.2  27.9  27.6  18.7  12.2   3.8  -7.9 
2003  -8.1   0.2   7.8  14.6  20.4  26.8  27.0  25.9  20.1  11.1   2.5  -6.2 
2004  -6.2   0.2   9.4  18.3  21.5  26.1  29.2  26.4  20.6  10.9   3.1  -4.2 
2005  -6.4  -2.9   9.1  16.8  21.5  27.1  27.9  25.2  21.5  11.3   2.8  -7.2 
2006 -10.0   0.5   8.2  16.5  21.1  26.7  28.1  27.5  20.2  13.8   4.9  -5.1 
2007  -7.3   2.5   8.7  18.1  22.7  27.5  28.2  26.5  20.3  10.8   3.0  -4.8 
2008 -10.3  -4.4  10.9  15.5  23.8  27.3  28.0  25.0  20.3  11.5   2.9  -4.4 
2009  -6.5   1.2   9.1  18.0  20.7  25.9  27.1  25.1  20.3  11.7   0.6  -4.0 
2010  -5.1  -1.1   7.8  14.1  19.9  26.3  28.6  26.5  19.0  11.5   3.2  -6.2 
2011 -12.1  -0.4   4.4  17.9  22.4 -99.0 -99.0 -99.0 -99.0 -99.0 -99.0 -99.0 
