Number= 911782
Name= BARBERS POINT/NAS
Country= USA
Lat=   21.3
Long=  158.1
Height= 15
Start year= 1949
End year= 2007
First Good year= 1949
Source ID= 37
Source file= Jones+Anders
Jones data to= 1999
Normals source= Data
Normals source start year= 1961
Normals source end year= 1990
Normals=  22.7  22.6  23.1  24.0  24.8  25.7  26.4  26.7  26.7  26.0  24.8  23.5 
Standard deviations source= Data
Standard deviations source start year= 1949
Standard deviations source end year= 1990
Standard deviations=   0.8   1.0   0.9   0.8   0.7   0.7   0.8   0.8   0.8   0.8   0.8   0.7 
Obs:
1949 -99.0  21.4  21.9  22.6  23.5  24.7  25.0  25.4 -99.0  24.5  22.8  22.7 
1950  22.3  23.1  22.6  22.9  24.0  24.8  25.3  25.8  25.6  25.3 -99.0  21.9 
1951  22.7  22.0  22.6  23.3  24.2  24.7  26.0  26.2  25.9  25.5  24.4  23.0 
1952  22.3  22.5  22.6  22.4  22.7  24.3  25.0  25.5  25.2  24.8  24.3  22.7 
1953  22.3  22.4  22.6  23.3  24.2  24.7 -99.0  25.7  25.3  24.9  23.5  22.5 
1954  22.0  22.5  21.6  23.5  23.5  25.1  25.3  26.0  26.0  25.3  24.7  22.6 
1955  22.3  21.3  21.1  22.9  23.2  23.7  24.4  24.3  24.5  24.0  23.7  23.1 
1956  23.0  22.1  23.0  23.1  24.0  24.4  25.2  25.8  25.8  25.3  24.1  23.2 
1957  22.4  21.2  21.6  22.7  24.0  25.3  25.9  25.8  25.8  25.8  25.0  23.0 
1958  21.8  22.0  21.2  22.7  23.3  24.9  25.3  26.1  26.3  25.1  23.9  22.3 
1959  22.5  22.0  23.6  23.2  24.2  25.4  25.9  26.1  26.3  25.4  24.1  23.0 
1960  22.1  21.9  22.3  23.1  24.5  25.5  25.9  26.2  25.8  25.5  24.1  23.0 
1961  22.3  23.1  23.5  24.0  24.8  25.3  25.7  26.3  26.1  25.7  24.1  23.6 
1962  23.2  21.9  22.5  24.0  24.3  25.0  25.4  25.7  25.5  24.7  24.7  22.5 
1963  22.1  22.9  23.0  23.8  24.0  25.0  25.7  26.1  25.9  25.5  24.5  23.3 
1964  23.4  22.8  22.8  23.2  23.9  25.3  25.3  25.7  25.9  25.0  24.4  24.0 
1965  22.5  20.6  21.8  23.4  24.5  25.2  25.6  26.0  26.3  25.1  24.0  22.2 
1966  21.7  21.5  22.4  22.3  24.3  25.6  25.7  26.1  26.3  25.6  24.8  23.5 
1967  22.3  23.0  22.8  23.3  25.3  25.7  26.6  26.5  26.7  26.0  24.5  23.3 
1968  22.4  22.5  22.9  24.1  24.8  26.1  26.4  27.0  26.4  26.7  24.9  22.8 
1969  20.4  22.8  22.6  23.3  24.2  24.9  26.3  25.4  25.0  24.4  24.6  22.8 
1970  21.8  20.5  22.4  23.2  24.3  24.9 -99.0  26.9  26.5  26.4  24.7  22.7 
1971  22.2  24.1 -99.0  25.8  25.7  26.3  26.3  26.8  26.9  26.3  25.8  23.6 
1972  21.7  21.5  22.0  23.6  24.1  25.3  26.1  27.0  27.2  25.9  24.0  22.6 
1973  22.8  21.4  23.5  23.4  24.7  25.3  26.8  27.4  27.8 -99.0  24.8  23.6 
1974  23.8  23.4  23.9  24.6  24.6  25.9  25.7  26.0  27.0  26.5  24.4  24.5 
1975  22.8  21.7  22.1  23.2  24.5  25.3  26.5  26.3  25.9  25.6  25.0  23.3 
1976  23.6  22.1  22.8  23.4  24.8  24.8  25.3  26.5  26.5  26.0  23.2  23.0 
1977  23.6  24.0  24.6  24.1  24.2  25.3  26.1  27.2  27.1  26.4  24.6  24.3 
1978  23.5  22.7  23.4  23.5  24.5  26.8  28.0  25.7  25.7  24.9  23.7  22.6 
1979  21.4  21.5  22.7  24.3  25.3  26.6  26.9  27.5  27.9  27.9  25.8  25.1 
1980  23.1  23.7  23.3  24.2  24.8  25.5 -99.0  26.2  26.4  25.8  25.0  24.5 
1981  22.8  24.3  24.5  24.8  24.0  25.8  26.4  26.0  27.0  26.0  25.3  24.1 
1982  23.0  23.1  22.7  23.5  24.7  26.1  27.7  28.1  27.4  26.0  24.9  23.1 
1983  22.2  22.0  22.7  23.6  24.3  25.6  25.5  25.8  25.9  25.2  24.8  23.9 
1984  24.6  24.4  24.9  25.7  25.9  27.0 -99.0 -99.0  27.6  27.3  26.8  23.8 
1985  22.3  23.2  23.8  23.7  24.6  25.9  27.1  27.5  26.7  26.3  24.3  23.0 
1986  22.9  22.7 -99.0  25.4  25.6  26.9  27.7  28.1  27.7  26.9  25.9  23.9 
1987  23.0  21.6 -99.0  24.1 -99.0 -99.0 -99.0  28.0 -99.0  27.0  25.9  24.4 
1988  23.0  23.7 -99.0  25.0  26.1 -99.0  27.4  27.7  27.8  27.0  26.5  24.6 
1989  23.9  23.4  24.2  23.9  25.8  27.0  27.6  26.8  26.8  25.4  24.3  22.5 
1990  23.4  22.1  22.7  24.2  25.2  25.5  25.8  26.9  27.0  26.4  24.8  23.5 
1991  22.7  23.3  23.4  24.9  26.2  27.4  28.4  28.1  28.2  27.5  27.8  26.2 
1992  24.8 -99.0 -99.0  25.6  25.6  26.4  26.7  27.3  27.3  26.2  25.0  24.8 
1993  21.4  21.2  22.5  24.7  24.7  26.4  26.7  27.0  27.0  26.2  24.5  24.2 
1994  22.5  23.1  23.1  24.2  25.6  26.7  27.8  27.8  27.8  26.4  25.3  23.9 
1995  22.5  22.2  22.8  23.6  24.5  25.9  26.7  27.0  26.7  26.7  25.0  24.2 
1996  23.1  22.2  22.0  25.0  25.9  27.0  27.5  27.5  27.3  27.3 -99.0 -99.0 
1997  21.7  23.1  23.6  24.2  24.4 -99.0  27.2  26.7  26.7  25.6  23.9 -99.0 
1998 -99.0  21.7  23.1 -99.0  24.2  25.9  26.7  26.4  27.2  26.2  25.6  23.9 
1999  22.8  22.8  23.4 -99.0  24.2 -99.0 -99.0 -99.0 -99.0 -99.0 -99.0 -99.0 
2000 -99.0 -99.0 -99.0 -99.0 -99.0 -99.0 -99.0 -99.0 -99.0 -99.0 -99.0 -99.0 
2001 -99.0 -99.0 -99.0 -99.0 -99.0 -99.0 -99.0 -99.0 -99.0 -99.0 -99.0 -99.0 
2002 -99.0 -99.0 -99.0 -99.0 -99.0 -99.0 -99.0 -99.0 -99.0 -99.0 -99.0 -99.0 
2003 -99.0 -99.0 -99.0 -99.0 -99.0 -99.0 -99.0 -99.0 -99.0 -99.0 -99.0 -99.0 
2004 -99.0 -99.0 -99.0 -99.0 -99.0 -99.0 -99.0 -99.0 -99.0 -99.0 -99.0 -99.0 
2005 -99.0 -99.0 -99.0 -99.0 -99.0 -99.0 -99.0 -99.0 -99.0 -99.0 -99.0 -99.0 
2006 -99.0 -99.0 -99.0 -99.0 -99.0 -99.0 -99.0 -99.0 -99.0 -99.0 -99.0 -99.0 
2007 -99.0 -99.0 -99.0 -99.0 -99.0 -99.0 -99.0 -99.0 -99.0 -99.0 -99.0 -99.0 
