Number= 911827
Name= HONOLULU OBS
Country= HAWAII
Lat=   21.3
Long=  158.0
Height= 2
Start year= 1906
End year= 1990
First Good year= 1906
Source ID= 10
Source file= Jones
Jones data to= 1990
Normals= -99.0 -99.0 -99.0 -99.0 -99.0 -99.0 -99.0 -99.0 -99.0 -99.0 -99.0 -99.0 
Standard deviations source= Data
Standard deviations source start year= 1941
Standard deviations source end year= 1990
Standard deviations=   0.7   0.6   0.9   0.7   0.7   0.8   0.7   0.7   0.7   0.6   0.7   0.5 
Obs:
1906  21.1  21.6  20.8  23.6  24.3  25.9  26.2  26.7  26.3  25.9  23.9  22.4 
1907  22.1  21.7  21.4  21.9  23.8  25.6  26.0  26.4  26.3  24.9  24.0  22.9 
1908  21.6  21.9  22.2  22.6  24.0  24.5  25.3  25.8  25.3  24.7  23.2  22.5 
1909  21.1  20.9  21.1  22.1  23.8  25.1  25.4  25.4  25.2  24.6  24.0  22.7 
1910  21.1  21.0  22.4  22.7  23.7  24.7  25.3  25.7  25.3  24.6  23.7  21.8 
1911  21.1  20.8  21.6  23.1  23.9  24.9  25.7  26.3  25.8  24.3  23.7  22.8 
1912  21.9  21.8  21.2  23.3  24.1  24.9  26.0  26.3  26.1  25.7  23.7  23.7 
1913  22.2  21.3  22.6  23.6  23.9  24.8  26.1  26.4  25.9  25.5  24.7  22.5 
1914  20.9  21.5  21.6  23.0  24.0  25.7  26.7  27.1  26.3  25.3  24.0  21.6 
1915  21.2  21.2  21.8  22.9  25.0  26.1  26.3  27.0  26.4  25.6  23.8  22.6 
1916  21.3  21.9  22.2  23.6  24.4  25.1  25.6  25.4  25.4  24.9  24.0  22.6 
1917  21.0  20.8  21.7  22.8  24.1  25.2  25.8  26.1  25.8  24.8  24.0  22.8 
1918  21.6  21.3  21.6  21.9  23.7  25.2  26.7  26.6  26.2  26.0  24.4  22.6 
1919  20.9  21.2  22.3  23.5  24.3  25.3  26.2  26.9  25.6  25.3  24.3  22.9 
1920  21.7  22.3  22.6  23.4  24.3  25.2  25.8  26.2  26.2  25.1  23.1  22.6 
1921  21.4  21.4  22.2  23.6  24.3  25.6  25.7  25.5  25.3  24.2  23.6  22.8 
1922  21.6  21.7  22.5  23.6  24.0  25.1  26.0  26.1  25.7  24.9  23.7  22.4 
1923  21.9  20.2  21.4  22.8  23.6  24.7  25.6  25.9  26.1  25.4  23.8  22.4 
1924  20.4  21.6  21.7  22.4  23.9  24.8  25.3  25.5  25.4  24.2  22.8  22.2 
1925  22.1  21.9  22.1  22.6  23.8  24.8  25.6  26.1  25.7  24.9  23.3  22.8 
1926  22.0  21.9  22.2  22.1  24.3  25.0  26.2  26.2  26.2  25.2  23.7  23.4 
1927  22.4  21.9  23.0  23.3  24.3  25.7  25.7  26.1  25.9  25.3  24.2  22.1 
1928  21.8  21.1  22.6  23.7  24.0  25.1  25.6  26.0  25.7  24.9  23.3  22.4 
1929  21.0  21.7  22.8  23.7  24.3  25.3  26.3  26.5  26.5  25.6  23.2  21.9 
1930  20.6  22.4  22.1  22.6  24.2  24.9  26.2  26.8  26.4  25.0  23.9  22.8 
1931  21.8  22.0  22.6  22.7  24.1  25.3  25.9  26.3  25.7  25.4  23.7  21.3 
1932  22.7  21.6  21.9  23.4  23.7  24.4  25.3  25.3  25.4  25.3  24.0  22.6 
1933  22.2  22.3  22.4  22.3  24.0  24.6  24.9  25.1  24.9  23.8  22.2  22.7 
1934  22.4  21.4  21.7  21.3  24.6  25.7  26.2  26.6  26.3  25.6  24.1  23.0 
1935  21.3  21.1  22.1  22.7  24.8  25.6  25.9  26.0  25.7  25.3  23.3  23.0 
1936  22.2  22.0  22.3  23.1  23.8  25.8  26.3  26.2  25.7  25.3  23.2  22.4 
1937  21.2  21.2  21.8  23.6  23.9  25.3  25.8  25.8  25.6  24.9  23.7  22.6 
1938  21.6  23.1  23.3  23.6  24.8  25.5  26.0  26.2  25.8  25.0  23.4  23.1 
1939  22.4  22.7  22.7  23.1  24.0  24.7  25.6  25.9  25.4  24.4  23.1  21.9 
1940  20.6  21.8  22.1  24.4  25.0  26.4  27.0  27.6  27.0  26.1  24.6  23.1 
1941  22.6  21.2  22.6  24.2  24.7  26.0  26.7  27.6  27.1  25.4  23.7  22.6 
1942  21.7  22.3  22.0  22.3  24.3 -99.0 -99.0 -99.0  26.8  25.8  24.9  23.7 
1943  22.3  21.7  22.1  24.3  24.9  26.0  26.4  26.5  26.1  25.4  23.9  23.3 
1944  22.3  21.9  22.7  24.0  24.4  25.3  26.3  26.0  25.8  25.2  24.2  22.7 
1945  21.8  23.0  24.1  23.7  24.8  26.6  26.7  26.9  26.2  25.7  24.6  22.8 
1946  22.7  22.8  24.1  24.1  24.9  26.4  26.7  26.8  25.8  25.2  23.7  22.4 
1947  20.3  21.2  22.3  23.2  24.1  25.6  26.2  26.3  25.8  25.6  24.0  22.9 
1948  20.8  20.4  22.4  22.7  24.2  24.8  25.8  26.1  26.2  24.9  23.7  22.4 
1949  20.7  20.8  21.2  21.8  22.9  24.0  24.8  25.1  24.8  23.7  22.4  21.9 
1950  21.4  22.1  21.9  22.7  23.4  23.7  24.7  25.3  24.9  24.9  23.7  21.6 
1951  21.7  21.3  22.2  22.4  23.4  23.9  25.8  25.8  25.4  25.2  23.9  22.8 
1952  21.7  21.6  22.5  22.6  22.6  24.9  25.1  25.7  24.8  24.7  24.3  22.2 
1953  21.4  22.1  22.3  23.1  24.4  25.3  25.5  25.6  24.7  24.3  23.4  22.1 
1954  20.9  22.1  21.2  23.0  23.7  25.3  25.4  26.4  25.6  25.2  24.2  22.5 
1955  21.5  21.7  20.7  22.8  23.3  23.6  24.4  24.6  24.4  23.9  23.7  22.5 
1956  22.1  21.6  22.6  23.2  24.4  24.9  25.2  25.9  25.5  25.2  23.9  22.2 
1957  22.1  20.9  20.8  22.9  23.6  24.8  26.2  26.4  25.6  25.5  24.8  23.1 
1958  20.9  21.5  20.8  22.6  23.9  25.1  25.8  26.6  26.3  25.2  23.3  21.9 
1959  21.6  21.5  23.4  23.3  24.6  25.2  26.1  26.3  26.4  24.9  23.8  22.8 
1960  21.9  21.7  22.5  23.7  24.7 -99.0 -99.0 -99.0 -99.0 -99.0 -99.0 -99.0 
1961  21.7  23.0  23.2  23.5  25.5  25.6  25.6  26.5  25.8  25.6  24.0  22.9 
1962  22.1  21.3  22.0  23.7  24.6  24.9  25.7  26.0  25.6  24.7  24.8  22.1 
1963  21.4  22.0  22.6  23.7 -99.0 -99.0 -99.0 -99.0 -99.0 -99.0 -99.0 -99.0 
1964 -99.0 -99.0 -99.0 -99.0 -99.0 -99.0 -99.0 -99.0 -99.0 -99.0 -99.0 -99.0 
1965 -99.0 -99.0 -99.0 -99.0 -99.0 -99.0 -99.0 -99.0 -99.0 -99.0 -99.0 -99.0 
1966 -99.0 -99.0 -99.0 -99.0 -99.0 -99.0 -99.0 -99.0 -99.0 -99.0 -99.0 -99.0 
1967 -99.0 -99.0 -99.0 -99.0 -99.0 -99.0 -99.0 -99.0 -99.0 -99.0 -99.0 -99.0 
1968 -99.0 -99.0 -99.0 -99.0 -99.0 -99.0 -99.0 -99.0 -99.0 -99.0 -99.0 -99.0 
1969 -99.0 -99.0 -99.0 -99.0 -99.0 -99.0 -99.0 -99.0 -99.0 -99.0 -99.0 -99.0 
1970 -99.0 -99.0 -99.0 -99.0 -99.0 -99.0 -99.0 -99.0 -99.0 -99.0 -99.0 -99.0 
1971 -99.0 -99.0 -99.0 -99.0 -99.0 -99.0 -99.0 -99.0 -99.0 -99.0 -99.0 -99.0 
1972 -99.0 -99.0 -99.0 -99.0 -99.0 -99.0 -99.0 -99.0 -99.0 -99.0 -99.0 -99.0 
1973 -99.0 -99.0 -99.0 -99.0 -99.0 -99.0 -99.0 -99.0 -99.0 -99.0 -99.0 -99.0 
1974 -99.0 -99.0 -99.0 -99.0 -99.0 -99.0 -99.0 -99.0 -99.0 -99.0 -99.0 -99.0 
1975 -99.0 -99.0 -99.0 -99.0 -99.0 -99.0 -99.0 -99.0 -99.0 -99.0 -99.0 -99.0 
1976 -99.0 -99.0 -99.0 -99.0 -99.0 -99.0 -99.0 -99.0 -99.0 -99.0 -99.0 -99.0 
1977 -99.0 -99.0 -99.0 -99.0 -99.0 -99.0 -99.0 -99.0 -99.0 -99.0 -99.0 -99.0 
1978 -99.0 -99.0 -99.0 -99.0 -99.0 -99.0 -99.0 -99.0 -99.0 -99.0 -99.0 -99.0 
1979 -99.0 -99.0 -99.0 -99.0 -99.0 -99.0 -99.0 -99.0 -99.0 -99.0 -99.0 -99.0 
1980 -99.0 -99.0 -99.0 -99.0 -99.0 -99.0 -99.0 -99.0 -99.0 -99.0 -99.0 -99.0 
1981  22.2  22.5  22.9  23.9  24.6  26.6  26.7  27.1  26.9  25.7  25.0  23.6 
1982  22.3  21.7  21.9  22.8  24.3  25.1  27.0  27.6  26.4  25.1  24.2  22.3 
1983  21.5  21.2  22.2  23.3  23.3  24.3  24.8  25.1  25.9  25.3  24.4  22.6 
1984  23.1  22.8  23.6  24.9  25.1  26.2  26.2  26.2  26.2  25.9  25.1  22.6 
1985  20.9  21.8  22.9  22.7  23.6  24.8  26.4  26.6  26.0  25.4  23.3  22.1 
1986  21.7  21.9  23.9  24.7  24.6  26.0  27.1  27.4  26.7  25.9  25.2  23.1 
1987  22.3  21.0  22.3  23.3  23.2  25.3  26.7  26.8  27.1  26.2  25.2  23.4 
1988  22.2  22.9  23.7  24.2  25.2  26.1  26.6  26.8  26.7  25.8  25.7  23.5 
1989  23.0  22.2  23.0  22.9  24.6  25.5  26.5  25.9  26.1  24.9  24.1  21.6 
1990  22.8  21.7  22.1  23.4  24.4  25.8  25.7  26.6  26.8  25.8  24.4  22.9 
