Number= 916100
Name= TARAWA
Country= KIRIBATI
Lat=    1.3
Long= -172.8
Height= 2
Start year= 1951
End year= 2007
First Good year= 1951
Source ID= 10
Source file= Jones+Anders
Jones data to= 2000
Normals source= Data
Normals source start year= 1961
Normals source end year= 1990
Normals=  27.9  27.9  27.9  27.9  28.2  28.1  27.7  28.0  28.1  28.2  28.2  28.1 
Standard deviations source= Data
Standard deviations source start year= 1951
Standard deviations source end year= 1990
Standard deviations=   0.6   0.4   0.4   0.4   0.3   0.4   0.7   0.4   0.4   0.5   0.7   0.4 
Obs:
1951  28.4  28.4  28.6  28.8  28.4  28.2  28.3  28.3  28.8  29.2  29.7  28.7 
1952  28.6  28.7  28.2  28.8  28.7  28.4  28.4  28.7  28.7  29.2  28.7  28.4 
1953  28.0  28.1  28.2  28.0  28.4  28.6  28.7  28.7  28.5  29.3  29.4  28.2 
1954  28.2  28.2  28.3  28.3  28.5  28.8  28.2  28.0  28.6  28.6  28.4  28.9 
1955  28.8  28.0  28.3  28.0  28.5  28.1  28.1  28.1  27.9  27.9  28.0  27.8 
1956  28.4  27.8  28.2  28.4  28.5  28.0  27.7  28.1  28.2  28.6  28.7  29.1 
1957  28.8  29.0  28.2  28.4  28.7  28.4  28.0  28.2  27.2  28.3  28.1  28.1 
1958  28.4  28.3  27.9  28.2  28.8  28.7  28.2  28.7  28.8  28.8  28.2  28.1 
1959  28.6  27.7  28.4  28.5  28.5  28.6  28.0  27.9  28.7  28.7  28.3  28.6 
1960  27.9  27.8  27.8  28.1  28.3  27.9  28.3  28.3  28.6  28.3  29.2  28.6 
1961  28.1  27.8  27.7  27.9  27.9  27.9  27.9  28.1  28.0  27.8  27.8  28.1 
1962  27.6  27.4  27.2  27.4  27.9  27.8  27.7  27.8  27.9  28.2  27.9  27.7 
1963  27.4  27.4  27.3  27.6  28.0  27.9  27.6  28.1  28.1  27.8  27.7  27.8 
1964  27.8  27.7  27.6  28.0  27.9  27.8  27.7  27.4  27.8  27.1  27.2  27.4 
1965  28.1  27.5  27.2  27.3  28.2  27.8  27.5  27.2  27.6  27.4  28.1  27.8 
1966  25.7  27.6  27.8  27.9  28.4  28.6  28.1  28.6  28.2  27.7  26.1  28.0 
1967  27.4  27.2  27.7  27.7  28.6  28.2  24.6  27.8  28.0  27.9  27.9  27.8 
1968  28.1  27.7  27.8  27.8  28.0  28.0  28.2  28.0  27.9  28.2  28.1  28.4 
1969  28.1  28.1  28.1  28.2  28.7  28.2  26.8  28.2  28.3  28.8  29.4  28.2 
1970  28.2  28.1  27.9  27.8  28.3  28.1  27.7  27.5  27.9  27.7  27.4  27.4 
1971  27.1  27.1  27.4  27.2  27.6  27.4  27.2  27.4  27.8  27.7  27.6  27.7 
1972  27.4  28.2  27.6  27.9  28.3  27.9  27.0  27.1  27.1  27.7  28.4  28.7 
1973  27.9  28.4  28.6  28.4  28.4  28.6  28.1  28.3  28.0  27.7  27.8  27.5 
1974  27.0  27.4  27.7  28.0  28.0  28.2  27.9  27.9  27.9  28.1  27.8  28.1 
1975  27.9  27.8  27.2  27.4  27.8  27.3  27.8  27.8  27.8  27.6  27.6  27.4 
1976  27.6  27.7  27.7  27.5  28.0  27.2  27.3  27.1  28.0  28.7  28.6  27.9 
1977  27.3  27.6  27.6  27.9  27.7  27.9  28.1  28.6  28.1  28.6  28.2  28.1 
1978  28.0  28.4  27.9  28.0  28.5  28.2  28.1  28.2  28.4  28.4  28.7  28.3 
1979  27.9  27.6  27.1  28.0  28.0  28.0  28.2  28.2  28.7  28.4  28.4  27.9 
1980  28.0  28.2  27.4  27.9  28.0  28.3  28.2  27.9  28.1  28.6  28.3  28.4 
1981  28.5  28.4  28.1  28.0  28.3  28.2  28.4  28.5  29.0  29.0  28.7  28.0 
1982  28.8  28.5  28.9  28.5  28.7  28.8  27.5  27.8  27.9  27.9  27.9  28.3 
1983  28.8  28.6  28.7  29.0  27.9  28.1  28.2  28.4  28.7  28.0  28.3  28.4 
1984  27.9  27.7  28.0  27.8  27.8  27.6  27.7  28.0  28.8  28.4  28.7  28.6 
1985  28.5  28.4  28.3  28.2  28.4  28.5  28.2  28.5  28.6  28.9  28.8  28.5 
1986  28.4  28.3  28.5  28.3  28.7  28.7  28.0  28.5  28.1  28.5  28.6  27.8 
1987  28.4  28.3  28.2  27.9  28.5  28.3  27.7  28.2  28.6  28.8  29.1  29.0 
1988  28.6  28.3  28.3  28.4  28.1  28.3  28.1  28.4  28.4  27.9  28.1  27.7 
1989  27.9  27.5  27.8  28.0  27.8  28.1  28.3  28.1  28.2  28.6  28.5  28.2 
1990  28.0  28.5  28.2  28.1  28.7  28.5  28.4  28.3  28.3  29.2  28.8  28.6 
1991  27.9  28.7 -99.0  28.7  28.6  28.1  28.1  27.8  28.2 -99.0  28.1  28.0 
1992 -99.0  27.9  27.8  27.5  28.0  28.2  28.3  28.2  28.4  28.4  28.3  27.7 
1993  27.7  27.6 -99.0  27.5  27.6 -99.0 -99.0  27.7  28.0 -99.0  28.6  27.9 
1994  28.2  27.9  27.9  28.1  28.4  28.0  28.3  28.0 -99.0  27.8 -99.0  27.9 
1995 -99.0 -99.0  28.3  28.6  29.6  28.8  28.4  28.5  28.2  28.3  28.3  28.2 
1996  28.4 -99.0  28.0  27.9  28.1  28.0  28.3  28.8  28.4 -99.0  28.3  28.5 
1997 -99.0  28.2 -99.0  28.5  28.4  27.9  28.0  28.0  28.2  27.8 -99.0  28.4 
1998  28.4  28.5  28.9  28.7  28.1  28.6  28.5  28.3  28.4  27.5  27.7 -99.0 
1999  27.2  27.3  27.1  27.4  27.5  27.6  27.9  27.9  28.2  28.3  28.2  28.0 
2000  27.8  27.5  27.4  27.7  27.7 -99.0  27.8 -99.0  28.6  28.5 -99.0 -99.0 
2001 -99.0 -99.0 -99.0 -99.0 -99.0 -99.0 -99.0 -99.0 -99.0 -99.0 -99.0 -99.0 
2002 -99.0 -99.0 -99.0 -99.0 -99.0 -99.0 -99.0 -99.0 -99.0 -99.0 -99.0 -99.0 
2003 -99.0 -99.0 -99.0 -99.0 -99.0 -99.0 -99.0 -99.0 -99.0 -99.0 -99.0 -99.0 
2004 -99.0 -99.0 -99.0 -99.0 -99.0 -99.0 -99.0 -99.0 -99.0 -99.0 -99.0 -99.0 
2005 -99.0 -99.0 -99.0 -99.0 -99.0 -99.0 -99.0 -99.0 -99.0 -99.0 -99.0 -99.0 
2006 -99.0 -99.0 -99.0 -99.0 -99.0 -99.0 -99.0 -99.0 -99.0 -99.0 -99.0 -99.0 
2007 -99.0 -99.0 -99.0 -99.0 -99.0 -99.0 -99.0 -99.0 -99.0 -99.0 -99.0 -99.0 
