Number= 917530
Name= HIHIFO
Country= WALLIS ISLAND
Lat=  -13.2
Long=  176.2
Height= 12
Start year= 1950
End year= 2011
First Good year= 1950
Source ID= 10
Source file= Jones+Anders
Jones data to= 1998
Normals source= Data
Normals source start year= 1961
Normals source end year= 1990
Normals=  27.2  27.3  27.3  27.2  26.9  26.8  26.3  26.2  26.5  26.7  26.9  27.1 
Standard deviations source= Data
Standard deviations source start year= 1950
Standard deviations source end year= 1990
Standard deviations=   0.5   0.5   0.5   0.5   0.7   0.5   0.4   0.4   0.5   0.4   0.5   0.6 
Obs:
1950  27.5  27.6  26.9  27.5  27.1  27.1  26.4  26.9  26.7  27.1  27.4  27.0 
1951  27.4  28.1  27.3  27.7  27.4  27.5  26.1  26.5  26.4  26.9  27.2  27.6 
1952  27.8  27.9  28.0  27.3  27.8  27.5  27.2  26.9  26.6  26.8  27.4  27.6 
1953  28.1  27.8  28.0  28.1  27.5  27.3  26.9  26.0  25.9  26.8  27.1  27.5 
1954  27.9  27.2  26.8  27.6  27.5  27.0  26.7  26.9  27.2  26.6  26.9  27.1 
1955  27.3  27.0  26.7  27.2  26.8  27.0  26.8  26.7  26.9  26.9  27.2  27.0 
1956  27.1  26.7  27.2  27.5  27.2  26.5  26.2  26.5  26.2  27.3  27.1  27.6 
1957  27.4  26.9  26.8  27.4  27.5  27.3  26.3  26.7  27.0  27.1  27.3  27.7 
1958  28.3  28.7  28.5  28.1  27.8  27.0  26.4  26.5  27.0  27.4  27.6  27.9 
1959  27.7  28.3  27.7  28.5  28.0  27.5  27.1  26.8  26.9  27.3  26.8  25.6 
1960  28.1  27.4  27.8  28.2  27.9  27.5  26.9  26.8  27.6  27.0  28.0  27.4 
1961  27.9  27.8  26.8  28.4  28.5  27.5  27.0  26.8  27.4  26.7  27.1  27.7 
1962  27.5  27.2  27.8  28.1  27.5  27.2  26.8  26.6  27.1  26.9  27.5  27.8 
1963  27.8  27.7  27.8  28.0  27.5  27.4  27.2  27.1  27.5  27.4  28.4  28.6 
1964  27.5  27.9  27.8  27.3  27.1  26.8  26.5  26.8  26.6  26.7  26.8  26.7 
1965  26.9  27.4  27.3  27.0  26.8  26.5  26.4  25.9  26.2  26.5  26.8  27.4 
1966  27.7  27.3  27.7  27.7  27.7  26.9  26.2  26.2  26.7  26.9  26.8  26.9 
1967  27.3  26.9  27.7  26.6  26.6  26.4  25.9  25.9  26.8  26.6  26.9  27.1 
1968  27.3  27.4  27.4  26.6  27.4  27.2  26.6  26.1  26.5  27.6  27.3  28.0 
1969  27.7  28.0  28.6  27.7  27.1  27.7  26.5  25.8  26.4  27.0  27.8  27.4 
1970  27.8  28.3  27.5  27.5  27.9  27.5  26.5  26.3  25.7  26.3  26.4  26.0 
1971  26.5  26.4  26.6  26.9  26.6  26.6  25.9  26.0  26.3  26.1  26.7  26.6 
1972  26.6  26.6  26.8  27.3  26.5  26.5  26.0  26.5  26.3  26.5  26.7  27.7 
1973  27.7  27.5  27.7  27.6  26.9  26.9  26.3  26.4  26.4  26.2  26.1  26.9 
1974  26.7  26.5  26.7  26.8  25.9  26.5  26.1  26.2  26.8  26.7  26.7  26.7 
1975  27.2  27.0  27.0  26.8  26.3  26.5  26.5  26.3  26.5  26.4  26.8  26.5 
1976  26.5  26.7  26.8  26.9  26.4  26.5  26.0  26.3  26.3  27.1  27.1  26.5 
1977  27.5  27.6  27.2  27.0  26.1  26.9  26.1  25.7  25.6  26.4  26.5  27.5 
1978  26.9  27.0  26.6  26.7  26.6  26.4  26.0  26.0  26.4  26.7  26.3  27.1 
1979  27.1  27.7  27.3  26.9  27.0  27.2  25.9  26.1  26.6  26.9  27.0  27.0 
1980  26.9  27.7  27.5  27.4  26.6  26.6  26.4  26.3  26.5  26.9  26.7  27.3 
1981  27.4  27.0  27.1  26.4  26.8  26.5  26.1  26.3  26.2  26.1  27.1  27.0 
1982  27.0  27.0  27.4  27.1  27.2  26.9  26.4  26.0  26.1  26.7  26.5  26.7 
1983  27.4  27.7  27.3  27.0  27.0  26.3  25.8  25.9  26.6  26.6  26.9  26.8 
1984  26.6  27.1  26.6  27.4  27.5  26.9  26.0  25.9  26.3  26.0  26.7  26.8 
1985  26.8  27.4  27.2  26.9  26.5  26.4  26.3  26.3  26.1  26.5  27.0  27.1 
1986  27.1  26.8  27.3  26.8  26.5  26.6  25.7  25.5  26.2  26.6  26.8  27.4 
1987  27.2  27.9  27.5  27.7  24.8  25.4  25.5  25.8  26.1  26.6  27.3  27.6 
1988  27.7  27.9  28.1  26.8  27.4  26.9  26.4  26.6  26.6  26.3  26.0  26.4 
1989  26.7  26.4  26.9  26.5  26.9  26.9  26.0  26.2  27.1 -99.0  26.8 -99.0 
1990  27.6  27.7  27.0  27.5  27.2  27.3  27.3  26.5  27.1  27.1  27.1  27.8 
1991  27.6  27.8  27.5  27.7  27.1  27.1  27.3  27.0  26.5  27.1  27.4  27.3 
1992  27.4  27.7  27.0  27.5  27.2  27.3  27.2  26.5  27.1  27.1  27.1  27.8 
1993  27.5  27.4  26.9  27.2  27.5  26.9  26.1  26.5  26.4  26.3  27.8  27.8 
1994  27.4  28.0  28.2  27.5  26.7  26.5  26.6  26.4  26.2  27.0  27.2  27.8 
1995  27.7  27.5  27.5  27.6  27.0  27.4  27.1  26.7  27.1  27.0  27.5  27.5 
1996  27.3  27.5  27.3  27.7  26.7  27.4  27.1  26.9  26.6  26.6  27.3  27.7 
1997  27.8  28.2  27.1  27.9  27.2  25.9  26.6  26.2  26.7  27.2  27.3  27.4 
1998  27.6  27.7  28.0  27.8  27.3  27.3  26.2  26.5  26.7  27.1  27.8  27.7 
1999  27.1  27.0  27.9  27.7  27.3  27.3  27.4  27.5  26.8  26.9  27.1  27.8 
2000  27.8  27.7  27.6  27.8  27.5  27.3  26.8  27.0  27.3  27.2  27.4  27.8 
2001 -99.0 -99.0 -99.0  27.8 -99.0 -99.0 -99.0 -99.0 -99.0 -99.0 -99.0  27.7 
2002  28.0  28.4  27.8  27.8  28.0  27.5  27.0  26.8  27.1 -99.0 -99.0 -99.0 
2003  28.3 -99.0 -99.0  27.7  27.9  26.6  26.9  26.0  27.1  27.1  27.4  27.4 
2004  27.5  28.0  27.7  28.2  27.9  27.6  26.4  27.2  27.1  27.1  27.1 -99.0 
2005  28.4  28.3  28.4  28.1  27.6  27.0  26.5  26.5  27.4  27.7  27.9  27.7 
2006  27.0  26.9 -99.0  27.8  27.3  27.3  26.4  26.9  27.2  27.2  27.7  27.7 
2007  28.3  27.8  27.6  27.7  26.9  27.8  27.5  27.4  27.4  27.1  27.3  27.5 
2008 -99.0  27.5 -99.0  27.4 -99.0  27.0 -99.0 -99.0 -99.0 -99.0 -99.0 -99.0 
2009 -99.0  27.5  27.4  27.5  27.4  26.9  27.0  26.7  27.0  27.0  27.4  27.6 
2010  28.2  28.2  28.1  28.4  28.4  27.9  27.4  27.3  27.4  27.1  27.2  27.3 
2011  26.6  26.5  27.5  28.1  27.8 -99.0 -99.0 -99.0 -99.0 -99.0 -99.0 -99.0 
