Number= 917620
Name= APIA
Country= SAMOA
Lat=  -13.8
Long=  171.8
Height= 1
Start year= 1890
End year= 2007
First Good year= 1890
Source ID= 10
Source file= Jones+Anders
Jones data to= 2000
Normals source= Data
Normals source start year= 1961
Normals source end year= 1990
Normals=  26.9  27.0  27.0  26.8  26.6  26.3  25.9  25.9  26.2  26.5  26.6  26.8 
Standard deviations source= Data
Standard deviations source start year= 1941
Standard deviations source end year= 1990
Standard deviations=   0.4   0.5   0.5   0.5   0.5   0.4   0.4   0.3   0.3   0.4   0.4   0.4 
Obs:
1890  25.4  25.6  25.7  25.2  25.2  25.0  23.9  24.7  25.9  25.7  25.6  26.0 
1891  26.1  25.6  25.8  25.5  25.1  24.9  23.9  24.7  24.9  25.8  25.6  25.7 
1892  25.3  25.8  26.1  25.7  24.8  25.1  24.4  25.1  24.7  25.4  24.9  25.3 
1893  24.9  24.9  25.5  24.4  24.1  25.3  24.5  24.7  24.7  24.8  25.1  25.5 
1894  25.4  25.2  25.4  25.9  25.0  25.1  24.2  25.3  25.5  26.0  25.4  25.7 
1895  25.4  24.6  25.5  25.7  26.0  25.1  24.8  24.9  24.6  25.2  25.1  26.2 
1896  25.5  25.7  25.6  25.4  25.7  24.5  23.2  24.7  25.4  26.0  25.2  26.4 
1897  26.2  25.9  26.6  26.3  25.5  25.9  25.2  25.8  25.2  25.8  25.6  26.6 
1898  25.6  25.5  25.4  25.9  25.5  25.4  26.1  25.6  25.9  25.8  25.5  26.3 
1899  25.5  25.8  25.9  26.2  25.6  24.9  25.4  25.3  26.1  26.0  26.3  26.3 
1900  26.8  26.7  26.4  26.3  25.3  24.9  24.9  25.7  26.1  26.5  26.2  26.4 
1901  26.8  26.3  26.4  26.9  26.5  25.5  25.7  25.3  25.8  25.7  26.3  26.8 
1902  26.4  26.7  26.6  26.3  26.4  25.4  25.6  25.2  25.5  26.1  26.8  27.0 
1903  25.6  26.3  26.8  26.2  26.1  26.1  25.3  25.8  25.3  25.9  25.7  25.9 
1904  25.2  25.6  25.6  25.6  25.7  25.5  24.8  25.0  25.4  26.2  26.5  26.8 
1905  26.4  26.8  26.5  26.1  25.5  25.0  24.9  24.8  25.1  25.9  25.9  26.0 
1906  27.3  26.9  26.9  26.8  26.1  25.6  25.2  25.6  25.9  26.0  25.8  26.3 
1907  26.0  26.2  25.8  25.8  25.4  24.3  25.3  24.6  25.4  26.2  25.8  26.2 
1908  26.0  25.9  25.9  26.0  25.9  24.1  24.5  25.9  25.0  25.8  25.7  26.3 
1909  25.3  25.7  25.9  25.2  25.3  25.4  24.7  24.2  25.6  25.9  25.7  25.7 
1910  25.8  25.8  25.6  25.7  25.6  24.9  25.4  25.8  25.7  25.4  25.8  26.0 
1911  26.0  26.8  26.2  26.3  25.8  25.7  25.2  26.1  25.8  26.4  26.4  27.7 
1912  27.9  27.1  27.3  26.7  26.6  26.0  25.6  25.9  26.1  26.3  26.6  26.9 
1913  26.6  26.2  26.9  26.7  26.2  26.4  26.0  26.2  26.6  26.1  26.5  26.5 
1914  26.9  27.5  27.2  27.1  27.4  26.6  25.5  26.1  26.1  26.4  26.3  26.8 
1915  26.8  26.6  27.1  26.6  26.1  25.7  24.5  25.3  26.0  26.3  25.8  26.0 
1916  26.1  26.1  26.0  25.7  25.5  25.4  25.6  26.1  25.7  25.8  25.6  26.0 
1917  25.5  25.5  25.1  25.0  25.2  25.3  25.4  25.0  25.4  24.9  25.5  25.2 
1918  25.6  25.5  25.8  25.5  26.0  26.1  25.1  25.4  25.7  26.4  26.7  26.6 
1919  26.3  26.9  27.0  26.9  26.3  25.9  25.8  25.7  26.9  27.1  27.3  27.5 
1920  27.5  26.9  26.8  26.9  26.9  25.9  26.4  25.8  26.9  26.1  26.4  26.5 
1921  26.6  26.9  26.8  26.3  25.5  25.5  25.7  26.3  26.1  26.6  26.6  26.3 
1922  26.8  26.4  26.9  27.2  26.5  26.6  25.4  26.4  26.3  26.0  26.1  26.3 
1923  27.2  26.8  26.5  26.4  26.3  25.5  25.7  25.6  25.6  25.7  25.6  26.1 
1924  26.4  26.4  27.0  26.3  26.9  26.5  26.0  26.2  26.0  26.9  26.2  26.1 
1925  26.4  26.6  26.2  26.7  25.6  25.8  25.4  26.3  26.4  26.5  26.5  26.4 
1926  27.1  27.3  26.9  26.5  26.8  26.5  26.0  26.4  26.6  26.3  26.5  26.6 
1927  26.5  26.2  26.6  26.7  26.8  26.7  26.4  26.8  26.6  26.7  26.9  26.9 
1928  26.9  27.2  27.3  27.0  26.4  25.7  25.3  26.1  26.3  26.4  26.4  27.1 
1929  26.7  26.4  26.4  27.1  26.5  26.4  25.8  25.9  25.9  26.6  26.9  27.0 
1930  27.6  26.7  27.0  26.6  26.9  25.9  25.7  25.8  25.9  26.6  27.0  26.7 
1931  26.8  26.8  26.9  26.5  26.3  25.6  25.8  26.0  26.1  25.9  26.1  25.9 
1932  26.6  26.5  26.5  26.2  27.0  25.7  26.3  26.0  25.9  26.5  26.5  26.8 
1933  26.4  26.5  26.0  26.2  26.5  26.1  25.2  25.5  25.5  25.8  26.0  25.5 
1934  26.3  26.3  25.9  25.9  26.1  26.0  25.8  25.6  25.9  26.0  26.3  26.3 
1935  26.0  26.7  26.6  26.4  26.1  26.0  26.2  25.7  26.4  27.1  26.5  26.2 
1936  26.7  26.8  26.5  26.9  26.6  25.8  25.8  25.1  25.7  26.2  26.0  26.4 
1937  26.8  26.8  26.3  26.7  26.1  26.0  26.1  26.0  25.8  26.3  26.5  26.5 
1938  26.8  26.3  26.2  26.1  25.9  26.1  26.5  26.0  26.1  26.1  25.5  26.4 
1939  25.7  26.3  25.9  26.1  26.1  25.5  25.6  26.1  25.6  26.3  26.7  26.3 
1940  27.1  27.2  27.1  27.0  26.9  26.4  25.1  25.8  26.2  26.3  26.5  26.7 
1941  27.1  27.3  27.0  27.7  27.2  26.9  25.8  26.2  26.1  26.2  26.9  27.1 
1942  27.4  27.3  26.9  26.4  26.7  26.7  25.6  26.2  26.0  26.1  26.2  26.3 
1943  26.8  26.5  26.6  26.7  26.5  25.8  25.6  26.0  26.1  26.4  26.8  26.4 
1944  26.7  26.3  26.9  26.7  26.6  26.3  25.7  26.1  26.4  26.0  26.1  26.6 
1945  26.7  26.7  26.9  26.7  25.9  26.0  26.1  25.9  26.0  26.4  26.2  27.0 
1946  26.4  26.4  26.8  27.0  26.5  26.5  25.4  26.3  26.2  26.7  26.9  26.8 
1947  27.2  27.3  27.0  27.2  26.8  26.5  26.8  26.2  26.7  26.4  26.4  26.5 
1948  27.0  26.5  27.1  26.8  26.6  26.7  25.8  25.9  26.1  26.4  26.6  26.3 
1949  26.9  26.7  26.6  27.6  26.7  26.4  25.8  26.4  26.8  26.2  26.7  26.1 
1950  26.4  26.3  25.9  26.7  26.1  26.1  25.9  26.1  25.9  26.5  26.7  26.1 
1951  26.5  27.0  27.1  27.4  26.8  26.6  25.4  25.6  26.1  26.1  26.7  27.2 
1952  27.4  27.3  27.3  26.7  27.1  27.1  26.5  26.2  26.3  26.0  26.8  27.2 
1953  27.4  27.2  27.7  27.8  26.7  26.7  26.2  25.4  25.6  26.8  26.7  27.1 
1954  27.1  27.1  26.5  26.9  26.9  26.3  26.1  26.2  26.7  26.3  26.0  26.7 
1955  26.7  26.7  26.0  26.6  26.6  26.1  26.2  26.1  25.9  26.3  26.1  26.1 
1956  26.1  25.8  26.7  26.7  26.4  25.9  25.5  26.1  25.9  26.3  26.4  26.4 
1957  26.6  26.7  26.6  26.9  26.8  26.7  25.6  25.8  26.4  26.4  27.1  26.8 
1958  27.3  27.2  27.4  27.8  26.9  26.1  25.7  26.1  26.1  26.7  26.8  26.7 
1959  27.1  27.4  27.4  27.7  27.5  26.8  26.7  26.3  26.2  26.8  26.8  26.7 
1960  26.8  26.7  26.9  27.6  27.1  26.4  26.3  26.5  26.3  26.4  27.1  27.1 
1961  27.2  26.9  26.1  27.0  26.9  26.2  26.1  26.1  26.4  25.8  26.4  26.8 
1962  26.7  26.8  27.0  27.1  26.7  26.2  26.2  25.8  26.3  26.2  26.4  26.4 
1963  26.7  27.1  26.6  26.8  26.8  26.0  26.4  26.3  26.1  26.7  26.8  26.9 
1964  27.2  27.4  27.3  27.3  26.4  26.3  25.8  26.1  25.9  26.4  26.4  26.3 
1965  26.5  26.3  26.8  26.6  26.6  25.9  25.7  25.8  26.3  26.0  26.4  26.8 
1966  27.3  26.8  27.2  27.0  27.0  26.3  25.9  25.8  25.9  26.4  26.7  26.6 
1967  26.7  26.4  26.9  26.6  26.4  26.1  25.6  25.3  26.4  26.0  26.0  26.2 
1968  26.9  26.6  26.4  26.0  26.2  26.3  25.8  25.3  26.0  26.4  26.5  27.2 
1969  27.4  27.3  27.6  27.2  26.4  26.5  25.9  25.7  25.7  26.9  27.3  27.1 
1970  27.3  27.5  26.9  27.1  27.4  27.0  26.2  25.9  25.8  26.4  26.4  25.9 
1971  26.2  26.2  26.2  26.2  26.1  25.7  25.3  25.5  25.4  26.1  26.3  26.6 
1972  26.1  26.2  26.3  26.9  25.8  26.3  25.5  26.0  26.2  26.6  26.4  27.1 
1973  26.9  27.5  27.6  27.1  26.5  25.9  25.9  25.6  26.4  25.6  25.8  26.1 
1974  26.2 -99.0  26.0  26.1  25.7  25.6  25.9  25.4  26.0  26.1  26.0  26.3 
1975  26.5  26.1  26.5  26.2  26.1  25.6  25.7  25.7  26.2  25.6  26.0 -99.0 
1976  25.8  25.9  26.4  26.3  25.8  25.8  25.5  25.5  25.5  26.8  26.8  26.5 
1977  26.9  27.4  26.7  26.7  26.0  26.0  25.9  25.4  25.9  26.5  26.5  27.2 
1978  26.6  27.2  26.4  26.4  26.6  25.9  25.5  26.1  26.0  26.2  25.8  26.9 
1979  26.9  27.0  26.0  26.3  26.7  26.8  25.6  25.6  26.3  26.2  26.6  26.6 
1980  26.8  26.7  27.3  26.8  26.1  26.3  25.7  26.1  26.1  26.0  26.7  26.8 
1981  27.4  27.2  27.0 -99.0 -99.0 -99.0  25.5  26.5  26.7  26.7  27.0  27.1 
1982  27.0  26.7  27.9  27.7  27.3  26.8  26.6  26.3  26.4  27.0  26.8  26.8 
1983  27.5  28.4  27.7  27.0  27.3  26.7  26.0  25.6  26.7  27.1  27.2  27.1 
1984  26.9  27.3  27.3  27.5  27.3  26.7  25.9  26.0  26.3  26.6  27.0  26.7 
1985  26.8  27.2  27.4  27.2  27.0  26.6  26.1  26.5  26.4  26.8  26.9  27.5 
1986  27.1  27.2  27.4  27.2  26.9  26.7  26.1  25.8  26.6  26.7  27.2  27.5 
1987  27.3  27.3  27.6  27.0  26.6  25.9  25.5  25.7  25.9  26.8 -99.0  27.6 
1988  27.6  27.9  27.9  27.3  27.5  26.7  26.3  26.3  26.6  26.8  26.5  26.7 
1989  26.5  26.5  26.9  26.8  26.6  26.6  25.8  26.0  26.5  26.9  26.6  26.7 
1990  26.9  27.2  27.3  26.8  27.2  27.0  26.4  26.3  26.9  27.6  27.4  27.4 
1991  27.3  27.1  27.4  27.4  25.8  26.8  26.4  26.3  26.2 -99.0  27.1 -99.0 
1992 -99.0  27.1  27.0  27.2  27.0  26.5  26.5  26.5  26.7  27.1  26.6  27.1 
1993  27.2  26.9  26.8  27.2  27.0 -99.0 -99.0  26.3  26.4 -99.0 -99.0 -99.0 
1994  27.2  27.6  27.5  27.1  26.8  26.5  25.2  26.1  25.1  26.5  26.1  27.6 
1995  27.0  27.3  27.3  26.9  26.7  27.0  26.9  26.5  26.5  26.5  27.1  27.2 
1996 -99.0 -99.0 -99.0 -99.0 -99.0 -99.0 -99.0 -99.0 -99.0 -99.0 -99.0 -99.0 
1997 -99.0 -99.0 -99.0 -99.0 -99.0 -99.0 -99.0 -99.0 -99.0 -99.0 -99.0 -99.0 
1998 -99.0 -99.0 -99.0 -99.0 -99.0 -99.0 -99.0 -99.0 -99.0 -99.0 -99.0 -99.0 
1999 -99.0 -99.0 -99.0 -99.0 -99.0 -99.0 -99.0 -99.0 -99.0 -99.0 -99.0 -99.0 
2000 -99.0 -99.0 -99.0 -99.0 -99.0 -99.0 -99.0  25.8  26.6 -99.0 -99.0 -99.0 
2001 -99.0 -99.0 -99.0 -99.0 -99.0 -99.0 -99.0 -99.0 -99.0 -99.0 -99.0 -99.0 
2002 -99.0 -99.0 -99.0 -99.0 -99.0 -99.0 -99.0 -99.0 -99.0 -99.0 -99.0 -99.0 
2003 -99.0 -99.0 -99.0 -99.0 -99.0 -99.0 -99.0 -99.0 -99.0 -99.0 -99.0 -99.0 
2004 -99.0 -99.0 -99.0 -99.0 -99.0 -99.0 -99.0 -99.0 -99.0 -99.0 -99.0 -99.0 
2005 -99.0 -99.0 -99.0 -99.0 -99.0 -99.0 -99.0 -99.0 -99.0 -99.0 -99.0 -99.0 
2006 -99.0 -99.0 -99.0 -99.0 -99.0 -99.0 -99.0 -99.0 -99.0 -99.0 -99.0 -99.0 
2007 -99.0 -99.0 -99.0 -99.0 -99.0 -99.0 -99.0 -99.0 -99.0 -99.0 -99.0 -99.0 
