Number= 918110
Name= PUKAPUKA
Country= COOK ISLANDS
Lat=  -10.8
Long=  165.8
Height= 2
Start year= 1932
End year= 1990
First Good year= 1932
Source ID= 10
Source file= Jones
Jones data to= 1990
Normals source= Data
Normals source start year= 1961
Normals source end year= 1990
Normals=  28.0  28.0  28.3  28.5  28.4  27.9  27.6  27.5  27.7  28.0  28.1  28.0 
Standard deviations source= Data
Standard deviations source start year= 1941
Standard deviations source end year= 1990
Standard deviations=   0.7   0.7   0.7   0.6   0.6   0.6   0.5   0.5   0.7   0.6   0.6   0.6 
Obs:
1932 -99.0 -99.0 -99.0 -99.0  28.6  28.6  28.3  28.0  28.3  28.1  27.8  28.0 
1933  28.2  28.3  28.0 -99.0  28.7  27.9  28.0 -99.0 -99.0 -99.0 -99.0  27.8 
1934  27.7  27.6  28.0  28.0  28.6  28.6  28.1  27.4  27.7  27.9  27.7  27.4 
1935  27.7  27.9  28.3  27.7  27.9  27.7  27.8  27.3  28.0  28.1  27.8  27.3 
1936  27.7  27.7  28.3  28.4  28.1  27.6  27.6  27.4  27.1  27.3  26.8  26.6 
1937  26.8  26.7  26.6  28.3  28.3  28.3  28.1  27.8  28.1  27.9  28.1  27.9 
1938  27.9 -99.0 -99.0 -99.0 -99.0 -99.0 -99.0 -99.0 -99.0  28.8  28.1  28.0 
1939  27.2  28.3  27.7  27.9  28.7  27.9  27.4  28.1  28.3  27.9  28.6  28.1 
1940  28.1  27.9  28.4  29.4  28.4  28.3  26.8  27.9  28.0  29.3  28.8  29.0 
1941 -99.0 -99.0 -99.0 -99.0 -99.0 -99.0  27.6  28.2  28.4  27.9  28.2  29.1 
1942  28.0  27.7  28.7  28.4  28.3  28.1  26.9  27.2  27.3  27.7  27.3  27.4 
1943  27.2  28.2  27.1  28.1  28.6  27.4  27.5  27.8 -99.0 -99.0  27.9  26.6 
1944  27.3  27.3  28.1  28.1  28.7  28.0  27.3  27.7  28.4  28.5  28.6  28.7 
1945  28.8  28.7  28.6  28.8  28.8  28.6  28.7  28.7  29.1  29.1  29.1  28.7 
1946  28.1  28.8  28.9  28.8  28.3  28.2  27.6  28.0  28.3  28.2  28.8  28.3 
1947  28.5  28.1  29.3  29.7  28.9  28.8  28.2  28.7  28.6  28.0  27.8  28.1 
1948  28.6  27.3  29.1  28.9  28.7  28.4  27.4  27.8  27.7  28.2  28.8  27.4 
1949  28.3  29.0  28.9  29.8  28.7  28.6  27.9  27.7  28.9 -99.0  27.5  27.8 
1950  26.8  27.8  27.4  28.4  27.2  27.3 -99.0 -99.0 -99.0 -99.0 -99.0 -99.0 
1951  27.8  28.4  28.2  28.6  28.6  28.2  27.2  28.7  29.2  27.9  27.3  27.4 
1952  29.2  29.2  29.4  29.2  29.4  28.7  28.3  28.2  28.7  28.3  28.6  28.3 
1953  28.3  28.2  29.0  28.5  28.1  28.8  28.1  27.5  27.2 -99.0  27.7  27.3 
1954  28.1  27.5  28.6  27.7  27.6  27.4  26.9  27.3  27.2  27.4  27.2  27.4 
1955  26.6  27.2  26.9  26.7  26.9  26.9  27.2  27.1  26.8  27.3  27.1  27.3 
1956  27.0  27.2  26.9  27.3  26.9  26.4  26.7  26.6  26.7  26.6  26.7  26.4 
1957  27.4  27.3  27.0  27.2  27.0  26.3  26.7  27.0  26.8  27.2  27.7  28.1 
1958  26.9  27.1  27.6  28.0  28.0  27.5  27.9 -99.0 -99.0 -99.0 -99.0  27.8 
1959  27.2 -99.0 -99.0 -99.0  28.5  27.9  27.1  27.2  27.5  27.8  27.9  28.0 
1960  26.8  26.9  27.8  28.1  27.9  27.3  27.2  27.4  27.0  27.3  27.7  28.0 
1961  27.7  26.9  26.9  28.0  27.9  27.2  27.3  27.3  27.1  27.2  27.2  28.0 
1962  28.3  27.8  28.3  28.4  27.9  27.6  27.2  27.0  27.9  27.4  27.5  27.3 
1963  27.6  27.9  28.5  27.7  27.9  27.2  27.2  27.3  27.1  28.1  27.7  28.2 
1964  28.0  28.1  28.3  28.9  28.1  27.7  27.3  26.9  27.9  27.8  28.1  27.6 
1965  27.7  28.1  28.3  28.7  28.4  27.8  27.3  27.0  26.6  27.3 -99.0 -99.0 
1966  27.8 -99.0  28.9  28.7  29.3  27.9  27.8  27.6  27.5  28.2  28.2  27.6 
1967  28.6  27.4  28.0  27.7  28.1  28.0  27.6  27.4  27.4  28.4  27.7  28.0 
1968 -99.0 -99.0 -99.0 -99.0 -99.0 -99.0 -99.0 -99.0 -99.0 -99.0 -99.0 -99.0 
1969  26.1  25.9  28.0  28.7  28.1  28.2 -99.0 -99.0 -99.0 -99.0 -99.0 -99.0 
1970 -99.0 -99.0 -99.0 -99.0 -99.0 -99.0 -99.0 -99.0 -99.0 -99.0 -99.0 -99.0 
1971  28.4  28.1  27.9  28.2  28.2  27.7  27.6  26.8  27.1  27.7  27.9 -99.0 
1972  28.0  28.5  28.1  28.6  28.9  28.0  27.7  27.7  28.1  28.5  28.4  29.0 
1973  28.4  28.6  29.2  28.9  28.2  28.3  27.9  27.6  27.9  27.8  28.0  27.1 
1974  27.1  27.9  27.7  28.4  28.1  27.6  27.8  27.4  27.1  27.2  27.7  27.3 
1975  27.3  28.1  28.3  28.5  27.5  27.6  27.0  26.9  27.3  27.0  27.5  27.1 
1976  26.7  26.7  27.9  27.9  27.9  27.6 -99.0 -99.0 -99.0 -99.0 -99.0 -99.0 
1977  28.2  28.9  27.6  28.1  27.7  27.1  27.0  26.6  27.2  27.7  27.6  27.5 
1978  28.0  27.8  27.8  27.8  28.1  27.5  26.9  27.1  27.2  27.6  27.8  28.0 
1979  27.3  27.9  28.1  28.0 -99.0 -99.0 -99.0 -99.0 -99.0 -99.0 -99.0 -99.0 
1980 -99.0 -99.0 -99.0  28.1  28.2  27.5  27.9  27.4 -99.0 -99.0 -99.0 -99.0 
1981  27.5  26.9  27.4  28.7  28.3  28.6  28.5  28.5  28.8  28.5  28.9  28.4 
1982  29.1  28.4  29.3  29.5  29.4  28.7  28.7  28.6  28.1  28.7  28.7  29.2 
1983  28.8  29.3  29.5  28.9  29.3  28.2  27.8  27.8  27.9  29.0  28.6  29.1 
1984  28.5  28.9  28.5  29.2  29.0  27.9  27.2  27.6  28.2  28.7  28.0  28.5 
1985  27.7  28.6  29.0  28.7  28.7  28.3  28.2  28.1  28.2  28.7  28.3  28.6 
1986  28.7  28.3  28.9  28.8  29.0  28.9  28.0  27.9  28.9  28.7  28.9  28.1 
1987  29.0  29.0  29.0  28.9  28.8  28.3  27.5  27.4  28.0  28.2  28.8  28.6 
1988  28.7  27.9  28.7  28.6  28.7  28.3  27.4  27.8  27.7  28.1  28.1  27.7 
1989 -99.0 -99.0 -99.0 -99.0 -99.0 -99.0 -99.0  27.9  27.7  27.8  28.1  27.8 
1990  28.1  28.1  28.4  28.9  28.8  28.2  27.6  27.5  28.6  28.2  27.7  27.9 
