Number= 918300
Name= AITUTAKI A
Country= COOK ISLANDS
Lat=  -18.7
Long=  159.8
Height= 5
Start year= 1931
End year= 1990
First Good year= 1931
Source ID= 10
Source file= Jones
Jones data to= 1990
Normals source= Data
Normals source start year= 1961
Normals source end year= 1990
Normals=  26.9  27.1  27.2  26.7  25.7  24.8  24.1  24.1  24.6  25.1  25.8  26.2 
Standard deviations source= Data
Standard deviations source start year= 1941
Standard deviations source end year= 1990
Standard deviations=   0.5   0.5   0.6   0.5   0.6   0.6   0.6   0.6   0.7   0.5   0.5   0.6 
Obs:
1931 -99.0 -99.0 -99.0 -99.0 -99.0 -99.0 -99.0 -99.0  25.4 -99.0 -99.0 -99.0 
1932  27.1  26.9  27.1  26.4  25.7  23.6  24.7  24.5  24.1  24.8  26.1  27.0 
1933  27.2  27.1  26.4  26.7  25.6  24.3  24.2  23.4  24.6  25.3  25.9  25.8 
1934  27.3  26.7  26.5  25.9  25.1  24.6  24.8  23.8  24.9  25.2  25.8  26.0 
1935  26.6  27.3  26.5  25.7  24.4  24.0  24.8  24.8  24.7  26.0  27.2  26.0 
1936  27.1  27.0  27.9  26.6  25.6  23.8  24.6  23.9  23.9  25.0  25.7  27.1 
1937  27.2  27.1  26.9  26.6  25.2  24.3  24.8  25.2  25.3  25.7  25.8  26.4 
1938  27.6  26.6  27.2  26.1  25.2  25.3  25.1  24.3  24.8  25.6  25.2  27.0 
1939  26.9  27.4  26.8  26.6  25.7  24.4  25.2  24.6 -99.0 -99.0 -99.0 -99.0 
1940 -99.0 -99.0 -99.0 -99.0 -99.0 -99.0  22.2  23.8  23.9  24.4  25.8  25.8 
1941  27.1  27.4  26.9  26.8  25.4  23.8  23.4  23.3  23.6  24.2  26.0  26.4 
1942  28.0  28.3  27.6  27.0  25.9  24.9  23.9  23.7  24.4  25.4  25.7  26.3 
1943  26.9  26.9  26.7  26.2  25.8  23.8  24.2  24.2  24.7  26.3  26.7  25.1 
1944  26.6  26.4  27.3  26.2  25.8  24.9  23.3  23.3  25.4  24.4  25.2  26.6 
1945  26.6  26.9  27.6  26.6  25.0  24.9  24.6  24.5  23.7  25.1  25.4  26.3 
1946 -99.0 -99.0 -99.0 -99.0 -99.0 -99.0 -99.0 -99.0 -99.0  25.6  26.7  27.1 
1947  27.7  27.2  27.4  26.8  26.0  25.4  24.7  24.3  25.3  25.2  26.3  25.9 
1948  27.0  27.0  26.4  26.2  25.0  24.3  22.8  23.8  24.2  25.1  25.6  25.6 
1949  26.7  26.6  27.3  27.7  24.9  24.4  24.3  24.5  24.8  25.4  26.0  26.3 
1950  27.6  26.7  26.9  27.0  24.3  25.2  24.8  24.6  24.7  25.7  26.4  26.5 
1951  26.8  27.7  26.9  26.9  25.2  24.6  23.1  23.9  23.8  24.2  25.6  26.9 
1952  27.2  27.2  27.3  26.4  25.8  25.7  24.0  24.9  25.2  24.9  26.6  27.8 
1953  28.0  27.4  28.1  27.4  25.0  24.7  24.6  22.4  23.2  25.2  26.1  26.8 
1954  26.8  27.0  26.9  26.8  25.8  24.9  24.3  25.4  25.0  25.7  25.0  26.7 
1955  27.1  26.8  26.7  26.3  24.9  25.5  25.1  24.4  24.5  25.3  25.8  26.0 
1956  26.0  26.2  26.9  25.9  25.2  24.9  24.1  24.7  23.9  25.8  25.7  25.8 
1957  27.0  26.7  26.6  26.9  24.9  25.4  24.0  23.6  24.1  24.5  25.1  26.6 
1958  26.4  26.4  26.9  27.4  25.4  23.7  24.6  23.7  23.7  24.4  25.2  24.8 
1959  25.9  26.9  27.3  27.6  26.6  24.8  23.7  23.8  23.5  24.9  24.6  26.0 
1960  26.9  26.5  27.1  27.1  25.3  24.2  23.9  23.7  24.7  24.4  26.0  27.0 
1961  27.2  27.3  26.6  27.0  25.8  24.2  24.2  24.7  25.0  24.7  25.3  26.1 
1962  26.3  26.6  26.6  25.9  25.1  24.3  24.3  23.8  24.4  24.3  25.7  25.3 
1963  26.8  27.2  26.7  26.4  25.6  24.3  23.9  24.0  24.1  24.7  25.6  26.1 
1964  27.1  27.3  27.1  26.9  25.4  24.9  24.4  24.9  25.1  25.9  25.3  24.9 
1965  26.2  26.6  26.1  25.9  25.8  24.2  23.4  23.2  23.0  24.7  25.6  25.6 
1966  26.1  26.6  26.3  26.4  25.4  23.7  24.1  24.6  24.1  25.3  26.0  25.6 
1967  27.1  26.5  26.9  26.2  24.8  24.8  23.7  22.7  24.4  24.0  25.0  25.2 
1968  27.1  26.6  26.2  25.8  25.8  24.3  24.6  24.0  24.5  25.1  25.2  27.0 
1969  27.4  27.5  27.9  27.1  24.4  25.7  24.4  24.2  23.8  25.2  25.9  26.1 
1970  27.3  27.4  27.1  26.7  26.3  25.8  24.1  24.4  24.7  25.8  26.5  26.4 
1971  27.0  26.3  27.0  27.1  24.5  24.5  24.6  23.9  24.8  25.2  25.8  26.8 
1972  27.4  27.6  26.7  27.4  26.2  24.8  23.8  24.6  23.8  24.5  24.6  26.8 
1973  27.1  28.0  28.5  28.2  26.5  25.2  24.5  24.9  25.9  25.5  26.7  26.8 
1974  27.1  26.5  26.8  26.4  25.9  24.6  24.7  24.5  24.8  24.9  26.2  25.8 
1975  26.7  26.6  27.1  26.3  25.5  24.5  24.9  24.6  25.5  25.2  25.8  26.5 
1976  26.5  26.7  27.5  26.5  25.9  25.3  23.7  23.6  23.9  25.3  26.1 -99.0 
1977  26.8  27.7  28.3  26.9  25.9  24.4  23.3  23.2  23.9  24.9  25.6  26.5 
1978  26.8  27.2  26.9  26.7  26.3  25.2  23.5  24.7  24.4  24.8  25.7  26.6 
1979  26.1  27.4  27.0  26.6  26.2  25.5  23.8  24.1  25.1  24.9  25.2  25.9 
1980  27.3  27.7  28.4  26.9  25.2  24.9  24.0  24.5  25.4  25.7  26.5  26.8 
1981  27.4  27.4  26.9  26.5  25.2  25.2  24.7  24.3  25.6  24.9  26.5  26.1 
1982  27.5  27.0  28.4 -99.0 -99.0  24.0  24.1  23.6  23.6  24.9  24.8  25.8 
1983  27.0  28.1  27.5  26.0  25.9  24.3  23.3  23.0  24.9  25.0  25.8  26.7 
1984  27.2  27.2  27.3  27.8  25.7  24.7  23.5  24.1  24.3  24.9  25.6  26.2 
1985  26.9  27.3  27.8  26.5  26.1  24.6  24.3  24.6  24.0  24.8  25.8  27.0 
1986  26.7  27.1  27.1  26.9  25.3  25.2  24.6  23.6  24.8  25.3  26.6  26.3 
1987  26.7  27.8  27.7  26.9  25.3  24.0  22.7  23.1  24.1  24.5  26.3  26.8 
1988  27.0  27.1  27.9  26.7  26.4  25.0  24.4  24.7  25.7  25.8  25.9  26.4 
1989  26.9  27.4  27.8  27.2  26.1  25.4  24.2  24.2  25.2  26.1  25.2  25.4 
1990  27.3  26.4  27.0  26.4  26.2  25.7  24.9 -99.0  25.6  26.1  25.7  26.5 
