Number= 919380
Name= TAHITI-FAAA
Country= FRENCH POLYNE
Lat=  -17.6
Long=  149.6
Height= 1
Start year= 1876
End year= 2011
First Good year= 1876
Source ID= 10
Source file= Jones+Anders
Jones data to= 2001
Normals source= Data
Normals source start year= 1961
Normals source end year= 1990
Normals=  26.8  27.0  27.1  26.9  26.2  25.0  24.5  24.4  24.8  25.5  26.1  26.5 
Standard deviations source= Data
Standard deviations source start year= 1941
Standard deviations source end year= 1990
Standard deviations=   0.8   0.6   0.7   0.6   0.7   0.7   0.6   0.6   0.6   0.5   0.6   0.6 
Obs:
1876 -99.0 -99.0 -99.0 -99.0 -99.0 -99.0 -99.0  25.0  24.5  25.7  25.5  26.9 
1877 -99.0 -99.0 -99.0 -99.0 -99.0 -99.0  25.2  25.8  26.4  26.3  27.3  28.2 
1878  29.8  29.5  28.9  27.9  27.2  25.6  25.1  25.4  25.7  26.1  26.7  26.5 
1879  26.9  26.4  25.7  26.0  25.6  25.0  24.4  24.8  24.9  25.9  26.1  25.5 
1880  26.3  26.6  26.9  26.5  26.0  26.0  25.2  25.5  25.7  26.1  27.1  27.6 
1881  27.8  27.7  27.7  27.9  26.3  25.6  25.3  24.7  24.7  26.5  26.9  26.7 
1882  27.0  27.2  27.2  27.3  26.0  25.1  26.0  25.3  26.7  27.2  27.2  27.0 
1883  27.2  27.0  26.9  27.0  26.3  26.1  26.1  25.9  24.7  24.6  26.9  26.3 
1884  26.4  26.5  26.2  24.9  24.6  24.3  23.6  23.5  24.7  26.0  25.5  25.9 
1885  25.9  26.6  27.2  26.3  25.4  23.0  23.4  24.3  25.1  26.1  25.2  26.1 
1886  26.8  27.0  26.7  26.3  24.5  24.2  24.0  23.9  24.4  25.3  25.6  25.5 
1887  25.9  25.8  25.8  25.7  25.3  24.5  23.9  24.3  24.6  25.8  25.6  26.5 
1888  25.6  26.6  26.5  25.9  25.4  23.7  23.5  23.5  24.9  24.9  25.9  26.9 
1889  26.8  27.3  26.3  26.3  25.3  25.0  26.1 -99.0  24.4  25.5  24.7  25.1 
1890  24.7  24.6  25.2  24.8  25.0  24.3  24.1  23.8  23.5  24.2  24.8  24.9 
1891  24.9  25.1  25.6 -99.0 -99.0 -99.0 -99.0 -99.0 -99.0 -99.0 -99.0 -99.0 
1892 -99.0 -99.0 -99.0 -99.0 -99.0 -99.0 -99.0 -99.0 -99.0 -99.0 -99.0 -99.0 
1893 -99.0 -99.0 -99.0 -99.0 -99.0 -99.0 -99.0 -99.0 -99.0 -99.0 -99.0 -99.0 
1894 -99.0 -99.0 -99.0 -99.0 -99.0 -99.0 -99.0 -99.0 -99.0 -99.0 -99.0 -99.0 
1895 -99.0 -99.0 -99.0 -99.0 -99.0 -99.0 -99.0 -99.0 -99.0 -99.0 -99.0 -99.0 
1896 -99.0 -99.0 -99.0 -99.0 -99.0 -99.0 -99.0 -99.0 -99.0 -99.0 -99.0 -99.0 
1897 -99.0 -99.0 -99.0 -99.0 -99.0 -99.0 -99.0 -99.0 -99.0 -99.0 -99.0 -99.0 
1898  26.5  26.7  26.8  26.5  25.5  24.0  24.1  24.7  26.0  26.8  26.9  26.7 
1899  27.1  27.1  27.7  27.5  26.6  25.8  24.8  25.0  26.3  26.8  27.3  28.1 
1900  28.6  28.7  28.0  27.4  26.3  24.9  23.6  23.9  21.1  24.2  24.7  24.2 
1901  25.3  26.5  26.2  26.7  25.8  25.8  25.5  25.3  26.3  26.4  26.8  25.3 
1902  27.1  26.9  27.3  27.0  25.2  25.1  24.5  24.6  25.1  25.8  27.2  28.4 
1903  29.0  28.7  28.2  28.4  27.4  26.5  25.9  25.4  25.7  26.1  26.6  26.5 
1904  26.4  26.6  26.7  26.6  25.7  24.9  24.1  23.6  23.4  24.6  25.6  25.6 
1905  26.6  26.9  26.5  26.5  25.3  25.0  24.7  24.4  25.9  26.0  26.7  26.9 
1906  27.1  27.7  28.2  27.7  25.4  24.8  24.0  24.4  25.3  25.2  25.6  26.1 
1907  26.6  26.9  26.5  26.5  25.2  25.0  24.8 -99.0  25.9  26.1  26.7  26.5 
1908 -99.0 -99.0 -99.0 -99.0 -99.0 -99.0 -99.0 -99.0 -99.0 -99.0 -99.0 -99.0 
1909 -99.0 -99.0 -99.0 -99.0 -99.0 -99.0 -99.0 -99.0 -99.0 -99.0 -99.0 -99.0 
1910 -99.0 -99.0 -99.0 -99.0 -99.0 -99.0 -99.0 -99.0 -99.0 -99.0 -99.0 -99.0 
1911 -99.0 -99.0 -99.0 -99.0 -99.0 -99.0 -99.0 -99.0 -99.0 -99.0 -99.0 -99.0 
1912 -99.0 -99.0 -99.0 -99.0 -99.0 -99.0 -99.0 -99.0 -99.0 -99.0 -99.0 -99.0 
1913 -99.0 -99.0 -99.0 -99.0 -99.0 -99.0 -99.0 -99.0 -99.0 -99.0 -99.0 -99.0 
1914 -99.0 -99.0 -99.0 -99.0 -99.0 -99.0 -99.0 -99.0 -99.0 -99.0 -99.0 -99.0 
1915 -99.0 -99.0 -99.0 -99.0 -99.0 -99.0 -99.0 -99.0 -99.0 -99.0 -99.0 -99.0 
1916 -99.0 -99.0 -99.0 -99.0 -99.0 -99.0 -99.0 -99.0 -99.0 -99.0 -99.0 -99.0 
1917 -99.0 -99.0 -99.0 -99.0 -99.0 -99.0 -99.0 -99.0 -99.0 -99.0 -99.0 -99.0 
1918 -99.0 -99.0 -99.0 -99.0 -99.0 -99.0 -99.0 -99.0 -99.0 -99.0 -99.0 -99.0 
1919 -99.0 -99.0 -99.0 -99.0 -99.0 -99.0 -99.0 -99.0 -99.0 -99.0 -99.0 -99.0 
1920 -99.0 -99.0 -99.0 -99.0 -99.0 -99.0 -99.0 -99.0 -99.0 -99.0 -99.0 -99.0 
1921 -99.0 -99.0 -99.0 -99.0 -99.0 -99.0 -99.0 -99.0 -99.0 -99.0 -99.0 -99.0 
1922 -99.0 -99.0 -99.0 -99.0 -99.0 -99.0 -99.0 -99.0 -99.0 -99.0 -99.0 -99.0 
1923 -99.0 -99.0 -99.0 -99.0 -99.0 -99.0 -99.0 -99.0 -99.0 -99.0 -99.0 -99.0 
1924 -99.0 -99.0 -99.0 -99.0 -99.0 -99.0 -99.0 -99.0 -99.0 -99.0 -99.0 -99.0 
1925 -99.0 -99.0 -99.0 -99.0 -99.0 -99.0 -99.0 -99.0 -99.0 -99.0 -99.0 -99.0 
1926 -99.0 -99.0 -99.0 -99.0 -99.0 -99.0 -99.0 -99.0 -99.0 -99.0 -99.0 -99.0 
1927 -99.0 -99.0 -99.0 -99.0 -99.0 -99.0 -99.0 -99.0 -99.0 -99.0 -99.0 -99.0 
1928 -99.0 -99.0 -99.0 -99.0 -99.0 -99.0 -99.0 -99.0 -99.0 -99.0 -99.0 -99.0 
1929 -99.0 -99.0 -99.0 -99.0 -99.0 -99.0 -99.0 -99.0 -99.0 -99.0 -99.0 -99.0 
1930 -99.0 -99.0 -99.0 -99.0 -99.0 -99.0 -99.0 -99.0 -99.0 -99.0 -99.0 -99.0 
1931 -99.0 -99.0 -99.0 -99.0 -99.0 -99.0 -99.0 -99.0 -99.0 -99.0 -99.0 -99.0 
1932 -99.0 -99.0 -99.0 -99.0 -99.0 -99.0 -99.0 -99.0 -99.0 -99.0 -99.0 -99.0 
1933 -99.0 -99.0 -99.0 -99.0 -99.0 -99.0 -99.0 -99.0 -99.0 -99.0 -99.0 -99.0 
1934 -99.0 -99.0 -99.0 -99.0 -99.0 -99.0 -99.0 -99.0 -99.0 -99.0 -99.0 -99.0 
1935  26.4  26.3  26.9  26.8  26.0  25.4  25.4  25.2  25.1  26.4  26.8  26.2 
1936  26.5  26.9  26.6  26.7  25.9  25.7  24.8  24.7  25.3  25.1  25.7  26.1 
1937  26.5  27.0  26.9  26.9  25.9  25.5  25.8  25.4  25.9  26.8  27.2  27.2 
1938  27.2  27.3  27.0  26.6  26.1  25.4  25.5  25.4  25.8  27.1  26.2  26.8 
1939  27.4  26.6  27.3  26.8  26.3  25.6  25.4  25.5  25.6  25.6  27.0  27.2 
1940  27.9  27.5  28.2  28.5  27.2  26.6  25.1  25.6  25.5  26.3  27.7  27.5 
1941  27.3  27.9  28.3  27.4  27.1  25.8  25.0  25.3  25.9  26.5  27.2  27.3 
1942  27.8  28.2  28.4  27.5  26.5  26.0  24.9  24.7  25.7  26.4  27.0  27.0 
1943  27.2  27.3  27.6  27.0  26.7  25.5  25.2  25.6  25.5  26.4  27.0  26.7 
1944  26.5  27.0  27.5  27.3  27.0  26.2  24.9  24.8  25.7  25.3  26.3  26.6 
1945  27.5  27.5  28.0  27.1  26.7  26.5  25.6  25.8  25.8  27.5  27.9  27.4 
1946  26.9  27.3  27.8  27.5  26.1  25.9  25.0  26.0  24.9  26.0  26.9  27.3 
1947  27.7  27.5  28.4  28.0  27.2  26.5  25.7  25.3  26.0  25.8  27.0  27.5 
1948  27.3  27.3  27.6  27.0  26.5  25.9  25.3  26.5  24.4  25.1  25.4  26.0 
1949  26.3  26.4  26.7  27.3  26.1  25.7  25.0  24.1  24.9  25.6  25.2  25.8 
1950  25.7  25.9  25.9  26.1  24.9  24.9  24.6  24.6  24.5  25.2  25.7  25.6 
1951  26.1  26.5  26.7  26.3  26.3  24.7  24.8  24.6  25.3  25.4  26.6  27.0 
1952  26.6  26.4  26.9  27.0  26.2  26.3  24.3  24.6  25.4  25.3  27.0  26.9 
1953  26.7  27.1  27.7  27.0  25.1  24.2  23.9  24.5  25.1  26.1  26.6  25.6 
1954  26.5  26.5  26.8  25.9  25.6  24.9  24.8  24.6  25.2  25.6  24.8  26.3 
1955  25.6  26.2  26.4  25.8  24.8  24.2  24.4  23.7  24.6  25.3  25.5  26.2 
1956  23.5  25.7  25.8  25.9  24.7  24.0  23.3  24.4  24.5  25.4  25.3  26.4 
1957  26.4  26.5  26.7  26.6  25.1  24.9  24.2  24.3  24.3  25.4  26.7  27.1 
1958  26.8  27.0  27.4  26.9  25.4  25.4  25.1  24.7  25.7  25.8  27.1  26.9 
1959  27.4  27.5  28.0  28.0  27.0  25.9  25.2  24.5  25.5  25.7  26.5  27.3 
1960  27.6  26.9  27.3  27.4  26.4  24.2  24.0  24.8  25.4  25.4  27.1  27.5 
1961  26.4  26.9  26.6  26.4  26.1  24.7  24.8  24.3  24.4  24.9  26.1  26.3 
1962  26.6  26.4  26.6  26.2  25.9  25.1  24.6  23.7  24.9  25.1  25.8  26.2 
1963  26.8  26.9  27.3  26.8  25.9  24.3  23.5  24.1  24.3  25.9  26.3  26.2 
1964  27.1  27.0  27.2  27.0  25.6  24.7  24.5  24.3  24.1  25.2  25.1  25.7 
1965  25.7  26.2  26.5  27.0  25.8  24.3  24.2  24.1  24.8  25.5  26.0  26.6 
1966  26.5  27.0  27.1  27.2  26.0  24.6  24.3  24.5  25.4  25.7  26.1  26.0 
1967  26.9  26.5  26.9  26.7  25.6  25.1  24.6  23.9  24.1  25.1  25.3  25.7 
1968  26.5  26.4  25.9  25.3  25.0  23.6  23.3  23.7  24.0  25.1  26.3  27.1 
1969  27.4  26.7  26.9  27.2  26.1  25.8  25.3  24.9  25.0  25.9  26.3  27.2 
1970  27.1  26.6  27.2  27.3  26.3  25.7  24.4  25.0  25.0  25.2  25.9  26.3 
1971  26.0  26.1  26.0  25.8  25.3  24.0  24.3  24.3  24.0  25.0  25.5  25.7 
1972  26.7  27.2  26.7  26.8  26.4  25.1  24.5  24.6  24.1  24.8  25.7  27.2 
1973  27.6  27.4  27.9  27.6  26.8  24.5  24.7  24.6  24.8  25.3  26.3  26.0 
1974  26.3  26.1  25.8  26.5  25.5  24.6  24.5  23.7  23.8  24.6  25.6 -99.0 
1975  26.0  26.8  27.0  26.6  25.7  24.7  24.4  23.7  24.3  24.8  25.6  25.5 
1976  25.5  26.0  26.4  26.2  25.4  24.7  24.3  23.7  24.1  25.6  26.9  26.8 
1977  26.9  28.0  27.9  26.9  26.2  24.1  24.4  23.9  24.7  25.7  26.1  26.5 
1978  27.1  26.7  27.6  26.9  26.4  25.1  24.0  24.3  25.2  24.9  25.9  26.5 
1979  26.1  27.1  27.3  27.3 -99.0  25.3  24.3  24.2  24.5  25.1  26.0  26.0 
1980  27.1  27.1  27.5  26.9  26.4  25.2  24.8  24.0  24.9  25.6  26.2  27.2 
1981  27.1  27.2  26.4  26.5  25.9  24.9  24.7  24.2  25.4  26.0  26.4  26.5 
1982  27.4  27.1  27.8  26.8  26.8  25.2  24.2  25.0  24.5  25.7  25.8  26.3 
1983  27.2  28.3  27.4  26.3  26.2  24.9  24.1  24.1  25.4  26.6  26.1  26.9 
1984  27.4  28.3  28.0  28.1  26.7  24.9  24.1  24.6  25.5  25.9  26.2  26.2 
1985  26.7  27.2  27.5  27.1  26.6  25.3  24.6  24.5  25.6  25.7  26.4  26.7 
1986  27.2  26.5  27.2  27.5  26.3  25.4  25.5  24.8  25.4  26.0  27.0  26.6 
1987  27.8  28.1  28.5  27.5  27.3  25.8  24.9  24.5  25.8  25.8  26.7  26.8 
1988  27.4  27.5  27.5  27.6  27.0  26.3  24.7  25.4  25.8  25.6  26.7  26.7 
1989  27.0  26.7  27.6  27.7  26.7  25.7  25.0  25.4  25.5  26.0  25.5  26.3 
1990  27.6  27.2  27.5  27.7  26.8  26.2  25.9  25.3  26.0  26.5  26.5  27.5 
1991  27.5  27.5  27.5  27.4  26.9  26.0  25.0  25.2  25.1  26.2  26.9  26.9 
1992  27.6  27.8  27.5  27.7  26.9  25.2  25.2  25.4  25.7  26.0  26.6  27.0 
1993  27.6  27.2  28.3  27.5  26.1  25.3  25.8  25.6  25.8  26.3  26.8  27.3 
1994  27.7  28.1  28.2  27.8  27.0  26.3  25.1  25.2  25.5  26.3  26.3  27.1 
1995  27.3  27.2  28.2  27.7  26.9  25.8  25.5  25.3  25.5  26.4  26.9  26.5 
1996  27.4  27.0  27.5  27.1  26.5  25.5  24.9  24.9  24.8  25.6  27.2  26.5 
1997  26.8  26.8  26.8  27.1  26.5  24.7  24.8  24.1  25.3  26.0  26.7  27.6 
1998  28.6  28.6  28.5  27.5  26.8  25.3  24.8  25.1  25.7  26.3  26.8  26.7 
1999  26.9  27.1  27.4  27.4  26.8  25.7  25.2  25.2  25.2  26.3  26.3  27.1 
2000  27.2  27.5  27.6  27.1  26.3  25.4  25.3  25.2  25.6  26.3  27.2  26.7 
2001  27.4  27.1  27.9  27.6  25.7  25.7  25.6  24.6  25.7  25.4  26.5  26.2 
2002  27.9  27.6  28.3  27.9  26.3  25.8  25.0  25.2  25.8  27.0  27.7  27.6 
2003  27.8  27.6  28.2  27.5  26.9  25.4  25.2  25.8  25.9  25.8  26.8  27.6 
2004  27.9  27.8  27.7  27.5  26.6  25.1  24.1  24.9  25.7  26.4  27.0  27.8 
2005  28.2  27.4  28.0  27.8  25.6  25.3  25.5  25.0  25.9 -99.0  27.6  27.9 
2006  27.6  27.6  28.3  27.3  26.7  26.4  25.6  24.8  25.8  26.1  26.9  27.4 
2007  27.5  28.3  28.2  27.7  27.0  26.2  25.2  25.9  25.7  26.2  26.7  26.0 
2008  26.9  27.1  27.0  26.7  26.6  25.7  24.9  24.8  25.2  26.2  26.9  27.6 
2009  27.8  28.4  28.0  28.5  27.1  26.7  26.1  26.0  26.2  26.8  27.8  28.9 
2010  28.4  28.3  28.0  28.1  26.8  26.2  25.9  25.5  25.6  25.9  26.8  27.6 
2011  26.9  26.8  27.1  27.2  25.9 -99.0 -99.0 -99.0 -99.0 -99.0 -99.0 -99.0 
