Number= 919310
Name= MOPELIA
Country= SOCIETY IS.
Lat=  -16.9
Long=  154.0
Height= 3
Start year= 1955
End year= 1980
First Good year= 1955
Source ID= 10
Source file= Jones
Jones data to= 1980
Normals source= Data
Normals source start year= 1961
Normals source end year= 1980
Normals=  27.7  27.9  27.9  27.8  27.2  26.2  25.9  25.8  26.0  26.4  26.9  27.2 
Standard deviations source= Data
Standard deviations source start year= 1955
Standard deviations source end year= 1980
Standard deviations=   0.6   0.6   0.6   0.7   0.6   0.4   0.4   0.5   0.5   0.5   0.5   0.7 
Obs:
1955  27.2  27.6  27.7  27.1  25.9  26.2  26.2  25.5  25.8  26.7  26.8  27.6 
1956  27.3  26.7 -99.0 -99.0  26.3  25.6  25.0  25.5  25.3  26.8  26.6  27.1 
1957  27.9  27.5  27.5  27.4  26.1  26.5  25.7  25.2  25.5  26.7  26.8 -99.0 
1958 -99.0  27.4  28.0  28.4  26.2  25.8  25.9  25.6  25.8  26.1  26.9  26.5 
1959  27.3  27.5  28.1  28.3  27.7  26.6  25.6  25.5  25.9  26.1  26.5  27.4 
1960  27.9  27.1  27.9  28.3  27.1  25.8  25.6  25.7  26.8  25.7  27.3  28.4 
1961  27.6  27.9  27.4  28.5  28.2  26.3  26.5  26.5  26.5  26.1  26.9  27.7 
1962  28.0  27.2  28.0  27.5  26.9  26.6  26.1  25.6  26.8  26.5  27.5  25.6 
1963  26.2  28.8  27.6  28.2  27.7  26.6  25.8  26.2  26.5  27.0  27.6  27.4 
1964  28.4  28.7  28.4  28.3  26.9  26.5  26.0  26.2  26.1  27.2  26.3  26.7 
1965  26.9  27.2  27.6  27.9  27.5  26.0  26.2  26.0  25.7  27.0  27.2  26.8 
1966  27.1  28.0  28.0  28.4  27.8  26.0  26.5  26.5  26.7  27.1  27.2  26.8 
1967  28.3  27.1  27.8  27.7  26.8  26.7  25.9  25.4  25.8  26.6  26.3  26.6 
1968  28.4  27.6  27.4  27.0  27.1  25.7  25.4  25.9  26.6  27.2  27.7  28.6 
1969  29.2  28.4  28.7  28.6  27.0  27.0  26.5  25.7  26.4  27.0  27.2  27.9 
1970  28.6  27.5  28.4  28.1  27.5  26.5  25.9  26.5  26.3  25.8  26.9  27.5 
1971  27.7  27.5  27.4  27.5  26.9  25.8  25.9  24.9  25.2  25.7  26.3  26.9 
1972  27.7  27.5  27.1  28.0  27.1  26.2  25.4  26.1  25.5  25.9  26.3  28.1 
1973  27.8  28.1  28.9  28.6  27.5  26.0  26.0  25.8  26.1  26.2  27.0  26.9 
1974  27.3  27.2  26.5  27.5  26.8  26.0  25.5  25.1  25.4  25.8  25.9 -99.0 
1975 -99.0 -99.0 -99.0 -99.0 -99.0 -99.0 -99.0 -99.0 -99.0 -99.0 -99.0 -99.0 
1976 -99.0 -99.0 -99.0  27.3  26.5  25.9  24.9  24.7  25.2  26.4  27.4  27.6 
1977  27.7  28.6  28.6  27.7  27.6  25.7  25.6  25.2  25.8  26.7  26.8  27.3 
1978  27.8  29.2  28.1  25.5  27.5  26.2  25.4  26.0  26.0  26.0  26.9  27.6 
1979  26.7  28.2  28.2  27.9 -99.0  26.6  25.5  25.6  25.9  25.6  26.4  26.5 
1980  27.9  27.7  28.6  27.8  27.1  26.3  26.2  26.2  25.8  26.1  27.0  27.8 
