Number= 640060
Name= GEMENA
Country= D.R. OF CONGO
Lat=    3.3
Long=  -19.8
Height= 446
Start year= 1954
End year= 1977
First Good year= 1954
Source ID= 38
Source file= Jones
Jones data to= 1977
Normals= -99.0 -99.0 -99.0 -99.0 -99.0 -99.0 -99.0 -99.0 -99.0 -99.0 -99.0 -99.0 
Standard deviations source= Data
Standard deviations source start year= 1954
Standard deviations source end year= 1977
Standard deviations=   0.7   0.5   0.4   0.4   0.4   0.2   0.3   0.3   0.4   0.6   0.3   0.5 
Obs:
1954  25.4  25.8  26.2  25.8  25.7  24.9  24.1  24.3  24.7  24.5  25.2  25.1 
1955  25.3  26.1  25.6  25.0  25.5  24.7  24.3  24.3  24.7  25.1  25.3  25.0 
1956  25.0  26.2  26.3  25.4  25.4  24.7  24.1  24.5  24.6  24.8  24.5  24.8 
1957  24.7  26.2  25.6  25.9  26.1  25.2  24.5  24.5  24.6  24.7  24.9  25.0 
1958  26.0  26.4  26.5  26.2  26.1  25.3  24.7  24.9  25.5  25.3  25.0  25.6 
1959 -99.0 -99.0 -99.0 -99.0 -99.0 -99.0 -99.0 -99.0 -99.0 -99.0 -99.0 -99.0 
1960  25.6  25.5  25.6  25.8  25.8  24.8 -99.0 -99.0 -99.0 -99.0 -99.0 -99.0 
1961 -99.0 -99.0 -99.0 -99.0 -99.0 -99.0 -99.0 -99.0 -99.0 -99.0 -99.0 -99.0 
1962 -99.0 -99.0 -99.0 -99.0 -99.0 -99.0 -99.0 -99.0 -99.0 -99.0 -99.0 -99.0 
1963  25.7  26.4  26.7 -99.0 -99.0 -99.0 -99.0 -99.0 -99.0 -99.0 -99.0 -99.0 
1964  25.7  26.4  26.5  25.9  25.5  24.9  24.2  24.4  24.5  24.3  24.7  24.7 
1965  24.9  26.2  25.9  25.7  25.6  24.8  24.5  24.6  24.9  24.7  25.1 -99.0 
1966  26.1  26.7  26.1  25.3  25.9  25.2  24.8  24.7  24.6  24.7  25.1  24.8 
1967  25.4  26.6  26.5 -99.0  26.1  25.1  24.3  23.9  24.5  24.7  24.6  24.4 
1968  23.3  25.3  25.4  25.6  25.1  24.9  24.1  24.6  24.5  24.7  24.8  24.5 
1969  25.0  26.1  26.1  26.3 -99.0  25.4  24.3  24.4  24.8  24.2  24.6  24.7 
1970  25.0  26.5  26.6  26.3 -99.0  24.5  24.4  24.6  24.5  24.7  25.0  24.3 
1971  24.0  25.7  25.9  25.5  25.2  24.9  23.6  24.0  24.3  24.5  24.5  23.5 
1972  24.1  25.2  26.1  25.5  25.5  24.7  24.8  24.6  24.9  25.0  24.9  25.2 
1973  25.9  27.2  26.9  25.8  25.4  25.3  24.4  24.5  24.7  25.1  25.1 -99.0 
1974  24.6  25.8  26.6  25.7  25.1  24.7  24.0  24.4  23.5  26.0  24.8  24.6 
1975  24.4  25.8  26.2  26.2  26.1  24.8  24.0 -99.0  24.4  25.1  24.6  24.7 
1976 -99.0  26.2  26.0  26.3  26.0  25.0  24.4  24.9  25.3  26.3  24.5  25.0 
1977  25.2  26.5  26.1  26.6  26.1  25.1  24.6  23.8  24.7  25.9  25.5  24.2 
