Number= 640181
Name= MABALI
Country= D.R. OF CONGO
Lat=   -0.3
Long=  -23.8
Height= -999
Start year= 1953
End year= 1986
First Good year= 1953
Source ID= 38
Source file= Jones
Jones data to= 1986
Normals source= Data
Normals source start year= 1961
Normals source end year= 1986
Normals=  26.4  26.9  27.0  26.9  26.7  26.3  25.5  25.4  25.6  25.9  25.7  26.0 
Standard deviations source= Data
Standard deviations source start year= 1953
Standard deviations source end year= 1986
Standard deviations=   0.9   0.7   0.7   0.6   0.4   0.8   0.4   0.4   0.5   0.5   0.5   0.6 
Obs:
1953  28.8  26.0  27.0  26.6  26.9  25.6  25.0  25.4  25.5  25.3  25.1  25.5 
1954  27.8  26.1  26.4  26.1 -99.0  27.6  25.5  25.3  26.8  25.7  25.9  25.3 
1955  25.7  26.2  26.7  26.4  26.3  25.7  25.0  25.2  25.4  25.6  26.0  25.5 
1956  25.7  27.0  26.3  27.0  26.9  26.5  26.2  26.0  26.5  26.1  26.6  26.2 
1957  27.4  27.1  27.6  27.1  26.9  25.7 -99.0 -99.0 -99.0 -99.0 -99.0 -99.0 
1958 -99.0 -99.0 -99.0 -99.0 -99.0 -99.0 -99.0 -99.0 -99.0 -99.0 -99.0 -99.0 
1959  28.8  26.0  27.0  26.6  26.9  25.6  25.0  25.4  25.5  25.3  25.1  25.5 
1960  24.4  24.4  24.6  25.0  24.8 -99.0 -99.0 -99.0 -99.0  24.9  24.7  24.8 
1961  26.0  26.6  25.2  26.6  26.7  25.9  25.7  25.5  25.6  26.2  25.9  25.7 
1962  26.0  27.2  27.0  26.8  26.5  26.4  25.5  25.7  26.4  25.8  25.6  26.9 
1963  27.5  27.2  26.9  26.7  26.5  26.0  25.7  25.5  25.0  25.1  25.5  25.5 
1964  26.5  26.1  26.7  26.6  26.7  26.2  25.6  25.6  25.9  25.6  25.6  25.9 
1965  26.3  26.8  27.3  26.7  26.8  26.4  26.2 -99.0  25.8  26.4  26.2  26.4 
1966  26.5  27.5  27.3  27.5  26.8  26.4  25.6  24.6  25.4  25.9  25.6  26.5 
1967  26.4  26.8  26.5  27.7  26.5  26.1  26.0  25.8  25.8  26.0  26.0  26.2 
1968  26.0  26.8  27.1  26.8  27.1  26.5  24.7  25.2  25.6  25.9  26.2  26.7 
1969  27.0  27.5  27.6  27.5  27.0  26.5  26.0  25.6  25.8  27.0  26.0  25.9 
1970  26.5  26.5  27.1  26.6  26.5  27.0  25.5  25.1  25.3  25.9  25.4  25.9 
1971  26.6  27.0  26.6  26.5  26.9  26.6  25.8  25.7  25.9  25.4  25.6  26.3 
1972  26.7  27.1  27.4  26.1  26.3  25.9  25.6  24.5  24.2  25.5  25.5  25.1 
1973  25.3  26.2  26.2  26.4  26.0  25.9  24.5  25.2  24.8  25.6  25.2  25.0 
1974  25.9  26.3  26.7  26.8  26.1  25.6  26.3  24.9  24.5  24.9  24.3  24.9 
1975  25.5  26.3  26.5  26.3  26.2  25.4  25.3  25.3  25.3  25.6  25.4  24.9 
1976  26.2  26.9  26.9  26.9  26.8  25.8  25.5  25.3  25.8  26.3  26.3  26.1 
1977  26.3  27.3  27.7  27.2  26.9  25.6  25.5  25.9  25.7  26.2  25.7  26.5 
1978  26.6  26.6  27.6  27.2  26.7  26.6  26.1 -99.0  26.3  26.6  25.8  26.0 
1979  27.1  26.8  27.1  27.1  26.9  26.1  25.2  25.9  25.9  25.8  25.7  26.0 
1980  26.1 -99.0  27.2  27.8  26.7  26.5  25.5  26.0  25.9  26.1  25.7  26.2 
1981  26.5  27.0  27.2  27.9  26.8 -99.0 -99.0  25.1  25.6  25.8  26.4  26.4 
1982  26.7  28.2  28.6  28.0 -99.0 -99.0  25.7  25.4  26.0  26.3  26.3  26.1 
1983  26.7  27.5  27.6  26.5  26.6  26.3  25.0  25.7  26.0  26.0  25.7  26.1 
1984  26.7  27.3  27.0  26.3  27.0  29.4  25.1  25.2 -99.0 -99.0  26.2 -99.0 
1985  27.1  26.8  27.1  27.1  26.9  26.1  25.2  25.9  25.9  25.8  25.7  26.0 
1986 -99.0 -99.0  26.2 -99.0  26.5 -99.0 -99.0 -99.0 -99.0 -99.0 -99.0 -99.0 
