Number= 640140
Name= LISALA
Country= ZAIRE
Lat=    2.3
Long=  -21.6
Height= 460
Start year= 1952
End year= 1971
First Good year= 1952
Source ID= 10
Source file= Jones
Jones data to= 1971
Normals= -99.0 -99.0 -99.0 -99.0 -99.0 -99.0 -99.0 -99.0 -99.0 -99.0 -99.0 -99.0 
Obs:
1952  26.0  25.5 -99.0  25.4  24.8  24.4  23.7  23.6  23.5  24.0  24.0  24.7 
1953  25.3  25.3  25.4  24.8  24.5  24.0  23.9  23.6  23.7  23.7  23.9  24.6 
1954 -99.0 -99.0 -99.0 -99.0 -99.0 -99.0 -99.0 -99.0 -99.0 -99.0 -99.0 -99.0 
1955  24.8  25.9  24.7  24.4  24.1  23.7  23.1  23.3  23.6  23.6  23.9  23.9 
1956 -99.0 -99.0  24.6  24.1  23.7  23.0  23.6  22.7  23.0  23.0  22.9  23.1 
1957  22.9  23.9  23.4  24.0  24.1  23.6  23.1  23.2  23.3  23.6  23.5  23.7 
1958  24.9  24.5  25.3  24.6  24.9  23.9  23.5  23.2  23.8  23.9  23.8  24.4 
1959  24.3  25.0  25.3  24.8  24.1  23.8  23.1  23.0  22.9  23.3  23.4  24.2 
1960  24.0  24.1  23.9  23.8  23.8  23.3  22.9  23.0  23.2  23.5  23.4  24.2 
1961  24.1 -99.0 -99.0 -99.0 -99.0 -99.0 -99.0 -99.0 -99.0 -99.0 -99.0 -99.0 
1962 -99.0  24.5 -99.0 -99.0 -99.0 -99.0 -99.0 -99.0 -99.0 -99.0 -99.0 -99.0 
1963 -99.0 -99.0 -99.0 -99.0  24.5  22.8  23.6 -99.0 -99.0 -99.0 -99.0 -99.0 
1964  25.9 -99.0 -99.0 -99.0  24.2 -99.0 -99.0 -99.0 -99.0 -99.0 -99.0 -99.0 
1965 -99.0  24.3  24.7 -99.0 -99.0 -99.0 -99.0 -99.0  22.2 -99.0 -99.0  25.8 
1966  25.0 -99.0 -99.0 -99.0  26.7 -99.0 -99.0  25.5 -99.0  24.7 -99.0 -99.0 
1967 -99.0 -99.0 -99.0 -99.0 -99.0 -99.0 -99.0 -99.0 -99.0 -99.0 -99.0 -99.0 
1968 -99.0 -99.0 -99.0 -99.0  25.2 -99.0 -99.0 -99.0 -99.0 -99.0 -99.0 -99.0 
1969 -99.0 -99.0 -99.0 -99.0 -99.0 -99.0 -99.0 -99.0 -99.0 -99.0 -99.0 -99.0 
1970 -99.0  26.9 -99.0 -99.0 -99.0 -99.0 -99.0 -99.0 -99.0 -99.0 -99.0 -99.0 
1971 -99.0 -99.0 -99.0 -99.0 -99.0 -99.0 -99.0 -99.0  23.5 -99.0 -99.0 -99.0 
