Number= 640160
Name= BUMBA
Country= D.R. OF CONGO
Lat=    2.2
Long=  -22.5
Height= 361
Start year= 1953
End year= 1978
First Good year= 1953
Source ID= 38
Source file= Jones
Jones data to= 1978
Normals= -99.0 -99.0 -99.0 -99.0 -99.0 -99.0 -99.0 -99.0 -99.0 -99.0 -99.0 -99.0 
Standard deviations source= Data
Standard deviations source start year= 1953
Standard deviations source end year= 1978
Standard deviations=   0.5   0.5   1.1   0.4   0.3   0.4   0.4   0.3   0.4   0.4   0.5   0.6 
Obs:
1953  26.0  25.9  26.3  26.3  26.1  25.3  25.0  25.2  25.2  25.4  24.5  24.0 
1954  25.7  25.6  26.3  26.0  25.6  24.8  25.3  24.8  25.0  24.7  25.0  25.0 
1955  25.5  26.5  25.9  25.8  25.3  24.9  24.4  24.6  25.0  25.1  24.8  24.5 
1956  24.8  25.7  25.9  25.4  25.5  24.7  24.4  24.5  24.8  24.5  24.7  24.3 
1957  24.8  25.2  25.4  25.9  26.4  25.6  25.4  25.3  25.1  25.2  25.2  24.8 
1958  26.2  25.7  26.9  26.7  26.4  25.6  24.8  24.8  25.4  25.1  25.2  25.2 
1959  24.9  25.9  25.9  25.9  25.6  25.4  24.7  24.4  24.4  24.6  24.8  25.1 
1960  25.1  25.2  25.3  25.3  25.5  25.1  24.6  24.8  25.3  24.8  26.1  25.6 
1961  25.3  25.0  26.5  26.1  25.9  25.3  24.8  24.7  24.1  24.0  24.8  25.2 
1962  24.4 -99.0 -99.0 -99.0 -99.0  25.1 -99.0  25.0  25.0  25.2 -99.0 -99.0 
1963 -99.0 -99.0 -99.0 -99.0 -99.0 -99.0 -99.0 -99.0 -99.0 -99.0 -99.0 -99.0 
1964 -99.0 -99.0 -99.0  25.7  25.7  25.2  24.2 -99.0 -99.0 -99.0 -99.0 -99.0 
1965 -99.0 -99.0 -99.0 -99.0 -99.0  24.8 -99.0 -99.0  25.2 -99.0 -99.0  24.8 
1966  25.4  26.1  25.8  25.3  25.3  25.3  24.6  24.9  24.7  25.3  25.1  24.7 
1967  24.6  25.6  25.4  26.0  25.4  25.1  24.3  24.6  24.5  24.9  24.7  23.0 
1968 -99.0 -99.0 -99.0 -99.0 -99.0 -99.0 -99.0 -99.0 -99.0 -99.0 -99.0 -99.0 
1969  24.9  26.0  25.9  26.0  25.6  26.6  25.0  25.2  25.5  25.4  25.7  25.5 
1970  25.5  26.5  26.2  26.5  25.7  25.2  24.8  24.4  24.3  24.7  25.1  24.2 
1971  24.7  25.8  25.7  25.5  25.8  25.2  23.8  24.6  24.9  24.9  24.9  23.7 
1972  24.8  25.3  26.8  26.3  25.8  25.1  25.3  25.2  25.5  25.5  25.2  25.2 
1973  26.1  27.1  26.8  26.4 -99.0 -99.0 -99.0 -99.0 -99.0 -99.0 -99.0 -99.0 
1974 -99.0 -99.0 -99.0 -99.0  26.1  25.4  24.7  25.3  25.0  24.9  24.8  25.2 
1975  25.3 -99.0 -99.0 -99.0 -99.0 -99.0 -99.0 -99.0  25.2  25.0  25.1  24.6 
1976  25.1  25.6  25.9  25.7  25.5  24.7  24.6  24.8  25.4  25.5  26.5  25.2 
1977  24.6  26.2  26.2  26.6  26.4  25.6  25.3  25.0  25.1  25.8  25.1  25.1 
1978 -99.0 -99.0  21.6 -99.0 -99.0 -99.0 -99.0 -99.0 -99.0 -99.0 -99.0 -99.0 
