Number= 640750
Name= IRUMU
Country= ZAIRE
Lat=    1.4
Long=  -25.8
Height= -999
Start year= 1951
End year= 1956
First Good year= 1951
Source ID= 10
Source file= Jones
Jones data to= 1956
Normals= -99.0 -99.0 -99.0 -99.0 -99.0 -99.0 -99.0 -99.0 -99.0 -99.0 -99.0 -99.0 
Obs:
1951  21.4  21.9  22.8  22.2  22.8  21.9  21.5  21.6  21.2  22.2  21.5  21.1 
1952  22.5  23.2  23.3  22.8  22.6  22.3  21.6  21.1  21.4  21.9  21.7  22.7 
1953  22.5  23.2  23.4  22.6  23.4  21.9  21.0  21.5  21.4  21.3  21.9  22.3 
1954  23.2  23.0  23.0  22.8  22.2  21.5  20.9  20.9  21.0  20.9  22.2  22.0 
1955  22.2  22.2  22.4  22.8  22.6  21.9  21.3  21.0  21.5  21.7  21.9  21.5 
1956  22.1  22.4  22.7  22.1  22.2  21.5  20.6  21.0 -99.0 -99.0 -99.0 -99.0 
