Number= 640760
Name= BUNIA
Country= D.R. OF CONGO
Lat=    1.6
Long=  -30.2
Height= 1239
Start year= 1957
End year= 1980
First Good year= 1957
Source ID= 38
Source file= Jones
Jones data to= 1980
Normals= -99.0 -99.0 -99.0 -99.0 -99.0 -99.0 -99.0 -99.0 -99.0 -99.0 -99.0 -99.0 
Standard deviations source= Data
Standard deviations source start year= 1957
Standard deviations source end year= 1980
Standard deviations=   0.6   0.5   0.5   0.5   0.3   0.4   0.4   0.4   0.4   0.3   0.3   0.5 
Obs:
1957  20.9  21.3  21.6  21.7  21.7  21.2  20.9  20.8  21.5  21.4  21.7  21.6 
1958  22.5  22.4  22.7  22.7  22.0  21.0  20.5  20.8  21.4  21.3  21.5  21.9 
1959  21.8  21.9  22.8  23.2  21.9  21.1  20.8  20.9  20.7  21.4  21.3  21.2 
1960  21.4  21.5  21.6  22.2  21.7  21.5  20.8  20.9  21.0  21.6  21.0  21.9 
1961  21.9  21.4  22.5  21.9  22.3  21.0 -99.0 -99.0  20.6  20.9  20.5  20.7 
1962  20.7  21.7  21.3  22.6  21.9  21.1  20.0 -99.0 -99.0 -99.0 -99.0 -99.0 
1963  20.4  21.3  21.9  22.0  22.0  21.2  20.5 -99.0 -99.0 -99.0 -99.0 -99.0 
1964 -99.0 -99.0 -99.0  21.6  21.6  20.7 -99.0 -99.0 -99.0 -99.0 -99.0 -99.0 
1965 -99.0 -99.0 -99.0 -99.0 -99.0 -99.0 -99.0 -99.0 -99.0 -99.0  21.3  21.0 
1966  21.6  21.7  21.9  21.8 -99.0  21.0  21.0  21.0  21.3  20.7  21.2  20.7 
1967  21.2  22.2  22.4  21.5  21.9  21.2  20.0  20.5  21.0  20.8  20.9  20.7 
1968  21.3  21.5  21.3  22.0  21.4  20.9  20.7  21.0  20.8  20.9  21.3  20.7 
1969  20.5  21.5  22.3  22.5  22.0  21.6  21.1  20.8  21.1  21.0  21.5  21.2 
1970 -99.0 -99.0 -99.0  22.4  22.0  19.7  20.7  20.2  20.5  21.0  20.9  20.7 
1971  22.5  21.4  22.7  21.8  21.4  21.0  20.5  20.2  20.8  21.3  21.2  20.4 
1972  21.9  21.1  22.0  21.4  21.9  21.1  21.5  21.0  21.4  21.8  21.7  21.7 
1973  21.8  22.7  23.4  22.8  21.9  21.9  21.3  21.2  21.1  21.1  21.2  21.1 
1974  21.0  22.3  21.9  22.0  21.0  20.8  20.4  20.7  20.5  21.2  21.6  21.1 
1975  21.8  22.2  22.5  21.8  21.4  20.5  19.9 -99.0  20.7  21.0  21.1  20.7 
1976  21.7  21.8  22.0  21.8  21.7  21.0  20.3  20.0  20.9  21.5  21.1  21.2 
1977  21.2  21.9  22.2  21.9  21.9  21.1  20.7  21.0  21.4  21.8  21.5  21.5 
1978  21.5  23.1  22.2  21.9  21.9  21.2  20.5  21.1  21.1  21.3  21.3  21.7 
1979  21.7  21.5  22.4  22.3  22.1  21.5  21.2  21.4  21.6  21.8  21.6  20.4 
1980  21.8 -99.0  22.9  23.0  22.6 -99.0 -99.0  21.5  21.6  21.7  21.4  21.4 
