Number= 642170
Name= KENGE
Country= D.R. OF CONGO
Lat=   -4.9
Long=  -17.1
Height= 563
Start year= 1951
End year= 1988
First Good year= 1951
Source ID= 38
Source file= Jones
Jones data to= 1988
Normals= -99.0 -99.0 -99.0 -99.0 -99.0 -99.0 -99.0 -99.0 -99.0 -99.0 -99.0 -99.0 
Standard deviations source= Data
Standard deviations source start year= 1951
Standard deviations source end year= 1988
Standard deviations=   0.7   0.7   0.6   0.6   0.4   0.4   0.6   0.5   0.7   0.5   0.6   0.7 
Obs:
1951 -99.0 -99.0 -99.0 -99.0 -99.0 -99.0  23.7  24.8  25.8  25.4  25.4  25.5 
1952  26.8  26.4  26.4  26.5  25.9  25.4  23.5  24.6  25.1  25.8  25.5  25.6 
1953  25.6  25.9  25.8  25.9  26.3  24.1  23.6  24.5  25.7  25.5  25.2  25.5 
1954  25.3  25.5  26.3  25.7  25.7  24.1  22.4  23.8  25.0  24.9  25.2  25.3 
1955  25.1  26.0  25.6  25.9  25.6  24.5  23.6  23.9  25.2  25.3  25.2  25.1 
1956  25.0  25.9  26.0  26.0  25.7  24.4  23.1  24.2  25.9  25.5  25.4  24.8 
1957  25.3  26.0  25.3  25.9  26.1  24.4  23.7  24.8  25.3  25.1  25.4  24.8 
1958  26.3  25.7  26.4  26.9  26.2  24.4  22.7  24.7  25.5  25.1  25.2  25.4 
1959  25.0  25.2  25.5  25.7  25.5  24.5  23.7  24.2  24.5  25.1  24.9  25.0 
1960  24.7  25.5  25.4  25.8  25.8  25.0  24.8  25.3  25.0  25.6  25.2  25.2 
1961 -99.0 -99.0 -99.0 -99.0 -99.0 -99.0 -99.0 -99.0 -99.0 -99.0 -99.0 -99.0 
1962 -99.0 -99.0 -99.0 -99.0 -99.0 -99.0 -99.0 -99.0 -99.0 -99.0 -99.0 -99.0 
1963 -99.0 -99.0 -99.0 -99.0 -99.0 -99.0 -99.0 -99.0 -99.0 -99.0 -99.0 -99.0 
1964 -99.0 -99.0 -99.0 -99.0 -99.0 -99.0 -99.0 -99.0 -99.0 -99.0 -99.0 -99.0 
1965 -99.0 -99.0 -99.0 -99.0 -99.0 -99.0 -99.0 -99.0 -99.0 -99.0 -99.0 -99.0 
1966 -99.0 -99.0 -99.0 -99.0 -99.0 -99.0 -99.0 -99.0 -99.0 -99.0 -99.0 -99.0 
1967 -99.0 -99.0 -99.0 -99.0 -99.0 -99.0 -99.0 -99.0 -99.0 -99.0 -99.0 -99.0 
1968 -99.0 -99.0 -99.0 -99.0 -99.0 -99.0 -99.0 -99.0 -99.0 -99.0 -99.0 -99.0 
1969 -99.0 -99.0 -99.0 -99.0 -99.0 -99.0 -99.0 -99.0 -99.0 -99.0 -99.0 -99.0 
1970  26.5 -99.0 -99.0 -99.0 -99.0 -99.0 -99.0 -99.0 -99.0 -99.0 -99.0 -99.0 
1971  24.7  25.4  25.9  25.6  25.6  25.2  23.7  24.5  25.0  24.9  24.9  24.9 
1972  25.3  25.6  25.7  26.1  26.1  24.4  24.6  25.3  25.9  26.1  24.5  26.4 
1973  25.5  27.1  26.8  24.4  25.5  25.3  24.1  24.5  25.3  25.1  24.6  26.1 
1974  24.6  25.6  25.8  25.6  25.6  24.9  23.9  24.8  22.9  25.5  25.0  24.2 
1975  24.5  25.3  26.0  25.7  25.6  24.9  23.5 -99.0  25.1  25.2  24.4  24.3 
1976  25.0  24.8  26.0  26.0  26.0  25.2  24.3  24.3  26.2  25.7  24.9  25.0 
1977  25.4  25.4  26.0  26.2  26.4  24.9  24.3  25.5  26.3  26.0  26.0  26.1 
1978 -99.0 -99.0 -99.0 -99.0 -99.0 -99.0 -99.0 -99.0 -99.0 -99.0 -99.0 -99.0 
1979  27.0  27.7  27.6  27.4 -99.0  24.7  23.1  25.8  26.1 -99.0 -99.0  26.8 
1980  26.2  26.6  26.5 -99.0 -99.0 -99.0 -99.0 -99.0 -99.0 -99.0 -99.0 -99.0 
1981 -99.0 -99.0 -99.0 -99.0 -99.0 -99.0 -99.0 -99.0 -99.0 -99.0 -99.0  25.9 
1982  25.8  27.2  26.6  26.8  26.6  25.0  24.6  25.2 -99.0  25.1  24.8  26.3 
1983  26.0  25.6  27.7  27.2  26.6  25.0  24.0  25.0  26.2  26.3  25.4  25.7 
1984  25.8  27.1  26.5  26.4  26.8  24.4 -99.0 -99.0 -99.0 -99.0 -99.0 -99.0 
1985  24.9  25.8  26.3 -99.0 -99.0 -99.0 -99.0 -99.0  25.4  26.1  26.6  26.3 
1986  26.2  25.7  27.1  26.7  26.7  24.9  24.1  24.4  25.4  25.4  25.3  25.2 
1987  25.6  27.0  26.1  26.2  26.5  25.2  24.7  24.6  26.4  26.8  26.8  26.6 
1988  26.2  26.8  26.8  26.7 -99.0 -99.0 -99.0 -99.0 -99.0 -99.0 -99.0 -99.0 
