Number= 643010
Name= DILOLO
Country= D.R. OF CONGO
Lat=  -10.7
Long=  -22.3
Height= 1100
Start year= 1952
End year= 1977
First Good year= 1952
Source ID= 38
Source file= Jones
Jones data to= 1977
Normals= -99.0 -99.0 -99.0 -99.0 -99.0 -99.0 -99.0 -99.0 -99.0 -99.0 -99.0 -99.0 
Standard deviations source= Data
Standard deviations source start year= 1952
Standard deviations source end year= 1977
Standard deviations=   0.7   0.6   0.5   0.6   0.8   0.9   0.6   0.6   0.6   0.4   0.7   0.8 
Obs:
1952  24.5  24.0  24.5  24.5  22.3  21.2  21.2  23.1  25.7  25.0  24.0  24.7 
1953 -99.0 -99.0 -99.0 -99.0 -99.0 -99.0 -99.0 -99.0 -99.0 -99.0 -99.0 -99.0 
1954 -99.0  23.5  23.7  24.0  22.9  19.0  19.5  22.1  24.8  24.9  23.5  22.4 
1955  23.0  23.3  23.6  22.8  21.7  19.6 -99.0 -99.0 -99.0 -99.0  22.9  22.0 
1956  21.8  21.7  23.1  22.4  19.9  18.0 -99.0  20.9  23.2  25.2  21.5  21.1 
1957  21.9  23.0  23.4  24.2  22.0  20.0  21.0  23.2  25.5  24.9  24.8  24.0 
1958  23.4  23.9  24.4  24.8  22.2  20.6  19.9  22.3  24.7  24.5  24.2  23.6 
1959 -99.0 -99.0 -99.0 -99.0 -99.0 -99.0 -99.0 -99.0 -99.0 -99.0 -99.0 -99.0 
1960  24.0  23.1  23.0  23.8  22.6  21.4  20.1  23.4  25.7  25.8  24.0  23.8 
1961  24.0  22.9  24.0  24.4  23.3  21.3  21.2  22.2  25.6  24.8  23.6  23.3 
1962  23.1  23.4  23.6  23.6  20.5  20.3  21.0  22.5  24.5  25.2  23.9  23.5 
1963  23.5  23.3  23.6 -99.0  21.2  19.8  20.2  22.7  25.0  24.7  23.3  24.1 
1964  24.3  23.9  24.1  23.7  21.9  19.9  19.4  22.6  24.7  24.4  23.5  23.4 
1965  23.2  22.9  23.5  23.2  21.2  20.6  20.3  22.5  25.1  24.8  24.1  23.7 
1966  23.8  23.4  24.0  23.3  22.7  21.2  21.0  23.6  24.6  25.1  24.3  23.8 
1967  23.7  23.9  24.2  22.9  22.0  21.8  20.4  22.8  25.2  25.3  23.6  23.3 
1968  23.6  23.8  23.5  23.4  21.8  19.5  20.9  22.6  25.0  25.6  23.6  23.6 
1969 -99.0 -99.0 -99.0 -99.0 -99.0 -99.0 -99.0 -99.0 -99.0 -99.0 -99.0 -99.0 
1970 -99.0 -99.0 -99.0 -99.0 -99.0 -99.0 -99.0 -99.0 -99.0 -99.0 -99.0 -99.0 
1971  23.0  23.2  24.2  23.5  22.0  20.2  20.9  22.5  25.0  24.8  23.8  23.2 
1972  23.6  23.5  23.5  23.8  22.9  20.3  21.0  22.7  25.4  25.2  24.0  24.4 
1973  24.4  24.9  25.3  24.2  22.9  20.2  21.9  23.2  25.3  25.6  24.1  23.2 
1974  22.9  23.9  23.7  23.2  21.4  19.6  20.6  23.0  24.8  25.2  23.8  23.7 
1975 -99.0 -99.0 -99.0 -99.0 -99.0 -99.0 -99.0 -99.0 -99.0 -99.0 -99.0 -99.0 
1976 -99.0 -99.0 -99.0 -99.0 -99.0 -99.0 -99.0 -99.0 -99.0 -99.0 -99.0 -99.0 
1977 -99.0 -99.0  23.5  24.4 -99.0 -99.0 -99.0 -99.0 -99.0 -99.0 -99.0 -99.0 
