Number= 644520
Name= M POUYA
Country= CONGO
Lat=   -2.6
Long=  -16.2
Height= 312
Start year= 1951
End year= 2011
First Good year= 1951
Source ID= 10
Source file= Jones+Anders
Jones data to= 1997
Normals source= Extrapolated
Normals source start year= 1951
Normals source end year= 1970
Normals=  25.1  25.9  26.0  26.0  26.1  25.1  24.9  25.3  25.6  25.4  25.0  25.1 
Standard deviations source= Data
Standard deviations source start year= 1951
Standard deviations source end year= 1990
Standard deviations=   0.6   0.5   0.5   0.4   0.4   0.4   0.5   0.6   0.4   0.4   0.5   0.6 
Obs:
1951  25.3  25.6  25.9  26.6  25.6  25.4  24.8  25.7  25.6  25.2  25.8 -99.0 
1952 -99.0 -99.0 -99.0 -99.0 -99.0 -99.0 -99.0 -99.0  25.5  25.0  25.0  25.2 
1953  25.5  25.8  25.8  26.2  25.9  24.5  23.9  24.6  25.2  25.4  25.3  25.9 
1954  25.8  25.5  26.3  26.1  25.7  24.7  23.5  24.9  25.6  24.8  24.2  24.8 
1955  25.0  25.5  25.5  25.8  25.7  24.8  24.7  25.0  25.0  24.8  25.1  24.4 
1956  24.7  25.7  26.2  25.9  26.1  25.2  24.7  25.2  26.7  25.1  25.5  24.8 
1957  25.0  26.3  25.6  26.4  26.4  25.1  25.2  25.9  25.7  25.4  25.4  25.7 
1958  26.8  26.9  26.9  27.4  26.4  24.4  23.4  25.6  26.3  25.4  25.6  25.8 
1959  25.8  25.9  26.4  26.4  26.6  25.4  25.4  25.8  25.5  25.8  25.5  25.3 
1960  25.1  25.5  25.9  26.3  25.7  25.2  25.1  26.0  25.2  25.7  25.7  25.5 
1961  25.6  25.3 -99.0 -99.0  26.1  24.9  24.7  25.1 -99.0  24.7  24.7  24.9 
1962  25.1 -99.0 -99.0  26.0  26.6  25.1  24.6  23.1  25.5  25.2  25.6  25.4 
1963  25.1  25.7  26.4  26.1 -99.0  24.8  25.2  25.7  26.1  26.1  25.7  25.9 
1964  26.4  26.4  26.5  26.1  26.3  25.4  24.3  24.9  25.8  25.3  25.1  25.1 
1965  25.4  25.6  26.2  26.3  26.0  25.9  24.7  25.9  25.8  25.8  25.5  25.3 
1966  25.7  26.0  26.4  26.2  26.4  25.6  25.0  25.4  25.4  25.3  24.1  24.6 
1967  24.8  25.5  26.3  26.5  26.4  25.2  23.8  24.9  25.1  25.5  25.0  25.1 
1968  25.1 -99.0  25.6  26.5  25.9  25.0  24.8  25.6  25.4  25.6  24.9  25.0 
1969  25.3  26.6  27.2  26.5  26.8  25.3  24.9  25.6  25.7  25.5  25.4  25.5 
1970  25.8  26.6  26.9  26.8  26.3  24.7  24.4  25.2  25.6  25.5  24.8  25.5 
1971  25.5  25.7  26.6  26.4  25.1  25.5  25.0  25.3  25.4  26.0  25.3  25.0 
1972  25.4  25.3  26.4 -99.0  26.5  25.1  25.5  26.5  25.6  25.8  25.6  26.3 
1973  26.4  27.4 -99.0 -99.0 -99.0 -99.0 -99.0 -99.0 -99.0 -99.0 -99.0 -99.0 
1974 -99.0 -99.0 -99.0 -99.0 -99.0  25.1  24.1 -99.0 -99.0 -99.0 -99.0  24.0 
1975  24.2 -99.0 -99.0 -99.0 -99.0 -99.0 -99.0 -99.0 -99.0 -99.0 -99.0  24.2 
1976 -99.0 -99.0 -99.0 -99.0 -99.0 -99.0 -99.0 -99.0 -99.0 -99.0 -99.0  24.0 
1977 -99.0 -99.0 -99.0 -99.0 -99.0 -99.0 -99.0 -99.0 -99.0 -99.0 -99.0 -99.0 
1978 -99.0 -99.0 -99.0 -99.0 -99.0 -99.0 -99.0 -99.0 -99.0 -99.0 -99.0 -99.0 
1979 -99.0 -99.0 -99.0 -99.0 -99.0 -99.0 -99.0 -99.0 -99.0  25.5 -99.0 -99.0 
1980  25.9  25.6  25.9 -99.0 -99.0  24.8  24.1  24.9  25.4  24.8 -99.0 -99.0 
1981 -99.0 -99.0 -99.0 -99.0 -99.0  24.8 -99.0 -99.0 -99.0 -99.0 -99.0 -99.0 
1982 -99.0 -99.0 -99.0  26.2  25.9 -99.0 -99.0 -99.0 -99.0 -99.0 -99.0 -99.0 
1983 -99.0 -99.0 -99.0 -99.0 -99.0 -99.0 -99.0 -99.0 -99.0 -99.0 -99.0 -99.0 
1984 -99.0 -99.0 -99.0 -99.0 -99.0 -99.0 -99.0 -99.0 -99.0 -99.0 -99.0 -99.0 
1985  25.1  25.5  25.7  25.6 -99.0 -99.0 -99.0 -99.0 -99.0 -99.0 -99.0 -99.0 
1986  23.8 -99.0 -99.0 -99.0 -99.0 -99.0 -99.0  24.6 -99.0 -99.0 -99.0 -99.0 
1987 -99.0 -99.0 -99.0 -99.0 -99.0 -99.0 -99.0 -99.0 -99.0 -99.0 -99.0 -99.0 
1988 -99.0 -99.0 -99.0 -99.0 -99.0 -99.0  24.9 -99.0 -99.0  25.1 -99.0 -99.0 
1989 -99.0 -99.0 -99.0 -99.0 -99.0 -99.0  24.6 -99.0 -99.0 -99.0 -99.0 -99.0 
1990 -99.0 -99.0 -99.0 -99.0 -99.0 -99.0 -99.0  25.3  25.1 -99.0 -99.0 -99.0 
1991  26.1  26.9  26.1  26.7  26.8  26.2  24.6  25.8  26.6  26.3  25.6  26.1 
1992  25.6  26.1  27.1  27.5  26.6  24.8  25.4  25.8  26.4  26.4  25.8  22.9 
1993  26.1  25.5  26.4  26.5  26.5  25.2  25.5  25.6  25.7  25.0  25.9  26.4 
1994  25.7  26.3  26.5  26.8  26.4  25.6  25.3  26.1  26.1  25.4  25.2  25.7 
1995  26.2  25.2  25.8  27.1  27.1  24.1  25.8  26.7  26.7  26.2  26.3  25.9 
1996  26.1  26.2  25.9  27.1  26.8  25.3  25.0  26.7  26.0  26.3  24.6  25.7 
1997  25.6  27.2  26.7  26.9 -99.0 -99.0 -99.0 -99.0 -99.0 -99.0 -99.0 -99.0 
1998 -99.0 -99.0 -99.0 -99.0 -99.0 -99.0 -99.0 -99.0 -99.0 -99.0 -99.0 -99.0 
1999 -99.0 -99.0 -99.0 -99.0 -99.0 -99.0 -99.0 -99.0 -99.0 -99.0 -99.0 -99.0 
2000 -99.0 -99.0 -99.0 -99.0 -99.0 -99.0 -99.0 -99.0 -99.0 -99.0 -99.0 -99.0 
2001 -99.0 -99.0 -99.0 -99.0 -99.0 -99.0 -99.0 -99.0 -99.0 -99.0 -99.0 -99.0 
2002 -99.0 -99.0 -99.0 -99.0 -99.0 -99.0 -99.0 -99.0 -99.0 -99.0 -99.0 -99.0 
2003 -99.0 -99.0 -99.0 -99.0 -99.0 -99.0 -99.0 -99.0 -99.0  25.8  26.6  26.5 
2004  26.2  26.0  27.2 -99.0  27.7 -99.0 -99.0 -99.0  27.2 -99.0 -99.0 -99.0 
2005 -99.0 -99.0  28.0  27.9  27.2  25.0  25.9  26.0 -99.0 -99.0  26.8  26.1 
2006 -99.0 -99.0  27.4  27.1  26.5 -99.0  26.8  27.1 -99.0  27.1 -99.0 -99.0 
2007  26.8 -99.0 -99.0 -99.0 -99.0 -99.0 -99.0 -99.0 -99.0 -99.0 -99.0 -99.0 
2008 -99.0 -99.0 -99.0 -99.0 -99.0 -99.0 -99.0 -99.0 -99.0 -99.0 -99.0 -99.0 
2009 -99.0 -99.0 -99.0 -99.0 -99.0 -99.0 -99.0 -99.0 -99.0 -99.0 -99.0 -99.0 
2010 -99.0 -99.0 -99.0 -99.0 -99.0 -99.0 -99.0 -99.0  27.1 -99.0 -99.0 -99.0 
2011  26.9  26.8  27.3  27.2  26.9 -99.0 -99.0 -99.0 -99.0 -99.0 -99.0 -99.0 
