Number= 644600
Name= SOUANKE
Country= CONGO
Lat=    2.1
Long=  -14.0
Height= 547
Start year= 1951
End year= 2007
First Good year= 1951
Source ID= 10
Source file= Jones+Anders
Jones data to= 1982
Normals source= Data
Normals source start year= 1961
Normals source end year= 1982
Normals=  23.2  24.0  24.6  24.9  24.4  23.3  22.7  22.8  23.6  23.6  23.9  23.2 
Standard deviations source= Data
Standard deviations source start year= 1951
Standard deviations source end year= 1982
Standard deviations=   0.7   0.4   0.7   0.4   0.5   0.5   0.6   0.6   0.5   0.5   0.6   0.6 
Obs:
1951  23.6  23.8  24.5  25.0  24.7  24.0  23.2  23.0  23.4  23.8  23.1  23.1 
1952  23.0 -99.0 -99.0 -99.0 -99.0 -99.0 -99.0 -99.0 -99.0 -99.0 -99.0 -99.0 
1953 -99.0 -99.0  27.1 -99.0 -99.0 -99.0  22.9  22.9  23.6  23.9  24.3  23.6 
1954  23.5  23.6  24.7  24.6  24.0  23.2  21.9  22.2  23.5  23.6  23.5  23.8 
1955  23.5  24.0  24.1  24.0  24.4  23.4  22.4  22.2  22.8  23.2  23.7  23.0 
1956  22.5  23.8  24.0  24.6  24.2  23.3  22.0  22.0  23.2  23.5  23.3  23.3 
1957  22.5  23.3  23.7  24.7  24.6  23.9  23.5  22.9  23.7  23.8  24.3  24.1 
1958  24.1  24.0  25.0  25.2  24.9  23.2  21.8  22.9  24.1  23.9  24.0  23.9 
1959  24.0  24.0  24.7  25.0  24.6  24.0  22.9  22.9  23.7  24.0  23.8  23.6 
1960  23.9  24.2  24.6  24.5  24.5  23.8  23.3  23.6  23.6  24.2  24.0  23.9 
1961  23.9 -99.0  24.8  24.7  24.6  23.5  22.4  22.2  22.9  23.4  23.1  23.7 
1962 -99.0  24.4  24.4  25.1  25.2 -99.0  23.7  22.6  23.7  24.0 -99.0  24.1 
1963  23.4  23.7  24.8  24.9  25.0  24.0  23.5  23.6  24.5  24.2  25.9  23.8 
1964  24.5  24.6  25.3  26.0  24.9  23.3  21.9  22.4  23.5  23.7  23.8  23.9 
1965  23.2  23.7  24.3  24.7  24.9  23.5  22.9  24.0  23.9  23.6  23.7  23.7 
1966  23.7  24.6  24.9  24.9  24.4  24.0  23.5  23.3  22.8  23.6  23.7  23.4 
1967  22.7  24.3  24.3  25.0  24.3  23.1  22.4  22.5  22.8  23.7  24.0  22.8 
1968  22.8  23.5  24.0  24.1  23.5  22.9  22.8  22.8  23.1  22.9  23.3  23.0 
1969  22.5  23.6  24.6  24.9  24.8  23.5  22.5  23.0  24.1  24.0  23.4  23.2 
1970  23.5  24.9  24.5  25.2  24.6  23.0  22.1  22.4  23.6  24.0  23.9  23.3 
1971  21.9  23.7  24.4  24.7  23.3  23.6  22.9  22.8  24.5  23.9  24.0  22.6 
1972  23.4  23.6  24.5 -99.0 -99.0 -99.0 -99.0 -99.0 -99.0 -99.0 -99.0 -99.0 
1973  24.5  24.5 -99.0 -99.0 -99.0 -99.0 -99.0 -99.0 -99.0 -99.0 -99.0 -99.0 
1974 -99.0  23.3 -99.0 -99.0 -99.0  22.0  21.9  21.5 -99.0  22.1 -99.0  21.8 
1975  22.5 -99.0 -99.0 -99.0 -99.0 -99.0 -99.0 -99.0 -99.0 -99.0 -99.0  22.4 
1976 -99.0 -99.0 -99.0 -99.0 -99.0 -99.0 -99.0 -99.0 -99.0 -99.0 -99.0 -99.0 
1977  22.8 -99.0 -99.0 -99.0 -99.0 -99.0 -99.0 -99.0 -99.0 -99.0 -99.0 -99.0 
1978 -99.0 -99.0 -99.0 -99.0 -99.0 -99.0 -99.0 -99.0 -99.0 -99.0 -99.0 -99.0 
1979 -99.0 -99.0 -99.0 -99.0 -99.0 -99.0 -99.0 -99.0 -99.0 -99.0 -99.0 -99.0 
1980 -99.0 -99.0 -99.0 -99.0 -99.0 -99.0 -99.0 -99.0 -99.0 -99.0 -99.0 -99.0 
1981 -99.0 -99.0 -99.0 -99.0 -99.0  23.4 -99.0 -99.0 -99.0 -99.0 -99.0 -99.0 
1982 -99.0 -99.0 -99.0 -99.0  23.4 -99.0 -99.0 -99.0 -99.0 -99.0 -99.0 -99.0 
1983 -99.0 -99.0 -99.0 -99.0 -99.0 -99.0 -99.0 -99.0 -99.0 -99.0 -99.0 -99.0 
1984 -99.0 -99.0 -99.0 -99.0 -99.0 -99.0 -99.0 -99.0 -99.0 -99.0 -99.0 -99.0 
1985 -99.0 -99.0 -99.0 -99.0 -99.0 -99.0 -99.0 -99.0 -99.0 -99.0 -99.0 -99.0 
1986 -99.0 -99.0 -99.0 -99.0 -99.0 -99.0 -99.0 -99.0 -99.0 -99.0 -99.0 -99.0 
1987 -99.0 -99.0 -99.0 -99.0 -99.0 -99.0 -99.0 -99.0 -99.0 -99.0 -99.0 -99.0 
1988 -99.0 -99.0 -99.0 -99.0 -99.0 -99.0 -99.0 -99.0 -99.0 -99.0 -99.0 -99.0 
1989 -99.0 -99.0 -99.0 -99.0 -99.0 -99.0 -99.0 -99.0 -99.0 -99.0 -99.0 -99.0 
1990 -99.0 -99.0 -99.0 -99.0 -99.0 -99.0 -99.0 -99.0 -99.0 -99.0 -99.0 -99.0 
1991 -99.0 -99.0 -99.0 -99.0 -99.0 -99.0 -99.0 -99.0 -99.0 -99.0 -99.0 -99.0 
1992 -99.0 -99.0 -99.0 -99.0 -99.0 -99.0 -99.0 -99.0 -99.0 -99.0 -99.0 -99.0 
1993 -99.0 -99.0 -99.0 -99.0 -99.0 -99.0 -99.0 -99.0 -99.0 -99.0 -99.0 -99.0 
1994 -99.0 -99.0 -99.0 -99.0 -99.0 -99.0 -99.0 -99.0 -99.0 -99.0 -99.0 -99.0 
1995 -99.0 -99.0 -99.0 -99.0 -99.0 -99.0 -99.0 -99.0 -99.0 -99.0 -99.0 -99.0 
1996 -99.0 -99.0 -99.0 -99.0 -99.0 -99.0 -99.0 -99.0 -99.0 -99.0 -99.0 -99.0 
1997 -99.0 -99.0 -99.0 -99.0 -99.0 -99.0 -99.0 -99.0 -99.0 -99.0 -99.0 -99.0 
1998 -99.0 -99.0 -99.0 -99.0 -99.0 -99.0 -99.0 -99.0 -99.0 -99.0 -99.0 -99.0 
1999 -99.0 -99.0 -99.0 -99.0 -99.0 -99.0 -99.0 -99.0 -99.0 -99.0 -99.0 -99.0 
2000 -99.0 -99.0 -99.0 -99.0 -99.0 -99.0 -99.0 -99.0 -99.0 -99.0 -99.0 -99.0 
2001 -99.0 -99.0 -99.0 -99.0 -99.0 -99.0 -99.0 -99.0 -99.0 -99.0 -99.0 -99.0 
2002 -99.0 -99.0 -99.0 -99.0 -99.0 -99.0 -99.0 -99.0 -99.0 -99.0 -99.0 -99.0 
2003 -99.0 -99.0 -99.0 -99.0 -99.0 -99.0 -99.0 -99.0 -99.0 -99.0 -99.0 -99.0 
2004 -99.0 -99.0 -99.0 -99.0 -99.0 -99.0 -99.0 -99.0 -99.0 -99.0 -99.0 -99.0 
2005 -99.0 -99.0 -99.0 -99.0 -99.0 -99.0 -99.0 -99.0 -99.0 -99.0 -99.0 -99.0 
2006 -99.0 -99.0 -99.0 -99.0 -99.0 -99.0 -99.0 -99.0 -99.0 -99.0 -99.0 -99.0 
2007 -99.0 -99.0 -99.0 -99.0 -99.0 -99.0 -99.0 -99.0 -99.0 -99.0 -99.0 -99.0 
