Number= 645040
Name= COCOBEACH
Country= GABON
Lat=    1.0
Long=   -9.6
Height= 13
Start year= 1951
End year= 2007
First Good year= 1951
Source ID= 10
Source file= Jones+Anders
Jones data to= 1999
Normals source= Data
Normals source start year= 1961
Normals source end year= 1990
Normals=  26.4  26.7  26.8  26.8  26.3  25.2  24.1  24.4  24.9  25.4  25.7  26.0 
Standard deviations source= Data
Standard deviations source start year= 1951
Standard deviations source end year= 1990
Standard deviations=   0.4   0.4   0.6   0.4   0.5   0.6   0.7   0.6   0.7   0.3   0.4   0.6 
Obs:
1951  26.6  26.4  26.8  27.4  26.9  25.3  24.6  25.0  25.4  26.0  26.3  26.9 
1952  27.0  27.2  27.3  27.0  26.9  25.7  24.4  24.5  25.6  25.6  26.0  26.2 
1953  26.6  26.7  26.8  27.2  26.5  25.2  24.9  24.2  25.1  25.5  25.9  26.4 
1954  26.3  25.7  26.4  26.2  25.5  25.6  22.3  23.1  26.3 -99.0  26.3  26.6 
1955  26.7  27.4  26.7  27.1  26.8  25.9  24.6  24.6  25.9  25.9  26.4  26.5 
1956  26.4  27.0  26.3  26.8  26.8  25.3  23.8  24.2  25.3  25.7  25.4  25.8 
1957  26.3  27.0  26.9  27.1  26.8  25.5  24.0  24.6  25.4  25.6  25.8  26.2 
1958  27.2  27.1  27.3  26.9  25.9  24.1  23.6  23.9  25.1  25.3  25.7  26.2 
1959  26.5  26.8  26.9  26.6  26.2  24.2  24.2  24.7  25.2  25.3  25.8  26.1 
1960  26.3  26.5  26.5  26.6  26.6  25.1  24.4  24.9  25.3  25.6  25.9  26.0 
1961  26.6  26.3  27.0  27.0  26.5  24.7  24.0  24.1  24.7  25.9  25.5  26.2 
1962  26.3  26.7  26.3  26.5  26.4  24.8  24.0  24.4  25.0  25.7  25.7  26.2 
1963  26.3  26.6  26.3  26.4  26.5  26.1  24.7  24.5  25.6  25.7  25.8  26.0 
1964  26.8  26.5  26.7  26.3  25.8  24.8  23.9  23.7  24.6  24.9  25.1  25.6 
1965  26.2  26.1  26.4  26.6  26.6  25.2  23.4  24.0  25.2  25.8  26.1  26.4 
1966  26.6  26.7 -99.0  27.0  27.1  26.1  24.9  25.0  25.8  25.9  25.7  26.3 
1967  26.8  26.9  27.1  27.1  26.6  25.2  24.3  24.5  25.3  24.9  25.5  26.2 
1968  26.2  26.8  26.5  26.9  26.2  25.1  24.2  24.7  25.2  25.7  26.0  26.3 
1969  26.4  27.0  26.9  27.3  26.6  24.9  23.2  24.4  23.0  25.3  25.6  26.3 
1970  26.3  26.9  27.0  27.6  26.9  25.5  24.1  25.3  25.3  25.3  25.9  26.1 
1971  26.0  26.3  26.7  26.4  25.4  25.6  24.4  24.5  25.2  25.1  25.6  25.6 
1972  26.3  26.7  26.5  26.5  25.8  24.3  23.7  23.6  24.8  25.0  25.2 -99.0 
1973  26.7  27.2  27.1  26.8  26.1  24.9 -99.0  24.5 -99.0  25.1  25.3 -99.0 
1974  25.5  26.1  26.0  26.5  26.2  25.1  23.7  24.5  24.9  24.9 -99.0 -99.0 
1975 -99.0 -99.0 -99.0 -99.0 -99.0 -99.0 -99.0 -99.0 -99.0 -99.0 -99.0 -99.0 
1976  25.6  25.8  26.1  25.9  25.5  23.9  23.0  23.4 -99.0 -99.0  24.7 -99.0 
1977 -99.0 -99.0  29.7 -99.0 -99.0 -99.0  22.8  23.0 -99.0 -99.0 -99.0 -99.0 
1978  26.6  27.7  26.8 -99.0 -99.0  24.8 -99.0 -99.0  24.5  25.0  25.3 -99.0 
1979 -99.0 -99.0 -99.0 -99.0 -99.0 -99.0 -99.0  24.2 -99.0 -99.0 -99.0 -99.0 
1980 -99.0 -99.0 -99.0 -99.0 -99.0 -99.0 -99.0 -99.0 -99.0  25.2 -99.0 -99.0 
1981  26.0  27.0  27.0  27.0  26.0  26.0  24.0  24.0  25.0  25.0  26.0  26.0 
1982  26.6  27.1  26.9  27.0  26.4  25.0  24.1  24.5 -99.0  25.6  26.3  26.6 
1983 -99.0 -99.0 -99.0 -99.0 -99.0 -99.0 -99.0 -99.0 -99.0 -99.0 -99.0 -99.0 
1984  26.6  26.9  26.5  26.7  26.5  25.8  25.2 -99.0 -99.0 -99.0 -99.0 -99.0 
1985  26.3  26.9  27.0  26.3  26.4  25.4  24.0  25.4  25.0 -99.0  26.0  26.5 
1986  26.9  26.3  26.1  26.8  26.3  25.6  24.2 -99.0 -99.0  25.3  25.3  23.6 
1987  27.1  26.8  27.1  27.0  27.2  26.3  25.5  25.0  22.6  25.8  26.2  26.9 
1988  26.9 -99.0 -99.0  27.1 -99.0 -99.0 -99.0  25.2  25.7 -99.0 -99.0 -99.0 
1989  26.3  26.5  26.5  26.7  26.2  25.1  24.5  24.9  25.3  25.6  25.9  26.0 
1990 -99.0 -99.0 -99.0 -99.0 -99.0 -99.0 -99.0 -99.0 -99.0 -99.0 -99.0 -99.0 
1991 -99.0 -99.0 -99.0 -99.0 -99.0 -99.0 -99.0 -99.0 -99.0 -99.0 -99.0 -99.0 
1992 -99.0 -99.0 -99.0 -99.0 -99.0 -99.0 -99.0 -99.0 -99.0 -99.0 -99.0 -99.0 
1993  26.8 -99.0 -99.0 -99.0 -99.0 -99.0 -99.0 -99.0 -99.0 -99.0 -99.0 -99.0 
1994 -99.0  27.1 -99.0 -99.0 -99.0 -99.0 -99.0 -99.0 -99.0 -99.0 -99.0 -99.0 
1995 -99.0 -99.0 -99.0 -99.0 -99.0 -99.0 -99.0 -99.0 -99.0 -99.0 -99.0 -99.0 
1996 -99.0 -99.0 -99.0 -99.0 -99.0 -99.0 -99.0 -99.0 -99.0 -99.0 -99.0 -99.0 
1997 -99.0 -99.0 -99.0 -99.0 -99.0 -99.0 -99.0 -99.0 -99.0 -99.0 -99.0 -99.0 
1998 -99.0 -99.0 -99.0 -99.0 -99.0 -99.0 -99.0 -99.0 -99.0 -99.0 -99.0 -99.0 
1999 -99.0 -99.0 -99.0 -99.0 -99.0 -99.0 -99.0 -99.0 -99.0  25.8 -99.0 -99.0 
2000 -99.0 -99.0 -99.0 -99.0 -99.0 -99.0 -99.0 -99.0 -99.0 -99.0 -99.0 -99.0 
2001 -99.0 -99.0 -99.0 -99.0 -99.0 -99.0 -99.0 -99.0  24.9 -99.0 -99.0 -99.0 
2002 -99.0 -99.0 -99.0 -99.0 -99.0 -99.0 -99.0 -99.0 -99.0 -99.0 -99.0 -99.0 
2003 -99.0 -99.0  27.1 -99.0 -99.0  25.6  25.4 -99.0 -99.0 -99.0 -99.0 -99.0 
2004  26.8  27.1 -99.0 -99.0 -99.0  24.9 -99.0 -99.0 -99.0 -99.0 -99.0 -99.0 
2005 -99.0 -99.0 -99.0 -99.0 -99.0 -99.0 -99.0 -99.0 -99.0 -99.0 -99.0 -99.0 
2006 -99.0 -99.0 -99.0 -99.0 -99.0 -99.0 -99.0 -99.0 -99.0 -99.0 -99.0 -99.0 
2007 -99.0 -99.0 -99.0 -99.0 -99.0 -99.0 -99.0 -99.0 -99.0 -99.0 -99.0 -99.0 
