Number= 645500
Name= MOUILA
Country= GABON
Lat=   -1.9
Long=  -11.0
Height= 89
Start year= 1951
End year= 2011
First Good year= 1951
Source ID= 10
Source file= Jones+Anders
Jones data to= 1994
Normals source= Data
Normals source start year= 1961
Normals source end year= 1990
Normals=  26.4  26.6  26.7  26.9  26.4  24.4  23.4  23.8  25.2  26.2  26.0  26.3 
Standard deviations source= Data
Standard deviations source start year= 1951
Standard deviations source end year= 1990
Standard deviations=   0.6   0.7   0.8   0.7   0.7   0.8   0.5   0.5   0.5   0.6   0.7   0.6 
Obs:
1951  27.2  27.4  27.4  27.9  26.9  25.2  24.1  24.3  25.4  26.8  26.8  27.3 
1952  27.8  27.6  27.7  27.8  26.9  25.0  23.1  23.8  25.5  27.1  26.8  26.9 
1953  27.2  27.2  27.5  27.8  27.1  25.0  23.9  23.3  25.4  26.6  26.9  26.9 
1954  27.3  26.6  27.6  28.0  26.6  23.8  22.8  24.1  25.8  26.8  26.9  26.6 
1955  26.8  27.5  27.9  27.7  27.7  24.9  23.6  23.5  25.8  26.7  26.9  26.2 
1956  27.1  27.6  27.7  27.7  26.8  25.2  23.1  24.0  25.3  26.3  26.4  26.1 
1957  26.9  27.3  27.4  27.7  27.6  24.4  23.3  23.8  25.1  26.6  27.0  27.0 
1958  28.0  27.9  27.6  27.8  26.0  23.0  22.7  22.7  24.8  26.7  26.5  26.9 
1959  26.6  26.8  27.1  26.9  26.1  23.7  23.7  23.4  25.0  26.1  26.2  27.0 
1960  27.1  26.7  27.3  27.4  26.7  24.7  23.6  23.8  25.5  26.9  26.8  27.3 
1961 -99.0  26.7  27.3  27.6  26.9  23.7  23.5  23.5  25.8  26.5  26.4  26.8 
1962  26.6  27.1  27.4  27.5  27.2  24.6  23.9  23.8  25.4  26.8  26.9  26.8 
1963  26.5  27.0  27.2  27.5  27.3  25.8  24.5  25.0  26.5  27.0  26.7  26.3 
1964  27.4  27.6  27.5  27.6  27.2  24.8  23.5  23.2  24.9  26.5  26.2  26.1 
1965  26.8  27.0  26.9  27.4  27.0  25.0  23.4  23.7  25.1  26.8  26.5  26.1 
1966  26.8  27.0  26.2  27.3  27.1  26.0  24.4  24.3  25.1  26.9  26.8  26.8 
1967  26.9  26.7  27.3  27.9  26.6  24.7  22.9  23.9  25.2  26.4  26.5  27.1 
1968  26.5  26.8  27.2  27.2  26.3  24.3  23.5  24.3  25.3  26.7  26.9  26.8 
1969  26.6  27.8  28.0  28.3  28.3  24.8  23.5  23.9  26.1  26.9  26.4  27.2 
1970  27.0  27.5  27.4  27.9  26.8  24.6  23.3  24.1  25.5  26.7  26.5  26.6 
1971  26.7  27.3  27.3  27.1  26.0  25.4  23.9  24.6  25.9  27.0  24.9  26.3 
1972  27.1  27.2 -99.0  27.0  26.0  23.2  22.9  23.2  24.4  25.5  25.3  26.7 
1973  25.7  26.5  26.6  26.0  25.6  24.3 -99.0  23.5  24.8  25.6  25.0 -99.0 
1974  25.5  25.7  25.9  26.0  25.7  25.4  23.0  24.3  25.2  26.6 -99.0 -99.0 
1975 -99.0 -99.0 -99.0 -99.0 -99.0 -99.0 -99.0 -99.0 -99.0 -99.0 -99.0 -99.0 
1976  25.5  25.5  25.7  25.9  25.5  23.4  22.2  22.6  24.4  24.8  24.9  24.8 
1977  25.6 -99.0  25.6  26.3  25.7  23.6  22.8  23.5  24.9 -99.0 -99.0  25.6 
1978  26.1  27.1  26.7 -99.0  25.1  23.3  22.5  23.2  24.6  25.6  25.0 -99.0 
1979 -99.0 -99.0 -99.0 -99.0 -99.0 -99.0 -99.0  23.1  24.7 -99.0 -99.0 -99.0 
1980 -99.0 -99.0 -99.0 -99.0 -99.0 -99.0 -99.0 -99.0 -99.0  25.5 -99.0 -99.0 
1981  26.0  26.0  26.0  26.0  26.0  24.0  23.0  23.0  25.0  26.0  26.0  25.0 
1982  26.3  26.3  26.2  26.1  25.2  23.3  22.5  23.1  24.3  25.2  25.3  26.0 
1983 -99.0  26.9  28.6 -99.0 -99.0  23.3 -99.0 -99.0 -99.0  26.4 -99.0 -99.0 
1984  25.8  25.8  25.8  26.2  26.0  25.2  24.0  24.7 -99.0 -99.0 -99.0 -99.0 
1985  26.0  25.7  26.0  25.7  25.7  24.0  23.4  24.1  25.1  25.5  25.3  25.8 
1986  26.1  25.6  26.0  26.4  26.0  24.0  23.1 -99.0 -99.0  25.1  25.4  25.6 
1987  26.9  26.0  26.8  27.0  26.9  25.0  23.8  24.0  25.3  25.8  26.0  26.3 
1988  26.3 -99.0 -99.0  26.7 -99.0 -99.0 -99.0  24.0  25.3 -99.0 -99.0 -99.0 
1989  26.0  26.7  25.4  27.4  26.7  24.7  23.6  23.8  25.5  26.9  26.8  27.3 
1990 -99.0 -99.0 -99.0 -99.0 -99.0 -99.0 -99.0 -99.0 -99.0 -99.0 -99.0 -99.0 
1991 -99.0 -99.0 -99.0 -99.0 -99.0 -99.0 -99.0 -99.0 -99.0 -99.0 -99.0 -99.0 
1992 -99.0 -99.0 -99.0 -99.0 -99.0 -99.0 -99.0 -99.0 -99.0 -99.0 -99.0 -99.0 
1993  24.0 -99.0 -99.0 -99.0 -99.0 -99.0 -99.0 -99.0 -99.0 -99.0 -99.0 -99.0 
1994 -99.0 -99.0 -99.0 -99.0 -99.0 -99.0  23.1 -99.0 -99.0 -99.0 -99.0 -99.0 
1995 -99.0 -99.0 -99.0 -99.0 -99.0 -99.0 -99.0 -99.0 -99.0 -99.0 -99.0 -99.0 
1996 -99.0 -99.0 -99.0 -99.0 -99.0 -99.0 -99.0 -99.0 -99.0 -99.0 -99.0 -99.0 
1997 -99.0 -99.0 -99.0 -99.0 -99.0 -99.0 -99.0 -99.0 -99.0 -99.0 -99.0 -99.0 
1998 -99.0 -99.0 -99.0 -99.0 -99.0 -99.0 -99.0 -99.0 -99.0 -99.0 -99.0 -99.0 
1999 -99.0 -99.0 -99.0 -99.0 -99.0 -99.0 -99.0 -99.0 -99.0 -99.0 -99.0 -99.0 
2000 -99.0 -99.0 -99.0 -99.0 -99.0 -99.0 -99.0 -99.0 -99.0 -99.0 -99.0 -99.0 
2001 -99.0 -99.0 -99.0 -99.0 -99.0 -99.0 -99.0  23.3  24.3 -99.0 -99.0 -99.0 
2002  26.7  26.7 -99.0 -99.0 -99.0 -99.0  25.3 -99.0  25.1 -99.0  25.5  26.1 
2003 -99.0 -99.0 -99.0 -99.0 -99.0  23.9 -99.0 -99.0 -99.0  26.6  26.1  26.4 
2004  27.3  27.3 -99.0 -99.0 -99.0  24.5 -99.0 -99.0  21.8 -99.0 -99.0  26.6 
2005  26.6 -99.0 -99.0 -99.0  26.5 -99.0 -99.0 -99.0 -99.0 -99.0 -99.0 -99.0 
2006 -99.0 -99.0 -99.0 -99.0 -99.0 -99.0 -99.0 -99.0 -99.0 -99.0 -99.0 -99.0 
2007  27.7 -99.0 -99.0 -99.0 -99.0 -99.0 -99.0 -99.0  26.1 -99.0 -99.0 -99.0 
2008 -99.0 -99.0  27.3 -99.0 -99.0 -99.0 -99.0 -99.0 -99.0  26.5 -99.0 -99.0 
2009 -99.0 -99.0 -99.0 -99.0  27.3 -99.0 -99.0 -99.0 -99.0 -99.0 -99.0 -99.0 
2010 -99.0 -99.0 -99.0 -99.0 -99.0 -99.0 -99.0  24.5 -99.0  26.6  26.6  26.6 
2011 -99.0 -99.0 -99.0  27.2 -99.0 -99.0 -99.0 -99.0 -99.0 -99.0 -99.0 -99.0 
