Number= 646030
Name= BOUCA
Country= C. AFR. REP.
Lat=    6.5
Long=  -18.3
Height= 458
Start year= 1951
End year= 1967
First Good year= 1951
Source ID= 10
Source file= Jones
Jones data to= 1967
Normals source= Extrapolated
Normals source start year= 1951
Normals source end year= 1967
Normals=  23.6  26.6  28.1  27.5  26.3  25.2  24.4  24.0  24.5  24.9  24.8  23.4 
Obs:
1951  24.5  27.0  29.1  29.2  28.0  26.1  25.6  25.4  25.7  26.0  25.8  23.4 
1952  25.4  27.4 -99.0 -99.0 -99.0 -99.0  25.5 -99.0 -99.0  25.9  26.3  24.3 
1953  24.8  28.0  29.5  28.7  26.4  26.2  25.4  25.4  25.6  26.3  25.8  23.8 
1954  24.5  28.5  28.9  28.7  26.8  25.7  24.9  24.7  25.0  25.3  25.5  23.8 
1955  23.2  26.8  28.0  26.7  26.1  24.9  24.3  24.0  24.8  25.3  25.5  23.5 
1956  23.0  27.4  27.4  27.6  26.9  25.2  24.2  24.4  24.6  25.3  25.8  24.3 
1957  24.1  25.1  27.6  27.8  26.9  25.6  24.9  24.9  24.9  25.2  25.5  24.7 
1958  25.2  25.8  29.8  28.1  27.2  25.8  24.8  24.6  25.4  25.6  25.7  25.8 
1959  25.1  26.5  28.5  28.5  26.7  25.7  25.0  24.5  25.0  25.2  25.4  23.8 
1960  24.3  26.2  28.1  27.0  26.1  25.2  24.3  24.9  24.7  25.2  25.0  25.9 
1961  25.4  25.0  28.3  27.7  27.3  26.0  24.7  24.6  24.8  25.4  24.9  22.5 
1962  22.2  26.2  27.9  27.1  26.1  25.0  25.0  24.8  25.1  25.6  26.0  24.7 
1963  24.6  27.7  27.8  26.6  26.1  25.9  24.5  25.0  25.5  25.8  25.5  24.9 
1964  24.7  26.9  28.9  26.8  27.0  24.9  24.1  22.4  24.3  24.1  24.9  25.1 
1965  24.5  27.0  27.4  27.0  26.5  25.5  24.7  24.6  24.8  25.3  25.4  23.7 
1966  25.5  26.4  27.1  27.1  25.9  25.0  24.4  24.6  24.6  24.7  24.8  22.7 
1967  22.7  26.3  27.6  27.8 -99.0 -99.0 -99.0 -99.0 -99.0 -99.0 -99.0 -99.0 
