Number= 646580
Name= BIRAO
Country= CENTRAL AFRIC
Lat=   10.3
Long=  -22.8
Height= 463
Start year= 1951
End year= 2007
First Good year= 1951
Source ID= 10
Source file= Jones+Anders
Jones data to= 1999
Normals source= Data
Normals source start year= 1961
Normals source end year= 1990
Normals=  23.5  25.9  29.3  30.5  30.2  27.8  25.9  25.7  25.9  26.5  24.6  23.1 
Standard deviations source= Data
Standard deviations source start year= 1951
Standard deviations source end year= 1990
Standard deviations=   1.6   1.4   0.7   0.8   0.8   0.7   0.6   0.6   0.6   0.7   0.9   1.2 
Obs:
1951 -99.0 -99.0 -99.0  28.8  30.3  28.7  26.0  26.2  26.5  26.9  23.8  20.9 
1952  24.2  27.1  29.3  30.7  30.3  29.0  27.2  25.7  26.1  27.1  24.7  25.1 
1953  25.1  27.1  29.5  30.5  29.6  27.7  26.0  25.9  27.0  26.7  24.4  21.3 
1954  23.7  27.6  29.0  29.0  29.6  27.7  25.1  25.1  25.9  26.3  25.6  21.8 
1955  23.7  25.1  29.0  29.8  29.9  26.9  25.9  24.6  25.6  26.5  23.6  21.2 
1956  20.2  26.0  29.2  28.5  29.7  27.7  25.4  25.2  25.9  25.9  25.2  23.0 
1957  23.0  23.4  28.1  29.8  28.0  27.0  26.6  26.1  26.9  27.5  25.7  23.8 
1958  24.1  23.7  29.1  31.0  29.6  26.9  25.7  25.8  26.8  26.9  25.8  24.5 
1959  24.3  24.5  29.0  30.3  31.0  27.8  26.5  26.2  25.8  26.5  25.3  23.9 
1960  23.9  26.6  28.7  31.1  30.1  28.9  26.1  26.4  26.0  26.9  25.3  25.6 
1961  25.6  25.2  28.9  30.7  31.2  28.0  25.7  25.5  26.6  26.7  23.4  22.0 
1962  21.7  26.3  29.6  30.4  29.5  27.1  26.2  25.4  25.9  27.2  25.4  23.4 
1963  23.2  25.9  27.6  29.8  29.7  27.7  26.1  25.9  26.7  26.8  24.4  23.3 
1964  24.1  26.5  28.7  29.1  30.0  27.8  25.1  24.9  26.0  26.7  24.9  22.7 
1965  24.2  24.4  29.3  30.7  30.1  28.1  26.4  25.9  26.5  26.6  25.6  24.0 
1966  25.4  24.4  30.7  30.8  29.4  28.8  26.4  26.2  25.9  28.1  25.5  22.0 
1967  21.9  25.2 -99.0  29.5  29.9  27.1  25.1 -99.0  26.2  26.3  23.6  22.7 
1968  23.4  25.0 -99.0 -99.0  30.3  26.9  26.3  26.3  26.4  27.5  25.9  24.0 
1969  23.4  25.6  29.2  30.5  29.0  25.8  25.9  24.9  25.2  25.2  23.5  23.0 
1970  22.8  25.2  27.7  29.1 -99.0  28.2 -99.0 -99.0  24.8 -99.0  23.1  22.1 
1971  22.4 -99.0  29.0 -99.0 -99.0 -99.0 -99.0 -99.0 -99.0  25.6 -99.0 -99.0 
1972  27.8  24.7 -99.0 -99.0 -99.0 -99.0 -99.0 -99.0 -99.0 -99.0 -99.0 -99.0 
1973 -99.0 -99.0 -99.0 -99.0 -99.0 -99.0 -99.0 -99.0 -99.0 -99.0 -99.0 -99.0 
1974  23.1  26.6  28.4  30.9  30.0  27.5  24.9  24.8  25.0  26.3  24.1  22.0 
1975  23.2  28.3  28.6  30.2  30.7  28.3  25.3  24.6  24.6  25.6  23.9 -99.0 
1976  23.3  26.3  30.2  29.5  29.9  27.6 -99.0 -99.0 -99.0 -99.0 -99.0 -99.0 
1977  22.7  23.4  28.3  30.6  29.7  27.5  26.5  25.2  26.0  25.2  24.2  23.9 
1978  21.4  27.0  29.6  31.1  29.4  27.1  25.3  25.6  25.9  26.8  24.0  24.4 
1979  25.2  27.3  29.8  31.1  29.9  27.4 -99.0  26.4  25.9 -99.0 -99.0 -99.0 
1980 -99.0 -99.0 -99.0 -99.0 -99.0  28.4 -99.0 -99.0 -99.0 -99.0 -99.0 -99.0 
1981  24.4  25.7  29.7 -99.0  29.9  28.5  25.9  26.4  25.8  25.8  24.2  24.1 
1982  25.2  25.4  29.5  30.3  30.8  28.9  25.9  25.1  25.6  25.8  22.8  22.5 
1983  20.8  26.1  29.0  31.3  31.8  27.7  27.1  26.0  26.5  26.8  25.5  24.2 
1984  22.6  28.9  30.1  31.7  30.7 -99.0  26.5  26.5  26.4  27.9  25.5  23.9 
1985  26.7  24.6  30.5  30.6 -99.0 -99.0 -99.0 -99.0 -99.0  26.0  25.8 -99.0 
1986  23.7  27.9 -99.0  30.7  32.0 -99.0 -99.0 -99.0  25.5  26.4  25.5  22.1 
1987  22.7  27.5  29.6  30.4 -99.0 -99.0  26.2  26.3  26.8  26.6 -99.0  24.2 
1988 -99.0  27.1  30.3 -99.0  30.8  28.0 -99.0 -99.0 -99.0 -99.0 -99.0  23.6 
1989  19.9  23.3  28.7  31.1  30.1  28.9  26.1  26.4  26.0  26.9  25.3  21.8 
1990 -99.0 -99.0 -99.0 -99.0 -99.0 -99.0 -99.0  25.9 -99.0 -99.0 -99.0 -99.0 
1991 -99.0 -99.0 -99.0 -99.0 -99.0 -99.0 -99.0 -99.0 -99.0 -99.0 -99.0 -99.0 
1992 -99.0 -99.0 -99.0 -99.0 -99.0 -99.0 -99.0 -99.0 -99.0 -99.0 -99.0 -99.0 
1993 -99.0 -99.0 -99.0  30.7 -99.0 -99.0 -99.0 -99.0 -99.0 -99.0 -99.0 -99.0 
1994  24.9  25.1 -99.0 -99.0 -99.0 -99.0  26.0  25.0 -99.0 -99.0  24.1 -99.0 
1995 -99.0 -99.0 -99.0 -99.0 -99.0 -99.0 -99.0 -99.0 -99.0 -99.0 -99.0 -99.0 
1996 -99.0 -99.0  30.0 -99.0  29.3 -99.0 -99.0 -99.0 -99.0 -99.0 -99.0 -99.0 
1997 -99.0 -99.0 -99.0 -99.0 -99.0 -99.0 -99.0 -99.0 -99.0 -99.0 -99.0 -99.0 
1998 -99.0  26.6  29.6  32.3 -99.0  29.5 -99.0 -99.0 -99.0 -99.0 -99.0 -99.0 
1999 -99.0 -99.0  28.2  30.6  30.2  28.9 -99.0 -99.0 -99.0 -99.0  24.6 -99.0 
2000 -99.0 -99.0 -99.0 -99.0 -99.0 -99.0 -99.0 -99.0 -99.0 -99.0 -99.0 -99.0 
2001 -99.0 -99.0 -99.0 -99.0 -99.0 -99.0 -99.0 -99.0 -99.0 -99.0 -99.0 -99.0 
2002 -99.0 -99.0 -99.0 -99.0 -99.0 -99.0  26.4 -99.0 -99.0 -99.0 -99.0 -99.0 
2003 -99.0 -99.0 -99.0 -99.0 -99.0 -99.0 -99.0 -99.0 -99.0 -99.0 -99.0 -99.0 
2004 -99.0 -99.0 -99.0 -99.0 -99.0 -99.0 -99.0 -99.0 -99.0 -99.0 -99.0 -99.0 
2005 -99.0 -99.0 -99.0 -99.0 -99.0 -99.0 -99.0 -99.0 -99.0 -99.0 -99.0 -99.0 
2006 -99.0 -99.0 -99.0 -99.0 -99.0 -99.0 -99.0 -99.0 -99.0 -99.0 -99.0 -99.0 
2007 -99.0 -99.0 -99.0 -99.0 -99.0 -99.0 -99.0 -99.0 -99.0 -99.0 -99.0 -99.0 
