Number= 646600
Name= BAMBARI
Country= CENTRAL AFRIC
Lat=    5.9
Long=  -20.7
Height= 474
Start year= 1953
End year= 2010
First Good year= 1953
Source ID= 10
Source file= Jones+Anders
Jones data to= 2000
Normals source= Data
Normals source start year= 1961
Normals source end year= 1990
Normals=  25.5  27.5  27.4  26.9  25.7  24.8  24.1  24.0  24.2  24.7  25.0  24.7 
Standard deviations source= Data
Standard deviations source start year= 1953
Standard deviations source end year= 1990
Standard deviations=   0.8   0.7   1.0   0.6   0.7   0.6   0.7   0.7   0.8   0.9   0.8   0.8 
Obs:
1953  26.0  27.1  27.6  27.6  26.3  25.7 -99.0  25.0  25.5  25.5  24.7  23.5 
1954  25.2  26.9  26.8  27.2  26.0  25.3  24.6  24.6  25.1  25.4  25.9  25.6 
1955  25.8  27.9  26.5  26.4  26.0  25.1  24.8  24.5  24.7  25.4  25.5  24.9 
1956  24.5  27.7  26.6  26.9  26.6  25.3  24.7  24.8  25.6  25.5  25.8  25.4 
1957  25.8  26.6  26.9  27.3  27.3  26.0  25.4  25.4  25.9  25.9  26.1  25.9 
1958  27.5  26.9  29.2  28.1  27.1  25.3  25.0  25.6  26.3  26.3  26.8  25.9 
1959  26.0  27.1  27.7  27.9  26.8  26.0  25.1  25.3  25.3  25.8  25.7  25.3 
1960  26.0  27.3  28.4  27.1  26.7  26.0  25.3  25.8  25.8  26.3  26.7  27.3 
1961  26.0  26.1  29.3  27.5  27.4  25.8  24.8  24.9  25.3  25.4  26.3  24.9 
1962  24.8  27.7  27.2  26.9  26.1  25.2  25.1  24.9  25.0  25.7  26.3  25.7 
1963  26.0  28.0  27.7  27.1  26.6  26.1  25.3  25.6  26.0  25.6  26.2  25.9 
1964  25.6  28.3  28.7  27.3  25.8  24.3  24.3  24.2  24.2  24.3  24.6  25.1 
1965  25.5  27.1  26.8  26.6  25.8  24.7  24.6  24.3  24.4  25.1  25.5  24.9 
1966  26.8  28.5  27.4  25.4  25.6  24.6  24.5  24.2  24.6  24.7  25.2  24.3 
1967  25.6  27.2  27.5  27.8  25.5  24.5  23.0  23.1  24.2  24.5  24.6  25.0 
1968  25.0  27.6  24.9  26.2  25.0  24.1  23.6  24.2  23.6  24.6  24.5  24.3 
1969  24.8  26.5  26.0  26.5  25.2  25.3  24.3  24.2  24.5  24.5  25.0  25.2 
1970  25.7  28.1  25.3  27.1  25.5  25.2 -99.0 -99.0  24.0 -99.0  25.6  25.0 
1971  25.6 -99.0  28.4 -99.0  26.1  24.4 -99.0 -99.0  23.6  24.1 -99.0 -99.0 
1972  25.7  27.7 -99.0 -99.0 -99.0 -99.0 -99.0 -99.0 -99.0 -99.0 -99.0 -99.0 
1973 -99.0 -99.0 -99.0 -99.0 -99.0 -99.0 -99.0 -99.0 -99.0 -99.0 -99.0 -99.0 
1974  25.7  27.1  27.6  26.4 -99.0  24.5  23.2  23.8  23.8  24.0  24.4  24.0 
1975  25.8  27.5  27.0  26.8  25.6  24.5  23.6  22.7  23.8  23.9  24.8 -99.0 
1976  25.8  27.1  26.4  25.9  25.4  24.2 -99.0 -99.0 -99.0 -99.0 -99.0 -99.0 
1977  25.8  27.7  27.8  27.2  26.2  24.4  24.2  23.8  24.1  24.4  25.3  24.8 
1978  25.7  27.4  27.3  26.4  25.2  24.6  22.9  23.4  23.8  24.0  24.7  25.2 
1979  26.2  27.4  27.6  26.5  25.1  24.2 -99.0  23.9  23.8 -99.0 -99.0 -99.0 
1980 -99.0 -99.0 -99.0 -99.0 -99.0 -99.0 -99.0 -99.0 -99.0 -99.0 -99.0 -99.0 
1981  25.3  28.0  27.3  27.1  25.2  24.7  23.5 -99.0  23.8  24.4  24.6  25.3 
1982  26.1  26.9  27.5  27.2  25.3  24.8  24.2  23.8  24.0  23.5  24.4  24.8 
1983  25.0  28.5  29.2  28.0  26.5  25.2  24.6  23.7  24.4  24.0  24.5  23.9 
1984  24.4  27.9  27.5  26.9  25.3 -99.0  23.5  24.1  23.9  27.5  24.2  24.2 
1985  26.7  26.3  27.5  25.8 -99.0 -99.0 -99.0 -99.0  23.4  25.2  24.4 -99.0 
1986  25.5  27.4 -99.0  27.9  25.7 -99.0 -99.0 -99.0  23.9  23.9  24.7  23.5 
1987  26.0  28.2  27.3  27.1 -99.0  24.8  25.0  24.3  24.4  24.8  25.2  24.4 
1988 -99.0  29.0  28.4  27.6  25.8  24.8 -99.0  23.7 -99.0  24.5  24.4  24.2 
1989  22.9  26.7  28.4  27.4  25.2  26.0  23.8  24.0  24.2  26.3  26.7  23.6 
1990 -99.0 -99.0 -99.0 -99.0 -99.0 -99.0 -99.0  24.0 -99.0 -99.0 -99.0 -99.0 
1991  28.5 -99.0 -99.0 -99.0 -99.0 -99.0 -99.0  24.0 -99.0 -99.0 -99.0 -99.0 
1992 -99.0 -99.0 -99.0 -99.0 -99.0 -99.0 -99.0 -99.0 -99.0 -99.0 -99.0 -99.0 
1993 -99.0 -99.0 -99.0  26.4 -99.0 -99.0 -99.0  24.3 -99.0 -99.0 -99.0 -99.0 
1994  25.6  27.3 -99.0 -99.0 -99.0 -99.0 -99.0  24.1 -99.0 -99.0  24.7 -99.0 
1995  25.3 -99.0  28.0 -99.0 -99.0 -99.0 -99.0 -99.0  24.9 -99.0 -99.0 -99.0 
1996 -99.0 -99.0  27.1 -99.0  25.6 -99.0 -99.0 -99.0 -99.0 -99.0 -99.0 -99.0 
1997 -99.0 -99.0 -99.0 -99.0 -99.0 -99.0 -99.0 -99.0 -99.0 -99.0 -99.0 -99.0 
1998 -99.0  28.1  29.2  29.2 -99.0  25.5  23.9  24.3  24.5  24.3 -99.0 -99.0 
1999  25.0  27.2  27.2 -99.0 -99.0 -99.0  24.0  23.8  23.9 -99.0  25.1  25.1 
2000  26.1 -99.0 -99.0  27.1  26.1  24.7 -99.0  24.0 -99.0 -99.0 -99.0  24.6 
2001 -99.0 -99.0 -99.0 -99.0 -99.0 -99.0 -99.0  23.8 -99.0 -99.0  25.1 -99.0 
2002 -99.0  27.9 -99.0 -99.0  26.4 -99.0 -99.0  25.2 -99.0 -99.0 -99.0 -99.0 
2003 -99.0 -99.0 -99.0 -99.0 -99.0 -99.0 -99.0 -99.0 -99.0 -99.0 -99.0 -99.0 
2004 -99.0 -99.0 -99.0 -99.0 -99.0 -99.0 -99.0 -99.0  25.0 -99.0 -99.0 -99.0 
2005 -99.0 -99.0 -99.0 -99.0 -99.0 -99.0 -99.0 -99.0 -99.0 -99.0  25.4  25.5 
2006 -99.0 -99.0 -99.0 -99.0 -99.0 -99.0 -99.0 -99.0 -99.0 -99.0 -99.0 -99.0 
2007  25.7 -99.0 -99.0 -99.0 -99.0 -99.0 -99.0  24.6  24.5  24.6 -99.0 -99.0 
2008 -99.0 -99.0 -99.0 -99.0  25.8  25.2 -99.0  24.2 -99.0 -99.0 -99.0 -99.0 
2009 -99.0 -99.0 -99.0 -99.0 -99.0 -99.0  24.9 -99.0 -99.0 -99.0  24.8 -99.0 
2010  26.1  28.7 -99.0 -99.0  26.8 -99.0 -99.0  24.7 -99.0 -99.0 -99.0 -99.0 
