Number= 647090
Name= PALA
Country= CHAD
Lat=    9.3
Long=  -15.9
Height= -999
Start year= 1953
End year= 2007
First Good year= 1953
Source ID= 10
Source file= Jones+Anders
Jones data to= 1978
Normals source= Data
Normals source start year= 1961
Normals source end year= 1978
Normals=  25.0  27.8  30.8  31.1  29.0  26.8  25.2  24.7  25.2  26.6  26.6  25.1 
Standard deviations source= Data
Standard deviations source start year= 1953
Standard deviations source end year= 1978
Standard deviations=   1.1   1.1   0.8   0.8   1.0   0.6   0.5   0.4   0.6   0.5   1.0   1.2 
Obs:
1953  24.9  28.2  31.3  31.4  28.3  26.9  25.6  25.4  26.0  26.6  26.5  23.2 
1954  24.2  28.6  30.7  30.8  29.0  26.3  24.8  24.6  25.4  26.5  27.0  25.5 
1955  25.6  28.4  31.1  30.8  28.7  26.3  25.1  24.9  25.2  26.0  26.6  24.4 
1956  24.9  29.4  30.8  30.8  31.4  27.8  25.7  24.9  25.5  26.8  28.2  25.2 
1957  25.0  26.2  30.1  31.9  30.8  26.9  25.5  25.2  25.3  26.7  27.9  26.5 
1958  26.8  26.8  32.1  31.5  29.5  26.5  25.6  25.5  25.2  27.2  28.9  27.3 
1959  25.5  26.6  30.9  31.4  29.3  27.2  25.7  24.7  25.1  27.9  28.1  25.7 
1960  25.5  27.4  30.9  30.9  29.4  27.1  25.2  25.4  25.2  26.6  26.7  27.7 
1961  26.3  27.2  29.5  31.9  30.1  26.4  24.6  24.6  24.9  26.8  26.1  23.6 
1962  23.7  26.9  30.0  30.8  29.0  25.9  25.8  24.2  24.8  26.7  28.3  26.6 
1963  26.4  30.5  30.3  29.8  28.1  26.8  25.2  24.9  26.3 -99.0  27.4  26.2 
1964  25.3  26.9  30.4  29.7  27.2  26.3  24.9  25.1  25.0  25.6  27.4  26.5 
1965  26.9  28.5  31.3  30.5  28.2  27.0  25.5  25.0  26.1  27.1  25.8  24.8 
1966  25.9  26.5  30.4  29.8  28.1  25.7  26.3  25.3  26.0  27.3  27.8  25.0 
1967  24.1  28.1  29.4  31.9  30.0  28.4  25.3  24.9  25.3  26.9  25.9  27.1 
1968  24.6  27.2  31.0  30.0  27.8  25.8  25.3  25.5  25.8  26.8  27.9  26.3 
1969  24.4  27.1  32.9  31.8  29.9  27.0  25.7  25.1  25.5  27.2  26.3  25.4 
1970  26.0  27.5  30.5  32.3  30.3  26.7  25.0  24.0  24.2  26.6  27.0  23.7 
1971  24.0  26.5  31.9  31.5  29.9  27.6  24.5  23.9  24.5  26.4  26.8  24.2 
1972  24.4  28.0  31.6  30.6  28.9  26.6  25.9  24.7  25.9  26.4  25.7  25.7 
1973  26.9  29.4  31.5  31.9  29.6 -99.0  26.0  24.6  25.3  26.9  24.9  25.8 
1974  23.9  27.6  30.6  30.9  28.4  27.3  24.4  25.0  24.4  26.5  26.2  23.1 
1975  22.5  27.5  31.1  32.0  29.1  27.3  24.5  23.9  24.1  26.1  26.9  23.9 
1976  24.7  29.4  30.7  31.6  28.4  26.8  25.0  24.5  25.1  25.9  25.5  24.7 
1977  25.3  26.9  29.6  32.9  30.4  27.2  25.4  24.8  25.9  26.6  26.7  24.4 
1978  24.2  28.8  31.7  30.0  28.1  26.5  24.6  24.9 -99.0 -99.0 -99.0  24.8 
1979 -99.0 -99.0 -99.0 -99.0 -99.0 -99.0 -99.0 -99.0 -99.0 -99.0 -99.0 -99.0 
1980 -99.0 -99.0 -99.0 -99.0 -99.0 -99.0 -99.0 -99.0 -99.0 -99.0 -99.0 -99.0 
1981 -99.0 -99.0 -99.0 -99.0 -99.0 -99.0 -99.0 -99.0 -99.0 -99.0 -99.0 -99.0 
1982 -99.0 -99.0 -99.0 -99.0 -99.0 -99.0 -99.0 -99.0 -99.0 -99.0 -99.0 -99.0 
1983 -99.0 -99.0 -99.0 -99.0 -99.0 -99.0 -99.0 -99.0 -99.0 -99.0 -99.0 -99.0 
1984 -99.0 -99.0 -99.0 -99.0 -99.0 -99.0 -99.0 -99.0 -99.0 -99.0 -99.0 -99.0 
1985 -99.0 -99.0 -99.0 -99.0 -99.0 -99.0 -99.0 -99.0 -99.0 -99.0 -99.0 -99.0 
1986 -99.0 -99.0 -99.0 -99.0 -99.0 -99.0 -99.0 -99.0 -99.0 -99.0 -99.0 -99.0 
1987 -99.0 -99.0 -99.0 -99.0 -99.0 -99.0 -99.0 -99.0 -99.0 -99.0 -99.0 -99.0 
1988 -99.0 -99.0 -99.0 -99.0 -99.0 -99.0 -99.0 -99.0 -99.0 -99.0 -99.0 -99.0 
1989 -99.0 -99.0 -99.0 -99.0 -99.0 -99.0 -99.0 -99.0 -99.0 -99.0 -99.0 -99.0 
1990 -99.0 -99.0 -99.0 -99.0 -99.0 -99.0 -99.0 -99.0 -99.0 -99.0 -99.0 -99.0 
1991 -99.0 -99.0 -99.0 -99.0 -99.0 -99.0 -99.0 -99.0 -99.0 -99.0 -99.0 -99.0 
1992 -99.0 -99.0 -99.0 -99.0 -99.0 -99.0 -99.0 -99.0 -99.0 -99.0 -99.0 -99.0 
1993 -99.0 -99.0 -99.0 -99.0 -99.0 -99.0 -99.0 -99.0 -99.0 -99.0 -99.0 -99.0 
1994  25.6  27.1  31.6 -99.0 -99.0 -99.0  25.5 -99.0  25.3  26.5  25.5  23.4 
1995  23.7 -99.0 -99.0  32.1 -99.0 -99.0 -99.0 -99.0  25.7  26.4  25.3 -99.0 
1996  23.4 -99.0 -99.0 -99.0 -99.0 -99.0 -99.0 -99.0 -99.0 -99.0 -99.0 -99.0 
1997 -99.0 -99.0 -99.0 -99.0 -99.0 -99.0 -99.0 -99.0 -99.0 -99.0 -99.0 -99.0 
1998 -99.0 -99.0 -99.0 -99.0 -99.0 -99.0 -99.0 -99.0 -99.0 -99.0 -99.0 -99.0 
1999 -99.0 -99.0 -99.0 -99.0 -99.0 -99.0 -99.0 -99.0 -99.0 -99.0 -99.0 -99.0 
2000 -99.0 -99.0 -99.0 -99.0 -99.0 -99.0 -99.0 -99.0 -99.0 -99.0 -99.0 -99.0 
2001 -99.0 -99.0 -99.0 -99.0 -99.0 -99.0 -99.0 -99.0 -99.0 -99.0 -99.0 -99.0 
2002 -99.0 -99.0 -99.0 -99.0 -99.0 -99.0 -99.0 -99.0 -99.0 -99.0 -99.0 -99.0 
2003 -99.0 -99.0 -99.0 -99.0 -99.0 -99.0 -99.0 -99.0 -99.0 -99.0 -99.0 -99.0 
2004 -99.0 -99.0 -99.0 -99.0 -99.0 -99.0 -99.0 -99.0 -99.0 -99.0 -99.0 -99.0 
2005 -99.0 -99.0 -99.0 -99.0 -99.0 -99.0 -99.0 -99.0 -99.0 -99.0 -99.0 -99.0 
2006 -99.0 -99.0 -99.0 -99.0 -99.0 -99.0 -99.0 -99.0 -99.0 -99.0 -99.0 -99.0 
2007 -99.0 -99.0 -99.0 -99.0 -99.0 -99.0 -99.0 -99.0 -99.0 -99.0 -99.0 -99.0 
