Number= 648530
Name= KAELE
Country= CAMEROON
Lat=   10.1
Long=  -14.5
Height= -999
Start year= 1953
End year= 1960
First Good year= 1953
Source ID= 10
Source file= Jones
Jones data to= 1960
Normals= -99.0 -99.0 -99.0 -99.0 -99.0 -99.0 -99.0 -99.0 -99.0 -99.0 -99.0 -99.0 
Obs:
1953 -99.0 -99.0 -99.0 -99.0  27.0  25.6  25.4  26.9  26.6  28.2  27.8  24.8 
1954  26.2  30.0  31.7  31.6  29.8  27.4  25.4  25.0  26.1  27.5  27.9  25.9 
1955  25.6  28.7  31.9  32.3  29.6  27.0  25.7  25.1  25.6  27.3  27.4  25.0 
1956  25.3  29.5  31.8  32.7  32.4  28.2  26.4  25.2  25.7  27.4  28.9  25.7 
1957  25.2  26.5  30.3  29.8  29.8  27.9  26.5  25.6  25.9  28.0  28.9  26.7 
1958  27.1  27.1  32.5  32.1  30.3  27.4  26.2  25.8  26.3  28.4  29.2  27.4 
1959  25.8  27.3  31.6  32.3  30.5  28.3  26.7  25.3  25.8  28.8  28.5  26.1 
1960  25.5  27.9  31.4  32.2  30.0  28.2  25.8  25.9  26.0  28.4  27.3  27.9 
