Number= 648510
Name= MAROUA-SALAK
Country= CAMEROON
Lat=   10.5
Long=  -14.3
Height= 423
Start year= 1954
End year= 2007
First Good year= 1954
Source ID= 10
Source file= Jones+Anders
Jones data to= 1990
Normals source= WMO
Normals source start year= 1961
Normals source end year= 1990
Normals source percent availability= 100
Normals source variable code= 14
Normals=  24.5  27.3  30.8  32.6  31.3  28.9  26.8  26.0  26.7  28.3  27.2  25.0 
Standard deviations source= Data
Standard deviations source start year= 1954
Standard deviations source end year= 1990
Standard deviations=   1.3   1.2   1.2   0.7   1.2   0.8   0.6   0.6   0.6   0.6   1.1   0.9 
Obs:
1954 -99.0 -99.0 -99.0 -99.0 -99.0 -99.0 -99.0 -99.0  26.3  27.4  27.4  24.8 
1955  24.8  27.9  31.3  32.1  30.0  27.5  26.0  25.2  25.5  27.2  25.9  23.9 
1956  24.1  28.7  31.5  32.6  32.6  28.2  26.6  25.3  25.6  26.9  27.7  24.8 
1957  24.1  25.6  29.3  32.6  30.7  28.1  26.8  25.8  25.9  28.1  28.4  25.8 
1958  26.3  26.2  31.9  32.3  30.8  27.7  26.3  25.8  26.6  28.2  28.1  26.3 
1959  25.1  26.6  30.8  32.5  30.8  28.3  27.1  25.4  25.9  28.3  27.5  25.1 
1960  24.5  27.4  30.5  31.9  30.2  28.4  25.9  25.9  26.2  28.4  26.5  26.9 
1961 -99.0 -99.0 -99.0 -99.0 -99.0 -99.0 -99.0 -99.0 -99.0 -99.0 -99.0 -99.0 
1962 -99.0 -99.0 -99.0 -99.0 -99.0 -99.0 -99.0 -99.0 -99.0 -99.0 -99.0 -99.0 
1963 -99.0 -99.0 -99.0 -99.0 -99.0 -99.0 -99.0 -99.0 -99.0 -99.0 -99.0 -99.0 
1964 -99.0 -99.0 -99.0 -99.0 -99.0  28.1  26.2  25.6 -99.0  27.2  25.9  24.9 
1965  25.2  27.2  29.6  31.2  31.2  27.1  26.9  25.1  26.4 -99.0  23.9  23.9 
1966  24.8  26.0  29.8  31.4  29.4  27.5  27.4  25.5  26.6  27.5  27.0  25.0 
1967  23.3  27.2  30.0  31.7  31.6  28.8  26.8  25.8  25.7  27.1  25.7  25.4 
1968  23.9  26.7  30.5  30.3  30.5  26.7  26.3  26.1  26.5  27.9  28.3  25.3 
1969  23.1 -99.0  32.3  32.7  30.9  29.3  26.6  26.6  26.4  27.8  27.1  25.8 
1970  25.1  27.2  28.7  33.2  31.3  29.3  26.9  25.3  25.3  26.4  25.5  23.2 
1971  22.1  27.8  31.8  32.3  31.1  28.4  25.7  24.4  25.2  27.9  26.4  23.7 
1972  24.0  27.3  31.3  31.3 -99.0  27.4  26.0  25.8  26.7  27.0  25.8  24.7 
1973  25.8  29.1  31.2  33.1  31.9  29.4  26.8  25.0  26.0  28.1 -99.0 -99.0 
1974 -99.0 -99.0  30.0  32.7  30.0  29.7  25.6 -99.0  25.4  27.5  26.7  22.9 
1975  21.9  26.6 -99.0  32.7 -99.0  28.4 -99.0 -99.0  25.1  27.4 -99.0 -99.0 
1976 -99.0  28.3 -99.0  32.5 -99.0 -99.0 -99.0 -99.0 -99.0 -99.0 -99.0  24.3 
1977  24.2  26.2 -99.0  32.6 -99.0  28.6 -99.0 -99.0 -99.0 -99.0  26.2 -99.0 
1978  23.8 -99.0 -99.0 -99.0 -99.0  27.6  25.2 -99.0 -99.0 -99.0 -99.0 -99.0 
1979 -99.0 -99.0 -99.0 -99.0  30.3 -99.0 -99.0  25.7  26.4 -99.0  28.1  23.7 
1980 -99.0 -99.0 -99.0 -99.0 -99.0 -99.0  25.6 -99.0 -99.0  27.7 -99.0 -99.0 
1981  22.3 -99.0  30.2  32.3 -99.0 -99.0  25.8 -99.0  27.2 -99.0 -99.0  25.1 
1982 -99.0  26.2  31.7  32.4  30.7  29.1 -99.0 -99.0 -99.0 -99.0 -99.0  24.4 
1983 -99.0  27.3  28.5 -99.0  33.3  29.0 -99.0  26.0  26.7  28.3 -99.0  25.8 
1984  23.3  27.0 -99.0 -99.0 -99.0  29.4  26.4  27.4  26.7  28.7  27.7  24.3 
1985  26.7  25.7  31.7 -99.0 -99.0  29.0  25.6  25.5  26.4 -99.0  27.6  24.3 
1986  24.2  28.7 -99.0 -99.0  31.8  29.0 -99.0  25.6 -99.0 -99.0 -99.0 -99.0 
1987 -99.0 -99.0  30.8 -99.0  34.7 -99.0  27.9  26.2  26.9  28.5 -99.0  25.3 
1988  24.7  27.4  32.0 -99.0  31.5  28.0  26.3  25.2  25.3  28.3 -99.0  24.4 
1989  21.2  23.8  29.0 -99.0 -99.0 -99.0  25.7 -99.0 -99.0 -99.0 -99.0 -99.0 
1990 -99.0  25.3  28.3 -99.0 -99.0 -99.0 -99.0 -99.0 -99.0 -99.0 -99.0 -99.0 
1991 -99.0 -99.0 -99.0 -99.0 -99.0 -99.0 -99.0 -99.0 -99.0 -99.0 -99.0 -99.0 
1992 -99.0  25.2 -99.0 -99.0 -99.0 -99.0  26.0 -99.0 -99.0  28.5 -99.0  24.8 
1993 -99.0 -99.0 -99.0 -99.0 -99.0 -99.0 -99.0  26.1  26.8 -99.0  30.4  25.5 
1994 -99.0  27.0 -99.0  32.4 -99.0  28.7 -99.0  24.9  25.3  27.6  26.1 -99.0 
1995  23.4 -99.0 -99.0  33.2  30.5  26.4  26.2  25.6  26.8 -99.0  26.3 -99.0 
1996  25.3  28.5 -99.0 -99.0 -99.0  27.2  26.6 -99.0 -99.0 -99.0  26.4  25.6 
1997  26.0  25.2 -99.0 -99.0 -99.0 -99.0 -99.0 -99.0 -99.0 -99.0  28.9  25.5 
1998 -99.0  28.4  29.1  34.2  32.5 -99.0 -99.0 -99.0 -99.0 -99.0 -99.0  25.5 
1999 -99.0 -99.0  32.3 -99.0 -99.0 -99.0 -99.0 -99.0 -99.0 -99.0 -99.0 -99.0 
2000  26.1  23.9 -99.0 -99.0 -99.0 -99.0 -99.0 -99.0 -99.0 -99.0 -99.0 -99.0 
2001 -99.0 -99.0 -99.0 -99.0 -99.0 -99.0 -99.0 -99.0 -99.0 -99.0 -99.0 -99.0 
2002 -99.0 -99.0 -99.0 -99.0 -99.0 -99.0 -99.0 -99.0 -99.0 -99.0 -99.0 -99.0 
2003 -99.0 -99.0 -99.0 -99.0 -99.0 -99.0 -99.0 -99.0 -99.0 -99.0 -99.0 -99.0 
2004 -99.0 -99.0 -99.0 -99.0 -99.0 -99.0 -99.0 -99.0 -99.0 -99.0 -99.0 -99.0 
2005 -99.0 -99.0 -99.0 -99.0 -99.0 -99.0 -99.0 -99.0 -99.0 -99.0 -99.0 -99.0 
2006 -99.0 -99.0 -99.0 -99.0 -99.0 -99.0 -99.0 -99.0 -99.0 -99.0 -99.0 -99.0 
2007 -99.0 -99.0 -99.0 -99.0 -99.0 -99.0 -99.0 -99.0 -99.0 -99.0 -99.0 -99.0 
