Number= 649000
Name= YOKO
Country= CAMEROON
Lat=    5.6
Long=  -12.4
Height= 1031
Start year= 1953
End year= 2007
First Good year= 1953
Source ID= 10
Source file= Jones+Anders
Jones data to= 1991
Normals source= Data
Normals source start year= 1961
Normals source end year= 1990
Normals=  23.8  24.7  23.9  23.1  22.6  21.5  20.9  21.0  21.1  21.6  22.6  22.8 
Standard deviations source= Data
Standard deviations source start year= 1953
Standard deviations source end year= 1990
Standard deviations=   0.3   0.6   0.8   0.5   0.4   0.5   0.5   0.4   0.3   0.4   0.5   0.5 
Obs:
1953  24.6  23.7  23.6  24.0  22.7  21.9  21.2  21.0  21.6  21.8  22.6  23.4 
1954  23.6  23.7  23.2  22.5  21.7  21.0  20.1  20.1  20.9  21.3  22.8  23.9 
1955  23.8  24.4  22.6  22.8  22.0  21.2  20.8  20.6  20.6  21.1  22.9  23.4 
1956  23.5  24.0  22.3  22.3  22.0  20.9  20.3  20.4  21.1  21.8  22.5  22.7 
1957  23.3  24.7  24.4  22.9  22.5  21.5  21.5  21.3  21.4  21.5  22.5  22.9 
1958  24.0  24.9  24.4  23.2  22.6  21.4  20.7  21.0  21.6  21.8  22.5  23.4 
1959  23.8  24.9  24.6  23.1  22.6  21.8  21.0  20.9  21.3  21.8  22.6  23.4 
1960  24.0  24.7  23.9  22.2  22.3  21.3  20.7  21.1  21.0  21.9  23.4  23.7 
1961 -99.0 -99.0 -99.0 -99.0 -99.0 -99.0 -99.0 -99.0 -99.0 -99.0 -99.0 -99.0 
1962 -99.0 -99.0 -99.0 -99.0 -99.0 -99.0 -99.0 -99.0 -99.0 -99.0 -99.0 -99.0 
1963 -99.0 -99.0 -99.0 -99.0 -99.0 -99.0 -99.0 -99.0 -99.0 -99.0 -99.0 -99.0 
1964 -99.0 -99.0 -99.0  22.9  22.4 -99.0  20.5  20.7  21.0 -99.0  22.6 -99.0 
1965  23.7  23.9  24.0  22.5  22.8  21.8  20.8  20.9  21.1  21.8 -99.0  22.8 
1966  24.0  24.9  24.8  22.8  22.7  21.7  21.4  21.0  21.4  21.7  22.6  23.6 
1967  23.7  25.1  24.9  23.8  22.8  21.3  20.8  20.7  21.0  21.6  23.4  23.5 
1968  23.2  24.8  23.4  23.2  22.4  21.6  20.9  21.2 -99.0  22.0  22.9  23.3 
1969  23.7  25.4 -99.0  23.5 -99.0 -99.0  21.4  21.2  21.7  22.1  22.9  22.8 
1970  24.1  25.5  24.8  23.7  22.8  22.1  21.1  20.3  20.3  21.1  23.1  22.7 
1971  23.6  24.2  23.1  22.5  22.2  20.9  20.0 -99.0 -99.0 -99.0  22.6  22.0 
1972 -99.0 -99.0  23.3  22.6 -99.0  21.2 -99.0 -99.0 -99.0  22.2  21.8 -99.0 
1973 -99.0 -99.0 -99.0 -99.0  22.4  22.1 -99.0 -99.0 -99.0 -99.0 -99.0 -99.0 
1974 -99.0 -99.0 -99.0 -99.0 -99.0 -99.0 -99.0 -99.0 -99.0  21.3  21.0  22.2 
1975  23.9  24.3 -99.0 -99.0 -99.0 -99.0 -99.0 -99.0 -99.0  20.4 -99.0 -99.0 
1976 -99.0  22.8 -99.0  22.6 -99.0 -99.0 -99.0 -99.0 -99.0 -99.0 -99.0 -99.0 
1977 -99.0 -99.0 -99.0 -99.0 -99.0  20.9 -99.0 -99.0 -99.0 -99.0  23.6 -99.0 
1978 -99.0 -99.0 -99.0 -99.0 -99.0  20.9 -99.0 -99.0 -99.0 -99.0 -99.0 -99.0 
1979 -99.0 -99.0 -99.0 -99.0 -99.0 -99.0 -99.0 -99.0 -99.0 -99.0 -99.0 -99.0 
1980 -99.0 -99.0 -99.0 -99.0 -99.0 -99.0 -99.0 -99.0 -99.0 -99.0 -99.0 -99.0 
1981 -99.0  25.2 -99.0  23.7 -99.0  22.3 -99.0 -99.0 -99.0 -99.0 -99.0 -99.0 
1982 -99.0  24.8 -99.0 -99.0 -99.0 -99.0 -99.0 -99.0 -99.0 -99.0 -99.0 -99.0 
1983 -99.0 -99.0 -99.0 -99.0 -99.0 -99.0 -99.0 -99.0  21.2 -99.0 -99.0 -99.0 
1984 -99.0  25.1 -99.0 -99.0 -99.0 -99.0  20.8  22.0 -99.0  22.0  22.4 -99.0 
1985 -99.0 -99.0 -99.0 -99.0 -99.0  20.8  20.4 -99.0  20.9  21.6  22.9  22.5 
1986  23.8  24.7  23.2  23.3 -99.0 -99.0 -99.0 -99.0  20.9  21.5  22.4  22.6 
1987 -99.0 -99.0 -99.0 -99.0  23.3  22.2  21.7 -99.0 -99.0 -99.0 -99.0  23.0 
1988  23.9 -99.0  24.6 -99.0 -99.0 -99.0 -99.0 -99.0 -99.0 -99.0 -99.0 -99.0 
1989 -99.0 -99.0 -99.0 -99.0  21.9 -99.0 -99.0 -99.0  21.3  21.5 -99.0  22.9 
1990 -99.0  24.9  23.3 -99.0  22.8 -99.0 -99.0 -99.0 -99.0 -99.0 -99.0 -99.0 
1991 -99.0 -99.0  24.6 -99.0 -99.0 -99.0 -99.0 -99.0 -99.0  20.8 -99.0 -99.0 
1992 -99.0 -99.0 -99.0 -99.0 -99.0 -99.0 -99.0 -99.0 -99.0 -99.0 -99.0 -99.0 
1993 -99.0 -99.0 -99.0 -99.0 -99.0 -99.0 -99.0 -99.0 -99.0 -99.0 -99.0 -99.0 
1994 -99.0 -99.0 -99.0 -99.0 -99.0 -99.0 -99.0 -99.0 -99.0 -99.0 -99.0 -99.0 
1995 -99.0 -99.0 -99.0 -99.0 -99.0 -99.0 -99.0 -99.0 -99.0 -99.0 -99.0 -99.0 
1996 -99.0 -99.0 -99.0 -99.0 -99.0 -99.0 -99.0 -99.0 -99.0 -99.0 -99.0 -99.0 
1997 -99.0 -99.0 -99.0 -99.0 -99.0 -99.0 -99.0 -99.0 -99.0 -99.0 -99.0 -99.0 
1998 -99.0 -99.0 -99.0 -99.0 -99.0 -99.0 -99.0 -99.0 -99.0 -99.0 -99.0 -99.0 
1999 -99.0 -99.0 -99.0 -99.0 -99.0 -99.0 -99.0 -99.0 -99.0 -99.0 -99.0 -99.0 
2000 -99.0 -99.0 -99.0 -99.0 -99.0 -99.0 -99.0 -99.0 -99.0 -99.0 -99.0 -99.0 
2001 -99.0 -99.0 -99.0 -99.0 -99.0 -99.0 -99.0 -99.0 -99.0 -99.0 -99.0 -99.0 
2002 -99.0 -99.0 -99.0 -99.0 -99.0 -99.0 -99.0 -99.0 -99.0 -99.0 -99.0 -99.0 
2003 -99.0 -99.0 -99.0 -99.0 -99.0 -99.0 -99.0 -99.0 -99.0 -99.0 -99.0 -99.0 
2004 -99.0 -99.0 -99.0 -99.0 -99.0 -99.0 -99.0 -99.0 -99.0 -99.0 -99.0 -99.0 
2005 -99.0 -99.0 -99.0 -99.0 -99.0 -99.0 -99.0 -99.0 -99.0 -99.0 -99.0 -99.0 
2006 -99.0 -99.0 -99.0 -99.0 -99.0 -99.0 -99.0 -99.0 -99.0 -99.0 -99.0 -99.0 
2007 -99.0 -99.0 -99.0 -99.0 -99.0 -99.0 -99.0 -99.0 -99.0 -99.0 -99.0 -99.0 
