Number= 649500
Name= YAOUNDE
Country= CAMEROON
Lat=    3.8
Long=  -11.5
Height= 751
Start year= 1889
End year= 2007
First Good year= 1889
Source ID= 10
Source file= Jones+Anders
Jones data to= 1993
Normals source= Data
Normals source start year= 1961
Normals source end year= 1990
Normals=  23.5  24.6  24.4  23.9  23.7  22.9  22.1  22.5  22.4  22.5  23.2  23.2 
Standard deviations source= Data
Standard deviations source start year= 1941
Standard deviations source end year= 1990
Standard deviations=   0.5   0.6   0.8   0.5   0.5   0.4   0.4   0.6   0.6   0.5   0.4   0.5 
Obs:
1889 -99.0 -99.0 -99.0  24.4  23.6 -99.0 -99.0 -99.0 -99.0 -99.0 -99.0  24.0 
1890  23.2  23.4  23.2  22.4  22.6  21.9  21.1  21.4  22.0  21.9  22.4 -99.0 
1891 -99.0 -99.0 -99.0 -99.0 -99.0 -99.0 -99.0 -99.0 -99.0 -99.0 -99.0 -99.0 
1892  23.4  23.7  23.7  23.5  22.6  22.1  21.1  21.6  22.0  21.6  22.4  22.6 
1893  22.9  23.0  22.9  22.5  22.4  21.5  21.5  22.0  21.7  21.6  22.7  22.5 
1894  23.4  23.8  23.9  23.0  22.5  22.1  21.7  21.6  21.9  21.7  22.7  23.3 
1895  23.8  24.0  23.1 -99.0 -99.0 -99.0 -99.0 -99.0 -99.0 -99.0 -99.0 -99.0 
1896 -99.0 -99.0 -99.0 -99.0 -99.0 -99.0 -99.0 -99.0 -99.0 -99.0 -99.0 -99.0 
1897 -99.0 -99.0 -99.0 -99.0 -99.0 -99.0 -99.0 -99.0 -99.0 -99.0 -99.0 -99.0 
1898 -99.0 -99.0 -99.0 -99.0 -99.0 -99.0 -99.0 -99.0 -99.0 -99.0 -99.0 -99.0 
1899 -99.0 -99.0 -99.0 -99.0 -99.0 -99.0 -99.0 -99.0 -99.0 -99.0 -99.0 -99.0 
1900 -99.0 -99.0 -99.0 -99.0 -99.0 -99.0 -99.0 -99.0 -99.0 -99.0 -99.0 -99.0 
1901 -99.0 -99.0 -99.0 -99.0 -99.0 -99.0 -99.0 -99.0 -99.0 -99.0 -99.0 -99.0 
1902 -99.0 -99.0 -99.0 -99.0 -99.0 -99.0 -99.0 -99.0 -99.0 -99.0 -99.0 -99.0 
1903 -99.0 -99.0 -99.0 -99.0 -99.0 -99.0 -99.0 -99.0 -99.0 -99.0 -99.0 -99.0 
1904 -99.0 -99.0 -99.0 -99.0 -99.0 -99.0 -99.0 -99.0 -99.0 -99.0 -99.0 -99.0 
1905 -99.0 -99.0 -99.0 -99.0 -99.0 -99.0 -99.0 -99.0 -99.0 -99.0 -99.0 -99.0 
1906 -99.0 -99.0 -99.0 -99.0 -99.0 -99.0 -99.0 -99.0 -99.0 -99.0 -99.0 -99.0 
1907 -99.0 -99.0 -99.0 -99.0 -99.0 -99.0 -99.0 -99.0 -99.0 -99.0 -99.0 -99.0 
1908 -99.0 -99.0 -99.0 -99.0 -99.0 -99.0 -99.0 -99.0 -99.0 -99.0 -99.0 -99.0 
1909 -99.0 -99.0 -99.0 -99.0 -99.0 -99.0 -99.0 -99.0 -99.0 -99.0 -99.0 -99.0 
1910 -99.0 -99.0 -99.0 -99.0 -99.0 -99.0 -99.0 -99.0 -99.0 -99.0 -99.0 -99.0 
1911 -99.0 -99.0 -99.0 -99.0 -99.0 -99.0 -99.0 -99.0 -99.0 -99.0 -99.0 -99.0 
1912 -99.0 -99.0 -99.0 -99.0 -99.0 -99.0 -99.0 -99.0 -99.0 -99.0 -99.0 -99.0 
1913 -99.0 -99.0 -99.0 -99.0 -99.0 -99.0 -99.0 -99.0 -99.0 -99.0 -99.0 -99.0 
1914 -99.0 -99.0 -99.0 -99.0 -99.0 -99.0 -99.0 -99.0 -99.0 -99.0 -99.0 -99.0 
1915 -99.0 -99.0 -99.0 -99.0 -99.0 -99.0 -99.0 -99.0 -99.0 -99.0 -99.0 -99.0 
1916 -99.0 -99.0 -99.0 -99.0 -99.0 -99.0 -99.0 -99.0 -99.0 -99.0 -99.0 -99.0 
1917 -99.0 -99.0 -99.0 -99.0 -99.0 -99.0 -99.0 -99.0 -99.0 -99.0 -99.0 -99.0 
1918 -99.0 -99.0 -99.0 -99.0 -99.0 -99.0 -99.0 -99.0 -99.0 -99.0 -99.0 -99.0 
1919 -99.0 -99.0 -99.0 -99.0 -99.0 -99.0 -99.0 -99.0 -99.0 -99.0 -99.0 -99.0 
1920 -99.0 -99.0 -99.0 -99.0 -99.0 -99.0 -99.0 -99.0 -99.0 -99.0 -99.0 -99.0 
1921 -99.0 -99.0 -99.0 -99.0 -99.0 -99.0 -99.0 -99.0 -99.0 -99.0 -99.0 -99.0 
1922 -99.0 -99.0 -99.0 -99.0 -99.0 -99.0 -99.0 -99.0 -99.0 -99.0 -99.0 -99.0 
1923 -99.0 -99.0 -99.0 -99.0 -99.0 -99.0 -99.0 -99.0 -99.0 -99.0 -99.0 -99.0 
1924 -99.0 -99.0 -99.0 -99.0 -99.0 -99.0 -99.0 -99.0 -99.0 -99.0 -99.0 -99.0 
1925 -99.0 -99.0 -99.0 -99.0 -99.0 -99.0 -99.0 -99.0 -99.0 -99.0 -99.0 -99.0 
1926 -99.0 -99.0 -99.0 -99.0 -99.0 -99.0 -99.0 -99.0 -99.0 -99.0 -99.0 -99.0 
1927 -99.0 -99.0 -99.0 -99.0 -99.0 -99.0 -99.0 -99.0 -99.0 -99.0 -99.0 -99.0 
1928 -99.0 -99.0 -99.0 -99.0 -99.0 -99.0 -99.0 -99.0 -99.0 -99.0 -99.0 -99.0 
1929 -99.0 -99.0 -99.0 -99.0 -99.0 -99.0 -99.0 -99.0 -99.0 -99.0 -99.0 -99.0 
1930 -99.0 -99.0 -99.0 -99.0 -99.0 -99.0 -99.0 -99.0 -99.0 -99.0 -99.0 -99.0 
1931 -99.0 -99.0 -99.0 -99.0 -99.0 -99.0 -99.0 -99.0 -99.0 -99.0 -99.0 -99.0 
1932 -99.0 -99.0 -99.0 -99.0 -99.0 -99.0 -99.0 -99.0 -99.0 -99.0 -99.0 -99.0 
1933 -99.0 -99.0 -99.0 -99.0 -99.0 -99.0 -99.0 -99.0 -99.0 -99.0 -99.0 -99.0 
1934 -99.0 -99.0 -99.0 -99.0 -99.0 -99.0 -99.0 -99.0 -99.0 -99.0 -99.0 -99.0 
1935 -99.0 -99.0 -99.0 -99.0 -99.0 -99.0 -99.0 -99.0 -99.0 -99.0 -99.0 -99.0 
1936 -99.0 -99.0 -99.0 -99.0 -99.0 -99.0 -99.0 -99.0 -99.0 -99.0 -99.0 -99.0 
1937 -99.0 -99.0 -99.0 -99.0 -99.0 -99.0 -99.0 -99.0 -99.0 -99.0 -99.0 -99.0 
1938 -99.0 -99.0 -99.0 -99.0 -99.0 -99.0 -99.0 -99.0 -99.0 -99.0 -99.0 -99.0 
1939 -99.0 -99.0 -99.0 -99.0 -99.0 -99.0 -99.0 -99.0 -99.0 -99.0 -99.0 -99.0 
1940 -99.0 -99.0 -99.0 -99.0 -99.0 -99.0 -99.0 -99.0 -99.0 -99.0 -99.0 -99.0 
1941 -99.0 -99.0 -99.0 -99.0 -99.0 -99.0 -99.0 -99.0 -99.0 -99.0 -99.0 -99.0 
1942 -99.0 -99.0 -99.0 -99.0 -99.0 -99.0 -99.0 -99.0 -99.0 -99.0 -99.0 -99.0 
1943 -99.0 -99.0 -99.0 -99.0 -99.0 -99.0 -99.0 -99.0 -99.0 -99.0 -99.0 -99.0 
1944 -99.0 -99.0 -99.0 -99.0 -99.0 -99.0 -99.0 -99.0 -99.0 -99.0 -99.0 -99.0 
1945 -99.0 -99.0 -99.0 -99.0 -99.0 -99.0 -99.0 -99.0 -99.0 -99.0 -99.0 -99.0 
1946 -99.0 -99.0 -99.0 -99.0 -99.0 -99.0 -99.0 -99.0 -99.0 -99.0 -99.0 -99.0 
1947 -99.0 -99.0 -99.0 -99.0 -99.0 -99.0 -99.0 -99.0 -99.0 -99.0 -99.0 -99.0 
1948 -99.0 -99.0 -99.0 -99.0 -99.0 -99.0 -99.0 -99.0 -99.0 -99.0 -99.0 -99.0 
1949 -99.0 -99.0 -99.0 -99.0 -99.0 -99.0 -99.0 -99.0 -99.0 -99.0 -99.0 -99.0 
1950 -99.0 -99.0 -99.0 -99.0 -99.0 -99.0 -99.0 -99.0 -99.0 -99.0 -99.0 -99.0 
1951  23.9  24.3  24.1  24.4  23.6  23.1  22.3  21.8  23.0  22.9  23.6  23.7 
1952  24.4  24.5  24.6  24.4  23.4  23.2  22.4  21.8  22.8  23.1  23.5  24.1 
1953  24.4  23.9  24.1  24.4  23.8  23.0  22.4  21.9  23.0  22.9  23.2  23.3 
1954  24.1  23.6  24.2  23.9  23.0  22.7  21.2  21.5  22.9  22.9  23.4  23.7 
1955  23.9  24.2  23.8  23.7  23.3  22.7  22.0  21.9  22.5  22.8  23.6  23.6 
1956  23.4  24.3  23.3  23.8  23.5  22.4  21.3  21.7  22.8  23.0  23.0  23.1 
1957  23.9  25.0  24.5  24.1  24.4  23.0  22.9  22.6  22.9  23.3  23.6  24.2 
1958  24.5  25.1  25.4  24.6  24.5  22.9  21.8  22.4  23.3  23.2  23.6  23.9 
1959  24.2  25.4  25.3  24.2  24.1  23.6  22.3  22.6  22.8  23.2  23.3  24.1 
1960  24.2  25.0  24.5  23.9  23.9  23.3  22.3  22.7  22.9  23.0  23.7  23.7 
1961  24.0  24.6  25.4  24.3  24.3 -99.0 -99.0 -99.0 -99.0 -99.0 -99.0 -99.0 
1962  22.5 -99.0 -99.0 -99.0 -99.0 -99.0 -99.0 -99.0 -99.0 -99.0 -99.0 -99.0 
1963  23.9  24.8  24.3  24.3  23.9  23.6  22.6  22.8  23.5  23.4  23.6  23.6 
1964  24.2  25.1  24.6  24.6  24.0  22.8  22.1  22.1  22.6  22.6  22.8  23.1 
1965  24.0  24.1  24.3  24.0  23.9  23.6  22.2 -99.0  23.4 -99.0  23.7 -99.0 
1966  24.3  25.3  25.4  24.1  24.1 -99.0 -99.0  23.0  23.0  23.3  23.5  23.6 
1967  23.7  25.0  25.3  24.8  24.0  23.2  22.4  22.3  22.9  22.9  23.8  23.8 
1968 -99.0  25.1 -99.0 -99.0  23.6  23.1  22.3 -99.0 -99.0 -99.0 -99.0 -99.0 
1969 -99.0  24.2 -99.0 -99.0 -99.0 -99.0  22.5 -99.0  23.0  23.2  23.8  23.9 
1970  22.6  25.7  24.8  25.0  24.3  23.6  22.4  22.2  22.7 -99.0 -99.0 -99.0 
1971  23.4 -99.0  23.2  23.2 -99.0 -99.0 -99.0 -99.0  21.5  22.8 -99.0 -99.0 
1972  23.5 -99.0 -99.0  22.9 -99.0 -99.0  22.1 -99.0 -99.0 -99.0 -99.0 -99.0 
1973 -99.0 -99.0 -99.0 -99.0 -99.0 -99.0 -99.0 -99.0 -99.0 -99.0 -99.0 -99.0 
1974 -99.0  24.0  23.3  23.5 -99.0  22.4 -99.0 -99.0  21.4  21.9 -99.0 -99.0 
1975  23.0 -99.0 -99.0  23.4 -99.0 -99.0 -99.0 -99.0 -99.0 -99.0 -99.0 -99.0 
1976 -99.0  23.0 -99.0 -99.0 -99.0 -99.0 -99.0 -99.0 -99.0 -99.0 -99.0 -99.0 
1977 -99.0 -99.0 -99.0 -99.0 -99.0 -99.0 -99.0 -99.0 -99.0 -99.0 -99.0 -99.0 
1978 -99.0 -99.0 -99.0 -99.0 -99.0 -99.0 -99.0 -99.0 -99.0 -99.0 -99.0 -99.0 
1979 -99.0 -99.0 -99.0 -99.0 -99.0 -99.0 -99.0 -99.0  22.1 -99.0 -99.0 -99.0 
1980 -99.0 -99.0 -99.0 -99.0 -99.0 -99.0 -99.0 -99.0 -99.0 -99.0 -99.0 -99.0 
1981  23.4  24.5  23.8  23.8 -99.0 -99.0  21.4 -99.0  21.7 -99.0  22.3 -99.0 
1982  23.5  23.8  23.7  23.6  23.8  22.3 -99.0 -99.0 -99.0 -99.0 -99.0  23.2 
1983  22.9  25.6  26.0 -99.0 -99.0  22.6 -99.0  21.5  22.1  22.0 -99.0  22.4 
1984 -99.0  24.4 -99.0  23.5 -99.0 -99.0  21.8  23.1  21.8  22.3  22.5  22.7 
1985  23.4  24.8  24.0 -99.0 -99.0  22.2  21.6  21.9  23.1  21.8  23.2 -99.0 
1986  23.6  23.9  23.1  23.8  23.4  22.4 -99.0  21.8  21.8  21.8 -99.0  22.7 
1987  24.1  25.1  24.0  24.0 -99.0  23.1 -99.0 -99.0  22.4 -99.0 -99.0 -99.0 
1988 -99.0  24.9  24.5  23.8  23.4 -99.0  21.7  23.9  22.1  22.2  23.4 -99.0 
1989  22.8  24.6  23.9  23.7  22.5 -99.0 -99.0 -99.0  22.1  22.2 -99.0  23.0 
1990 -99.0  24.6  25.5 -99.0  23.3 -99.0 -99.0 -99.0 -99.0 -99.0  22.9 -99.0 
1991 -99.0 -99.0 -99.0  23.5 -99.0 -99.0  22.1 -99.0 -99.0  21.7 -99.0 -99.0 
1992 -99.0  24.9 -99.0 -99.0  23.2  22.2 -99.0 -99.0 -99.0  25.3 -99.0 -99.0 
1993  23.6 -99.0  23.7 -99.0  23.7 -99.0 -99.0 -99.0  23.4 -99.0 -99.0  24.5 
1994 -99.0 -99.0 -99.0 -99.0 -99.0 -99.0 -99.0 -99.0 -99.0 -99.0 -99.0 -99.0 
1995 -99.0 -99.0 -99.0 -99.0 -99.0 -99.0 -99.0 -99.0 -99.0 -99.0 -99.0 -99.0 
1996 -99.0 -99.0 -99.0 -99.0 -99.0 -99.0 -99.0 -99.0 -99.0 -99.0 -99.0 -99.0 
1997 -99.0 -99.0 -99.0 -99.0 -99.0 -99.0 -99.0 -99.0 -99.0 -99.0 -99.0 -99.0 
1998 -99.0 -99.0 -99.0 -99.0 -99.0 -99.0 -99.0 -99.0 -99.0 -99.0 -99.0 -99.0 
1999 -99.0 -99.0 -99.0 -99.0 -99.0 -99.0 -99.0 -99.0 -99.0 -99.0 -99.0 -99.0 
2000 -99.0 -99.0 -99.0 -99.0 -99.0 -99.0 -99.0 -99.0 -99.0 -99.0 -99.0 -99.0 
2001 -99.0 -99.0 -99.0 -99.0 -99.0 -99.0 -99.0 -99.0 -99.0 -99.0 -99.0 -99.0 
2002 -99.0 -99.0 -99.0 -99.0 -99.0 -99.0 -99.0 -99.0 -99.0 -99.0 -99.0 -99.0 
2003 -99.0 -99.0 -99.0 -99.0 -99.0 -99.0 -99.0 -99.0 -99.0 -99.0 -99.0 -99.0 
2004 -99.0 -99.0 -99.0 -99.0 -99.0 -99.0 -99.0 -99.0 -99.0 -99.0 -99.0 -99.0 
2005 -99.0 -99.0 -99.0 -99.0 -99.0 -99.0 -99.0 -99.0 -99.0 -99.0 -99.0 -99.0 
2006 -99.0 -99.0 -99.0 -99.0 -99.0 -99.0 -99.0 -99.0 -99.0 -99.0 -99.0 -99.0 
2007 -99.0 -99.0 -99.0 -99.0 -99.0 -99.0 -99.0 -99.0 -99.0 -99.0 -99.0 -99.0 
