Number= 620020
Name= NALUT
Country= LIBYA
Lat=   31.8
Long=  -11.0
Height= -999
Start year= 1954
End year= 2011
First Good year= 1954
Source ID= 10
Source file= Jones+Anders
Jones data to= 1960
Normals= -99.0 -99.0 -99.0 -99.0 -99.0 -99.0 -99.0 -99.0 -99.0 -99.0 -99.0 -99.0 
Obs:
1954 -99.0 -99.0 -99.0 -99.0 -99.0  27.7  24.7  25.7  25.8  18.2  14.6  10.3 
1955  12.7  15.2  17.2  16.3  23.4  25.3  29.9  28.3  25.1  18.0  17.1  11.8 
1956  11.7   9.2  12.1  17.9  20.7  25.5  28.0  27.1  25.4  18.9  13.8   8.1 
1957   7.4  13.2  13.6  16.8  19.0  26.3  26.3  27.4  24.3  19.2  14.3   9.9 
1958   8.2  12.6  15.3  17.4  22.6  27.4  27.4  28.7  23.9  20.4  14.4  11.8 
1959   8.9  10.1  14.8  16.9  21.7  26.0  26.0  28.7  27.1  19.3  14.8  10.4 
1960   9.6  15.4  15.3  16.5  22.8  26.2  27.4  29.6  24.6  23.5  17.3   9.4 
1961 -99.0 -99.0 -99.0 -99.0 -99.0 -99.0 -99.0 -99.0 -99.0 -99.0 -99.0 -99.0 
1962 -99.0 -99.0 -99.0 -99.0 -99.0 -99.0 -99.0 -99.0 -99.0 -99.0 -99.0 -99.0 
1963 -99.0 -99.0 -99.0 -99.0 -99.0 -99.0 -99.0 -99.0 -99.0 -99.0 -99.0 -99.0 
1964 -99.0 -99.0 -99.0 -99.0 -99.0 -99.0 -99.0 -99.0 -99.0 -99.0 -99.0 -99.0 
1965 -99.0 -99.0 -99.0 -99.0 -99.0 -99.0 -99.0 -99.0 -99.0 -99.0 -99.0 -99.0 
1966 -99.0 -99.0 -99.0 -99.0 -99.0 -99.0 -99.0 -99.0 -99.0 -99.0 -99.0 -99.0 
1967 -99.0 -99.0 -99.0 -99.0 -99.0 -99.0 -99.0 -99.0 -99.0 -99.0 -99.0 -99.0 
1968 -99.0 -99.0 -99.0 -99.0 -99.0 -99.0 -99.0 -99.0 -99.0 -99.0 -99.0 -99.0 
1969 -99.0 -99.0 -99.0 -99.0 -99.0 -99.0 -99.0 -99.0 -99.0 -99.0 -99.0 -99.0 
1970 -99.0 -99.0 -99.0 -99.0 -99.0 -99.0 -99.0 -99.0 -99.0 -99.0 -99.0 -99.0 
1971 -99.0 -99.0 -99.0 -99.0 -99.0 -99.0 -99.0 -99.0 -99.0 -99.0 -99.0 -99.0 
1972 -99.0 -99.0 -99.0 -99.0 -99.0 -99.0 -99.0 -99.0 -99.0 -99.0 -99.0 -99.0 
1973 -99.0 -99.0 -99.0 -99.0 -99.0 -99.0 -99.0 -99.0 -99.0 -99.0 -99.0 -99.0 
1974 -99.0 -99.0 -99.0 -99.0 -99.0 -99.0 -99.0 -99.0 -99.0 -99.0 -99.0 -99.0 
1975 -99.0 -99.0 -99.0 -99.0 -99.0 -99.0 -99.0 -99.0 -99.0 -99.0 -99.0 -99.0 
1976 -99.0 -99.0 -99.0 -99.0 -99.0 -99.0 -99.0 -99.0 -99.0 -99.0 -99.0 -99.0 
1977 -99.0 -99.0 -99.0 -99.0 -99.0 -99.0 -99.0 -99.0 -99.0 -99.0 -99.0 -99.0 
1978 -99.0 -99.0 -99.0 -99.0 -99.0 -99.0 -99.0 -99.0 -99.0 -99.0 -99.0 -99.0 
1979 -99.0 -99.0 -99.0 -99.0 -99.0 -99.0 -99.0 -99.0 -99.0 -99.0 -99.0 -99.0 
1980 -99.0 -99.0 -99.0 -99.0 -99.0 -99.0 -99.0 -99.0 -99.0 -99.0 -99.0 -99.0 
1981 -99.0 -99.0 -99.0 -99.0 -99.0 -99.0 -99.0 -99.0 -99.0 -99.0 -99.0 -99.0 
1982 -99.0 -99.0 -99.0 -99.0 -99.0 -99.0 -99.0 -99.0 -99.0 -99.0 -99.0 -99.0 
1983 -99.0 -99.0 -99.0 -99.0 -99.0 -99.0 -99.0 -99.0 -99.0 -99.0 -99.0 -99.0 
1984 -99.0 -99.0 -99.0 -99.0 -99.0 -99.0 -99.0 -99.0 -99.0 -99.0 -99.0 -99.0 
1985 -99.0 -99.0 -99.0 -99.0 -99.0 -99.0 -99.0 -99.0 -99.0 -99.0 -99.0 -99.0 
1986 -99.0 -99.0 -99.0 -99.0 -99.0 -99.0 -99.0 -99.0 -99.0 -99.0 -99.0 -99.0 
1987 -99.0 -99.0 -99.0 -99.0 -99.0 -99.0 -99.0 -99.0 -99.0 -99.0 -99.0 -99.0 
1988 -99.0 -99.0 -99.0 -99.0 -99.0 -99.0 -99.0 -99.0 -99.0 -99.0 -99.0 -99.0 
1989 -99.0 -99.0 -99.0 -99.0 -99.0 -99.0 -99.0 -99.0 -99.0 -99.0 -99.0 -99.0 
1990 -99.0 -99.0 -99.0 -99.0 -99.0 -99.0 -99.0 -99.0 -99.0 -99.0 -99.0 -99.0 
1991 -99.0 -99.0 -99.0 -99.0 -99.0 -99.0 -99.0 -99.0 -99.0 -99.0 -99.0 -99.0 
1992 -99.0 -99.0 -99.0 -99.0 -99.0 -99.0 -99.0 -99.0 -99.0 -99.0 -99.0 -99.0 
1993 -99.0 -99.0 -99.0 -99.0 -99.0 -99.0 -99.0 -99.0 -99.0 -99.0 -99.0 -99.0 
1994  14.4 -99.0  14.6 -99.0  25.9  26.6 -99.0 -99.0 -99.0  21.6  16.9 -99.0 
1995   8.8  13.3  14.2 -99.0  23.1  26.6 -99.0  29.8 -99.0  19.1  15.3  12.7 
1996 -99.0  10.5 -99.0  18.1  22.6  23.4  28.2 -99.0  27.2  19.9  15.7  13.5 
1997 -99.0 -99.0  12.5 -99.0  23.6  30.4  30.7  28.7 -99.0 -99.0  16.1 -99.0 
1998  10.9 -99.0 -99.0  21.1 -99.0 -99.0 -99.0 -99.0 -99.0 -99.0 -99.0   9.9 
1999  10.8   9.5 -99.0 -99.0 -99.0 -99.0  28.0 -99.0 -99.0 -99.0 -99.0 -99.0 
2000   8.5 -99.0 -99.0 -99.0 -99.0  25.2  29.0 -99.0 -99.0 -99.0 -99.0  13.2 
2001 -99.0 -99.0 -99.0 -99.0 -99.0 -99.0 -99.0 -99.0  27.2 -99.0 -99.0 -99.0 
2002 -99.0 -99.0 -99.0 -99.0 -99.0 -99.0 -99.0 -99.0 -99.0 -99.0 -99.0 -99.0 
2003 -99.0 -99.0 -99.0 -99.0 -99.0 -99.0 -99.0 -99.0 -99.0 -99.0 -99.0 -99.0 
2004 -99.0 -99.0 -99.0 -99.0 -99.0 -99.0 -99.0 -99.0 -99.0 -99.0 -99.0 -99.0 
2005 -99.0 -99.0 -99.0 -99.0 -99.0  26.0  30.5  29.4 -99.0 -99.0  16.9  10.2 
2006 -99.0 -99.0 -99.0 -99.0 -99.0 -99.0 -99.0 -99.0 -99.0  22.6 -99.0 -99.0 
2007 -99.0 -99.0  14.5  19.1  23.0  29.3  27.2  29.5  26.7  22.0  16.2  10.9 
2008  10.0  11.5  16.3  20.1  25.1  25.4  30.3  28.6  27.7  22.3  15.8  10.4 
2009  11.0 -99.0 -99.0 -99.0 -99.0 -99.0 -99.0  29.7  25.8  20.7  16.2  14.2 
2010  12.4  16.5  17.9  19.8  23.0  28.1  29.2  29.0  25.2  21.6  16.9  13.5 
2011  12.1 -99.0 -99.0 -99.0 -99.0 -99.0 -99.0 -99.0 -99.0 -99.0 -99.0 -99.0 
