Number= 620190
Name= SIRTE
Country= LIBYA
Lat=   31.2
Long=  -16.6
Height= 14
Start year= 1946
End year= 2011
First Good year= 1946
Source ID= 10
Source file= Jones+Anders
Jones data to= 1980
Normals source= Data
Normals source start year= 1961
Normals source end year= 1980
Normals=  13.7  14.7  16.5  18.8  21.5  24.2  25.1  26.3  25.5  22.8  19.1  15.0 
Standard deviations source= Data
Standard deviations source start year= 1946
Standard deviations source end year= 1980
Standard deviations=   0.9   1.2   1.2   0.7   1.2   1.0   1.0   0.9   1.0   1.1   1.0   1.1 
Obs:
1946  14.4  13.9  16.1  19.8  22.3  23.4  26.4  28.1  26.4  24.6  20.8  13.8 
1947  13.3  17.4  18.8  17.9  21.5  23.3  26.4  27.9  26.9  22.9  18.7  14.2 
1948  13.7  14.7  14.9  18.4  22.3  23.6  24.8  24.9  24.9  25.1  18.6  14.4 
1949  12.9  13.4  14.6  17.9  20.8  22.9  24.6  25.4  24.0  22.5  19.3  16.7 
1950  13.2  13.7  15.7  18.7  19.9  24.0  26.3  27.5  25.7  22.7  18.3  14.4 
1951 -99.0 -99.0 -99.0 -99.0 -99.0 -99.0 -99.0 -99.0 -99.0 -99.0 -99.0 -99.0 
1952 -99.0 -99.0 -99.0 -99.0 -99.0 -99.0 -99.0 -99.0 -99.0 -99.0 -99.0 -99.0 
1953 -99.0 -99.0 -99.0 -99.0 -99.0 -99.0 -99.0 -99.0 -99.0 -99.0 -99.0 -99.0 
1954 -99.0 -99.0 -99.0 -99.0 -99.0  24.2  25.4  25.2  24.2  23.0  17.6  15.0 
1955  15.6  17.2  16.6  17.3  22.0  24.2  26.6  27.4  26.3  22.2  20.7  15.3 
1956  14.3  14.2  15.3  19.3  20.6  23.5  25.1  26.0  25.1  21.4  19.9  13.2 
1957  12.6  14.7  15.4  18.6  21.4  25.9  24.2  25.7  25.1  22.9  18.8  14.6 
1958  12.8  15.4  17.3  19.3  20.0  25.1  25.6  26.0  25.3  23.0  19.7  16.6 
1959  13.4  13.5  17.2  18.3  21.1  23.1  24.7  26.7  25.7  22.3  19.6  15.6 
1960  13.5  15.8  17.0  18.0  21.1  24.7  24.7  25.8  25.4  25.3  20.4  15.6 
1961  13.6  13.1  15.5  18.7  22.9  23.8  24.8  25.7  24.5  22.4  21.3  15.9 
1962  14.3  13.1  17.8  18.7  22.7  22.8  25.7  26.0  25.7  24.3  20.7  14.3 
1963  15.1  15.7  15.8  18.6  20.3  24.9  26.3  26.9  25.4  22.5  20.4  18.4 
1964  12.3  15.3  18.8  19.5  21.5  25.7  23.9  26.4  23.5  23.8  19.1  15.5 
1965  14.1  13.3  15.5  17.7  20.3  22.6  26.5  25.9  25.6  22.9  19.1  15.0 
1966  14.4  16.3  15.7  19.1  19.8  24.3  26.0  27.3  25.3  24.7  19.1  13.1 
1967  12.9  14.1  14.8  19.7  20.7  23.9  25.5  26.9  25.1  22.3  19.1  14.2 
1968  11.9  15.2 -99.0  18.1  24.3  25.1  25.3  28.5  25.3  21.5  19.3  15.6 
1969  13.9  16.1  18.1  18.3  22.4  26.2  24.3  26.2  26.8  21.9  19.7  13.5 
1970  15.7  15.4  17.5  18.7  19.9  23.8  24.8  26.7  24.9  22.3  19.3  15.7 
1971  13.9  13.7  16.7  20.1  21.8  24.9  24.7  26.1  26.3  21.9  18.1  15.3 
1972  14.5  15.2  16.5  19.1  20.4  25.9  25.5  26.3  28.3  22.8  19.1  14.9 
1973  13.1  13.6  15.6  18.2  22.3  24.9  26.7  26.7  27.6  23.3 -99.0  15.5 
1974  14.1  15.1  15.9  19.7  19.5  21.9  22.9  25.3  25.9  24.3  18.3  14.1 
1975  12.9  13.9  18.3  18.9  21.5  24.5  24.5  25.7  24.9  22.3  18.2  15.9 
1976  12.4  13.1  14.5  18.4  21.7  23.1  25.5  26.1  25.1  21.9  17.3  14.9 
1977  14.1  16.7  17.0  18.5  24.7  23.9  26.9  26.3  25.8  21.7  19.3  14.7 
1978  13.4  15.9  15.8  19.6  22.1  25.1  24.1  24.7  24.8  22.1  16.9  15.4 
1979  15.1  16.1  17.5  18.7  19.9  23.7  24.9  26.9  25.1  24.7  18.3  14.9 
1980  13.2  13.7  15.9  17.9  20.9  23.6  24.0  25.6  24.2  22.9  20.3  13.7 
1981 -99.0 -99.0 -99.0 -99.0 -99.0 -99.0 -99.0 -99.0 -99.0 -99.0 -99.0 -99.0 
1982 -99.0 -99.0 -99.0 -99.0 -99.0 -99.0 -99.0 -99.0 -99.0 -99.0 -99.0 -99.0 
1983 -99.0 -99.0 -99.0 -99.0 -99.0 -99.0 -99.0 -99.0 -99.0 -99.0 -99.0 -99.0 
1984 -99.0 -99.0 -99.0 -99.0 -99.0 -99.0 -99.0 -99.0 -99.0 -99.0 -99.0 -99.0 
1985 -99.0 -99.0 -99.0 -99.0 -99.0 -99.0 -99.0 -99.0 -99.0 -99.0 -99.0 -99.0 
1986 -99.0 -99.0 -99.0 -99.0 -99.0 -99.0 -99.0 -99.0 -99.0 -99.0 -99.0 -99.0 
1987 -99.0 -99.0 -99.0 -99.0 -99.0 -99.0 -99.0 -99.0 -99.0 -99.0 -99.0 -99.0 
1988 -99.0 -99.0 -99.0 -99.0 -99.0 -99.0 -99.0 -99.0 -99.0 -99.0 -99.0 -99.0 
1989 -99.0 -99.0 -99.0 -99.0 -99.0 -99.0 -99.0 -99.0 -99.0 -99.0 -99.0 -99.0 
1990 -99.0 -99.0 -99.0 -99.0 -99.0 -99.0 -99.0 -99.0 -99.0 -99.0 -99.0 -99.0 
1991  14.8 -99.0  17.8 -99.0 -99.0  24.0  25.0  26.4  25.8  25.9  19.1  13.7 
1992  13.5  13.7 -99.0 -99.0 -99.0 -99.0  25.5  26.9  25.8  26.6  20.2  15.1 
1993  13.7  12.8  15.6  18.9  21.5  25.3  25.9  26.9  25.9  25.1  21.5  16.0 
1994  15.2  15.2  17.3  18.8  22.3  23.6 -99.0 -99.0 -99.0  24.2  20.5 -99.0 
1995  12.4  15.9  16.7  18.8 -99.0 -99.0 -99.0 -99.0 -99.0  22.9  18.2  17.3 
1996 -99.0  15.6 -99.0  18.7 -99.0  20.1  25.3 -99.0 -99.0 -99.0  18.6  15.9 
1997 -99.0 -99.0  15.1 -99.0  20.8  26.3  27.3  26.6 -99.0  23.1  19.9 -99.0 
1998 -99.0 -99.0 -99.0 -99.0 -99.0 -99.0 -99.0 -99.0 -99.0 -99.0 -99.0  14.6 
1999  14.1  13.4 -99.0 -99.0  23.5 -99.0  24.9 -99.0 -99.0 -99.0  20.9 -99.0 
2000 -99.0 -99.0 -99.0 -99.0 -99.0  23.6  26.7 -99.0 -99.0 -99.0 -99.0 -99.0 
2001 -99.0 -99.0 -99.0 -99.0 -99.0 -99.0 -99.0 -99.0 -99.0 -99.0 -99.0 -99.0 
2002 -99.0 -99.0 -99.0 -99.0 -99.0 -99.0 -99.0 -99.0 -99.0 -99.0 -99.0 -99.0 
2003 -99.0 -99.0 -99.0 -99.0 -99.0 -99.0 -99.0 -99.0 -99.0 -99.0 -99.0 -99.0 
2004 -99.0 -99.0  17.5 -99.0 -99.0 -99.0 -99.0 -99.0 -99.0 -99.0 -99.0 -99.0 
2005 -99.0 -99.0 -99.0 -99.0 -99.0  23.7  27.0  27.4 -99.0 -99.0  19.2  15.6 
2006  12.8 -99.0 -99.0 -99.0 -99.0 -99.0 -99.0 -99.0 -99.0 -99.0 -99.0 -99.0 
2007 -99.0 -99.0  17.0  19.1  20.6  25.3  26.6  27.9  26.7  24.8  19.6  15.0 
2008  14.3  13.7  17.7  21.5  23.2  24.2  27.7  27.9  27.6  24.2  20.9  15.5 
2009  15.2 -99.0 -99.0 -99.0 -99.0 -99.0 -99.0  27.9  27.3  23.9  19.0  17.6 
2010  15.9  18.6  18.7  20.4  20.0  25.9  26.7  27.8  26.7  24.7  21.7  17.5 
2011  15.6 -99.0 -99.0 -99.0 -99.0 -99.0 -99.0 -99.0 -99.0 -99.0 -99.0 -99.0 
