Number= 621240
Name= SEBHA
Country= LIBYA
Lat=   27.0
Long=  -14.5
Height= 432
Start year= 1945
End year= 2011
First Good year= 1945
Source ID= 30
Source file= Jones+Anders
Jones data to= 1991
Normals source= Data
Normals source start year= 1961
Normals source end year= 1990
Normals=  12.2  14.9  18.9  24.2  28.0  31.7  30.7  30.4  28.8  24.3  18.1  13.3 
Standard deviations source= Data
Standard deviations source start year= 1945
Standard deviations source end year= 1990
Standard deviations=   1.5   1.7   1.7   1.3   1.3   1.0   1.2   1.0   1.6   1.4   1.7   1.5 
Obs:
1945 -99.0 -99.0 -99.0 -99.0 -99.0  29.4 -99.0  33.4 -99.0  23.1  20.3  13.8 
1946 -99.0 -99.0 -99.0 -99.0 -99.0 -99.0 -99.0 -99.0  28.4  26.0  21.7  12.8 
1947  13.4  19.6  22.7  22.2  28.7  32.1  32.5  32.5  29.6  25.9  19.8  14.4 
1948  13.5  16.6  16.5  24.3  29.4  30.6  30.3  30.2  28.6  24.5  15.9  11.8 
1949  10.7  12.4  17.4  23.7  29.2  31.2  30.0  28.5  27.0  24.3  20.4  15.1 
1950  12.8  13.8  16.3  22.4  26.4  30.0  29.3  30.3  28.5  25.0  17.0  13.2 
1951  10.9  15.4  20.7  24.3  29.7  30.9  31.1  30.0  30.0  25.9  18.3  12.1 
1952  11.7  13.0  19.5  23.8  29.2  30.0  30.6  30.7  30.0  25.9  17.6  11.1 
1953   8.9  15.8  16.2  25.8  31.1  30.9  30.7  30.5  22.8  25.8  17.0  13.5 
1954  10.4  14.2  19.1  23.4  28.8  32.6  31.2  30.0  27.1  22.9  17.3  12.9 
1955  15.2  17.5  19.0  23.1  28.4  32.5  32.1  32.1  30.1  24.9  20.5  13.3 
1956  12.9  15.9  18.6  24.5  27.0  31.9  31.1  30.2  28.6  22.1  19.0  10.9 
1957  11.2  15.4  18.0  23.6  28.4  31.5  30.2  31.2  29.5  24.6  20.3  13.8 
1958  12.1  15.9  20.1  24.6 -99.0 -99.0 -99.0 -99.0 -99.0  24.2  21.0  15.8 
1959  11.2  13.0  18.8  23.3  30.8  31.1  29.8  31.4  29.9  25.7 -99.0 -99.0 
1960 -99.0 -99.0  20.2  24.5  27.4 -99.0 -99.0 -99.0 -99.0 -99.0 -99.0 -99.0 
1961 -99.0 -99.0 -99.0 -99.0 -99.0 -99.0 -99.0 -99.0 -99.0 -99.0 -99.0 -99.0 
1962  12.2  12.3  20.2  23.7  27.7  30.0  30.5  28.7  28.2  24.6  22.3  13.2 
1963  14.5  16.3  17.8  24.9  26.6  30.8  31.4  30.0  30.0  23.3  18.4  17.1 
1964  11.6  14.4  21.4  24.6  25.8  32.4  29.7  31.4  25.5  24.0  17.6  15.3 
1965  13.2  14.5  18.4  22.1  25.9  30.3  31.3  30.3  30.2  25.2  17.9  12.5 
1966  13.0  15.9  17.2  23.3  26.2  30.2  31.3  30.5  27.9  26.6  20.5  10.7 
1967  10.6  14.5  16.2  25.7  27.7  31.2  29.1  29.3  29.5  23.4  17.9  12.9 
1968   9.2  16.5  19.1  26.5  29.5  31.6  30.7  32.1  28.9  21.4  17.9  14.0 
1969  11.8  19.0  22.8  24.1  28.2  32.7  29.4  31.2  31.2  25.0  19.7  11.7 
1970  15.0  15.2  19.2  22.9  28.0  31.9  30.2  30.3  28.0  23.0  17.2  13.5 
1971  12.2  13.0  20.6  24.8  30.4  31.1  30.1  29.3  28.2  21.7  18.1  13.0 
1972  12.8  15.3  19.2  23.6  27.6  33.0  32.3  30.2  32.2  24.7  17.1  13.7 
1973  12.2  13.0  16.4  22.7  28.4  31.0  30.8  28.9  27.2  24.0  16.5  14.2 
1974  11.9  13.8  20.4  24.6  27.6  32.3  29.5  29.4  29.0  26.3  16.1  12.2 
1975  10.0  13.7  19.0  25.5  29.2  31.2  29.4  29.9  28.6  23.8  18.5  15.1 
1976  11.1  13.3  16.2  22.3  28.0  30.7  32.1  30.3  29.6  25.5  17.5  14.3 
1977  13.6  16.0  17.8  22.1  29.9  32.1  32.7  31.7  27.9  22.6  18.2  12.2 
1978  12.7  16.9  18.5  24.7  29.3  30.7  28.3  30.3  27.8  23.9  16.9  14.7 
1979  15.2  16.1  21.4  22.7  26.7  31.3  30.1  31.0  29.2  26.7  16.5  12.7 
1980  12.9  14.5  19.3  24.5  28.9  31.7  30.9  29.9  27.7  24.9  19.9  11.2 
1981 -99.0  13.5  20.5  26.5  27.3  31.8  31.8  31.1  29.1  24.6  15.3  14.0 
1982 -99.0 -99.0 -99.0 -99.0 -99.0 -99.0 -99.0 -99.0 -99.0  27.5 -99.0 -99.0 
1983 -99.0 -99.0 -99.0 -99.0 -99.0 -99.0 -99.0 -99.0 -99.0 -99.0 -99.0 -99.0 
1984 -99.0 -99.0 -99.0 -99.0 -99.0 -99.0 -99.0 -99.0 -99.0 -99.0 -99.0 -99.0 
1985 -99.0  15.3  19.3  22.9  29.3  32.1  29.4  29.5  27.2  22.7  18.3  12.8 
1986  11.5  16.5  18.8  26.1  25.8  31.7  31.9  31.1  28.9  23.2  16.6  10.9 
1987  11.3  14.6  18.4  21.2  28.8 -99.0  34.5  31.7  28.6  24.8  18.2  14.9 
1988 -99.0  15.8  18.1  25.8 -99.0  34.5 -99.0  30.8  29.1  23.7  19.0  10.4 
1989  10.0  12.9  17.5  25.6  28.7  32.4  31.2 -99.0  30.6  23.8  18.3  14.8 
1990  13.0  13.8  18.5  25.6  27.6  32.8  30.1  31.0  29.5  26.1  20.5 -99.0 
1991  12.2  14.6  20.5  22.7  27.2  33.0  31.9  30.8  29.0  26.4  17.5  11.1 
1992  11.1  14.1 -99.0  22.4  26.1 -99.0 -99.0 -99.0 -99.0  26.2 -99.0  12.6 
1993  10.5  13.3  17.8 -99.0  27.6  31.7  31.4 -99.0 -99.0 -99.0  20.9  13.0 
1994  12.4  13.5  20.1  23.6  29.4  30.5 -99.0 -99.0 -99.0  24.8 -99.0 -99.0 
1995  10.2  14.5  18.5 -99.0  27.3  32.4  31.7  35.1 -99.0  23.7 -99.0 -99.0 
1996 -99.0  15.1  19.5  25.5 -99.0 -99.0  32.1 -99.0  32.6 -99.0 -99.0  14.7 
1997 -99.0 -99.0 -99.0 -99.0  29.3 -99.0  32.7  32.8 -99.0  25.4  19.0 -99.0 
1998  12.9 -99.0 -99.0  27.7 -99.0 -99.0 -99.0 -99.0 -99.0 -99.0 -99.0 -99.0 
1999  13.1  14.1 -99.0 -99.0 -99.0 -99.0  32.7 -99.0 -99.0 -99.0 -99.0 -99.0 
2000  11.2 -99.0 -99.0 -99.0 -99.0  30.6  32.1 -99.0 -99.0 -99.0 -99.0  14.4 
2001 -99.0 -99.0  22.2  24.2 -99.0 -99.0 -99.0 -99.0 -99.0 -99.0 -99.0 -99.0 
2002 -99.0 -99.0  21.0  24.9  30.3  30.9  35.3  34.5  31.5  23.7  18.5  13.9 
2003 -99.0 -99.0 -99.0 -99.0 -99.0 -99.0 -99.0 -99.0 -99.0 -99.0 -99.0 -99.0 
2004 -99.0 -99.0 -99.0 -99.0 -99.0 -99.0 -99.0 -99.0 -99.0 -99.0 -99.0 -99.0 
2005  11.4  14.6  21.1  24.5  28.1  31.0  33.5  33.3  31.2  26.7  19.2  14.4 
2006 -99.0 -99.0 -99.0 -99.0 -99.0 -99.0 -99.0 -99.0 -99.0  25.1 -99.0 -99.0 
2007  12.9  15.0  18.7  26.3  28.6  32.8  31.8  32.3  29.7  25.5  18.9  12.2 
2008  11.7  12.5  20.4  24.6  30.9  33.1  33.1  31.5  30.8  25.8  20.1  14.1 
2009  14.7 -99.0 -99.0 -99.0 -99.0 -99.0 -99.0  31.3  32.1  25.0  17.1  14.9 
2010  15.1  19.0  21.9  26.9 -99.0  33.9  32.1  32.1  30.8  25.6  21.4  15.2 
2011  13.7 -99.0 -99.0 -99.0 -99.0 -99.0 -99.0 -99.0 -99.0 -99.0 -99.0 -99.0 
