Number= 622710
Name= KUFRA
Country= LIBYA
Lat=   24.2
Long=  -23.3
Height= -999
Start year= 1951
End year= 2011
First Good year= 1951
Source ID= 10
Source file= Jones+Anders
Jones data to= 2001
Normals source= Data
Normals source start year= 1961
Normals source end year= 1990
Normals=  12.9  15.2  19.4  24.8  28.3  30.8  30.6  30.4  28.4  24.2  18.3  14.1 
Standard deviations source= Data
Standard deviations source start year= 1951
Standard deviations source end year= 1990
Standard deviations=   1.4   1.5   1.6   1.4   1.5   1.0   1.1   0.8   1.0   1.7   1.6   1.5 
Obs:
1951 -99.0  14.4 -99.0 -99.0 -99.0 -99.0 -99.0  30.8  30.5  27.2  17.6  11.6 
1952  14.1  15.2 -99.0  24.2 -99.0 -99.0  30.1 -99.0 -99.0  25.8  17.7 -99.0 
1953  11.9 -99.0  18.5  23.9 -99.0  31.7  31.2  31.1 -99.0 -99.0  17.7  14.3 
1954  11.7 -99.0  20.2  23.7  29.5  29.6  30.6  30.9  26.3  23.8  19.9  14.0 
1955  14.7  16.9  20.4  24.7  28.8 -99.0 -99.0  30.2 -99.0  25.3  19.0  13.2 
1956  13.2  17.1  19.8  23.6 -99.0 -99.0 -99.0 -99.0 -99.0  21.4 -99.0 -99.0 
1957  12.3 -99.0 -99.0  22.7  27.8 -99.0 -99.0 -99.0 -99.0 -99.0 -99.0 -99.0 
1958 -99.0  15.0 -99.0 -99.0 -99.0 -99.0  31.8  30.5  28.0  23.9  20.6  16.2 
1959  13.5  12.2  18.5  23.6  29.2  29.8  27.4  30.7  28.6  23.1 -99.0  13.0 
1960  12.3  14.7  18.5  24.1  28.0  30.5  30.7  29.9  28.5  25.8  18.5  19.1 
1961 -99.0  11.9  16.5  23.9  27.1  32.8  30.5 -99.0 -99.0 -99.0  17.5 -99.0 
1962 -99.0 -99.0 -99.0  25.6 -99.0  31.1  31.3  31.2  28.4  24.3  22.9  14.1 
1963  14.3  17.7  18.6  25.6  29.1  31.5  31.5  31.3  29.5  27.1  18.5  15.2 
1964  12.5  14.3  20.7  25.9  26.7  31.3  30.5  30.9  26.2  24.1  18.1  15.3 
1965  14.1  16.4  19.3  23.2  25.7  31.3  31.0  30.9  28.9  24.5  16.7  12.7 
1966  13.3  14.9  17.8  23.9  28.3  30.7  31.0  31.1  29.1  25.3  20.4  12.6 
1967  11.0  15.3  16.9  26.5  27.3  30.9  30.1  30.6  28.5  23.1  17.0  15.5 
1968  12.0  15.3  18.3  23.1  28.1  32.0  30.8  30.6  28.3 -99.0  18.0  15.0 
1969  12.0  18.3  22.8  24.3  27.7  32.0  28.2  30.3  30.8  27.0  19.3  14.8 
1970  14.7  15.5  17.9  23.5  28.6  29.4  30.0  29.4  27.1  22.1  17.3  14.2 
1971  14.1  14.6  21.7  23.1  29.0  29.4  29.1  29.4  27.0  21.9  17.4  14.2 
1972  12.8  15.9  19.1  23.9  28.9  30.1  30.3  30.2  29.1  24.7 -99.0  13.5 
1973  13.1  16.5  18.1  23.5  26.9  30.2  31.2  28.8  27.3  24.3  15.6  14.5 
1974  11.9  15.1  20.5  26.3  26.3  29.7  30.1  29.1  27.7  25.7  17.3  12.4 
1975  11.1  15.3  18.3  25.7  28.4  29.3  29.5  29.1 -99.0 -99.0 -99.0 -99.0 
1976 -99.0 -99.0 -99.0 -99.0 -99.0 -99.0 -99.0 -99.0 -99.0 -99.0 -99.0 -99.0 
1977 -99.0 -99.0 -99.0 -99.0 -99.0 -99.0 -99.0 -99.0 -99.0  21.9  18.5  12.9 
1978  13.0  16.4  20.3  27.0  30.8 -99.0  31.0  29.6  28.4  25.7  16.6  15.4 
1979 -99.0 -99.0  21.9  25.4  29.4  32.0  31.9  31.5  28.8  24.3 -99.0  11.9 
1980  13.5  13.7  19.7  24.7  30.7  31.1  31.3  30.9  27.1  24.7  19.5 -99.0 
1981   9.3  14.5  20.1  26.4  28.5  31.4  31.0  30.6  27.7  26.3  15.9  15.2 
1982  14.1  13.7  17.7  26.1  26.7  30.3  30.1  30.7  28.5  26.9  16.9  13.9 
1983 -99.0  14.9  16.5  23.4  29.5  30.3  31.3  30.3  27.7  22.1  19.7  14.9 
1984  12.3  14.9  20.4  25.1  32.7  28.7  28.7  28.9  28.3  24.1  18.5  15.8 
1985  15.8  15.2  21.4  23.7  29.9  31.3  30.1  30.7  27.7  21.6  18.9  15.0 
1986  12.6  17.5  21.3  25.3  25.3  31.1  31.9  31.2  29.3  23.5  17.7  11.9 
1987  13.2  16.6  19.9  21.3 -99.0  30.3  31.9 -99.0  28.9  23.5  19.0  15.5 
1988 -99.0 -99.0  20.5 -99.0 -99.0 -99.0 -99.0  31.0  28.9  21.6  18.4  13.9 
1989  10.2  12.3  18.3  26.5  28.7  32.8  31.6  31.9  29.8  23.8  17.9  13.1 
1990  14.7  14.1  18.1  27.6  28.2  30.5  31.4  30.3  28.5  25.1  22.3 -99.0 
1991  12.9  17.1  21.2  27.9  29.9  31.9  31.5  30.8  28.3  25.5  18.4  18.4 
1992  12.9  12.7 -99.0  20.6  28.3 -99.0 -99.0 -99.0 -99.0  25.7  19.0  13.9 
1993  12.1 -99.0  19.7  25.7 -99.0 -99.0  30.4 -99.0 -99.0 -99.0  22.3  16.0 
1994  14.7  15.0 -99.0  25.7  29.0  30.2 -99.0 -99.0 -99.0  27.1  18.2 -99.0 
1995 -99.0  16.9  21.7 -99.0  28.0  34.0 -99.0  33.1 -99.0 -99.0  17.2 -99.0 
1996  15.6  16.5  21.1  24.2 -99.0 -99.0 -99.0 -99.0  31.6 -99.0 -99.0  15.1 
1997 -99.0  13.3  18.5 -99.0 -99.0 -99.0  33.3 -99.0 -99.0  25.8  20.5 -99.0 
1998 -99.0 -99.0 -99.0  28.1 -99.0 -99.0 -99.0 -99.0 -99.0 -99.0 -99.0 -99.0 
1999  14.6 -99.0  20.1 -99.0 -99.0 -99.0  32.9 -99.0 -99.0 -99.0 -99.0 -99.0 
2000 -99.0 -99.0  18.6 -99.0 -99.0 -99.0 -99.0  31.7 -99.0 -99.0 -99.0 -99.0 
2001 -99.0 -99.0  22.0 -99.0 -99.0 -99.0 -99.0 -99.0 -99.0 -99.0 -99.0 -99.0 
2002 -99.0 -99.0 -99.0 -99.0 -99.0 -99.0 -99.0 -99.0 -99.0 -99.0 -99.0 -99.0 
2003 -99.0 -99.0 -99.0 -99.0 -99.0 -99.0 -99.0 -99.0 -99.0 -99.0 -99.0 -99.0 
2004 -99.0 -99.0 -99.0 -99.0 -99.0 -99.0 -99.0 -99.0 -99.0 -99.0 -99.0 -99.0 
2005  13.5  18.5  21.6  22.5  28.9  32.0  31.8  32.7  30.4  25.6  19.1  16.6 
2006  14.7 -99.0 -99.0 -99.0 -99.0 -99.0 -99.0 -99.0 -99.0 -99.0 -99.0 -99.0 
2007  13.3  16.3  21.1 -99.0  30.5  32.5  33.1  33.1  29.2  26.0  20.3 -99.0 
2008  12.5 -99.0  22.2  25.2 -99.0  34.1  33.0  32.4  31.1  25.4  20.4  17.1 
2009  16.3 -99.0 -99.0 -99.0 -99.0 -99.0 -99.0  31.7  31.3  27.0  19.3  15.6 
2010  16.6  19.9  22.9  27.7  30.0  33.7  33.6  33.2  31.5  27.9  21.8  16.0 
2011  14.8 -99.0 -99.0 -99.0 -99.0 -99.0 -99.0 -99.0 -99.0 -99.0 -99.0 -99.0 
