Number= 624350
Name= EL KHARGA
Country= EGYPT
Lat=   25.5
Long=  -30.5
Height= 78
Start year= 1951
End year= 2011
First Good year= 1951
Source ID= 10
Source file= Jones+Anders
Jones data to= 1990
Normals source= Data
Normals source start year= 1961
Normals source end year= 1990
Normals=  13.9  15.9  20.2  25.6  29.7  32.4  32.3  31.8  30.1  26.2  20.2  15.6 
Standard deviations source= Data
Standard deviations source start year= 1951
Standard deviations source end year= 1990
Standard deviations=   1.5   1.4   1.4   1.4   1.3   1.1   0.9   1.0   1.3   1.5   1.5   1.5 
Obs:
1951  13.4  15.6  21.4  23.7  30.3  30.5  31.1  30.9  30.4  27.7  19.2  12.4 
1952  14.5  15.7  18.4  24.2  29.2  30.3  30.8  32.8  30.4  27.2  19.2  16.9 
1953  13.2  16.6  17.6  24.6  30.0  31.8  32.4  31.2  27.5  25.4  18.2  13.6 
1954  11.4  14.6  19.5  23.5  29.4  30.4  31.2  31.6  27.1  24.6  19.5  14.3 
1955  15.4  18.3  21.4  25.7  29.4  32.6  32.3  30.8  30.2  27.0  20.6  14.8 
1956  14.5  17.9  19.6  24.1  27.5  31.9  32.3  33.3  28.2  23.9  20.6  15.8 
1957  12.6  15.7  19.1  23.7  28.9  30.8  31.4  31.1  31.0  27.5  21.5  15.5 
1958  13.9  16.7  19.9  27.4  28.4  31.0  31.7  30.9  28.6  24.5  21.5  17.6 
1959  13.1  12.6  18.7  25.2  29.9  31.4  31.3  31.1  27.9  24.0  19.8  15.2 
1960  14.0  16.5  20.1  25.1  29.0  30.6  31.6  30.9  29.8  28.7  20.7  19.7 
1961 -99.0 -99.0 -99.0 -99.0 -99.0 -99.0 -99.0 -99.0 -99.0 -99.0 -99.0 -99.0 
1962 -99.0 -99.0 -99.0 -99.0 -99.0 -99.0 -99.0 -99.0 -99.0  27.2  23.9  14.5 
1963  15.4  16.9  19.1  26.4  28.6  32.3  31.8  31.7  29.8  28.2  20.4  15.9 
1964  12.6  14.9  20.4  25.4  27.5  30.9  31.0  31.0  27.0  25.9  20.3  16.3 
1965  14.3  16.3  21.1  23.6 -99.0 -99.0 -99.0 -99.0 -99.0 -99.0 -99.0 -99.0 
1966 -99.0 -99.0 -99.0 -99.0  30.1  32.4  32.1  31.4  31.7  27.9  24.2  15.0 
1967  12.3  15.6  17.0  25.0  28.4  32.3  31.6  31.3  29.2  24.8  19.1  16.1 
1968  13.1  15.3  19.1  24.4  29.9  33.9  32.5  32.2  29.8  24.1  20.0  14.7 
1969  12.0  18.7  23.4  23.6  28.9  33.2  30.8  30.9  32.6  27.4  20.9  15.7 
1970  15.3  16.8  20.0  25.8  29.4  30.3  31.6  30.9  29.0  24.8  19.7  13.9 
1971  16.8  15.5  21.2  23.4  30.2  31.7  30.9  31.2  29.4  24.9  19.3  15.2 
1972  13.5  15.3  19.7  26.1  29.1  31.6  32.0  32.5  30.7  27.7  19.3  14.6 
1973  14.6  18.1  20.0  24.9  29.7  32.0  32.8  30.2  29.1  26.8  17.8  15.7 
1974  12.2  15.7  20.9  27.1  28.4  31.2  31.4  30.9  29.3  27.6 -99.0 -99.0 
1975  12.4  15.7  19.5  26.9  28.7  31.4 -99.0 -99.0 -99.0 -99.0 -99.0 -99.0 
1976 -99.0 -99.0 -99.0 -99.0 -99.0 -99.0 -99.0 -99.0 -99.0 -99.0 -99.0 -99.0 
1977 -99.0 -99.0 -99.0 -99.0 -99.0 -99.0 -99.0 -99.0 -99.0 -99.0 -99.0 -99.0 
1978 -99.0 -99.0 -99.0 -99.0 -99.0 -99.0 -99.0 -99.0 -99.0 -99.0 -99.0 -99.0 
1979 -99.0 -99.0 -99.0 -99.0 -99.0 -99.0 -99.0 -99.0 -99.0 -99.0 -99.0 -99.0 
1980 -99.0 -99.0 -99.0 -99.0 -99.0 -99.0 -99.0 -99.0 -99.0 -99.0 -99.0 -99.0 
1981  11.6  15.3  20.9  27.3  29.8  33.5  33.6  32.5  29.2  28.1  18.1  15.5 
1982  15.9  14.8  18.5  26.8  28.6  32.4  32.3  32.8  30.6  28.0  18.0  14.6 
1983  11.7  14.3  18.2  24.8  30.8  32.7  33.4  32.0  29.7  24.3  21.0  16.6 
1984  14.3  17.3  21.4  25.5  32.8  31.6  31.9  31.3  31.2  27.8  19.6  16.2 
1985  16.9  15.3  22.0  25.8  31.7  33.8  31.6  32.0  29.7  24.1  21.5  18.0 
1986  14.3  17.5  22.1  25.7  26.9  33.4  33.5  32.6  31.6  26.1  20.5  13.7 
1987  15.0  17.5  19.7  23.2  30.4  32.5  33.5  33.6  30.6  25.4  20.1  16.2 
1988  14.9  16.0  21.4  27.2  32.4  34.4  34.1  33.4  30.3  24.5  18.0  16.4 
1989  12.3  13.8  19.6  28.8  31.6  33.4  33.2  33.5  31.7  26.4  20.1  15.1 
1990  14.5  14.2  18.2  26.4  28.9  32.1  32.4  30.3  29.0  25.4  22.7  18.7 
1991 -99.0 -99.0 -99.0 -99.0 -99.0 -99.0 -99.0 -99.0 -99.0 -99.0 -99.0 -99.0 
1992 -99.0 -99.0 -99.0 -99.0 -99.0 -99.0 -99.0 -99.0 -99.0 -99.0 -99.0 -99.0 
1993 -99.0 -99.0 -99.0 -99.0 -99.0 -99.0 -99.0 -99.0 -99.0 -99.0 -99.0 -99.0 
1994 -99.0 -99.0 -99.0 -99.0 -99.0 -99.0 -99.0 -99.0 -99.0 -99.0 -99.0 -99.0 
1995 -99.0 -99.0 -99.0 -99.0 -99.0  35.1  34.4  33.1  32.3  26.8  18.0  15.8 
1996  14.9  17.1  20.4  24.1  32.6  32.0  32.8  33.0  32.7  26.1  21.1  16.0 
1997  16.0  13.3  18.2  23.8  30.1  32.6  33.6  32.8  29.4  25.3  20.2  14.7 
1998  14.0  16.7  17.9  27.3  31.4  31.6  33.2  35.0  32.1 -99.0 -99.0 -99.0 
1999  14.8  18.1  20.2  25.2  30.9  32.0  33.8  33.7  31.4  27.1  21.8  16.6 
2000  13.9 -99.0  19.7  26.9  29.5  30.7  33.5  32.0 -99.0  25.2  21.2  15.5 
2001  14.5  15.8  23.3  25.8  30.0  31.6  34.8  34.0  31.8  25.0  20.5  16.0 
2002  13.2  17.5  22.2  25.9  29.8  31.6  35.3  34.2  32.5  27.3  22.1  15.9 
2003  16.6  15.0  18.3  25.9  31.1  33.1  32.9  33.1  30.8  22.8  21.8  15.5 
2004  14.2  17.3  22.0  25.7  31.5  31.7  33.4  32.1  29.9 -99.0 -99.0  15.7 
2005  14.3  17.5  20.3  26.6  28.8  32.4  34.0  33.5  31.7  26.2  20.0  17.9 
2006  15.8  18.0  21.6  25.3  29.4  33.5  32.7  34.2  31.4  26.8  18.8  15.2 
2007  14.2  16.9  20.5  25.6  30.5  33.2  33.4  33.6  29.4  27.8  21.4  16.2 
2008 -99.0  15.6  23.2  26.5  30.5  34.2  22.4  33.7  31.7  26.5  21.8  16.5 
2009  15.9  17.0  19.1  27.4  28.7  33.3  34.2  32.6  31.5  27.9  20.6  16.5 
2010  17.3  19.7  23.4  27.4  30.2  34.0  34.2 -99.0  32.2  30.1  24.4  17.4 
2011  14.9  18.4  20.6  24.5  29.6 -99.0 -99.0 -99.0 -99.0 -99.0 -99.0 -99.0 
