Number= 626000
Name= WADI HALFA
Country= SUDAN
Lat=   21.9
Long=  -31.3
Height= 126
Start year= 1903
End year= 2010
First Good year= 1903
Source ID= 10
Source file= Jones+Anders
Jones data to= 1964
Normals source= WMO
Normals source start year= 1961
Normals source end year= 1990
Normals source percent availability= 100
Normals source variable code= 14
Normals=  16.4  18.1  22.5  27.7  31.5  33.1  32.8  32.5  31.8  28.8  22.5  18.1 
Standard deviations source= Data
Standard deviations source start year= 1941
Standard deviations source end year= 1964
Standard deviations=   1.2   1.8   1.5   1.7   1.4   1.1   0.6   0.8   1.4   1.3   1.4   2.2 
Obs:
1903 -99.0 -99.0 -99.0 -99.0 -99.0 -99.0  31.9  32.9  31.0  28.8 -99.0  21.1 
1904  18.2  18.7  23.1  25.4  29.0  30.4  31.1  30.7  29.8  28.5  20.1  15.0 
1905  15.1  15.0  19.9 -99.0  29.9  33.2  32.1  32.2  32.9  28.9  25.1  17.3 
1906  15.6  18.4  21.9  26.0  30.3  32.4  32.0 -99.0  30.3  28.7  23.2  19.9 
1907  17.5  18.2  20.5  27.1  30.5  31.7  32.0  32.7  30.5  26.7  20.2  15.6 
1908  14.8  16.8  22.4  27.5  29.9  32.3  31.9  31.4  30.6  28.7  20.4  15.1 
1909  15.5  17.7  22.8  24.6  31.6  32.6  32.4 -99.0  31.5  28.0  23.9  19.0 
1910  14.7  18.7  18.6  27.9  30.3 -99.0  32.8  32.2  31.8  26.4  20.7  16.4 
1911  18.1  15.1  20.8  26.7  30.6  30.6  32.2  31.1  30.0  28.5  22.6  16.2 
1912  14.3  18.2  21.4  25.7  29.2  31.1  30.9  29.1  29.0  25.2  23.6  16.9 
1913  15.3  16.0  19.3  27.7  29.2  29.7  32.0  31.5  32.0  27.6  20.0  14.8 
1914  17.3  17.5  23.0 -99.0 -99.0  35.2  31.9  33.2  29.9  31.1  23.1  17.3 
1915  17.9  19.5  22.6  27.3  28.9  33.4  32.5  32.5  30.6  27.9  23.5  19.1 
1916  13.5  18.3  24.4  27.9  31.3  33.5  33.4  32.6  29.7  26.8  24.1  18.4 
1917  16.5  17.6  22.7  27.3  27.7  30.0  30.3  30.9  28.0  25.1  24.7  20.5 
1918  14.5  18.1  22.2  25.4  29.9  31.8  33.2  30.8  29.9  29.3  24.1  18.2 
1919  18.5  19.2  24.2  26.5  29.9  30.2  33.0  30.1  30.7  28.7  22.2  15.9 
1920 -99.0 -99.0  20.0  26.7  29.2  32.1  31.4  34.2  30.0  28.4  21.9  16.0 
1921  14.7  15.9  19.3  29.9  29.6  32.5  33.5  34.2  29.1  27.7  21.2  18.2 
1922  15.0  17.2  21.1  27.2  28.8  31.6  32.5  32.6  30.3  29.7  24.9  16.2 
1923  18.6  17.1  21.7  25.8  29.7  34.2  32.0  32.7  30.0  28.0  22.8  17.3 
1924  15.8  20.0  23.9  28.6 -99.0  32.8  32.6  32.6  31.0  28.6  21.6  18.2 
1925  12.6  15.7  24.2  27.5  31.0  32.1  32.6  31.7  31.4  28.3  23.5  18.6 
1926  14.5  16.9  20.5 -99.0  33.1  33.0  31.9 -99.0  28.4  27.3  21.4  16.3 
1927 -99.0  15.1  21.1  24.1  30.4  31.2  32.6  32.7  30.5  30.3  22.8  19.3 
1928  19.0  17.5  24.2  27.7  34.4  31.7  31.6  33.1  32.5  27.8  21.6  18.6 
1929  15.2  17.8  21.3  26.8  33.9  32.8  32.5  33.2  32.4  27.2  24.0  15.7 
1930  14.7  17.7  21.1  26.5  31.2  33.1  32.9  33.1  32.0  28.6  21.2  20.3 
1931  17.6  17.9  22.6  27.3  30.1  32.0  33.2  34.1  31.9  28.9  22.1  17.4 
1932  15.4  18.1  21.7  26.6  28.1  33.4  33.2  32.9  30.3  30.2  22.6  16.8 
1933  17.2  18.5  22.8  24.0  30.3  34.3  31.9  31.7  28.8  26.5  25.6  18.9 
1934  16.1  14.8  21.9  26.5  32.0  32.6  31.3  31.7  29.3  28.9  23.8  16.2 
1935  16.1  17.3  22.3  24.3  31.0  32.5  30.0  32.1  29.9  27.8  19.3  15.9 
1936  14.9  17.9  22.9  26.9  30.9  30.6  31.4  32.2  28.2  28.5  24.7  17.6 
1937  13.4  17.1  22.0  26.1  30.5  30.8  32.1  32.7  33.2  29.8  22.3  19.6 
1938  17.0  18.4  19.2  27.6  30.7  29.9  33.0  34.1  31.7  28.1  22.2  18.9 
1939  16.3  17.5  22.0  27.4  33.8  33.0  32.4  32.9  32.4  31.0  22.1  19.3 
1940  16.5  17.7  20.8  27.1  32.3  34.8  33.3  32.2  31.5  29.6  21.5  18.4 
1941  16.0  19.5  22.2  27.6  33.9  32.9  33.5  32.3  30.2  26.5  22.3  14.5 
1942  17.3  18.6  22.2  27.2  31.4  32.0  32.1  32.8  28.5  28.3  22.2  18.0 
1943  14.9  15.1  19.3  22.2  30.2  30.2  32.5  33.9  30.2  28.9  24.7  19.3 
1944  14.3  17.8  22.6  26.6  28.7  33.7  32.8  32.9  30.8  28.8  20.4  16.1 
1945  15.5  14.3  18.8  24.2  30.4  30.8  32.2  33.4  30.6  26.9  21.8  15.8 
1946  18.1  18.4  20.6  25.9  29.8  31.5  32.5  33.0  32.0  28.7  23.4  18.9 
1947  14.0  17.8  21.6  26.9  31.8  34.0  32.7  32.8  30.2  27.3  20.5  19.7 
1948  15.2  16.7  18.3  25.2  30.4  32.3  31.8  32.1  29.4  25.6  20.7  14.1 
1949  13.8  13.7  20.7  22.4  33.3  31.7  31.5  31.9  28.5  27.1  23.6  15.7 
1950  14.9  18.1  20.2  27.9  30.4  31.3  32.7  32.9  30.6  27.1  21.5  19.8 
1951  16.3  16.9  22.6  25.4  32.3  31.3  32.5  32.5  32.8  29.0  20.4  13.5 
1952  15.9  18.2  20.6  27.2  31.1  31.1  31.9  34.6  32.7  29.1  21.2  19.3 
1953  16.3  18.7  20.4  25.7  32.9  33.0  34.1  32.7  30.4  27.7  20.2  14.8 
1954  14.1  17.9  22.5  26.3  31.7  31.4  33.0  33.3  29.5  26.8  22.1  16.8 
1955  15.9  18.9  22.5  27.3  30.6  32.8  32.6  31.8  31.7  28.7  21.0  14.8 
1956  15.0  20.1  22.3  25.7  28.5  32.3  32.5  35.1  30.3  26.2  22.5  16.6 
1957  14.1  16.3  20.3  24.9  31.1  32.1  32.3  33.4  33.7  29.7  23.9  17.8 
1958  15.7  16.8  21.7  29.8  30.4  32.1  33.7  33.0  30.3  26.1  23.5  19.5 
1959  14.5  13.5  20.0  26.6  31.4  32.8  32.2  32.9  29.6  25.7  21.7  17.1 
1960  15.2  18.1  21.1  27.2  29.7  31.8  32.1  31.7  30.7  29.2  21.8  22.3 
1961 -99.0  14.2  19.3 -99.0  29.0  34.7  32.8  32.8  28.0  25.8  20.1  15.5 
1962  15.1  16.8  24.9  25.9  29.7  33.1  32.9  34.1  30.4  28.9  25.5  16.8 
1963  17.8  19.0  20.8  27.7  31.3  33.8  33.2  33.0  31.7  29.3  21.8  17.5 
1964 -99.0  15.5  21.7  27.5  28.8  32.0  32.5  33.9 -99.0 -99.0 -99.0 -99.0 
1965 -99.0 -99.0 -99.0 -99.0 -99.0 -99.0 -99.0 -99.0 -99.0 -99.0 -99.0 -99.0 
1966 -99.0 -99.0 -99.0 -99.0 -99.0 -99.0 -99.0 -99.0 -99.0 -99.0 -99.0 -99.0 
1967 -99.0 -99.0 -99.0 -99.0 -99.0 -99.0 -99.0 -99.0 -99.0 -99.0 -99.0 -99.0 
1968 -99.0 -99.0 -99.0 -99.0 -99.0 -99.0 -99.0 -99.0 -99.0 -99.0 -99.0 -99.0 
1969 -99.0 -99.0 -99.0 -99.0 -99.0 -99.0 -99.0 -99.0 -99.0 -99.0 -99.0 -99.0 
1970 -99.0 -99.0 -99.0 -99.0 -99.0 -99.0 -99.0 -99.0 -99.0 -99.0 -99.0 -99.0 
1971 -99.0 -99.0 -99.0 -99.0 -99.0 -99.0 -99.0 -99.0 -99.0 -99.0 -99.0 -99.0 
1972 -99.0 -99.0 -99.0 -99.0 -99.0 -99.0 -99.0 -99.0 -99.0 -99.0 -99.0 -99.0 
1973 -99.0 -99.0 -99.0 -99.0 -99.0 -99.0 -99.0 -99.0 -99.0 -99.0 -99.0 -99.0 
1974 -99.0 -99.0 -99.0 -99.0 -99.0 -99.0 -99.0 -99.0 -99.0 -99.0 -99.0 -99.0 
1975 -99.0 -99.0 -99.0 -99.0 -99.0 -99.0 -99.0 -99.0 -99.0 -99.0 -99.0 -99.0 
1976 -99.0 -99.0 -99.0 -99.0 -99.0 -99.0 -99.0 -99.0 -99.0 -99.0 -99.0 -99.0 
1977 -99.0 -99.0 -99.0 -99.0 -99.0 -99.0 -99.0 -99.0 -99.0 -99.0 -99.0 -99.0 
1978 -99.0 -99.0 -99.0 -99.0 -99.0 -99.0 -99.0 -99.0 -99.0 -99.0 -99.0 -99.0 
1979 -99.0 -99.0 -99.0 -99.0 -99.0 -99.0 -99.0 -99.0 -99.0 -99.0 -99.0 -99.0 
1980 -99.0 -99.0 -99.0 -99.0 -99.0 -99.0 -99.0 -99.0 -99.0 -99.0 -99.0 -99.0 
1981 -99.0 -99.0 -99.0 -99.0 -99.0 -99.0 -99.0 -99.0 -99.0 -99.0 -99.0 -99.0 
1982 -99.0 -99.0 -99.0 -99.0 -99.0 -99.0 -99.0 -99.0 -99.0 -99.0 -99.0 -99.0 
1983 -99.0 -99.0 -99.0 -99.0 -99.0 -99.0 -99.0 -99.0 -99.0 -99.0 -99.0 -99.0 
1984 -99.0 -99.0 -99.0 -99.0 -99.0 -99.0 -99.0 -99.0 -99.0 -99.0 -99.0 -99.0 
1985 -99.0 -99.0 -99.0 -99.0 -99.0 -99.0 -99.0 -99.0 -99.0 -99.0 -99.0 -99.0 
1986 -99.0 -99.0 -99.0 -99.0 -99.0 -99.0 -99.0 -99.0 -99.0 -99.0 -99.0 -99.0 
1987 -99.0 -99.0 -99.0 -99.0 -99.0 -99.0 -99.0 -99.0 -99.0 -99.0 -99.0 -99.0 
1988 -99.0 -99.0 -99.0 -99.0 -99.0 -99.0 -99.0 -99.0 -99.0 -99.0 -99.0 -99.0 
1989 -99.0 -99.0 -99.0 -99.0 -99.0 -99.0 -99.0 -99.0 -99.0 -99.0 -99.0 -99.0 
1990 -99.0 -99.0 -99.0 -99.0 -99.0 -99.0 -99.0 -99.0 -99.0 -99.0 -99.0 -99.0 
1991  17.4  21.3  24.4  31.4 -99.0  33.5  33.7  33.5  31.6  28.1  23.5  15.7 
1992  15.1  15.0  22.7  25.9  31.5  36.4  33.9  34.3  31.9  30.7  22.5  16.9 
1993  16.3  17.3  23.3  29.7  32.6  33.0  33.5  34.7  32.3  31.9  25.8  20.9 
1994 -99.0  18.4  23.5  30.0 -99.0  32.5  33.5  35.3  33.5  31.2  21.9 -99.0 
1995  17.5  18.5  23.7  27.7  31.7  35.1  35.1  34.8  33.9  30.1  21.7  18.4 
1996  17.7  20.0  24.0 -99.0  34.9  33.2  34.3  35.1  34.3  29.7  23.4  19.5 
1997  19.4  16.7  22.0  28.0  32.3  34.5  34.5  34.2  32.3  30.3  23.4  18.4 
1998  16.7  19.1  20.9  29.6  33.3  31.1  35.1  36.3  34.2  30.1  25.1  19.8 
1999  18.6  22.1  23.1  33.9  32.8  32.7  35.2  35.3  33.7  30.0  24.5  20.4 
2000  17.5  17.7  21.7  28.8  32.7  33.1  35.3  33.7  33.1 -99.0  22.5  18.5 
2001  17.9  18.2  25.2  29.2  31.9  32.5  34.2  35.1  33.7  27.8  22.9  18.6 
2002  15.3  20.7  23.9  28.1  31.2  33.3  35.0  35.4  34.5  29.8  24.9  18.7 
2003  19.5  18.4  21.5  28.2  33.8  34.5  34.8  35.3  33.1  31.1  24.9  18.7 
2004  17.0  19.7  24.2  28.5  34.3  33.7  34.5  33.9  32.1  30.1  24.4  18.7 
2005  16.8  21.7  23.5  29.2  32.0  34.3  35.1  35.2  33.2  29.2  22.2  21.9 
2006  19.4  21.3  24.4  27.3  32.5  34.8  34.1  35.1  33.8  30.4  21.4  17.6 
2007  16.6  19.4  23.8  29.6  33.5  34.4  35.7  36.2  31.5  30.4  24.5  19.5 
2008  17.0  17.9  26.4  29.7  32.2  36.0  34.8  35.8  34.4  29.3  25.0  20.9 
2009  19.2  20.9  22.3  30.9  30.8  34.2  35.7  35.0  34.1  31.0  23.5  19.3 
2010  20.9  22.9  26.1  30.1  32.1  35.7  35.9  36.7  34.3  33.0  27.6  20.9 
