Number= 626410
Name= PORT SUDAN
Country= SUDAN
Lat=   19.6
Long=  -37.2
Height= 3
Start year= 1943
End year= 2010
First Good year= 1943
Source ID= 10
Source file= Jones+Anders
Jones data to= 2001
Normals source= Data
Normals source start year= 1961
Normals source end year= 1990
Normals=  23.0  22.8  24.3  26.5  29.4  32.0  33.8  34.0  31.9  29.4  27.2  24.6 
Standard deviations source= Data
Standard deviations source start year= 1943
Standard deviations source end year= 1990
Standard deviations=   0.7   0.9   0.8   0.9   0.9   0.7   0.9   1.0   0.7   0.6   0.6   1.0 
Obs:
1943  23.3 -99.0  22.6  24.3  28.5  29.5  33.6  30.9  32.1  28.7  27.8  25.8 
1944  23.4  22.4  25.3  26.4  28.9  32.2  33.5  34.1  31.5  29.4  26.7  24.3 
1945  23.9  21.5  22.9  25.3  29.6  31.0  33.3  35.0  32.3  28.9  27.0  24.5 
1946  23.7  22.8  23.5  26.1  28.7  31.4  34.0  34.0  32.1  29.3  27.1  25.4 
1947  23.5  23.4  24.5  26.6  29.1  31.5  33.6  33.8  31.9  29.5  27.1  24.9 
1948  23.1  22.6  22.7  25.4  28.7  32.1  33.0  33.5  31.4  28.3  27.2  23.9 
1949  22.3  20.8  23.4  24.1  29.9  31.8  33.0  33.8  31.0  28.4  26.8  22.9 
1950  23.2  22.9  24.6  28.1  31.0  33.0  34.4  35.8  33.7  30.0  28.7  25.8 
1951  24.0  22.7  24.4  25.9  29.6  31.5  33.9  33.1  31.8  29.1  26.6  23.1 
1952  23.7  23.3  23.4  26.4  29.3  31.1  32.5  34.9  32.5  29.5  27.6  26.0 
1953  24.5  23.7  23.5  26.3  29.7  32.0  34.9  34.1  31.5  29.6  27.1  22.5 
1954  22.1  23.0  24.8  26.2  29.4  32.0  35.3  35.3  31.9  29.0  27.7  24.7 
1955  23.2  23.7  24.3  27.5  29.0  32.7  32.1  34.1  31.9  29.1  27.6  24.3 
1956  22.4  24.1  24.5  26.0  25.4  31.7  34.1  35.0  32.1  28.4  27.2  24.5 
1957  22.2  22.1  23.9  25.3  28.5  31.3  33.0  34.7  31.6  29.9  27.8  25.5 
1958  23.5  22.4  24.8  28.5  28.8  31.9  34.1  34.3  31.5  28.8  27.8  25.7 
1959  23.1  21.3  23.1  26.6  29.7  31.5  32.7  34.0  31.1  28.1  26.6  24.3 
1960  22.6  23.5  23.3  26.5  29.7  31.9  33.6  33.4  31.7  29.2  27.9  25.6 
1961 -99.0  21.9  23.4 -99.0  28.7  32.3  34.1  35.0  30.9  28.4  26.6  23.3 
1962  22.5  23.0  25.0  26.3  29.0  31.8  33.9  34.9  32.3  29.1  26.6  24.7 
1963  23.7  24.5  24.0  26.6  28.7  32.1  33.6  34.3  31.9  29.6  26.7  24.5 
1964  22.0  22.3  24.5  26.7  27.8  31.4  33.7  34.4  30.9 -99.0  26.3  23.0 
1965  22.1  22.8  24.4  25.0  27.7  30.9  32.6  33.7  31.1  29.3  26.5  24.0 
1966  23.5  22.0  23.3  26.1  29.0  32.1  32.9  33.7  31.5  29.4  27.1  24.6 
1967  23.0  22.3  22.7  25.1  28.3  31.1  33.1  33.9  30.9  28.9  26.3  24.1 
1968  23.0  21.9  23.7  25.3  28.9  32.2  34.1  33.1  30.7  29.1  26.9  24.9 
1969  22.4  23.4  25.9  26.4  29.1  32.4  32.7  33.3  31.5  29.9  27.8  26.1 
1970  23.6  23.7  24.1  27.0  29.4  31.1  33.1 -99.0 -99.0  28.7  27.3  23.7 
1971  22.5  22.2  24.6  25.3  29.2  31.1  32.7  33.7  30.8  28.1  26.5  23.1 
1972  22.8  22.5  23.9  26.7  29.1  31.5  33.1  33.5  31.1  29.7  27.4  23.4 
1973  22.7  24.8  24.1  27.1  29.4  31.2  33.5  33.4  31.8  29.5  26.9  24.8 
1974  22.0  22.9  24.3  27.0  29.8  32.6  34.7  33.7  31.7  29.1  28.0  24.1 
1975  23.1  22.9  24.6  27.6  29.5  32.1  33.5  33.6  32.9  28.5  27.1  24.6 
1976  23.0  22.6  24.2  26.9  30.1  32.5  33.5  33.4  32.7  29.9  26.8  26.2 
1977  22.8  23.9  24.8  25.9  29.3  32.5  35.2  35.4  31.8  28.7  26.5  24.1 
1978  22.7  23.8  24.9 -99.0  30.6  32.1 -99.0  33.8 -99.0 -99.0 -99.0 -99.0 
1979  23.5 -99.0  25.1  28.1  30.1  32.9 -99.0  33.4  32.3  29.7  28.8  23.8 
1980  24.0  22.9 -99.0  27.7  30.5  33.3  34.7  34.2  31.9  29.7  28.5  25.4 
1981  23.9  23.1  25.1  26.5  29.8  32.4  34.6  33.5  32.6  30.4  27.3  26.1 
1982  24.1  21.8  23.4  27.3  28.9  31.9  32.8  34.0  32.2  29.9  25.9  23.5 
1983  21.4  21.3  22.4  25.4  29.1  32.8  33.6  34.0  32.1  28.7  27.7  25.4 
1984  23.3  24.0  25.2  26.7  29.3  31.0  32.7  31.9  32.1  29.8  27.4  24.9 
1985  25.0  22.4  24.8  27.1  30.3  32.1  33.4  34.3  32.2  28.6  27.1  24.4 
1986  23.2  23.3  25.2  26.8  28.2  31.4  35.0  34.5  32.2  30.1  27.2  23.6 
1987  23.4  24.2  24.0  25.8  29.9  32.1  34.1  35.7  32.0  30.2  28.1  25.4 
1988  23.0  22.8  24.7  27.1  31.1  33.2  36.8  36.8  34.0  30.1  27.4  26.1 
1989  21.8  21.5  24.1  27.3  30.7  32.4  34.8  34.9  32.9  29.3  27.8  24.5 
1990  22.8  21.8  23.0  26.3  30.0  32.0  33.5  33.3  32.4  30.0  27.9  26.4 
1991  23.9  23.8 -99.0  28.1  30.6 -99.0  33.4  34.6  32.0  30.6  27.9  25.0 
1992  22.4  21.5 -99.0  26.6  28.3  30.6  34.5  35.6  35.0 -99.0 -99.0 -99.0 
1993 -99.0 -99.0 -99.0  27.1  32.0  35.4  38.2  37.5 -99.0  30.5  29.5  28.2 
1994  23.0  24.0 -99.0 -99.0  30.4  31.9  33.6  36.5 -99.0  31.4  28.7 -99.0 
1995  24.7  22.6  24.2  28.1  31.1  34.3  36.1  33.8 -99.0 -99.0  28.8 -99.0 
1996  25.4 -99.0  24.7  26.6 -99.0  32.7 -99.0 -99.0  34.0  29.4  26.7  25.1 
1997  23.3  21.1  23.0  26.4  30.5  33.6  35.7  34.8  32.8  29.6  27.1  24.9 
1998  22.6  23.3  24.0  27.4  31.0  33.3  36.7  37.2 -99.0  30.6  28.5  26.4 
1999  24.3  25.6  25.0  26.9  31.9  33.1  35.9  36.2  33.1  30.1  28.0  25.3 
2000  23.0  22.7  23.4  28.4  31.2  33.3  36.6  35.3  32.3  29.0  26.4  24.2 
2001  22.6  22.6  25.6  27.9  31.0  33.4  35.9  36.0  32.2  29.7  27.4  25.4 
2002  22.2  24.4  25.7  27.2  29.8  32.9  35.8  36.2  32.5  30.5  27.7  24.3 
2003  23.7  23.0  23.4  26.8  31.4  34.8  35.4  36.0  33.6  30.2  28.4  25.4 
2004  23.5  23.4  24.9  27.5  30.7  33.1  35.7  35.0  32.1  30.3  27.9  24.0 
2005  20.9  23.9  23.8  27.6  30.4  33.6  35.4  36.7  33.3  31.0  27.1  26.1 
2006  24.4  23.4  25.1  26.9  31.2  34.2  34.1  36.4  32.2  29.5  27.5  23.6 
2007  22.5  23.1  24.4  29.1  31.8  33.7  35.7  36.0  32.9  29.8  29.4  25.3 
2008  22.6  23.1  25.7  28.5  30.6  34.0  35.3  35.3  34.2  29.5  27.2  25.5 
2009  23.6  24.7  23.5  27.7  30.3  33.8  35.7  35.5  32.4  30.4  27.9  25.3 
2010  24.8  24.7  26.2  28.3  31.0  34.5  36.2  37.2  34.6  31.0  28.7  25.5 
