Number= 626610
Name= GEBEIT
Country= SUDAN
Lat=   19.0
Long=  -36.9
Height= 796
Start year= 1951
End year= 1975
First Good year= 1951
Source ID= 10
Source file= Jones
Jones data to= 1975
Normals source= Extrapolated
Normals source start year= 1951
Normals source end year= 1970
Normals=  19.5  19.8  21.7  24.7  28.5  30.9  31.1  30.4  29.9  26.1  23.3  21.0 
Standard deviations source= Data
Standard deviations source start year= 1951
Standard deviations source end year= 1975
Standard deviations=   0.8   1.0   0.8   0.9   0.8   0.6   1.0   1.3   0.7   0.7   0.7   1.4 
Obs:
1951  19.9  19.4  22.1  23.7  28.3  30.1  32.3  31.9  30.6  26.5  23.3  19.5 
1952  20.4  20.3  21.3  24.6  28.5  30.6  30.9  29.5  30.1  25.6  22.9  22.1 
1953  20.9  20.9  21.3  24.3  29.3  30.9  29.9  29.5  30.0  26.7  22.6  18.7 
1954  19.3  20.5  22.7  24.9  27.9  31.3  30.5  29.7  30.3  25.5  24.0  20.5 
1955  19.3  19.6  21.4  24.9  28.3  31.6 -99.0  30.8  30.3  25.5  23.7  20.5 
1956  18.0  21.0  22.5  24.3  27.3  31.0  30.1  29.3  29.5  25.2  23.4  20.5 
1957  18.5  18.8  21.6  23.4  27.3  30.7  31.5  31.0  30.4  27.1  24.1  21.9 
1958  20.0  19.5  22.7  27.1  28.3  31.1  30.9  31.7  30.3  26.1  23.9  21.9 
1959  19.5  18.0  20.7  26.1  28.7  30.7  29.9  29.5  30.1  25.7  23.4  20.5 
1960  19.0  20.3  20.5  25.1  28.3  31.8  32.2  32.5  30.3  26.3  24.1  22.4 
1961 -99.0 -99.0 -99.0  24.5  28.5  31.6  29.3  29.3  29.1  25.3  22.9  19.9 
1962  18.9  20.2  23.1  24.5  28.2  31.7  31.3  30.3  30.1  25.4  23.1  21.4 
1963  20.5  21.1  21.3  24.9  27.3  30.9  31.9  31.7  30.1  25.7  23.1  20.5 
1964  18.1  18.9  21.9  24.7  26.8  30.1  30.0  28.3  28.7  24.5  21.7  19.2 
1965  19.4  20.5  22.1  23.7  27.3  31.0  31.7  31.3  30.6  25.9  23.5  20.5 
1966  20.7  19.3  21.4  25.3  28.7  31.2  32.5  32.3  30.4  26.7  23.9  25.8 
1967  19.3  18.9  20.5  23.6  30.6  30.6  29.5  28.6  29.6  25.4  22.1  20.4 
1968  19.2  18.1  21.1  22.9  27.1  30.6  30.9  31.1  29.4  26.7  23.4  21.4 
1969  19.2  19.8  24.0  24.9  27.9  31.3  31.7  31.0  29.3  25.9  24.1  22.3 
1970  19.7  20.3  21.8  25.5  29.1  31.3  30.3 -99.0 -99.0  25.9  23.9  20.7 
1971  19.0  19.1  22.0  25.5  28.6  30.1  31.0  31.1  30.1  25.5  23.1  18.5 
1972  18.9  18.5  21.1  24.7  27.3  30.6  31.7  31.6  30.1  26.5  23.6  20.4 
1973  18.2  21.2  21.5  25.9  28.4  29.2  30.5  32.1  31.1  26.1  21.7  20.1 
1974  17.9  18.1  22.3  25.6  27.7  30.5  29.6  33.1  32.2  28.3  21.7  21.3 
1975 -99.0  20.1  22.3  25.0  28.3  30.5  32.2  30.1  30.1  25.7  23.3  20.3 
