Number= 627700
Name= GENEINA
Country= SUDAN
Lat=   13.4
Long=  -22.3
Height= -999
Start year= 1951
End year= 2010
First Good year= 1951
Source ID= 10
Source file= Jones+Anders
Jones data to= 1975
Normals source= Data
Normals source start year= 1961
Normals source end year= 1975
Normals=  19.8  22.2  25.7  28.3  29.0  27.9  25.1  23.8  24.4  25.4  22.6  20.0 
Standard deviations source= Data
Standard deviations source start year= 1951
Standard deviations source end year= 1975
Standard deviations=   0.9   1.5   0.8   1.1   0.7   1.0   1.1   0.8   1.0   1.2   0.9   1.6 
Obs:
1951  19.5  20.5  25.0  25.7  28.1  28.0  25.1  23.8  24.3  25.3  21.9  18.0 
1952  20.7  22.3  25.4  27.9  29.2  28.7  25.7  22.8  23.1  24.0  22.3  21.7 
1953  21.0  22.8  25.7  26.5  27.7  26.2  24.1  22.9  23.9  24.1  21.9  17.9 
1954  19.9  24.1  26.3  27.7  28.3  27.4  23.4  22.4  23.4  23.9  23.1  19.5 
1955  20.3  21.2  26.2  27.8  28.7  27.1  24.5  23.1  23.3  23.8  21.8  19.2 
1956  18.2  23.1  27.3  26.5  28.4  27.8  24.1  22.6  22.8  22.7  22.7  19.8 
1957  19.0  19.3  24.7  27.7  27.9  26.7  24.8  23.4  24.2  24.7  24.0  21.7 
1958  20.8  20.8  26.1  29.3  29.3  27.9  24.5  23.3  24.2  24.9  23.9  21.5 
1959  20.2  20.9  25.6  28.3  29.3  28.1  26.1  23.2  23.5  23.9  22.8  19.9 
1960  19.5  22.3  25.8  29.1  29.1  28.6  24.4  23.9  24.0  24.9  22.7  25.0 
1961 -99.0  20.1  24.7 -99.0  29.3  27.3  23.4  22.5  23.3  27.1  20.3  17.4 
1962  17.6  21.1  25.9  27.6  28.5  26.9  25.3  22.9  23.7  24.8  23.2  20.9 
1963  20.1  23.3  25.3  28.0  28.3  28.3  23.9  23.2  23.9  24.5  21.9  21.5 
1964  19.6  21.3  25.7  27.5  28.8  27.9  23.6  22.3  22.9  22.7  21.3  18.3 
1965  19.3  20.7  25.1  27.9  27.8  26.5  24.9  23.5  23.7  24.3  21.9  19.2 
1966  20.3  20.7  25.5  28.5  28.5  26.0  26.3  24.1  24.5  25.3  22.9  20.2 
1967  19.7  21.5  24.1  26.2  28.7  27.3  25.4  23.4  24.1  24.6  21.6  20.5 
1968  20.2  20.6  24.8  27.1  28.1  25.7  22.7  23.5  24.4  25.6  23.8  20.7 
1969  18.8  22.0  27.1  29.2  29.1  28.8  26.3  24.0  24.6  25.4  22.9  21.4 
1970  20.5  22.2  25.3  28.5  29.5  29.0  26.1 -99.0 -99.0  24.7  22.6  18.9 
1971  19.3  21.8  26.1  27.4  28.9  28.1  24.9  25.0  23.8  24.7  22.4  18.6 
1972  20.4  22.3  26.0  29.1  29.3  28.5  26.7  24.9  26.1  26.7  22.3  21.1 
1973  21.5  24.7  26.4  29.5  29.3  28.8  27.3  25.2  27.1  27.8  22.8  21.5 
1974  20.4  24.4  25.8  29.9  30.1  29.5  24.4  24.7  25.0  26.7  24.3  20.2 
1975  20.1  25.7  27.5  29.4  30.2  29.5  25.6  24.0  24.9  26.4  24.1  20.2 
1976 -99.0 -99.0 -99.0 -99.0 -99.0 -99.0 -99.0 -99.0 -99.0 -99.0 -99.0 -99.0 
1977 -99.0 -99.0 -99.0 -99.0 -99.0 -99.0 -99.0 -99.0 -99.0 -99.0 -99.0 -99.0 
1978 -99.0 -99.0 -99.0 -99.0 -99.0 -99.0 -99.0 -99.0 -99.0 -99.0 -99.0 -99.0 
1979 -99.0 -99.0 -99.0 -99.0 -99.0 -99.0 -99.0 -99.0 -99.0 -99.0 -99.0 -99.0 
1980 -99.0 -99.0 -99.0 -99.0 -99.0 -99.0 -99.0 -99.0 -99.0 -99.0 -99.0 -99.0 
1981 -99.0 -99.0 -99.0 -99.0 -99.0 -99.0 -99.0 -99.0 -99.0 -99.0 -99.0 -99.0 
1982 -99.0 -99.0 -99.0 -99.0 -99.0 -99.0 -99.0 -99.0 -99.0 -99.0 -99.0 -99.0 
1983 -99.0 -99.0 -99.0 -99.0 -99.0 -99.0 -99.0 -99.0 -99.0 -99.0 -99.0 -99.0 
1984 -99.0 -99.0 -99.0 -99.0 -99.0 -99.0 -99.0 -99.0 -99.0 -99.0 -99.0 -99.0 
1985 -99.0 -99.0 -99.0 -99.0 -99.0 -99.0 -99.0 -99.0 -99.0 -99.0 -99.0 -99.0 
1986 -99.0 -99.0 -99.0 -99.0 -99.0 -99.0 -99.0 -99.0 -99.0 -99.0 -99.0 -99.0 
1987 -99.0 -99.0 -99.0 -99.0 -99.0 -99.0 -99.0 -99.0 -99.0 -99.0 -99.0 -99.0 
1988 -99.0 -99.0 -99.0 -99.0 -99.0 -99.0 -99.0 -99.0 -99.0 -99.0 -99.0 -99.0 
1989 -99.0 -99.0 -99.0 -99.0 -99.0 -99.0 -99.0 -99.0 -99.0 -99.0 -99.0 -99.0 
1990 -99.0 -99.0 -99.0 -99.0 -99.0 -99.0 -99.0 -99.0 -99.0 -99.0 -99.0 -99.0 
1991 -99.0 -99.0 -99.0 -99.0 -99.0 -99.0 -99.0 -99.0 -99.0 -99.0 -99.0 -99.0 
1992 -99.0 -99.0 -99.0 -99.0 -99.0 -99.0 -99.0 -99.0 -99.0 -99.0 -99.0 -99.0 
1993 -99.0 -99.0 -99.0 -99.0 -99.0 -99.0 -99.0 -99.0 -99.0 -99.0 -99.0 -99.0 
1994 -99.0 -99.0 -99.0 -99.0 -99.0 -99.0 -99.0 -99.0 -99.0 -99.0 -99.0 -99.0 
1995 -99.0 -99.0 -99.0 -99.0 -99.0 -99.0 -99.0 -99.0 -99.0 -99.0 -99.0 -99.0 
1996 -99.0 -99.0 -99.0 -99.0 -99.0 -99.0 -99.0 -99.0 -99.0 -99.0 -99.0  26.1 
1997 -99.0 -99.0  29.9  32.1  32.5  31.5  27.7  27.1  29.5  30.7  27.8  24.8 
1998  22.9  26.5  25.2  33.4  33.6  28.6  29.7  26.5  27.6  29.9 -99.0  25.1 
1999  24.8  30.1  29.8  32.1  32.8  33.0  26.9  25.0 -99.0  29.1  28.4  24.9 
2000  25.6 -99.0 -99.0  33.2  33.4  32.3  28.4  27.3  29.1 -99.0  27.1  23.6 
2001  21.8  25.4  29.9  33.6  32.5  29.3  26.8  25.2  26.0  27.1  24.2  22.9 
2002  18.7  24.0  27.4  30.2  31.1  30.2  27.7  25.4  26.9  27.6  25.4  21.6 
2003  21.7  25.3  27.9  31.1  32.9  31.7  27.5  26.8  29.0  29.9  28.7  25.4 
2004  24.8  24.9  28.2  33.2  34.2 -99.0  28.6  27.4  29.4  30.7  25.2  25.3 
2005  23.0  30.3  27.9 -99.0  33.1  32.0  27.9  27.0  27.8  30.6  27.3  26.9 
2006  26.9  28.8  28.4  31.7  33.5  32.6  29.9  26.9  27.0  30.4  26.3  22.5 
2007  20.0  27.0  30.4  33.6  34.0  32.3  27.7  25.9  28.8  31.0  28.2  21.5 
2008  23.6  23.9  31.0  32.2  33.2  31.9  28.1  26.9  28.2  29.5  27.8  25.4 
2009  26.0  27.0  29.2  33.5  33.1  33.6  28.7  27.8  30.0  31.5  26.0  25.5 
2010  25.7  28.8  29.1  33.7  34.9  32.6  27.9  27.2  28.6  30.3  29.5  25.0 
