Number= 627720
Name= KOSTI
Country= SUDAN
Lat=   13.2
Long=  -32.7
Height= 386
Start year= 1943
End year= 2010
First Good year= 1943
Source ID= 10
Source file= Jones+Anders
Jones data to= 1991
Normals source= Data
Normals source start year= 1961
Normals source end year= 1990
Normals=  23.3  24.9  28.6  31.5  32.7  31.2  28.5  27.7  28.3  30.0  27.7  24.4 
Standard deviations source= Data
Standard deviations source start year= 1943
Standard deviations source end year= 1990
Standard deviations=   1.3   1.6   1.7   1.3   1.0   1.2   1.3   1.6   1.5   1.3   1.2   1.7 
Obs:
1943  22.0  22.5  26.6  28.4  32.5  30.3  28.2  25.9  27.0  28.4  26.2  25.4 
1944  23.5  23.7  28.9  29.6  31.7  31.0  27.3  27.1  27.0  29.9  26.0  22.8 
1945  23.5  21.8  26.6  30.2  29.8  29.9  28.2  26.2  27.1  27.2  27.2  23.8 
1946  23.5  24.3  26.7  29.0  31.3  28.9  27.4  25.7  26.9  28.5  27.6  22.1 
1947  22.4  24.5  25.9  30.5  30.6  31.1  27.7  26.5  27.5  29.7  26.5  25.0 
1948  22.0  23.5  25.6  30.9  31.3  28.6  28.5  26.5  27.2  28.2  25.8  22.3 
1949  22.0  21.3  26.9  28.6  31.0  30.2  28.7  27.4  27.0  29.1  27.6  22.0 
1950  22.9  23.4  22.3  30.1  31.2  31.6  26.9  25.2  26.4  28.9  27.3  24.4 
1951  23.4  23.1  27.7  33.1  31.4  30.6  27.5  26.6  26.6  28.7  26.4  20.2 
1952  23.8  24.8  26.7  30.0  32.5  30.6  28.7  25.8  26.7  29.0  27.5  25.8 
1953  24.4  25.4  27.8  29.2  31.8  29.8  26.5  25.6  26.9  28.3  26.3  21.2 
1954  22.8  26.4  28.6  30.4  31.5  30.1  26.1  25.0  25.7  28.4  28.3  23.5 
1955  23.0  25.3  29.5  31.3  31.7  29.9  27.8  25.7  25.8  29.4  26.8  22.4 
1956  21.6  25.9  29.6  29.6  31.4  28.9  26.0  24.9  25.6  27.5  27.6  23.6 
1957  21.8  21.9  28.1  29.2  31.2  30.0  27.7  26.0  27.6  29.1  28.0  24.8 
1958  23.5  23.0  28.6  33.1  32.0  29.5  26.4  26.2  27.7  29.4  28.6  25.5 
1959  22.7  21.9  27.1  30.9  32.5  30.5  27.7  25.6  26.7  28.3  27.6  24.4 
1960  22.2  25.7  26.9  31.3  31.6  31.3  27.6  25.5  27.7  29.4  26.3  26.8 
1961  24.7  22.7  27.1 -99.0  32.7  30.2  26.5  25.5  24.2  28.4  25.7  21.8 
1962  21.5  24.2  29.2  30.5  32.5  30.1  28.4  25.7  27.1  29.1  28.5  24.4 
1963  24.7  25.9  27.7  30.6  31.6  31.2  27.4  26.9  27.8  28.7  27.3  23.8 
1964  21.9  23.3  28.1  31.3  31.8  30.5  26.2  25.9  27.3  27.9  26.5  22.3 
1965  22.6  24.9  28.6  30.4  31.4  30.6  27.9  26.3  28.0  28.4  26.1  23.3 
1966  23.3  22.9  27.9  30.6  31.7  30.2  29.6  27.3  28.1  28.9  27.5  24.7 
1967  22.3  23.9  26.5  29.9  31.9  29.4  27.0  25.5  27.1  28.2  24.6  23.9 
1968  22.7  22.7  27.0  28.9  31.7  28.3  27.4  27.3  28.9  30.5  27.9  24.0 
1969  22.0  25.3  30.9  31.6  32.6  31.2  29.0  27.3  27.9  29.8  29.3  25.2 
1970  22.7  25.2  27.3  31.9  31.7  32.0  28.0 -99.0 -99.0  29.1  26.9  22.5 
1971  22.9  24.5  28.9  30.1  31.8  30.8  27.8  25.7  26.9  28.3  27.2  21.9 
1972  23.3  23.9  27.9  31.6  32.3  30.0  27.9  27.3  27.8  30.2  26.2  23.1 
1973  23.1  27.1  28.2  33.2  32.1  31.8  29.5  27.2  27.5  29.9  25.7  24.9 
1974  22.1  25.3  27.6  32.5  32.3  30.0  26.9  27.3  27.5  30.3  27.9  22.7 
1975  22.5  26.8  28.8  31.5  33.2  30.1  27.3  25.9  26.7  29.1  28.3  23.7 
1976 -99.0 -99.0 -99.0 -99.0 -99.0 -99.0 -99.0 -99.0 -99.0 -99.0 -99.0 -99.0 
1977 -99.0 -99.0 -99.0 -99.0 -99.0 -99.0 -99.0 -99.0 -99.0 -99.0 -99.0 -99.0 
1978 -99.0 -99.0 -99.0 -99.0 -99.0 -99.0 -99.0 -99.0 -99.0 -99.0 -99.0 -99.0 
1979 -99.0 -99.0 -99.0 -99.0 -99.0 -99.0 -99.0 -99.0 -99.0 -99.0 -99.0 -99.0 
1980 -99.0 -99.0 -99.0 -99.0 -99.0 -99.0 -99.0 -99.0 -99.0 -99.0 -99.0 -99.0 
1981  23.9  25.4  29.5  31.4  33.9  32.8  29.1  30.0  28.0  31.2  27.7  27.1 
1982  25.9  24.2  29.1  31.7  32.7  33.1  31.1  28.8  30.2  30.5  26.6  24.2 
1983  20.5  25.4  27.2  31.5  34.5  32.3  30.4  29.0  30.5  31.5  29.2  26.2 
1984  23.4  27.8  31.0  33.0  33.5  33.0  30.4  31.7  31.4  33.1  28.0  25.6 
1985  27.2  24.2  31.1  32.2  33.4  32.1  28.8  29.3  29.0  31.3  28.5  25.6 
1986  24.8  27.5  31.0  31.5  33.2  32.1  28.6  29.1  29.6  31.7  28.8  23.3 
1987  24.3  27.9  29.6  31.8  33.1  31.5  30.8  29.1  30.1  31.3  29.2  24.8 
1988  24.4  25.7  30.2  32.7  34.1  32.1  27.8  27.8  28.4  30.4  28.4  26.8 
1989  20.9  22.6  27.9  31.8  32.5  31.7  29.0  28.0  28.8  30.5  29.1  24.2 
1990  24.7  23.9  26.5  32.7  34.8  34.0  30.0  31.2  31.2  32.8  31.0  28.8 
1991 -99.0  24.0  26.9  31.7 -99.0  31.7  28.9  27.1  29.8  29.8 -99.0  21.3 
1992  20.4  20.2  26.7  30.6  31.9  30.9  27.9  26.8  28.4  29.4  26.3  21.9 
1993  21.3  22.0  27.5  31.8  30.8  29.5  27.7  26.7 -99.0  29.4  28.3 -99.0 
1994  23.9  22.8  25.2  30.9  32.1  25.8  27.8  26.6 -99.0  29.3  26.7 -99.0 
1995  23.2  23.0  26.0  29.7  32.6  30.0  28.0  27.7  26.9  30.1  26.4  23.1 
1996  21.4  26.7  28.3 -99.0  32.1  30.5  28.8  26.9  28.7  30.1  25.1  25.6 
1997 -99.0  23.1  29.7 -99.0  32.4  31.7  28.1  27.8  29.9  30.9  28.3  25.4 
1998  23.2 -99.0  28.3  32.8  33.9  32.0  28.2  26.6  28.4  30.4  30.1  26.8 
1999  25.8  30.1  29.0  34.4  33.1  32.5  28.6  27.6  28.4  28.6  27.1  26.4 
2000  23.2  26.2  28.2  32.9  33.4  33.5  29.6  28.0  29.1 -99.0  28.3  24.7 
2001  23.7  25.7  29.9  33.2  31.2  31.8  28.6  27.7  29.1  31.2  29.5  26.5 
2002  22.7  27.1  29.8  33.5  31.4  33.0  35.4  28.4  29.2  31.2  29.9  24.5 
2003  25.3  26.7  28.8  33.0  33.9  31.7  27.4  27.9  28.7  31.3  29.4  25.5 
2004  24.4  24.8  29.3  32.8  33.9  31.0  29.3  28.4  29.8  31.3  29.4  24.9 
2005  22.9  29.1  29.8  33.3  33.1  31.5  29.1  28.7  29.0  30.5  28.3  27.5 
2006  27.5  27.5  30.0  31.5  32.6  32.1  29.6  26.9  28.0  29.9  27.8  23.5 
2007  22.3  25.8  29.6  33.0  34.6  31.1  27.1  26.8  27.7  30.1  29.6  26.6 
2008  24.5  25.1  30.7  32.5  32.7  30.9  28.7  27.7  28.3  29.9  28.9  26.7 
2009  25.8  28.2  27.6  33.9  32.3  33.2  29.1  28.2  30.1  31.1  28.3  25.2 
2010  26.7  27.7  29.7  33.3  34.6  31.8  29.0  27.4  28.7  30.4  31.1  25.3 
